000000-000009 VersionBlock 86
000010-000013 RootIDBlock 203107056
000014-000019 StringBlock "root"
000020-000021 StringBlock ""
000022-000025 XOffsetBlock 0
000026-000029 YOffsetBlock 0
000030-000094 DataBlock
  ................ 00 01 01 00 00 00 00 01 00 00 00 00 01 00 00 00
  ................ 00 00 00 00 00 00 00 00 00 00 00 00 00 00 00 00
  .......6y....... 00 00 01 00 00 00 a0 36 79 19 00 00 00 05 00 00
  ................ c0 03 00 00 00 00 00 00 00 00 00 00 00 01 00 00
  .                00
000095-000098 StateIDBlock 203107920
000099-000108 NewStateBlock "NewState"
000109-000112 XSizeBlock 1280
000113-000116 YSizeBlock 1024
000117-000145 DataBlock
  ................ 00 00 00 00 02 00 00 00 00 00 00 00 00 00 00 00
  .............    01 00 00 00 01 00 00 00 00 00 00 00 00
000146-000158 FontNameBlock "la_gioconda"
000159-000174 DataBlock
  ................ 0c 00 00 00 07 00 00 00 00 00 00 00 00 00 00 ff
000175-000193 StringBlock "ingame_text_small"
000194-000217 DataBlock
  ................ 00 00 00 00 00 00 00 00 00 00 00 00 00 00 00 00
  ........         00 00 00 00 01 00 00 00
000218-000228 T0Block "normal_t0"
000229-000244 DataBlock
  ................ 00 00 00 00 00 00 00 00 00 00 00 00 00 00 00 00
000245-000255 T0Block "normal_t0"
000256-000386 DataBlock
  ................ 00 00 00 00 00 00 00 00 00 00 00 00 00 00 00 00
  .....6y......... 01 00 00 00 a0 36 79 19 00 00 00 00 00 00 00 00
  ................ 00 05 00 00 c0 03 00 00 7f 7f 7f ff 00 00 00 00
  ................ 00 00 00 00 00 00 00 00 00 00 00 01 01 00 00 00
  ................ 00 00 00 00 00 00 00 00 00 00 00 00 00 00 00 00
  ................ 00 00 00 00 00 00 00 00 00 00 00 00 00 00 00 00
  ................ 00 00 00 00 00 00 00 00 00 00 00 00 00 00 00 00
  ...............` 00 00 00 00 00 00 00 00 00 00 00 01 00 00 00 60
  0..              30 1b 0c
000387-000407 StringBlock "settlement_captured"
000408-000432 StringBlock "SettlementCapturedPanel"
000433-000478 DataBlock
  ................ d8 01 00 00 81 03 00 00 00 00 00 00 00 00 00 01
  ................ 00 00 00 00 01 00 00 00 00 08 00 00 00 00 00 00
  ..............   00 00 00 00 00 00 00 00 00 00 03 00 00 00
000479-000582 ImageBlock id=427374656 xsize=64 ysize=64 path="t:/branches/rome2/crisis/rome2/working_data_rome2/ui/skins/3c/component_background.png" unknown=1101832192
000583-000583 DataBlock
  .                1b
000584-000670 ImagePathBlock "t:/branches/rome2/crisis/rome2/working_data_rome2/ui/skins/3c/background_gradient.png"
000671-000675 DataBlock
  r...W            72 00 00 00 57
000676-000789 ImageListBlock 1 elements:
  000680-000789 ImageBlock id=458326592 xsize=139 ysize=84 path="t:/branches/rome2/crisis/rome2/working_data_rome2/ui/skins/3c/background_gradient_bottom.png" unknown=0
000790-000798 DataBlock
  .........        00 00 00 00 00 01 00 00 00
000799-000802 StateIDBlock 203109312
000803-000812 NewStateBlock "NewState"
000813-000816 XSizeBlock 337
000817-000820 YSizeBlock 125
000821-000849 DataBlock
  ................ 00 00 00 00 02 00 00 00 00 00 00 00 00 00 00 00
  .............    01 00 00 00 01 00 00 00 00 00 00 00 00
000850-000865 FontNameBlock "georgia_italic"
000866-000881 DataBlock
  ................ 0a 00 00 00 02 00 00 00 01 00 00 00 dd da fa ff
000882-000904 StringBlock "Default Font Category"
000905-000928 DataBlock
  ................ 00 00 00 00 00 00 00 00 00 00 00 00 00 00 00 00
  ........         00 00 00 00 01 00 00 00
000929-000939 T0Block "normal_t0"
000940-000955 DataBlock
  ................ 00 00 00 00 00 00 00 00 00 00 00 00 00 00 00 00
000956-000966 T0Block "normal_t0"
000967-000986 DataBlock
  ................ 00 00 00 00 00 00 00 00 00 00 00 00 00 00 00 00
  ....             03 00 00 00
000987-001010 ImageUseBlock id=427374656 xofs=0 yofs=4294967286 xsize=337 ysize=135 brga=4294967295
001011-001144 DataBlock
  ................ 01 00 00 00 00 00 00 00 00 00 00 00 00 00 00 01
  ................ 01 00 00 00 00 00 00 00 00 00 00 00 00 00 00 00
  ................ 00 00 00 00 00 00 00 00 00 00 00 00 00 00 00 00
  ..A...A..A...... 00 d8 41 00 00 88 41 a0 ac 41 1b 08 00 00 00 fb
  ...@...{........ ff ff ff 40 01 00 00 7b 00 00 00 ff ff ff c8 00
  ................ 00 00 00 00 00 00 00 00 00 00 00 00 00 00 01 01
  ................ 00 00 00 00 00 00 00 00 00 00 00 00 00 00 00 00
  ................ 00 00 00 00 00 00 00 00 00 00 00 00 00 00 00 00
  ......           00 00 00 00 00 00
001145-001168 ImageUseBlock id=458326592 xofs=9 yofs=33 xsize=319 ysize=84 brga=3372220415
001169-001247 DataBlock
  ................ 00 00 00 00 00 00 00 00 00 00 00 00 00 00 00 01
  ................ 01 00 00 00 00 00 00 00 00 00 00 00 00 00 00 00
  ................ 00 00 00 00 00 00 00 00 00 00 00 00 00 00 00 00
  ................ 00 00 00 00 00 00 00 00 00 00 00 00 00 00 00 00
  ...............  00 00 00 00 00 00 00 0a 00 00 00 02 00 00 00
001248-001253 StringBlock "hide"
001254-001319 DataBlock
  .............B.. 00 00 02 00 00 00 00 00 00 00 00 00 fa 42 00 05
  ................ 00 00 00 04 00 00 ff ff ff ff 00 00 00 00 00 00
  ................ 00 00 00 00 00 00 00 00 00 00 00 00 00 00 ff ff
  ................ ff ff ff ff ff ff f4 01 00 00 02 00 00 00 00 00
  .?               80 3f
001320-001329 StringBlock "Cubic In"
001330-001341 DataBlock
  ....`0......     01 00 00 00 60 30 1b 0c 00 00 00 00
001342-001359 StringBlock "Visibility false"
001360-001419 DataBlock
  ................ 00 00 00 00 00 00 fa c2 00 05 00 00 00 04 00 00
  ................ ff ff ff ff 00 00 00 00 00 00 00 00 00 00 00 00
  ................ 00 00 00 00 00 00 00 00 ff ff ff ff ff ff ff ff
  ...........?     00 00 00 00 02 00 00 00 00 00 80 3f
001420-001427 StringBlock "Linear"
001428-001431 DataBlock
  ....             00 00 00 00
001432-001437 StringBlock "show"
001438-001503 DataBlock
  .............B.. 00 00 02 00 00 00 00 00 00 00 00 00 fa 42 00 05
  ................ 00 00 00 04 00 00 ff ff ff ff 00 00 00 00 00 00
  ................ 00 00 00 00 00 00 00 00 00 00 00 00 00 00 ff ff
  ................ ff ff ff ff ff ff 00 00 00 00 02 00 00 00 00 00
  .?               80 3f
001504-001511 StringBlock "Linear"
001512-001523 DataBlock
  ....`0......     01 00 00 00 60 30 1b 0c 00 00 00 00
001524-001540 StringBlock "Visibility true"
001541-001600 DataBlock
  ............8... 00 00 00 00 00 00 fa c2 00 05 00 00 38 00 00 00
  ................ ff ff ff ff 00 00 00 00 00 00 00 00 00 00 00 00
  ................ 00 00 00 00 00 00 00 00 ff ff ff ff ff ff ff ff
  ...........?     f4 01 00 00 02 00 00 00 00 00 80 3f
001601-001611 StringBlock "Cubic Out"
001612-001623 DataBlock
  ........ =y.     00 00 00 00 02 00 00 00 20 3d 79 19
001624-001634 StringBlock "small_bar"
001635-001678 DataBlock
  ..&...a......... 00 00 26 00 00 00 61 00 00 00 00 00 00 00 00 00
  ................ 00 01 00 00 00 00 01 00 00 00 00 08 00 00 00 00
  .........5..     00 00 00 00 00 00 00 00 d0 35 1b 0c
001679-001738 ImageListBlock 1 elements:
  001683-001738 ImageBlock id=427376768 xsize=300 ysize=28 path="ui/skins/default/bar_small_central.png" unknown=0
001739-001747 DataBlock
  .........        00 00 00 00 00 01 00 00 00
001748-001751 StateIDBlock 203109840
001752-001761 NewStateBlock "NewState"
001762-001765 XSizeBlock 260
001766-001769 YSizeBlock 28
001770-001798 DataBlock
  ................ 00 00 00 00 02 00 00 00 00 00 00 00 00 00 00 00
  .............    01 00 00 00 01 00 00 00 00 00 00 00 00
001799-001814 FontNameBlock "georgia_italic"
001815-001830 DataBlock
  ................ 0a 00 00 00 02 00 00 00 01 00 00 00 dd da fa ff
001831-001853 StringBlock "Default Font Category"
001854-001877 DataBlock
  ................ 00 00 00 00 00 00 00 00 00 00 00 00 00 00 00 00
  ........         00 00 00 00 01 00 00 00
001878-001888 T0Block "normal_t0"
001889-001904 DataBlock
  ................ 00 00 00 00 00 00 00 00 00 00 00 00 00 00 00 00
001905-001915 T0Block "normal_t0"
001916-001935 DataBlock
  ................ 00 00 00 00 00 00 00 00 00 00 00 00 00 00 00 00
  ....             01 00 00 00
001936-001959 ImageUseBlock id=427376768 xofs=0 yofs=0 xsize=260 ysize=28 brga=4294967295
001960-002046 DataBlock
  ................ 01 00 00 08 00 00 00 00 00 00 00 00 00 00 00 01
  ................ 00 00 00 00 00 00 00 00 00 00 00 00 00 00 00 00
  ................ 00 00 00 00 00 00 00 00 00 00 00 00 00 00 00 00
  ..A............. 00 f0 41 00 00 00 00 00 00 00 00 00 00 00 00 00
  ................ 00 00 00 00 00 00 00 0a 00 00 00 00 00 00 00 01
  ... By.          00 00 00 20 42 79 19
002047-002064 StringBlock "button_set_siege"
002065-002124 DataBlock
  ................ 00 00 00 00 00 00 e0 ff ff ff 00 00 00 00 00 00
  ................ 00 01 00 00 00 00 01 00 00 00 00 00 00 00 00 00
  ................ 00 00 00 00 00 00 00 00 00 00 00 00 00 00 00 00
  ............     00 00 00 00 00 00 00 00 01 00 00 00
002125-002128 StateIDBlock 427378048
002129-002138 NewStateBlock "NewState"
002139-002142 XSizeBlock 260
002143-002146 YSizeBlock 50
002147-002175 DataBlock
  ................ 00 00 00 00 02 00 00 00 00 00 00 00 00 00 00 00
  .............    01 00 00 00 01 00 00 00 00 00 00 00 00
002176-002188 FontNameBlock "la_gioconda"
002189-002204 DataBlock
  ................ 0c 00 00 00 07 00 00 00 00 00 00 00 00 00 00 ff
002205-002223 StringBlock "ingame_text_small"
002224-002247 DataBlock
  ................ 00 00 00 00 00 00 00 00 00 00 00 00 00 00 00 00
  ........         00 00 00 00 00 00 00 00
002248-002258 T0Block "normal_t0"
002259-002274 DataBlock
  ................ 00 00 00 00 00 00 00 00 00 00 00 00 00 00 00 00
002275-002285 T0Block "normal_t0"
002286-002337 DataBlock
  ................ 00 00 00 00 00 00 00 00 00 00 00 00 00 00 00 00
  ................ 00 00 00 00 00 00 00 00 00 00 00 00 00 00 00 00
  ....-........... 00 00 00 00 2d 00 00 00 00 00 00 00 06 00 00 00
  .Gy.             80 47 79 19
002338-002352 StringBlock "button_occupy"
002353-002360 StringBlock "Button"
002361-002406 DataBlock
  S............... 53 00 00 00 09 00 00 00 00 00 00 00 00 00 00 01
  ................ 00 00 00 00 01 00 00 00 00 00 00 00 00 00 00 00
  .......+X.....   00 00 00 00 00 00 f0 2b 58 0c 05 00 00 00
002407-002464 ImageBlock id=427379424 xsize=206 ysize=207 path="ui/skins/default/button_basic_active.png" unknown=2034999296
002465-002465 DataBlock
  .                19
002466-002507 ImagePathBlock "ui/skins/default/icon_stance_default.png"
002508-002516 DataBlock
  g...h....        67 00 00 00 68 00 00 00 00
002517-002566 ImageBlock id=427379808 xsize=206 ysize=206 path="ui/skins/default/button_glow.png" unknown=2035097600
002567-002567 DataBlock
  .                19
002568-002611 ImagePathBlock "ui/skins/default/button_basic_inactive.png"
002612-002620 DataBlock
  .........        ce 00 00 00 cf 00 00 00 00
002621-002675 ImageBlock id=207102464 xsize=50 ysize=50 path="ui/skins/default/button_edge_glow.png" unknown=0
002676-002688 DataBlock
  .........."X.    00 00 00 00 00 05 00 00 00 c0 22 58 0c
002689-002695 StringBlock "hover"
002696-002732 DataBlock
  2...2........... 32 00 00 00 32 00 00 00 00 00 00 00 02 00 00 00
  ................ 00 00 00 00 00 00 00 00 01 00 00 00 01 00 00 00
  .....            00 00 00 00 00
002733-002748 FontNameBlock "georgia_italic"
002749-002764 DataBlock
  ................ 0a 00 00 00 02 00 00 00 01 00 00 00 dd da fa ff
002765-002787 StringBlock "Default Font Category"
002788-002811 DataBlock
  ................ 00 00 00 00 00 00 00 00 00 00 00 00 00 00 00 00
  ........         00 00 00 00 01 00 00 00
002812-002826 T0Block "glow_pulse_t0"
002827-002842 DataBlock
  ff.?...?...?.... 66 66 a6 3f 00 00 80 3f 00 00 80 3f 00 00 00 00
002843-002853 T0Block "normal_t0"
002854-002873 DataBlock
  ................ 00 00 00 00 00 00 00 00 00 00 00 00 00 00 00 00
  ....             04 00 00 00
002874-002897 ImageUseBlock id=427379424 xofs=0 yofs=0 xsize=50 ysize=50 brga=4294967295
002898-003031 DataBlock
  ................ 00 00 00 00 00 00 00 00 00 00 00 00 00 00 00 01
  ................ 01 00 00 00 00 00 00 00 00 00 00 00 00 00 00 00
  ................ 00 00 00 00 00 00 00 00 00 00 00 00 00 00 00 00
  ........Ky...... 00 00 00 00 00 00 00 a0 4b 79 19 00 00 00 00 00
  ...2...2........ 00 00 00 32 00 00 00 32 00 00 00 ff ff ff ff 00
  ................ 00 00 00 00 00 00 00 00 00 00 00 00 00 00 01 01
  ................ 00 00 00 00 00 00 00 00 00 00 00 00 00 00 00 00
  ................ 00 00 00 00 00 00 00 00 00 00 00 00 00 00 00 00
  ......           00 00 00 00 00 00
003032-003055 ImageUseBlock id=427379808 xofs=0 yofs=0 xsize=50 ysize=50 brga=855638015
003056-003110 DataBlock
  ................ 00 00 00 00 00 00 00 00 00 00 00 00 00 00 00 01
  ................ 01 00 00 00 00 00 00 00 00 00 00 00 00 00 00 00
  ................ 00 00 00 00 00 00 00 00 00 00 00 00 00 00 00 00
  .......          00 00 00 00 00 00 00
003111-003134 ImageUseBlock id=207102464 xofs=0 yofs=0 xsize=50 ysize=50 brga=2533359615
003135-003255 DataBlock
  ................ 00 00 00 00 00 00 00 00 00 00 00 00 00 00 00 01
  ................ 01 00 00 00 00 00 00 00 00 00 00 80 bf 00 00 00
  ................ 00 00 00 00 00 00 00 00 00 00 00 00 00 00 00 00
  ................ 00 00 00 00 00 00 00 d5 00 00 00 11 00 00 00 02
  ........+X....._ 00 00 00 01 00 00 00 f0 2b 58 0c 96 00 00 00 5f
  ................ 00 00 00 01 00 00 00 00 00 00 00 00 00 00 00 00
  .....`1X.....].. 00 02 00 00 00 60 31 58 0c c8 00 00 00 5d 00 00
  .....0(X.        00 00 00 00 00 30 28 58 0c
003256-003265 StringBlock "inactive"
003266-003302 DataBlock
  2...2........... 32 00 00 00 32 00 00 00 00 00 00 00 02 00 00 00
  ................ 00 00 00 00 00 00 00 00 01 00 00 00 01 00 00 00
  .....            00 00 00 00 00
003303-003318 FontNameBlock "georgia_italic"
003319-003334 DataBlock
  ................ 0a 00 00 00 02 00 00 00 01 00 00 00 dd da fa ff
003335-003357 StringBlock "Default Font Category"
003358-003381 DataBlock
  ................ 00 00 00 00 00 00 00 00 00 00 00 00 00 00 00 00
  ........         00 00 00 00 01 01 00 00
003382-003392 T0Block "normal_t0"
003393-003408 DataBlock
  ................ 00 00 00 00 00 00 00 00 00 00 00 00 00 00 00 00
003409-003419 T0Block "normal_t0"
003420-003571 DataBlock
  ................ 00 00 00 00 00 00 00 00 00 00 00 00 00 00 00 00
  .... My......... 02 00 00 00 20 4d 79 19 00 00 00 00 00 00 00 00
  2...2........... 32 00 00 00 32 00 00 00 ff ff ff ff 00 00 00 00
  ................ 00 00 00 00 00 00 00 00 00 00 00 01 01 00 00 00
  ................ 00 00 00 00 00 00 00 00 00 00 00 00 00 00 00 00
  ................ 00 00 00 00 00 00 00 00 00 00 00 00 00 00 00 00
  ....Ky.........2 00 00 00 a0 4b 79 19 00 00 00 00 00 00 00 00 32
  ...2............ 00 00 00 32 00 00 00 c0 c0 c0 96 00 00 00 00 00
  ................ 00 00 00 00 00 00 00 00 00 00 01 01 00 00 00 00
  ........         00 00 00 00 00 00 00 00
003572-003582 T0Block "normal_t0"
003583-003622 DataBlock
  ................ 00 00 00 00 00 00 00 00 00 00 00 00 00 00 00 00
  ................ 00 00 00 00 00 00 00 00 00 00 00 00 00 00 00 00
  .....+X.         00 00 00 00 f0 2b 58 0c
003623-003630 StringBlock "active"
003631-003667 DataBlock
  2...2........... 32 00 00 00 32 00 00 00 00 00 00 00 00 00 00 00
  ................ 02 00 00 00 00 00 00 00 01 00 00 00 01 00 00 00
  .....            00 00 00 00 00
003668-003683 FontNameBlock "georgia_italic"
003684-003699 DataBlock
  ................ 0a 00 00 00 02 00 00 00 01 00 00 00 dd da fa ff
003700-003722 StringBlock "Default Font Category"
003723-003746 DataBlock
  ................ 00 00 00 00 00 00 00 00 00 00 00 00 00 00 00 00
  ........         00 00 00 00 01 00 00 00
003747-003759 T0Block "brighten_t0"
003760-003775 DataBlock
  ................ 00 00 00 00 00 00 00 00 00 00 00 00 00 00 00 00
003776-003786 T0Block "normal_t0"
003787-003806 DataBlock
  ................ 00 00 00 00 00 00 00 00 00 00 00 00 00 00 00 00
  ....             04 00 00 00
003807-003830 ImageUseBlock id=427379424 xofs=0 yofs=0 xsize=50 ysize=50 brga=4294967295
003831-003964 DataBlock
  ................ 00 00 00 00 00 00 00 00 00 00 00 00 00 00 00 01
  ................ 01 00 00 00 00 00 00 00 00 00 00 00 00 00 00 00
  ................ 00 00 00 00 00 00 00 00 00 00 00 00 00 00 00 00
  ........Ky...... 00 00 00 00 00 00 00 a0 4b 79 19 00 00 00 00 00
  ...2...2........ 00 00 00 32 00 00 00 32 00 00 00 ff ff ff ff 00
  ................ 00 00 00 00 00 00 00 00 00 00 00 00 00 00 01 01
  ................ 00 00 00 00 00 00 00 00 00 00 00 00 00 00 00 00
  ................ 00 00 00 00 00 00 00 00 00 00 00 00 00 00 00 00
  ......           00 00 00 00 00 00
003965-003988 ImageUseBlock id=427379808 xofs=0 yofs=0 xsize=50 ysize=50 brga=16777215
003989-004043 DataBlock
  ................ 00 00 00 00 00 00 00 00 00 00 00 00 00 00 00 01
  ................ 01 00 00 00 00 00 00 00 00 00 00 00 00 00 00 00
  ................ 00 00 00 00 00 00 00 00 00 00 00 00 00 00 00 00
  .......          00 00 00 00 00 00 00
004044-004067 ImageUseBlock id=207102464 xofs=0 yofs=0 xsize=50 ysize=50 brga=16777215
004068-004188 DataBlock
  ................ 00 00 00 00 00 00 00 00 00 00 00 00 00 00 00 01
  ................ 01 00 00 00 00 00 00 00 00 00 00 80 bf 00 00 00
  ................ 00 00 00 00 00 00 00 00 00 00 00 00 00 00 00 00
  .......5........ 00 00 00 00 00 00 00 35 00 00 00 95 00 00 00 02
  ........"X.d...] 00 00 00 00 00 00 00 c0 22 58 0c 64 00 00 00 5d
  ................ 00 00 00 01 00 00 00 00 00 00 00 00 00 00 00 00
  .....`1X........ 00 02 00 00 00 60 31 58 0c 00 00 00 00 00 00 00
  .....`1X.        00 00 00 00 00 60 31 58 0c
004189-004194 StringBlock "down"
004195-004231 DataBlock
  2...2........... 32 00 00 00 32 00 00 00 00 00 00 00 00 00 00 00
  ................ 02 00 00 00 00 00 00 00 01 00 00 00 01 00 00 00
  .....            00 00 00 00 00
004232-004247 FontNameBlock "georgia_italic"
004248-004263 DataBlock
  ................ 0a 00 00 00 02 00 00 00 01 00 00 00 dd da fa ff
004264-004286 StringBlock "Default Font Category"
004287-004310 DataBlock
  ................ 00 00 00 00 00 00 00 00 00 00 00 00 00 00 00 00
  ........         00 00 00 00 01 00 00 00
004311-004325 T0Block "glow_pulse_t0"
004326-004341 DataBlock
  ...=............ cd cc cc 3d 00 00 00 00 00 00 00 00 00 00 00 00
004342-004352 T0Block "normal_t0"
004353-004372 DataBlock
  ................ 00 00 00 00 00 00 00 00 00 00 00 00 00 00 00 00
  ....             04 00 00 00
004373-004396 ImageUseBlock id=427379424 xofs=0 yofs=1 xsize=50 ysize=50 brga=4294967295
004397-004451 DataBlock
  ................ 00 00 00 00 00 00 00 00 00 00 00 00 00 00 00 01
  ................ 01 00 00 00 00 00 00 00 00 00 00 00 00 00 00 00
  ................ 00 00 00 00 00 00 00 00 00 00 00 00 00 00 00 00
  .......          00 00 00 00 00 00 00
004452-004475 ImageUseBlock id=427379808 xofs=0 yofs=1 xsize=50 ysize=50 brga=1694498815
004476-004609 DataBlock
  ................ 00 00 00 00 00 00 00 00 00 00 00 00 00 00 00 01
  ................ 01 00 00 00 00 00 00 00 00 00 00 00 00 00 00 00
  ................ 00 00 00 00 00 00 00 00 00 00 00 00 00 00 00 00
  ........Ky...... 00 00 00 00 00 00 00 a0 4b 79 19 00 00 00 00 01
  ...2...2........ 00 00 00 32 00 00 00 32 00 00 00 ff ff ff ff 00
  ................ 00 00 00 00 00 00 00 00 00 00 00 00 00 00 01 01
  ................ 00 00 00 00 00 00 00 00 00 00 00 00 00 00 00 00
  ................ 00 00 00 00 00 00 00 00 00 00 00 00 00 00 00 00
  ......           00 00 00 00 00 00
004610-004633 ImageUseBlock id=207102464 xofs=0 yofs=1 xsize=50 ysize=50 brga=16777215
004634-004744 DataBlock
  ................ 00 00 00 00 00 00 00 00 00 00 00 00 00 00 00 01
  ................ 01 00 00 00 00 00 00 00 00 00 00 00 00 00 00 00
  ................ 00 00 00 00 00 00 00 00 00 00 00 00 00 00 00 00
  .......h........ 00 00 00 00 00 00 00 68 01 00 00 93 00 00 00 02
  ........6X....._ 00 00 00 01 00 00 00 d0 36 58 0c c8 00 00 00 5f
  ............"X.. 00 00 00 00 00 00 00 03 00 00 00 c0 22 58 0c 00
  ............6X.  00 00 00 00 00 00 00 00 00 00 00 d0 36 58 0c
004745-004754 StringBlock "down_off"
004755-004791 DataBlock
  2...2........... 32 00 00 00 32 00 00 00 00 00 00 00 02 00 00 00
  ................ 00 00 00 00 00 00 00 00 01 00 00 00 01 00 00 00
  .....            00 00 00 00 00
004792-004807 FontNameBlock "georgia_italic"
004808-004823 DataBlock
  ................ 0a 00 00 00 02 00 00 00 01 00 00 00 dd da fa ff
004824-004846 StringBlock "Default Font Category"
004847-004870 DataBlock
  ................ 00 00 00 00 00 00 00 00 00 00 00 00 00 00 00 00
  ........         00 00 00 00 01 00 00 00
004871-004881 T0Block "normal_t0"
004882-004897 DataBlock
  ................ 00 00 00 00 00 00 00 00 00 00 00 00 00 00 00 00
004898-004908 T0Block "normal_t0"
004909-004928 DataBlock
  ................ 00 00 00 00 00 00 00 00 00 00 00 00 00 00 00 00
  ....             03 00 00 00
004929-004952 ImageUseBlock id=427379424 xofs=0 yofs=1 xsize=50 ysize=50 brga=4294967295
004953-005086 DataBlock
  ................ 00 00 00 00 00 00 00 00 00 00 00 00 00 00 00 01
  ................ 01 00 00 00 00 00 00 00 00 00 00 00 00 00 00 00
  ................ 00 00 00 00 00 00 00 00 00 00 00 00 00 00 00 00
  ........Ky...... 00 00 00 00 00 00 00 a0 4b 79 19 00 00 00 00 01
  ...2...2........ 00 00 00 32 00 00 00 32 00 00 00 ff ff ff ff 00
  ................ 00 00 00 00 00 00 00 00 00 00 00 00 00 00 01 01
  ................ 00 00 00 00 00 00 00 00 00 00 00 00 00 00 00 00
  ................ 00 00 00 00 00 00 00 00 00 00 00 00 00 00 00 00
  ......           00 00 00 00 00 00
005087-005110 ImageUseBlock id=427379808 xofs=0 yofs=0 xsize=50 ysize=50 brga=16777215
005111-005237 DataBlock
  ................ 00 00 00 00 00 00 00 00 00 00 00 00 00 00 00 01
  ................ 01 00 00 00 00 00 00 00 00 00 00 00 00 00 00 00
  ................ 00 00 00 00 00 00 00 00 00 00 00 00 00 00 00 00
  ................ 00 00 00 00 00 00 00 de 00 00 00 0b 01 00 00 02
  .......`1X.d..._ 00 00 00 00 00 00 00 60 31 58 0c 64 00 00 00 5f
  ............+X.. 00 00 00 00 00 00 00 08 00 00 00 f0 2b 58 0c 96
  ..._...........- 00 00 00 5f 00 00 00 00 00 00 00 00 00 00 00 2d
  ...........`;X.  00 00 00 00 00 00 00 01 00 00 00 60 3b 58 0c
005238-005246 StringBlock "tooltip"
005247-005269 DataBlock
  ................ 00 00 00 00 00 00 00 00 00 00 00 01 01 00 00 00
  .......          00 00 00 00 00 00 01
005270-005421 UnicodeBlock "Occupy||You peacefully occupy the settlement and all captives are released."
005422-005467 UnicodeBlock "tooltip_Tooltip_6f005c"
005468-005500 DataBlock
  ................ 00 00 00 00 00 00 00 00 00 00 00 00 00 80 f4 85
  ................ 16 00 00 00 00 00 00 00 00 00 00 00 00 01 00 00
  .                00
005501-005504 StateIDBlock 377877632
005505-005514 NewStateBlock "NewState"
005515-005518 XSizeBlock 1
005519-005522 YSizeBlock 1
005523-005551 DataBlock
  ................ 00 00 00 00 02 00 00 00 00 00 00 00 00 00 00 00
  .............    01 00 00 00 01 00 00 00 00 00 00 00 00
005552-005567 FontNameBlock "georgia_italic"
005568-005583 DataBlock
  ................ 0a 00 00 00 02 00 00 00 01 00 00 00 dd da fa ff
005584-005606 StringBlock "Default Font Category"
005607-005630 DataBlock
  ................ 00 00 00 00 00 00 00 00 00 00 00 00 00 00 00 00
  ........         00 00 00 00 00 00 00 00
005631-005641 T0Block "normal_t0"
005642-005657 DataBlock
  ................ 00 00 00 00 00 00 00 00 00 00 00 00 00 00 00 00
005658-005668 T0Block "normal_t0"
005669-005726 DataBlock
  ................ 00 00 00 00 00 00 00 00 00 00 00 00 00 00 00 00
  ................ 00 00 00 00 00 00 00 00 00 00 00 00 00 00 00 00
  ....-........... 00 00 00 00 2d 00 00 00 00 00 00 00 00 00 00 00
  ..........       00 00 00 00 00 00 00 01 00 00
005727-005755 StringBlock "grp_gw_generic_button_small"
005756-005765 DataBlock
  ..........       00 00 00 00 00 00 80 f6 85 16
005766-005778 StringBlock "button_loot"
005779-005786 StringBlock "Button"
005787-005832 DataBlock
   ............... 20 00 00 00 09 00 00 00 00 00 00 00 00 00 00 01
  ................ 00 00 00 00 01 00 00 00 00 00 00 00 00 00 00 00
  ...... .......   00 00 00 00 00 00 20 08 86 16 05 00 00 00
005833-005890 ImageBlock id=377879008 xsize=206 ysize=207 path="ui/skins/default/button_basic_active.png" unknown=2247794688
005891-005891 DataBlock
  .                16
005892-005934 ImagePathBlock "ui/skins/default/icon_settlement_loot.png"
005935-005943 DataBlock
  2...2....        32 00 00 00 32 00 00 00 00
005944-005993 ImageBlock id=377879744 xsize=206 ysize=206 path="ui/skins/default/button_glow.png" unknown=2247983104
005994-005994 DataBlock
  .                16
005995-006038 ImagePathBlock "ui/skins/default/button_basic_inactive.png"
006039-006047 DataBlock
  .........        ce 00 00 00 cf 00 00 00 00
006048-006102 ImageBlock id=377880128 xsize=50 ysize=50 path="ui/skins/default/button_edge_glow.png" unknown=0
006103-006115 DataBlock
  .............    00 00 00 00 00 05 00 00 00 00 ff 85 16
006116-006122 StringBlock "hover"
006123-006159 DataBlock
  2...2........... 32 00 00 00 32 00 00 00 00 00 00 00 02 00 00 00
  ................ 00 00 00 00 00 00 00 00 01 00 00 00 01 00 00 00
  .....            00 00 00 00 00
006160-006175 FontNameBlock "georgia_italic"
006176-006191 DataBlock
  ................ 0a 00 00 00 02 00 00 00 01 00 00 00 dd da fa ff
006192-006214 StringBlock "Default Font Category"
006215-006238 DataBlock
  ................ 00 00 00 00 00 00 00 00 00 00 00 00 00 00 00 00
  ........         00 00 00 00 01 00 00 00
006239-006253 T0Block "glow_pulse_t0"
006254-006269 DataBlock
  ff.?...?...?.... 66 66 a6 3f 00 00 80 3f 00 00 80 3f 00 00 00 00
006270-006280 T0Block "normal_t0"
006281-006300 DataBlock
  ................ 00 00 00 00 00 00 00 00 00 00 00 00 00 00 00 00
  ....             04 00 00 00
006301-006324 ImageUseBlock id=377879008 xofs=0 yofs=0 xsize=50 ysize=50 brga=4294967295
006325-006458 DataBlock
  ................ 00 00 00 00 00 00 00 00 00 00 00 00 00 00 00 01
  ................ 01 00 00 00 00 00 00 00 00 00 00 00 00 00 00 00
  ................ 00 00 00 00 00 00 00 00 00 00 00 00 00 00 00 00
  ................ 00 00 00 00 00 00 00 a0 fa 85 16 00 00 00 00 00
  ...2...2........ 00 00 00 32 00 00 00 32 00 00 00 ff ff ff ff 00
  ................ 00 00 00 00 00 00 00 00 00 00 00 00 00 00 01 01
  ................ 00 00 00 00 00 00 00 00 00 00 00 00 00 00 00 00
  ................ 00 00 00 00 00 00 00 00 00 00 00 00 00 00 00 00
  ......           00 00 00 00 00 00
006459-006482 ImageUseBlock id=377879744 xofs=0 yofs=0 xsize=50 ysize=50 brga=855638015
006483-006537 DataBlock
  ................ 00 00 00 00 00 00 00 00 00 00 00 00 00 00 00 01
  ................ 01 00 00 00 00 00 00 00 00 00 00 00 00 00 00 00
  ................ 00 00 00 00 00 00 00 00 00 00 00 00 00 00 00 00
  .......          00 00 00 00 00 00 00
006538-006561 ImageUseBlock id=377880128 xofs=0 yofs=0 xsize=50 ysize=50 brga=2533359615
006562-006682 DataBlock
  ................ 00 00 00 00 00 00 00 00 00 00 00 00 00 00 00 01
  ................ 01 00 00 00 00 00 00 00 00 00 00 80 bf 00 00 00
  ................ 00 00 00 00 00 00 00 00 00 00 00 00 00 00 00 00
  ................ 00 00 00 00 00 00 00 d5 00 00 00 11 00 00 00 02
  ....... ......._ 00 00 00 01 00 00 00 20 08 86 16 96 00 00 00 5f
  ................ 00 00 00 01 00 00 00 00 00 00 00 00 00 00 00 00
  .............].. 00 02 00 00 00 a0 0d 86 16 c8 00 00 00 5d 00 00
  .....`...        00 00 00 00 00 60 04 86 16
006683-006692 StringBlock "inactive"
006693-006729 DataBlock
  2...2........... 32 00 00 00 32 00 00 00 00 00 00 00 02 00 00 00
  ................ 00 00 00 00 00 00 00 00 01 00 00 00 01 00 00 00
  .....            00 00 00 00 00
006730-006745 FontNameBlock "georgia_italic"
006746-006761 DataBlock
  ................ 0a 00 00 00 02 00 00 00 01 00 00 00 dd da fa ff
006762-006784 StringBlock "Default Font Category"
006785-006808 DataBlock
  ................ 00 00 00 00 00 00 00 00 00 00 00 00 00 00 00 00
  ........         00 00 00 00 01 01 00 00
006809-006819 T0Block "normal_t0"
006820-006835 DataBlock
  ................ 00 00 00 00 00 00 00 00 00 00 00 00 00 00 00 00
006836-006846 T0Block "normal_t0"
006847-006998 DataBlock
  ................ 00 00 00 00 00 00 00 00 00 00 00 00 00 00 00 00
  ................ 02 00 00 00 80 fd 85 16 00 00 00 00 00 00 00 00
  2...2........... 32 00 00 00 32 00 00 00 ff ff ff ff 00 00 00 00
  ................ 00 00 00 00 00 00 00 00 00 00 00 01 01 00 00 00
  ................ 00 00 00 00 00 00 00 00 00 00 00 00 00 00 00 00
  ................ 00 00 00 00 00 00 00 00 00 00 00 00 00 00 00 00
  ...............2 00 00 00 a0 fa 85 16 00 00 00 00 00 00 00 00 32
  ...2............ 00 00 00 32 00 00 00 c0 c0 c0 96 00 00 00 00 00
  ................ 00 00 00 00 00 00 00 00 00 00 01 01 00 00 00 00
  ........         00 00 00 00 00 00 00 00
006999-007009 T0Block "normal_t0"
007010-007049 DataBlock
  ................ 00 00 00 00 00 00 00 00 00 00 00 00 00 00 00 00
  ................ 00 00 00 00 00 00 00 00 00 00 00 00 00 00 00 00
  .... ...         00 00 00 00 20 08 86 16
007050-007057 StringBlock "active"
007058-007094 DataBlock
  2...2........... 32 00 00 00 32 00 00 00 00 00 00 00 00 00 00 00
  ................ 02 00 00 00 00 00 00 00 01 00 00 00 01 00 00 00
  .....            00 00 00 00 00
007095-007110 FontNameBlock "georgia_italic"
007111-007126 DataBlock
  ................ 0a 00 00 00 02 00 00 00 01 00 00 00 dd da fa ff
007127-007149 StringBlock "Default Font Category"
007150-007173 DataBlock
  ................ 00 00 00 00 00 00 00 00 00 00 00 00 00 00 00 00
  ........         00 00 00 00 01 00 00 00
007174-007186 T0Block "brighten_t0"
007187-007202 DataBlock
  ................ 00 00 00 00 00 00 00 00 00 00 00 00 00 00 00 00
007203-007213 T0Block "normal_t0"
007214-007233 DataBlock
  ................ 00 00 00 00 00 00 00 00 00 00 00 00 00 00 00 00
  ....             04 00 00 00
007234-007257 ImageUseBlock id=377879008 xofs=0 yofs=0 xsize=50 ysize=50 brga=4294967295
007258-007391 DataBlock
  ................ 00 00 00 00 00 00 00 00 00 00 00 00 00 00 00 01
  ................ 01 00 00 00 00 00 00 00 00 00 00 00 00 00 00 00
  ................ 00 00 00 00 00 00 00 00 00 00 00 00 00 00 00 00
  ................ 00 00 00 00 00 00 00 a0 fa 85 16 00 00 00 00 00
  ...2...2........ 00 00 00 32 00 00 00 32 00 00 00 ff ff ff ff 00
  ................ 00 00 00 00 00 00 00 00 00 00 00 00 00 00 01 01
  ................ 00 00 00 00 00 00 00 00 00 00 00 00 00 00 00 00
  ................ 00 00 00 00 00 00 00 00 00 00 00 00 00 00 00 00
  ......           00 00 00 00 00 00
007392-007415 ImageUseBlock id=377879744 xofs=0 yofs=0 xsize=50 ysize=50 brga=16777215
007416-007470 DataBlock
  ................ 00 00 00 00 00 00 00 00 00 00 00 00 00 00 00 01
  ................ 01 00 00 00 00 00 00 00 00 00 00 00 00 00 00 00
  ................ 00 00 00 00 00 00 00 00 00 00 00 00 00 00 00 00
  .......          00 00 00 00 00 00 00
007471-007494 ImageUseBlock id=377880128 xofs=0 yofs=0 xsize=50 ysize=50 brga=16777215
007495-007615 DataBlock
  ................ 00 00 00 00 00 00 00 00 00 00 00 00 00 00 00 01
  ................ 01 00 00 00 00 00 00 00 00 00 00 80 bf 00 00 00
  ................ 00 00 00 00 00 00 00 00 00 00 00 00 00 00 00 00
  .......5........ 00 00 00 00 00 00 00 35 00 00 00 95 00 00 00 02
  ...........d...] 00 00 00 00 00 00 00 00 ff 85 16 64 00 00 00 5d
  ................ 00 00 00 01 00 00 00 00 00 00 00 00 00 00 00 00
  ................ 00 02 00 00 00 a0 0d 86 16 00 00 00 00 00 00 00
  .........        00 00 00 00 00 a0 0d 86 16
007616-007621 StringBlock "down"
007622-007658 DataBlock
  2...2........... 32 00 00 00 32 00 00 00 00 00 00 00 00 00 00 00
  ................ 02 00 00 00 00 00 00 00 01 00 00 00 01 00 00 00
  .....            00 00 00 00 00
007659-007674 FontNameBlock "georgia_italic"
007675-007690 DataBlock
  ................ 0a 00 00 00 02 00 00 00 01 00 00 00 dd da fa ff
007691-007713 StringBlock "Default Font Category"
007714-007737 DataBlock
  ................ 00 00 00 00 00 00 00 00 00 00 00 00 00 00 00 00
  ........         00 00 00 00 01 00 00 00
007738-007752 T0Block "glow_pulse_t0"
007753-007768 DataBlock
  ...=............ cd cc cc 3d 00 00 00 00 00 00 00 00 00 00 00 00
007769-007779 T0Block "normal_t0"
007780-007799 DataBlock
  ................ 00 00 00 00 00 00 00 00 00 00 00 00 00 00 00 00
  ....             04 00 00 00
007800-007823 ImageUseBlock id=377879008 xofs=0 yofs=1 xsize=50 ysize=50 brga=4294967295
007824-007878 DataBlock
  ................ 00 00 00 00 00 00 00 00 00 00 00 00 00 00 00 01
  ................ 01 00 00 00 00 00 00 00 00 00 00 00 00 00 00 00
  ................ 00 00 00 00 00 00 00 00 00 00 00 00 00 00 00 00
  .......          00 00 00 00 00 00 00
007879-007902 ImageUseBlock id=377879744 xofs=0 yofs=1 xsize=50 ysize=50 brga=1694498815
007903-008036 DataBlock
  ................ 00 00 00 00 00 00 00 00 00 00 00 00 00 00 00 01
  ................ 01 00 00 00 00 00 00 00 00 00 00 00 00 00 00 00
  ................ 00 00 00 00 00 00 00 00 00 00 00 00 00 00 00 00
  ................ 00 00 00 00 00 00 00 a0 fa 85 16 00 00 00 00 01
  ...2...2........ 00 00 00 32 00 00 00 32 00 00 00 ff ff ff ff 00
  ................ 00 00 00 00 00 00 00 00 00 00 00 00 00 00 01 01
  ................ 00 00 00 00 00 00 00 00 00 00 00 00 00 00 00 00
  ................ 00 00 00 00 00 00 00 00 00 00 00 00 00 00 00 00
  ......           00 00 00 00 00 00
008037-008060 ImageUseBlock id=377880128 xofs=0 yofs=1 xsize=50 ysize=50 brga=16777215
008061-008171 DataBlock
  ................ 00 00 00 00 00 00 00 00 00 00 00 00 00 00 00 01
  ................ 01 00 00 00 00 00 00 00 00 00 00 00 00 00 00 00
  ................ 00 00 00 00 00 00 00 00 00 00 00 00 00 00 00 00
  .......h........ 00 00 00 00 00 00 00 68 01 00 00 93 00 00 00 02
  ..............._ 00 00 00 01 00 00 00 b0 b3 8c 09 c8 00 00 00 5f
  ................ 00 00 00 00 00 00 00 03 00 00 00 00 ff 85 16 00
  ...............  00 00 00 00 00 00 00 00 00 00 00 b0 b3 8c 09
008172-008181 StringBlock "down_off"
008182-008218 DataBlock
  2...2........... 32 00 00 00 32 00 00 00 00 00 00 00 02 00 00 00
  ................ 00 00 00 00 00 00 00 00 01 00 00 00 01 00 00 00
  .....            00 00 00 00 00
008219-008234 FontNameBlock "georgia_italic"
008235-008250 DataBlock
  ................ 0a 00 00 00 02 00 00 00 01 00 00 00 dd da fa ff
008251-008273 StringBlock "Default Font Category"
008274-008297 DataBlock
  ................ 00 00 00 00 00 00 00 00 00 00 00 00 00 00 00 00
  ........         00 00 00 00 01 00 00 00
008298-008308 T0Block "normal_t0"
008309-008324 DataBlock
  ................ 00 00 00 00 00 00 00 00 00 00 00 00 00 00 00 00
008325-008335 T0Block "normal_t0"
008336-008355 DataBlock
  ................ 00 00 00 00 00 00 00 00 00 00 00 00 00 00 00 00
  ....             03 00 00 00
008356-008379 ImageUseBlock id=377879008 xofs=0 yofs=1 xsize=50 ysize=50 brga=4294967295
008380-008513 DataBlock
  ................ 00 00 00 00 00 00 00 00 00 00 00 00 00 00 00 01
  ................ 01 00 00 00 00 00 00 00 00 00 00 00 00 00 00 00
  ................ 00 00 00 00 00 00 00 00 00 00 00 00 00 00 00 00
  ................ 00 00 00 00 00 00 00 a0 fa 85 16 00 00 00 00 01
  ...2...2........ 00 00 00 32 00 00 00 32 00 00 00 ff ff ff ff 00
  ................ 00 00 00 00 00 00 00 00 00 00 00 00 00 00 01 01
  ................ 00 00 00 00 00 00 00 00 00 00 00 00 00 00 00 00
  ................ 00 00 00 00 00 00 00 00 00 00 00 00 00 00 00 00
  ......           00 00 00 00 00 00
008514-008537 ImageUseBlock id=377879744 xofs=0 yofs=0 xsize=50 ysize=50 brga=16777215
008538-008664 DataBlock
  ................ 00 00 00 00 00 00 00 00 00 00 00 00 00 00 00 01
  ................ 01 00 00 00 00 00 00 00 00 00 00 00 00 00 00 00
  ................ 00 00 00 00 00 00 00 00 00 00 00 00 00 00 00 00
  ................ 00 00 00 00 00 00 00 de 00 00 00 0b 01 00 00 02
  ...........d..._ 00 00 00 00 00 00 00 a0 0d 86 16 64 00 00 00 5f
  ........... .... 00 00 00 00 00 00 00 08 00 00 00 20 08 86 16 96
  ..._...........- 00 00 00 5f 00 00 00 00 00 00 00 00 00 00 00 2d
  ...........@...  00 00 00 00 00 00 00 01 00 00 00 40 b8 8c 09
008665-008673 StringBlock "tooltip"
008674-008696 DataBlock
  ................ 00 00 0a 00 00 00 0a 00 00 00 00 01 01 00 00 00
  .......          00 00 00 00 00 00 01
008697-009136 UnicodeBlock "Loot||You gain money from looting, but buildings in the settlement will be damaged. All captives are enslaved.|| Public order is greatly reduced and your diplomatic relations with the previous owner suffer additionally."
009137-009182 UnicodeBlock "tooltip_Tooltip_67005f"
009183-009215 DataBlock
  ................ 00 00 00 00 00 00 00 00 00 00 00 00 00 a0 bb 8c
  ................ 09 00 00 00 00 00 00 00 00 00 00 00 00 01 00 00
  .                00
009216-009219 StateIDBlock 160218016
009220-009229 NewStateBlock "NewState"
009230-009233 XSizeBlock 1
009234-009237 YSizeBlock 1
009238-009266 DataBlock
  ................ 00 00 00 00 02 00 00 00 00 00 00 00 00 00 00 00
  .............    01 00 00 00 01 00 00 00 00 00 00 00 00
009267-009282 FontNameBlock "georgia_italic"
009283-009298 DataBlock
  ................ 0a 00 00 00 02 00 00 00 01 00 00 00 dd da fa ff
009299-009321 StringBlock "Default Font Category"
009322-009345 DataBlock
  ................ 00 00 00 00 00 00 00 00 00 00 00 00 00 00 00 00
  ........         00 00 00 00 00 00 00 00
009346-009356 T0Block "normal_t0"
009357-009372 DataBlock
  ................ 00 00 00 00 00 00 00 00 00 00 00 00 00 00 00 00
009373-009383 T0Block "normal_t0"
009384-009441 DataBlock
  ................ 00 00 00 00 00 00 00 00 00 00 00 00 00 00 00 00
  ................ 00 00 00 00 00 00 00 00 00 00 00 00 00 00 00 00
  ....-........... 00 00 00 00 2d 00 00 00 00 00 00 00 00 00 00 00
  ..........       00 00 00 00 00 00 00 01 00 00
009442-009470 StringBlock "grp_gw_generic_button_small"
009471-009480 DataBlock
  ......@...       00 00 00 00 00 00 40 c1 8c 09
009481-009500 StringBlock "button_make_vassal"
009501-009508 StringBlock "Button"
009509-009554 DataBlock
  ................ 86 00 00 00 09 00 00 00 00 00 00 00 00 00 00 01
  ................ 00 00 00 00 01 00 00 00 00 00 00 00 00 00 00 00
  .......3......   00 00 00 00 00 00 f0 33 04 0c 05 00 00 00
009555-009612 ImageBlock id=160220320 xsize=206 ysize=207 path="ui/skins/default/button_basic_active.png" unknown=2361745408
009613-009613 DataBlock
  .                09
009614-009652 ImagePathBlock "ui/skins/default/icon_make_vassal.png"
009653-009661 DataBlock
  g...h....        67 00 00 00 68 00 00 00 00
009662-009711 ImageBlock id=160220704 xsize=206 ysize=206 path="ui/skins/default/button_glow.png" unknown=2361843712
009712-009712 DataBlock
  .                09
009713-009756 ImagePathBlock "ui/skins/default/button_basic_inactive.png"
009757-009765 DataBlock
  .........        ce 00 00 00 cf 00 00 00 00
009766-009820 ImageBlock id=160221088 xsize=50 ysize=50 path="ui/skins/default/button_edge_glow.png" unknown=0
009821-009833 DataBlock
  .........`...    00 00 00 00 00 05 00 00 00 60 c8 8c 09
009834-009840 StringBlock "hover"
009841-009877 DataBlock
  2...2........... 32 00 00 00 32 00 00 00 00 00 00 00 02 00 00 00
  ................ 00 00 00 00 00 00 00 00 01 00 00 00 01 00 00 00
  .....            00 00 00 00 00
009878-009893 FontNameBlock "georgia_italic"
009894-009909 DataBlock
  ................ 0a 00 00 00 02 00 00 00 01 00 00 00 dd da fa ff
009910-009932 StringBlock "Default Font Category"
009933-009956 DataBlock
  ................ 00 00 00 00 00 00 00 00 00 00 00 00 00 00 00 00
  ........         00 00 00 00 01 00 00 00
009957-009971 T0Block "glow_pulse_t0"
009972-009987 DataBlock
  ff.?...?...?.... 66 66 a6 3f 00 00 80 3f 00 00 80 3f 00 00 00 00
009988-009998 T0Block "normal_t0"
009999-010018 DataBlock
  ................ 00 00 00 00 00 00 00 00 00 00 00 00 00 00 00 00
  ....             04 00 00 00
010019-010042 ImageUseBlock id=160220320 xofs=0 yofs=0 xsize=50 ysize=50 brga=4294967295
010043-010176 DataBlock
  ................ 00 00 00 00 00 00 00 00 00 00 00 00 00 00 00 01
  ................ 01 00 00 00 00 00 00 00 00 00 00 00 00 00 00 00
  ................ 00 00 00 00 00 00 00 00 00 00 00 00 00 00 00 00
  .......`........ 00 00 00 00 00 00 00 60 c5 8c 09 00 00 00 00 00
  ...2...2........ 00 00 00 32 00 00 00 32 00 00 00 ff ff ff ff 00
  ................ 00 00 00 00 00 00 00 00 00 00 00 00 00 00 01 01
  ................ 00 00 00 00 00 00 00 00 00 00 00 00 00 00 00 00
  ................ 00 00 00 00 00 00 00 00 00 00 00 00 00 00 00 00
  ......           00 00 00 00 00 00
010177-010200 ImageUseBlock id=160220704 xofs=0 yofs=0 xsize=50 ysize=50 brga=855638015
010201-010255 DataBlock
  ................ 00 00 00 00 00 00 00 00 00 00 00 00 00 00 00 01
  ................ 01 00 00 00 00 00 00 00 00 00 00 00 00 00 00 00
  ................ 00 00 00 00 00 00 00 00 00 00 00 00 00 00 00 00
  .......          00 00 00 00 00 00 00
010256-010279 ImageUseBlock id=160221088 xofs=0 yofs=0 xsize=50 ysize=50 brga=2533359615
010280-010400 DataBlock
  ................ 00 00 00 00 00 00 00 00 00 00 00 00 00 00 00 01
  ................ 01 00 00 00 00 00 00 00 00 00 00 80 bf 00 00 00
  ................ 00 00 00 00 00 00 00 00 00 00 00 00 00 00 00 00
  ................ 00 00 00 00 00 00 00 d5 00 00 00 11 00 00 00 02
  ........3......_ 00 00 00 01 00 00 00 f0 33 04 0c 96 00 00 00 5f
  ................ 00 00 00 01 00 00 00 00 00 00 00 00 00 00 00 00
  .....`9......].. 00 02 00 00 00 60 39 04 0c c8 00 00 00 5d 00 00
  .........        00 00 00 00 00 d0 cd 8c 09
010401-010410 StringBlock "inactive"
010411-010447 DataBlock
  2...2........... 32 00 00 00 32 00 00 00 00 00 00 00 02 00 00 00
  ................ 00 00 00 00 00 00 00 00 01 00 00 00 01 00 00 00
  .....            00 00 00 00 00
010448-010463 FontNameBlock "georgia_italic"
010464-010479 DataBlock
  ................ 0a 00 00 00 02 00 00 00 01 00 00 00 dd da fa ff
010480-010502 StringBlock "Default Font Category"
010503-010526 DataBlock
  ................ 00 00 00 00 00 00 00 00 00 00 00 00 00 00 00 00
  ........         00 00 00 00 01 01 00 00
010527-010537 T0Block "normal_t0"
010538-010553 DataBlock
  ................ 00 00 00 00 00 00 00 00 00 00 00 00 00 00 00 00
010554-010564 T0Block "normal_t0"
010565-010716 DataBlock
  ................ 00 00 00 00 00 00 00 00 00 00 00 00 00 00 00 00
  ................ 02 00 00 00 e0 c6 8c 09 00 00 00 00 00 00 00 00
  2...2........... 32 00 00 00 32 00 00 00 ff ff ff ff 00 00 00 00
  ................ 00 00 00 00 00 00 00 00 00 00 00 01 01 00 00 00
  ................ 00 00 00 00 00 00 00 00 00 00 00 00 00 00 00 00
  ................ 00 00 00 00 00 00 00 00 00 00 00 00 00 00 00 00
  ...`...........2 00 00 00 60 c5 8c 09 00 00 00 00 00 00 00 00 32
  ...2............ 00 00 00 32 00 00 00 c0 c0 c0 96 00 00 00 00 00
  ................ 00 00 00 00 00 00 00 00 00 00 01 01 00 00 00 00
  ........         00 00 00 00 00 00 00 00
010717-010727 T0Block "normal_t0"
010728-010767 DataBlock
  ................ 00 00 00 00 00 00 00 00 00 00 00 00 00 00 00 00
  ................ 00 00 00 00 00 00 00 00 00 00 00 00 00 00 00 00
  .....3..         00 00 00 00 f0 33 04 0c
010768-010775 StringBlock "active"
010776-010812 DataBlock
  2...2........... 32 00 00 00 32 00 00 00 00 00 00 00 00 00 00 00
  ................ 02 00 00 00 00 00 00 00 01 00 00 00 01 00 00 00
  .....            00 00 00 00 00
010813-010828 FontNameBlock "georgia_italic"
010829-010844 DataBlock
  ................ 0a 00 00 00 02 00 00 00 01 00 00 00 dd da fa ff
010845-010867 StringBlock "Default Font Category"
010868-010891 DataBlock
  ................ 00 00 00 00 00 00 00 00 00 00 00 00 00 00 00 00
  ........         00 00 00 00 01 00 00 00
010892-010904 T0Block "brighten_t0"
010905-010920 DataBlock
  ................ 00 00 00 00 00 00 00 00 00 00 00 00 00 00 00 00
010921-010931 T0Block "normal_t0"
010932-010951 DataBlock
  ................ 00 00 00 00 00 00 00 00 00 00 00 00 00 00 00 00
  ....             04 00 00 00
010952-010975 ImageUseBlock id=160220320 xofs=0 yofs=0 xsize=50 ysize=50 brga=4294967295
010976-011109 DataBlock
  ................ 00 00 00 00 00 00 00 00 00 00 00 00 00 00 00 01
  ................ 01 00 00 00 00 00 00 00 00 00 00 00 00 00 00 00
  ................ 00 00 00 00 00 00 00 00 00 00 00 00 00 00 00 00
  .......`........ 00 00 00 00 00 00 00 60 c5 8c 09 00 00 00 00 00
  ...2...2........ 00 00 00 32 00 00 00 32 00 00 00 ff ff ff ff 00
  ................ 00 00 00 00 00 00 00 00 00 00 00 00 00 00 01 01
  ................ 00 00 00 00 00 00 00 00 00 00 00 00 00 00 00 00
  ................ 00 00 00 00 00 00 00 00 00 00 00 00 00 00 00 00
  ......           00 00 00 00 00 00
011110-011133 ImageUseBlock id=160220704 xofs=0 yofs=0 xsize=50 ysize=50 brga=16777215
011134-011188 DataBlock
  ................ 00 00 00 00 00 00 00 00 00 00 00 00 00 00 00 01
  ................ 01 00 00 00 00 00 00 00 00 00 00 00 00 00 00 00
  ................ 00 00 00 00 00 00 00 00 00 00 00 00 00 00 00 00
  .......          00 00 00 00 00 00 00
011189-011212 ImageUseBlock id=160221088 xofs=0 yofs=0 xsize=50 ysize=50 brga=16777215
011213-011333 DataBlock
  ................ 00 00 00 00 00 00 00 00 00 00 00 00 00 00 00 01
  ................ 01 00 00 00 00 00 00 00 00 00 00 80 bf 00 00 00
  ................ 00 00 00 00 00 00 00 00 00 00 00 00 00 00 00 00
  .......5........ 00 00 00 00 00 00 00 35 00 00 00 95 00 00 00 02
  .......`...d...] 00 00 00 00 00 00 00 60 c8 8c 09 64 00 00 00 5d
  ................ 00 00 00 01 00 00 00 00 00 00 00 00 00 00 00 00
  .....`9......... 00 02 00 00 00 60 39 04 0c 00 00 00 00 00 00 00
  .....`9..        00 00 00 00 00 60 39 04 0c
011334-011339 StringBlock "down"
011340-011376 DataBlock
  2...2........... 32 00 00 00 32 00 00 00 00 00 00 00 00 00 00 00
  ................ 02 00 00 00 00 00 00 00 01 00 00 00 01 00 00 00
  .....            00 00 00 00 00
011377-011392 FontNameBlock "georgia_italic"
011393-011408 DataBlock
  ................ 0a 00 00 00 02 00 00 00 01 00 00 00 dd da fa ff
011409-011431 StringBlock "Default Font Category"
011432-011455 DataBlock
  ................ 00 00 00 00 00 00 00 00 00 00 00 00 00 00 00 00
  ........         00 00 00 00 01 00 00 00
011456-011470 T0Block "glow_pulse_t0"
011471-011486 DataBlock
  ...=............ cd cc cc 3d 00 00 00 00 00 00 00 00 00 00 00 00
011487-011497 T0Block "normal_t0"
011498-011517 DataBlock
  ................ 00 00 00 00 00 00 00 00 00 00 00 00 00 00 00 00
  ....             04 00 00 00
011518-011541 ImageUseBlock id=160220320 xofs=0 yofs=1 xsize=50 ysize=50 brga=4294967295
011542-011596 DataBlock
  ................ 00 00 00 00 00 00 00 00 00 00 00 00 00 00 00 01
  ................ 01 00 00 00 00 00 00 00 00 00 00 00 00 00 00 00
  ................ 00 00 00 00 00 00 00 00 00 00 00 00 00 00 00 00
  .......          00 00 00 00 00 00 00
011597-011620 ImageUseBlock id=160220704 xofs=0 yofs=1 xsize=50 ysize=50 brga=1694498815
011621-011754 DataBlock
  ................ 00 00 00 00 00 00 00 00 00 00 00 00 00 00 00 01
  ................ 01 00 00 00 00 00 00 00 00 00 00 00 00 00 00 00
  ................ 00 00 00 00 00 00 00 00 00 00 00 00 00 00 00 00
  .......`........ 00 00 00 00 00 00 00 60 c5 8c 09 00 00 00 00 01
  ...2...2........ 00 00 00 32 00 00 00 32 00 00 00 ff ff ff ff 00
  ................ 00 00 00 00 00 00 00 00 00 00 00 00 00 00 01 01
  ................ 00 00 00 00 00 00 00 00 00 00 00 00 00 00 00 00
  ................ 00 00 00 00 00 00 00 00 00 00 00 00 00 00 00 00
  ......           00 00 00 00 00 00
011755-011778 ImageUseBlock id=160221088 xofs=0 yofs=1 xsize=50 ysize=50 brga=16777215
011779-011889 DataBlock
  ................ 00 00 00 00 00 00 00 00 00 00 00 00 00 00 00 01
  ................ 01 00 00 00 00 00 00 00 00 00 00 00 00 00 00 00
  ................ 00 00 00 00 00 00 00 00 00 00 00 00 00 00 00 00
  .......h........ 00 00 00 00 00 00 00 68 01 00 00 93 00 00 00 02
  ........>......_ 00 00 00 01 00 00 00 d0 3e 04 0c c8 00 00 00 5f
  ...........`.... 00 00 00 00 00 00 00 03 00 00 00 60 c8 8c 09 00
  ............>..  00 00 00 00 00 00 00 00 00 00 00 d0 3e 04 0c
011890-011899 StringBlock "down_off"
011900-011936 DataBlock
  2...2........... 32 00 00 00 32 00 00 00 00 00 00 00 02 00 00 00
  ................ 00 00 00 00 00 00 00 00 01 00 00 00 01 00 00 00
  .....            00 00 00 00 00
011937-011952 FontNameBlock "georgia_italic"
011953-011968 DataBlock
  ................ 0a 00 00 00 02 00 00 00 01 00 00 00 dd da fa ff
011969-011991 StringBlock "Default Font Category"
011992-012015 DataBlock
  ................ 00 00 00 00 00 00 00 00 00 00 00 00 00 00 00 00
  ........         00 00 00 00 01 00 00 00
012016-012026 T0Block "normal_t0"
012027-012042 DataBlock
  ................ 00 00 00 00 00 00 00 00 00 00 00 00 00 00 00 00
012043-012053 T0Block "normal_t0"
012054-012073 DataBlock
  ................ 00 00 00 00 00 00 00 00 00 00 00 00 00 00 00 00
  ....             03 00 00 00
012074-012097 ImageUseBlock id=160220320 xofs=0 yofs=1 xsize=50 ysize=50 brga=4294967295
012098-012231 DataBlock
  ................ 00 00 00 00 00 00 00 00 00 00 00 00 00 00 00 01
  ................ 01 00 00 00 00 00 00 00 00 00 00 00 00 00 00 00
  ................ 00 00 00 00 00 00 00 00 00 00 00 00 00 00 00 00
  .......`........ 00 00 00 00 00 00 00 60 c5 8c 09 00 00 00 00 01
  ...2...2........ 00 00 00 32 00 00 00 32 00 00 00 ff ff ff ff 00
  ................ 00 00 00 00 00 00 00 00 00 00 00 00 00 00 01 01
  ................ 00 00 00 00 00 00 00 00 00 00 00 00 00 00 00 00
  ................ 00 00 00 00 00 00 00 00 00 00 00 00 00 00 00 00
  ......           00 00 00 00 00 00
012232-012255 ImageUseBlock id=160220704 xofs=0 yofs=0 xsize=50 ysize=50 brga=16777215
012256-012382 DataBlock
  ................ 00 00 00 00 00 00 00 00 00 00 00 00 00 00 00 01
  ................ 01 00 00 00 00 00 00 00 00 00 00 00 00 00 00 00
  ................ 00 00 00 00 00 00 00 00 00 00 00 00 00 00 00 00
  ................ 00 00 00 00 00 00 00 de 00 00 00 0b 01 00 00 02
  .......`9..d..._ 00 00 00 00 00 00 00 60 39 04 0c 64 00 00 00 5f
  ............3... 00 00 00 00 00 00 00 08 00 00 00 f0 33 04 0c 96
  ..._...........- 00 00 00 5f 00 00 00 00 00 00 00 00 00 00 00 2d
  ...........`C..  00 00 00 00 00 00 00 01 00 00 00 60 43 04 0c
012383-012391 StringBlock "tooltip"
012392-012414 DataBlock
  ................ 00 00 0a 00 00 00 0a 00 00 00 00 01 01 00 00 00
  .......          00 00 00 00 00 00 01
012415-012726 UnicodeBlock "Subjugate||Depending on your cultural background, the conquered faction will become either a satrapy or a client state of yours. All captives are enslaved."
012727-012772 UnicodeBlock "tooltip_Tooltip_400078"
012773-012805 DataBlock
  ..............F. 00 00 00 00 00 00 00 00 00 00 00 00 00 c0 46 04
  ................ 0c 00 00 00 00 00 00 00 00 00 00 00 00 01 00 00
  .                00
012806-012809 StateIDBlock 201606848
012810-012819 NewStateBlock "NewState"
012820-012823 XSizeBlock 1
012824-012827 YSizeBlock 1
012828-012856 DataBlock
  ................ 00 00 00 00 02 00 00 00 00 00 00 00 00 00 00 00
  .............    01 00 00 00 01 00 00 00 00 00 00 00 00
012857-012872 FontNameBlock "georgia_italic"
012873-012888 DataBlock
  ................ 0a 00 00 00 02 00 00 00 01 00 00 00 dd da fa ff
012889-012911 StringBlock "Default Font Category"
012912-012935 DataBlock
  ................ 00 00 00 00 00 00 00 00 00 00 00 00 00 00 00 00
  ........         00 00 00 00 00 00 00 00
012936-012946 T0Block "normal_t0"
012947-012962 DataBlock
  ................ 00 00 00 00 00 00 00 00 00 00 00 00 00 00 00 00
012963-012973 T0Block "normal_t0"
012974-013031 DataBlock
  ................ 00 00 00 00 00 00 00 00 00 00 00 00 00 00 00 00
  ................ 00 00 00 00 00 00 00 00 00 00 00 00 00 00 00 00
  ....-........... 00 00 00 00 2d 00 00 00 00 00 00 00 00 00 00 00
  ..........       00 00 00 00 00 00 00 01 00 00
013032-013060 StringBlock "grp_gw_generic_button_small"
013061-013070 DataBlock
  .......J..       00 00 00 00 00 00 10 4a 04 0c
013071-013083 StringBlock "button_sack"
013084-013091 StringBlock "Button"
013092-013137 DataBlock
  ................ ed ff ff ff 09 00 00 00 00 00 00 00 00 00 00 01
  ................ 00 00 00 00 01 00 00 00 00 00 00 00 00 00 00 00
  ...... a......   00 00 00 00 00 00 20 61 84 16 05 00 00 00
013138-013195 ImageBlock id=201608560 xsize=206 ysize=207 path="ui/skins/default/button_basic_active.png" unknown=72232960
013196-013196 DataBlock
  .                0c
013197-013239 ImagePathBlock "ui/skins/default/icon_settlement_sack.png"
013240-013248 DataBlock
  2...2....        32 00 00 00 32 00 00 00 00
013249-013298 ImageBlock id=201609296 xsize=206 ysize=206 path="ui/skins/default/button_glow.png" unknown=2220253184
013299-013299 DataBlock
  .                16
013300-013343 ImagePathBlock "ui/skins/default/button_basic_inactive.png"
013344-013352 DataBlock
  .........        ce 00 00 00 cf 00 00 00 00
013353-013407 ImageBlock id=377771808 xsize=50 ysize=50 path="ui/skins/default/button_edge_glow.png" unknown=0
013408-013420 DataBlock
  ..........W..    00 00 00 00 00 05 00 00 00 e0 57 84 16
013421-013427 StringBlock "hover"
013428-013464 DataBlock
  2...2........... 32 00 00 00 32 00 00 00 00 00 00 00 02 00 00 00
  ................ 00 00 00 00 00 00 00 00 01 00 00 00 01 00 00 00
  .....            00 00 00 00 00
013465-013480 FontNameBlock "georgia_italic"
013481-013496 DataBlock
  ................ 0a 00 00 00 02 00 00 00 01 00 00 00 dd da fa ff
013497-013519 StringBlock "Default Font Category"
013520-013543 DataBlock
  ................ 00 00 00 00 00 00 00 00 00 00 00 00 00 00 00 00
  ........         00 00 00 00 01 00 00 00
013544-013558 T0Block "glow_pulse_t0"
013559-013574 DataBlock
  ff.?...?...?.... 66 66 a6 3f 00 00 80 3f 00 00 80 3f 00 00 00 00
013575-013585 T0Block "normal_t0"
013586-013605 DataBlock
  ................ 00 00 00 00 00 00 00 00 00 00 00 00 00 00 00 00
  ....             04 00 00 00
013606-013629 ImageUseBlock id=201608560 xofs=0 yofs=0 xsize=50 ysize=50 brga=4294967295
013630-013763 DataBlock
  ................ 00 00 00 00 00 00 00 00 00 00 00 00 00 00 00 01
  ................ 01 00 00 00 00 00 00 00 00 00 00 00 00 00 00 00
  ................ 00 00 00 00 00 00 00 00 00 00 00 00 00 00 00 00
  .......0N....... 00 00 00 00 00 00 00 30 4e 04 0c 00 00 00 00 00
  ...2...2........ 00 00 00 32 00 00 00 32 00 00 00 ff ff ff ff 00
  ................ 00 00 00 00 00 00 00 00 00 00 00 00 00 00 01 01
  ................ 00 00 00 00 00 00 00 00 00 00 00 00 00 00 00 00
  ................ 00 00 00 00 00 00 00 00 00 00 00 00 00 00 00 00
  ......           00 00 00 00 00 00
013764-013787 ImageUseBlock id=201609296 xofs=0 yofs=0 xsize=50 ysize=50 brga=855638015
013788-013842 DataBlock
  ................ 00 00 00 00 00 00 00 00 00 00 00 00 00 00 00 01
  ................ 01 00 00 00 00 00 00 00 00 00 00 00 00 00 00 00
  ................ 00 00 00 00 00 00 00 00 00 00 00 00 00 00 00 00
  .......          00 00 00 00 00 00 00
013843-013866 ImageUseBlock id=377771808 xofs=0 yofs=0 xsize=50 ysize=50 brga=2533359615
013867-013987 DataBlock
  ................ 00 00 00 00 00 00 00 00 00 00 00 00 00 00 00 01
  ................ 01 00 00 00 00 00 00 00 00 00 00 80 bf 00 00 00
  ................ 00 00 00 00 00 00 00 00 00 00 00 00 00 00 00 00
  ................ 00 00 00 00 00 00 00 d5 00 00 00 11 00 00 00 02
  ....... a......_ 00 00 00 01 00 00 00 20 61 84 16 96 00 00 00 5f
  ................ 00 00 00 01 00 00 00 00 00 00 00 00 00 00 00 00
  ......f......].. 00 02 00 00 00 e0 66 84 16 c8 00 00 00 5d 00 00
  .....`]..        00 00 00 00 00 60 5d 84 16
013988-013997 StringBlock "inactive"
013998-014034 DataBlock
  2...2........... 32 00 00 00 32 00 00 00 00 00 00 00 02 00 00 00
  ................ 00 00 00 00 00 00 00 00 01 00 00 00 01 00 00 00
  .....            00 00 00 00 00
014035-014050 FontNameBlock "georgia_italic"
014051-014066 DataBlock
  ................ 0a 00 00 00 02 00 00 00 01 00 00 00 dd da fa ff
014067-014089 StringBlock "Default Font Category"
014090-014113 DataBlock
  ................ 00 00 00 00 00 00 00 00 00 00 00 00 00 00 00 00
  ........         00 00 00 00 01 01 00 00
014114-014124 T0Block "normal_t0"
014125-014140 DataBlock
  ................ 00 00 00 00 00 00 00 00 00 00 00 00 00 00 00 00
014141-014151 T0Block "normal_t0"
014152-014303 DataBlock
  ................ 00 00 00 00 00 00 00 00 00 00 00 00 00 00 00 00
  ....`V.......... 02 00 00 00 60 56 84 16 00 00 00 00 00 00 00 00
  2...2........... 32 00 00 00 32 00 00 00 ff ff ff ff 00 00 00 00
  ................ 00 00 00 00 00 00 00 00 00 00 00 01 01 00 00 00
  ................ 00 00 00 00 00 00 00 00 00 00 00 00 00 00 00 00
  ................ 00 00 00 00 00 00 00 00 00 00 00 00 00 00 00 00
  ...0N..........2 00 00 00 30 4e 04 0c 00 00 00 00 00 00 00 00 32
  ...2............ 00 00 00 32 00 00 00 c0 c0 c0 96 00 00 00 00 00
  ................ 00 00 00 00 00 00 00 00 00 00 01 01 00 00 00 00
  ........         00 00 00 00 00 00 00 00
014304-014314 T0Block "normal_t0"
014315-014354 DataBlock
  ................ 00 00 00 00 00 00 00 00 00 00 00 00 00 00 00 00
  ................ 00 00 00 00 00 00 00 00 00 00 00 00 00 00 00 00
  .... a..         00 00 00 00 20 61 84 16
014355-014362 StringBlock "active"
014363-014399 DataBlock
  2...2........... 32 00 00 00 32 00 00 00 00 00 00 00 00 00 00 00
  ................ 02 00 00 00 00 00 00 00 01 00 00 00 01 00 00 00
  .....            00 00 00 00 00
014400-014415 FontNameBlock "georgia_italic"
014416-014431 DataBlock
  ................ 0a 00 00 00 02 00 00 00 01 00 00 00 dd da fa ff
014432-014454 StringBlock "Default Font Category"
014455-014478 DataBlock
  ................ 00 00 00 00 00 00 00 00 00 00 00 00 00 00 00 00
  ........         00 00 00 00 01 00 00 00
014479-014491 T0Block "brighten_t0"
014492-014507 DataBlock
  ................ 00 00 00 00 00 00 00 00 00 00 00 00 00 00 00 00
014508-014518 T0Block "normal_t0"
014519-014538 DataBlock
  ................ 00 00 00 00 00 00 00 00 00 00 00 00 00 00 00 00
  ....             04 00 00 00
014539-014562 ImageUseBlock id=201608560 xofs=0 yofs=0 xsize=50 ysize=50 brga=4294967295
014563-014696 DataBlock
  ................ 00 00 00 00 00 00 00 00 00 00 00 00 00 00 00 01
  ................ 01 00 00 00 00 00 00 00 00 00 00 00 00 00 00 00
  ................ 00 00 00 00 00 00 00 00 00 00 00 00 00 00 00 00
  .......0N....... 00 00 00 00 00 00 00 30 4e 04 0c 00 00 00 00 00
  ...2...2........ 00 00 00 32 00 00 00 32 00 00 00 ff ff ff ff 00
  ................ 00 00 00 00 00 00 00 00 00 00 00 00 00 00 01 01
  ................ 00 00 00 00 00 00 00 00 00 00 00 00 00 00 00 00
  ................ 00 00 00 00 00 00 00 00 00 00 00 00 00 00 00 00
  ......           00 00 00 00 00 00
014697-014720 ImageUseBlock id=201609296 xofs=0 yofs=0 xsize=50 ysize=50 brga=16777215
014721-014775 DataBlock
  ................ 00 00 00 00 00 00 00 00 00 00 00 00 00 00 00 01
  ................ 01 00 00 00 00 00 00 00 00 00 00 00 00 00 00 00
  ................ 00 00 00 00 00 00 00 00 00 00 00 00 00 00 00 00
  .......          00 00 00 00 00 00 00
014776-014799 ImageUseBlock id=377771808 xofs=0 yofs=0 xsize=50 ysize=50 brga=16777215
014800-014920 DataBlock
  ................ 00 00 00 00 00 00 00 00 00 00 00 00 00 00 00 01
  ................ 01 00 00 00 00 00 00 00 00 00 00 80 bf 00 00 00
  ................ 00 00 00 00 00 00 00 00 00 00 00 00 00 00 00 00
  .......5........ 00 00 00 00 00 00 00 35 00 00 00 95 00 00 00 02
  ........W..d...] 00 00 00 00 00 00 00 e0 57 84 16 64 00 00 00 5d
  ................ 00 00 00 01 00 00 00 00 00 00 00 00 00 00 00 00
  ......f......... 00 02 00 00 00 e0 66 84 16 00 00 00 00 00 00 00
  ......f..        00 00 00 00 00 e0 66 84 16
014921-014926 StringBlock "down"
014927-014963 DataBlock
  2...2........... 32 00 00 00 32 00 00 00 00 00 00 00 00 00 00 00
  ................ 02 00 00 00 00 00 00 00 01 00 00 00 01 00 00 00
  .....            00 00 00 00 00
014964-014979 FontNameBlock "georgia_italic"
014980-014995 DataBlock
  ................ 0a 00 00 00 02 00 00 00 01 00 00 00 dd da fa ff
014996-015018 StringBlock "Default Font Category"
015019-015042 DataBlock
  ................ 00 00 00 00 00 00 00 00 00 00 00 00 00 00 00 00
  ........         00 00 00 00 01 00 00 00
015043-015057 T0Block "glow_pulse_t0"
015058-015073 DataBlock
  ...=............ cd cc cc 3d 00 00 00 00 00 00 00 00 00 00 00 00
015074-015084 T0Block "normal_t0"
015085-015104 DataBlock
  ................ 00 00 00 00 00 00 00 00 00 00 00 00 00 00 00 00
  ....             04 00 00 00
015105-015128 ImageUseBlock id=201608560 xofs=0 yofs=1 xsize=50 ysize=50 brga=4294967295
015129-015183 DataBlock
  ................ 00 00 00 00 00 00 00 00 00 00 00 00 00 00 00 01
  ................ 01 00 00 00 00 00 00 00 00 00 00 00 00 00 00 00
  ................ 00 00 00 00 00 00 00 00 00 00 00 00 00 00 00 00
  .......          00 00 00 00 00 00 00
015184-015207 ImageUseBlock id=201609296 xofs=0 yofs=1 xsize=50 ysize=50 brga=1694498815
015208-015341 DataBlock
  ................ 00 00 00 00 00 00 00 00 00 00 00 00 00 00 00 01
  ................ 01 00 00 00 00 00 00 00 00 00 00 00 00 00 00 00
  ................ 00 00 00 00 00 00 00 00 00 00 00 00 00 00 00 00
  .......0N....... 00 00 00 00 00 00 00 30 4e 04 0c 00 00 00 00 01
  ...2...2........ 00 00 00 32 00 00 00 32 00 00 00 ff ff ff ff 00
  ................ 00 00 00 00 00 00 00 00 00 00 00 00 00 00 01 01
  ................ 00 00 00 00 00 00 00 00 00 00 00 00 00 00 00 00
  ................ 00 00 00 00 00 00 00 00 00 00 00 00 00 00 00 00
  ......           00 00 00 00 00 00
015342-015365 ImageUseBlock id=377771808 xofs=0 yofs=1 xsize=50 ysize=50 brga=16777215
015366-015476 DataBlock
  ................ 00 00 00 00 00 00 00 00 00 00 00 00 00 00 00 01
  ................ 01 00 00 00 00 00 00 00 00 00 00 00 00 00 00 00
  ................ 00 00 00 00 00 00 00 00 00 00 00 00 00 00 00 00
  .......h........ 00 00 00 00 00 00 00 68 01 00 00 93 00 00 00 02
  ........l......_ 00 00 00 01 00 00 00 80 6c 84 16 c8 00 00 00 5f
  ............W... 00 00 00 00 00 00 00 03 00 00 00 e0 57 84 16 00
  ............l..  00 00 00 00 00 00 00 00 00 00 00 80 6c 84 16
015477-015486 StringBlock "down_off"
015487-015523 DataBlock
  2...2........... 32 00 00 00 32 00 00 00 00 00 00 00 02 00 00 00
  ................ 00 00 00 00 00 00 00 00 01 00 00 00 01 00 00 00
  .....            00 00 00 00 00
015524-015539 FontNameBlock "georgia_italic"
015540-015555 DataBlock
  ................ 0a 00 00 00 02 00 00 00 01 00 00 00 dd da fa ff
015556-015578 StringBlock "Default Font Category"
015579-015602 DataBlock
  ................ 00 00 00 00 00 00 00 00 00 00 00 00 00 00 00 00
  ........         00 00 00 00 01 00 00 00
015603-015613 T0Block "normal_t0"
015614-015629 DataBlock
  ................ 00 00 00 00 00 00 00 00 00 00 00 00 00 00 00 00
015630-015640 T0Block "normal_t0"
015641-015660 DataBlock
  ................ 00 00 00 00 00 00 00 00 00 00 00 00 00 00 00 00
  ....             03 00 00 00
015661-015684 ImageUseBlock id=201608560 xofs=0 yofs=1 xsize=50 ysize=50 brga=4294967295
015685-015818 DataBlock
  ................ 00 00 00 00 00 00 00 00 00 00 00 00 00 00 00 01
  ................ 01 00 00 00 00 00 00 00 00 00 00 00 00 00 00 00
  ................ 00 00 00 00 00 00 00 00 00 00 00 00 00 00 00 00
  .......0N....... 00 00 00 00 00 00 00 30 4e 04 0c 00 00 00 00 01
  ...2...2........ 00 00 00 32 00 00 00 32 00 00 00 ff ff ff ff 00
  ................ 00 00 00 00 00 00 00 00 00 00 00 00 00 00 01 01
  ................ 00 00 00 00 00 00 00 00 00 00 00 00 00 00 00 00
  ................ 00 00 00 00 00 00 00 00 00 00 00 00 00 00 00 00
  ......           00 00 00 00 00 00
015819-015842 ImageUseBlock id=201609296 xofs=0 yofs=0 xsize=50 ysize=50 brga=16777215
015843-015969 DataBlock
  ................ 00 00 00 00 00 00 00 00 00 00 00 00 00 00 00 01
  ................ 01 00 00 00 00 00 00 00 00 00 00 00 00 00 00 00
  ................ 00 00 00 00 00 00 00 00 00 00 00 00 00 00 00 00
  ................ 00 00 00 00 00 00 00 de 00 00 00 0b 01 00 00 02
  ........f..d..._ 00 00 00 00 00 00 00 e0 66 84 16 64 00 00 00 5f
  ........... a... 00 00 00 00 00 00 00 08 00 00 00 20 61 84 16 96
  ..._...........- 00 00 00 5f 00 00 00 00 00 00 00 00 00 00 00 2d
  ...........`q..  00 00 00 00 00 00 00 01 00 00 00 60 71 84 16
015970-015978 StringBlock "tooltip"
015979-016001 DataBlock
  ................ 00 00 0a 00 00 00 0a 00 00 00 00 01 01 00 00 00
  .......          00 00 00 00 00 00 01
016002-016355 UnicodeBlock "Sack||You do not capture the settlement but steal money and damage buildings. All captives are killed.||Public order is reduced and the previous owners will like you much less."
016356-016399 UnicodeBlock "tooltip_Tooltip_a0030"
016400-016432 DataBlock
  ..............t. 00 00 00 00 00 00 00 00 00 00 00 00 00 c0 74 84
  ................ 16 00 00 00 00 00 00 00 00 00 00 00 00 01 00 00
  .                00
016433-016436 StateIDBlock 377779392
016437-016446 NewStateBlock "NewState"
016447-016450 XSizeBlock 1
016451-016454 YSizeBlock 1
016455-016483 DataBlock
  ................ 00 00 00 00 02 00 00 00 00 00 00 00 00 00 00 00
  .............    01 00 00 00 01 00 00 00 00 00 00 00 00
016484-016499 FontNameBlock "georgia_italic"
016500-016515 DataBlock
  ................ 0a 00 00 00 02 00 00 00 01 00 00 00 dd da fa ff
016516-016538 StringBlock "Default Font Category"
016539-016562 DataBlock
  ................ 00 00 00 00 00 00 00 00 00 00 00 00 00 00 00 00
  ........         00 00 00 00 00 00 00 00
016563-016573 T0Block "normal_t0"
016574-016589 DataBlock
  ................ 00 00 00 00 00 00 00 00 00 00 00 00 00 00 00 00
016590-016600 T0Block "normal_t0"
016601-016658 DataBlock
  ................ 00 00 00 00 00 00 00 00 00 00 00 00 00 00 00 00
  ................ 00 00 00 00 00 00 00 00 00 00 00 00 00 00 00 00
  ....-........... 00 00 00 00 2d 00 00 00 00 00 00 00 00 00 00 00
  ..........       00 00 00 00 00 00 00 01 00 00
016659-016687 StringBlock "grp_gw_generic_button_small"
016688-016697 DataBlock
  .......$U.       00 00 00 00 00 00 a0 24 55 16
016698-016710 StringBlock "button_raze"
016711-016718 StringBlock "Button"
016719-016764 DataBlock
  ................ b9 00 00 00 09 00 00 00 00 00 00 00 00 00 00 01
  ................ 00 00 00 00 01 00 00 00 00 00 00 00 00 00 00 00
  .......4U.....   00 00 00 00 00 00 e0 34 55 16 05 00 00 00
016765-016822 ImageBlock id=377779936 xsize=206 ysize=207 path="ui/skins/default/button_basic_active.png" unknown=2222432256
016823-016823 DataBlock
  .                16
016824-016866 ImagePathBlock "ui/skins/default/icon_settlement_raze.png"
016867-016875 DataBlock
  2...2....        32 00 00 00 32 00 00 00 00
016876-016925 ImageBlock id=377780320 xsize=206 ysize=206 path="ui/skins/default/button_glow.png" unknown=1428774912
016926-016926 DataBlock
  .                16
016927-016970 ImagePathBlock "ui/skins/default/button_basic_inactive.png"
016971-016979 DataBlock
  .........        ce 00 00 00 cf 00 00 00 00
016980-017034 ImageBlock id=374680096 xsize=50 ysize=50 path="ui/skins/default/button_edge_glow.png" unknown=0
017035-017047 DataBlock
  ..........*U.    00 00 00 00 00 05 00 00 00 e0 2a 55 16
017048-017054 StringBlock "hover"
017055-017091 DataBlock
  2...2........... 32 00 00 00 32 00 00 00 00 00 00 00 02 00 00 00
  ................ 00 00 00 00 00 00 00 00 01 00 00 00 01 00 00 00
  .....            00 00 00 00 00
017092-017107 FontNameBlock "georgia_italic"
017108-017123 DataBlock
  ................ 0a 00 00 00 02 00 00 00 01 00 00 00 dd da fa ff
017124-017146 StringBlock "Default Font Category"
017147-017170 DataBlock
  ................ 00 00 00 00 00 00 00 00 00 00 00 00 00 00 00 00
  ........         00 00 00 00 01 00 00 00
017171-017185 T0Block "glow_pulse_t0"
017186-017201 DataBlock
  ff.?...?...?.... 66 66 a6 3f 00 00 80 3f 00 00 80 3f 00 00 00 00
017202-017212 T0Block "normal_t0"
017213-017232 DataBlock
  ................ 00 00 00 00 00 00 00 00 00 00 00 00 00 00 00 00
  ....             04 00 00 00
017233-017256 ImageUseBlock id=377779936 xofs=0 yofs=0 xsize=50 ysize=50 brga=4294967295
017257-017390 DataBlock
  ................ 00 00 00 00 00 00 00 00 00 00 00 00 00 00 00 01
  ................ 01 00 00 00 00 00 00 00 00 00 00 00 00 00 00 00
  ................ 00 00 00 00 00 00 00 00 00 00 00 00 00 00 00 00
  ........w....... 00 00 00 00 00 00 00 a0 77 84 16 00 00 00 00 00
  ...2...2........ 00 00 00 32 00 00 00 32 00 00 00 ff ff ff ff 00
  ................ 00 00 00 00 00 00 00 00 00 00 00 00 00 00 01 01
  ................ 00 00 00 00 00 00 00 00 00 00 00 00 00 00 00 00
  ................ 00 00 00 00 00 00 00 00 00 00 00 00 00 00 00 00
  ......           00 00 00 00 00 00
017391-017414 ImageUseBlock id=377780320 xofs=0 yofs=0 xsize=50 ysize=50 brga=855638015
017415-017469 DataBlock
  ................ 00 00 00 00 00 00 00 00 00 00 00 00 00 00 00 01
  ................ 01 00 00 00 00 00 00 00 00 00 00 00 00 00 00 00
  ................ 00 00 00 00 00 00 00 00 00 00 00 00 00 00 00 00
  .......          00 00 00 00 00 00 00
017470-017493 ImageUseBlock id=374680096 xofs=0 yofs=0 xsize=50 ysize=50 brga=2533359615
017494-017614 DataBlock
  ................ 00 00 00 00 00 00 00 00 00 00 00 00 00 00 00 01
  ................ 01 00 00 00 00 00 00 00 00 00 00 80 bf 00 00 00
  ................ 00 00 00 00 00 00 00 00 00 00 00 00 00 00 00 00
  ................ 00 00 00 00 00 00 00 d5 00 00 00 11 00 00 00 02
  ........4U....._ 00 00 00 01 00 00 00 e0 34 55 16 96 00 00 00 5f
  ................ 00 00 00 01 00 00 00 00 00 00 00 00 00 00 00 00
  ..... <U.....].. 00 02 00 00 00 20 3c 55 16 c8 00 00 00 5d 00 00
  ......0U.        00 00 00 00 00 c0 30 55 16
017615-017624 StringBlock "inactive"
017625-017661 DataBlock
  2...2........... 32 00 00 00 32 00 00 00 00 00 00 00 02 00 00 00
  ................ 00 00 00 00 00 00 00 00 01 00 00 00 01 00 00 00
  .....            00 00 00 00 00
017662-017677 FontNameBlock "georgia_italic"
017678-017693 DataBlock
  ................ 0a 00 00 00 02 00 00 00 01 00 00 00 dd da fa ff
017694-017716 StringBlock "Default Font Category"
017717-017740 DataBlock
  ................ 00 00 00 00 00 00 00 00 00 00 00 00 00 00 00 00
  ........         00 00 00 00 01 01 00 00
017741-017751 T0Block "normal_t0"
017752-017767 DataBlock
  ................ 00 00 00 00 00 00 00 00 00 00 00 00 00 00 00 00
017768-017778 T0Block "normal_t0"
017779-017930 DataBlock
  ................ 00 00 00 00 00 00 00 00 00 00 00 00 00 00 00 00
  ....`)U......... 02 00 00 00 60 29 55 16 00 00 00 00 00 00 00 00
  2...2........... 32 00 00 00 32 00 00 00 ff ff ff ff 00 00 00 00
  ................ 00 00 00 00 00 00 00 00 00 00 00 01 01 00 00 00
  ................ 00 00 00 00 00 00 00 00 00 00 00 00 00 00 00 00
  ................ 00 00 00 00 00 00 00 00 00 00 00 00 00 00 00 00
  ....w..........2 00 00 00 a0 77 84 16 00 00 00 00 00 00 00 00 32
  ...2............ 00 00 00 32 00 00 00 c0 c0 c0 96 00 00 00 00 00
  ................ 00 00 00 00 00 00 00 00 00 00 01 01 00 00 00 00
  ........         00 00 00 00 00 00 00 00
017931-017941 T0Block "normal_t0"
017942-017981 DataBlock
  ................ 00 00 00 00 00 00 00 00 00 00 00 00 00 00 00 00
  ................ 00 00 00 00 00 00 00 00 00 00 00 00 00 00 00 00
  .....4U.         00 00 00 00 e0 34 55 16
017982-017989 StringBlock "active"
017990-018026 DataBlock
  2...2........... 32 00 00 00 32 00 00 00 00 00 00 00 00 00 00 00
  ................ 02 00 00 00 00 00 00 00 01 00 00 00 01 00 00 00
  .....            00 00 00 00 00
018027-018042 FontNameBlock "georgia_italic"
018043-018058 DataBlock
  ................ 0a 00 00 00 02 00 00 00 01 00 00 00 dd da fa ff
018059-018081 StringBlock "Default Font Category"
018082-018105 DataBlock
  ................ 00 00 00 00 00 00 00 00 00 00 00 00 00 00 00 00
  ........         00 00 00 00 01 00 00 00
018106-018118 T0Block "brighten_t0"
018119-018134 DataBlock
  ................ 00 00 00 00 00 00 00 00 00 00 00 00 00 00 00 00
018135-018145 T0Block "normal_t0"
018146-018165 DataBlock
  ................ 00 00 00 00 00 00 00 00 00 00 00 00 00 00 00 00
  ....             04 00 00 00
018166-018189 ImageUseBlock id=377779936 xofs=0 yofs=0 xsize=50 ysize=50 brga=4294967295
018190-018323 DataBlock
  ................ 00 00 00 00 00 00 00 00 00 00 00 00 00 00 00 01
  ................ 01 00 00 00 00 00 00 00 00 00 00 00 00 00 00 00
  ................ 00 00 00 00 00 00 00 00 00 00 00 00 00 00 00 00
  ........w....... 00 00 00 00 00 00 00 a0 77 84 16 00 00 00 00 00
  ...2...2........ 00 00 00 32 00 00 00 32 00 00 00 ff ff ff ff 00
  ................ 00 00 00 00 00 00 00 00 00 00 00 00 00 00 01 01
  ................ 00 00 00 00 00 00 00 00 00 00 00 00 00 00 00 00
  ................ 00 00 00 00 00 00 00 00 00 00 00 00 00 00 00 00
  ......           00 00 00 00 00 00
018324-018347 ImageUseBlock id=377780320 xofs=0 yofs=0 xsize=50 ysize=50 brga=16777215
018348-018402 DataBlock
  ................ 00 00 00 00 00 00 00 00 00 00 00 00 00 00 00 01
  ................ 01 00 00 00 00 00 00 00 00 00 00 00 00 00 00 00
  ................ 00 00 00 00 00 00 00 00 00 00 00 00 00 00 00 00
  .......          00 00 00 00 00 00 00
018403-018426 ImageUseBlock id=374680096 xofs=0 yofs=0 xsize=50 ysize=50 brga=16777215
018427-018547 DataBlock
  ................ 00 00 00 00 00 00 00 00 00 00 00 00 00 00 00 01
  ................ 01 00 00 00 00 00 00 00 00 00 00 80 bf 00 00 00
  ................ 00 00 00 00 00 00 00 00 00 00 00 00 00 00 00 00
  .......5........ 00 00 00 00 00 00 00 35 00 00 00 95 00 00 00 02
  ........*U.d...] 00 00 00 00 00 00 00 e0 2a 55 16 64 00 00 00 5d
  ................ 00 00 00 01 00 00 00 00 00 00 00 00 00 00 00 00
  ..... <U........ 00 02 00 00 00 20 3c 55 16 00 00 00 00 00 00 00
  ..... <U.        00 00 00 00 00 20 3c 55 16
018548-018553 StringBlock "down"
018554-018590 DataBlock
  2...2........... 32 00 00 00 32 00 00 00 00 00 00 00 00 00 00 00
  ................ 02 00 00 00 00 00 00 00 01 00 00 00 01 00 00 00
  .....            00 00 00 00 00
018591-018606 FontNameBlock "georgia_italic"
018607-018622 DataBlock
  ................ 0a 00 00 00 02 00 00 00 01 00 00 00 dd da fa ff
018623-018645 StringBlock "Default Font Category"
018646-018669 DataBlock
  ................ 00 00 00 00 00 00 00 00 00 00 00 00 00 00 00 00
  ........         00 00 00 00 01 00 00 00
018670-018684 T0Block "glow_pulse_t0"
018685-018700 DataBlock
  ...=............ cd cc cc 3d 00 00 00 00 00 00 00 00 00 00 00 00
018701-018711 T0Block "normal_t0"
018712-018731 DataBlock
  ................ 00 00 00 00 00 00 00 00 00 00 00 00 00 00 00 00
  ....             04 00 00 00
018732-018755 ImageUseBlock id=377779936 xofs=0 yofs=1 xsize=50 ysize=50 brga=4294967295
018756-018810 DataBlock
  ................ 00 00 00 00 00 00 00 00 00 00 00 00 00 00 00 01
  ................ 01 00 00 00 00 00 00 00 00 00 00 00 00 00 00 00
  ................ 00 00 00 00 00 00 00 00 00 00 00 00 00 00 00 00
  .......          00 00 00 00 00 00 00
018811-018834 ImageUseBlock id=377780320 xofs=0 yofs=1 xsize=50 ysize=50 brga=1694498815
018835-018968 DataBlock
  ................ 00 00 00 00 00 00 00 00 00 00 00 00 00 00 00 01
  ................ 01 00 00 00 00 00 00 00 00 00 00 00 00 00 00 00
  ................ 00 00 00 00 00 00 00 00 00 00 00 00 00 00 00 00
  ........w....... 00 00 00 00 00 00 00 a0 77 84 16 00 00 00 00 01
  ...2...2........ 00 00 00 32 00 00 00 32 00 00 00 ff ff ff ff 00
  ................ 00 00 00 00 00 00 00 00 00 00 00 00 00 00 01 01
  ................ 00 00 00 00 00 00 00 00 00 00 00 00 00 00 00 00
  ................ 00 00 00 00 00 00 00 00 00 00 00 00 00 00 00 00
  ......           00 00 00 00 00 00
018969-018992 ImageUseBlock id=374680096 xofs=0 yofs=1 xsize=50 ysize=50 brga=16777215
018993-019103 DataBlock
  ................ 00 00 00 00 00 00 00 00 00 00 00 00 00 00 00 01
  ................ 01 00 00 00 00 00 00 00 00 00 00 00 00 00 00 00
  ................ 00 00 00 00 00 00 00 00 00 00 00 00 00 00 00 00
  .......h........ 00 00 00 00 00 00 00 68 01 00 00 93 00 00 00 02
  ........BU....._ 00 00 00 01 00 00 00 e0 42 55 16 c8 00 00 00 5f
  ............*U.. 00 00 00 00 00 00 00 03 00 00 00 e0 2a 55 16 00
  ............BU.  00 00 00 00 00 00 00 00 00 00 00 e0 42 55 16
019104-019113 StringBlock "down_off"
019114-019150 DataBlock
  2...2........... 32 00 00 00 32 00 00 00 00 00 00 00 02 00 00 00
  ................ 00 00 00 00 00 00 00 00 01 00 00 00 01 00 00 00
  .....            00 00 00 00 00
019151-019166 FontNameBlock "georgia_italic"
019167-019182 DataBlock
  ................ 0a 00 00 00 02 00 00 00 01 00 00 00 dd da fa ff
019183-019205 StringBlock "Default Font Category"
019206-019229 DataBlock
  ................ 00 00 00 00 00 00 00 00 00 00 00 00 00 00 00 00
  ........         00 00 00 00 01 00 00 00
019230-019240 T0Block "normal_t0"
019241-019256 DataBlock
  ................ 00 00 00 00 00 00 00 00 00 00 00 00 00 00 00 00
019257-019267 T0Block "normal_t0"
019268-019287 DataBlock
  ................ 00 00 00 00 00 00 00 00 00 00 00 00 00 00 00 00
  ....             03 00 00 00
019288-019311 ImageUseBlock id=377779936 xofs=0 yofs=1 xsize=50 ysize=50 brga=4294967295
019312-019445 DataBlock
  ................ 00 00 00 00 00 00 00 00 00 00 00 00 00 00 00 01
  ................ 01 00 00 00 00 00 00 00 00 00 00 00 00 00 00 00
  ................ 00 00 00 00 00 00 00 00 00 00 00 00 00 00 00 00
  ........w....... 00 00 00 00 00 00 00 a0 77 84 16 00 00 00 00 01
  ...2...2........ 00 00 00 32 00 00 00 32 00 00 00 ff ff ff ff 00
  ................ 00 00 00 00 00 00 00 00 00 00 00 00 00 00 01 01
  ................ 00 00 00 00 00 00 00 00 00 00 00 00 00 00 00 00
  ................ 00 00 00 00 00 00 00 00 00 00 00 00 00 00 00 00
  ......           00 00 00 00 00 00
019446-019469 ImageUseBlock id=377780320 xofs=0 yofs=0 xsize=50 ysize=50 brga=16777215
019470-019596 DataBlock
  ................ 00 00 00 00 00 00 00 00 00 00 00 00 00 00 00 01
  ................ 01 00 00 00 00 00 00 00 00 00 00 00 00 00 00 00
  ................ 00 00 00 00 00 00 00 00 00 00 00 00 00 00 00 00
  ................ 00 00 00 00 00 00 00 de 00 00 00 0b 01 00 00 02
  ....... <U.d..._ 00 00 00 00 00 00 00 20 3c 55 16 64 00 00 00 5f
  ............4U.. 00 00 00 00 00 00 00 08 00 00 00 e0 34 55 16 96
  ..._...........- 00 00 00 5f 00 00 00 00 00 00 00 00 00 00 00 2d
  ...............  00 00 00 00 00 00 00 01 00 00 00 a0 83 8d 09
019597-019605 StringBlock "tooltip"
019606-019628 DataBlock
  ................ 00 00 0a 00 00 00 0a 00 00 00 00 01 01 00 00 00
  .......          00 00 00 00 00 00 01
019629-019936 UnicodeBlock "Raze||All destructible buildings in the settlement are destroyed. All captives are killed.||Public order is reduced and the previous owner will hate you."
019937-019982 UnicodeBlock "tooltip_Tooltip_780054"
019983-020015 DataBlock
  ................ 00 00 00 00 00 00 00 00 00 00 00 00 00 00 87 8d
  ................ 09 00 00 00 00 00 00 00 00 00 00 00 00 01 00 00
  .                00
020016-020019 StateIDBlock 160270080
020020-020029 NewStateBlock "NewState"
020030-020033 XSizeBlock 1
020034-020037 YSizeBlock 1
020038-020066 DataBlock
  ................ 00 00 00 00 02 00 00 00 00 00 00 00 00 00 00 00
  .............    01 00 00 00 01 00 00 00 00 00 00 00 00
020067-020082 FontNameBlock "georgia_italic"
020083-020098 DataBlock
  ................ 0a 00 00 00 02 00 00 00 01 00 00 00 dd da fa ff
020099-020121 StringBlock "Default Font Category"
020122-020145 DataBlock
  ................ 00 00 00 00 00 00 00 00 00 00 00 00 00 00 00 00
  ........         00 00 00 00 00 00 00 00
020146-020156 T0Block "normal_t0"
020157-020172 DataBlock
  ................ 00 00 00 00 00 00 00 00 00 00 00 00 00 00 00 00
020173-020183 T0Block "normal_t0"
020184-020241 DataBlock
  ................ 00 00 00 00 00 00 00 00 00 00 00 00 00 00 00 00
  ................ 00 00 00 00 00 00 00 00 00 00 00 00 00 00 00 00
  ....-........... 00 00 00 00 2d 00 00 00 00 00 00 00 00 00 00 00
  ..........       00 00 00 00 00 00 00 01 00 00
020242-020270 StringBlock "grp_gw_generic_button_small"
020271-020280 DataBlock
  ..........       00 00 00 00 00 00 e0 8b 8d 09
020281-020297 StringBlock "button_liberate"
020298-020305 StringBlock "Button"
020306-020351 DataBlock
  ................ ec 00 00 00 09 00 00 00 00 00 00 00 00 00 00 01
  ................ 00 00 00 00 01 00 00 00 00 00 00 00 00 00 00 00
  ..............   00 00 00 00 00 00 80 9e 8d 09 05 00 00 00
020352-020409 ImageBlock id=160272304 xsize=206 ysize=207 path="ui/skins/default/button_basic_active.png" unknown=2375053312
020410-020410 DataBlock
  .                09
020411-020455 ImagePathBlock "ui/skins/default/icon_peacefully_occupy.png"
020456-020464 DataBlock
  2...2....        32 00 00 00 32 00 00 00 00
020465-020514 ImageBlock id=160272688 xsize=206 ysize=206 path="ui/skins/default/button_glow.png" unknown=2375151616
020515-020515 DataBlock
  .                09
020516-020559 ImagePathBlock "ui/skins/default/button_basic_inactive.png"
020560-020568 DataBlock
  .........        ce 00 00 00 cf 00 00 00 00
020569-020623 ImageBlock id=160273072 xsize=50 ysize=50 path="ui/skins/default/button_edge_glow.png" unknown=0
020624-020636 DataBlock
  .........p...    00 00 00 00 00 05 00 00 00 70 93 8d 09
020637-020643 StringBlock "hover"
020644-020680 DataBlock
  2...2........... 32 00 00 00 32 00 00 00 00 00 00 00 02 00 00 00
  ................ 00 00 00 00 00 00 00 00 01 00 00 00 01 00 00 00
  .....            00 00 00 00 00
020681-020696 FontNameBlock "georgia_italic"
020697-020712 DataBlock
  ................ 0a 00 00 00 02 00 00 00 01 00 00 00 dd da fa ff
020713-020735 StringBlock "Default Font Category"
020736-020759 DataBlock
  ................ 00 00 00 00 00 00 00 00 00 00 00 00 00 00 00 00
  ........         00 00 00 00 01 00 00 00
020760-020774 T0Block "glow_pulse_t0"
020775-020790 DataBlock
  ff.?...?...?.... 66 66 a6 3f 00 00 80 3f 00 00 80 3f 00 00 00 00
020791-020801 T0Block "normal_t0"
020802-020821 DataBlock
  ................ 00 00 00 00 00 00 00 00 00 00 00 00 00 00 00 00
  ....             04 00 00 00
020822-020845 ImageUseBlock id=160272304 xofs=0 yofs=0 xsize=50 ysize=50 brga=4294967295
020846-020979 DataBlock
  ................ 00 00 00 00 00 00 00 00 00 00 00 00 00 00 00 01
  ................ 01 00 00 00 00 00 00 00 00 00 00 00 00 00 00 00
  ................ 00 00 00 00 00 00 00 00 00 00 00 00 00 00 00 00
  .......p........ 00 00 00 00 00 00 00 70 90 8d 09 00 00 00 00 00
  ...2...2........ 00 00 00 32 00 00 00 32 00 00 00 ff ff ff ff 00
  ................ 00 00 00 00 00 00 00 00 00 00 00 00 00 00 01 01
  ................ 00 00 00 00 00 00 00 00 00 00 00 00 00 00 00 00
  ................ 00 00 00 00 00 00 00 00 00 00 00 00 00 00 00 00
  ......           00 00 00 00 00 00
020980-021003 ImageUseBlock id=160272688 xofs=0 yofs=0 xsize=50 ysize=50 brga=855638015
021004-021058 DataBlock
  ................ 00 00 00 00 00 00 00 00 00 00 00 00 00 00 00 01
  ................ 01 00 00 00 00 00 00 00 00 00 00 00 00 00 00 00
  ................ 00 00 00 00 00 00 00 00 00 00 00 00 00 00 00 00
  .......          00 00 00 00 00 00 00
021059-021082 ImageUseBlock id=160273072 xofs=0 yofs=0 xsize=50 ysize=50 brga=2533359615
021083-021203 DataBlock
  ................ 00 00 00 00 00 00 00 00 00 00 00 00 00 00 00 01
  ................ 01 00 00 00 00 00 00 00 00 00 00 80 bf 00 00 00
  ................ 00 00 00 00 00 00 00 00 00 00 00 00 00 00 00 00
  ................ 00 00 00 00 00 00 00 d5 00 00 00 11 00 00 00 02
  ..............._ 00 00 00 01 00 00 00 80 9e 8d 09 96 00 00 00 5f
  ................ 00 00 00 01 00 00 00 00 00 00 00 00 00 00 00 00
  .............].. 00 02 00 00 00 b0 a5 8d 09 c8 00 00 00 5d 00 00
  .....P...        00 00 00 00 00 50 9a 8d 09
021204-021213 StringBlock "inactive"
021214-021250 DataBlock
  2...2........... 32 00 00 00 32 00 00 00 00 00 00 00 02 00 00 00
  ................ 00 00 00 00 00 00 00 00 01 00 00 00 01 00 00 00
  .....            00 00 00 00 00
021251-021266 FontNameBlock "georgia_italic"
021267-021282 DataBlock
  ................ 0a 00 00 00 02 00 00 00 01 00 00 00 dd da fa ff
021283-021305 StringBlock "Default Font Category"
021306-021329 DataBlock
  ................ 00 00 00 00 00 00 00 00 00 00 00 00 00 00 00 00
  ........         00 00 00 00 01 01 00 00
021330-021340 T0Block "normal_t0"
021341-021356 DataBlock
  ................ 00 00 00 00 00 00 00 00 00 00 00 00 00 00 00 00
021357-021367 T0Block "normal_t0"
021368-021519 DataBlock
  ................ 00 00 00 00 00 00 00 00 00 00 00 00 00 00 00 00
  ................ 02 00 00 00 f0 91 8d 09 00 00 00 00 00 00 00 00
  2...2........... 32 00 00 00 32 00 00 00 ff ff ff ff 00 00 00 00
  ................ 00 00 00 00 00 00 00 00 00 00 00 01 01 00 00 00
  ................ 00 00 00 00 00 00 00 00 00 00 00 00 00 00 00 00
  ................ 00 00 00 00 00 00 00 00 00 00 00 00 00 00 00 00
  ...p...........2 00 00 00 70 90 8d 09 00 00 00 00 00 00 00 00 32
  ...2............ 00 00 00 32 00 00 00 c0 c0 c0 96 00 00 00 00 00
  ................ 00 00 00 00 00 00 00 00 00 00 01 01 00 00 00 00
  ........         00 00 00 00 00 00 00 00
021520-021530 T0Block "normal_t0"
021531-021570 DataBlock
  ................ 00 00 00 00 00 00 00 00 00 00 00 00 00 00 00 00
  ................ 00 00 00 00 00 00 00 00 00 00 00 00 00 00 00 00
  ........         00 00 00 00 80 9e 8d 09
021571-021578 StringBlock "active"
021579-021615 DataBlock
  2...2........... 32 00 00 00 32 00 00 00 00 00 00 00 00 00 00 00
  ................ 02 00 00 00 00 00 00 00 01 00 00 00 01 00 00 00
  .....            00 00 00 00 00
021616-021631 FontNameBlock "georgia_italic"
021632-021647 DataBlock
  ................ 0a 00 00 00 02 00 00 00 01 00 00 00 dd da fa ff
021648-021670 StringBlock "Default Font Category"
021671-021694 DataBlock
  ................ 00 00 00 00 00 00 00 00 00 00 00 00 00 00 00 00
  ........         00 00 00 00 01 00 00 00
021695-021707 T0Block "brighten_t0"
021708-021723 DataBlock
  ................ 00 00 00 00 00 00 00 00 00 00 00 00 00 00 00 00
021724-021734 T0Block "normal_t0"
021735-021754 DataBlock
  ................ 00 00 00 00 00 00 00 00 00 00 00 00 00 00 00 00
  ....             04 00 00 00
021755-021778 ImageUseBlock id=160272304 xofs=0 yofs=0 xsize=50 ysize=50 brga=4294967295
021779-021912 DataBlock
  ................ 00 00 00 00 00 00 00 00 00 00 00 00 00 00 00 01
  ................ 01 00 00 00 00 00 00 00 00 00 00 00 00 00 00 00
  ................ 00 00 00 00 00 00 00 00 00 00 00 00 00 00 00 00
  .......p........ 00 00 00 00 00 00 00 70 90 8d 09 00 00 00 00 00
  ...2...2........ 00 00 00 32 00 00 00 32 00 00 00 ff ff ff ff 00
  ................ 00 00 00 00 00 00 00 00 00 00 00 00 00 00 01 01
  ................ 00 00 00 00 00 00 00 00 00 00 00 00 00 00 00 00
  ................ 00 00 00 00 00 00 00 00 00 00 00 00 00 00 00 00
  ......           00 00 00 00 00 00
021913-021936 ImageUseBlock id=160272688 xofs=0 yofs=0 xsize=50 ysize=50 brga=16777215
021937-021991 DataBlock
  ................ 00 00 00 00 00 00 00 00 00 00 00 00 00 00 00 01
  ................ 01 00 00 00 00 00 00 00 00 00 00 00 00 00 00 00
  ................ 00 00 00 00 00 00 00 00 00 00 00 00 00 00 00 00
  .......          00 00 00 00 00 00 00
021992-022015 ImageUseBlock id=160273072 xofs=0 yofs=0 xsize=50 ysize=50 brga=16777215
022016-022136 DataBlock
  ................ 00 00 00 00 00 00 00 00 00 00 00 00 00 00 00 01
  ................ 01 00 00 00 00 00 00 00 00 00 00 80 bf 00 00 00
  ................ 00 00 00 00 00 00 00 00 00 00 00 00 00 00 00 00
  .......5........ 00 00 00 00 00 00 00 35 00 00 00 95 00 00 00 02
  .......p...d...] 00 00 00 00 00 00 00 70 93 8d 09 64 00 00 00 5d
  ................ 00 00 00 01 00 00 00 00 00 00 00 00 00 00 00 00
  ................ 00 02 00 00 00 b0 a5 8d 09 00 00 00 00 00 00 00
  .........        00 00 00 00 00 b0 a5 8d 09
022137-022142 StringBlock "down"
022143-022179 DataBlock
  2...2........... 32 00 00 00 32 00 00 00 00 00 00 00 00 00 00 00
  ................ 02 00 00 00 00 00 00 00 01 00 00 00 01 00 00 00
  .....            00 00 00 00 00
022180-022195 FontNameBlock "georgia_italic"
022196-022211 DataBlock
  ................ 0a 00 00 00 02 00 00 00 01 00 00 00 dd da fa ff
022212-022234 StringBlock "Default Font Category"
022235-022258 DataBlock
  ................ 00 00 00 00 00 00 00 00 00 00 00 00 00 00 00 00
  ........         00 00 00 00 01 00 00 00
022259-022273 T0Block "glow_pulse_t0"
022274-022289 DataBlock
  ...=............ cd cc cc 3d 00 00 00 00 00 00 00 00 00 00 00 00
022290-022300 T0Block "normal_t0"
022301-022320 DataBlock
  ................ 00 00 00 00 00 00 00 00 00 00 00 00 00 00 00 00
  ....             04 00 00 00
022321-022344 ImageUseBlock id=160272304 xofs=0 yofs=1 xsize=50 ysize=50 brga=4294967295
022345-022399 DataBlock
  ................ 00 00 00 00 00 00 00 00 00 00 00 00 00 00 00 01
  ................ 01 00 00 00 00 00 00 00 00 00 00 00 00 00 00 00
  ................ 00 00 00 00 00 00 00 00 00 00 00 00 00 00 00 00
  .......          00 00 00 00 00 00 00
022400-022423 ImageUseBlock id=160272688 xofs=0 yofs=1 xsize=50 ysize=50 brga=1694498815
022424-022557 DataBlock
  ................ 00 00 00 00 00 00 00 00 00 00 00 00 00 00 00 01
  ................ 01 00 00 00 00 00 00 00 00 00 00 00 00 00 00 00
  ................ 00 00 00 00 00 00 00 00 00 00 00 00 00 00 00 00
  .......p........ 00 00 00 00 00 00 00 70 90 8d 09 00 00 00 00 01
  ...2...2........ 00 00 00 32 00 00 00 32 00 00 00 ff ff ff ff 00
  ................ 00 00 00 00 00 00 00 00 00 00 00 00 00 00 01 01
  ................ 00 00 00 00 00 00 00 00 00 00 00 00 00 00 00 00
  ................ 00 00 00 00 00 00 00 00 00 00 00 00 00 00 00 00
  ......           00 00 00 00 00 00
022558-022581 ImageUseBlock id=160273072 xofs=0 yofs=1 xsize=50 ysize=50 brga=16777215
022582-022692 DataBlock
  ................ 00 00 00 00 00 00 00 00 00 00 00 00 00 00 00 01
  ................ 01 00 00 00 00 00 00 00 00 00 00 00 00 00 00 00
  ................ 00 00 00 00 00 00 00 00 00 00 00 00 00 00 00 00
  .......h........ 00 00 00 00 00 00 00 68 01 00 00 93 00 00 00 02
  ..............._ 00 00 00 01 00 00 00 80 ac 8d 09 c8 00 00 00 5f
  ...........p.... 00 00 00 00 00 00 00 03 00 00 00 70 93 8d 09 00
  ...............  00 00 00 00 00 00 00 00 00 00 00 80 ac 8d 09
022693-022702 StringBlock "down_off"
022703-022739 DataBlock
  2...2........... 32 00 00 00 32 00 00 00 00 00 00 00 02 00 00 00
  ................ 00 00 00 00 00 00 00 00 01 00 00 00 01 00 00 00
  .....            00 00 00 00 00
022740-022755 FontNameBlock "georgia_italic"
022756-022771 DataBlock
  ................ 0a 00 00 00 02 00 00 00 01 00 00 00 dd da fa ff
022772-022794 StringBlock "Default Font Category"
022795-022818 DataBlock
  ................ 00 00 00 00 00 00 00 00 00 00 00 00 00 00 00 00
  ........         00 00 00 00 01 00 00 00
022819-022829 T0Block "normal_t0"
022830-022845 DataBlock
  ................ 00 00 00 00 00 00 00 00 00 00 00 00 00 00 00 00
022846-022856 T0Block "normal_t0"
022857-022876 DataBlock
  ................ 00 00 00 00 00 00 00 00 00 00 00 00 00 00 00 00
  ....             03 00 00 00
022877-022900 ImageUseBlock id=160272304 xofs=0 yofs=1 xsize=50 ysize=50 brga=4294967295
022901-023034 DataBlock
  ................ 00 00 00 00 00 00 00 00 00 00 00 00 00 00 00 01
  ................ 01 00 00 00 00 00 00 00 00 00 00 00 00 00 00 00
  ................ 00 00 00 00 00 00 00 00 00 00 00 00 00 00 00 00
  .......p........ 00 00 00 00 00 00 00 70 90 8d 09 00 00 00 00 01
  ...2...2........ 00 00 00 32 00 00 00 32 00 00 00 ff ff ff ff 00
  ................ 00 00 00 00 00 00 00 00 00 00 00 00 00 00 01 01
  ................ 00 00 00 00 00 00 00 00 00 00 00 00 00 00 00 00
  ................ 00 00 00 00 00 00 00 00 00 00 00 00 00 00 00 00
  ......           00 00 00 00 00 00
023035-023058 ImageUseBlock id=160272688 xofs=0 yofs=0 xsize=50 ysize=50 brga=16777215
023059-023185 DataBlock
  ................ 00 00 00 00 00 00 00 00 00 00 00 00 00 00 00 01
  ................ 01 00 00 00 00 00 00 00 00 00 00 00 00 00 00 00
  ................ 00 00 00 00 00 00 00 00 00 00 00 00 00 00 00 00
  ................ 00 00 00 00 00 00 00 de 00 00 00 0b 01 00 00 02
  ...........d..._ 00 00 00 00 00 00 00 b0 a5 8d 09 64 00 00 00 5f
  ................ 00 00 00 00 00 00 00 08 00 00 00 80 9e 8d 09 96
  ..._...........- 00 00 00 5f 00 00 00 00 00 00 00 00 00 00 00 2d
  ...............  00 00 00 00 00 00 00 01 00 00 00 a0 b2 8d 09
023186-023194 StringBlock "tooltip"
023195-023217 DataBlock
  ................ 00 00 0a 00 00 00 0a 00 00 00 00 01 01 00 00 00
  .......          00 00 00 00 00 00 01
023218-023545 UnicodeBlock "Liberate||You return the original owners of this region to power, resurrecting their faction. All captives are released.||They will be immensely grateful for this."
023546-023591 UnicodeBlock "tooltip_Tooltip_740054"
023592-023624 DataBlock
  .............p.. 00 00 00 00 00 00 00 00 00 00 00 00 00 70 b6 8d
  ................ 09 00 00 00 00 00 00 00 00 00 00 00 00 01 00 00
  .                00
023625-023628 StateIDBlock 160282224
023629-023638 NewStateBlock "NewState"
023639-023642 XSizeBlock 1
023643-023646 YSizeBlock 1
023647-023675 DataBlock
  ................ 00 00 00 00 02 00 00 00 00 00 00 00 00 00 00 00
  .............    01 00 00 00 01 00 00 00 00 00 00 00 00
023676-023691 FontNameBlock "georgia_italic"
023692-023707 DataBlock
  ................ 0a 00 00 00 02 00 00 00 01 00 00 00 dd da fa ff
023708-023730 StringBlock "Default Font Category"
023731-023754 DataBlock
  ................ 00 00 00 00 00 00 00 00 00 00 00 00 00 00 00 00
  ........         00 00 00 00 00 00 00 00
023755-023765 T0Block "normal_t0"
023766-023781 DataBlock
  ................ 00 00 00 00 00 00 00 00 00 00 00 00 00 00 00 00
023782-023792 T0Block "normal_t0"
023793-023850 DataBlock
  ................ 00 00 00 00 00 00 00 00 00 00 00 00 00 00 00 00
  ................ 00 00 00 00 00 00 00 00 00 00 00 00 00 00 00 00
  ....-........... 00 00 00 00 2d 00 00 00 00 00 00 00 00 00 00 00
  ..........       00 00 00 00 00 00 00 01 00 00
023851-023879 StringBlock "grp_gw_generic_button_small"
023880-023907 DataBlock
  ................ 00 00 00 00 00 00 00 00 00 00 00 00 00 00 00 00
  ........0...     00 00 00 00 00 00 00 00 30 ba 8d 09
023908-023924 StringBlock "settlement_name"
023925-023984 DataBlock
  ......&......... 00 00 13 00 00 00 26 00 00 00 00 00 00 00 00 00
  ................ 00 01 00 00 00 00 01 00 00 00 00 05 00 00 00 00
  ................ 00 00 00 f6 ff ff ff 00 90 bd 8d 09 00 00 00 00
  ............     00 00 00 00 00 00 00 00 01 00 00 00
023985-023988 StateIDBlock 160284048
023989-023998 NewStateBlock "NewState"
023999-024002 XSizeBlock 299
024003-024006 YSizeBlock 30
024007-024024 UnicodeBlock "Carthage"
024025-024047 DataBlock
  ................ 00 00 04 00 00 00 04 00 00 00 00 00 00 00 01 00
  .......          00 00 01 00 00 00 00
024048-024121 UnicodeBlock "settlement_name_NewState_Text_11003e"
024122-024123 DataBlock
  ..               00 00
024124-024146 FontNameBlock "la_gioconda_uppercase"
024147-024162 DataBlock
  ................ 10 00 00 00 04 00 00 00 00 00 00 00 d7 f8 ff ff
024163-024184 StringBlock "fe_paragraph_heading"
024185-024208 DataBlock
  ................ 00 00 00 00 00 00 00 00 00 00 00 00 00 00 00 00
  ........         00 00 00 00 00 00 00 00
024209-024219 T0Block "normal_t0"
024220-024235 DataBlock
  ................ 00 00 00 00 00 00 00 00 00 00 00 00 00 00 00 00
024236-024246 T0Block "normal_t0"
024247-024298 DataBlock
  ................ 00 00 00 00 00 00 00 00 00 00 00 00 00 00 00 00
  ................ 00 00 00 00 00 00 00 00 00 00 00 00 00 00 00 00
  ................ 00 00 00 00 0a 00 00 00 00 00 00 00 01 00 00 00
  ....             a0 bf 8d 09
024299-024305 StringBlock "label"
024306-024365 DataBlock
  ................ 00 00 fe ff ff ff e7 ff ff ff 00 00 00 00 00 00
  ................ 00 01 00 00 00 00 01 00 00 00 00 00 00 00 00 00
  ................ 00 00 00 00 00 00 00 00 00 c3 8d 09 00 00 00 00
  ............     00 00 00 00 00 00 00 00 01 00 00 00
024366-024369 StateIDBlock 160285440
024370-024379 NewStateBlock "NewState"
024380-024383 XSizeBlock 303
024384-024387 YSizeBlock 30
024388-024427 UnicodeBlock "Settlement Captured"
024428-024450 DataBlock
  ................ 00 00 04 00 00 00 04 00 00 00 00 00 00 00 01 00
  .......          00 00 01 00 00 00 01
024451-024526 UnicodeBlock "settlement_name_NewState_Text_11003ej"
024527-024528 DataBlock
  ..               00 00
024529-024551 FontNameBlock "la_gioconda_uppercase"
024552-024567 DataBlock
  ................ 12 00 00 00 04 00 00 00 00 00 00 00 d7 f8 ff ff
024568-024587 StringBlock "fe_section_heading"
024588-024611 DataBlock
  ................ 00 00 00 00 00 00 00 00 00 00 00 00 00 00 00 00
  ........         00 00 00 00 00 00 00 00
024612-024622 T0Block "normal_t0"
024623-024638 DataBlock
  ................ 00 00 00 00 00 00 00 00 00 00 00 00 00 00 00 00
024639-024649 T0Block "normal_t0"
024650-024733 DataBlock
  ................ 00 00 00 00 00 00 00 00 00 00 00 00 00 00 00 00
  ................ 00 00 00 00 00 00 00 00 00 00 00 00 00 00 00 00
  ................ 00 00 00 00 0a 00 00 00 00 00 00 00 00 00 00 00
  ................ 00 00 00 00 00 00 00 00 00 00 00 00 00 00 00 00
  ................ 00 00 00 00 00 00 00 00 00 01 00 00 00 00 00 00
  ....             00 00 00 00
