000000-000009 VersionBlock 86
000010-000013 RootIDBlock 526445920
000014-000019 StringBlock "root"
000020-000021 StringBlock ""
000022-000025 XOffsetBlock 0
000026-000029 YOffsetBlock 0
000030-000094 DataBlock
  ................ 00 01 01 00 00 00 00 01 00 00 00 00 01 00 00 00
  ................ 00 00 00 00 00 00 00 00 00 00 00 00 00 00 00 00
  ........*....... 00 00 01 00 00 00 a0 dc 2a 1f 00 00 00 05 00 00
  ................ c0 03 00 00 00 00 00 00 00 00 00 00 00 01 00 00
  .                00
000095-000098 StateIDBlock 526446784
000099-000108 NewStateBlock "NewState"
000109-000112 XSizeBlock 1280
000113-000116 YSizeBlock 960
000117-000145 DataBlock
  ................ 00 00 00 00 02 00 00 00 00 00 00 00 00 00 00 00
  .............    01 00 00 00 01 00 00 00 00 00 00 00 00
000146-000161 FontNameBlock "georgia_italic"
000162-000177 DataBlock
  ................ 0a 00 00 00 02 00 00 00 01 00 00 00 dd da fa ff
000178-000200 StringBlock "Default Font Category"
000201-000224 DataBlock
  ................ 00 00 00 00 00 00 00 00 00 00 00 00 00 00 00 00
  ........         00 00 00 00 01 00 00 00
000225-000235 T0Block "normal_t0"
000236-000251 DataBlock
  ................ 00 00 00 00 00 00 00 00 00 00 00 00 00 00 00 00
000252-000262 T0Block "normal_t0"
000263-000393 DataBlock
  ................ 00 00 00 00 00 00 00 00 00 00 00 00 00 00 00 00
  ......*......... 01 00 00 00 a0 dc 2a 1f 00 00 00 00 00 00 00 00
  ................ 00 05 00 00 c0 03 00 00 7f 7f 7f ff 00 00 00 00
  ................ 00 00 00 00 00 00 00 00 00 00 00 01 01 00 00 00
  ................ 00 00 00 00 00 00 00 00 00 00 00 00 00 00 00 00
  ................ 00 00 00 00 00 00 00 00 00 00 00 00 00 00 00 00
  ................ 00 00 00 00 00 00 00 00 00 00 00 00 00 00 00 00
  ................ 00 00 00 00 00 00 00 00 00 00 00 01 00 00 00 e0
  .`.              f2 60 1f
000394-000418 StringBlock "in_battle_results_popup"
000419-000438 StringBlock "BattleResultsPopup"
000439-000484 DataBlock
  ................ af 01 00 00 c4 00 00 00 00 01 01 00 00 00 00 01
  ................ 00 00 00 00 01 00 00 00 00 05 00 00 00 00 00 00
  ..............   00 00 00 00 00 00 00 00 00 00 06 00 00 00
000485-000538 ImageBlock id=522903072 xsize=64 ysize=64 path="ui\\skins\\3c\\component_background.png" unknown=2149703680
000539-000539 DataBlock
  .                1d
000540-000583 ImagePathBlock "ui\\skins\\3c\\component_edge_frame_right.png"
000584-000592 DataBlock
  .........        1c 00 00 00 17 00 00 00 00
000593-000651 ImageBlock id=556421696 xsize=28 ysize=23 path="ui\\skins\\3c\\component_edge_frame_left.png" unknown=1931509760
000652-000652 DataBlock
  .                1d
000653-000689 ImagePathBlock "ui\\skins\\3c\\background_gradient.png"
000690-000694 DataBlock
  r...W            72 00 00 00 57
000695-000758 ImageListBlock 1 elements:
  000699-000758 ImageBlock id=556422080 xsize=139 ysize=84 path="ui\\skins\\3c\\background_gradient_bottom.png" unknown=710230016
000759-000759 DataBlock
  !                21
000760-000795 ImagePathBlock "ui\\skins\\3c\\background_pattern.png"
000796-000816 DataBlock
  ................ ab 00 00 00 19 00 00 00 00 00 00 00 00 00 00 00
  .....            00 01 00 00 00
000817-000820 StateIDBlock 226738992
000821-000830 NewStateBlock "NewState"
000831-000834 XSizeBlock 418
000835-000838 YSizeBlock 567
000839-000867 DataBlock
  ................ 00 00 00 00 04 00 00 00 04 00 00 00 00 00 00 00
  .............    01 00 00 00 01 00 00 00 00 00 00 00 00
000868-000883 FontNameBlock "georgia_italic"
000884-000899 DataBlock
  ................ 0a 00 00 00 02 00 00 00 01 00 00 00 dd da fa ff
000900-000922 StringBlock "Default Font Category"
000923-000946 DataBlock
  ................ 00 00 00 00 00 00 00 00 00 00 00 00 00 00 00 00
  ........         00 00 00 00 01 00 00 00
000947-000957 T0Block "normal_t0"
000958-000973 DataBlock
  ................ 00 00 00 00 00 00 00 00 00 00 00 00 00 00 00 00
000974-000984 T0Block "normal_t0"
000985-001004 DataBlock
  ................ 00 00 00 00 00 00 00 00 00 00 00 00 00 00 00 00
  ....             06 00 00 00
001005-001028 ImageUseBlock id=522903072 xofs=0 yofs=4294967284 xsize=418 ysize=610 brga=4294967295
001029-001162 DataBlock
  ................ 01 00 00 00 00 00 00 00 00 00 00 00 00 00 00 01
  ................ 01 00 00 00 00 00 00 00 00 00 00 00 00 00 00 00
  ................ 00 00 00 00 00 00 00 00 00 00 00 00 00 00 00 00
  ..A...A.!....... 00 d8 41 00 00 d8 41 e0 21 80 1d 86 01 00 00 f4
  ................ ff ff ff 1c 00 00 00 17 00 00 00 ff ff ff ff 01
  ................ 00 00 03 00 00 00 00 00 00 00 f4 ff ff ff 00 00
  ................ 00 00 00 00 00 00 00 00 00 00 00 00 00 00 00 00
  ................ 00 00 00 00 00 00 00 00 00 00 00 00 00 00 00 00
  ......           00 00 00 00 00 00
001163-001186 ImageUseBlock id=556421696 xofs=0 yofs=4294967284 xsize=28 ysize=23 brga=4294967295
001187-001320 DataBlock
  ................ 01 00 00 01 00 00 00 00 00 00 00 f4 ff ff ff 00
  ................ 00 00 00 00 00 00 00 00 00 00 00 00 00 00 00 00
  ................ 00 00 00 00 00 00 00 00 00 00 00 00 00 00 00 00
  ........ s...... 00 00 00 00 00 00 00 80 20 73 1d 08 00 00 00 04
  .......J........ 00 00 00 91 01 00 00 4a 02 00 00 ff ff ff ff 00
  ................ 00 00 08 00 00 00 00 00 00 00 17 00 00 00 00 00
  ................ 00 00 00 00 00 00 00 00 00 00 00 00 00 00 00 00
  ................ 00 00 00 00 00 00 00 00 00 00 00 00 00 00 00 00
  ......           00 00 00 00 00 00
001321-001344 ImageUseBlock id=556422080 xofs=9 yofs=493 xsize=400 ysize=84 brga=4294967295
001345-001510 DataBlock
  ................ 01 00 00 08 00 00 00 00 00 00 00 0a 00 00 00 01
  ................ 01 00 00 00 00 00 00 00 00 00 00 00 00 00 00 00
  ................ 00 00 00 00 00 00 00 00 00 00 00 00 00 00 00 00
  .......@U*!....6 00 00 00 00 00 00 00 40 55 2a 21 08 00 00 00 36
  ................ 02 00 00 91 01 00 00 19 00 00 00 ff ff ff ff 01
  ................ 00 00 08 00 00 00 00 00 00 00 18 00 00 00 00 00
  ................ 00 00 00 00 00 00 00 00 00 00 00 00 00 00 00 00
  ................ 00 00 00 00 00 00 00 00 00 00 00 00 00 00 00 00
  ................ 00 00 00 00 00 00 00 00 00 00 00 00 00 00 00 00
  ................ 00 00 00 00 00 00 0a 00 00 00 00 00 00 00 05 00
  ....*.           00 00 e0 de 2a 1f
001511-001528 StringBlock "panel_decoration"
001529-001572 DataBlock
  ..z............. 00 00 7a 00 00 00 00 00 00 00 00 00 00 00 00 00
  ................ 00 01 00 00 00 00 01 00 00 00 00 02 00 00 00 00
  ........`.*.     00 00 00 00 00 00 00 00 60 e6 2a 1f
001573-001638 ImageListBlock 1 elements:
  001577-001638 ImageBlock id=522900608 xsize=174 ysize=34 path="ui\\skins\\default\\panel_decoration_battle.png" unknown=0
001639-001647 DataBlock
  .........        00 00 00 00 00 01 00 00 00
001648-001651 StateIDBlock 522905184
001652-001661 NewStateBlock "NewState"
001662-001665 XSizeBlock 174
001666-001669 YSizeBlock 34
001670-001698 DataBlock
  ................ 00 00 00 00 02 00 00 00 00 00 00 00 00 00 00 00
  .............    01 00 00 00 01 00 00 00 00 00 00 00 00
001699-001714 FontNameBlock "georgia_italic"
001715-001730 DataBlock
  ................ 0a 00 00 00 02 00 00 00 01 00 00 00 dd da fa ff
001731-001753 StringBlock "Default Font Category"
001754-001777 DataBlock
  ................ 00 00 00 00 00 00 00 00 00 00 00 00 00 00 00 00
  ........         00 00 00 00 00 00 00 00
001778-001788 T0Block "normal_t0"
001789-001804 DataBlock
  ................ 00 00 00 00 00 00 00 00 00 00 00 00 00 00 00 00
001805-001815 T0Block "normal_t0"
001816-001835 DataBlock
  ................ 00 00 00 00 00 00 00 00 00 00 00 00 00 00 00 00
  ....             01 00 00 00
001836-001859 ImageUseBlock id=522900608 xofs=0 yofs=4294967251 xsize=174 ysize=34 brga=4294967295
001860-001955 DataBlock
  ................ 00 00 00 00 00 00 00 00 00 00 00 00 00 00 00 00
  ................ 00 00 00 00 00 00 00 00 00 00 00 00 00 00 00 00
  ................ 00 00 00 00 00 00 00 00 00 00 00 00 00 00 00 00
  ................ 00 00 00 00 00 00 00 00 00 00 00 00 00 00 00 00
  ................ 00 00 00 00 00 00 00 00 00 00 00 00 00 00 00 00
  ............@... 00 00 00 00 00 00 00 00 00 00 00 00 40 9b a2 1f
001956-001969 StringBlock "faction_flag"
001970-002017 DataBlock
  ..w...7......... 00 00 77 00 00 00 37 00 00 00 00 00 00 00 00 00
  ................ 00 01 00 00 00 00 01 00 00 00 00 00 00 00 00 00
  ................ 00 00 00 00 00 00 00 00 a0 ce a2 1f 02 00 00 00
002018-002063 ImageBlock id=526450496 xsize=16 ysize=16 path="ui\\skins\\default\\mon_256.png" unknown=719872000
002064-002064 DataBlock
  .                1f
002065-002111 ImagePathBlock "ui\\skins\\default\\defeat_panel_mon_overlay.png"
002112-002136 DataBlock
  ................ b4 00 00 00 b4 00 00 00 00 00 00 00 00 00 00 00
  .........        00 02 00 00 00 a0 ce a2 1f
002137-002145 StringBlock "default"
002146-002182 DataBlock
  ................ b4 00 00 00 b4 00 00 00 00 00 00 00 02 00 00 00
  ................ 00 00 00 00 00 00 00 00 01 00 00 00 01 00 00 00
  .....            00 00 00 00 00
002183-002198 FontNameBlock "georgia_italic"
002199-002214 DataBlock
  ................ 0a 00 00 00 02 00 00 00 01 00 00 00 dd da fa ff
002215-002237 StringBlock "Default Font Category"
002238-002261 DataBlock
  ................ 00 00 00 00 00 00 00 00 00 00 00 00 00 00 00 00
  ........         00 00 00 00 00 00 00 00
002262-002272 T0Block "normal_t0"
002273-002288 DataBlock
  ................ 00 00 00 00 00 00 00 00 00 00 00 00 00 00 00 00
002289-002299 T0Block "normal_t0"
002300-002319 DataBlock
  ................ 00 00 00 00 00 00 00 00 00 00 00 00 00 00 00 00
  ....             01 00 00 00
002320-002343 ImageUseBlock id=526450496 xofs=0 yofs=0 xsize=180 ysize=180 brga=4293980400
002344-002414 DataBlock
  ................ 00 00 00 00 00 00 00 00 00 00 00 00 00 00 00 01
  ................ 01 00 00 00 00 00 00 00 00 00 00 00 00 00 00 00
  ................ 00 00 00 00 00 00 00 00 00 00 00 00 00 00 00 00
  ................ 00 00 00 00 00 00 00 00 00 00 00 00 00 00 00 00
  .....O           00 00 00 80 15 4f 20
002415-002421 StringBlock "loser"
002422-002458 DataBlock
  ................ b4 00 00 00 b4 00 00 00 00 00 00 00 02 00 00 00
  ................ 00 00 00 00 00 00 00 00 01 00 00 00 01 00 00 00
  .....            00 00 00 00 00
002459-002474 FontNameBlock "georgia_italic"
002475-002490 DataBlock
  ................ 0a 00 00 00 02 00 00 00 01 00 00 00 dd da fa ff
002491-002513 StringBlock "Default Font Category"
002514-002537 DataBlock
  ................ 00 00 00 00 00 00 00 00 00 00 00 00 00 00 00 00
  ........         00 00 00 00 00 00 00 00
002538-002548 T0Block "normal_t0"
002549-002564 DataBlock
  ................ 00 00 00 00 00 00 00 00 00 00 00 00 00 00 00 00
002565-002575 T0Block "normal_t0"
002576-002595 DataBlock
  ................ 00 00 00 00 00 00 00 00 00 00 00 00 00 00 00 00
  ....             02 00 00 00
002596-002619 ImageUseBlock id=526450496 xofs=0 yofs=0 xsize=180 ysize=180 brga=4293980400
002620-002785 DataBlock
  ................ 00 00 00 00 00 00 00 00 00 00 00 00 00 00 00 01
  ................ 01 00 00 00 00 00 00 00 00 00 00 00 00 00 00 00
  ................ 00 00 00 00 00 00 00 00 00 00 00 00 00 00 00 00
  .......`.*...... 00 00 00 00 00 00 00 60 e8 2a 1f 00 00 00 00 00
  ................ 00 00 00 b4 00 00 00 b4 00 00 00 ff ff ff ff 00
  ................ 00 00 00 00 00 00 00 00 00 00 00 00 00 00 01 01
  ................ 00 00 00 00 00 00 00 00 00 00 00 00 00 00 00 00
  ................ 00 00 00 00 00 00 00 00 00 00 00 00 00 00 00 00
  ................ 00 00 00 00 00 00 00 00 00 00 00 00 00 00 00 00
  ................ 00 00 00 00 00 00 00 00 00 00 00 00 00 00 01 00
  ..@.O            00 00 40 19 4f 20
002786-002792 StringBlock "frame"
002793-002836 DataBlock
  ................ 00 00 f7 ff ff ff f5 ff ff ff 00 00 00 00 00 00
  ................ 00 01 00 00 00 00 01 00 00 00 00 00 00 00 00 00
  .........1O      00 00 00 00 00 00 00 00 00 31 4f 20
002837-002896 ImageListBlock 1 elements:
  002841-002896 ImageBlock id=542055552 xsize=200 ysize=200 path="ui\\skins\\default\\flag_holder_large.png" unknown=0
002897-002905 DataBlock
  .........        00 00 00 00 00 01 00 00 00
002906-002909 StateIDBlock 542060800
002910-002919 NewStateBlock "NewState"
002920-002923 XSizeBlock 200
002924-002927 YSizeBlock 200
002928-002956 DataBlock
  ................ 00 00 00 00 02 00 00 00 00 00 00 00 00 00 00 00
  .............    01 00 00 00 01 00 00 00 00 00 00 00 00
002957-002972 FontNameBlock "georgia_italic"
002973-002988 DataBlock
  ................ 0a 00 00 00 02 00 00 00 01 00 00 00 dd da fa ff
002989-003011 StringBlock "Default Font Category"
003012-003035 DataBlock
  ................ 00 00 00 00 00 00 00 00 00 00 00 00 00 00 00 00
  ........         00 00 00 00 00 00 00 00
003036-003046 T0Block "normal_t0"
003047-003062 DataBlock
  ................ 00 00 00 00 00 00 00 00 00 00 00 00 00 00 00 00
003063-003073 T0Block "normal_t0"
003074-003093 DataBlock
  ................ 00 00 00 00 00 00 00 00 00 00 00 00 00 00 00 00
  ....             01 00 00 00
003094-003117 ImageUseBlock id=542055552 xofs=0 yofs=0 xsize=200 ysize=200 brga=4294967295
003118-003222 DataBlock
  ................ 00 00 00 00 00 00 00 00 00 00 00 00 00 00 00 01
  ................ 01 00 00 00 00 00 00 00 00 00 00 00 00 00 00 00
  ................ 00 00 00 00 00 00 00 00 00 00 00 00 00 00 00 00
  ................ 00 00 00 00 00 00 00 00 00 00 00 00 00 00 00 00
  ................ 00 00 00 00 00 00 00 00 00 00 00 00 00 00 00 00
  ................ 00 00 00 00 00 00 00 00 00 00 00 00 00 00 00 00
  ......4O         00 00 00 00 00 00 34 4f 20
003223-003235 StringBlock "tx_text_box"
003236-003299 DataBlock
  ................ 00 00 0e 00 00 00 f7 00 00 00 00 01 01 00 00 00
  ................ 00 01 00 00 00 00 01 00 00 00 00 00 00 00 00 00
  ........@7O .... 00 00 00 00 00 00 00 00 40 37 4f 20 00 00 00 00
  ............@7O  00 00 00 00 00 00 00 00 02 00 00 00 40 37 4f 20
003300-003307 StringBlock "normal"
003308-003315 DataBlock
  ....L...         86 01 00 00 4c 00 00 00
003316-003331 UnicodeBlock "dy_text"
003332-003354 DataBlock
  ................ 00 00 04 00 00 00 00 00 00 00 00 00 00 00 01 00
  .......          00 00 01 00 00 00 00
003355-003414 UnicodeBlock "tx_text_box_normal_Text_50000"
003415-003416 DataBlock
  ..               00 00
003417-003429 FontNameBlock "la_gioconda"
003430-003445 DataBlock
  ................ 0c 00 00 00 07 00 00 00 00 00 00 00 d7 f8 ff ff
003446-003454 StringBlock "fe_text"
003455-003478 DataBlock
  ................ 08 00 00 00 00 00 00 00 08 00 00 00 00 00 00 00
  ........         00 00 00 00 01 00 00 00
003479-003489 T0Block "normal_t0"
003490-003505 DataBlock
  ................ 00 00 00 00 00 00 00 00 00 00 00 00 00 00 00 00
003506-003516 T0Block "normal_t0"
003517-003552 DataBlock
  ................ 00 00 00 00 00 00 00 00 00 00 00 00 00 00 00 00
  ................ 00 00 00 00 00 00 00 00 00 00 00 00 00 00 00 00
  @9O              40 39 4f 20
003553-003567 StringBlock "lost_prologue"
003568-003575 DataBlock
  ....L...         86 01 00 00 4c 00 00 00
003576-003713 UnicodeBlock "You have lost, would you like to rematch or return to the main menu?"
003714-003736 DataBlock
  ................ 00 00 04 00 00 00 00 00 00 00 00 00 00 00 01 00
  .......          00 00 01 00 00 00 01
003737-003812 UnicodeBlock "tx_text_box_lost_prologue_Text_5a001d"
003813-003814 DataBlock
  ..               00 00
003815-003827 FontNameBlock "la_gioconda"
003828-003843 DataBlock
  ................ 0c 00 00 00 07 00 00 00 00 00 00 00 d7 f8 ff ff
003844-003852 StringBlock "fe_text"
003853-003876 DataBlock
  ................ 08 00 00 00 00 00 00 00 08 00 00 00 00 00 00 00
  ........         00 00 00 00 01 00 00 00
003877-003887 T0Block "normal_t0"
003888-003903 DataBlock
  ................ 00 00 00 00 00 00 00 00 00 00 00 00 00 00 00 00
003904-003914 T0Block "normal_t0"
003915-003975 DataBlock
  ................ 00 00 00 00 00 00 00 00 00 00 00 00 00 00 00 00
  ................ 00 00 00 00 00 00 00 00 00 00 00 00 00 00 00 00
  ....#........... 00 00 00 00 23 00 00 00 00 00 00 00 00 00 00 00
  ..........;O     00 00 00 00 00 00 00 00 00 80 3b 4f 20
003976-003987 StringBlock "text_panel"
003988-004051 DataBlock
  ................ 00 00 00 00 00 00 08 00 00 00 00 01 01 00 00 00
  ................ 00 01 00 00 00 00 01 00 00 00 00 00 00 00 00 00
  ................ 00 00 00 00 00 00 00 00 00 00 00 00 00 00 00 00
  .............>O  00 00 00 00 00 00 00 00 01 00 00 00 c0 3e 4f 20
004052-004059 StringBlock "normal"
004060-004096 DataBlock
  ....$........... a2 01 00 00 24 00 00 00 00 00 00 00 04 00 00 00
  ................ 04 00 00 00 00 00 00 00 01 00 00 00 01 00 00 00
  .....            00 00 00 00 00
004097-004109 FontNameBlock "la_gioconda"
004110-004125 DataBlock
  ................ 0c 00 00 00 07 00 00 00 00 00 00 00 00 00 00 ff
004126-004138 StringBlock "ingame_text"
004139-004162 DataBlock
  ................ 00 00 00 00 00 00 00 00 00 00 00 00 00 00 00 00
  ........         00 00 00 00 01 00 00 00
004163-004173 T0Block "normal_t0"
004174-004189 DataBlock
  ................ 00 00 00 00 00 00 00 00 00 00 00 00 00 00 00 00
004190-004205 T0Block "drop_shadow_t0"
004206-004257 DataBlock
  .......?...@.... 00 00 00 00 00 00 80 3f 00 00 00 40 00 00 00 00
  ................ 00 00 00 00 00 00 00 00 00 00 00 00 00 00 00 00
  ................ 00 00 00 00 0a 00 00 00 00 00 00 00 01 00 00 00
  .@O              c0 40 4f 20
004258-004266 StringBlock "DY_text"
004267-004310 DataBlock
  ................ 00 00 00 00 00 00 00 00 00 00 00 01 01 00 00 00
  ................ 00 01 00 00 00 00 01 00 00 00 00 00 00 00 00 00
  ............     00 00 00 00 00 00 00 00 00 00 00 00
004311-004359 ImageListBlock 1 elements:
  004315-004359 ImageBlock id=542065728 xsize=400 ysize=24 path="ui\\skins\\default\\h_line.png" unknown=0
004360-004372 DataBlock
  ..........JO     00 00 00 00 00 01 00 00 00 80 4a 4f 20
004373-004380 StringBlock "normal"
004381-004388 DataBlock
  ........         a2 01 00 00 1f 00 00 00
004389-004408 UnicodeBlock "DY_Header"
004409-004431 DataBlock
  ................ 00 00 04 00 00 00 00 00 00 00 00 00 00 00 00 00
  .......          00 00 01 00 00 00 01
004432-004487 UnicodeBlock "dy_title_normal_Text_670010"
004488-004489 DataBlock
  ..               00 00
004490-004512 FontNameBlock "la_gioconda_uppercase"
004513-004528 DataBlock
  ................ 18 00 00 00 04 00 00 00 00 00 00 00 d7 f8 ff ff
004529-004545 StringBlock "fe_page_heading"
004546-004569 DataBlock
  ................ 0f 00 00 00 00 00 00 00 07 00 00 00 00 00 00 00
  ........         00 00 00 00 01 00 00 00
004570-004580 T0Block "normal_t0"
004581-004596 DataBlock
  ................ 00 00 00 00 00 00 00 00 00 00 00 00 00 00 00 00
004597-004612 T0Block "drop_shadow_t0"
004613-004632 DataBlock
  .......?...@.... 00 00 00 00 00 00 80 3f 00 00 00 40 00 00 00 00
  ....             01 00 00 00
004633-004656 ImageUseBlock id=542065728 xofs=9 yofs=15 xsize=399 ysize=21 brga=4294967295
004657-004761 DataBlock
  ................ 00 00 00 00 00 00 00 00 00 00 00 00 00 00 00 01
  ................ 01 00 00 00 00 00 00 00 00 00 00 00 00 00 00 00
  ................ 00 00 00 00 00 00 00 00 00 00 00 00 00 00 00 00
  ................ 00 00 00 00 00 00 00 00 00 00 00 00 00 00 00 00
  ................ 00 00 00 00 00 00 00 0a 00 00 00 00 00 00 00 00
  ................ 00 00 00 00 00 00 00 00 00 00 00 00 00 00 00 00
  .....@MO         00 00 00 00 00 40 4d 4f 20
004762-004776 StringBlock "button_parent"
004777-004836 DataBlock
  ..(...G......... 00 00 28 00 00 00 47 01 00 00 00 01 01 00 00 00
  ................ 00 01 00 00 00 00 01 00 00 00 00 08 00 00 00 00
  .........PO .... 00 00 00 ec ff ff ff 00 c0 50 4f 20 00 00 00 00
  ............     00 00 00 00 00 00 00 00 01 00 00 00
004837-004840 StateIDBlock 542068928
004841-004850 NewStateBlock "NewState"
004851-004854 XSizeBlock 339
004855-004858 YSizeBlock 220
004859-004887 DataBlock
  ................ 00 00 00 00 02 00 00 00 00 00 00 00 00 00 00 00
  .............    01 00 00 00 01 00 00 00 00 00 00 00 00
004888-004903 FontNameBlock "georgia_italic"
004904-004919 DataBlock
  ................ 0a 00 00 00 02 00 00 00 01 00 00 00 dd da fa ff
004920-004942 StringBlock "Default Font Category"
004943-004966 DataBlock
  ................ 00 00 00 00 00 00 00 00 00 00 00 00 00 00 00 00
  ........         00 00 00 00 00 00 00 00
004967-004977 T0Block "normal_t0"
004978-004993 DataBlock
  ................ 00 00 00 00 00 00 00 00 00 00 00 00 00 00 00 00
004994-005004 T0Block "normal_t0"
005005-005040 DataBlock
  ................ 00 00 00 00 00 00 00 00 00 00 00 00 00 00 00 00
  ................ 00 00 00 00 00 00 00 00 00 00 00 00 00 00 00 00
  ....             01 00 00 00
005041-005052 StringBlock "button_gap"
005053-005072 DataBlock
  ..12............ 02 00 31 32 0a 00 00 00 00 00 00 00 04 00 00 00
  .RO              c0 52 4f 20
005073-005092 StringBlock "button_next_battle"
005093-005100 StringBlock "Button"
005101-005121 DataBlock
  ................ b0 00 00 00 d1 ff ff ff 00 01 00 00 00 00 00 00
  .....            00 00 00 00 01
005122-005149 UnicodeBlock "Next Tutorial"
005150-005217 UnicodeBlock "button_next_battle_Tooltip_220009"
005218-005238 DataBlock
  ..............dO 00 00 00 00 00 00 00 00 00 00 00 00 00 00 64 4f
   ....            20 06 00 00 00
005239-005294 ImageBlock id=542070336 xsize=12 ysize=28 path="ui\\skins\\default\\text_button_right.png" unknown=1331101696
005295-005295 DataBlock
                   20
005296-005336 ImagePathBlock "ui\\skins\\default\\text_button_center.png"
005337-005345 DataBlock
  \........        5c 00 00 00 1c 00 00 00 00
005346-005407 ImageBlock id=542070720 xsize=92 ysize=28 path="ui\\skins\\default\\text_button_down_center.png" unknown=1331200000
005408-005408 DataBlock
                   20
005409-005452 ImagePathBlock "ui\\skins\\default\\text_button_down_left.png"
005453-005461 DataBlock
  .........        0c 00 00 00 1c 00 00 00 00
005462-005522 ImageBlock id=542071104 xsize=12 ysize=28 path="ui\\skins\\default\\text_button_down_right.png" unknown=1331298304
005523-005523 DataBlock
                   20
005524-005562 ImagePathBlock "ui\\skins\\default\\text_button_left.png"
005563-005587 DataBlock
  ................ 0c 00 00 00 1c 00 00 00 00 00 00 00 00 00 00 00
  ......ZO         00 05 00 00 00 c0 5a 4f 20
005588-005594 StringBlock "hover"
005595-005631 DataBlock
  ................ b4 00 00 00 1c 00 00 00 00 00 00 00 02 00 00 00
  ................ 00 00 00 00 00 00 00 00 01 00 00 00 01 00 00 00
  .....            00 00 00 00 00
005632-005644 FontNameBlock "la_gioconda"
005645-005660 DataBlock
  ................ 0c 00 00 00 07 00 00 00 00 00 00 00 d7 f8 ff ff
005661-005676 StringBlock "ingame_tooltip"
005677-005700 DataBlock
  ................ 00 00 00 00 00 00 00 00 00 00 00 00 00 00 00 00
  ........         00 00 00 00 01 00 00 00
005701-005713 T0Block "brighten_t0"
005714-005729 DataBlock
  ...>............ 9a 99 99 3e 00 00 00 00 00 00 00 00 00 00 00 00
005730-005740 T0Block "normal_t0"
005741-005839 DataBlock
  ...>............ 9a 99 99 3e 00 00 00 00 00 00 00 00 00 00 00 00
  .....ZO ........ 03 00 00 00 00 5a 4f 20 00 00 00 00 00 00 00 00
  ................ 0c 00 00 00 1c 00 00 00 ff ff ff ff 00 00 00 04
  ................ 00 00 00 00 00 00 00 00 00 00 00 00 00 00 00 00
  ................ 00 00 00 00 00 00 00 00 00 00 00 00 00 00 00 00
  ................ 00 00 00 00 00 00 00 00 00 00 00 00 00 00 00 00
  ...              00 00 00
005840-005863 ImageUseBlock id=542070336 xofs=168 yofs=0 xsize=12 ysize=28 brga=4294967295
005864-006053 DataBlock
  ................ 00 00 00 06 00 00 00 00 00 00 00 00 00 00 00 00
  ................ 00 00 00 00 00 00 00 00 00 00 00 00 00 00 00 00
  ................ 00 00 00 00 00 00 00 00 00 00 00 00 00 00 00 00
  ........WO ..... 00 00 00 00 00 00 00 00 57 4f 20 0c 00 00 00 00
  ................ 00 00 00 9c 00 00 00 1c 00 00 00 ff ff ff ff 01
  ................ 00 00 05 00 00 00 00 00 00 00 00 00 00 00 01 00
  ................ 00 00 00 00 00 00 00 00 00 00 00 00 00 00 00 00
  ................ 00 00 00 00 00 00 00 00 00 00 00 00 00 00 00 00
  ................ 00 00 00 00 00 00 d5 00 00 00 11 00 00 00 02 00
  .......dO ...... 00 00 01 00 00 00 00 64 4f 20 00 00 00 00 00 00
  ...........iO .. 00 00 00 00 00 00 02 00 00 00 00 69 4f 20 00 00
  ..........@_O    00 00 00 00 00 00 00 00 00 00 40 5f 4f 20
006054-006063 StringBlock "inactive"
006064-006100 DataBlock
  ................ b4 00 00 00 1c 00 00 00 00 00 00 00 02 00 00 00
  ................ 00 00 00 00 00 00 00 00 01 00 00 00 01 00 00 00
  .....            00 00 00 00 00
006101-006113 FontNameBlock "la_gioconda"
006114-006129 DataBlock
  ................ 0c 00 00 00 07 00 00 00 00 00 00 00 d7 f8 ff ff
006130-006145 StringBlock "ingame_tooltip"
006146-006169 DataBlock
  ................ 00 00 00 00 00 00 00 00 00 00 00 00 00 00 00 00
  ........         00 00 00 00 01 01 00 00
006170-006187 T0Block "set_greyscale_t0"
006188-006203 DataBlock
  33s?...?........ 33 33 73 3f 00 00 80 3f 00 00 00 00 00 00 00 00
006204-006214 T0Block "normal_t0"
006215-006313 DataBlock
  33s?...?........ 33 33 73 3f 00 00 80 3f 00 00 00 00 00 00 00 00
  .....ZO ........ 03 00 00 00 00 5a 4f 20 00 00 00 00 00 00 00 00
  ................ 0c 00 00 00 1c 00 00 00 ff ff ff ff 00 00 00 04
  ................ 00 00 00 00 00 00 00 00 00 00 00 00 00 00 00 00
  ................ 00 00 00 00 00 00 00 00 00 00 00 00 00 00 00 00
  ................ 00 00 00 00 00 00 00 00 00 00 00 00 00 00 00 00
  ...              00 00 00
006314-006337 ImageUseBlock id=542070336 xofs=168 yofs=0 xsize=12 ysize=28 brga=4294967295
006338-006487 DataBlock
  ................ 00 00 00 06 00 00 00 00 00 00 00 00 00 00 00 00
  ................ 00 00 00 00 00 00 00 00 00 00 00 00 00 00 00 00
  ................ 00 00 00 00 00 00 00 00 00 00 00 00 00 00 00 00
  ........WO ..... 00 00 00 00 00 00 00 00 57 4f 20 0c 00 00 00 00
  ................ 00 00 00 9c 00 00 00 1c 00 00 00 ff ff ff ff 01
  ................ 00 00 05 00 00 00 00 00 00 00 00 00 00 00 01 00
  ................ 00 00 00 00 00 00 00 00 00 00 00 00 00 00 00 00
  ................ 00 00 00 00 00 00 00 00 00 00 00 00 00 00 00 00
  ................ 00 00 00 00 00 00 00 00 00 00 00 00 00 00 00 00
  ...dO            00 00 00 64 4f 20
006488-006495 StringBlock "active"
006496-006532 DataBlock
  ................ b4 00 00 00 1c 00 00 00 00 00 00 00 00 00 00 00
  ................ 02 00 00 00 00 00 00 00 01 00 00 00 01 00 00 00
  .....            00 00 00 00 00
006533-006545 FontNameBlock "la_gioconda"
006546-006561 DataBlock
  ................ 0c 00 00 00 07 00 00 00 00 00 00 00 d7 f8 ff ff
006562-006577 StringBlock "ingame_tooltip"
006578-006601 DataBlock
  ................ 00 00 00 00 00 00 00 00 00 00 00 00 00 00 00 00
  ........         00 00 00 00 01 00 00 00
006602-006612 T0Block "normal_t0"
006613-006628 DataBlock
  ................ 00 00 00 00 00 00 00 00 00 00 00 00 00 00 00 00
006629-006639 T0Block "normal_t0"
006640-006738 DataBlock
  ................ 00 00 00 00 00 00 00 00 00 00 00 00 00 00 00 00
  .....ZO ........ 03 00 00 00 00 5a 4f 20 00 00 00 00 00 00 00 00
  ................ 0c 00 00 00 1c 00 00 00 ff ff ff ff 00 00 00 04
  ................ 00 00 00 00 00 00 00 00 00 00 00 00 00 00 00 00
  ................ 00 00 00 00 00 00 00 00 00 00 00 00 00 00 00 00
  ................ 00 00 00 00 00 00 00 00 00 00 00 00 00 00 00 00
  ...              00 00 00
006739-006762 ImageUseBlock id=542070336 xofs=168 yofs=0 xsize=12 ysize=28 brga=4294967295
006763-006952 DataBlock
  ................ 00 00 00 06 00 00 00 00 00 00 00 00 00 00 00 00
  ................ 00 00 00 00 00 00 00 00 00 00 00 00 00 00 00 00
  ................ 00 00 00 00 00 00 00 00 00 00 00 00 00 00 00 00
  ........WO ..... 00 00 00 00 00 00 00 00 57 4f 20 0c 00 00 00 00
  ................ 00 00 00 9c 00 00 00 1c 00 00 00 ff ff ff ff 01
  ................ 00 00 05 00 00 00 00 00 00 00 00 00 00 00 01 00
  ................ 00 00 00 00 00 00 00 00 00 00 00 00 00 00 00 00
  ................ 00 00 00 00 00 00 00 00 00 00 00 00 00 00 00 00
  ......5......... 00 00 00 00 00 00 35 00 00 00 95 00 00 00 02 00
  .......ZO ...... 00 00 00 00 00 00 c0 5a 4f 20 00 00 00 00 00 00
  ...........iO .. 00 00 00 00 00 00 02 00 00 00 00 69 4f 20 00 00
  ...........iO    00 00 00 00 00 00 00 00 00 00 00 69 4f 20
006953-006958 StringBlock "down"
006959-006995 DataBlock
  ................ b4 00 00 00 1c 00 00 00 00 00 00 00 00 00 00 00
  ................ 02 00 00 00 00 00 00 00 01 00 00 00 01 00 00 00
  .....            00 00 00 00 00
006996-007008 FontNameBlock "la_gioconda"
007009-007024 DataBlock
  ................ 0c 00 00 00 07 00 00 00 00 00 00 00 d7 f8 ff ff
007025-007040 StringBlock "ingame_tooltip"
007041-007064 DataBlock
  ................ 00 00 00 00 00 00 00 00 00 00 00 00 00 00 00 00
  ........         00 00 00 00 01 00 00 00
007065-007077 T0Block "brighten_t0"
007078-007093 DataBlock
  ...>............ 9a 99 99 3e 00 00 00 00 00 00 00 00 00 00 00 00
007094-007104 T0Block "normal_t0"
007105-007124 DataBlock
  ...>............ 9a 99 99 3e 00 00 00 00 00 00 00 00 00 00 00 00
  ....             03 00 00 00
007125-007148 ImageUseBlock id=542071104 xofs=168 yofs=0 xsize=12 ysize=28 brga=4294967295
007149-007282 DataBlock
  ................ 00 00 00 06 00 00 00 00 00 00 00 00 00 00 00 00
  ................ 00 00 00 00 00 00 00 00 00 00 00 00 00 00 00 00
  ................ 00 00 00 00 00 00 00 00 00 00 00 00 00 00 00 00
  ........XO ..... 00 00 00 00 00 00 00 80 58 4f 20 00 00 00 00 00
  ................ 00 00 00 0c 00 00 00 1c 00 00 00 ff ff ff ff 00
  ................ 00 00 04 00 00 00 00 00 00 00 00 00 00 00 00 00
  ................ 00 00 00 00 00 00 00 00 00 00 00 00 00 00 00 00
  ................ 00 00 00 00 00 00 00 00 00 00 00 00 00 00 00 00
  ......           00 00 00 00 00 00
007283-007306 ImageUseBlock id=542070720 xofs=12 yofs=0 xsize=156 ysize=28 brga=4294967295
007307-007417 DataBlock
  ................ 01 00 00 05 00 00 00 00 00 00 00 00 00 00 00 01
  ................ 00 00 00 00 00 00 00 00 00 00 00 00 00 00 00 00
  ................ 00 00 00 00 00 00 00 00 00 00 00 00 00 00 00 00
  .......h........ 00 00 00 00 00 00 00 68 01 00 00 93 00 00 00 02
  ........mO ..... 00 00 00 01 00 00 00 c0 6d 4f 20 00 00 00 00 00
  ............ZO . 00 00 00 00 00 00 00 03 00 00 00 c0 5a 4f 20 00
  ............mO   00 00 00 00 00 00 00 00 00 00 00 c0 6d 4f 20
007418-007427 StringBlock "down_off"
007428-007464 DataBlock
  ................ b4 00 00 00 1c 00 00 00 00 00 00 00 02 00 00 00
  ................ 00 00 00 00 00 00 00 00 01 00 00 00 01 00 00 00
  .....            00 00 00 00 00
007465-007477 FontNameBlock "la_gioconda"
007478-007493 DataBlock
  ................ 0c 00 00 00 07 00 00 00 00 00 00 00 d7 f8 ff ff
007494-007509 StringBlock "ingame_tooltip"
007510-007533 DataBlock
  ................ 00 00 00 00 00 00 00 00 00 00 00 00 00 00 00 00
  ........         00 00 00 00 01 00 00 00
007534-007544 T0Block "normal_t0"
007545-007560 DataBlock
  ................ 00 00 00 00 00 00 00 00 00 00 00 00 00 00 00 00
007561-007571 T0Block "normal_t0"
007572-007591 DataBlock
  ................ 00 00 00 00 00 00 00 00 00 00 00 00 00 00 00 00
  ....             03 00 00 00
007592-007615 ImageUseBlock id=542071104 xofs=168 yofs=0 xsize=12 ysize=28 brga=4294967295
007616-007749 DataBlock
  ................ 00 00 00 06 00 00 00 00 00 00 00 00 00 00 00 00
  ................ 00 00 00 00 00 00 00 00 00 00 00 00 00 00 00 00
  ................ 00 00 00 00 00 00 00 00 00 00 00 00 00 00 00 00
  ........XO ..... 00 00 00 00 00 00 00 80 58 4f 20 00 00 00 00 00
  ................ 00 00 00 0c 00 00 00 1c 00 00 00 ff ff ff ff 00
  ................ 00 00 04 00 00 00 00 00 00 00 00 00 00 00 00 00
  ................ 00 00 00 00 00 00 00 00 00 00 00 00 00 00 00 00
  ................ 00 00 00 00 00 00 00 00 00 00 00 00 00 00 00 00
  ......           00 00 00 00 00 00
007750-007773 ImageUseBlock id=542070720 xofs=12 yofs=0 xsize=156 ysize=28 brga=4294967295
007774-007900 DataBlock
  ................ 01 00 00 05 00 00 00 00 00 00 00 00 00 00 00 01
  ................ 00 00 00 00 00 00 00 00 00 00 00 00 00 00 00 00
  ................ 00 00 00 00 00 00 00 00 00 00 00 00 00 00 00 00
  ................ 00 00 00 00 00 00 00 de 00 00 00 0b 01 00 00 02
  ........iO ..... 00 00 00 00 00 00 00 00 69 4f 20 00 00 00 00 00
  ............dO . 00 00 00 00 00 00 00 0b 00 00 00 00 64 4f 20 00
  ................ 00 00 00 00 00 00 00 00 00 00 00 00 00 00 00 0a
  ............rO   00 00 00 00 00 00 00 01 00 00 00 80 72 4f 20
007901-007917 StringBlock "button_next_txt"
007918-007977 DataBlock
  ................ 00 00 13 00 00 00 06 00 00 00 00 01 01 00 00 00
  ................ 00 01 00 00 00 00 01 00 00 00 00 00 00 00 00 00
  ................ 00 00 00 00 00 00 00 00 00 00 00 00 00 00 00 00
  ............     00 00 00 00 00 00 00 00 01 00 00 00
007978-007981 StateIDBlock 542078400
007982-007991 NewStateBlock "NewState"
007992-007995 XSizeBlock 142
007996-007999 YSizeBlock 19
008000-008027 UnicodeBlock "Next Tutorial"
008028-008050 DataBlock
  ................ 00 00 04 00 00 00 04 00 00 00 00 00 00 00 02 00
  .......          00 00 01 00 00 00 01
008051-008118 UnicodeBlock "button_next_battle_Tooltip_220009"
008119-008120 DataBlock
  ..               00 00
008121-008143 FontNameBlock "la_gioconda_uppercase"
008144-008159 DataBlock
  ................ 10 00 00 00 04 00 00 00 00 00 00 00 00 00 00 ff
008160-008175 StringBlock "fe_button_text"
008176-008199 DataBlock
  ................ 00 00 00 00 00 00 00 00 00 00 00 00 00 00 00 00
  ........         00 00 00 00 00 00 00 00
008200-008210 T0Block "normal_t0"
008211-008226 DataBlock
  ................ 00 00 00 00 00 00 00 00 00 00 00 00 00 00 00 00
008227-008237 T0Block "normal_t0"
008238-008295 DataBlock
  ................ 00 00 00 00 00 00 00 00 00 00 00 00 00 00 00 00
  ................ 00 00 00 00 00 00 00 00 00 00 00 00 00 00 00 00
  ................ 00 00 00 00 0a 00 00 00 00 00 00 00 00 00 00 00
  ..........       00 00 00 00 00 00 00 00 00 00
008296-008318 StringBlock "grp_gw_generic_button"
008319-008328 DataBlock
  .......xO        00 00 00 00 00 00 80 78 4f 20
008329-008350 StringBlock "replay_button_parent"
008351-008414 DataBlock
  ................ 00 00 00 00 00 00 00 00 00 00 00 01 01 00 00 00
  ................ 00 01 00 00 00 00 01 00 00 00 00 02 00 00 00 00
  ................ 00 00 00 00 00 00 00 00 00 00 00 00 00 00 00 00
  .............|O  00 00 00 00 00 00 00 00 01 00 00 00 00 7c 4f 20
008415-008422 StringBlock "normal"
008423-008459 DataBlock
  T...d........... 54 01 00 00 64 00 00 00 00 00 00 00 04 00 00 00
  ................ 04 00 00 00 00 00 00 00 01 00 00 00 01 00 00 00
  .....            00 00 00 00 00
008460-008472 FontNameBlock "la_gioconda"
008473-008488 DataBlock
  ................ 0c 00 00 00 07 00 00 00 00 00 00 00 00 00 00 ff
008489-008501 StringBlock "ingame_text"
008502-008525 DataBlock
  ................ 00 00 00 00 00 00 00 00 00 00 00 00 00 00 00 00
  ........         00 00 00 00 00 00 00 00
008526-008536 T0Block "normal_t0"
008537-008552 DataBlock
  ................ 00 00 00 00 00 00 00 00 00 00 00 00 00 00 00 00
008553-008563 T0Block "normal_t0"
008564-008615 DataBlock
  ................ 00 00 00 00 00 00 00 00 00 00 00 00 00 00 00 00
  ................ 00 00 00 00 00 00 00 00 00 00 00 00 00 00 00 00
  ....#........... 00 00 00 00 23 00 00 00 00 00 00 00 02 00 00 00
  .~O              00 7e 4f 20
008616-008635 StringBlock "button_load_replay"
008636-008647 StringBlock "TextButton"
008648-008693 DataBlock
  ................ 00 00 00 00 00 00 00 00 00 01 01 00 00 00 00 01
  ................ 00 00 00 00 01 00 00 00 00 02 00 00 00 00 00 00
  ........O ....   00 00 00 00 00 00 80 8e 4f 20 04 00 00 00
008694-008755 ImageBlock id=542081408 xsize=64 ysize=64 path="ui\\skins\\default\\ee_frontend_button_idle.png" unknown=1334067200
008756-008756 DataBlock
                   20
008757-008803 ImagePathBlock "ui\\skins\\default\\ee_frontend_button_hover.png"
008804-008812 DataBlock
  @...@....        40 00 00 00 40 00 00 00 00
008813-008875 ImageBlock id=542082880 xsize=64 ysize=64 path="ui\\skins\\default\\ee_frontend_button_press.png" unknown=1334312960
008876-008876 DataBlock
                   20
008877-008922 ImagePathBlock "ui\\skins\\default\\ee_frontend_button_idle.png"
008923-008947 DataBlock
  @...@........... 40 00 00 00 40 00 00 00 00 00 00 00 00 00 00 00
  .......O         00 05 00 00 00 c0 88 4f 20
008948-008954 StringBlock "hover"
008955-008991 DataBlock
  T...(........... 54 01 00 00 28 00 00 00 00 00 00 00 02 00 00 00
  ................ 00 00 00 00 00 00 00 00 01 00 00 00 01 00 00 00
  .....            00 00 00 00 00
008992-009007 FontNameBlock "georgia_italic"
009008-009023 DataBlock
  ................ 0a 00 00 00 02 00 00 00 01 00 00 00 dd da fa ff
009024-009046 StringBlock "Default Font Category"
009047-009070 DataBlock
  ................ 00 00 00 00 00 00 00 00 00 00 00 00 00 00 00 00
  ........         00 00 00 00 01 00 00 00
009071-009081 T0Block "normal_t0"
009082-009097 DataBlock
  ................ 00 00 00 00 00 00 00 00 00 00 00 00 00 00 00 00
009098-009108 T0Block "normal_t0"
009109-009128 DataBlock
  ................ 00 00 00 00 00 00 00 00 00 00 00 00 00 00 00 00
  ....             01 00 00 00
009129-009152 ImageUseBlock id=542081408 xofs=0 yofs=0 xsize=340 ysize=40 brga=4294967295
009153-009263 DataBlock
  ................ 00 00 00 00 00 00 00 00 00 00 00 00 00 00 00 01
  ................ 01 00 00 00 00 00 00 00 00 00 00 00 00 00 00 00
  ................ 00 00 00 00 00 00 00 00 00 00 00 00 00 00 00 00
  ................ 00 00 00 00 00 00 00 d5 00 00 00 11 00 00 00 02
  .........O ..... 00 00 00 01 00 00 00 80 8e 4f 20 00 00 00 00 00
  .............O . 00 00 00 00 00 00 00 02 00 00 00 80 91 4f 20 00
  .............O   00 00 00 00 00 00 00 00 00 00 00 80 8b 4f 20
009264-009273 StringBlock "inactive"
009274-009310 DataBlock
  T...(........... 54 01 00 00 28 00 00 00 00 00 00 00 02 00 00 00
  ................ 00 00 00 00 00 00 00 00 01 00 00 00 01 00 00 00
  .....            00 00 00 00 00
009311-009326 FontNameBlock "georgia_italic"
009327-009342 DataBlock
  ................ 0a 00 00 00 02 00 00 00 01 00 00 00 dd da fa ff
009343-009365 StringBlock "Default Font Category"
009366-009389 DataBlock
  ................ 00 00 00 00 00 00 00 00 00 00 00 00 00 00 00 00
  ........         00 00 00 00 01 01 00 00
009390-009407 T0Block "set_greyscale_t0"
009408-009423 DataBlock
  ...?...?........ 00 00 80 3f 00 00 00 3f 00 00 00 00 00 00 00 00
009424-009434 T0Block "normal_t0"
009435-009549 DataBlock
  ................ 00 00 00 00 00 00 00 00 00 00 00 00 00 00 00 00
  ......O ........ 01 00 00 00 00 88 4f 20 00 00 00 00 00 00 00 00
  T...(........... 54 01 00 00 28 00 00 00 ff ff ff ff 00 00 00 00
  ................ 00 00 00 00 00 00 00 00 00 00 00 01 01 00 00 00
  ................ 00 00 00 00 00 00 00 00 00 00 00 00 00 00 00 00
  ................ 00 00 00 00 00 00 00 00 00 00 00 00 00 00 00 00
  ................ 00 00 00 00 00 00 00 00 00 00 00 00 00 00 00 80
  .O               8e 4f 20
009550-009557 StringBlock "active"
009558-009594 DataBlock
  T...(........... 54 01 00 00 28 00 00 00 00 00 00 00 00 00 00 00
  ................ 02 00 00 00 00 00 00 00 01 00 00 00 01 00 00 00
  .....            00 00 00 00 00
009595-009610 FontNameBlock "georgia_italic"
009611-009626 DataBlock
  ................ 0a 00 00 00 02 00 00 00 01 00 00 00 dd da fa ff
009627-009649 StringBlock "Default Font Category"
009650-009673 DataBlock
  ................ 00 00 00 00 00 00 00 00 00 00 00 00 00 00 00 00
  ........         00 00 00 00 01 00 00 00
009674-009684 T0Block "normal_t0"
009685-009700 DataBlock
  ................ 00 00 00 00 00 00 00 00 00 00 00 00 00 00 00 00
009701-009711 T0Block "normal_t0"
009712-009866 DataBlock
  ................ 00 00 00 00 00 00 00 00 00 00 00 00 00 00 00 00
  ......O ........ 01 00 00 00 00 88 4f 20 00 00 00 00 00 00 00 00
  T...(........... 54 01 00 00 28 00 00 00 ff ff ff ff 00 00 00 00
  ................ 00 00 00 00 00 00 00 00 00 00 00 01 01 00 00 00
  ................ 00 00 00 00 00 00 00 00 00 00 00 00 00 00 00 00
  ................ 00 00 00 00 00 00 00 00 00 00 00 00 00 00 00 00
  ...5............ 00 00 00 35 00 00 00 95 00 00 00 02 00 00 00 00
  .....O d........ 00 00 00 c0 88 4f 20 64 00 00 00 7f 00 00 00 00
  .........O ..... 00 00 00 02 00 00 00 80 91 4f 20 00 00 00 00 00
  .........O       00 00 00 00 00 00 00 80 91 4f 20
009867-009872 StringBlock "down"
009873-009909 DataBlock
  T...(........... 54 01 00 00 28 00 00 00 00 00 00 00 00 00 00 00
  ................ 02 00 00 00 00 00 00 00 01 00 00 00 01 00 00 00
  .....            00 00 00 00 00
009910-009925 FontNameBlock "georgia_italic"
009926-009941 DataBlock
  ................ 0a 00 00 00 02 00 00 00 01 00 00 00 dd da fa ff
009942-009964 StringBlock "Default Font Category"
009965-009988 DataBlock
  ................ 00 00 00 00 00 00 00 00 00 00 00 00 00 00 00 00
  ........         00 00 00 00 01 00 00 00
009989-009999 T0Block "normal_t0"
010000-010015 DataBlock
  ................ 00 00 00 00 00 00 00 00 00 00 00 00 00 00 00 00
010016-010026 T0Block "normal_t0"
010027-010181 DataBlock
  ................ 00 00 00 00 00 00 00 00 00 00 00 00 00 00 00 00
  ....@.O ........ 01 00 00 00 40 84 4f 20 00 00 00 00 01 00 00 00
  T...(........... 54 01 00 00 28 00 00 00 ff ff ff ff 00 00 00 00
  ................ 00 00 00 00 00 00 00 00 00 00 00 01 01 00 00 00
  ................ 00 00 00 00 00 00 00 00 00 00 00 00 00 00 00 00
  ................ 00 00 00 00 00 00 00 00 00 00 00 00 00 00 00 00
  ...h............ 00 00 00 68 01 00 00 93 00 00 00 02 00 00 00 01
  ...@.O ......... 00 00 00 40 94 4f 20 00 00 00 00 00 00 00 00 00
  .........O ..... 00 00 00 03 00 00 00 c0 88 4f 20 00 00 00 00 00
  .......@.O       00 00 00 00 00 00 00 40 94 4f 20
010182-010191 StringBlock "down_off"
010192-010228 DataBlock
  T...(........... 54 01 00 00 28 00 00 00 00 00 00 00 02 00 00 00
  ................ 00 00 00 00 00 00 00 00 01 00 00 00 01 00 00 00
  .....            00 00 00 00 00
010229-010244 FontNameBlock "georgia_italic"
010245-010260 DataBlock
  ................ 0a 00 00 00 02 00 00 00 01 00 00 00 dd da fa ff
010261-010283 StringBlock "Default Font Category"
010284-010307 DataBlock
  ................ 00 00 00 00 00 00 00 00 00 00 00 00 00 00 00 00
  ........         00 00 00 00 01 00 00 00
010308-010318 T0Block "normal_t0"
010319-010334 DataBlock
  ................ 00 00 00 00 00 00 00 00 00 00 00 00 00 00 00 00
010335-010345 T0Block "normal_t0"
010346-010365 DataBlock
  ................ 00 00 00 00 00 00 00 00 00 00 00 00 00 00 00 00
  ....             01 00 00 00
010366-010389 ImageUseBlock id=542082880 xofs=0 yofs=1 xsize=340 ysize=40 brga=4294967295
010390-010516 DataBlock
  ................ 00 00 00 00 00 00 00 00 00 00 00 00 00 00 00 01
  ................ 01 00 00 00 00 00 00 00 00 00 00 00 00 00 00 00
  ................ 00 00 00 00 00 00 00 00 00 00 00 00 00 00 00 00
  ................ 00 00 00 00 00 00 00 de 00 00 00 0b 01 00 00 02
  .........O ..... 00 00 00 00 00 00 00 80 91 4f 20 00 00 00 00 00
  .............O . 00 00 00 00 00 00 00 08 00 00 00 80 8e 4f 20 00
  ...............< 00 00 00 00 00 00 00 00 00 00 00 00 00 00 00 3c
  ...........@.O   00 00 00 00 00 00 00 01 00 00 00 40 97 4f 20
010517-010528 StringBlock "button_txt"
010529-010588 DataBlock
  ................ 00 00 00 00 00 00 00 00 00 00 00 01 01 00 00 00
  ................ 00 01 00 00 00 00 01 00 00 00 00 00 00 00 00 00
  ................ 00 00 00 00 00 00 00 00 00 00 00 00 00 00 00 00
  ............     00 00 00 00 00 00 00 00 01 00 00 00
010589-010592 StateIDBlock 542087808
010593-010602 NewStateBlock "NewState"
010603-010606 XSizeBlock 340
010607-010610 YSizeBlock 40
010611-010634 UnicodeBlock "Load Replay"
010635-010657 DataBlock
  ................ 00 00 04 00 00 00 04 00 00 00 00 00 00 00 02 00
  .......          00 00 01 00 00 00 01
010658-010731 UnicodeBlock "heading_txt_load_replay_Text_48007dg"
010732-010733 DataBlock
  ..               00 00
010734-010756 FontNameBlock "la_gioconda_uppercase"
010757-010772 DataBlock
  ................ 10 00 00 00 04 00 00 00 00 00 00 00 d7 f8 ff ff
010773-010794 StringBlock "fe_paragraph_heading"
010795-010818 DataBlock
  ................ 00 00 00 00 00 00 00 00 00 00 00 00 00 00 00 00
  ........         00 00 00 00 00 00 00 00
010819-010829 T0Block "normal_t0"
010830-010845 DataBlock
  ................ 00 00 00 00 00 00 00 00 00 00 00 00 00 00 00 00
010846-010856 T0Block "normal_t0"
010857-010914 DataBlock
  ................ 00 00 00 00 00 00 00 00 00 00 00 00 00 00 00 00
  ................ 00 00 00 00 00 00 00 00 00 00 00 00 00 00 00 00
  ................ 00 00 00 00 0a 00 00 00 00 00 00 00 00 00 00 00
  ..........       00 00 00 00 00 00 00 00 00 00
010915-010937 StringBlock "grp_gw_generic_button"
010938-010947 DataBlock
  ........O        00 00 00 00 00 00 c0 9c 4f 20
010948-010967 StringBlock "button_save_replay"
010968-010979 StringBlock "TextButton"
010980-011025 DataBlock
  ....<........... 00 00 00 00 3c 00 00 00 00 01 01 00 00 00 00 01
  ................ 00 00 00 00 01 00 00 00 00 08 00 00 00 00 00 00
  ........O ....   00 00 00 00 00 00 c0 a8 4f 20 04 00 00 00
011026-011087 ImageBlock id=542089216 xsize=64 ysize=64 path="ui\\skins\\default\\ee_frontend_button_idle.png" unknown=1335934976
011088-011088 DataBlock
                   20
011089-011135 ImagePathBlock "ui\\skins\\default\\ee_frontend_button_hover.png"
011136-011144 DataBlock
  @...@....        40 00 00 00 40 00 00 00 00
011145-011207 ImageBlock id=542089600 xsize=64 ysize=64 path="ui\\skins\\default\\ee_frontend_button_press.png" unknown=1336033280
011208-011208 DataBlock
                   20
011209-011254 ImagePathBlock "ui\\skins\\default\\ee_frontend_button_idle.png"
011255-011279 DataBlock
  @...@........... 40 00 00 00 40 00 00 00 00 00 00 00 00 00 00 00
  .......O         00 05 00 00 00 00 a3 4f 20
011280-011286 StringBlock "hover"
011287-011323 DataBlock
  T...(........... 54 01 00 00 28 00 00 00 00 00 00 00 02 00 00 00
  ................ 00 00 00 00 00 00 00 00 01 00 00 00 01 00 00 00
  .....            00 00 00 00 00
011324-011339 FontNameBlock "georgia_italic"
011340-011355 DataBlock
  ................ 0a 00 00 00 02 00 00 00 01 00 00 00 dd da fa ff
011356-011378 StringBlock "Default Font Category"
011379-011402 DataBlock
  ................ 00 00 00 00 00 00 00 00 00 00 00 00 00 00 00 00
  ........         00 00 00 00 01 00 00 00
011403-011413 T0Block "normal_t0"
011414-011429 DataBlock
  ................ 00 00 00 00 00 00 00 00 00 00 00 00 00 00 00 00
011430-011440 T0Block "normal_t0"
011441-011595 DataBlock
  ................ 00 00 00 00 00 00 00 00 00 00 00 00 00 00 00 00
  ......O ........ 01 00 00 00 c0 a0 4f 20 00 00 00 00 00 00 00 00
  T...(........... 54 01 00 00 28 00 00 00 ff ff ff ff 00 00 00 00
  ................ 00 00 00 00 00 00 00 00 00 00 00 01 01 00 00 00
  ................ 00 00 00 00 00 00 00 00 00 00 00 00 00 00 00 00
  ................ 00 00 00 00 00 00 00 00 00 00 00 00 00 00 00 00
  ................ 00 00 00 d5 00 00 00 11 00 00 00 02 00 00 00 01
  .....O ......... 00 00 00 c0 a8 4f 20 00 00 00 00 00 00 00 00 00
  .........O ..... 00 00 00 02 00 00 00 c0 ab 4f 20 00 00 00 00 00
  .........O       00 00 00 00 00 00 00 00 a6 4f 20
011596-011605 StringBlock "inactive"
011606-011642 DataBlock
  T...(........... 54 01 00 00 28 00 00 00 00 00 00 00 02 00 00 00
  ................ 00 00 00 00 00 00 00 00 01 00 00 00 01 00 00 00
  .....            00 00 00 00 00
011643-011658 FontNameBlock "georgia_italic"
011659-011674 DataBlock
  ................ 0a 00 00 00 02 00 00 00 01 00 00 00 dd da fa ff
011675-011697 StringBlock "Default Font Category"
011698-011721 DataBlock
  ................ 00 00 00 00 00 00 00 00 00 00 00 00 00 00 00 00
  ........         00 00 00 00 01 01 00 00
011722-011739 T0Block "set_greyscale_t0"
011740-011755 DataBlock
  ...?...?........ 00 00 80 3f 00 00 00 3f 00 00 00 00 00 00 00 00
011756-011766 T0Block "normal_t0"
011767-011786 DataBlock
  ................ 00 00 00 00 00 00 00 00 00 00 00 00 00 00 00 00
  ....             01 00 00 00
011787-011810 ImageUseBlock id=542089216 xofs=0 yofs=0 xsize=340 ysize=40 brga=1694498815
011811-011881 DataBlock
  ................ 00 00 00 00 00 00 00 00 00 00 00 00 00 00 00 01
  ................ 01 00 00 00 00 00 00 00 00 00 00 00 00 00 00 00
  ................ 00 00 00 00 00 00 00 00 00 00 00 00 00 00 00 00
  ................ 00 00 00 00 00 00 00 00 00 00 00 00 00 00 00 00
  .....O           00 00 00 c0 a8 4f 20
011882-011889 StringBlock "active"
011890-011926 DataBlock
  T...(........... 54 01 00 00 28 00 00 00 00 00 00 00 00 00 00 00
  ................ 02 00 00 00 00 00 00 00 01 00 00 00 01 00 00 00
  .....            00 00 00 00 00
011927-011942 FontNameBlock "georgia_italic"
011943-011958 DataBlock
  ................ 0a 00 00 00 02 00 00 00 01 00 00 00 dd da fa ff
011959-011981 StringBlock "Default Font Category"
011982-012005 DataBlock
  ................ 00 00 00 00 00 00 00 00 00 00 00 00 00 00 00 00
  ........         00 00 00 00 01 00 00 00
012006-012016 T0Block "normal_t0"
012017-012032 DataBlock
  ................ 00 00 00 00 00 00 00 00 00 00 00 00 00 00 00 00
012033-012043 T0Block "normal_t0"
012044-012063 DataBlock
  ................ 00 00 00 00 00 00 00 00 00 00 00 00 00 00 00 00
  ....             01 00 00 00
012064-012087 ImageUseBlock id=542089216 xofs=0 yofs=0 xsize=340 ysize=40 brga=4294967295
012088-012198 DataBlock
  ................ 00 00 00 00 00 00 00 00 00 00 00 00 00 00 00 01
  ................ 01 00 00 00 00 00 00 00 00 00 00 00 00 00 00 00
  ................ 00 00 00 00 00 00 00 00 00 00 00 00 00 00 00 00
  .......5........ 00 00 00 00 00 00 00 35 00 00 00 95 00 00 00 02
  .........O d.... 00 00 00 00 00 00 00 00 a3 4f 20 64 00 00 00 7f
  .............O . 00 00 00 00 00 00 00 02 00 00 00 c0 ab 4f 20 00
  .............O   00 00 00 00 00 00 00 00 00 00 00 c0 ab 4f 20
012199-012204 StringBlock "down"
012205-012241 DataBlock
  T...(........... 54 01 00 00 28 00 00 00 00 00 00 00 00 00 00 00
  ................ 02 00 00 00 00 00 00 00 01 00 00 00 01 00 00 00
  .....            00 00 00 00 00
012242-012257 FontNameBlock "georgia_italic"
012258-012273 DataBlock
  ................ 0a 00 00 00 02 00 00 00 01 00 00 00 dd da fa ff
012274-012296 StringBlock "Default Font Category"
012297-012320 DataBlock
  ................ 00 00 00 00 00 00 00 00 00 00 00 00 00 00 00 00
  ........         00 00 00 00 01 00 00 00
012321-012331 T0Block "normal_t0"
012332-012347 DataBlock
  ................ 00 00 00 00 00 00 00 00 00 00 00 00 00 00 00 00
012348-012358 T0Block "normal_t0"
012359-012378 DataBlock
  ................ 00 00 00 00 00 00 00 00 00 00 00 00 00 00 00 00
  ....             01 00 00 00
012379-012402 ImageUseBlock id=542089600 xofs=0 yofs=1 xsize=340 ysize=40 brga=4294967295
012403-012513 DataBlock
  ................ 00 00 00 00 00 00 00 00 00 00 00 00 00 00 00 01
  ................ 01 00 00 00 00 00 00 00 00 00 00 00 00 00 00 00
  ................ 00 00 00 00 00 00 00 00 00 00 00 00 00 00 00 00
  .......h........ 00 00 00 00 00 00 00 68 01 00 00 93 00 00 00 02
  .........O ..... 00 00 00 01 00 00 00 c0 ae 4f 20 00 00 00 00 00
  .............O . 00 00 00 00 00 00 00 03 00 00 00 00 a3 4f 20 00
  .............O   00 00 00 00 00 00 00 00 00 00 00 c0 ae 4f 20
012514-012523 StringBlock "down_off"
012524-012560 DataBlock
  T...(........... 54 01 00 00 28 00 00 00 00 00 00 00 02 00 00 00
  ................ 00 00 00 00 00 00 00 00 01 00 00 00 01 00 00 00
  .....            00 00 00 00 00
012561-012576 FontNameBlock "georgia_italic"
012577-012592 DataBlock
  ................ 0a 00 00 00 02 00 00 00 01 00 00 00 dd da fa ff
012593-012615 StringBlock "Default Font Category"
012616-012639 DataBlock
  ................ 00 00 00 00 00 00 00 00 00 00 00 00 00 00 00 00
  ........         00 00 00 00 01 00 00 00
012640-012650 T0Block "normal_t0"
012651-012666 DataBlock
  ................ 00 00 00 00 00 00 00 00 00 00 00 00 00 00 00 00
012667-012677 T0Block "normal_t0"
012678-012848 DataBlock
  ................ 00 00 00 00 00 00 00 00 00 00 00 00 00 00 00 00
  ....@.O ........ 01 00 00 00 40 a2 4f 20 00 00 00 00 01 00 00 00
  T...(........... 54 01 00 00 28 00 00 00 ff ff ff ff 00 00 00 00
  ................ 00 00 00 00 00 00 00 00 00 00 00 01 01 00 00 00
  ................ 00 00 00 00 00 00 00 00 00 00 00 00 00 00 00 00
  ................ 00 00 00 00 00 00 00 00 00 00 00 00 00 00 00 00
  ................ 00 00 00 de 00 00 00 0b 01 00 00 02 00 00 00 00
  .....O ......... 00 00 00 c0 ab 4f 20 00 00 00 00 00 00 00 00 00
  .........O ..... 00 00 00 08 00 00 00 c0 a8 4f 20 00 00 00 00 00
  ...........<.... 00 00 00 00 00 00 00 00 00 00 00 3c 00 00 00 00
  .........O       00 00 00 01 00 00 00 80 b1 4f 20
012849-012860 StringBlock "button_txt"
012861-012920 DataBlock
  ................ 00 00 00 00 00 00 00 00 00 00 00 01 01 00 00 00
  ................ 00 01 00 00 00 00 01 00 00 00 00 00 00 00 00 00
  ................ 00 00 00 00 00 00 00 00 00 00 00 00 00 00 00 00
  ............     00 00 00 00 00 00 00 00 01 00 00 00
012921-012924 StateIDBlock 542094592
012925-012934 NewStateBlock "NewState"
012935-012938 XSizeBlock 340
012939-012942 YSizeBlock 40
012943-012966 UnicodeBlock "Save Replay"
012967-012989 DataBlock
  ................ 00 00 04 00 00 00 04 00 00 00 00 00 00 00 02 00
  .......          00 00 01 00 00 00 01
012990-013053 UnicodeBlock "button_txt_NewState_Text_470075"
013054-013055 DataBlock
  ..               00 00
013056-013078 FontNameBlock "la_gioconda_uppercase"
013079-013094 DataBlock
  ................ 10 00 00 00 04 00 00 00 00 00 00 00 d7 f8 ff ff
013095-013116 StringBlock "fe_paragraph_heading"
013117-013140 DataBlock
  ................ 00 00 00 00 00 00 00 00 00 00 00 00 00 00 00 00
  ........         00 00 00 00 00 00 00 00
013141-013151 T0Block "normal_t0"
013152-013167 DataBlock
  ................ 00 00 00 00 00 00 00 00 00 00 00 00 00 00 00 00
013168-013178 T0Block "normal_t0"
013179-013236 DataBlock
  ................ 00 00 00 00 00 00 00 00 00 00 00 00 00 00 00 00
  ................ 00 00 00 00 00 00 00 00 00 00 00 00 00 00 00 00
  ................ 00 00 00 00 0a 00 00 00 00 00 00 00 00 00 00 00
  ..........       00 00 00 00 00 00 00 00 00 00
013237-013259 StringBlock "grp_gw_generic_button"
013260-013278 DataBlock
  ................ 00 00 00 00 00 00 00 00 00 00 00 00 00 00 00 00
  .O               b7 4f 20
013279-013294 StringBlock "button_rematch"
013295-013306 StringBlock "TextButton"
013307-013352 DataBlock
  ....x........... 00 00 00 00 78 00 00 00 00 01 01 00 00 00 00 01
  ................ 00 00 00 00 01 00 00 00 00 02 00 00 00 00 00 00
  .x....@.O ....   00 78 00 00 00 00 40 c3 4f 20 04 00 00 00
013353-013414 ImageBlock id=542095936 xsize=64 ysize=64 path="ui\\skins\\default\\ee_frontend_button_idle.png" unknown=1337655296
013415-013415 DataBlock
                   20
013416-013462 ImagePathBlock "ui\\skins\\default\\ee_frontend_button_hover.png"
013463-013471 DataBlock
  @...@....        40 00 00 00 40 00 00 00 00
013472-013534 ImageBlock id=542096320 xsize=64 ysize=64 path="ui\\skins\\default\\ee_frontend_button_press.png" unknown=1337753600
013535-013535 DataBlock
                   20
013536-013581 ImagePathBlock "ui\\skins\\default\\ee_frontend_button_idle.png"
013582-013606 DataBlock
  @...@........... 40 00 00 00 40 00 00 00 00 00 00 00 00 00 00 00
  .....@.O         00 05 00 00 00 40 bd 4f 20
013607-013613 StringBlock "hover"
013614-013650 DataBlock
  T...(........... 54 01 00 00 28 00 00 00 00 00 00 00 02 00 00 00
  ................ 00 00 00 00 00 00 00 00 01 00 00 00 01 00 00 00
  .....            00 00 00 00 00
013651-013666 FontNameBlock "georgia_italic"
013667-013682 DataBlock
  ................ 0a 00 00 00 02 00 00 00 01 00 00 00 dd da fa ff
013683-013705 StringBlock "Default Font Category"
013706-013729 DataBlock
  ................ 00 00 00 00 00 00 00 00 00 00 00 00 00 00 00 00
  ........         00 00 00 00 01 00 00 00
013730-013740 T0Block "normal_t0"
013741-013756 DataBlock
  ................ 00 00 00 00 00 00 00 00 00 00 00 00 00 00 00 00
013757-013767 T0Block "normal_t0"
013768-013922 DataBlock
  ................ 00 00 00 00 00 00 00 00 00 00 00 00 00 00 00 00
  ......O ........ 01 00 00 00 00 bb 4f 20 00 00 00 00 00 00 00 00
  T...(........... 54 01 00 00 28 00 00 00 ff ff ff ff 00 00 00 00
  ................ 00 00 00 00 00 00 00 00 00 00 00 01 01 00 00 00
  ................ 00 00 00 00 00 00 00 00 00 00 00 00 00 00 00 00
  ................ 00 00 00 00 00 00 00 00 00 00 00 00 00 00 00 00
  ................ 00 00 00 d5 00 00 00 11 00 00 00 02 00 00 00 01
  ...@.O ......... 00 00 00 40 c3 4f 20 00 00 00 00 00 00 00 00 00
  .........O ..... 00 00 00 02 00 00 00 00 c6 4f 20 00 00 00 00 00
  .......@.O       00 00 00 00 00 00 00 40 c0 4f 20
013923-013932 StringBlock "inactive"
013933-013969 DataBlock
  T...(........... 54 01 00 00 28 00 00 00 00 00 00 00 02 00 00 00
  ................ 00 00 00 00 00 00 00 00 01 00 00 00 01 00 00 00
  .....            00 00 00 00 00
013970-013985 FontNameBlock "georgia_italic"
013986-014001 DataBlock
  ................ 0a 00 00 00 02 00 00 00 01 00 00 00 dd da fa ff
014002-014024 StringBlock "Default Font Category"
014025-014048 DataBlock
  ................ 00 00 00 00 00 00 00 00 00 00 00 00 00 00 00 00
  ........         00 00 00 00 01 01 00 00
014049-014066 T0Block "set_greyscale_t0"
014067-014082 DataBlock
  ...?...?........ 00 00 80 3f 00 00 00 3f 00 00 00 00 00 00 00 00
014083-014093 T0Block "normal_t0"
014094-014113 DataBlock
  ................ 00 00 00 00 00 00 00 00 00 00 00 00 00 00 00 00
  ....             01 00 00 00
014114-014137 ImageUseBlock id=542095936 xofs=0 yofs=0 xsize=340 ysize=40 brga=1694498815
014138-014208 DataBlock
  ................ 00 00 00 00 00 00 00 00 00 00 00 00 00 00 00 01
  ................ 01 00 00 00 00 00 00 00 00 00 00 00 00 00 00 00
  ................ 00 00 00 00 00 00 00 00 00 00 00 00 00 00 00 00
  ................ 00 00 00 00 00 00 00 00 00 00 00 00 00 00 00 00
  ...@.O           00 00 00 40 c3 4f 20
014209-014216 StringBlock "active"
014217-014253 DataBlock
  T...(........... 54 01 00 00 28 00 00 00 00 00 00 00 00 00 00 00
  ................ 02 00 00 00 00 00 00 00 01 00 00 00 01 00 00 00
  .....            00 00 00 00 00
014254-014269 FontNameBlock "georgia_italic"
014270-014285 DataBlock
  ................ 0a 00 00 00 02 00 00 00 01 00 00 00 dd da fa ff
014286-014308 StringBlock "Default Font Category"
014309-014332 DataBlock
  ................ 00 00 00 00 00 00 00 00 00 00 00 00 00 00 00 00
  ........         00 00 00 00 01 00 00 00
014333-014343 T0Block "normal_t0"
014344-014359 DataBlock
  ................ 00 00 00 00 00 00 00 00 00 00 00 00 00 00 00 00
014360-014370 T0Block "normal_t0"
014371-014390 DataBlock
  ................ 00 00 00 00 00 00 00 00 00 00 00 00 00 00 00 00
  ....             01 00 00 00
014391-014414 ImageUseBlock id=542095936 xofs=0 yofs=0 xsize=340 ysize=40 brga=4294967295
014415-014525 DataBlock
  ................ 00 00 00 00 00 00 00 00 00 00 00 00 00 00 00 01
  ................ 01 00 00 00 00 00 00 00 00 00 00 00 00 00 00 00
  ................ 00 00 00 00 00 00 00 00 00 00 00 00 00 00 00 00
  .......5........ 00 00 00 00 00 00 00 35 00 00 00 95 00 00 00 02
  .......@.O d.... 00 00 00 00 00 00 00 40 bd 4f 20 64 00 00 00 7f
  .............O . 00 00 00 00 00 00 00 02 00 00 00 00 c6 4f 20 00
  .............O   00 00 00 00 00 00 00 00 00 00 00 00 c6 4f 20
014526-014531 StringBlock "down"
014532-014568 DataBlock
  T...(........... 54 01 00 00 28 00 00 00 00 00 00 00 00 00 00 00
  ................ 02 00 00 00 00 00 00 00 01 00 00 00 01 00 00 00
  .....            00 00 00 00 00
014569-014584 FontNameBlock "georgia_italic"
014585-014600 DataBlock
  ................ 0a 00 00 00 02 00 00 00 01 00 00 00 dd da fa ff
014601-014623 StringBlock "Default Font Category"
014624-014647 DataBlock
  ................ 00 00 00 00 00 00 00 00 00 00 00 00 00 00 00 00
  ........         00 00 00 00 01 00 00 00
014648-014658 T0Block "normal_t0"
014659-014674 DataBlock
  ................ 00 00 00 00 00 00 00 00 00 00 00 00 00 00 00 00
014675-014685 T0Block "normal_t0"
014686-014705 DataBlock
  ................ 00 00 00 00 00 00 00 00 00 00 00 00 00 00 00 00
  ....             01 00 00 00
014706-014729 ImageUseBlock id=542096320 xofs=0 yofs=1 xsize=340 ysize=40 brga=4294967295
014730-014840 DataBlock
  ................ 00 00 00 00 00 00 00 00 00 00 00 00 00 00 00 01
  ................ 01 00 00 00 00 00 00 00 00 00 00 00 00 00 00 00
  ................ 00 00 00 00 00 00 00 00 00 00 00 00 00 00 00 00
  .......h........ 00 00 00 00 00 00 00 68 01 00 00 93 00 00 00 02
  .........O ..... 00 00 00 01 00 00 00 00 c9 4f 20 00 00 00 00 00
  ...........@.O . 00 00 00 00 00 00 00 03 00 00 00 40 bd 4f 20 00
  .............O   00 00 00 00 00 00 00 00 00 00 00 00 c9 4f 20
014841-014850 StringBlock "down_off"
014851-014887 DataBlock
  T...(........... 54 01 00 00 28 00 00 00 00 00 00 00 02 00 00 00
  ................ 00 00 00 00 00 00 00 00 01 00 00 00 01 00 00 00
  .....            00 00 00 00 00
014888-014903 FontNameBlock "georgia_italic"
014904-014919 DataBlock
  ................ 0a 00 00 00 02 00 00 00 01 00 00 00 dd da fa ff
014920-014942 StringBlock "Default Font Category"
014943-014966 DataBlock
  ................ 00 00 00 00 00 00 00 00 00 00 00 00 00 00 00 00
  ........         00 00 00 00 01 00 00 00
014967-014977 T0Block "normal_t0"
014978-014993 DataBlock
  ................ 00 00 00 00 00 00 00 00 00 00 00 00 00 00 00 00
014994-015004 T0Block "normal_t0"
015005-015175 DataBlock
  ................ 00 00 00 00 00 00 00 00 00 00 00 00 00 00 00 00
  ......O ........ 01 00 00 00 80 bc 4f 20 00 00 00 00 01 00 00 00
  T...(........... 54 01 00 00 28 00 00 00 ff ff ff ff 00 00 00 00
  ................ 00 00 00 00 00 00 00 00 00 00 00 01 01 00 00 00
  ................ 00 00 00 00 00 00 00 00 00 00 00 00 00 00 00 00
  ................ 00 00 00 00 00 00 00 00 00 00 00 00 00 00 00 00
  ................ 00 00 00 de 00 00 00 0b 01 00 00 02 00 00 00 00
  .....O ......... 00 00 00 00 c6 4f 20 00 00 00 00 00 00 00 00 00
  .......@.O ..... 00 00 00 08 00 00 00 40 c3 4f 20 00 00 00 00 00
  ...........<.... 00 00 00 00 00 00 00 00 00 00 00 3c 00 00 00 00
  .........O       00 00 00 01 00 00 00 00 cc 4f 20
015176-015187 StringBlock "button_txt"
015188-015247 DataBlock
  ................ 00 00 00 00 00 00 00 00 00 00 00 01 01 00 00 00
  ................ 00 01 00 00 00 00 01 00 00 00 00 00 00 00 00 00
  ................ 00 00 00 00 00 00 00 00 00 00 00 00 00 00 00 00
  ............     00 00 00 00 00 00 00 00 01 00 00 00
015248-015251 StateIDBlock 542101312
015252-015261 NewStateBlock "NewState"
015262-015265 XSizeBlock 340
015266-015269 YSizeBlock 40
015270-015285 UnicodeBlock "Rematch"
015286-015308 DataBlock
  ................ 00 00 04 00 00 00 04 00 00 00 00 00 00 00 02 00
  .......          00 00 01 00 00 00 01
015309-015372 UnicodeBlock "button_txt_NewState_Text_670023"
015373-015374 DataBlock
  ..               00 00
015375-015397 FontNameBlock "la_gioconda_uppercase"
015398-015413 DataBlock
  ................ 10 00 00 00 04 00 00 00 00 00 00 00 d7 f8 ff ff
015414-015435 StringBlock "fe_paragraph_heading"
015436-015459 DataBlock
  ................ 00 00 00 00 00 00 00 00 00 00 00 00 00 00 00 00
  ........         00 00 00 00 00 00 00 00
015460-015470 T0Block "normal_t0"
015471-015486 DataBlock
  ................ 00 00 00 00 00 00 00 00 00 00 00 00 00 00 00 00
015487-015497 T0Block "normal_t0"
015498-015555 DataBlock
  ................ 00 00 00 00 00 00 00 00 00 00 00 00 00 00 00 00
  ................ 00 00 00 00 00 00 00 00 00 00 00 00 00 00 00 00
  ................ 00 00 00 00 0a 00 00 00 00 00 00 00 00 00 00 00
  ..........       00 00 00 00 00 00 00 00 00 00
015556-015578 StringBlock "grp_gw_generic_button"
015579-015588 DataBlock
  ........O        00 00 00 00 00 00 80 d1 4f 20
015589-015612 StringBlock "button_dismiss_results"
015613-015624 StringBlock "TextButton"
015625-015670 DataBlock
  ................ 00 00 00 00 b4 00 00 00 00 01 01 00 00 00 00 01
  ................ 00 00 00 00 01 00 00 00 00 02 00 00 00 00 00 00
  ........O ....   00 b4 00 00 00 00 c0 dd 4f 20 04 00 00 00
015671-015732 ImageBlock id=542102720 xsize=64 ysize=64 path="ui\\skins\\default\\ee_frontend_button_idle.png" unknown=1339392000
015733-015733 DataBlock
                   20
015734-015780 ImagePathBlock "ui\\skins\\default\\ee_frontend_button_hover.png"
015781-015789 DataBlock
  @...@....        40 00 00 00 40 00 00 00 00
015790-015852 ImageBlock id=542103104 xsize=64 ysize=64 path="ui\\skins\\default\\ee_frontend_button_press.png" unknown=1339490304
015853-015853 DataBlock
                   20
015854-015899 ImagePathBlock "ui\\skins\\default\\ee_frontend_button_idle.png"
015900-015924 DataBlock
  @...@........... 40 00 00 00 40 00 00 00 00 00 00 00 00 00 00 00
  .......O         00 05 00 00 00 c0 d7 4f 20
015925-015931 StringBlock "hover"
015932-015968 DataBlock
  T...(........... 54 01 00 00 28 00 00 00 00 00 00 00 02 00 00 00
  ................ 00 00 00 00 00 00 00 00 01 00 00 00 01 00 00 00
  .....            00 00 00 00 00
015969-015984 FontNameBlock "georgia_italic"
015985-016000 DataBlock
  ................ 0a 00 00 00 02 00 00 00 01 00 00 00 dd da fa ff
016001-016023 StringBlock "Default Font Category"
016024-016047 DataBlock
  ................ 00 00 00 00 00 00 00 00 00 00 00 00 00 00 00 00
  ........         00 00 00 00 01 00 00 00
016048-016058 T0Block "normal_t0"
016059-016074 DataBlock
  ................ 00 00 00 00 00 00 00 00 00 00 00 00 00 00 00 00
016075-016085 T0Block "normal_t0"
016086-016240 DataBlock
  ................ 00 00 00 00 00 00 00 00 00 00 00 00 00 00 00 00
  ......O ........ 01 00 00 00 80 d5 4f 20 00 00 00 00 00 00 00 00
  T...(........... 54 01 00 00 28 00 00 00 ff ff ff ff 00 00 00 00
  ................ 00 00 00 00 00 00 00 00 00 00 00 01 01 00 00 00
  ................ 00 00 00 00 00 00 00 00 00 00 00 00 00 00 00 00
  ................ 00 00 00 00 00 00 00 00 00 00 00 00 00 00 00 00
  ................ 00 00 00 d5 00 00 00 11 00 00 00 02 00 00 00 01
  .....O ......... 00 00 00 c0 dd 4f 20 00 00 00 00 00 00 00 00 00
  .........O ..... 00 00 00 02 00 00 00 c0 e0 4f 20 00 00 00 00 00
  .........O       00 00 00 00 00 00 00 c0 da 4f 20
016241-016250 StringBlock "inactive"
016251-016287 DataBlock
  T...(........... 54 01 00 00 28 00 00 00 00 00 00 00 02 00 00 00
  ................ 00 00 00 00 00 00 00 00 01 00 00 00 01 00 00 00
  .....            00 00 00 00 00
016288-016303 FontNameBlock "georgia_italic"
016304-016319 DataBlock
  ................ 0a 00 00 00 02 00 00 00 01 00 00 00 dd da fa ff
016320-016342 StringBlock "Default Font Category"
016343-016366 DataBlock
  ................ 00 00 00 00 00 00 00 00 00 00 00 00 00 00 00 00
  ........         00 00 00 00 01 01 00 00
016367-016384 T0Block "set_greyscale_t0"
016385-016400 DataBlock
  ...?...?........ 00 00 80 3f 00 00 00 3f 00 00 00 00 00 00 00 00
016401-016411 T0Block "normal_t0"
016412-016431 DataBlock
  ................ 00 00 00 00 00 00 00 00 00 00 00 00 00 00 00 00
  ....             01 00 00 00
016432-016455 ImageUseBlock id=542102720 xofs=0 yofs=0 xsize=340 ysize=40 brga=1694498815
016456-016526 DataBlock
  ................ 00 00 00 00 00 00 00 00 00 00 00 00 00 00 00 01
  ................ 01 00 00 00 00 00 00 00 00 00 00 00 00 00 00 00
  ................ 00 00 00 00 00 00 00 00 00 00 00 00 00 00 00 00
  ................ 00 00 00 00 00 00 00 00 00 00 00 00 00 00 00 00
  .....O           00 00 00 c0 dd 4f 20
016527-016534 StringBlock "active"
016535-016571 DataBlock
  T...(........... 54 01 00 00 28 00 00 00 00 00 00 00 00 00 00 00
  ................ 02 00 00 00 00 00 00 00 01 00 00 00 01 00 00 00
  .....            00 00 00 00 00
016572-016587 FontNameBlock "georgia_italic"
016588-016603 DataBlock
  ................ 0a 00 00 00 02 00 00 00 01 00 00 00 dd da fa ff
016604-016626 StringBlock "Default Font Category"
016627-016650 DataBlock
  ................ 00 00 00 00 00 00 00 00 00 00 00 00 00 00 00 00
  ........         00 00 00 00 01 00 00 00
016651-016661 T0Block "normal_t0"
016662-016677 DataBlock
  ................ 00 00 00 00 00 00 00 00 00 00 00 00 00 00 00 00
016678-016688 T0Block "normal_t0"
016689-016708 DataBlock
  ................ 00 00 00 00 00 00 00 00 00 00 00 00 00 00 00 00
  ....             01 00 00 00
016709-016732 ImageUseBlock id=542102720 xofs=0 yofs=0 xsize=340 ysize=40 brga=4294967295
016733-016843 DataBlock
  ................ 00 00 00 00 00 00 00 00 00 00 00 00 00 00 00 01
  ................ 01 00 00 00 00 00 00 00 00 00 00 00 00 00 00 00
  ................ 00 00 00 00 00 00 00 00 00 00 00 00 00 00 00 00
  .......5........ 00 00 00 00 00 00 00 35 00 00 00 95 00 00 00 02
  .........O d.... 00 00 00 00 00 00 00 c0 d7 4f 20 64 00 00 00 7f
  .............O . 00 00 00 00 00 00 00 02 00 00 00 c0 e0 4f 20 00
  .............O   00 00 00 00 00 00 00 00 00 00 00 c0 e0 4f 20
016844-016849 StringBlock "down"
016850-016886 DataBlock
  T...(........... 54 01 00 00 28 00 00 00 00 00 00 00 00 00 00 00
  ................ 02 00 00 00 00 00 00 00 01 00 00 00 01 00 00 00
  .....            00 00 00 00 00
016887-016902 FontNameBlock "georgia_italic"
016903-016918 DataBlock
  ................ 0a 00 00 00 02 00 00 00 01 00 00 00 dd da fa ff
016919-016941 StringBlock "Default Font Category"
016942-016965 DataBlock
  ................ 00 00 00 00 00 00 00 00 00 00 00 00 00 00 00 00
  ........         00 00 00 00 01 00 00 00
016966-016976 T0Block "normal_t0"
016977-016992 DataBlock
  ................ 00 00 00 00 00 00 00 00 00 00 00 00 00 00 00 00
016993-017003 T0Block "normal_t0"
017004-017023 DataBlock
  ................ 00 00 00 00 00 00 00 00 00 00 00 00 00 00 00 00
  ....             01 00 00 00
017024-017047 ImageUseBlock id=542103104 xofs=0 yofs=1 xsize=340 ysize=40 brga=4294967295
017048-017158 DataBlock
  ................ 00 00 00 00 00 00 00 00 00 00 00 00 00 00 00 01
  ................ 01 00 00 00 00 00 00 00 00 00 00 00 00 00 00 00
  ................ 00 00 00 00 00 00 00 00 00 00 00 00 00 00 00 00
  .......h........ 00 00 00 00 00 00 00 68 01 00 00 93 00 00 00 02
  .........O ..... 00 00 00 01 00 00 00 c0 e3 4f 20 00 00 00 00 00
  .............O . 00 00 00 00 00 00 00 03 00 00 00 c0 d7 4f 20 00
  .............O   00 00 00 00 00 00 00 00 00 00 00 c0 e3 4f 20
017159-017168 StringBlock "down_off"
017169-017205 DataBlock
  T...(........... 54 01 00 00 28 00 00 00 00 00 00 00 02 00 00 00
  ................ 00 00 00 00 00 00 00 00 01 00 00 00 01 00 00 00
  .....            00 00 00 00 00
017206-017221 FontNameBlock "georgia_italic"
017222-017237 DataBlock
  ................ 0a 00 00 00 02 00 00 00 01 00 00 00 dd da fa ff
017238-017260 StringBlock "Default Font Category"
017261-017284 DataBlock
  ................ 00 00 00 00 00 00 00 00 00 00 00 00 00 00 00 00
  ........         00 00 00 00 01 00 00 00
017285-017295 T0Block "normal_t0"
017296-017311 DataBlock
  ................ 00 00 00 00 00 00 00 00 00 00 00 00 00 00 00 00
017312-017322 T0Block "normal_t0"
017323-017493 DataBlock
  ................ 00 00 00 00 00 00 00 00 00 00 00 00 00 00 00 00
  ......O ........ 01 00 00 00 00 d7 4f 20 00 00 00 00 01 00 00 00
  T...(........... 54 01 00 00 28 00 00 00 ff ff ff ff 00 00 00 00
  ................ 00 00 00 00 00 00 00 00 00 00 00 01 01 00 00 00
  ................ 00 00 00 00 00 00 00 00 00 00 00 00 00 00 00 00
  ................ 00 00 00 00 00 00 00 00 00 00 00 00 00 00 00 00
  ................ 00 00 00 de 00 00 00 0b 01 00 00 02 00 00 00 00
  .....O ......... 00 00 00 c0 e0 4f 20 00 00 00 00 00 00 00 00 00
  .........O ..... 00 00 00 08 00 00 00 c0 dd 4f 20 00 00 00 00 00
  ...........<.... 00 00 00 00 00 00 00 00 00 00 00 3c 00 00 00 00
  .........O       00 00 00 01 00 00 00 80 e6 4f 20
017494-017505 StringBlock "button_txt"
017506-017569 DataBlock
  ................ 00 00 00 00 00 00 00 00 00 00 00 01 01 00 00 00
  ................ 00 01 00 00 00 00 01 00 00 00 00 00 00 00 00 00
  ..........O .... 00 00 00 00 00 00 00 00 00 ea 4f 20 00 00 00 00
  ..............O  00 00 00 00 00 00 00 00 03 00 00 00 00 ea 4f 20
017570-017581 StringBlock "end_battle"
017582-017589 DataBlock
  T...(...         54 01 00 00 28 00 00 00
017590-017611 UnicodeBlock "End Battle"
017612-017634 DataBlock
  ................ 00 00 04 00 00 00 04 00 00 00 00 00 00 00 02 00
  .......          00 00 01 00 00 00 01
017635-017702 UnicodeBlock "button_txt_end_battle_Text_3e007b"
017703-017704 DataBlock
  ..               00 00
017705-017727 FontNameBlock "la_gioconda_uppercase"
017728-017743 DataBlock
  ................ 10 00 00 00 04 00 00 00 00 00 00 00 d7 f8 ff ff
017744-017765 StringBlock "fe_paragraph_heading"
017766-017789 DataBlock
  ................ 00 00 00 00 00 00 00 00 00 00 00 00 00 00 00 00
  ........         00 00 00 00 00 00 00 00
017790-017800 T0Block "normal_t0"
017801-017816 DataBlock
  ................ 00 00 00 00 00 00 00 00 00 00 00 00 00 00 00 00
017817-017827 T0Block "normal_t0"
017828-017863 DataBlock
  ................ 00 00 00 00 00 00 00 00 00 00 00 00 00 00 00 00
  ................ 00 00 00 00 00 00 00 00 00 00 00 00 00 00 00 00
  ..O              00 ec 4f 20
017864-017875 StringBlock "end_replay"
017876-017883 DataBlock
  T...(...         54 01 00 00 28 00 00 00
017884-017905 UnicodeBlock "End Replay"
017906-017928 DataBlock
  ................ 00 00 04 00 00 00 04 00 00 00 00 00 00 00 02 00
  .......          00 00 01 00 00 00 01
017929-017996 UnicodeBlock "button_txt_end_replay_Text_3e0062"
017997-017998 DataBlock
  ..               00 00
017999-018021 FontNameBlock "la_gioconda_uppercase"
018022-018037 DataBlock
  ................ 10 00 00 00 04 00 00 00 00 00 00 00 d7 f8 ff ff
018038-018059 StringBlock "fe_paragraph_heading"
018060-018083 DataBlock
  ................ 00 00 00 00 00 00 00 00 00 00 00 00 00 00 00 00
  ........         00 00 00 00 00 00 00 00
018084-018094 T0Block "normal_t0"
018095-018110 DataBlock
  ................ 00 00 00 00 00 00 00 00 00 00 00 00 00 00 00 00
018111-018121 T0Block "normal_t0"
018122-018157 DataBlock
  ................ 00 00 00 00 00 00 00 00 00 00 00 00 00 00 00 00
  ................ 00 00 00 00 00 00 00 00 00 00 00 00 00 00 00 00
  ..O              00 ee 4f 20
018158-018175 StringBlock "exit_to_frontend"
018176-018183 DataBlock
  T...(...         54 01 00 00 28 00 00 00
018184-018219 UnicodeBlock "Exit to main menu"
018220-018242 DataBlock
  ................ 00 00 04 00 00 00 04 00 00 00 00 00 00 00 02 00
  .......          00 00 01 00 00 00 01
018243-018322 UnicodeBlock "button_txt_exit_to_frontend_Text_540057"
018323-018324 DataBlock
  ..               00 00
018325-018347 FontNameBlock "la_gioconda_uppercase"
018348-018363 DataBlock
  ................ 10 00 00 00 04 00 00 00 00 00 00 00 d7 f8 ff ff
018364-018385 StringBlock "fe_paragraph_heading"
018386-018409 DataBlock
  ................ 00 00 00 00 00 00 00 00 00 00 00 00 00 00 00 00
  ........         00 00 00 00 00 00 00 00
018410-018420 T0Block "normal_t0"
018421-018436 DataBlock
  ................ 00 00 00 00 00 00 00 00 00 00 00 00 00 00 00 00
018437-018447 T0Block "normal_t0"
018448-018505 DataBlock
  ................ 00 00 00 00 00 00 00 00 00 00 00 00 00 00 00 00
  ................ 00 00 00 00 00 00 00 00 00 00 00 00 00 00 00 00
  ................ 00 00 00 00 0a 00 00 00 00 00 00 00 00 00 00 00
  ..........       00 00 00 00 00 00 00 00 00 00
018506-018528 StringBlock "grp_gw_generic_button"
018529-018544 DataBlock
  ................ 00 00 00 00 00 00 00 00 00 00 00 00 00 00 00 00
018545-018564 StringBlock "pop_up_bat_generic"
018565-018579 DataBlock
  ...............  00 00 00 00 00 00 00 00 00 00 00 00 00 00 00
