000000-000009 VersionBlock 86
000010-000013 RootIDBlock 546692544
000014-000019 StringBlock "root"
000020-000098 DataBlock
  ................ 00 00 00 00 00 00 00 00 00 00 00 01 01 00 00 00
  ................ 00 01 00 00 00 00 01 00 00 00 00 00 00 00 00 00
  ................ 00 00 00 00 00 00 00 00 00 00 00 00 01 00 00 00
  ................ 00 fd 14 1f 00 00 00 05 00 00 00 04 00 00 00 00
  ...............  00 00 00 00 00 00 00 01 00 00 00 c0 fd 14 1f
000099-000108 NewStateBlock "NewState"
000109-000163 DataBlock
  ................ 00 05 00 00 00 04 00 00 00 00 00 00 02 00 00 00
  ................ 00 00 00 00 00 00 00 00 01 00 00 00 01 00 00 00
  ................ 00 00 00 00 00 00 00 0a 00 00 00 02 00 00 00 01
  .......          00 00 00 dd da fa ff
000164-000186 StringBlock "Default Font Category"
000187-000210 DataBlock
  ................ 00 00 00 00 00 00 00 00 00 00 00 00 00 00 00 00
  ........         00 00 00 00 01 00 00 00
000211-000221 T0Block "normal_t0"
000222-000237 DataBlock
  ................ 00 00 00 00 00 00 00 00 00 00 00 00 00 00 00 00
000238-000248 T0Block "normal_t0"
000249-000379 DataBlock
  ................ 00 00 00 00 00 00 00 00 00 00 00 00 00 00 00 00
  ................ 01 00 00 00 00 fd 14 1f 00 00 00 00 00 00 00 00
  ............. 00 05 00 00 00 04 00 00 7f 7f 7f ff 00 00 00 00
  ................ 00 00 00 00 00 00 00 00 00 00 00 01 01 00 00 00
  ................ 00 00 00 00 00 00 00 00 00 00 00 00 00 00 00 00
  ................ 00 00 00 00 00 00 00 00 00 00 00 00 00 00 00 00
  ................ 00 00 00 00 00 00 00 00 00 00 00 00 00 00 00 00
  ...............@ 00 00 00 00 00 00 00 00 00 00 00 01 00 00 00 40
  .^.              ea 5e 1c
000380-000412 StringBlock "encyclopedia_unit_info_template"
000413-000442 StringBlock "EncyclopediaUnitInfoCallback"
000443-000484 DataBlock
  ................ a0 00 00 00 84 00 00 00 00 00 00 00 00 00 00 01
  ................ 00 00 00 00 01 00 00 00 00 05 00 00 00 00 00 00
  ......@.^.       00 00 00 00 00 00 40 ed 5e 1c
000485-000540 ImageListBlock 1 elements:
  000489-000540 ImageBlock id=475302560 xsize=24 ysize=24 path="ui/skins/default/tooltip_frame.png" unknown=0
000541-000618 DataBlock
  .........@.^...N 00 00 00 00 00 01 00 00 00 40 ed 5e 1c 08 00 4e
  ewState......... 65 77 53 74 61 74 65 c0 03 00 00 f8 02 00 00 00
  ................ 00 00 00 02 00 00 00 00 00 00 00 00 00 00 00 01
  ................ 00 00 00 01 00 00 00 00 00 00 00 00 00 00 0a 00
  ..............   00 00 02 00 00 00 01 00 00 00 dd da fa ff
000619-000641 StringBlock "Default Font Category"
000642-000665 DataBlock
  ................ 00 00 00 00 00 00 00 00 00 00 00 00 00 00 00 00
  ........         00 00 00 00 00 00 00 00
000666-000676 T0Block "normal_t0"
000677-000692 DataBlock
  ................ 00 00 00 00 00 00 00 00 00 00 00 00 00 00 00 00
000693-000703 T0Block "normal_t0"
000704-000834 DataBlock
  ................ 00 00 00 00 00 00 00 00 00 00 00 00 00 00 00 00
  ......T......... 01 00 00 00 a0 8a 54 1c 00 00 00 00 00 00 00 00
  ................ c0 03 00 00 f8 02 00 00 ff ff ff ff 00 00 00 00
  ................ 00 00 00 00 00 00 00 00 00 00 00 01 01 00 00 00
  ................ 00 00 00 00 00 00 00 00 00 00 00 00 00 00 00 00
  ............. A. 00 00 00 00 00 00 00 00 00 00 00 00 00 20 41 00
  . A............. 00 20 41 00 00 00 00 00 00 00 00 00 00 00 00 00
  ................ 00 00 00 0a 00 00 00 00 00 00 00 0a 00 00 00 00
  ...              e7 9d 1a
000835-000848 StringBlock "dy_unit_name"
000849-000912 DataBlock
  ......(......... 00 00 88 00 00 00 28 00 00 00 00 01 01 00 00 00
  ................ 00 01 00 00 00 00 01 00 00 00 00 02 00 00 00 00
  ...(.... ....... 00 00 00 28 00 00 00 00 20 fd 00 0b 00 00 00 00
  ............ ... 00 00 00 00 00 00 00 00 01 00 00 00 20 fd 00 0b
000913-000922 NewStateBlock "NewState"
000923-000930 DataBlock
  .... ...         b1 02 00 00 20 00 00 00
000931-000956 UnicodeBlock "dy_unit_name"
000957-000979 DataBlock
  ................ 00 00 04 00 00 00 00 00 00 00 00 00 00 00 01 00
  .......          00 00 01 00 00 00 00
000980-001047 UnicodeBlock "dy_unit_name_NewState_Text_3e0022"
001048-001049 DataBlock
  ..               00 00
001050-001072 FontNameBlock "la_gioconda_uppercase"
001073-001088 DataBlock
  ............9... 12 00 00 00 04 00 00 00 00 00 00 00 39 c1 ee ff
001089-001115 StringBlock "fe_section_heading_yellow"
001116-001139 DataBlock
  ................ 00 00 00 00 00 00 00 00 0a 00 00 00 0a 00 00 00
  ........         00 00 00 00 00 00 00 00
001140-001150 T0Block "normal_t0"
001151-001166 DataBlock
  ................ 00 00 00 00 00 00 00 00 00 00 00 00 00 00 00 00
001167-001177 T0Block "normal_t0"
001178-001213 DataBlock
  ................ 00 00 00 00 00 00 00 00 00 00 00 00 00 00 00 00
  ................ 00 00 00 00 00 00 00 00 00 00 00 00 00 00 00 00
  ....             02 00 00 00
001214-001229 StringBlock "min_text_width"
001230-001234 DataBlock
  ..250            03 00 32 35 30
001235-001251 StringBlock "min_text_height"
001252-001271 DataBlock
  ..30............ 02 00 33 30 0a 00 00 00 00 00 00 00 01 00 00 00
  ...!             c0 ce e9 21
001272-001279 StringBlock "h_line"
001280-001323 DataBlock
  ................ 00 00 00 00 00 00 0f 00 00 00 00 01 01 00 00 00
  ................ 00 01 00 00 00 00 01 00 00 00 00 08 00 00 00 00
  ...........!     00 00 00 00 00 00 00 00 00 d6 e9 21
001324-001372 ImageListBlock 1 elements:
  001328-001372 ImageBlock id=523533568 xsize=290 ysize=16 path="ui/skins/default/h_line.png" unknown=0
001373-001450 DataBlock
  ............!..N 00 00 00 00 00 01 00 00 00 00 d6 e9 21 08 00 4e
  ewState......... 65 77 53 74 61 74 65 b1 02 00 00 11 00 00 00 00
  ................ 00 00 00 02 00 00 00 00 00 00 00 00 00 00 00 01
  ................ 00 00 00 01 00 00 00 00 00 00 00 00 00 00 0a 00
  ..............   00 00 02 00 00 00 01 00 00 00 dd da fa ff
001451-001473 StringBlock "Default Font Category"
001474-001497 DataBlock
  ................ 00 00 00 00 00 00 00 00 00 00 00 00 00 00 00 00
  ........         00 00 00 00 01 00 00 00
001498-001508 T0Block "normal_t0"
001509-001524 DataBlock
  ................ 00 00 00 00 00 00 00 00 00 00 00 00 00 00 00 00
001525-001535 T0Block "normal_t0"
001536-001684 DataBlock
  ................ 00 00 00 00 00 00 00 00 00 00 00 00 00 00 00 00
  .....}4......... 01 00 00 00 00 7d 34 1f 00 00 00 00 00 00 00 00
  ................ b1 02 00 00 11 00 00 00 ff ff ff ff 00 00 00 00
  ................ 00 00 00 00 00 00 00 00 00 00 00 01 01 00 00 00
  ................ 00 00 00 00 00 00 00 00 00 00 00 00 00 00 00 00
  ................ 00 00 00 00 00 00 00 00 00 00 00 00 00 00 00 00
  ................ 00 00 00 00 00 00 00 00 00 00 00 00 00 00 00 00
  ................ 00 00 00 00 00 00 00 00 00 00 00 00 00 00 00 00
  ................ 00 00 00 00 00 00 00 00 00 00 00 00 00 00 00 00
  .`1_.            00 60 31 5f 1c
001685-001703 StringBlock "current_unit_icon"
001704-001767 DataBlock
  ..#............. 00 00 23 00 00 00 1e 00 00 00 00 01 01 00 00 00
  ................ 00 01 00 00 00 00 01 00 00 00 00 00 00 00 00 00
  .........A_..... 00 00 00 00 00 00 00 00 c0 41 5f 1c 00 00 00 00
  .............A_. 00 00 00 00 00 00 00 00 01 00 00 00 c0 41 5f 1c
001768-001775 StringBlock "active"
001776-001812 DataBlock
  @............... 40 00 00 00 80 00 00 00 00 00 00 00 02 00 00 00
  ................ 00 00 00 00 00 00 00 00 01 00 00 00 01 00 00 00
  .....            00 00 00 00 00
001813-001825 FontNameBlock "la_gioconda"
001826-001841 DataBlock
  ................ 0c 00 00 00 07 00 00 00 00 00 00 00 d7 f8 ff ff
001842-001858 StringBlock "fe_tooltip_text"
001859-001882 DataBlock
  ................ 00 00 00 00 00 00 00 00 00 00 00 00 00 00 00 00
  ........         00 00 00 00 00 01 00 00
001883-001893 T0Block "normal_t0"
001894-001909 DataBlock
  ................ 00 00 00 00 00 00 00 00 00 00 00 00 00 00 00 00
001910-001920 T0Block "normal_t0"
001921-001972 DataBlock
  ................ 00 00 00 00 00 00 00 00 00 00 00 00 00 00 00 00
  ................ 00 00 00 00 00 00 00 00 00 00 00 00 00 00 00 00
  ................ 00 00 00 00 0a 00 00 00 00 00 00 00 01 00 00 00
  ..>.             e0 ca 3e 1f
001973-001978 StringBlock "item"
001979-002009 StringBlock "EncyclopediaItemFrameCallback"
002010-002055 DataBlock
  ................ 00 00 00 00 00 00 00 00 00 01 01 00 00 00 00 01
  ................ 00 00 00 00 01 00 00 00 00 05 00 00 00 00 00 00
  ........>.....   00 00 00 00 00 00 e0 da 3e 1f 02 00 00 00
002056-002109 ImageBlock id=524209664 xsize=128 ysize=128 path="ui/skins/default/unit_card_frame.png" unknown=1053777920
002110-002110 DataBlock
  .                1f
002111-002149 ImagePathBlock "ui/skins/default/unit_card_border.png"
002150-002174 DataBlock
  ................ 80 00 00 00 80 00 00 00 00 00 00 00 00 00 00 00
  .......>.        00 01 00 00 00 e0 da 3e 1f
002175-002182 StringBlock "active"
002183-002237 DataBlock
  @............... 40 00 00 00 80 00 00 00 00 00 00 00 00 00 00 00
  ................ 02 00 00 00 00 00 00 00 01 00 00 00 01 00 00 00
  ................ 00 00 00 00 00 00 00 0a 00 00 00 02 00 00 00 01
  .......          00 00 00 dd da fa ff
002238-002260 StringBlock "Default Font Category"
002261-002284 DataBlock
  ................ 00 00 00 00 00 00 00 00 00 00 00 00 00 00 00 00
  ........         00 00 00 00 00 00 00 00
002285-002297 T0Block "brighten_t0"
002298-002313 DataBlock
  ................ 00 00 00 00 00 00 00 00 00 00 00 00 00 00 00 00
002314-002324 T0Block "normal_t0"
002325-002518 DataBlock
  ................ 00 00 00 00 00 00 00 00 00 00 00 00 00 00 00 00
  ......>......... 02 00 00 00 00 ce 3e 1f 00 00 00 00 00 00 00 00
  @............... 40 00 00 00 80 00 00 00 ff ff ff ff 00 00 00 00
  ................ 00 00 00 00 00 00 00 00 00 00 00 01 01 00 00 00
  ................ 00 00 00 00 00 00 00 00 00 00 00 00 00 00 00 00
  ................ 00 00 00 00 00 00 00 00 00 00 00 00 00 00 00 00
  ...`.>.........@ 00 00 00 60 cf 3e 1f 00 00 00 00 00 00 00 00 40
  ................ 00 00 00 80 00 00 00 ff ff ff ff 00 00 00 00 00
  ................ 00 00 00 00 00 00 00 00 00 00 01 01 00 00 00 00
  ................ 00 00 00 00 00 00 00 00 00 00 00 00 00 00 00 00
  .............A.. 00 00 00 00 00 00 00 00 00 00 00 00 00 41 00 00
  .A5............. 00 41 35 00 00 00 95 00 00 00 00 00 00 00 01 00
  ..               00 00
002519-002528 StringBlock "TabOrder"
002529-002546 DataBlock
  ..<........... ) 00 00 3c 00 00 00 00 00 00 00 01 00 00 00 20 29
  ..               fd 11
002547-002557 StringBlock "unit_icon"
002558-002605 DataBlock
  ................ 00 00 00 00 00 00 00 00 00 00 00 01 01 00 00 00
  ................ 00 01 00 00 00 00 01 00 00 00 00 05 00 00 00 00
  ........ ....... 00 00 00 00 00 00 00 00 20 99 fe 11 04 00 00 00
002606-002654 ImageBlock id=301850304 xsize=75 ysize=75 path="ui/skins/default/roman_four.png" unknown=1518960640
002655-002655 DataBlock
  O                4f
002656-002683 ImagePathBlock "ui/skins/default/mask1.png"
002684-002692 DataBlock
  @...v....        40 00 00 00 76 00 00 00 00
002693-002741 ImageBlock id=221150048 xsize=64 ysize=152 path="ui/skins/default/roman_crew.png" unknown=779649024
002742-002742 DataBlock
  .                0d
002743-002774 ImagePathBlock "ui/skins/default/mask_crew.png"
002775-002799 DataBlock
  @...v........... 40 00 00 00 76 00 00 00 00 00 00 00 00 00 00 00
  ..... ...        00 01 00 00 00 20 99 fe 11
002800-002807 StringBlock "active"
002808-002862 DataBlock
  @............... 40 00 00 00 80 00 00 00 00 00 00 00 02 00 00 00
  ................ 00 00 00 00 00 00 00 00 01 00 00 00 01 00 00 00
  ................ 00 00 00 00 00 00 00 0a 00 00 00 02 00 00 00 01
  .......          00 00 00 dd da fa ff
002863-002885 StringBlock "Default Font Category"
002886-002909 DataBlock
  ................ 00 00 00 00 00 00 00 00 00 00 00 00 00 00 00 00
  ........         00 00 00 00 00 00 00 00
002910-002920 T0Block "normal_t0"
002921-002936 DataBlock
  ................ 00 00 00 00 00 00 00 00 00 00 00 00 00 00 00 00
002937-002947 T0Block "normal_t0"
002948-003299 DataBlock
  ................ 00 00 00 00 00 00 00 00 00 00 00 00 00 00 00 00
  ....`{.......... 04 00 00 00 60 7b 2e 0d ff ff ff ff 02 00 00 00
  ,...j........... 2c 00 00 00 6a 00 00 00 ff ff ff ff 00 00 00 02
  ................ 00 00 00 f5 ff ff ff 02 00 00 00 00 00 00 00 00
  ................ 00 00 00 00 00 00 00 00 00 00 00 00 00 00 00 00
  ................ 00 00 00 00 00 00 00 00 00 00 00 00 00 00 00 00
  ....x.........., 00 00 00 80 78 2e 0d ff ff ff ff 02 00 00 00 2c
  ...j............ 00 00 00 6a 00 00 00 ff ff ff ff 00 00 00 02 00
  ................ 00 00 f5 ff ff ff 02 00 00 00 00 00 00 00 00 00
  ................ 00 00 00 00 00 00 00 00 00 00 00 00 00 00 00 00
  ................ 00 00 00 00 00 00 00 00 00 00 00 00 00 00 00 00
  ..............@. 00 00 c0 de fd 11 00 00 00 00 f4 ff ff ff 40 00
  ................ 00 00 98 00 00 00 ff ff ff ff 00 00 00 04 00 00
  ................ 00 00 00 00 00 00 00 00 00 00 00 00 00 00 00 00
  ................ 00 00 00 00 00 00 00 00 00 00 00 00 00 00 00 00
  ................ 00 00 00 00 00 00 00 00 00 00 00 00 00 00 00 00
  ...ZO........@.. 00 80 89 5a 4f 00 00 00 00 f4 ff ff ff 40 00 00
  ................ 00 98 00 00 00 ff ff ff ff 00 00 00 04 00 00 00
  ................ 00 00 00 00 00 00 00 00 00 00 00 00 00 00 00 00
  ................ 00 00 00 00 00 00 00 00 00 00 00 00 00 00 00 00
  ................ 00 00 00 00 00 00 00 00 00 00 00 00 00 00 00 00
  ................ 00 00 00 00 00 00 00 00 00 00 00 00 04 00 00 00
003300-003309 StringBlock "main_img"
003310-003312 DataBlock
  ..0              01 00 30
003313-003323 StringBlock "main_mask"
003324-003326 DataBlock
  ..1              01 00 31
003327-003341 StringBlock "secondary_img"
003342-003344 DataBlock
  ..2              01 00 32
003345-003360 StringBlock "secondary_mask"
003361-003385 DataBlock
  ..3............. 01 00 33 00 00 00 00 00 00 00 00 00 00 00 00 00
  .........        00 00 00 00 00 00 00 00 00
003386-003408 StringBlock "grp_gw_accept_confirm"
003409-003427 DataBlock
  ................ 00 00 00 00 00 00 00 00 00 00 00 00 00 00 00 cc
  ...              9c e0 00
003428-003436 StringBlock "details"
003437-003467 StringBlock "EncyclopediaUnitStatsCallback"
003468-003529 DataBlock
  #............... 23 00 00 00 c8 00 00 00 00 01 01 00 00 00 00 01
  .............#.. 00 00 00 00 01 00 00 00 00 01 00 00 00 23 00 00
  ................ 00 c8 00 00 00 00 dc 9f e0 00 00 00 00 00 00 00
  ..............   00 00 00 00 00 00 01 00 00 00 dc 9f e0 00
003530-003539 NewStateBlock "NewState"
003540-003594 DataBlock
  ................ f2 00 00 00 f2 00 00 00 00 00 00 00 02 00 00 00
  ................ 00 00 00 00 00 00 00 00 01 00 00 00 01 00 00 00
  ................ 00 00 00 00 00 00 00 0a 00 00 00 02 00 00 00 01
  .......          00 00 00 dd da fa ff
003595-003617 StringBlock "Default Font Category"
003618-003641 DataBlock
  ................ 00 00 00 00 00 00 00 00 00 00 00 00 00 00 00 00
  ........         00 00 00 00 00 00 00 00
003642-003652 T0Block "normal_t0"
003653-003668 DataBlock
  ................ 00 00 00 00 00 00 00 00 00 00 00 00 00 00 00 00
003669-003679 T0Block "normal_t0"
003680-003731 DataBlock
  ................ 00 00 00 00 00 00 00 00 00 00 00 00 00 00 00 00
  ................ 00 00 00 00 00 00 00 00 00 00 00 00 00 00 00 00
  ................ 00 00 00 00 0a 00 00 00 00 00 00 00 02 00 00 00
  ....             c4 a1 e0 00
003732-003744 StringBlock "txt_details"
003745-003808 DataBlock
  ................ 00 00 e0 ff ff ff f3 ff ff ff 00 01 01 00 00 00
  ................ 00 01 00 00 00 00 01 00 00 00 00 02 00 00 00 ce
  ................ ff ff ff f3 ff ff ff 00 d4 a4 e0 00 00 00 00 00
  ................ 00 00 00 00 00 00 00 00 01 00 00 00 d4 a4 e0 00
003809-003818 NewStateBlock "NewState"
003819-003826 DataBlock
  ....*...         cd 00 00 00 2a 00 00 00
003827-003842 UnicodeBlock "Details"
003843-003865 DataBlock
  ................ 00 00 04 00 00 00 04 00 00 00 00 00 00 00 01 00
  .......          00 00 01 00 00 00 01
003866-003945 UnicodeBlock "button_character_details_Tooltip_68002a"
003946-003947 DataBlock
  ..               00 00
003948-003970 FontNameBlock "la_gioconda_uppercase"
003971-003986 DataBlock
  ............9... 12 00 00 00 04 00 00 00 00 00 00 00 39 c1 ee ff
003987-004013 StringBlock "fe_section_heading_yellow"
004014-004037 DataBlock
  ................ 00 00 00 00 00 00 00 00 00 00 00 00 00 00 00 00
  ........         00 00 00 00 00 00 00 00
004038-004048 T0Block "normal_t0"
004049-004064 DataBlock
  ................ 00 00 00 00 00 00 00 00 00 00 00 00 00 00 00 00
004065-004075 T0Block "normal_t0"
004076-004127 DataBlock
  ................ 00 00 00 00 00 00 00 00 00 00 00 00 00 00 00 00
  ................ 00 00 00 00 00 00 00 00 00 00 00 00 00 00 00 00
  ................ 00 00 00 00 0a 00 00 00 00 00 00 00 01 00 00 00
  ...$             00 f9 de 24
004128-004135 StringBlock "h_line"
004136-004179 DataBlock
  ................ 00 00 1c 00 00 00 0b 00 00 00 00 01 01 00 00 00
  ................ 00 01 00 00 00 00 01 00 00 00 00 02 00 00 00 00
  ...........%     00 00 00 0b 00 00 00 00 00 fd 19 25
004180-004228 ImageListBlock 1 elements:
  004184-004228 ImageBlock id=622407104 xsize=200 ysize=21 path="ui/skins/default/h_line.png" unknown=0
004229-004306 DataBlock
  ............%..N 00 00 00 00 00 01 00 00 00 00 fd 19 25 08 00 4e
  ewState......... 65 77 53 74 61 74 65 94 00 00 00 16 00 00 00 00
  ................ 00 00 00 02 00 00 00 00 00 00 00 00 00 00 00 01
  ................ 00 00 00 01 00 00 00 00 00 00 00 00 00 00 0a 00
  ..............   00 00 02 00 00 00 01 00 00 00 dd da fa ff
004307-004329 StringBlock "Default Font Category"
004330-004353 DataBlock
  ................ 00 00 00 00 00 00 00 00 00 00 00 00 00 00 00 00
  ........         00 00 00 00 01 00 00 00
004354-004364 T0Block "normal_t0"
004365-004380 DataBlock
  ................ 00 00 00 00 00 00 00 00 00 00 00 00 00 00 00 00
004381-004391 T0Block "normal_t0"
004392-004540 DataBlock
  ................ 00 00 00 00 00 00 00 00 00 00 00 00 00 00 00 00
  .....-.%........ 01 00 00 00 c0 2d 19 25 00 00 00 00 00 00 00 00
  ................ 94 00 00 00 16 00 00 00 ff ff ff ff 00 00 00 00
  ................ 00 00 00 00 00 00 00 00 00 00 00 01 01 00 00 00
  ................ 00 00 00 00 00 00 00 00 00 00 00 00 00 00 00 00
  ................ 00 00 00 00 00 00 00 00 00 00 00 00 00 00 00 00
  ................ 00 00 00 00 00 00 00 00 00 00 00 00 00 00 00 00
  ................ 00 00 00 0a 00 00 00 00 00 00 00 00 00 00 00 00
  ................ 00 00 00 00 00 00 00 00 00 00 00 00 00 00 00 00
  .....            00 bc a6 e0 00
004541-004546 StringBlock "list"
004547-004610 DataBlock
  ...... ......... 00 00 00 00 00 00 20 00 00 00 00 01 01 00 00 00
  ................ 00 01 00 00 00 00 01 00 00 00 00 00 00 00 00 00
  ................ 00 00 00 00 00 00 00 00 cc a9 e0 00 00 00 00 00
  ................ 00 00 00 00 00 00 00 00 01 00 00 00 cc a9 e0 00
004611-004620 NewStateBlock "NewState"
004621-004675 DataBlock
  ................ f2 00 00 00 d4 00 00 00 00 00 00 00 02 00 00 00
  ................ 00 00 00 00 00 00 00 00 01 00 00 00 01 00 00 00
  ................ 00 00 00 00 00 00 00 0a 00 00 00 02 00 00 00 01
  .......          00 00 00 dd da fa ff
004676-004698 StringBlock "Default Font Category"
004699-004722 DataBlock
  ................ 00 00 00 00 00 00 00 00 00 00 00 00 00 00 00 00
  ........         00 00 00 00 00 00 00 00
004723-004733 T0Block "normal_t0"
004734-004749 DataBlock
  ................ 00 00 00 00 00 00 00 00 00 00 00 00 00 00 00 00
004750-004760 T0Block "normal_t0"
004761-004812 DataBlock
  ................ 00 00 00 00 00 00 00 00 00 00 00 00 00 00 00 00
  ................ 00 00 00 00 00 00 00 00 00 00 00 00 00 00 00 00
  ................ 00 00 00 00 0a 00 00 00 00 00 00 00 01 00 00 00
  `.%.             60 0e 25 1e
004813-004826 StringBlock "row_template"
004827-004870 DataBlock
  ................ 00 00 00 00 00 00 00 00 00 00 00 01 00 00 00 00
  ................ 00 01 00 00 00 00 01 00 00 00 00 00 00 00 00 00
  ............     00 00 00 00 00 00 00 00 00 00 00 00
004871-004919 ImageListBlock 1 elements:
  004875-004919 ImageBlock id=509186816 xsize=400 ysize=24 path="ui/skins/default/h_line.png" unknown=0
004920-004979 DataBlock
  ...........%...N 00 00 00 00 00 01 00 00 00 c0 11 25 1e 08 00 4e
  ewState......... 65 77 53 74 61 74 65 ca 00 00 00 18 00 00 00 00
  ................ 00 00 00 02 00 00 00 04 00 00 00 00 00 00 00 02
  ............     00 00 00 01 00 00 00 00 00 00 00 00
004980-004992 FontNameBlock "la_gioconda"
004993-005008 DataBlock
  ................ 0c 00 00 00 07 00 00 00 00 00 00 00 d7 f8 ff ff
005009-005024 StringBlock "ingame_tooltip"
005025-005048 DataBlock
  ................ 00 00 00 00 00 00 00 00 00 00 00 00 00 00 00 00
  ........         00 00 00 00 01 00 00 00
005049-005059 T0Block "normal_t0"
005060-005075 DataBlock
  ................ 00 00 00 00 00 00 00 00 00 00 00 00 00 00 00 00
005076-005086 T0Block "normal_t0"
005087-005217 DataBlock
  ................ 00 00 00 00 00 00 00 00 00 00 00 00 00 00 00 00
  ......Y......... 01 00 00 00 00 93 59 1e 00 00 00 00 00 00 00 00
  ................ ca 00 00 00 18 00 00 00 ff ff ff 00 00 00 00 08
  ................ 00 00 00 00 00 00 00 00 00 00 00 01 00 00 00 00
  ................ 00 00 00 00 00 00 00 00 00 00 00 00 00 00 00 00
  ..............B. 00 00 00 00 00 00 00 00 00 00 00 00 00 a0 42 00
  ................ 00 00 00 00 00 00 00 00 00 00 00 00 00 00 00 00
  ................ 00 00 00 2e 00 00 00 00 00 00 00 03 00 00 00 c0
  .%.              13 25 1e
005218-005228 StringBlock "bar_frame"
005229-005307 DataBlock
  ................ 00 00 c0 00 00 00 07 00 00 00 00 00 00 00 00 00
  ...............< 00 01 01 00 00 00 01 00 00 00 00 06 00 00 00 3c
  ........ .%..... 00 00 00 00 00 00 00 00 20 17 25 1e 01 00 00 00
  ..Y...F......... e0 9b 59 1e 00 00 46 00 00 00 0a 00 00 00 00 00
  ........... .%.  00 00 00 00 00 00 00 01 00 00 00 20 17 25 1e
005308-005317 NewStateBlock "NewState"
005318-005354 DataBlock
  F............... 46 00 00 00 0a 00 00 00 00 00 00 00 02 00 00 00
  ................ 00 00 00 00 00 00 00 00 01 00 00 00 01 00 00 00
  .....            00 00 00 00 00
005355-005367 FontNameBlock "la_gioconda"
005368-005383 DataBlock
  ................ 0c 00 00 00 07 00 00 00 00 00 00 00 00 00 00 ff
005384-005402 StringBlock "ingame_text_small"
005403-005426 DataBlock
  ................ 00 00 00 00 00 00 00 00 00 00 00 00 00 00 00 00
  ........         00 00 00 00 01 00 00 00
005427-005437 T0Block "normal_t0"
005438-005453 DataBlock
  ................ 00 00 00 00 00 00 00 00 00 00 00 00 00 00 00 00
005454-005464 T0Block "normal_t0"
005465-005595 DataBlock
  ................ 00 00 00 00 00 00 00 00 00 00 00 00 00 00 00 00
  ......Y......... 01 00 00 00 e0 9b 59 1e 00 00 00 00 00 00 00 00
  F............... 46 00 00 00 0a 00 00 00 00 00 00 96 00 00 00 00
  ................ 00 00 00 00 00 00 00 00 00 00 00 01 01 00 00 00
  ................ 00 00 00 00 00 00 00 00 00 00 00 00 00 00 00 00
  ................ 00 00 00 00 00 00 00 00 00 00 00 00 00 00 00 00
  ................ 00 00 00 00 00 00 00 00 00 00 00 00 00 00 00 00
  ...............  00 00 00 2e 00 00 00 00 00 00 00 04 00 00 00 20
  .%.              19 25 1e
005596-005604 StringBlock "bar_mod"
005605-005652 DataBlock
  ................ 00 00 01 00 00 00 01 00 00 00 00 01 00 00 00 00
  ................ 00 01 00 00 00 00 01 00 00 00 00 00 00 00 00 00
  ..........%..... 00 00 00 00 00 00 00 00 80 1c 25 1e 02 00 00 00
005653-005703 ImageBlock id=509195360 xsize=99 ysize=7 path="ui/skins/default/stat_bar_red.png" unknown=1505320960
005704-005704 DataBlock
  .                1e
005705-005741 ImagePathBlock "ui/skins/default/stat_bar_white.png"
005742-005766 DataBlock
  c............... 63 00 00 00 07 00 00 00 00 00 00 00 00 00 00 00
  .......%.        00 02 00 00 00 80 1c 25 1e
005767-005776 StringBlock "positive"
005777-005813 DataBlock
  D............... 44 00 00 00 08 00 00 00 00 00 00 00 02 00 00 00
  ................ 00 00 00 00 00 00 00 00 01 00 00 00 01 00 00 00
  .....            00 00 00 00 00
005814-005826 FontNameBlock "la_gioconda"
005827-005842 DataBlock
  ................ 0c 00 00 00 07 00 00 00 00 00 00 00 00 00 00 ff
005843-005861 StringBlock "ingame_text_small"
005862-005885 DataBlock
  ................ 00 00 00 00 00 00 00 00 00 00 00 00 00 00 00 00
  ........         00 00 00 00 01 00 00 00
005886-005896 T0Block "normal_t0"
005897-005912 DataBlock
  ................ 00 00 00 00 00 00 00 00 00 00 00 00 00 00 00 00
005913-005923 T0Block "normal_t0"
005924-006038 DataBlock
  ................ 00 00 00 00 00 00 00 00 00 00 00 00 00 00 00 00
  ....`.Y......... 01 00 00 00 60 b9 59 1e 00 00 00 00 00 00 00 00
  D............... 44 00 00 00 08 00 00 00 ff ff ff ff 01 00 00 00
  ................ 00 00 00 00 00 00 00 00 00 00 00 01 00 00 00 00
  ................ 00 00 00 00 00 00 00 00 00 00 00 00 00 00 00 00
  ................ 00 00 00 00 00 00 00 00 00 00 00 00 00 00 00 00
  ................ 00 00 00 00 00 00 00 00 00 00 00 00 00 00 00 80
  .%.              1e 25 1e
006039-006048 StringBlock "negative"
006049-006085 DataBlock
  D............... 44 00 00 00 08 00 00 00 00 00 00 00 02 00 00 00
  ................ 00 00 00 00 00 00 00 00 01 00 00 00 01 00 00 00
  .....            00 00 00 00 00
006086-006098 FontNameBlock "la_gioconda"
006099-006114 DataBlock
  ................ 0c 00 00 00 07 00 00 00 00 00 00 00 00 00 00 ff
006115-006133 StringBlock "ingame_text_small"
006134-006157 DataBlock
  ................ 00 00 00 00 00 00 00 00 00 00 00 00 00 00 00 00
  ........         00 00 00 00 01 00 00 00
006158-006168 T0Block "normal_t0"
006169-006184 DataBlock
  ................ 00 00 00 00 00 00 00 00 00 00 00 00 00 00 00 00
006185-006195 T0Block "normal_t0"
006196-006335 DataBlock
  ................ 00 00 00 00 00 00 00 00 00 00 00 00 00 00 00 00
  ....`.Y......... 01 00 00 00 60 b4 59 1e 00 00 00 00 00 00 00 00
  D............... 44 00 00 00 08 00 00 00 ff ff ff ff 01 00 00 00
  ................ 00 00 00 00 00 00 00 00 00 00 00 01 01 00 00 00
  ................ 00 00 00 00 00 00 00 00 00 00 00 00 00 00 00 00
  ................ 00 00 00 00 00 00 00 00 00 00 00 00 00 00 00 00
  ................ 00 00 00 00 00 00 00 00 00 00 00 00 00 00 00 00
  ................ 00 00 00 2e 00 00 00 00 00 00 00 00 00 00 00 00
  ......... %.     00 00 00 00 00 00 00 00 a0 20 25 1e
006336-006345 StringBlock "bar_base"
006346-006389 DataBlock
  ................ 00 00 01 00 00 00 01 00 00 00 00 01 00 00 00 00
  ................ 00 01 00 00 00 00 01 00 00 00 00 00 00 00 00 00
  .........$%.     00 00 00 00 00 00 00 00 00 24 25 1e
006390-006446 ImageListBlock 1 elements:
  006394-006446 ImageBlock id=509199072 xsize=99 ysize=7 path="ui/skins/default/stat_bar_green.png" unknown=0
006447-006506 DataBlock
  ..........$%...N 00 00 00 00 00 01 00 00 00 00 24 25 1e 08 00 4e
  ewStateD........ 65 77 53 74 61 74 65 44 00 00 00 08 00 00 00 00
  ................ 00 00 00 02 00 00 00 00 00 00 00 00 00 00 00 01
  ............     00 00 00 01 00 00 00 00 00 00 00 00
006507-006519 FontNameBlock "la_gioconda"
006520-006535 DataBlock
  ................ 0c 00 00 00 07 00 00 00 00 00 00 00 00 00 00 ff
006536-006554 StringBlock "ingame_text_small"
006555-006578 DataBlock
  ................ 00 00 00 00 00 00 00 00 00 00 00 00 00 00 00 00
  ........         00 00 00 00 01 00 00 00
006579-006589 T0Block "normal_t0"
006590-006605 DataBlock
  ................ 00 00 00 00 00 00 00 00 00 00 00 00 00 00 00 00
006606-006616 T0Block "normal_t0"
006617-006756 DataBlock
  ................ 00 00 00 00 00 00 00 00 00 00 00 00 00 00 00 00
  ......Y......... 01 00 00 00 e0 c2 59 1e 00 00 00 00 00 00 00 00
  D............... 44 00 00 00 08 00 00 00 ff ff ff ff 01 00 00 00
  ................ 00 00 00 00 00 00 00 00 00 00 00 01 00 00 00 00
  ................ 00 00 00 00 00 00 00 00 00 00 00 00 00 00 00 00
  ................ 00 00 00 00 00 00 00 00 00 00 00 00 00 00 00 00
  ................ 00 00 00 00 00 00 00 00 00 00 00 00 00 00 00 00
  ................ 00 00 00 2e 00 00 00 00 00 00 00 00 00 00 00 00
  .........&%.     00 00 00 00 00 00 00 00 00 26 25 1e
006757-006768 StringBlock "bar_border"
006769-006812 DataBlock
  ................ 00 00 00 00 00 00 00 00 00 00 00 01 01 00 00 00
  ................ 00 00 00 00 00 00 01 00 00 00 00 00 00 00 00 00
  ........`)%.     00 00 00 00 00 00 00 00 60 29 25 1e
006813-006870 ImageListBlock 1 elements:
  006817-006870 ImageBlock id=371587808 xsize=64 ysize=64 path="ui/skins/default/fe_frame_ingame.png" unknown=0
006871-006948 DataBlock
  .........`)%...N 00 00 00 00 00 01 00 00 00 60 29 25 1e 08 00 4e
  ewStateF........ 65 77 53 74 61 74 65 46 00 00 00 0a 00 00 00 00
  ................ 00 00 00 02 00 00 00 00 00 00 00 00 00 00 00 01
  ................ 00 00 00 01 00 00 00 00 00 00 00 00 00 00 0a 00
  ..............   00 00 02 00 00 00 01 00 00 00 dd da fa ff
006949-006971 StringBlock "Default Font Category"
006972-006995 DataBlock
  ................ 00 00 00 00 00 00 00 00 00 00 00 00 00 00 00 00
  ........         00 00 00 00 01 00 00 00
006996-007006 T0Block "normal_t0"
007007-007022 DataBlock
  ................ 00 00 00 00 00 00 00 00 00 00 00 00 00 00 00 00
007023-007033 T0Block "normal_t0"
007034-007173 DataBlock
  ................ 00 00 00 00 00 00 00 00 00 00 00 00 00 00 00 00
  ......%......... 01 00 00 00 e0 fa 25 16 00 00 00 00 00 00 00 00
  F............... 46 00 00 00 0a 00 00 00 ff ff ff ff 00 00 00 00
  ................ 00 00 00 00 00 00 00 00 00 00 00 01 01 00 00 00
  ................ 00 00 00 00 00 00 00 00 00 00 00 00 00 00 00 00
  ..............@. 00 00 00 00 00 00 00 00 00 00 00 00 00 80 40 00
  ..@............. 00 80 40 00 00 00 00 00 00 00 00 00 00 00 00 00
  ................ 00 00 00 2e 00 00 00 00 00 00 00 00 00 00 00 00
  ........`+%.     00 00 00 00 00 00 00 00 60 2b 25 1e
007174-007180 StringBlock "frame"
007181-007224 DataBlock
  ................ 00 00 00 00 00 00 00 00 00 00 00 01 01 00 00 00
  ................ 00 01 00 00 00 00 01 00 00 00 00 00 00 00 00 00
  ..........%.     00 00 00 00 00 00 00 00 c0 2e 25 1e
007225-007280 ImageListBlock 1 elements:
  007229-007280 ImageBlock id=509204032 xsize=36 ysize=80 path="ui/skins/default/fe_frame_glow.png" unknown=0
007281-007358 DataBlock
  ...........%...N 00 00 00 00 00 01 00 00 00 c0 2e 25 1e 08 00 4e
  ewStateF........ 65 77 53 74 61 74 65 46 00 00 00 0a 00 00 00 00
  ................ 00 00 00 02 00 00 00 00 00 00 00 00 00 00 00 01
  ................ 00 00 00 01 00 00 00 00 00 00 00 00 00 00 0a 00
  ..............   00 00 02 00 00 00 01 00 00 00 dd da fa ff
007359-007381 StringBlock "Default Font Category"
007382-007405 DataBlock
  ................ 00 00 00 00 00 00 00 00 00 00 00 00 00 00 00 00
  ........         00 00 00 00 00 00 00 00
007406-007416 T0Block "normal_t0"
007417-007432 DataBlock
  ................ 00 00 00 00 00 00 00 00 00 00 00 00 00 00 00 00
007433-007443 T0Block "normal_t0"
007444-007592 DataBlock
  ................ 00 00 00 00 00 00 00 00 00 00 00 00 00 00 00 00
  ....@.Y......... 01 00 00 00 40 d6 59 1e 00 00 00 00 00 00 00 00
  F............... 46 00 00 00 0a 00 00 00 ff ff ff ff 00 00 00 05
  ................ 00 00 00 00 00 00 00 00 00 00 00 01 01 00 00 00
  ................ 00 00 00 00 00 00 00 00 00 00 00 00 00 00 00 00
  ..............@. 00 00 00 00 00 00 00 00 00 00 00 00 00 80 40 00
  ..@............. 00 80 40 00 00 00 00 00 00 00 00 00 00 00 00 00
  ................ 00 00 00 2e 00 00 00 00 00 00 00 00 00 00 00 00
  ................ 00 00 00 00 00 00 00 00 00 00 00 00 00 00 00 00
  ..0%.            00 c0 30 25 1e
007593-007602 StringBlock "dy_value"
007603-007666 DataBlock
  ................ 00 00 8c 00 00 00 00 00 00 00 00 01 01 00 00 00
  ................ 00 01 00 00 00 00 01 00 00 00 00 00 00 00 00 00
  ................ 00 00 00 00 00 00 00 00 00 00 00 00 00 00 00 00
  ............ 4%. 00 00 00 00 00 00 00 00 01 00 00 00 20 34 25 1e
007667-007676 NewStateBlock "NewState"
007677-007713 DataBlock
  (.........4.2... 28 00 00 00 18 00 00 00 02 00 34 00 32 00 00 00
  ................ 03 00 00 00 04 00 00 00 00 00 00 00 01 00 00 00
  .....            01 00 00 00 00
007714-007773 UnicodeBlock "dy_value_NewState_Text_320034"
007774-007775 DataBlock
  ..               00 00
007776-007788 FontNameBlock "la_gioconda"
007789-007804 DataBlock
  ................ 0c 00 00 00 07 00 00 00 00 00 00 00 d7 f8 ff ff
007805-007813 StringBlock "fe_text"
007814-007837 DataBlock
  ................ 00 00 00 00 00 00 00 00 00 00 00 00 00 00 00 00
  ........         00 00 00 00 01 00 00 00
007838-007848 T0Block "normal_t0"
007849-007864 DataBlock
  ................ 00 00 00 00 00 00 00 00 00 00 00 00 00 00 00 00
007865-007875 T0Block "normal_t0"
007876-007936 DataBlock
  ................ 00 00 00 00 00 00 00 00 00 00 00 00 00 00 00 00
  ................ 00 00 00 00 00 00 00 00 00 00 00 00 00 00 00 00
  ................ 00 00 00 00 2e 00 00 00 00 00 00 00 00 00 00 00
  .........@6%.    00 00 00 00 00 00 00 00 00 40 36 25 1e
007937-007947 StringBlock "stat_name"
007948-008011 DataBlock
  ................ 00 00 f6 ff ff ff ff ff ff ff 00 01 01 00 00 00
  ................ 00 01 00 00 00 00 01 00 00 00 00 00 00 00 00 00
  ................ 00 00 00 00 00 00 00 00 00 00 00 00 00 00 00 00
  .............9%. 00 00 00 00 00 00 00 00 01 00 00 00 a0 39 25 1e
008012-008021 NewStateBlock "NewState"
008022-008029 DataBlock
  ........         b4 00 00 00 18 00 00 00
008030-008055 UnicodeBlock "dy_stat_name"
008056-008078 DataBlock
  ................ 00 00 02 00 00 00 04 00 00 00 00 00 00 00 02 00
  .......          00 00 01 00 00 00 00
008079-008130 UnicodeBlock "range_NewState_Text_60059"
008131-008132 DataBlock
  ..               00 00
008133-008145 FontNameBlock "la_gioconda"
008146-008161 DataBlock
  ................ 0c 00 00 00 07 00 00 00 00 00 00 00 d7 f8 ff ff
008162-008170 StringBlock "fe_text"
008171-008194 DataBlock
  ................ 00 00 00 00 00 00 00 00 00 00 00 00 00 00 00 00
  ........         00 00 00 00 01 00 00 00
008195-008205 T0Block "normal_t0"
008206-008221 DataBlock
  ................ 00 00 00 00 00 00 00 00 00 00 00 00 00 00 00 00
008222-008232 T0Block "normal_t0"
008233-008299 DataBlock
  ................ 00 00 00 00 00 00 00 00 00 00 00 00 00 00 00 00
  ................ 00 00 00 00 00 00 00 00 00 00 00 00 00 00 00 00
  ................ 00 00 00 00 2e 00 00 00 00 00 00 00 00 00 00 00
  ................ 00 00 00 00 00 00 00 00 00 00 00 00 00 00 00 00
  ...              00 00 01
008300-008305 StringBlock "List"
008306-008348 DataBlock
  ......zC........ 01 00 00 00 00 00 7a 43 00 00 00 00 00 00 00 00
  ................ 00 01 00 00 00 00 00 00 00 00 00 00 00 00 00 00
  .......@.V.      00 00 00 00 00 00 00 40 bf 56 1d
008349-008375 StringBlock "dy_unit_short_description"
008376-008439 DataBlock
  ......J......... 00 00 b4 00 00 00 4a 00 00 00 00 00 01 00 00 00
  ................ 00 01 00 00 00 00 01 00 00 00 00 02 00 00 00 00
  ...J....@.V..... 00 00 00 4a 00 00 00 00 40 c2 56 1d 00 00 00 00
  ............@.V. 00 00 00 00 00 00 00 00 01 00 00 00 40 c2 56 1d
008440-008449 NewStateBlock "NewState"
008450-008457 DataBlock
  X...$...         58 02 00 00 24 00 00 00
008458-008509 UnicodeBlock "dy_unit_short_description"
008510-008532 DataBlock
  ................ 00 00 04 00 00 00 00 00 00 00 00 00 00 00 03 00
  .......          00 00 01 00 00 00 00
008533-008624 UnicodeBlock "dy_unit_short_description_NewState_Text_b005b"
008625-008626 DataBlock
  ..               00 00
008627-008642 FontNameBlock "georgia_italic"
008643-008658 DataBlock
  ................ 0c 00 00 00 06 00 00 00 01 00 00 00 b0 d7 df ff
008659-008669 StringBlock "fe_italic"
008670-008693 DataBlock
  ................ 00 00 00 00 00 00 00 00 04 00 00 00 14 00 00 00
  ........         00 00 00 00 00 00 00 00
008694-008704 T0Block "normal_t0"
008705-008720 DataBlock
  ................ 00 00 00 00 00 00 00 00 00 00 00 00 00 00 00 00
008721-008731 T0Block "normal_t0"
008732-008767 DataBlock
  ................ 00 00 00 00 00 00 00 00 00 00 00 00 00 00 00 00
  ................ 00 00 00 00 00 00 00 00 00 00 00 00 00 00 00 00
  ....             02 00 00 00
008768-008783 StringBlock "min_text_width"
008784-008788 DataBlock
  ..250            03 00 32 35 30
008789-008805 StringBlock "min_text_height"
008806-008834 DataBlock
  ..30............ 02 00 33 30 0a 00 00 00 00 00 00 00 00 00 00 00
  .............    00 00 00 00 00 00 00 00 00 c0 1d 0a 1b
008835-008845 StringBlock "btn_close"
008846-008853 StringBlock "Button"
008854-008874 DataBlock
  ................ 9b 03 00 00 06 00 00 00 00 00 00 00 00 00 00 01
  .....            00 00 00 00 01
008875-008888 UnicodeBlock "Cancel"
008889-008948 UnicodeBlock "_button_cancel_Tooltip_1f006a"
008949-008969 DataBlock
  ..............1. 03 00 00 00 f9 ff ff ff 06 00 00 00 00 e0 31 0a
  .....            1b 05 00 00 00
008970-009027 ImageBlock id=453648768 xsize=206 ysize=207 path="ui/skins/default/button_basic_active.png" unknown=170057728
009028-009028 DataBlock
  .                1b
009029-009064 ImagePathBlock "ui/skins/default/fe_icon_cross.png"
009065-009073 DataBlock
  2...2....        32 00 00 00 32 00 00 00 00
009074-009123 ImageBlock id=453649312 xsize=206 ysize=206 path="ui/skins/default/button_glow.png" unknown=170164224
009124-009124 DataBlock
  .                1b
009125-009168 ImagePathBlock "ui/skins/default/button_basic_inactive.png"
009169-009177 DataBlock
  .........        ce 00 00 00 cf 00 00 00 00
009178-009232 ImageBlock id=453649856 xsize=50 ysize=50 path="ui/skins/default/button_edge_glow.png" unknown=0
009233-009245 DataBlock
  ..........&..    00 00 00 00 00 05 00 00 00 c0 26 0a 1b
009246-009252 StringBlock "hover"
009253-009307 DataBlock
  ................ 1e 00 00 00 1e 00 00 00 00 00 00 00 02 00 00 00
  ................ 00 00 00 00 00 00 00 00 01 00 00 00 01 00 00 00
  ................ 00 00 00 00 00 00 00 0a 00 00 00 02 00 00 00 01
  .......          00 00 00 dd da fa ff
009308-009330 StringBlock "Default Font Category"
009331-009354 DataBlock
  ................ 00 00 00 00 00 00 00 00 00 00 00 00 00 00 00 00
  ........         00 00 00 00 01 00 00 00
009355-009369 T0Block "glow_pulse_t0"
009370-009385 DataBlock
  ff.?...?...?.... 66 66 a6 3f 00 00 80 3f 00 00 80 3f 00 00 00 00
009386-009396 T0Block "normal_t0"
009397-009798 DataBlock
  ................ 00 00 00 00 00 00 00 00 00 00 00 00 00 00 00 00
  .....!.......... 04 00 00 00 80 21 0a 1b 00 00 00 00 00 00 00 00
  ................ 1e 00 00 00 1e 00 00 00 ff ff ff ff 00 00 00 00
  ................ 00 00 00 00 00 00 00 00 00 00 00 01 01 00 00 00
  ................ 00 00 00 00 00 00 00 00 00 00 00 00 00 00 00 00
  ................ 00 00 00 00 00 00 00 00 00 00 00 00 00 00 00 00
  ...."........... 00 00 00 e0 22 0a 1b 00 00 00 00 00 00 00 00 1e
  ................ 00 00 00 1e 00 00 00 ff ff ff ff 00 00 00 00 00
  ................ 00 00 00 00 00 00 00 00 00 00 01 01 00 00 00 00
  ................ 00 00 00 00 00 00 00 00 00 00 00 00 00 00 00 00
  ................ 00 00 00 00 00 00 00 00 00 00 00 00 00 00 00 00
  ...#............ 00 00 a0 23 0a 1b 00 00 00 00 00 00 00 00 1e 00
  .........2...... 00 00 1e 00 00 00 ff ff ff 32 00 00 00 00 00 00
  ................ 00 00 00 00 00 00 00 00 00 01 01 00 00 00 00 00
  ................ 00 00 00 00 00 00 00 00 00 00 00 00 00 00 00 00
  ................ 00 00 00 00 00 00 00 00 00 00 00 00 00 00 00 00
  ..%............. 00 c0 25 0a 1b 00 00 00 00 00 00 00 00 1e 00 00
  ................ 00 1e 00 00 00 ff ff ff 96 00 00 00 00 00 00 00
  ................ 00 00 00 00 00 00 00 00 01 01 00 00 00 00 00 00
  ................ 00 00 00 00 00 00 00 00 00 00 00 00 00 00 00 00
  ................ 00 00 00 00 00 00 00 00 00 00 00 00 00 00 00 00
  ................ d5 00 00 00 11 00 00 00 02 00 00 00 01 00 00 00
  .1......_....... e0 31 0a 1b 96 00 00 00 5f 00 00 00 01 00 00 00
  ..............@9 00 00 00 00 00 00 00 00 00 00 02 00 00 00 40 39
  ......]........- 0a 1b c8 00 00 00 5d 00 00 00 00 00 00 00 c0 2d
  ..               0a 1b
009799-009808 StringBlock "inactive"
009809-009863 DataBlock
  ................ 1e 00 00 00 1e 00 00 00 00 00 00 00 02 00 00 00
  ................ 00 00 00 00 00 00 00 00 01 00 00 00 01 00 00 00
  ................ 00 00 00 00 00 00 00 0a 00 00 00 02 00 00 00 01
  .......          00 00 00 dd da fa ff
009864-009886 StringBlock "Default Font Category"
009887-009910 DataBlock
  ................ 00 00 00 00 00 00 00 00 00 00 00 00 00 00 00 00
  ........         00 00 00 00 01 01 00 00
009911-009921 T0Block "normal_t0"
009922-009937 DataBlock
  ................ 00 00 00 00 00 00 00 00 00 00 00 00 00 00 00 00
009938-009948 T0Block "normal_t0"
009949-010100 DataBlock
  ................ 00 00 00 00 00 00 00 00 00 00 00 00 00 00 00 00
  .....$.......... 02 00 00 00 80 24 0a 1b 00 00 00 00 00 00 00 00
  ................ 1e 00 00 00 1e 00 00 00 ff ff ff ff 00 00 00 00
  ................ 00 00 00 00 00 00 00 00 00 00 00 01 01 00 00 00
  ................ 00 00 00 00 00 00 00 00 00 00 00 00 00 00 00 00
  ................ 00 00 00 00 00 00 00 00 00 00 00 00 00 00 00 00
  ...."........... 00 00 00 e0 22 0a 1b 00 00 00 00 00 00 00 00 1e
  ................ 00 00 00 1e 00 00 00 c0 c0 c0 96 00 00 00 00 00
  ................ 00 00 00 00 00 00 00 00 00 00 01 01 00 00 00 00
  ........         00 00 00 00 00 00 00 00
010101-010111 T0Block "normal_t0"
010112-010151 DataBlock
  ................ 00 00 00 00 00 00 00 00 00 00 00 00 00 00 00 00
  ................ 00 00 00 00 00 00 00 00 00 00 00 00 00 00 00 00
  .....1..         00 00 00 00 e0 31 0a 1b
010152-010159 StringBlock "active"
010160-010214 DataBlock
  ................ 1e 00 00 00 1e 00 00 00 00 00 00 00 00 00 00 00
  ................ 02 00 00 00 00 00 00 00 01 00 00 00 01 00 00 00
  ................ 00 00 00 00 00 00 00 0a 00 00 00 02 00 00 00 01
  .......          00 00 00 dd da fa ff
010215-010237 StringBlock "Default Font Category"
010238-010261 DataBlock
  ................ 00 00 00 00 00 00 00 00 00 00 00 00 00 00 00 00
  ........         00 00 00 00 01 00 00 00
010262-010274 T0Block "brighten_t0"
010275-010290 DataBlock
  ................ 00 00 00 00 00 00 00 00 00 00 00 00 00 00 00 00
010291-010301 T0Block "normal_t0"
010302-010703 DataBlock
  ................ 00 00 00 00 00 00 00 00 00 00 00 00 00 00 00 00
  .....!.......... 04 00 00 00 80 21 0a 1b 00 00 00 00 00 00 00 00
  ................ 1e 00 00 00 1e 00 00 00 ff ff ff ff 00 00 00 00
  ................ 00 00 00 00 00 00 00 00 00 00 00 01 01 00 00 00
  ................ 00 00 00 00 00 00 00 00 00 00 00 00 00 00 00 00
  ................ 00 00 00 00 00 00 00 00 00 00 00 00 00 00 00 00
  ...."........... 00 00 00 e0 22 0a 1b 00 00 00 00 00 00 00 00 1e
  ................ 00 00 00 1e 00 00 00 ff ff ff ff 00 00 00 00 00
  ................ 00 00 00 00 00 00 00 00 00 00 01 01 00 00 00 00
  ................ 00 00 00 00 00 00 00 00 00 00 00 00 00 00 00 00
  ................ 00 00 00 00 00 00 00 00 00 00 00 00 00 00 00 00
  ...#............ 00 00 a0 23 0a 1b 00 00 00 00 00 00 00 00 1e 00
  ................ 00 00 1e 00 00 00 ff ff ff 00 00 00 00 00 00 00
  ................ 00 00 00 00 00 00 00 00 00 01 01 00 00 00 00 00
  ................ 00 00 00 00 00 00 00 00 00 00 00 00 00 00 00 00
  ................ 00 00 00 00 00 00 00 00 00 00 00 00 00 00 00 00
  ..%............. 00 c0 25 0a 1b 00 00 00 00 00 00 00 00 1e 00 00
  ................ 00 1e 00 00 00 ff ff ff 00 00 00 00 00 00 00 00
  ................ 00 00 00 00 00 00 00 00 01 01 00 00 00 00 00 00
  ................ 00 00 00 00 00 00 00 00 00 00 00 00 00 00 00 00
  ................ 00 00 00 00 00 00 00 00 00 00 00 00 00 00 00 00
  5............... 35 00 00 00 95 00 00 00 02 00 00 00 00 00 00 00
  .&..d...]....... c0 26 0a 1b 64 00 00 00 5d 00 00 00 01 00 00 00
  ..............@9 00 00 00 00 00 00 00 00 00 00 02 00 00 00 40 39
  ..............@9 0a 1b 00 00 00 00 00 00 00 00 00 00 00 00 40 39
  ..               0a 1b
010704-010709 StringBlock "down"
010710-010764 DataBlock
  ................ 1e 00 00 00 1e 00 00 00 00 00 00 00 00 00 00 00
  ................ 02 00 00 00 00 00 00 00 01 00 00 00 01 00 00 00
  ................ 00 00 00 00 00 00 00 0a 00 00 00 02 00 00 00 01
  .......          00 00 00 dd da fa ff
010765-010787 StringBlock "Default Font Category"
010788-010811 DataBlock
  ................ 00 00 00 00 00 00 00 00 00 00 00 00 00 00 00 00
  ........         00 00 00 00 01 00 00 00
010812-010826 T0Block "glow_pulse_t0"
010827-010842 DataBlock
  ...=............ cd cc cc 3d 00 00 00 00 00 00 00 00 00 00 00 00
010843-010853 T0Block "normal_t0"
010854-011245 DataBlock
  ................ 00 00 00 00 00 00 00 00 00 00 00 00 00 00 00 00
  .....!.......... 04 00 00 00 80 21 0a 1b 00 00 00 00 01 00 00 00
  ................ 1e 00 00 00 1e 00 00 00 ff ff ff ff 00 00 00 00
  ................ 00 00 00 00 00 00 00 00 00 00 00 01 01 00 00 00
  ................ 00 00 00 00 00 00 00 00 00 00 00 00 00 00 00 00
  ................ 00 00 00 00 00 00 00 00 00 00 00 00 00 00 00 00
  ...."........... 00 00 00 e0 22 0a 1b 00 00 00 00 01 00 00 00 1e
  ................ 00 00 00 1e 00 00 00 ff ff ff ff 00 00 00 00 00
  ................ 00 00 00 00 00 00 00 00 00 00 01 01 00 00 00 00
  ................ 00 00 00 00 00 00 00 00 00 00 00 00 00 00 00 00
  ................ 00 00 00 00 00 00 00 00 00 00 00 00 00 00 00 00
  ...#............ 00 00 a0 23 0a 1b 00 00 00 00 01 00 00 00 1e 00
  .........d...... 00 00 1e 00 00 00 ff ff ff 64 00 00 00 00 00 00
  ................ 00 00 00 00 00 00 00 00 00 01 01 00 00 00 00 00
  ................ 00 00 00 00 00 00 00 00 00 00 00 00 00 00 00 00
  ................ 00 00 00 00 00 00 00 00 00 00 00 00 00 00 00 00
  ..%............. 00 c0 25 0a 1b 00 00 00 00 01 00 00 00 1e 00 00
  ................ 00 1e 00 00 00 ff ff ff 00 00 00 00 00 00 00 00
  ................ 00 00 00 00 00 00 00 00 01 01 00 00 00 00 00 00
  ................ 00 00 00 00 00 00 00 00 00 00 00 00 00 00 00 00
  ................ 00 00 00 00 00 00 00 00 00 00 00 00 00 00 00 00
  h............... 68 01 00 00 93 00 00 00 02 00 00 00 01 00 00 00
   @......_....... 20 40 0a 1b c8 00 00 00 5f 00 00 00 00 00 00 00
  .....&.......... 03 00 00 00 c0 26 0a 1b 00 00 00 00 00 00 00 00
  .... @..         00 00 00 00 20 40 0a 1b
011246-011255 StringBlock "down_off"
011256-011310 DataBlock
  ................ 1e 00 00 00 1e 00 00 00 00 00 00 00 02 00 00 00
  ................ 00 00 00 00 00 00 00 00 01 00 00 00 01 00 00 00
  ................ 00 00 00 00 00 00 00 0a 00 00 00 02 00 00 00 01
  .......          00 00 00 dd da fa ff
011311-011333 StringBlock "Default Font Category"
011334-011357 DataBlock
  ................ 00 00 00 00 00 00 00 00 00 00 00 00 00 00 00 00
  ........         00 00 00 00 01 00 00 00
011358-011368 T0Block "normal_t0"
011369-011384 DataBlock
  ................ 00 00 00 00 00 00 00 00 00 00 00 00 00 00 00 00
011385-011395 T0Block "normal_t0"
011396-011721 DataBlock
  ................ 00 00 00 00 00 00 00 00 00 00 00 00 00 00 00 00
  .....!.......... 03 00 00 00 80 21 0a 1b 00 00 00 00 01 00 00 00
  ................ 1e 00 00 00 1e 00 00 00 ff ff ff ff 00 00 00 00
  ................ 00 00 00 00 00 00 00 00 00 00 00 01 01 00 00 00
  ................ 00 00 00 00 00 00 00 00 00 00 00 00 00 00 00 00
  ................ 00 00 00 00 00 00 00 00 00 00 00 00 00 00 00 00
  ...."........... 00 00 00 e0 22 0a 1b 00 00 00 00 01 00 00 00 1e
  ................ 00 00 00 1e 00 00 00 ff ff ff ff 00 00 00 00 00
  ................ 00 00 00 00 00 00 00 00 00 00 01 01 00 00 00 00
  ................ 00 00 00 00 00 00 00 00 00 00 00 00 00 00 00 00
  ................ 00 00 00 00 00 00 00 00 00 00 00 00 00 00 00 00
  ...#............ 00 00 a0 23 0a 1b 00 00 00 00 00 00 00 00 1e 00
  ................ 00 00 1e 00 00 00 ff ff ff 00 00 00 00 00 00 00
  ................ 00 00 00 00 00 00 00 00 00 01 01 00 00 00 00 00
  ................ 00 00 00 00 00 00 00 00 00 00 00 00 00 00 00 00
  ................ 00 00 00 00 00 00 00 00 00 00 00 00 00 00 00 00
  ................ 00 de 00 00 00 0b 01 00 00 02 00 00 00 00 00 00
  .@9..d..._...... 00 40 39 0a 1b 64 00 00 00 5f 00 00 00 00 00 00
  ......1......_.. 00 0b 00 00 00 e0 31 0a 1b 96 00 00 00 5f 00 00
  .........2...... 00 00 00 00 00 00 00 00 00 32 00 00 00 00 00 00
  ......           00 00 00 00 00 00
011722-011742 StringBlock "grp_gw_cancel_close"
011743-011752 DataBlock
  ..........       00 00 00 00 00 00 00 e6 da 0b
011753-011777 StringBlock "strength_and_weaknesses"
011778-011824 StringBlock "EncyclopediaUnitStrengthAndWeaknessesCallback"
011825-011886 DataBlock
  J............... 4a 01 00 00 c8 00 00 00 00 01 01 00 00 00 00 01
  .............J.. 00 00 00 00 01 00 00 00 00 01 00 00 00 4a 01 00
  ................ 00 c8 00 00 00 00 10 e9 da 0b 00 00 00 00 00 00
  ..............   00 00 00 00 00 00 01 00 00 00 10 e9 da 0b
011887-011896 NewStateBlock "NewState"
011897-011951 DataBlock
  >............... 3e 01 00 00 b5 00 00 00 00 00 00 00 02 00 00 00
  ................ 00 00 00 00 00 00 00 00 01 00 00 00 01 00 00 00
  ................ 00 00 00 00 00 00 00 0a 00 00 00 02 00 00 00 01
  .......          00 00 00 dd da fa ff
011952-011974 StringBlock "Default Font Category"
011975-011998 DataBlock
  ................ 00 00 00 00 00 00 00 00 00 00 00 00 00 00 00 00
  ........         00 00 00 00 00 00 00 00
011999-012009 T0Block "normal_t0"
012010-012025 DataBlock
  ................ 00 00 00 00 00 00 00 00 00 00 00 00 00 00 00 00
012026-012036 T0Block "normal_t0"
012037-012088 DataBlock
  ................ 00 00 00 00 00 00 00 00 00 00 00 00 00 00 00 00
  ................ 00 00 00 00 00 00 00 00 00 00 00 00 00 00 00 00
  ................ 00 00 00 00 0a 00 00 00 00 00 00 00 03 00 00 00
  ...$             c0 ce c0 24
012089-012096 StringBlock "h_line"
012097-012140 DataBlock
  ................ 00 00 f4 ff ff ff 05 00 00 00 00 01 01 00 00 00
  ................ 00 01 00 00 00 00 01 00 00 00 00 02 00 00 00 00
  ...........$     00 00 00 05 00 00 00 00 c0 d1 c0 24
012141-012189 ImageListBlock 1 elements:
  012145-012189 ImageBlock id=613100992 xsize=175 ysize=16 path="ui/skins/default/h_line.png" unknown=0
012190-012267 DataBlock
  ............$..N 00 00 00 00 00 01 00 00 00 c0 d1 c0 24 08 00 4e
  ewStateW........ 65 77 53 74 61 74 65 57 01 00 00 11 00 00 00 00
  ................ 00 00 00 02 00 00 00 00 00 00 00 00 00 00 00 01
  ................ 00 00 00 01 00 00 00 00 00 00 00 00 00 00 0a 00
  ..............   00 00 02 00 00 00 01 00 00 00 dd da fa ff
012268-012290 StringBlock "Default Font Category"
012291-012314 DataBlock
  ................ 00 00 00 00 00 00 00 00 00 00 00 00 00 00 00 00
  ........         00 00 00 00 01 00 00 00
012315-012325 T0Block "normal_t0"
012326-012341 DataBlock
  ................ 00 00 00 00 00 00 00 00 00 00 00 00 00 00 00 00
012342-012352 T0Block "normal_t0"
012353-012492 DataBlock
  ................ 00 00 00 00 00 00 00 00 00 00 00 00 00 00 00 00
  .....-.$........ 01 00 00 00 c0 2d 8b 24 00 00 00 00 00 00 00 00
  W............... 57 01 00 00 11 00 00 00 ff ff ff ff 00 00 00 00
  ................ 00 00 00 00 00 00 00 00 00 00 00 01 01 00 00 00
  ................ 00 00 00 00 00 00 00 00 00 00 00 00 00 00 00 00
  ................ 00 00 00 00 00 00 00 00 00 00 00 00 00 00 00 00
  ................ 00 00 00 00 00 00 00 00 00 00 00 00 00 00 00 00
  ................ 00 00 00 0a 00 00 00 00 00 00 00 00 00 00 00 00
  ............     00 00 00 00 00 00 00 00 f0 ea da 0b
012493-012521 StringBlock "txt_strength_and_weaknesses"
012522-012585 DataBlock
  ................ 00 00 fa ff ff ff 00 00 00 00 00 01 01 00 00 00
  ................ 00 01 00 00 00 00 01 00 00 00 00 02 00 00 00 00
  ................ 00 00 00 00 00 00 00 00 00 ee da 0b 00 00 00 00
  ................ 00 00 00 00 00 00 00 00 01 00 00 00 00 ee da 0b
012586-012595 NewStateBlock "NewState"
012596-012603 DataBlock
  J... ...         4a 01 00 00 20 00 00 00
012604-012647 UnicodeBlock "Strength & Weaknesses"
012648-012670 DataBlock
  ................ 00 00 04 00 00 00 00 00 00 00 00 00 00 00 01 00
  .......          00 00 01 00 00 00 01
012671-012768 UnicodeBlock "txt_strength_and_weaknesses_NewState_Text_760050"
012769-012770 DataBlock
  ..               00 00
012771-012793 FontNameBlock "la_gioconda_uppercase"
012794-012809 DataBlock
  ............9... 12 00 00 00 04 00 00 00 00 00 00 00 39 c1 ee ff
012810-012836 StringBlock "fe_section_heading_yellow"
012837-012860 DataBlock
  ................ 00 00 00 00 00 00 00 00 00 00 00 00 00 00 00 00
  ........         00 00 00 00 00 00 00 00
012861-012871 T0Block "normal_t0"
012872-012887 DataBlock
  ................ 00 00 00 00 00 00 00 00 00 00 00 00 00 00 00 00
012888-012898 T0Block "normal_t0"
012899-012959 DataBlock
  ................ 00 00 00 00 00 00 00 00 00 00 00 00 00 00 00 00
  ................ 00 00 00 00 00 00 00 00 00 00 00 00 00 00 00 00
  ................ 00 00 00 00 0a 00 00 00 00 00 00 00 00 00 00 00
  .............    00 00 00 00 00 00 00 00 00 f0 ef da 0b
012960-012965 StringBlock "list"
012966-013029 DataBlock
  ...... ......... 00 00 00 00 00 00 20 00 00 00 00 01 01 00 00 00
  ................ 00 01 00 00 00 00 01 00 00 00 00 00 00 00 00 00
  ................ 00 00 00 00 00 00 00 00 00 f3 da 0b 00 00 00 00
  ................ 00 00 00 00 00 00 00 00 01 00 00 00 00 f3 da 0b
013030-013039 NewStateBlock "NewState"
013040-013094 DataBlock
  >............... 3e 01 00 00 94 00 00 00 00 00 00 00 02 00 00 00
  ................ 00 00 00 00 00 00 00 00 01 00 00 00 01 00 00 00
  ................ 00 00 00 00 00 00 00 0a 00 00 00 02 00 00 00 01
  .......          00 00 00 dd da fa ff
013095-013117 StringBlock "Default Font Category"
013118-013141 DataBlock
  ................ 00 00 00 00 00 00 00 00 00 00 00 00 00 00 00 00
  ........         00 00 00 00 00 00 00 00
013142-013152 T0Block "normal_t0"
013153-013168 DataBlock
  ................ 00 00 00 00 00 00 00 00 00 00 00 00 00 00 00 00
013169-013179 T0Block "normal_t0"
013180-013231 DataBlock
  ................ 00 00 00 00 00 00 00 00 00 00 00 00 00 00 00 00
  ................ 00 00 00 00 00 00 00 00 00 00 00 00 00 00 00 00
  ................ 00 00 00 00 0a 00 00 00 00 00 00 00 01 00 00 00
  ....             ac b0 e0 00
013232-013245 StringBlock "row_template"
013246-013309 DataBlock
  ................ 00 00 00 00 00 00 00 00 00 00 00 00 01 00 00 00
  ................ 00 01 00 00 00 00 01 00 00 00 00 00 00 00 00 00
  ................ 00 00 00 00 00 00 00 00 bc b3 e0 00 00 00 00 00
  ................ 00 00 00 00 00 00 00 00 01 00 00 00 bc b3 e0 00
013310-013319 NewStateBlock "NewState"
013320-013327 DataBlock
  ^.......         5e 01 00 00 1e 00 00 00
013328-013343 UnicodeBlock "dy_text"
013344-013366 DataBlock
  ................ 00 00 02 00 00 00 00 00 00 00 00 00 00 00 03 00
  .......          00 00 01 00 00 00 00
013367-013424 UnicodeBlock "dy_text_NewState_Text_75002a"
013425-013426 DataBlock
  ..               00 00
013427-013439 FontNameBlock "la_gioconda"
013440-013455 DataBlock
  ................ 0c 00 00 00 07 00 00 00 00 00 00 00 d7 f8 ff ff
013456-013464 StringBlock "fe_text"
013465-013488 DataBlock
  ................ 00 00 00 00 00 00 00 00 09 00 00 00 09 00 00 00
  ........         00 00 00 00 00 00 00 00
013489-013499 T0Block "normal_t0"
013500-013515 DataBlock
  ................ 00 00 00 00 00 00 00 00 00 00 00 00 00 00 00 00
013516-013526 T0Block "normal_t0"
013527-013562 DataBlock
  ................ 00 00 00 00 00 00 00 00 00 00 00 00 00 00 00 00
  ................ 00 00 00 00 00 00 00 00 00 00 00 00 00 00 00 00
  ....             01 00 00 00
013563-013578 StringBlock "min_text_width"
013579-013605 DataBlock
  ..250........... 03 00 32 35 30 0a 00 00 00 00 00 00 00 00 00 00
  ...........      00 00 00 00 00 00 00 00 00 00 01
013606-013611 StringBlock "List"
013612-013654 DataBlock
  ......zC........ 01 00 00 00 00 00 7a 43 00 00 00 00 00 00 00 00
  ................ 00 01 00 00 00 00 00 00 00 00 00 00 00 00 00 00
  ...........      00 00 00 00 00 00 00 c0 ff b5 1d
013655-013665 StringBlock "abilities"
013666-013700 StringBlock "EncyclopediaUnitAbilitiesCallback"
013701-013762 DataBlock
  ................ e4 02 00 00 c8 00 00 00 00 01 01 00 00 00 00 01
  ................ 00 00 00 00 01 00 00 00 00 01 00 00 00 e4 02 00
  ................ 00 c8 00 00 00 00 e0 02 b6 1d 00 00 00 00 00 00
  ..............   00 00 00 00 00 00 01 00 00 00 e0 02 b6 1d
013763-013772 NewStateBlock "NewState"
013773-013827 DataBlock
  ....?........... d7 00 00 00 3f 00 00 00 00 00 00 00 02 00 00 00
  ................ 00 00 00 00 00 00 00 00 01 00 00 00 01 00 00 00
  ................ 00 00 00 00 00 00 00 0a 00 00 00 02 00 00 00 01
  .......          00 00 00 dd da fa ff
013828-013850 StringBlock "Default Font Category"
013851-013874 DataBlock
  ................ 00 00 00 00 00 00 00 00 00 00 00 00 00 00 00 00
  ........         00 00 00 00 00 00 00 00
013875-013885 T0Block "normal_t0"
013886-013901 DataBlock
  ................ 00 00 00 00 00 00 00 00 00 00 00 00 00 00 00 00
013902-013912 T0Block "normal_t0"
013913-013964 DataBlock
  ................ 00 00 00 00 00 00 00 00 00 00 00 00 00 00 00 00
  ................ 00 00 00 00 00 00 00 00 00 00 00 00 00 00 00 00
  ................ 00 00 00 00 0a 00 00 00 00 00 00 00 02 00 00 00
  ....             c0 04 b6 1d
013965-013979 StringBlock "txt_abilities"
013980-014043 DataBlock
  ................ 00 00 00 00 00 00 00 00 00 00 00 01 01 00 00 00
  ................ 00 01 00 00 00 00 01 00 00 00 00 02 00 00 00 00
  ................ 00 00 00 00 00 00 00 00 c0 07 b6 1d 00 00 00 00
  ................ 00 00 00 00 00 00 00 00 01 00 00 00 c0 07 b6 1d
014044-014053 NewStateBlock "NewState"
014054-014061 DataBlock
  .... ...         d7 00 00 00 20 00 00 00
014062-014081 UnicodeBlock "Abilities"
014082-014104 DataBlock
  ................ 00 00 04 00 00 00 00 00 00 00 00 00 00 00 01 00
  .......          00 00 01 00 00 00 01
014105-014174 UnicodeBlock "txt_abilities_NewState_Text_1f005b"
014175-014176 DataBlock
  ..               00 00
014177-014199 FontNameBlock "la_gioconda_uppercase"
014200-014215 DataBlock
  ............9... 12 00 00 00 04 00 00 00 00 00 00 00 39 c1 ee ff
014216-014242 StringBlock "fe_section_heading_yellow"
014243-014266 DataBlock
  ................ 00 00 00 00 00 00 00 00 00 00 00 00 00 00 00 00
  ........         00 00 00 00 00 00 00 00
014267-014277 T0Block "normal_t0"
014278-014293 DataBlock
  ................ 00 00 00 00 00 00 00 00 00 00 00 00 00 00 00 00
014294-014304 T0Block "normal_t0"
014305-014356 DataBlock
  ................ 00 00 00 00 00 00 00 00 00 00 00 00 00 00 00 00
  ................ 00 00 00 00 00 00 00 00 00 00 00 00 00 00 00 00
  ................ 00 00 00 00 0a 00 00 00 00 00 00 00 01 00 00 00
  ..9%             c0 d4 39 25
014357-014364 StringBlock "h_line"
014365-014408 DataBlock
  ................ 00 00 12 00 00 00 05 00 00 00 00 01 01 00 00 00
  ................ 00 01 00 00 00 00 01 00 00 00 00 02 00 00 00 00
  ..........9%     00 00 00 05 00 00 00 00 c0 d7 39 25
014409-014457 ImageListBlock 1 elements:
  014413-014457 ImageBlock id=616771008 xsize=182 ysize=16 path="ui/skins/default/h_line.png" unknown=0
014458-014535 DataBlock
  ...........9%..N 00 00 00 00 00 01 00 00 00 c0 d7 39 25 08 00 4e
  ewState......... 65 77 53 74 61 74 65 b3 00 00 00 11 00 00 00 00
  ................ 00 00 00 02 00 00 00 00 00 00 00 00 00 00 00 01
  ................ 00 00 00 01 00 00 00 00 00 00 00 00 00 00 0a 00
  ..............   00 00 02 00 00 00 01 00 00 00 dd da fa ff
014536-014558 StringBlock "Default Font Category"
014559-014582 DataBlock
  ................ 00 00 00 00 00 00 00 00 00 00 00 00 00 00 00 00
  ........         00 00 00 00 01 00 00 00
014583-014593 T0Block "normal_t0"
014594-014609 DataBlock
  ................ 00 00 00 00 00 00 00 00 00 00 00 00 00 00 00 00
014610-014620 T0Block "normal_t0"
014621-014769 DataBlock
  ................ 00 00 00 00 00 00 00 00 00 00 00 00 00 00 00 00
  .....-.$........ 01 00 00 00 c0 2d c3 24 00 00 00 00 00 00 00 00
  ................ b3 00 00 00 11 00 00 00 ff ff ff ff 00 00 00 00
  ................ 00 00 00 00 00 00 00 00 00 00 00 01 01 00 00 00
  ................ 00 00 00 00 00 00 00 00 00 00 00 00 00 00 00 00
  ................ 00 00 00 00 00 00 00 00 00 00 00 00 00 00 00 00
  ................ 00 00 00 00 00 00 00 00 00 00 00 00 00 00 00 00
  ................ 00 00 00 0a 00 00 00 00 00 00 00 00 00 00 00 00
  ................ 00 00 00 00 00 00 00 00 00 00 00 00 00 00 00 00
  .....            00 c0 09 b6 1d
014770-014775 StringBlock "list"
014776-014839 DataBlock
  ...... ......... 00 00 00 00 00 00 20 00 00 00 00 01 01 00 00 00
  ................ 00 01 00 00 00 00 01 00 00 00 00 00 00 00 00 00
  ................ 00 00 00 00 00 00 00 00 c0 0c b6 1d 00 00 00 00
  ................ 00 00 00 00 00 00 00 00 01 00 00 00 c0 0c b6 1d
014840-014849 NewStateBlock "NewState"
014850-014904 DataBlock
  .... ........... d7 00 00 00 20 00 00 00 00 00 00 00 02 00 00 00
  ................ 00 00 00 00 00 00 00 00 01 00 00 00 01 00 00 00
  ................ 00 00 00 00 00 00 00 0a 00 00 00 02 00 00 00 01
  .......          00 00 00 dd da fa ff
014905-014927 StringBlock "Default Font Category"
014928-014951 DataBlock
  ................ 00 00 00 00 00 00 00 00 00 00 00 00 00 00 00 00
  ........         00 00 00 00 00 00 00 00
014952-014962 T0Block "normal_t0"
014963-014978 DataBlock
  ................ 00 00 00 00 00 00 00 00 00 00 00 00 00 00 00 00
014979-014989 T0Block "normal_t0"
014990-015041 DataBlock
  ................ 00 00 00 00 00 00 00 00 00 00 00 00 00 00 00 00
  ................ 00 00 00 00 00 00 00 00 00 00 00 00 00 00 00 00
  ................ 00 00 00 00 0a 00 00 00 00 00 00 00 01 00 00 00
  .A%.             00 41 25 1e
015042-015056 StringBlock "item_template"
015057-015120 DataBlock
  ................ 00 00 00 00 00 00 00 00 00 00 00 00 01 00 00 00
  ................ 00 01 00 00 00 00 01 00 00 00 00 00 00 00 00 00
  ..........^..... 00 00 00 00 00 00 00 00 a0 f0 5e 1d 00 00 00 00
  ..............^. 00 00 00 00 00 00 00 00 01 00 00 00 a0 f0 5e 1d
015121-015130 NewStateBlock "NewState"
015131-015185 DataBlock
  ................ 1e 00 00 00 1e 00 00 00 00 00 00 00 02 00 00 00
  ................ 00 00 00 00 00 00 00 00 01 00 00 00 01 00 00 00
  ................ 00 00 00 00 00 00 00 0a 00 00 00 02 00 00 00 01
  .......          00 00 00 dd da fa ff
015186-015208 StringBlock "Default Font Category"
015209-015232 DataBlock
  ................ 00 00 00 00 00 00 00 00 00 00 00 00 00 00 00 00
  ........         00 00 00 00 00 00 00 00
015233-015243 T0Block "normal_t0"
015244-015259 DataBlock
  ................ 00 00 00 00 00 00 00 00 00 00 00 00 00 00 00 00
015260-015270 T0Block "normal_t0"
015271-015322 DataBlock
  ................ 00 00 00 00 00 00 00 00 00 00 00 00 00 00 00 00
  ................ 00 00 00 00 00 00 00 00 00 00 00 00 00 00 00 00
  ................ 00 00 00 00 00 00 00 00 00 00 00 00 02 00 00 00
  ..r.             a0 fc 72 1d
015323-015331 StringBlock "dy_icon"
015332-015379 DataBlock
  ................ 00 00 00 00 00 00 01 00 00 00 00 00 00 00 00 00
  ................ 00 01 00 00 00 00 01 00 00 00 00 04 00 00 00 00
  ........`.^..... 00 00 00 00 00 00 00 00 60 e9 5e 1d 03 00 00 00
015380-015436 ImageBlock id=493842304 xsize=50 ysize=50 path="ui/skins/default/active_hiding_icon.png" unknown=1592262656
015437-015437 DataBlock
  .                1d
015438-015478 ImagePathBlock "ui/skins/default/ability_icon_frame.png"
015479-015487 DataBlock
  .........        1e 00 00 00 1e 00 00 00 00
015488-015546 ImageBlock id=492759200 xsize=30 ysize=30 path="ui/skins/default/attribute_icon_frame.png" unknown=0
015547-015559 DataBlock
  .........`.^.    00 00 00 00 00 02 00 00 00 60 e9 5e 1d
015560-015567 StringBlock "active"
015568-015604 DataBlock
  ................ 1c 00 00 00 1c 00 00 00 00 00 00 00 02 00 00 00
  ................ 00 00 00 00 00 00 00 00 01 00 00 00 01 00 00 00
  .....            00 00 00 00 00
015605-015617 FontNameBlock "la_gioconda"
015618-015633 DataBlock
  ................ 0c 00 00 00 07 00 00 00 00 00 00 00 00 00 00 ff
015634-015652 StringBlock "ingame_text_small"
015653-015676 DataBlock
  ................ 00 00 00 00 00 00 00 00 00 00 00 00 00 00 00 00
  ........         00 00 00 00 01 00 00 00
015677-015687 T0Block "normal_t0"
015688-015703 DataBlock
  ................ 00 00 00 00 00 00 00 00 00 00 00 00 00 00 00 00
015704-015714 T0Block "normal_t0"
015715-015908 DataBlock
  ................ 00 00 00 00 00 00 00 00 00 00 00 00 00 00 00 00
  ......^......... 02 00 00 00 00 e8 5e 1d ff ff ff ff ff ff ff ff
  ................ 1e 00 00 00 1e 00 00 00 ff ff ff ff 00 00 00 05
  ................ 00 00 00 00 00 00 00 00 00 00 00 00 00 00 00 00
  ................ 00 00 00 00 00 00 00 00 00 00 00 00 00 00 00 00
  ................ 00 00 00 00 00 00 00 00 00 00 00 00 00 00 00 00
  ....oo.......... 00 00 00 80 6f 6f 1d ff ff ff ff ff ff ff ff 1e
  ................ 00 00 00 1e 00 00 00 f0 f0 f0 ff 00 00 00 05 00
  ................ 00 00 00 00 00 00 00 00 00 00 00 00 00 00 00 00
  ................ 00 00 00 00 00 00 00 00 00 00 00 00 00 00 00 00
  ................ 00 00 00 00 00 00 00 00 00 00 00 00 00 00 00 00
  ................ 00 00 00 00 00 00 00 00 00 00 00 00 00 00 00 ed
  ^.               5e 1d
015909-015917 StringBlock "passive"
015918-015972 DataBlock
  ................ 1c 00 00 00 1c 00 00 00 00 00 00 00 02 00 00 00
  ................ 00 00 00 00 00 00 00 00 01 00 00 00 01 00 00 00
  ................ 00 00 00 00 00 00 00 0a 00 00 00 02 00 00 00 01
  .......          00 00 00 dd da fa ff
015973-015995 StringBlock "Default Font Category"
015996-016019 DataBlock
  ................ 00 00 00 00 00 00 00 00 00 00 00 00 00 00 00 00
  ........         00 00 00 00 01 00 00 00
016020-016030 T0Block "normal_t0"
016031-016046 DataBlock
  ................ 00 00 00 00 00 00 00 00 00 00 00 00 00 00 00 00
016047-016057 T0Block "normal_t0"
016058-016276 DataBlock
  ................ 00 00 00 00 00 00 00 00 00 00 00 00 00 00 00 00
  ......^......... 02 00 00 00 a0 e8 5e 1d ff ff ff ff ff ff ff ff
  ................ 1e 00 00 00 1e 00 00 00 ff ff ff ff 00 00 00 05
  ................ 00 00 00 00 00 00 00 00 00 00 00 00 00 00 00 00
  ................ 00 00 00 00 00 00 00 00 00 00 00 00 00 00 00 00
  ................ 00 00 00 00 00 00 00 00 00 00 00 00 00 00 00 00
  ....oo.......... 00 00 00 80 6f 6f 1d ff ff ff ff ff ff ff ff 1e
  ................ 00 00 00 1e 00 00 00 ff ff ff ff 00 00 00 05 00
  ................ 00 00 00 00 00 00 00 00 00 00 00 00 00 00 00 00
  ................ 00 00 00 00 00 00 00 00 00 00 00 00 00 00 00 00
  ................ 00 00 00 00 00 00 00 00 00 00 00 00 00 00 00 00
  ................ 00 00 00 00 00 00 00 00 00 00 00 00 00 00 00 00
  ................ 00 00 00 00 00 00 00 00 00 00 00 00 00 00 00 00
  .......@..       00 00 00 00 00 00 00 40 f9 b4 20
016277-016285 StringBlock "dy_name"
016286-016349 DataBlock
  ................ 00 00 1e 00 00 00 00 00 00 00 00 00 01 00 00 00
  ................ 00 01 00 00 00 00 01 00 00 00 00 00 00 00 00 00
  ........@.. .... 00 00 00 00 00 00 00 00 40 fc b4 20 00 00 00 00
  ............@..  00 00 00 00 00 00 00 00 01 00 00 00 40 fc b4 20
016350-016359 NewStateBlock "NewState"
016360-016367 DataBlock
  ........         b9 00 00 00 1e 00 00 00
016368-016383 UnicodeBlock "dy_text"
016384-016406 DataBlock
  ................ 00 00 02 00 00 00 00 00 00 00 00 00 00 00 03 00
  .......          00 00 01 00 00 00 00
016407-016464 UnicodeBlock "dy_text_NewState_Text_75002a"
016465-016466 DataBlock
  ..               00 00
016467-016479 FontNameBlock "la_gioconda"
016480-016495 DataBlock
  ................ 0c 00 00 00 07 00 00 00 00 00 00 00 d7 f8 ff ff
016496-016504 StringBlock "fe_text"
016505-016528 DataBlock
  ................ 00 00 00 00 00 00 00 00 09 00 00 00 09 00 00 00
  ........         00 00 00 00 00 00 00 00
016529-016539 T0Block "normal_t0"
016540-016555 DataBlock
  ................ 00 00 00 00 00 00 00 00 00 00 00 00 00 00 00 00
016556-016566 T0Block "normal_t0"
016567-016602 DataBlock
  ................ 00 00 00 00 00 00 00 00 00 00 00 00 00 00 00 00
  ................ 00 00 00 00 00 00 00 00 00 00 00 00 00 00 00 00
  ....             01 00 00 00
016603-016618 StringBlock "min_text_width"
016619-016654 DataBlock
  ..185........... 03 00 31 38 35 0a 00 00 00 00 00 00 00 00 00 00
  ................ 00 00 00 00 00 00 00 00 00 00 00 00 00 00 00 00
  ....             00 00 00 01
016655-016660 StringBlock "List"
016661-016703 DataBlock
  .......A........ 01 00 00 00 00 00 e0 41 00 00 00 00 0a 00 00 00
  ................ 00 01 00 00 00 00 00 00 00 00 00 00 00 00 00 00
  ....... Y..      00 00 00 00 00 00 00 20 59 e8 19
016704-016720 StringBlock "description_box"
016721-016730 StringBlock "Textview"
016731-016772 DataBlock
  ....v........... 0a 00 00 00 76 02 00 00 00 01 01 00 00 00 00 01
  ................ 01 00 00 00 01 00 00 00 00 08 00 00 00 00 00 00
  ..........       00 f6 ff ff ff 00 00 00 00 00
016773-016823 ImageListBlock 1 elements:
  016777-016823 ImageBlock id=25221628 xsize=64 ysize=64 path="ui/skins/default/fe_frame.png" unknown=0
016824-016898 DataBlock
  ..........\....S 00 00 00 00 00 01 00 00 00 80 5c e8 19 05 00 53
  tate....x....... 74 61 74 65 ac 03 00 00 78 00 00 00 00 00 00 00
  ................ 00 00 00 00 02 00 00 00 00 00 00 00 01 00 00 00
  ................ 01 00 00 00 00 00 00 00 00 00 00 0a 00 00 00 02
  ...........      00 00 00 01 00 00 00 dd da fa ff
016899-016921 StringBlock "Default Font Category"
016922-016945 DataBlock
  ................ 00 00 00 00 00 00 00 00 00 00 00 00 00 00 00 00
  ........         00 00 00 00 01 00 00 00
016946-016956 T0Block "normal_t0"
016957-016972 DataBlock
  ................ 00 00 00 00 00 00 00 00 00 00 00 00 00 00 00 00
016973-016983 T0Block "normal_t0"
016984-017098 DataBlock
  ................ 00 00 00 00 00 00 00 00 00 00 00 00 00 00 00 00
  ................ 01 00 00 00 fc d9 80 01 00 00 00 00 00 00 00 00
  ....x........... ac 03 00 00 78 00 00 00 ff ff ff ff 00 00 00 00
  ................ 00 00 00 00 00 00 00 00 00 00 00 01 01 00 00 00
  ................ 00 00 00 00 00 00 00 00 00 00 00 00 00 00 00 00
  ............. A. 00 00 00 00 00 00 00 00 00 00 00 00 00 20 41 00
  . A............. 00 20 41 c0 cd cd cd c0 cd cd cd 00 00 00 00 01
  ...              00 00 00
017099-017106 StringBlock "Margin"
017107-017126 DataBlock
  ..29<........... 02 00 32 39 3c 00 00 00 00 00 00 00 02 00 00 00
  .^..             a0 5e e8 19
017127-017142 StringBlock "dy_description"
017143-017156 StringBlock "TextviewText"
017157-017218 DataBlock
  ................ 00 00 00 00 00 00 00 00 00 01 01 00 00 00 00 01
  ................ 00 00 00 00 01 00 00 00 00 00 00 00 00 00 00 00
  ................ 00 00 00 00 00 00 00 00 00 00 00 00 00 00 00 00
  ...........b..   00 00 00 00 00 00 01 00 00 00 00 62 e8 19
017219-017229 StringBlock "MainState"
017230-017237 DataBlock
  ....x...         9d 03 00 00 78 00 00 00
017238-017267 UnicodeBlock "dy_description"
017268-017290 DataBlock
  ................ 00 00 02 00 00 00 00 00 00 00 00 00 00 00 01 00
  .......          00 00 01 00 00 00 00
017291-017344 UnicodeBlock "Text_MainState_Text_11002c"
017345-017346 DataBlock
  ..               00 00
017347-017362 FontNameBlock "georgia_italic"
017363-017378 DataBlock
  ................ 0c 00 00 00 06 00 00 00 01 00 00 00 b0 d7 df ff
017379-017389 StringBlock "fe_italic"
017390-017413 DataBlock
  ................ 05 00 00 00 05 00 00 00 09 00 00 00 09 00 00 00
  ........         00 00 00 00 01 00 00 00
017414-017424 T0Block "normal_t0"
017425-017440 DataBlock
  ................ 00 00 00 00 00 00 00 00 00 00 00 00 00 00 00 00
017441-017451 T0Block "normal_t0"
017452-017512 DataBlock
  ................ 00 00 00 00 00 00 00 00 00 00 00 00 00 00 00 00
  ................ 00 00 00 00 c0 cd cd cd c0 cd cd cd 00 00 00 00
  ....<........... 00 00 00 00 3c 00 00 00 00 00 00 00 00 00 00 00
  ..........d..    00 00 00 00 00 00 00 00 00 e0 64 e8 19
017513-017521 StringBlock "vslider"
017522-017530 StringBlock "VSlider"
017531-017576 DataBlock
  ................ 9d 03 00 00 0a 00 00 00 00 00 01 00 00 00 00 01
  ................ 00 00 00 00 01 00 00 00 00 06 00 00 00 00 00 00
  ..............   00 00 00 00 00 00 00 00 00 00 02 00 00 00
017577-017623 ImageBlock id=434661440 xsize=64 ysize=64 path="ui/skins/default/fe_frame.png" unknown=3899195392
017624-017651 DataBlock
  ................ 19 00 00 10 00 00 00 80 00 00 00 00 00 00 00 00
  .........i..     00 00 00 00 01 00 00 00 c0 69 e8 19
017652-017661 NewStateBlock "NewState"
017662-017698 DataBlock
  ....d........... 0f 00 00 00 64 00 00 00 00 00 00 00 02 00 00 00
  ................ 00 00 00 00 00 00 00 00 01 00 00 00 01 00 00 00
  .....            00 00 00 00 00
017699-017711 FontNameBlock "la_gioconda"
017712-017727 DataBlock
  ................ 0c 00 00 00 07 00 00 00 00 00 00 00 00 00 00 ff
017728-017746 StringBlock "ingame_text_small"
017747-017770 DataBlock
  ................ 00 00 00 00 00 00 00 00 00 00 00 00 00 00 00 00
  ........         00 00 00 00 01 00 00 00
017771-017781 T0Block "normal_t0"
017782-017797 DataBlock
  ................ 00 00 00 00 00 00 00 00 00 00 00 00 00 00 00 00
017798-017808 T0Block "normal_t0"
017809-018002 DataBlock
  ................ 00 00 00 00 00 00 00 00 00 00 00 00 00 00 00 00
  .....i.......... 02 00 00 00 00 69 e8 19 00 00 00 00 00 00 00 00
  ....m........... 0f 00 00 00 6d 00 00 00 00 00 00 00 00 00 00 00
  ................ 00 00 00 00 00 00 00 00 00 00 00 01 01 00 00 00
  ................ 00 00 00 00 00 00 00 00 00 00 00 00 00 00 00 00
  ................ 00 00 00 00 00 00 00 00 00 00 00 00 00 00 00 00
  ...@h........... 00 00 00 40 68 e8 19 00 00 00 00 00 00 00 00 0f
  ...m............ 00 00 00 6d 00 00 00 ff ff ff 80 00 00 00 00 00
  ................ 00 00 00 00 00 00 00 00 00 00 01 01 00 00 00 00
  ................ 00 00 00 00 00 00 00 00 00 00 00 00 00 00 00 00
  .............@.. 00 00 00 00 00 00 00 00 00 00 00 00 80 40 00 00
  .@.............. 80 40 c0 cd cd cd c0 cd cd cd 00 00 00 00 04 00
  ..               00 00
018003-018009 StringBlock "Value"
018010-018012 DataBlock
  ..0              01 00 30
018013-018022 StringBlock "minValue"
018023-018025 DataBlock
  ..0              01 00 30
018026-018035 StringBlock "maxValue"
018036-018040 DataBlock
  ..100            03 00 31 30 30
018041-018048 StringBlock "Notify"
018049-018071 DataBlock
  ..<............m 00 00 3c 00 00 00 00 00 00 00 03 00 00 00 80 6d
  ....top          e8 19 03 00 74 6f 70
018072-018094 StringBlock "SliderDecrementButton"
018095-018136 DataBlock
  ................ 00 00 00 00 00 00 00 00 00 00 00 00 00 00 00 01
  ................ 00 00 00 00 01 00 00 00 00 02 00 00 00 00 00 00
  ..........       00 00 00 00 00 00 00 00 00 00
018137-018191 ImageListBlock 1 elements:
  018141-018191 ImageBlock id=434663648 xsize=10 ysize=10 path="ui/skins/default/v_slider_end.png" unknown=0
018192-018251 DataBlock
  ..........q....N 00 00 00 00 00 01 00 00 00 a0 71 e8 19 08 00 4e
  ewState......... 65 77 53 74 61 74 65 0f 00 00 00 0d 00 00 00 00
  ................ 00 00 00 02 00 00 00 00 00 00 00 00 00 00 00 01
  ............     00 00 00 01 00 00 00 00 00 00 00 00
018252-018264 FontNameBlock "la_gioconda"
018265-018280 DataBlock
  ................ 0c 00 00 00 07 00 00 00 00 00 00 00 00 00 00 ff
018281-018299 StringBlock "ingame_text_small"
018300-018323 DataBlock
  ................ 00 00 00 00 00 00 00 00 00 00 00 00 00 00 00 00
  ........         00 00 00 00 01 00 01 00
018324-018334 T0Block "normal_t0"
018335-018350 DataBlock
  ................ 00 00 00 00 00 00 00 00 00 00 00 00 00 00 00 00
018351-018361 T0Block "normal_t0"
018362-018476 DataBlock
  ................ 00 00 00 00 00 00 00 00 00 00 00 00 00 00 00 00
  .....p.......... 01 00 00 00 e0 70 e8 19 00 00 00 00 f6 ff ff ff
  ................ 0f 00 00 00 0d 00 00 00 ff ff ff 80 00 00 00 00
  ................ 00 00 00 00 00 00 00 00 00 00 00 01 01 00 00 00
  ................ 00 00 00 00 00 00 00 00 00 00 00 00 00 00 00 00
  ................ 00 00 00 00 00 00 00 00 00 00 00 00 00 00 00 00
  ...!...$........ 00 00 00 21 00 00 00 24 00 00 00 00 00 00 00 01
  ...              00 00 00
018477-018486 StringBlock "stepSize"
018487-018493 StringBlock "300.0"
018494-018518 DataBlock
  <............... 3c 00 00 00 00 00 00 00 00 00 00 00 00 00 00 00
  ......t..        00 00 00 00 00 80 74 e8 19
018519-018526 StringBlock "bottom"
018527-018549 StringBlock "SliderIncrementButton"
018550-018591 DataBlock
  ....W........... 00 00 00 00 57 00 00 00 00 00 00 00 00 00 00 01
  ................ 00 00 00 00 01 00 00 00 00 08 00 00 00 00 00 00
  ..........       00 00 00 00 00 00 00 00 00 00
018592-018646 ImageListBlock 1 elements:
  018596-018646 ImageBlock id=434665440 xsize=10 ysize=10 path="ui/skins/default/v_slider_end.png" unknown=0
018647-018706 DataBlock
  ..........x....N 00 00 00 00 00 01 00 00 00 a0 78 e8 19 08 00 4e
  ewState......... 65 77 53 74 61 74 65 0f 00 00 00 0d 00 00 00 00
  ................ 00 00 00 02 00 00 00 00 00 00 00 00 00 00 00 01
  ............     00 00 00 01 00 00 00 00 00 00 00 00
018707-018719 FontNameBlock "la_gioconda"
018720-018735 DataBlock
  ................ 0c 00 00 00 07 00 00 00 00 00 00 00 00 00 00 ff
018736-018754 StringBlock "ingame_text_small"
018755-018778 DataBlock
  ................ 00 00 00 00 00 00 00 00 00 00 00 00 00 00 00 00
  ........         00 00 00 00 01 00 01 00
018779-018789 T0Block "normal_t0"
018790-018805 DataBlock
  ................ 00 00 00 00 00 00 00 00 00 00 00 00 00 00 00 00
018806-018816 T0Block "normal_t0"
018817-018931 DataBlock
  ................ 00 00 00 00 00 00 00 00 00 00 00 00 00 00 00 00
  .....w.......... 01 00 00 00 e0 77 e8 19 00 00 00 00 0a 00 00 00
  ................ 0f 00 00 00 0d 00 00 00 ff ff ff 80 00 00 01 00
  ................ 00 00 00 00 00 00 00 00 00 00 00 01 01 00 00 00
  ................ 00 00 00 00 00 00 00 00 00 00 00 00 00 00 00 00
  ................ 00 00 00 00 00 00 00 00 00 00 00 00 00 00 00 00
  ..."...'........ 00 00 00 22 00 00 00 27 00 00 00 00 00 00 00 01
  ...              00 00 00
018932-018941 StringBlock "stepSize"
018942-018948 StringBlock "300.0"
018949-018973 DataBlock
  <............... 3c 00 00 00 00 00 00 00 00 00 00 00 00 00 00 00
  ......{..        00 00 00 00 00 80 7b e8 19
018974-018981 StringBlock "handle"
018982-018996 StringBlock "VSliderHandle"
018997-019038 DataBlock
  ....:........... 00 00 00 00 3a 00 00 00 00 00 00 01 00 00 00 01
  ................ 00 00 00 00 01 00 00 00 00 00 00 00 00 00 00 00
  ..........       00 00 00 00 00 00 00 00 00 00
019039-019096 ImageListBlock 1 elements:
  019043-019096 ImageBlock id=434667232 xsize=34 ysize=38 path="ui/skins/default/v_slider_handle.png" unknown=0
019097-019156 DataBlock
  ..............N 00 00 00 00 00 01 00 00 00 a0 7f e8 19 08 00 4e
  ewState......... 65 77 53 74 61 74 65 0f 00 00 00 0f 00 00 00 00
  ................ 00 00 00 02 00 00 00 00 00 00 00 00 00 00 00 01
  ............     00 00 00 01 00 00 00 00 00 00 00 00
019157-019169 FontNameBlock "la_gioconda"
019170-019185 DataBlock
  ................ 0c 00 00 00 07 00 00 00 00 00 00 00 00 00 00 ff
019186-019204 StringBlock "ingame_text_small"
019205-019228 DataBlock
  ................ 00 00 00 00 00 00 00 00 00 00 00 00 00 00 00 00
  ........         00 00 00 00 01 00 00 00
019229-019239 T0Block "normal_t0"
019240-019255 DataBlock
  ................ 00 00 00 00 00 00 00 00 00 00 00 00 00 00 00 00
019256-019266 T0Block "normal_t0"
019267-019394 DataBlock
  ................ 00 00 00 00 00 00 00 00 00 00 00 00 00 00 00 00
  .....~.......... 01 00 00 00 e0 7e e8 19 00 00 00 00 00 00 00 00
  ................ 0f 00 00 00 0f 00 00 00 ff ff ff ff 00 00 00 00
  ................ 00 00 00 00 00 00 00 00 00 00 00 01 01 00 00 00
  ................ 00 00 00 00 00 00 00 00 00 00 00 00 00 00 00 00
  ................ 00 00 00 00 00 00 00 00 00 00 00 00 00 00 00 00
  ................ 00 00 00 c0 cd cd cd c0 cd cd cd 00 00 00 00 00
  ...<............ 00 00 00 3c 00 00 00 00 00 00 00 00 00 00 00 00
019395-019416 StringBlock "grp_gw_slider_handle"
019417-019444 DataBlock
  ................ 00 00 00 00 00 00 00 00 00 00 00 00 00 00 00 00
  ............     00 00 00 00 00 00 00 00 a0 f1 14 1e
019445-019461 StringBlock "txt_description"
019462-019525 DataBlock
  ..c...X......... 00 00 63 01 00 00 58 02 00 00 00 01 01 00 00 00
  ................ 00 01 00 00 00 00 01 00 00 00 00 08 00 00 00 00
  ...~............ 00 00 00 7e ff ff ff 00 a0 f4 14 1e 00 00 00 00
  ................ 00 00 00 00 00 00 00 00 01 00 00 00 a0 f4 14 1e
019526-019535 NewStateBlock "NewState"
019536-019543 DataBlock
  ........         fa 00 00 00 1e 00 00 00
019544-019567 UnicodeBlock "Description"
019568-019590 DataBlock
  ................ 00 00 04 00 00 00 00 00 00 00 00 00 00 00 01 00
  .......          00 00 01 00 00 00 01
019591-019664 UnicodeBlock "txt_description_NewState_Text_740032"
019665-019666 DataBlock
  ..               00 00
019667-019689 FontNameBlock "la_gioconda_uppercase"
019690-019705 DataBlock
  ............9... 12 00 00 00 04 00 00 00 00 00 00 00 39 c1 ee ff
019706-019732 StringBlock "fe_section_heading_yellow"
019733-019756 DataBlock
  ................ 00 00 00 00 00 00 00 00 00 00 00 00 00 00 00 00
  ........         00 00 00 00 00 00 00 00
019757-019767 T0Block "normal_t0"
019768-019783 DataBlock
  ................ 00 00 00 00 00 00 00 00 00 00 00 00 00 00 00 00
019784-019794 T0Block "normal_t0"
019795-019855 DataBlock
  ................ 00 00 00 00 00 00 00 00 00 00 00 00 00 00 00 00
  ................ 00 00 00 00 00 00 00 00 00 00 00 00 00 00 00 00
  ................ 00 00 00 00 0a 00 00 00 00 00 00 00 00 00 00 00
  ......... ...    00 00 00 00 00 00 00 00 00 20 f5 80 1e
019856-019865 StringBlock "btn_back"
019866-019873 StringBlock "Button"
019874-019894 DataBlock
  w............... 77 03 00 00 06 00 00 00 00 01 01 00 00 00 00 01
  .....            00 00 00 00 01
019895-019926 UnicodeBlock "Select Previous"
019927-019992 UnicodeBlock "button_cycle_left_Tooltip_5d0064"
019993-020013 DataBlock
  ................ 03 00 00 00 d1 ff ff ff 06 00 00 00 00 e0 03 81
  .....            1e 02 00 00 00
020014-020085 ImageBlock id=511768832 xsize=40 ysize=40 path="ui/skins/default/button_cycle_arrow_small_inactive.png" unknown=2163908608
020086-020086 DataBlock
  .                1e
020087-020140 ImagePathBlock "ui/skins/default/button_cycle_arrow_small_active.png"
020141-020165 DataBlock
  (...(........... 28 00 00 00 28 00 00 00 00 00 00 00 00 00 00 00
  .........        00 05 00 00 00 e0 fb 80 1e
020166-020172 StringBlock "hover"
020173-020227 DataBlock
  ...."........... 1a 00 00 00 22 00 00 00 00 00 00 00 02 00 00 00
  ................ 00 00 00 00 00 00 00 00 01 00 00 00 01 00 00 00
  ................ 00 00 00 00 00 00 00 0a 00 00 00 02 00 00 00 01
  .......          00 00 00 dd da fa ff
020228-020250 StringBlock "Default Font Category"
020251-020274 DataBlock
  ................ 00 00 00 00 00 00 00 00 00 00 00 00 00 00 00 00
  ........         00 00 00 00 01 00 00 00
020275-020287 T0Block "brighten_t0"
020288-020303 DataBlock
  333?............ 33 33 33 3f 00 00 00 00 00 00 00 00 00 00 00 00
020304-020314 T0Block "normal_t0"
020315-020469 DataBlock
  ................ 00 00 00 00 00 00 00 00 00 00 00 00 00 00 00 00
  ................ 01 00 00 00 a0 fa 80 1e 00 00 00 00 00 00 00 00
  ...."........... 1a 00 00 00 22 00 00 00 ff ff ff ff 00 01 00 00
  ................ 00 00 00 00 00 00 00 00 00 00 00 01 01 00 00 00
  ................ 00 00 00 00 00 00 00 00 00 00 00 00 00 00 00 00
  ................ 00 00 00 00 00 00 00 00 00 00 00 00 00 00 00 00
  ................ 00 00 00 d5 00 00 00 11 00 00 00 02 00 00 00 01
  ................ 00 00 00 e0 03 81 1e 00 00 00 00 00 00 00 00 00
  ................ 00 00 00 02 00 00 00 a0 08 81 1e 00 00 00 00 00
  .......@...      00 00 00 00 00 00 00 40 00 81 1e
020470-020479 StringBlock "inactive"
020480-020534 DataBlock
  ...."........... 1a 00 00 00 22 00 00 00 00 00 00 00 02 00 00 00
  ................ 00 00 00 00 00 00 00 00 01 00 00 00 01 00 00 00
  ................ 00 00 00 00 00 00 00 0a 00 00 00 02 00 00 00 01
  .......          00 00 00 dd da fa ff
020535-020557 StringBlock "Default Font Category"
020558-020581 DataBlock
  ................ 00 00 00 00 00 00 00 00 00 00 00 00 00 00 00 00
  ........         00 00 00 00 01 01 00 00
020582-020592 T0Block "normal_t0"
020593-020608 DataBlock
  ................ 00 00 00 00 00 00 00 00 00 00 00 00 00 00 00 00
020609-020619 T0Block "normal_t0"
020620-020734 DataBlock
  ................ 00 00 00 00 00 00 00 00 00 00 00 00 00 00 00 00
  ................ 01 00 00 00 00 f9 80 1e 00 00 00 00 00 00 00 00
  ...."........... 1a 00 00 00 22 00 00 00 ff ff ff ff 00 01 00 00
  ................ 00 00 00 00 00 00 00 00 00 00 00 01 01 00 00 00
  ................ 00 00 00 00 00 00 00 00 00 00 00 00 00 00 00 00
  ................ 00 00 00 00 00 00 00 00 00 00 00 00 00 00 00 00
  ................ 00 00 00 00 00 00 00 00 00 00 00 00 00 00 00 e0
  ...              03 81 1e
020735-020742 StringBlock "active"
020743-020797 DataBlock
  ...."........... 1a 00 00 00 22 00 00 00 00 00 00 00 00 00 00 00
  ................ 02 00 00 00 00 00 00 00 01 00 00 00 01 00 00 00
  ................ 00 00 00 00 00 00 00 0a 00 00 00 02 00 00 00 01
  .......          00 00 00 dd da fa ff
020798-020820 StringBlock "Default Font Category"
020821-020844 DataBlock
  ................ 00 00 00 00 00 00 00 00 00 00 00 00 00 00 00 00
  ........         00 00 00 00 01 00 00 00
020845-020855 T0Block "normal_t0"
020856-020871 DataBlock
  ................ 00 00 00 00 00 00 00 00 00 00 00 00 00 00 00 00
020872-020882 T0Block "normal_t0"
020883-021037 DataBlock
  ................ 00 00 00 00 00 00 00 00 00 00 00 00 00 00 00 00
  ................ 01 00 00 00 a0 fa 80 1e 00 00 00 00 00 00 00 00
  ...."........... 1a 00 00 00 22 00 00 00 ff ff ff ff 00 01 00 00
  ................ 00 00 00 00 00 00 00 00 00 00 00 01 01 00 00 00
  ................ 00 00 00 00 00 00 00 00 00 00 00 00 00 00 00 00
  ................ 00 00 00 00 00 00 00 00 00 00 00 00 00 00 00 00
  ...5............ 00 00 00 35 00 00 00 95 00 00 00 02 00 00 00 00
  ................ 00 00 00 e0 fb 80 1e 00 00 00 00 00 00 00 00 00
  ................ 00 00 00 02 00 00 00 a0 08 81 1e 00 00 00 00 00
  ...........      00 00 00 00 00 00 00 a0 08 81 1e
021038-021043 StringBlock "down"
021044-021098 DataBlock
  ...."........... 1a 00 00 00 22 00 00 00 00 00 00 00 00 00 00 00
  ................ 02 00 00 00 00 00 00 00 01 00 00 00 01 00 00 00
  ................ 00 00 00 00 00 00 00 0a 00 00 00 02 00 00 00 01
  .......          00 00 00 dd da fa ff
021099-021121 StringBlock "Default Font Category"
021122-021145 DataBlock
  ................ 00 00 00 00 00 00 00 00 00 00 00 00 00 00 00 00
  ........         00 00 00 00 01 00 00 00
021146-021158 T0Block "brighten_t0"
021159-021174 DataBlock
  333?............ 33 33 33 3f 00 00 00 00 00 00 00 00 00 00 00 00
021175-021185 T0Block "normal_t0"
021186-021340 DataBlock
  ................ 00 00 00 00 00 00 00 00 00 00 00 00 00 00 00 00
  ................ 01 00 00 00 a0 fa 80 1e 00 00 00 00 01 00 00 00
  ...."........... 1a 00 00 00 22 00 00 00 ff ff ff ff 00 01 00 00
  ................ 00 00 00 00 00 00 00 00 00 00 00 01 01 00 00 00
  ................ 00 00 00 00 00 00 00 00 00 00 00 00 00 00 00 00
  ................ 00 00 00 00 00 00 00 00 00 00 00 00 00 00 00 00
  ...h............ 00 00 00 68 01 00 00 93 00 00 00 02 00 00 00 01
  ................ 00 00 00 c0 0c 81 1e 00 00 00 00 00 00 00 00 00
  ................ 00 00 00 03 00 00 00 e0 fb 80 1e 00 00 00 00 00
  ...........      00 00 00 00 00 00 00 c0 0c 81 1e
021341-021350 StringBlock "down_off"
021351-021405 DataBlock
  ...."........... 1a 00 00 00 22 00 00 00 00 00 00 00 02 00 00 00
  ................ 00 00 00 00 00 00 00 00 01 00 00 00 01 00 00 00
  ................ 00 00 00 00 00 00 00 0a 00 00 00 02 00 00 00 01
  .......          00 00 00 dd da fa ff
021406-021428 StringBlock "Default Font Category"
021429-021452 DataBlock
  ................ 00 00 00 00 00 00 00 00 00 00 00 00 00 00 00 00
  ........         00 00 00 00 01 00 00 00
021453-021463 T0Block "normal_t0"
021464-021479 DataBlock
  ................ 00 00 00 00 00 00 00 00 00 00 00 00 00 00 00 00
021480-021490 T0Block "normal_t0"
021491-021658 DataBlock
  ................ 00 00 00 00 00 00 00 00 00 00 00 00 00 00 00 00
  ................ 01 00 00 00 a0 fa 80 1e 00 00 00 00 01 00 00 00
  ...."........... 1a 00 00 00 22 00 00 00 ff ff ff ff 00 01 00 00
  ................ 00 00 00 00 00 00 00 00 00 00 00 01 01 00 00 00
  ................ 00 00 00 00 00 00 00 00 00 00 00 00 00 00 00 00
  ................ 00 00 00 00 00 00 00 00 00 00 00 00 00 00 00 00
  ................ 00 00 00 de 00 00 00 0b 01 00 00 02 00 00 00 00
  ................ 00 00 00 a0 08 81 1e 00 00 00 00 00 00 00 00 00
  ................ 00 00 00 08 00 00 00 e0 03 81 1e 00 00 00 00 00
  ................ 00 00 00 00 00 00 00 00 00 00 00 00 00 00 00 00
  ........         00 00 00 00 00 00 00 00
021659-021678 StringBlock "grp_gw_cycle_arrow"
021679-021702 DataBlock
  ................ 00 00 00 00 00 00 00 00 00 00 00 00 00 00 00 00
  ........         00 00 00 00 00 00 00 00
