000000-000009 VersionBlock 86
000010-000013 RootIDBlock 289144896
000014-000019 StringBlock "root"
000020-000098 DataBlock
  ................ 00 00 00 00 00 00 00 00 00 00 00 01 01 00 00 00
  ................ 00 01 00 00 00 00 01 00 00 00 00 00 00 00 00 00
  ........ . ..... 00 00 00 00 00 00 00 00 20 ef 20 11 01 00 00 00
  ..g............. a0 cf 67 11 00 00 00 05 00 00 c0 03 00 00 00 00
  ........... . .  00 00 00 00 00 00 00 01 00 00 00 20 ef 20 11
000099-000108 NewStateBlock "NewState"
000109-000112 XSizeBlock 1280
000113-000116 YSizeBlock 960
000117-000145 DataBlock
  ................ 00 00 00 00 02 00 00 00 00 00 00 00 00 00 00 00
  .............    01 00 00 00 01 00 00 00 00 00 00 00 00
000146-000161 FontNameBlock "georgia_italic"
000162-000177 DataBlock
  ................ 0a 00 00 00 02 00 00 00 01 00 00 00 dd da fa ff
000178-000200 StringBlock "Default Font Category"
000201-000224 DataBlock
  ................ 00 00 00 00 00 00 00 00 00 00 00 00 00 00 00 00
  ........         00 00 00 00 01 00 00 00
000225-000235 T0Block "normal_t0"
000236-000251 DataBlock
  ................ 00 00 00 00 00 00 00 00 00 00 00 00 00 00 00 00
000252-000262 T0Block "normal_t0"
000263-000393 DataBlock
  ................ 00 00 00 00 00 00 00 00 00 00 00 00 00 00 00 00
  ......g......... 01 00 00 00 a0 cf 67 11 00 00 00 00 00 00 00 00
  ................ 00 05 00 00 c0 03 00 00 be ff bb ff 00 00 00 00
  ................ 00 00 00 00 00 00 00 00 00 00 00 01 01 00 00 00
  ................ 00 00 00 00 00 00 00 00 00 00 00 00 00 00 00 00
  ................ 00 00 00 00 00 00 00 00 00 00 00 00 00 00 00 00
  ................ 00 00 00 00 00 00 00 00 00 00 00 00 00 00 00 00
  ...............@ 00 00 00 00 00 00 00 00 00 00 00 01 00 00 00 40
  ...              e6 fe 11
000394-000417 StringBlock "region_info_settlement"
000418-000441 StringBlock "SelectableRadarMapIcon"
000442-000483 DataBlock
  t............... 74 02 00 00 d4 01 00 00 00 00 00 00 00 00 00 01
  ................ 00 00 00 00 01 00 00 00 00 05 00 00 00 00 00 00
  ........c.       00 00 00 00 00 00 a0 d2 63 1f
000484-000529 ImageListBlock 1 elements:
  000488-000529 ImageBlock id=239900480 xsize=24 ysize=24 path="ui/flags/rome/mon_24.png" unknown=0
000530-000586 DataBlock
  .........`.c...h 00 00 00 00 00 04 00 00 00 60 f9 63 1f 05 00 68
  over............ 6f 76 65 72 18 00 00 00 18 00 00 00 00 00 00 00
  ................ 02 00 00 00 00 00 00 00 00 00 00 00 01 00 00 00
  .........        01 00 00 00 00 00 00 00 00
000587-000602 FontNameBlock "georgia_italic"
000603-000618 DataBlock
  ................ 0a 00 00 00 02 00 00 00 01 00 00 00 dd da fa ff
000619-000641 StringBlock "Default Font Category"
000642-000665 DataBlock
  ................ 00 00 00 00 00 00 00 00 00 00 00 00 00 00 00 00
  ........         00 00 00 00 01 00 00 00
000666-000678 T0Block "brighten_t0"
000679-000694 DataBlock
  ...?............ 00 00 00 3f 00 00 00 00 00 00 00 00 00 00 00 00
000695-000705 T0Block "normal_t0"
000706-000725 DataBlock
  ................ 00 00 00 00 00 00 00 00 00 00 00 00 00 00 00 00
  ....             01 00 00 00
000726-000749 ImageUseBlock id=239900480 xofs=0 yofs=0 xsize=24 ysize=24 brga=4294967295
000750-000840 DataBlock
  ................ 00 00 00 05 00 00 00 00 00 00 00 00 00 00 00 01
  ................ 01 00 00 00 00 00 00 00 00 00 00 00 00 00 00 00
  ................ 00 00 00 00 00 00 00 00 00 00 00 00 00 00 00 00
  ...........u.... 00 00 00 00 00 00 00 ec 00 00 00 75 00 00 00 01
  .........c.d...] 00 00 00 01 00 00 00 a0 d2 63 1f 64 00 00 00 5d
  ...........      00 00 00 00 00 00 00 10 1f f8 0b
000841-000850 StringBlock "selected"
000851-000887 DataBlock
  ................ 18 00 00 00 18 00 00 00 00 00 00 00 02 00 00 00
  ................ 00 00 00 00 00 00 00 00 01 00 00 00 01 00 00 00
  .....            00 00 00 00 00
000888-000903 FontNameBlock "georgia_italic"
000904-000919 DataBlock
  ................ 0a 00 00 00 02 00 00 00 01 00 00 00 dd da fa ff
000920-000942 StringBlock "Default Font Category"
000943-000966 DataBlock
  ................ 00 00 00 00 00 00 00 00 00 00 00 00 00 00 00 00
  ........         00 00 00 00 01 00 00 00
000967-000977 T0Block "normal_t0"
000978-000993 DataBlock
  ................ 00 00 00 00 00 00 00 00 00 00 00 00 00 00 00 00
000994-001004 T0Block "normal_t0"
001005-001024 DataBlock
  ................ 00 00 00 00 00 00 00 00 00 00 00 00 00 00 00 00
  ....             01 00 00 00
001025-001048 ImageUseBlock id=239900480 xofs=0 yofs=0 xsize=24 ysize=24 brga=4294949888
001049-001139 DataBlock
  ................ 00 00 00 00 00 00 00 00 00 00 00 00 00 00 00 01
  ................ 01 00 00 00 00 00 00 00 00 00 00 00 00 00 00 00
  ................ 00 00 00 00 00 00 00 00 00 00 00 00 00 00 00 00
  .......Z........ 00 00 00 00 00 00 00 5a 00 00 00 d3 00 00 00 01
  ........$....... 00 00 00 00 00 00 00 d0 24 f8 0b 00 00 00 00 00
  .........c.      00 00 00 00 00 00 00 a0 d2 63 1f
001140-001151 StringBlock "unselected"
001152-001188 DataBlock
  ................ 18 00 00 00 18 00 00 00 00 00 00 00 02 00 00 00
  ................ 00 00 00 00 00 00 00 00 01 00 00 00 01 00 00 00
  .....            00 00 00 00 00
001189-001204 FontNameBlock "georgia_italic"
001205-001220 DataBlock
  ................ 0a 00 00 00 02 00 00 00 01 00 00 00 dd da fa ff
001221-001243 StringBlock "Default Font Category"
001244-001267 DataBlock
  ................ 00 00 00 00 00 00 00 00 00 00 00 00 00 00 00 00
  ........         00 00 00 00 01 00 00 00
001268-001278 T0Block "normal_t0"
001279-001294 DataBlock
  ................ 00 00 00 00 00 00 00 00 00 00 00 00 00 00 00 00
001295-001305 T0Block "normal_t0"
001306-001325 DataBlock
  ................ 00 00 00 00 00 00 00 00 00 00 00 00 00 00 00 00
  ....             01 00 00 00
001326-001349 ImageUseBlock id=239900480 xofs=0 yofs=0 xsize=24 ysize=24 brga=4294967295
001350-001440 DataBlock
  ................ 00 00 00 00 00 00 00 00 00 00 00 00 00 00 00 01
  ................ 01 00 00 00 00 00 00 00 00 00 00 00 00 00 00 00
  ................ 00 00 00 00 00 00 00 00 00 00 00 00 00 00 00 00
  .......5........ 00 00 00 00 00 00 00 35 00 00 00 2e 00 00 00 01
  .......`.c.d...] 00 00 00 00 00 00 00 60 f9 63 1f 64 00 00 00 5d
  ........$..      00 00 00 00 00 00 00 d0 24 f8 0b
001441-001456 StringBlock "selected_hover"
001457-001493 DataBlock
  ................ 18 00 00 00 18 00 00 00 00 00 00 00 02 00 00 00
  ................ 00 00 00 00 00 00 00 00 01 00 00 00 01 00 00 00
  .....            00 00 00 00 00
001494-001509 FontNameBlock "georgia_italic"
001510-001525 DataBlock
  ................ 0a 00 00 00 02 00 00 00 01 00 00 00 dd da fa ff
001526-001548 StringBlock "Default Font Category"
001549-001572 DataBlock
  ................ 00 00 00 00 00 00 00 00 00 00 00 00 00 00 00 00
  ........         00 00 00 00 01 00 00 00
001573-001585 T0Block "brighten_t0"
001586-001601 DataBlock
  ...?............ 00 00 00 3f 00 00 00 00 00 00 00 00 00 00 00 00
001602-001612 T0Block "normal_t0"
001613-001632 DataBlock
  ................ 00 00 00 00 00 00 00 00 00 00 00 00 00 00 00 00
  ....             01 00 00 00
001633-001656 ImageUseBlock id=239900480 xofs=0 yofs=0 xsize=24 ysize=24 brga=4294949888
001657-001763 DataBlock
  ................ 00 00 00 05 00 00 00 00 00 00 00 00 00 00 00 01
  ................ 01 00 00 00 00 00 00 00 00 00 00 00 00 00 00 00
  ................ 00 00 00 00 00 00 00 00 00 00 00 00 00 00 00 00
  ................ 00 00 00 00 00 00 00 c1 00 00 00 f0 00 00 00 01
  ................ 00 00 00 01 00 00 00 10 1f f8 0b 00 00 00 00 00
  ...........(.... 00 00 00 00 00 00 00 00 00 00 00 28 00 00 00 00
  ........X}$      00 00 00 02 00 00 00 80 58 7d 24
001764-001773 StringBlock "strength"
001774-001817 DataBlock
  ................ 00 00 18 00 00 00 02 00 00 00 00 00 00 00 00 00
  ................ 00 00 00 00 00 00 01 00 00 00 00 06 00 00 00 02
  ........@.C$     00 00 00 00 00 00 00 00 40 e6 43 24
001818-001869 ImageListBlock 1 elements:
  001822-001869 ImageBlock id=611202624 xsize=5 ysize=24 path="ui/skins/default/green_bar.png" unknown=0
001870-001929 DataBlock
  .........@.C$..N 00 00 00 00 00 01 00 00 00 40 e6 43 24 08 00 4e
  ewState......... 65 77 53 74 61 74 65 05 00 00 00 14 00 00 00 00
  ................ 00 00 00 02 00 00 00 00 00 00 00 00 00 00 00 01
  ............     00 00 00 01 00 00 00 00 00 00 00 00
001930-001945 FontNameBlock "georgia_italic"
001946-001961 DataBlock
  ................ 0a 00 00 00 02 00 00 00 01 00 00 00 dd da fa ff
001962-001984 StringBlock "Default Font Category"
001985-002008 DataBlock
  ................ 00 00 00 00 00 00 00 00 00 00 00 00 00 00 00 00
  ........         00 00 00 00 00 00 00 00
002009-002019 T0Block "normal_t0"
002020-002035 DataBlock
  ................ 00 00 00 00 00 00 00 00 00 00 00 00 00 00 00 00
002036-002046 T0Block "normal_t0"
002047-002066 DataBlock
  ................ 00 00 00 00 00 00 00 00 00 00 00 00 00 00 00 00
  ....             01 00 00 00
002067-002090 ImageUseBlock id=611202624 xofs=0 yofs=0 xsize=5 ysize=20 brga=4294967295
002091-002177 DataBlock
  ................ 01 00 00 00 00 00 00 00 00 00 00 00 00 00 00 01
  ................ 01 00 00 00 00 00 00 00 00 00 00 00 00 00 00 00
  ................ 00 00 00 00 00 00 00 00 00 00 00 00 00 00 00 00
  ................ 00 00 00 00 00 00 00 00 00 00 00 00 00 00 00 00
  .......(........ 00 00 00 00 00 00 00 28 00 00 00 00 00 00 00 02
  ....X$          00 00 00 80 7f 58 24
002178-002191 StringBlock "strength_bar"
002192-002235 DataBlock
  ................ 00 00 00 00 00 00 00 00 00 00 00 00 01 00 00 00
  ................ 00 01 00 00 00 00 01 00 00 00 00 08 00 00 00 00
  ..........C$     00 00 00 00 00 00 00 00 80 e8 43 24
002236-002287 ImageListBlock 1 elements:
  002240-002287 ImageBlock id=611204032 xsize=5 ysize=24 path="ui/skins/default/green_bar.png" unknown=0
002288-002347 DataBlock
  ...........C$..N 00 00 00 00 00 01 00 00 00 80 e8 43 24 08 00 4e
  ewState......... 65 77 53 74 61 74 65 05 00 00 00 14 00 00 00 00
  ................ 00 00 00 02 00 00 00 00 00 00 00 00 00 00 00 01
  ............     00 00 00 01 00 00 00 00 00 00 00 00
002348-002363 FontNameBlock "georgia_italic"
002364-002379 DataBlock
  ................ 0a 00 00 00 02 00 00 00 01 00 00 00 dd da fa ff
002380-002402 StringBlock "Default Font Category"
002403-002426 DataBlock
  ................ 00 00 00 00 00 00 00 00 00 00 00 00 00 00 00 00
  ........         00 00 00 00 00 00 00 00
002427-002437 T0Block "normal_t0"
002438-002453 DataBlock
  ................ 00 00 00 00 00 00 00 00 00 00 00 00 00 00 00 00
002454-002464 T0Block "normal_t0"
002465-002484 DataBlock
  ................ 00 00 00 00 00 00 00 00 00 00 00 00 00 00 00 00
  ....             01 00 00 00
002485-002508 ImageUseBlock id=611204032 xofs=0 yofs=0 xsize=5 ysize=20 brga=4294967295
002509-002604 DataBlock
  ................ 00 00 00 00 00 00 00 00 00 00 00 00 00 00 00 01
  ................ 01 00 00 00 00 00 00 00 00 00 00 00 00 00 00 00
  ................ 00 00 00 00 00 00 00 00 00 00 00 00 00 00 00 00
  ................ 00 00 00 00 00 00 00 00 00 00 00 00 00 00 00 00
  .......(........ 00 00 00 00 00 00 00 28 00 00 00 00 00 00 00 00
  ..............X$ 00 00 00 00 00 00 00 00 00 00 00 00 00 83 58 24
002605-002611 StringBlock "frame"
002612-002655 DataBlock
  ................ 00 00 00 00 00 00 00 00 00 00 00 00 00 00 00 00
  ................ 00 01 00 00 00 00 01 00 00 00 00 00 00 00 00 00
  ..........C$     00 00 00 00 00 00 00 00 c0 ea 43 24
002656-002711 ImageListBlock 1 elements:
  002660-002711 ImageBlock id=611204224 xsize=64 ysize=64 path="ui/skins/default/fe_frame_glow.png" unknown=0
002712-002771 DataBlock
  ...........C$..N 00 00 00 00 00 01 00 00 00 c0 ea 43 24 08 00 4e
  ewState......... 65 77 53 74 61 74 65 05 00 00 00 14 00 00 00 00
  ................ 00 00 00 02 00 00 00 00 00 00 00 00 00 00 00 01
  ............     00 00 00 01 00 00 00 00 00 00 00 00
002772-002787 FontNameBlock "georgia_italic"
002788-002803 DataBlock
  ................ 0a 00 00 00 02 00 00 00 01 00 00 00 dd da fa ff
002804-002826 StringBlock "Default Font Category"
002827-002850 DataBlock
  ................ 00 00 00 00 00 00 00 00 00 00 00 00 00 00 00 00
  ........         00 00 00 00 00 00 00 00
002851-002861 T0Block "normal_t0"
002862-002877 DataBlock
  ................ 00 00 00 00 00 00 00 00 00 00 00 00 00 00 00 00
002878-002888 T0Block "normal_t0"
002889-002908 DataBlock
  ................ 00 00 00 00 00 00 00 00 00 00 00 00 00 00 00 00
  ....             01 00 00 00
002909-002932 ImageUseBlock id=611204224 xofs=0 yofs=0 xsize=5 ysize=20 brga=4294967295
002933-003037 DataBlock
  ................ 00 00 00 00 00 00 00 00 00 00 00 00 00 00 00 01
  ................ 01 00 00 00 00 00 00 00 00 00 00 00 00 00 00 00
  ................ 00 00 00 00 00 00 00 00 00 00 00 00 00 00 00 00
  ..@...@......... 00 00 40 00 00 00 40 00 00 00 00 00 00 00 00 00
  .......(........ 00 00 00 00 00 00 00 28 00 00 00 00 00 00 00 00
  ................ 00 00 00 00 00 00 00 00 00 00 00 00 00 00 00 00
  ......%..        00 00 00 00 00 e0 25 19 1c
003038-003047 StringBlock "resource"
003048-003091 DataBlock
  ................ 00 00 18 00 00 00 00 00 00 00 00 00 00 00 00 00
  ................ 00 01 00 00 00 00 01 00 00 00 00 05 00 00 00 18
  ........`...     00 00 00 00 00 00 00 00 60 e8 a5 1a
003092-003155 ImageListBlock 1 elements:
  003096-003155 ImageBlock id=471707776 xsize=24 ysize=24 path="ui/skins/default/region_specialty_fish.png" unknown=0
003156-003212 DataBlock
  ..........bH...h 00 00 00 00 00 02 00 00 00 e0 62 48 1a 05 00 68
  over............ 6f 76 65 72 18 00 00 00 18 00 00 00 00 00 00 00
  ................ 02 00 00 00 00 00 00 00 00 00 00 00 01 00 00 00
  .........        01 00 00 00 00 00 00 00 00
003213-003228 FontNameBlock "georgia_italic"
003229-003244 DataBlock
  ................ 0a 00 00 00 02 00 00 00 01 00 00 00 dd da fa ff
003245-003267 StringBlock "Default Font Category"
003268-003291 DataBlock
  ................ 00 00 00 00 00 00 00 00 00 00 00 00 00 00 00 00
  ........         00 00 00 00 01 00 00 00
003292-003302 T0Block "normal_t0"
003303-003318 DataBlock
  ................ 00 00 00 00 00 00 00 00 00 00 00 00 00 00 00 00
003319-003329 T0Block "normal_t0"
003330-003349 DataBlock
  ................ 00 00 00 00 00 00 00 00 00 00 00 00 00 00 00 00
  ....             01 00 00 00
003350-003373 ImageUseBlock id=471707776 xofs=0 yofs=0 xsize=24 ysize=24 brga=4294967295
003374-003464 DataBlock
  ................ 00 00 00 05 00 00 00 00 00 00 00 00 00 00 00 01
  ................ 01 00 00 00 00 00 00 00 00 00 00 00 00 00 00 00
  ................ 00 00 00 00 00 00 00 00 00 00 00 00 00 00 00 00
  ...........u.... 00 00 00 00 00 00 00 ec 00 00 00 75 00 00 00 01
  .......`........ 00 00 00 01 00 00 00 60 e8 a5 1a 00 00 00 00 01
  .......`...      00 00 00 00 00 00 00 60 e8 a5 1a
003465-003476 StringBlock "unselected"
003477-003513 DataBlock
  ................ 18 00 00 00 18 00 00 00 00 00 00 00 02 00 00 00
  ................ 00 00 00 00 00 00 00 00 01 00 00 00 01 00 00 00
  .....            00 00 00 00 00
003514-003529 FontNameBlock "georgia_italic"
003530-003545 DataBlock
  ................ 0a 00 00 00 02 00 00 00 01 00 00 00 dd da fa ff
003546-003568 StringBlock "Default Font Category"
003569-003592 DataBlock
  ................ 00 00 00 00 00 00 00 00 00 00 00 00 00 00 00 00
  ........         00 00 00 00 01 00 00 00
003593-003603 T0Block "normal_t0"
003604-003619 DataBlock
  ................ 00 00 00 00 00 00 00 00 00 00 00 00 00 00 00 00
003620-003630 T0Block "normal_t0"
003631-003650 DataBlock
  ................ 00 00 00 00 00 00 00 00 00 00 00 00 00 00 00 00
  ....             01 00 00 00
003651-003674 ImageUseBlock id=471707776 xofs=2 yofs=2 xsize=20 ysize=20 brga=4294967295
003675-003804 DataBlock
  ................ 00 00 00 05 00 00 00 00 00 00 00 00 00 00 00 01
  ................ 01 00 00 00 00 00 00 00 00 00 00 00 00 00 00 00
  ................ 00 00 00 00 00 00 00 00 00 00 00 00 00 00 00 00
  .......5........ 00 00 00 00 00 00 00 35 00 00 00 2e 00 00 00 01
  ........bH...... 00 00 00 00 00 00 00 e0 62 48 1a 00 00 00 00 01
  ...........(.... 00 00 00 00 00 00 00 00 00 00 00 28 00 00 00 00
  ................ 00 00 00 00 00 00 00 00 00 00 00 00 00 00 00 00
  ................ 00 00 00 00 00 00 00 01 00 00 00 00 00 00 00 00
  ..               00 00
