000000-000009 VersionBlock 86
000010-000013 RootIDBlock 463234240
000014-000019 StringBlock "root"
000020-000098 DataBlock
  ................ 00 00 00 00 00 00 00 00 00 00 00 01 01 00 00 00
  ................ 00 01 00 00 00 00 01 00 00 00 00 00 00 00 00 00
  ................ 00 00 00 00 00 00 00 00 00 00 00 00 01 00 00 00
  ................ a0 b4 e3 1a 00 00 00 05 00 00 00 04 00 00 00 00
  ........... h..  00 00 00 00 00 00 00 01 00 00 00 20 68 9c 1b
000099-000108 NewStateBlock "NewState"
000109-000163 DataBlock
  ................ 00 05 00 00 c0 03 00 00 00 00 00 00 02 00 00 00
  ................ 00 00 00 00 00 00 00 00 01 00 00 00 01 00 00 00
  ................ 00 00 00 00 00 00 00 0a 00 00 00 02 00 00 00 01
  .......          00 00 00 dd da fa ff
000164-000186 StringBlock "Default Font Category"
000187-000210 DataBlock
  ................ 00 00 00 00 00 00 00 00 00 00 00 00 00 00 00 00
  ........         00 00 00 00 01 00 00 00
000211-000221 T0Block "normal_t0"
000222-000237 DataBlock
  ................ 00 00 00 00 00 00 00 00 00 00 00 00 00 00 00 00
000238-000248 T0Block "normal_t0"
000249-000379 DataBlock
  ................ 00 00 00 00 00 00 00 00 00 00 00 00 00 00 00 00
  ................ 01 00 00 00 a0 b4 e3 1a 00 00 00 00 00 00 00 00
  ............. 00 05 00 00 00 04 00 00 7f 7f 7f ff 00 00 00 00
  ................ 00 00 00 00 00 00 00 00 00 00 00 01 01 00 00 00
  ................ 00 00 00 00 00 00 00 00 00 00 00 00 00 00 00 00
  ................ 00 00 00 00 00 00 00 00 00 00 00 00 00 00 00 00
  ................ 00 00 00 00 00 00 00 00 00 00 00 00 00 00 00 00
  ...............  00 00 00 00 00 00 00 00 00 00 00 01 00 00 00 20
  j..              6a 9c 1b
000380-000401 StringBlock "building_information"
000402-000427 StringBlock "CampaignEffectsListPanel"
000428-000489 DataBlock
  ................ 00 00 00 00 9b 02 00 00 00 01 01 00 00 00 00 01
  ................ 00 00 00 00 01 00 00 00 00 07 00 00 00 00 00 00
  .......m........ 00 00 00 00 00 00 80 6d 9c 1b 00 00 00 00 00 00
  ...........m..   00 00 00 00 00 00 01 00 00 00 80 6d 9c 1b
000490-000499 NewStateBlock "NewState"
000500-000554 DataBlock
  ....%........... fe 00 00 00 25 01 00 00 00 00 00 00 02 00 00 00
  ................ 00 00 00 00 00 00 00 00 01 00 00 00 01 00 00 00
  ................ 00 00 00 00 00 00 00 0a 00 00 00 02 00 00 00 01
  .......          00 00 00 dd da fa ff
000555-000577 StringBlock "Default Font Category"
000578-000601 DataBlock
  ................ 00 00 00 00 00 00 00 00 00 00 00 00 00 00 00 00
  ........         00 00 00 00 01 00 00 00
000602-000612 T0Block "normal_t0"
000613-000628 DataBlock
  ................ 00 00 00 00 00 00 00 00 00 00 00 00 00 00 00 00
000629-000639 T0Block "normal_t0"
000640-000675 DataBlock
  ................ 00 00 00 00 00 00 00 00 00 00 00 00 00 00 00 00
  ................ 00 00 00 00 00 00 00 00 00 00 00 00 00 00 00 00
  ....             01 00 00 00
000676-000684 StringBlock "padding"
000685-000696 DataBlock
  ..20........     02 00 32 30 0c 00 00 00 03 00 00 00
000697-000703 StringBlock "scale"
000704-000769 DataBlock
  ................ 00 00 01 00 00 00 00 00 00 00 00 00 00 00 0e 01
  ................ 00 00 f4 01 00 00 ff ff ff ff 00 00 00 00 00 00
  ................ 00 00 00 00 00 00 00 00 00 00 00 00 00 00 ff ff
  ................ ff ff ff ff ff ff c8 00 00 00 04 00 00 00 00 00
  .?               80 3f
000770-000777 StringBlock "Linear"
000778-000781 DataBlock
  ....             00 00 00 00
000782-000791 StringBlock "fade_out"
000792-000857 DataBlock
  ................ 01 00 01 00 00 00 00 00 00 00 00 00 00 00 01 01
  ................ 00 00 f2 00 00 00 ff ff ff 00 00 00 00 00 00 00
  ................ 00 00 00 00 00 00 00 00 00 00 00 00 00 00 ff ff
  ..........@..... ff ff ff ff ff ff 96 00 00 00 40 00 00 00 00 00
  .?               80 3f
000858-000865 StringBlock "Linear"
000866-000869 DataBlock
  ....             00 00 00 00
000870-000878 StringBlock "fade_in"
000879-000944 DataBlock
  ................ 01 00 01 00 00 00 00 00 00 00 00 00 00 00 01 01
  ................ 00 00 f2 00 00 00 ff ff ff ff 00 00 00 00 00 00
  ................ 00 00 00 00 00 00 00 00 00 00 00 00 00 00 ff ff
  ..........@..... ff ff ff ff ff ff 96 00 00 00 40 00 00 00 00 00
  .?               80 3f
000945-000952 StringBlock "Linear"
000953-000964 DataBlock
  .........o..     00 00 00 00 05 00 00 00 a0 6f 9c 1b
000965-000977 StringBlock "title_frame"
000978-001041 DataBlock
  ................ 00 00 07 00 00 00 0c 00 00 00 00 00 00 00 00 00
  ................ 00 01 00 00 00 00 01 00 00 00 00 02 00 00 00 00
  ................ 00 00 00 0c 00 00 00 00 00 00 00 00 00 00 00 00
  .............s.. 00 00 00 00 00 00 00 00 01 00 00 00 00 73 9c 1b
001042-001051 NewStateBlock "NewState"
001052-001106 DataBlock
  ................ f0 00 00 00 1e 00 00 00 00 00 00 00 02 00 00 00
  ................ 00 00 00 00 00 00 00 00 01 00 00 00 01 00 00 00
  ................ 00 00 00 00 00 00 00 0a 00 00 00 02 00 00 00 01
  .......          00 00 00 dd da fa ff
001107-001129 StringBlock "Default Font Category"
001130-001153 DataBlock
  ................ 00 00 00 00 00 00 00 00 00 00 00 00 00 00 00 00
  ........         00 00 00 00 01 00 00 00
001154-001164 T0Block "normal_t0"
001165-001180 DataBlock
  ................ 00 00 00 00 00 00 00 00 00 00 00 00 00 00 00 00
001181-001191 T0Block "normal_t0"
001192-001243 DataBlock
  ................ 00 00 00 00 00 00 00 00 00 00 00 00 00 00 00 00
  ................ 00 00 00 00 00 00 00 00 00 00 00 00 00 00 00 00
  ................ 00 00 00 00 0c 00 00 00 00 00 00 00 02 00 00 00
  .jQ.             c0 6a 51 1b
001244-001262 StringBlock "dy_building_title"
001263-001326 DataBlock
  ................ 00 00 03 00 00 00 fa ff ff ff 00 00 01 00 00 00
  ................ 00 01 00 00 00 00 01 00 00 00 00 02 00 00 00 00
  ................ 00 00 00 fa ff ff ff 00 00 00 00 00 00 00 00 00
  ............ nQ. 00 00 00 00 00 00 00 00 01 00 00 00 20 6e 51 1b
001327-001336 NewStateBlock "NewState"
001337-001344 DataBlock
  ........         ea 00 00 00 1e 00 00 00
001345-001382 UnicodeBlock "Governor's Mansion"
001383-001405 DataBlock
  ................ 00 00 04 00 00 00 04 00 00 00 00 00 00 00 02 00
  .......          00 00 01 00 00 00 00
001406-001483 UnicodeBlock "dy_building_title_NewState_Text_410056"
001484-001485 DataBlock
  ..               00 00
001486-001508 FontNameBlock "la_gioconda_uppercase"
001509-001524 DataBlock
  ................ 10 00 00 00 04 00 00 00 00 00 00 00 d7 f8 ff ff
001525-001546 StringBlock "fe_paragraph_heading"
001547-001570 DataBlock
  ................ 00 00 00 00 00 00 00 00 00 00 00 00 00 00 00 00
  ........         00 00 00 00 01 00 00 00
001571-001581 T0Block "normal_t0"
001582-001597 DataBlock
  ................ 00 00 00 00 00 00 00 00 00 00 00 00 00 00 00 00
001598-001613 T0Block "drop_shadow_t0"
001614-001665 DataBlock
  .......?...@.... 00 00 00 00 00 00 80 3f 00 00 00 40 00 00 00 00
  ................ 00 00 00 00 00 00 00 00 00 00 00 00 00 00 00 00
  ................ 00 00 00 00 0c 00 00 00 00 00 00 00 01 00 00 00
   pQ.             20 70 51 1b
001666-001673 StringBlock "h_line"
001674-001717 DataBlock
  ................ 00 00 00 00 00 00 06 00 00 00 00 00 00 00 00 00
  ................ 00 00 00 00 00 00 01 00 00 00 00 08 00 00 00 00
  .........sQ.     00 00 00 00 00 00 00 00 80 73 51 1b
001718-001766 ImageListBlock 1 elements:
  001722-001766 ImageBlock id=449247008 xsize=400 ysize=24 path="ui\\skins\\default\\h_line.png" unknown=0
001767-001844 DataBlock
  ..........sQ...N 00 00 00 00 00 01 00 00 00 80 73 51 1b 08 00 4e
  ewState......... 65 77 53 74 61 74 65 e9 00 00 00 18 00 00 00 00
  ................ 00 00 00 02 00 00 00 00 00 00 00 00 00 00 00 01
  ................ 00 00 00 01 00 00 00 00 00 00 00 00 00 00 0a 00
  ..............   00 00 02 00 00 00 01 00 00 00 dd da fa ff
001845-001867 StringBlock "Default Font Category"
001868-001891 DataBlock
  ................ 00 00 00 00 00 00 00 00 00 00 00 00 00 00 00 00
  ........         00 00 00 00 01 00 00 00
001892-001902 T0Block "normal_t0"
001903-001918 DataBlock
  ................ 00 00 00 00 00 00 00 00 00 00 00 00 00 00 00 00
001919-001929 T0Block "normal_t0"
001930-002078 DataBlock
  ................ 00 00 00 00 00 00 00 00 00 00 00 00 00 00 00 00
  .... ........... 01 00 00 00 20 f7 c6 1a 00 00 00 00 00 00 00 00
  ................ e9 00 00 00 18 00 00 00 ff ff ff ff 00 00 00 00
  ................ 00 00 00 00 00 00 00 00 00 00 00 01 01 00 00 00
  ................ 00 00 00 00 00 00 00 00 00 00 00 00 00 00 00 00
  ..............B. 00 00 00 00 00 00 00 00 00 00 00 00 00 a0 42 00
  ................ 00 00 00 00 00 00 00 00 00 00 00 00 00 00 00 00
  ...-............ 00 00 00 2d 00 00 00 00 00 00 00 00 00 00 00 00
  ................ 00 00 00 00 00 00 00 00 00 00 00 00 00 00 00 00
  ..uQ.            00 80 75 51 1b
002079-002091 StringBlock "dy_location"
002092-002155 DataBlock
  ..x............. 00 00 78 00 00 00 1d 00 00 00 00 01 01 00 00 00
  ................ 00 00 00 00 00 00 01 00 00 00 00 08 00 00 00 00
  .........xQ..... 00 00 00 00 00 00 00 00 e0 78 51 1b 00 00 00 00
  .............xQ. 00 00 00 00 00 00 00 00 01 00 00 00 e0 78 51 1b
002156-002165 NewStateBlock "NewState"
002166-002173 DataBlock
  ........         01 00 00 00 01 00 00 00
002174-002191 UnicodeBlock "location"
002192-002214 DataBlock
  ................ 00 00 04 00 00 00 04 00 00 00 00 00 00 00 01 00
  .......          00 00 01 00 00 00 00
002215-002278 UnicodeBlock "dy_location_NewState_Text_90014"
002279-002280 DataBlock
  ..               00 00
002281-002293 FontNameBlock "la_gioconda"
002294-002309 DataBlock
  ................ 0c 00 00 00 07 00 00 00 00 00 00 00 d7 f8 ff ff
002310-002318 StringBlock "fe_text"
002319-002342 DataBlock
  ................ 00 00 00 00 00 00 00 00 00 00 00 00 00 00 00 00
  ........         00 00 00 00 01 00 00 00
002343-002353 T0Block "normal_t0"
002354-002369 DataBlock
  ................ 00 00 00 00 00 00 00 00 00 00 00 00 00 00 00 00
002370-002380 T0Block "normal_t0"
002381-002450 DataBlock
  ................ 00 00 00 00 00 00 00 00 00 00 00 00 00 00 00 00
  ................ 00 00 00 00 00 00 00 00 00 00 00 00 00 00 00 00
  ................ 00 00 00 00 0c 00 00 00 00 00 00 00 00 00 00 00
  ................ 00 00 00 00 00 00 00 00 00 00 00 00 00 00 00 00
  ...{Q.           00 00 00 7b 51 1b
002451-002465 StringBlock "dy_chain_name"
002466-002529 DataBlock
  ......!......... 00 00 0a 00 00 00 21 00 00 00 00 00 01 00 00 00
  ................ 00 01 00 00 00 00 01 00 00 00 00 02 00 00 00 00
  ...!............ 00 00 00 21 00 00 00 00 00 00 00 00 00 00 00 00
  ............`~Q. 00 00 00 00 00 00 00 00 01 00 00 00 60 7e 51 1b
002530-002540 StringBlock "MainState"
002541-002548 DataBlock
  ........         ea 00 00 00 1e 00 00 00
002549-002566 UnicodeBlock "dy_chain"
002567-002589 DataBlock
  ................ 00 00 04 00 00 00 04 00 00 00 00 00 00 00 02 00
  .......          00 00 01 00 00 00 00
002590-002643 UnicodeBlock "Text_MainState_Text_11002c"
002644-002645 DataBlock
  ..               00 00
002646-002658 FontNameBlock "la_gioconda"
002659-002674 DataBlock
  ................ 0c 00 00 00 07 00 00 00 00 00 00 00 d7 f8 ff ff
002675-002683 StringBlock "fe_text"
002684-002707 DataBlock
  ................ 00 00 00 00 00 00 00 00 00 00 00 00 00 00 00 00
  ........         00 00 00 00 01 00 00 00
002708-002718 T0Block "normal_t0"
002719-002734 DataBlock
  ................ 00 00 00 00 00 00 00 00 00 00 00 00 00 00 00 00
002735-002745 T0Block "normal_t0"
002746-002797 DataBlock
  ................ 00 00 00 00 00 00 00 00 00 00 00 00 00 00 00 00
  ................ 00 00 00 00 c0 cd cd cd c0 cd cd cd 00 00 00 00
  ................ 00 00 00 00 0c 00 00 00 00 00 00 00 01 00 00 00
  `.Q.             60 80 51 1b
002798-002805 StringBlock "h_line"
002806-002849 DataBlock
  ................ 00 00 fc ff ff ff 02 00 00 00 00 01 01 00 00 00
  ................ 00 01 00 00 00 00 01 00 00 00 00 08 00 00 00 00
  ............     00 00 00 02 00 00 00 00 00 00 00 00
002850-002898 ImageListBlock 1 elements:
  002854-002898 ImageBlock id=362674496 xsize=400 ysize=24 path="ui\\skins\\default\\h_line.png" unknown=0
002899-002958 DataBlock
  ...........Q...N 00 00 00 00 00 01 00 00 00 c0 83 51 1b 08 00 4e
  ewState......... 65 77 53 74 61 74 65 f1 00 00 00 1e 00 00 00 00
  ................ 00 00 00 04 00 00 00 04 00 00 00 00 00 00 00 01
  ............     00 00 00 01 00 00 00 00 00 00 00 00
002959-002981 FontNameBlock "la_gioconda_uppercase"
002982-002997 DataBlock
  ................ 10 00 00 00 04 00 00 00 00 00 00 00 d7 f8 ff ff
002998-003019 StringBlock "fe_paragraph_heading"
003020-003043 DataBlock
  ................ 00 00 00 00 00 00 00 00 00 00 00 00 00 00 00 00
  ........         00 00 00 00 01 00 00 00
003044-003054 T0Block "normal_t0"
003055-003070 DataBlock
  ................ 00 00 00 00 00 00 00 00 00 00 00 00 00 00 00 00
003071-003086 T0Block "drop_shadow_t0"
003087-003235 DataBlock
  .......?...@.... 00 00 00 00 00 00 80 3f 00 00 00 40 00 00 00 00
  ....@........... 01 00 00 00 40 f9 9d 15 00 00 00 00 06 00 00 00
  ................ f1 00 00 00 18 00 00 00 ff ff ff ff 00 00 00 08
  ................ 00 00 00 00 00 00 00 00 00 00 00 01 00 00 00 00
  ................ 00 00 00 00 00 00 00 00 00 00 00 00 00 00 00 00
  ..............B. 00 00 00 00 00 00 00 00 00 00 00 00 00 a0 42 00
  ................ 00 00 00 00 00 00 00 00 00 00 00 00 00 00 00 00
  ................ 00 00 00 0c 00 00 00 00 00 00 00 00 00 00 00 00
  ................ 00 00 00 00 00 00 00 00 00 00 00 00 00 00 00 00
  ...Q.            00 c0 85 51 1b
003236-003255 StringBlock "description_window"
003256-003319 DataBlock
  ......B......... 00 00 0a 00 00 00 42 00 00 00 00 00 01 00 00 00
  ................ 00 01 00 00 00 00 01 00 00 00 00 02 00 00 00 00
  ...B............ 00 00 00 42 00 00 00 00 00 00 00 00 00 00 00 00
  ............ .Q. 00 00 00 00 00 00 00 00 01 00 00 00 20 89 51 1b
003320-003330 StringBlock "MainState"
003331-003338 DataBlock
  ....(...         ea 00 00 00 28 00 00 00
003339-003418 UnicodeBlock "dy_description text_dy_description text"
003419-003441 DataBlock
  ................ 00 00 02 00 00 00 00 00 00 00 00 00 00 00 01 00
  .......          00 00 01 00 00 00 00
003442-003495 UnicodeBlock "Text_MainState_Text_11002c"
003496-003497 DataBlock
  ..               00 00
003498-003513 FontNameBlock "georgia_italic"
003514-003529 DataBlock
  ................ 0c 00 00 00 06 00 00 00 01 00 00 00 b0 d7 df ff
003530-003540 StringBlock "fe_italic"
003541-003564 DataBlock
  ................ 00 00 00 00 00 00 00 00 08 00 00 00 00 00 00 00
  ........         00 00 00 00 01 00 00 00
003565-003575 T0Block "normal_t0"
003576-003591 DataBlock
  ................ 00 00 00 00 00 00 00 00 00 00 00 00 00 00 00 00
003592-003602 T0Block "normal_t0"
003603-003654 DataBlock
  ................ 00 00 00 00 00 00 00 00 00 00 00 00 00 00 00 00
  ................ 00 00 00 00 c0 cd cd cd c0 cd cd cd 00 00 00 00
  ................ 00 00 00 00 0c 00 00 00 00 00 00 00 01 00 00 00
   .Q.             20 8b 51 1b
003655-003662 StringBlock "h_line"
003663-003706 DataBlock
  ................ 00 00 fc ff ff ff 10 00 00 00 00 01 00 00 00 00
  ................ 00 01 00 00 00 00 01 00 00 00 00 08 00 00 00 00
  ............     00 00 00 00 00 00 00 00 00 00 00 00
003707-003755 ImageListBlock 1 elements:
  003711-003755 ImageBlock id=455142912 xsize=400 ysize=24 path="ui\\skins\\default\\h_line.png" unknown=0
003756-003815 DataBlock
  ...........Q...N 00 00 00 00 00 01 00 00 00 80 8e 51 1b 08 00 4e
  ewState......... 65 77 53 74 61 74 65 f1 00 00 00 18 00 00 00 00
  ................ 00 00 00 04 00 00 00 04 00 00 00 00 00 00 00 01
  ............     00 00 00 01 00 00 00 00 00 00 00 00
003816-003838 FontNameBlock "la_gioconda_uppercase"
003839-003854 DataBlock
  ................ 10 00 00 00 04 00 00 00 00 00 00 00 d7 f8 ff ff
003855-003876 StringBlock "fe_paragraph_heading"
003877-003900 DataBlock
  ................ 00 00 00 00 00 00 00 00 00 00 00 00 00 00 00 00
  ........         00 00 00 00 01 00 00 00
003901-003911 T0Block "normal_t0"
003912-003927 DataBlock
  ................ 00 00 00 00 00 00 00 00 00 00 00 00 00 00 00 00
003928-003943 T0Block "drop_shadow_t0"
003944-004092 DataBlock
  .......?...@.... 00 00 00 00 00 00 80 3f 00 00 00 40 00 00 00 00
  ...... ......... 01 00 00 00 00 ee 20 1b 00 00 00 00 00 00 00 00
  ................ f1 00 00 00 18 00 00 00 ff ff ff ff 00 00 00 08
  ................ 00 00 00 00 00 00 00 00 00 00 00 01 00 00 00 00
  ................ 00 00 00 00 00 00 00 00 00 00 00 00 00 00 00 00
  ..............B. 00 00 00 00 00 00 00 00 00 00 00 00 00 a0 42 00
  ................ 00 00 00 00 00 00 00 00 00 00 00 00 00 00 00 00
  ................ 00 00 00 0c 00 00 00 00 00 00 00 00 00 00 00 00
  ................ 00 00 00 00 00 00 00 00 00 00 00 00 00 00 00 00
  ...Q.            00 a0 90 51 1b
004093-004108 StringBlock "effects_window"
004109-004172 DataBlock
  ......n......... 00 00 0a 00 00 00 6e 00 00 00 00 01 01 00 00 00
  ................ 00 01 00 00 00 00 01 00 00 00 00 02 00 00 00 00
  ...n............ 00 00 00 6e 00 00 00 00 00 00 00 00 00 00 00 00
  ..............Q. 00 00 00 00 00 00 00 00 01 00 00 00 00 94 51 1b
004173-004182 NewStateBlock "NewState"
004183-004219 DataBlock
  ................ ea 00 00 00 b5 00 00 00 00 00 00 00 02 00 00 00
  ................ 00 00 00 00 00 00 00 00 01 00 00 00 01 00 00 00
  .....            00 00 00 00 00
004220-004232 FontNameBlock "la_gioconda"
004233-004248 DataBlock
  ................ 0c 00 00 00 07 00 00 00 00 00 00 00 00 00 00 ff
004249-004267 StringBlock "ingame_text_small"
004268-004291 DataBlock
  ................ 00 00 00 00 00 00 00 00 00 00 00 00 00 00 00 00
  ........         00 00 00 00 00 00 00 00
004292-004302 T0Block "normal_t0"
004303-004318 DataBlock
  ................ 00 00 00 00 00 00 00 00 00 00 00 00 00 00 00 00
004319-004329 T0Block "normal_t0"
004330-004373 DataBlock
  ................ 00 00 00 00 00 00 00 00 00 00 00 00 00 00 00 00
  ................ 00 00 00 00 00 00 00 00 00 00 00 00 00 00 00 00
  ............     00 00 00 00 0c 00 00 00 01 00 00 00
004374-004380 StringBlock "scale"
004381-004446 DataBlock
  ................ 00 00 01 00 00 00 00 00 00 00 00 00 00 00 e8 00
  ..X............. 00 00 58 02 00 00 ff ff ff ff 00 00 00 00 00 00
  ................ 00 00 00 00 00 00 00 00 00 00 00 00 00 00 ff ff
  ................ ff ff ff ff ff ff c8 00 00 00 04 00 00 00 00 00
  .?               80 3f
004447-004454 StringBlock "Linear"
004455-004466 DataBlock
  ..........Q.     00 00 00 00 01 00 00 00 00 96 51 1b
004467-004482 StringBlock "entries_window"
004483-004492 StringBlock "Listview"
004493-004554 DataBlock
  ................ 00 00 00 00 00 00 00 00 00 01 01 00 00 00 00 01
  ................ 00 00 00 00 01 00 00 00 00 08 00 00 00 00 00 00
  ................ 00 00 00 00 00 00 00 00 00 00 00 00 00 00 00 00
  ..........`.Q.   00 00 00 00 00 00 01 00 00 00 60 99 51 1b
004555-004564 NewStateBlock "NewState"
004565-004619 DataBlock
  ................ ea 00 00 00 b5 00 00 00 00 00 00 00 02 00 00 00
  ................ 00 00 00 00 00 00 00 00 01 00 00 00 01 00 00 00
  ................ 00 00 00 00 00 00 00 0a 00 00 00 02 00 00 00 01
  .......          00 00 00 dd da fa ff
004620-004642 StringBlock "Default Font Category"
004643-004666 DataBlock
  ................ 00 00 00 00 00 00 00 00 00 00 00 00 00 00 00 00
  ........         00 00 00 00 01 00 00 00
004667-004677 T0Block "normal_t0"
004678-004693 DataBlock
  ................ 00 00 00 00 00 00 00 00 00 00 00 00 00 00 00 00
004694-004704 T0Block "normal_t0"
004705-004756 DataBlock
  ................ 00 00 00 00 00 00 00 00 00 00 00 00 00 00 00 00
  ................ 00 00 00 00 00 00 00 00 00 00 00 00 00 00 00 00
  ................ 00 00 00 00 00 00 00 00 00 00 00 00 02 00 00 00
  `.Q.             60 9b 51 1b
004757-004765 StringBlock "vslider"
004766-004774 StringBlock "VSlider"
004775-004820 DataBlock
  ................ da 00 00 00 09 00 00 00 00 00 01 00 00 00 00 00
  ................ 00 00 00 00 01 00 00 00 00 00 00 00 00 00 00 00
  ..............   00 00 00 00 00 00 00 00 00 00 02 00 00 00
004821-004867 ImageBlock id=455035840 xsize=64 ysize=64 path="ui\\skins\\default\\fe_frame.png" unknown=3120889856
004868-004895 DataBlock
  .......z........ 17 00 00 0f 00 00 00 7a 00 00 00 00 00 00 00 00
  ..........Q.     00 00 00 00 01 00 00 00 c0 9e 51 1b
004896-004905 NewStateBlock "NewState"
004906-004942 DataBlock
  ................ 0f 00 00 00 8c 00 00 00 00 00 00 00 02 00 00 00
  ................ 00 00 00 00 00 00 00 00 01 00 00 00 01 00 00 00
  .....            00 00 00 00 00
004943-004955 FontNameBlock "la_gioconda"
004956-004971 DataBlock
  ................ 0c 00 00 00 07 00 00 00 00 00 00 00 00 00 00 ff
004972-004990 StringBlock "ingame_text_small"
004991-005014 DataBlock
  ................ 00 00 00 00 00 00 00 00 00 00 00 00 00 00 00 00
  ........         00 00 00 00 01 00 00 00
005015-005025 T0Block "normal_t0"
005026-005041 DataBlock
  ................ 00 00 00 00 00 00 00 00 00 00 00 00 00 00 00 00
005042-005052 T0Block "normal_t0"
005053-005246 DataBlock
  ................ 00 00 00 00 00 00 00 00 00 00 00 00 00 00 00 00
  ................ 02 00 00 00 00 05 ba 17 00 00 00 00 00 00 00 00
  ................ 0f 00 00 00 8c 00 00 00 00 00 00 ff 00 00 00 00
  ................ 00 00 00 00 00 00 00 00 00 00 00 01 01 00 00 00
  ................ 00 00 00 00 00 00 00 00 00 00 00 00 00 00 00 00
  ................ 00 00 00 00 00 00 00 00 00 00 00 00 00 00 00 00
  ....K........... 00 00 00 c0 4b 1f 1b 00 00 00 00 00 00 00 00 0f
  ................ 00 00 00 8c 00 00 00 ff ff ff ff 00 00 00 00 00
  ................ 00 00 00 00 00 00 00 00 00 00 01 01 00 00 00 00
  ................ 00 00 00 00 00 00 00 00 00 00 00 00 00 00 00 00
  .............@.. 00 00 00 00 00 00 00 00 00 00 00 00 80 40 00 00
  .@.............. 80 40 c0 cd cd cd c0 cd cd cd 00 00 00 00 04 00
  ..               00 00
005247-005253 StringBlock "Value"
005254-005256 DataBlock
  ..0              01 00 30
005257-005266 StringBlock "minValue"
005267-005269 DataBlock
  ..0              01 00 30
005270-005279 StringBlock "maxValue"
005280-005284 DataBlock
  ..100            03 00 31 30 30
005285-005292 StringBlock "Notify"
005293-005315 DataBlock
  ................ 00 00 00 00 00 00 00 00 00 00 03 00 00 00 c0 a0
  Q...top          51 1b 03 00 74 6f 70
005316-005338 StringBlock "SliderIncrementButton"
005339-005380 DataBlock
  ................ 00 00 00 00 00 00 00 00 00 00 00 00 00 00 00 01
  ................ 00 00 00 00 01 00 00 00 00 02 00 00 00 00 00 00
  ..........       00 00 00 00 00 00 00 00 00 00
005381-005435 ImageListBlock 1 elements:
  005385-005435 ImageBlock id=458267136 xsize=10 ysize=10 path="ui\\skins\\default\\v_slider_end.png" unknown=0
005436-005495 DataBlock
  ......... .Q...N 00 00 00 00 00 01 00 00 00 20 a4 51 1b 08 00 4e
  ewState......... 65 77 53 74 61 74 65 0f 00 00 00 0d 00 00 00 00
  ................ 00 00 00 02 00 00 00 00 00 00 00 00 00 00 00 01
  ............     00 00 00 01 00 00 00 00 00 00 00 00
005496-005508 FontNameBlock "la_gioconda"
005509-005524 DataBlock
  ................ 0c 00 00 00 07 00 00 00 00 00 00 00 00 00 00 ff
005525-005543 StringBlock "ingame_text_small"
005544-005567 DataBlock
  ................ 00 00 00 00 00 00 00 00 00 00 00 00 00 00 00 00
  ........         00 00 00 00 01 00 01 00
005568-005578 T0Block "normal_t0"
005579-005594 DataBlock
  ................ 00 00 00 00 00 00 00 00 00 00 00 00 00 00 00 00
005595-005605 T0Block "normal_t0"
005606-005720 DataBlock
  ................ 00 00 00 00 00 00 00 00 00 00 00 00 00 00 00 00
  ......P......... 01 00 00 00 00 9a 50 1b 00 00 00 00 f6 ff ff ff
  ................ 0f 00 00 00 0d 00 00 00 ff ff ff ff 00 00 00 00
  ................ 00 00 00 00 00 00 00 00 00 00 00 01 01 00 00 00
  ................ 00 00 00 00 00 00 00 00 00 00 00 00 00 00 00 00
  ................ 00 00 00 00 00 00 00 00 00 00 00 00 00 00 00 00
  ...!...$........ 00 00 00 21 00 00 00 24 00 00 00 00 00 00 00 01
  ...              00 00 00
005721-005730 StringBlock "stepSize"
005731-005759 DataBlock
  ..10............ 02 00 31 30 00 00 00 00 00 00 00 00 00 00 00 00
  .........@.Q.    00 00 00 00 00 00 00 00 00 40 a6 51 1b
005760-005767 StringBlock "bottom"
005768-005790 StringBlock "SliderDecrementButton"
005791-005832 DataBlock
  ............... 00 00 00 00 7f 00 00 00 00 00 00 00 00 00 00 01
  ................ 00 00 00 00 01 00 00 00 00 08 00 00 00 00 00 00
  ..........       00 00 00 00 00 00 00 00 00 00
005833-005887 ImageListBlock 1 elements:
  005837-005887 ImageBlock id=458336672 xsize=10 ysize=10 path="ui\\skins\\default\\v_slider_end.png" unknown=0
005888-005947 DataBlock
  .........`.Q...N 00 00 00 00 00 01 00 00 00 60 aa 51 1b 08 00 4e
  ewState......... 65 77 53 74 61 74 65 0f 00 00 00 0d 00 00 00 00
  ................ 00 00 00 02 00 00 00 00 00 00 00 00 00 00 00 01
  ............     00 00 00 01 00 00 00 00 00 00 00 00
005948-005960 FontNameBlock "la_gioconda"
005961-005976 DataBlock
  ................ 0c 00 00 00 07 00 00 00 00 00 00 00 00 00 00 ff
005977-005995 StringBlock "ingame_text_small"
005996-006019 DataBlock
  ................ 00 00 00 00 00 00 00 00 00 00 00 00 00 00 00 00
  ........         00 00 00 00 01 00 01 00
006020-006030 T0Block "normal_t0"
006031-006046 DataBlock
  ................ 00 00 00 00 00 00 00 00 00 00 00 00 00 00 00 00
006047-006057 T0Block "normal_t0"
006058-006172 DataBlock
  ................ 00 00 00 00 00 00 00 00 00 00 00 00 00 00 00 00
  ......Q......... 01 00 00 00 a0 a9 51 1b 00 00 00 00 0a 00 00 00
  ................ 0f 00 00 00 0d 00 00 00 ff ff ff ff 00 00 01 00
  ................ 00 00 00 00 00 00 00 00 00 00 00 01 01 00 00 00
  ................ 00 00 00 00 00 00 00 00 00 00 00 00 00 00 00 00
  ................ 00 00 00 00 00 00 00 00 00 00 00 00 00 00 00 00
  ..."...'........ 00 00 00 22 00 00 00 27 00 00 00 00 00 00 00 01
  ...              00 00 00
006173-006182 StringBlock "stepSize"
006183-006211 DataBlock
  ..10............ 02 00 31 30 00 00 00 00 00 00 00 00 00 00 00 00
  .........@.Q.    00 00 00 00 00 00 00 00 00 40 ad 51 1b
006212-006219 StringBlock "handle"
006220-006234 StringBlock "VSliderHandle"
006235-006276 DataBlock
  ....K........... fd ff ff ff 4b 00 00 00 00 00 00 01 00 00 00 01
  ................ 00 00 00 00 01 00 00 00 00 00 00 00 00 00 00 00
  ..........       00 00 00 00 00 00 00 00 00 00
006277-006334 ImageListBlock 1 elements:
  006281-006334 ImageBlock id=458338464 xsize=21 ysize=22 path="ui\\skins\\default\\v_slider_handle.png" unknown=0
006335-006394 DataBlock
  .........`.Q...N 00 00 00 00 00 01 00 00 00 60 b1 51 1b 08 00 4e
  ewState......... 65 77 53 74 61 74 65 15 00 00 00 15 00 00 00 00
  ................ 00 00 00 02 00 00 00 00 00 00 00 00 00 00 00 01
  ............     00 00 00 01 00 00 00 00 00 00 00 00
006395-006407 FontNameBlock "la_gioconda"
006408-006423 DataBlock
  ................ 0c 00 00 00 07 00 00 00 00 00 00 00 00 00 00 ff
006424-006442 StringBlock "ingame_text_small"
006443-006466 DataBlock
  ................ 00 00 00 00 00 00 00 00 00 00 00 00 00 00 00 00
  ........         00 00 00 00 01 00 00 00
006467-006477 T0Block "normal_t0"
006478-006493 DataBlock
  ................ 00 00 00 00 00 00 00 00 00 00 00 00 00 00 00 00
006494-006504 T0Block "normal_t0"
006505-006632 DataBlock
  ................ 00 00 00 00 00 00 00 00 00 00 00 00 00 00 00 00
  ......Q......... 01 00 00 00 a0 b0 51 1b 00 00 00 00 00 00 00 00
  ................ 15 00 00 00 15 00 00 00 ff ff ff ff 00 00 00 00
  ................ 00 00 00 00 00 00 00 00 00 00 00 01 01 00 00 00
  ................ 00 00 00 00 00 00 00 00 00 00 00 00 00 00 00 00
  ................ 00 00 00 00 00 00 00 00 00 00 00 00 00 00 00 00
  ................ 00 00 00 c0 cd cd cd c0 cd cd cd 00 00 00 00 00
  ................ 00 00 00 00 00 00 00 00 00 00 00 00 00 00 00 00
006633-006654 StringBlock "grp_gw_slider_handle"
006655-006673 DataBlock
  ...............@ 00 00 00 00 00 00 00 00 00 00 00 00 00 00 00 40
  .Q.              b4 51 1b
006674-006684 StringBlock "list_clip"
006685-006748 DataBlock
  ................ 00 00 00 00 00 00 00 00 00 00 00 01 01 00 00 00
  ................ 00 01 01 00 00 00 01 00 00 00 00 00 00 00 00 00
  ................ 00 00 00 00 00 00 00 00 00 00 00 00 00 00 00 00
  ..............Q. 00 00 00 00 00 00 00 00 01 00 00 00 a0 b7 51 1b
006749-006758 NewStateBlock "NewState"
006759-006813 DataBlock
  ................ ea 00 00 00 b5 00 00 00 00 00 00 00 02 00 00 00
  ................ 00 00 00 00 00 00 00 00 01 00 00 00 01 00 00 00
  ................ 00 00 00 00 00 00 00 0a 00 00 00 02 00 00 00 01
  .......          00 00 00 dd da fa ff
006814-006836 StringBlock "Default Font Category"
006837-006860 DataBlock
  ................ 00 00 00 00 00 00 00 00 00 00 00 00 00 00 00 00
  ........         00 00 00 00 01 00 00 00
006861-006871 T0Block "normal_t0"
006872-006887 DataBlock
  ................ 00 00 00 00 00 00 00 00 00 00 00 00 00 00 00 00
006888-006898 T0Block "normal_t0"
006899-006942 DataBlock
  ................ 00 00 00 00 00 00 00 00 00 00 00 00 00 00 00 00
  ................ 00 00 00 00 00 00 00 00 00 00 00 00 00 00 00 00
  ............     00 00 00 00 00 00 00 00 01 00 00 00
006943-006949 StringBlock "scale"
006950-007015 DataBlock
  ................ 00 00 01 00 00 00 00 00 00 00 00 00 00 00 da 00
  ................ 00 00 f4 01 00 00 ff ff ff ff 00 00 00 00 00 00
  ................ 00 00 00 00 00 00 00 00 00 00 00 00 00 00 ff ff
  ................ ff ff ff ff ff ff c8 00 00 00 04 00 00 00 00 00
  .?               80 3f
007016-007023 StringBlock "Linear"
007024-007035 DataBlock
  ........`.Q.     00 00 00 00 01 00 00 00 60 ba 51 1b
007036-007045 StringBlock "list_box"
007046-007051 StringBlock "List"
007052-007113 DataBlock
  ................ 00 00 00 00 00 00 00 00 00 01 01 00 00 00 00 01
  ................ 00 00 00 00 01 00 00 00 00 08 00 00 00 00 00 00
  ................ 00 00 00 00 00 00 00 00 00 00 00 00 00 00 00 00
  ............Q.   00 00 00 00 00 00 01 00 00 00 c0 bd 51 1b
007114-007123 NewStateBlock "NewState"
007124-007178 DataBlock
  ................ ea 00 00 00 b5 00 00 00 00 00 00 00 02 00 00 00
  ................ 00 00 00 00 00 00 00 00 01 00 00 00 01 00 00 00
  ................ 00 00 00 00 00 00 00 0a 00 00 00 02 00 00 00 01
  .......          00 00 00 dd da fa ff
007179-007201 StringBlock "Default Font Category"
007202-007225 DataBlock
  ................ 00 00 00 00 00 00 00 00 00 00 00 00 00 00 00 00
  ........         00 00 00 00 01 00 00 00
007226-007236 T0Block "normal_t0"
007237-007252 DataBlock
  ................ 00 00 00 00 00 00 00 00 00 00 00 00 00 00 00 00
007253-007263 T0Block "normal_t0"
007264-007312 DataBlock
  ................ 00 00 00 00 00 00 00 00 00 00 00 00 00 00 00 00
  ................ 00 00 00 00 00 00 00 00 00 00 00 00 00 00 00 00
  ................ 00 00 00 00 00 00 00 00 00 00 00 00 00 00 00 00
  .                01
007313-007318 StringBlock "List"
007319-007379 DataBlock
  ......ZC........ 01 00 00 00 00 00 5a 43 00 00 00 00 00 00 00 00
  ................ 00 01 00 00 00 00 00 00 00 00 00 00 00 00 00 00
  ................ 00 00 00 00 00 00 00 00 00 00 00 00 00 00 00 00
  ...........Q.    00 00 00 00 00 00 00 00 00 e0 bf 51 1b
007380-007399 StringBlock "new_effects_window"
007400-007463 DataBlock
  ......n......... 00 00 07 00 00 00 6e 00 00 00 00 01 01 00 00 00
  ................ 00 00 00 00 00 00 01 00 00 00 00 02 00 00 00 00
  ...n............ 00 00 00 6e 00 00 00 00 00 00 00 00 00 00 00 00
  ............@.Q. 00 00 00 00 00 00 00 00 01 00 00 00 40 c3 51 1b
007464-007473 NewStateBlock "NewState"
007474-007510 DataBlock
  ................ f0 00 00 00 b3 00 00 00 00 00 00 00 02 00 00 00
  ................ 00 00 00 00 00 00 00 00 01 00 00 00 01 00 00 00
  .....            00 00 00 00 00
007511-007523 FontNameBlock "la_gioconda"
007524-007539 DataBlock
  ................ 0c 00 00 00 07 00 00 00 00 00 00 00 00 00 00 ff
007540-007558 StringBlock "ingame_text_small"
007559-007582 DataBlock
  ................ 00 00 00 00 00 00 00 00 00 00 00 00 00 00 00 00
  ........         00 00 00 00 00 00 00 00
007583-007593 T0Block "normal_t0"
007594-007609 DataBlock
  ................ 00 00 00 00 00 00 00 00 00 00 00 00 00 00 00 00
007610-007620 T0Block "normal_t0"
007621-007664 DataBlock
  ................ 00 00 00 00 00 00 00 00 00 00 00 00 00 00 00 00
  ................ 00 00 00 00 00 00 00 00 00 00 00 00 00 00 00 00
  ............     00 00 00 00 0c 00 00 00 01 00 00 00
007665-007671 StringBlock "scale"
007672-007737 DataBlock
  ................ 00 00 01 00 00 00 00 00 00 00 00 00 00 00 e8 00
  ..X............. 00 00 58 02 00 00 ff ff ff ff 00 00 00 00 00 00
  ................ 00 00 00 00 00 00 00 00 00 00 00 00 00 00 ff ff
  ................ ff ff ff ff ff ff c8 00 00 00 04 00 00 00 00 00
  .?               80 3f
007738-007745 StringBlock "Linear"
007746-007754 DataBlock
  .........        00 00 00 00 00 00 00 00 01
007755-007760 StringBlock "List"
007761-007808 DataBlock
  ......hC........ 01 00 00 00 00 00 68 43 00 00 00 00 03 00 00 00
  ................ 00 01 00 00 00 00 00 00 00 00 00 00 00 00 00 00
  ................ 00 00 00 00 00 00 00 00 00 00 00 00 00 00 00 00
