000000-000009 VersionBlock 86
000010-000013 RootIDBlock 815775936
000014-000019 StringBlock "root"
000020-000098 DataBlock
  ................ 00 00 00 00 00 00 00 00 00 00 00 01 01 00 00 00
  ................ 00 01 00 00 00 00 01 00 00 00 00 00 00 00 00 00
  ................ 00 00 00 00 00 00 00 00 00 00 00 00 01 00 00 00
  @..0............ 40 c4 9f 30 00 00 00 05 00 00 00 04 00 00 00 00
  ..............0  00 00 00 00 00 00 00 01 00 00 00 00 c5 9f 30
000099-000108 NewStateBlock "NewState"
000109-000145 DataBlock
  ................ 00 05 00 00 c0 03 00 00 00 00 00 00 02 00 00 00
  ................ 00 00 00 00 00 00 00 00 01 00 00 00 01 00 00 00
  .....            00 00 00 00 00
000146-000161 FontNameBlock "georgia_italic"
000162-000177 DataBlock
  ................ 0a 00 00 00 02 00 00 00 01 00 00 00 dd da fa ff
000178-000200 StringBlock "Default Font Category"
000201-000224 DataBlock
  ................ 00 00 00 00 00 00 00 00 00 00 00 00 00 00 00 00
  ........         00 00 00 00 01 00 00 00
000225-000235 T0Block "normal_t0"
000236-000251 DataBlock
  ................ 00 00 00 00 00 00 00 00 00 00 00 00 00 00 00 00
000252-000262 T0Block "normal_t0"
000263-000393 DataBlock
  ................ 00 00 00 00 00 00 00 00 00 00 00 00 00 00 00 00
  ....@..0........ 01 00 00 00 40 c4 9f 30 00 00 00 00 00 00 00 00
  ................ 00 05 00 00 00 04 00 00 bb ff be ff 00 00 00 00
  ................ 00 00 00 00 00 00 00 00 00 00 00 01 01 00 00 00
  ................ 00 00 00 00 00 00 00 00 00 00 00 00 00 00 00 00
  ................ 00 00 00 00 00 00 00 00 00 00 00 00 00 00 00 00
  ................ 00 00 00 00 00 00 00 00 00 00 00 00 00 00 00 00
  ................ 00 00 00 00 00 00 00 00 00 00 00 01 00 00 00 c0
  ..0              c7 9f 30
000394-000415 StringBlock "enemy_vassal_options"
000416-000435 StringBlock "EnemyVassalOptions"
000436-000481 DataBlock
  ................ af 01 00 00 04 01 00 00 00 00 00 00 00 00 00 01
  ................ 00 00 00 00 01 00 00 00 00 05 00 00 00 00 00 00
  ..............   00 00 00 00 00 00 00 00 00 00 04 00 00 00
000482-000585 ImageBlock id=815778624 xsize=64 ysize=64 path="t:/branches/rome2/crisis/rome2/working_data_rome2/ui/skins/3c/component_background.png" unknown=468533248
000586-000586 DataBlock
  %                25
000587-000673 ImagePathBlock "t:/branches/rome2/crisis/rome2/working_data_rome2/ui/skins/3c/background_gradient.png"
000674-000678 DataBlock
  r...W            72 00 00 00 57
000679-000792 ImageListBlock 1 elements:
  000683-000792 ImageBlock id=622586944 xsize=139 ysize=84 path="t:/branches/rome2/crisis/rome2/working_data_rome2/ui/skins/3c/background_gradient_bottom.png" unknown=3880452096
000793-000904 DataBlock
  %T.t:/branches/r 25 54 00 74 3a 2f 62 72 61 6e 63 68 65 73 2f 72
  ome2/crisis/rome 6f 6d 65 32 2f 63 72 69 73 69 73 2f 72 6f 6d 65
  2/working_data_r 32 2f 77 6f 72 6b 69 6e 67 5f 64 61 74 61 5f 72
  ome2/ui/skins/3c 6f 6d 65 32 2f 75 69 2f 73 6b 69 6e 73 2f 33 63
  /background_patt 2f 62 61 63 6b 67 72 6f 75 6e 64 5f 70 61 74 74
  ern.png......... 65 72 6e 2e 70 6e 67 ab 00 00 00 19 00 00 00 00
  ............@..3 00 00 00 00 00 00 00 00 01 00 00 00 40 a0 87 33
000905-000914 NewStateBlock "NewState"
000915-000951 DataBlock
  ................ a2 01 00 00 b9 01 00 00 00 00 00 00 02 00 00 00
  ................ 00 00 00 00 00 00 00 00 01 00 00 00 01 00 00 00
  .....            00 00 00 00 00
000952-000967 FontNameBlock "georgia_italic"
000968-000983 DataBlock
  ................ 0a 00 00 00 02 00 00 00 01 00 00 00 dd da fa ff
000984-001006 StringBlock "Default Font Category"
001007-001030 DataBlock
  ................ 00 00 00 00 00 00 00 00 00 00 00 00 00 00 00 00
  ........         00 00 00 00 01 00 00 00
001031-001041 T0Block "normal_t0"
001042-001057 DataBlock
  ................ 00 00 00 00 00 00 00 00 00 00 00 00 00 00 00 00
001058-001068 T0Block "normal_t0"
001069-001436 DataBlock
  ................ 00 00 00 00 00 00 00 00 00 00 00 00 00 00 00 00
  ....@..0........ 04 00 00 00 40 cb 9f 30 f8 ff ff ff f2 ff ff ff
  ................ b7 01 00 00 e7 01 00 00 ff ff ff ff 01 00 00 00
  ................ 00 00 00 00 00 00 00 00 00 00 00 01 01 00 00 00
  ................ 00 00 00 00 00 00 00 00 00 00 00 00 00 00 00 00
  ..............A. 00 00 00 00 00 00 00 00 00 00 00 00 00 d8 41 00
  ..A@..%......... 00 f0 41 40 ed 1b 25 00 00 00 00 00 00 00 00 a6
  ................ 01 00 00 d1 01 00 00 ff ff ff ff 00 00 00 00 00
  ................ 00 00 00 00 00 00 00 00 00 00 01 01 00 00 00 00
  ................ 00 00 00 00 00 00 00 00 00 00 00 00 00 00 00 00
  ................ 00 00 00 00 00 00 00 00 00 00 00 00 00 00 00 00
  ..@..%....o..... 00 00 40 ec 1b 25 01 00 00 00 6f 01 00 00 a4 01
  ..T............. 00 00 54 00 00 00 ff ff ff ff 01 00 00 00 00 00
  ................ 00 00 00 00 00 00 00 00 00 01 01 00 00 00 00 00
  ................ 00 00 00 00 00 00 00 00 00 00 00 00 00 00 00 00
  ................ 00 00 00 00 00 00 00 00 00 00 00 00 00 00 00 00
  ..K.%........... 00 00 4b e7 25 00 00 00 00 b9 01 00 00 a5 01 00
  ................ 00 19 00 00 00 ff ff ff c8 01 00 00 00 00 00 00
  ................ 00 00 00 00 00 00 00 00 01 01 00 00 00 00 00 00
  ................ 00 00 00 00 00 00 00 00 00 00 00 00 00 00 00 00
  ...........A.... 00 00 00 00 00 00 00 00 00 00 c8 41 00 00 00 00
  ................ 00 00 00 00 00 00 00 00 00 00 00 00 00 00 00 00
  2..............3 32 00 00 00 00 00 00 00 07 00 00 00 00 a3 87 33
001437-001449 StringBlock "title_frame"
001450-001513 DataBlock
  ................ 00 00 09 00 00 00 08 00 00 00 00 01 01 00 00 00
  ................ 00 01 00 00 00 00 01 00 00 00 00 02 00 00 00 00
  ................ 00 00 00 08 00 00 00 00 00 00 00 00 00 00 00 00
  ...............3 00 00 00 00 00 00 00 00 01 00 00 00 80 a6 87 33
001514-001523 NewStateBlock "NewState"
001524-001531 DataBlock
  ....M...         90 01 00 00 4d 00 00 00
001532-001587 UnicodeBlock "Enemy has become a satrapy!"
001588-001610 DataBlock
  ................ 00 00 04 00 00 00 04 00 00 00 00 00 00 00 00 00
  .......          00 00 01 00 00 00 01
001611-001684 UnicodeBlock "title_frame_AccessDenied_Text_73006c"
001685-001686 DataBlock
  ..               00 00
001687-001709 FontNameBlock "la_gioconda_uppercase"
001710-001725 DataBlock
  ................ 18 00 00 00 04 00 00 00 00 00 00 00 d7 f8 ff ff
001726-001742 StringBlock "fe_page_heading"
001743-001766 DataBlock
  ................ 00 00 00 00 00 00 00 00 00 00 00 00 00 00 00 00
  ........         00 00 00 00 01 00 00 00
001767-001777 T0Block "normal_t0"
001778-001793 DataBlock
  ................ 00 00 00 00 00 00 00 00 00 00 00 00 00 00 00 00
001794-001809 T0Block "drop_shadow_t0"
001810-001861 DataBlock
  .......?...@.... 00 00 00 00 00 00 80 3f 00 00 00 40 00 00 00 00
  ................ 00 00 00 00 00 00 00 00 00 00 00 00 00 00 00 00
  ....-........... 00 00 00 00 2d 00 00 00 00 00 00 00 01 00 00 00
  ...3             80 a8 87 33
001862-001869 StringBlock "h_line"
001870-001913 DataBlock
  ......5......... 00 00 09 00 00 00 35 00 00 00 00 01 00 00 00 00
  ................ 00 01 00 00 00 00 01 00 00 00 00 08 00 00 00 00
  ...........3     00 00 00 00 00 00 00 00 80 ac 87 33
001914-001962 ImageListBlock 1 elements:
  001918-001962 ImageBlock id=864529344 xsize=307 ysize=24 path="ui/skins/default/h_line.png" unknown=0
001963-002022 DataBlock
  ............3..N 00 00 00 00 00 01 00 00 00 80 ac 87 33 08 00 4e
  ewState~........ 65 77 53 74 61 74 65 7e 01 00 00 18 00 00 00 00
  ................ 00 00 00 04 00 00 00 00 00 00 00 00 00 00 00 01
  ............     00 00 00 01 00 00 00 00 00 00 00 00
002023-002038 FontNameBlock "georgia_italic"
002039-002054 DataBlock
  ................ 0a 00 00 00 02 00 00 00 01 00 00 00 dd da fa ff
002055-002077 StringBlock "Default Font Category"
002078-002101 DataBlock
  ................ 00 00 00 00 00 00 00 00 00 00 00 00 00 00 00 00
  ........         00 00 00 00 00 00 00 00
002102-002112 T0Block "normal_t0"
002113-002128 DataBlock
  ................ 00 00 00 00 00 00 00 00 00 00 00 00 00 00 00 00
002129-002139 T0Block "normal_t0"
002140-002288 DataBlock
  ................ 00 00 00 00 00 00 00 00 00 00 00 00 00 00 00 00
  .......3........ 01 00 00 00 c0 ab 87 33 00 00 00 00 00 00 00 00
  ~............... 7e 01 00 00 18 00 00 00 ff ff ff ff 00 00 00 00
  ................ 00 00 00 00 00 00 00 00 00 00 00 01 01 00 00 00
  ................ 00 00 00 00 00 00 00 00 00 00 00 00 00 00 00 00
  ..............B. 00 00 00 00 00 00 00 00 00 00 00 00 00 a0 42 00
  ................ 00 00 00 00 00 00 00 00 00 00 00 00 00 00 00 00
  ...<............ 00 00 00 3c 00 00 00 00 00 00 00 00 00 00 00 00
  ................ 00 00 00 00 00 00 00 00 00 00 00 00 00 00 00 00
  ....3            00 80 af 87 33
002289-002300 StringBlock "tx_satrapy"
002301-002364 DataBlock
  ......a......... 00 00 09 00 00 00 61 00 00 00 00 01 01 00 00 00
  ................ 00 01 00 00 00 00 01 00 00 00 00 00 00 00 00 00
  ...........3.... 00 00 00 00 00 00 00 00 00 b3 87 33 00 00 00 00
  ...............3 00 00 00 00 00 00 00 00 01 00 00 00 00 b3 87 33
002365-002374 NewStateBlock "NewState"
002375-002382 DataBlock
  ........         c8 00 00 00 18 00 00 00
002383-002400 UnicodeBlock "Satrapy:"
002401-002423 DataBlock
  ................ 00 00 03 00 00 00 04 00 00 00 00 00 00 00 02 00
  .......          00 00 01 00 00 00 01
002424-002487 UnicodeBlock "tx_satrapy_NewState_Text_59003f"
002488-002489 DataBlock
  ..               00 00
002490-002502 FontNameBlock "la_gioconda"
002503-002518 DataBlock
  ................ 0c 00 00 00 07 00 00 00 00 00 00 00 d7 f8 ff ff
002519-002527 StringBlock "fe_text"
002528-002551 DataBlock
  ................ 00 00 00 00 04 00 00 00 00 00 00 00 00 00 00 00
  ........         00 00 00 00 01 00 00 00
002552-002562 T0Block "normal_t0"
002563-002578 DataBlock
  ................ 00 00 00 00 00 00 00 00 00 00 00 00 00 00 00 00
002579-002589 T0Block "normal_t0"
002590-002641 DataBlock
  ................ 00 00 00 00 00 00 00 00 00 00 00 00 00 00 00 00
  ................ 00 00 00 00 00 00 00 00 00 00 00 00 00 00 00 00
  ....-........... 00 00 00 00 2d 00 00 00 00 00 00 00 01 00 00 00
  ...3             00 b5 87 33
002642-002653 StringBlock "dy_faction"
002654-002717 DataBlock
  ................ 00 00 e6 00 00 00 00 00 00 00 00 01 00 00 00 00
  ................ 00 01 00 00 00 00 01 00 00 00 00 06 00 00 00 c8
  ........@..3.... 00 00 00 00 00 00 00 00 40 b8 87 33 00 00 00 00
  ............@..3 00 00 00 00 00 00 00 00 01 00 00 00 40 b8 87 33
002718-002727 NewStateBlock "NewState"
002728-002735 DataBlock
  ........         aa 00 00 00 18 00 00 00
002736-002757 UnicodeBlock "dy_faction"
002758-002780 DataBlock
  ................ 00 00 02 00 00 00 04 00 00 00 00 00 00 00 02 00
  .......          00 00 01 00 00 00 00
002781-002844 UnicodeBlock "dy_faction_NewState_Text_7b0041"
002845-002846 DataBlock
  ..               00 00
002847-002859 FontNameBlock "la_gioconda"
002860-002875 DataBlock
  ................ 0c 00 00 00 07 00 00 00 00 00 00 00 d7 f8 ff ff
002876-002884 StringBlock "fe_text"
002885-002908 DataBlock
  ................ 04 00 00 00 00 00 00 00 00 00 00 00 00 00 00 00
  ........         00 00 00 00 01 00 00 00
002909-002919 T0Block "normal_t0"
002920-002935 DataBlock
  ................ 00 00 00 00 00 00 00 00 00 00 00 00 00 00 00 00
002936-002946 T0Block "normal_t0"
002947-002998 DataBlock
  ................ 00 00 00 00 00 00 00 00 00 00 00 00 00 00 00 00
  ................ 00 00 00 00 00 00 00 00 00 00 00 00 00 00 00 00
  ....-........... 00 00 00 00 2d 00 00 00 00 00 00 00 01 00 00 00
  .'.0             c0 27 9f 30
002999-003006 StringBlock "dy_mon"
003007-003050 DataBlock
  ................ 00 00 e8 ff ff ff 00 00 00 00 00 01 01 00 00 00
  ................ 00 01 00 00 00 00 01 00 00 00 00 04 00 00 00 e8
  .........+.0     ff ff ff 00 00 00 00 00 c0 2b 9f 30
003051-003099 ImageListBlock 1 elements:
  003055-003099 ImageBlock id=815737600 xsize=24 ysize=24 path="ui/skins/default/mon_24.png" unknown=0
003100-003159 DataBlock
  ..........+.0..N 00 00 00 00 00 01 00 00 00 c0 2b 9f 30 08 00 4e
  ewState......... 65 77 53 74 61 74 65 18 00 00 00 18 00 00 00 00
  ................ 00 00 00 02 00 00 00 00 00 00 00 00 00 00 00 01
  ............     00 00 00 01 00 00 00 00 00 00 00 00
003160-003175 FontNameBlock "georgia_italic"
003176-003191 DataBlock
  ................ 0a 00 00 00 02 00 00 00 01 00 00 00 dd da fa ff
003192-003214 StringBlock "Default Font Category"
003215-003238 DataBlock
  ................ 00 00 00 00 00 00 00 00 00 00 00 00 00 00 00 00
  ........         00 00 00 00 01 00 00 00
003239-003249 T0Block "normal_t0"
003250-003265 DataBlock
  ................ 00 00 00 00 00 00 00 00 00 00 00 00 00 00 00 00
003266-003276 T0Block "normal_t0"
003277-003434 DataBlock
  ................ 00 00 00 00 00 00 00 00 00 00 00 00 00 00 00 00
  .....+.0........ 01 00 00 00 00 2b 9f 30 00 00 00 00 00 00 00 00
  ................ 18 00 00 00 18 00 00 00 ff ff ff ff 00 00 00 00
  ................ 00 00 00 00 00 00 00 00 00 00 00 01 01 00 00 00
  ................ 00 00 00 00 00 00 00 00 00 00 00 00 00 00 00 00
  ................ 00 00 00 00 00 00 00 00 00 00 00 00 00 00 00 00
  ................ 00 00 00 00 00 00 00 00 00 00 00 00 00 00 00 00
  ...-............ 00 00 00 2d 00 00 00 00 00 00 00 00 00 00 00 00
  ................ 00 00 00 00 00 00 00 00 00 00 00 00 00 00 00 01
  .............0   00 00 00 00 00 00 00 00 00 00 c0 2e 9f 30
003435-003447 StringBlock "tx_overlord"
003448-003511 DataBlock
  ............... 00 00 09 00 00 00 7f 00 00 00 00 01 01 00 00 00
  ................ 00 01 00 00 00 00 01 00 00 00 00 00 00 00 00 00
  .........2.0.... 00 00 00 00 00 00 00 00 00 32 9f 30 00 00 00 00
  .............2.0 00 00 00 00 00 00 00 00 01 00 00 00 00 32 9f 30
003512-003521 NewStateBlock "NewState"
003522-003529 DataBlock
  ........         c8 00 00 00 18 00 00 00
003530-003549 UnicodeBlock "Overlord:"
003550-003572 DataBlock
  ................ 00 00 03 00 00 00 04 00 00 00 00 00 00 00 02 00
  .......          00 00 01 00 00 00 01
003573-003638 UnicodeBlock "_tx_overlord_NewState_Text_f000e"
003639-003640 DataBlock
  ..               00 00
003641-003653 FontNameBlock "la_gioconda"
003654-003669 DataBlock
  ................ 0c 00 00 00 07 00 00 00 00 00 00 00 d7 f8 ff ff
003670-003678 StringBlock "fe_text"
003679-003702 DataBlock
  ................ 00 00 00 00 04 00 00 00 00 00 00 00 00 00 00 00
  ........         00 00 00 00 01 00 00 00
003703-003713 T0Block "normal_t0"
003714-003729 DataBlock
  ................ 00 00 00 00 00 00 00 00 00 00 00 00 00 00 00 00
003730-003740 T0Block "normal_t0"
003741-003792 DataBlock
  ................ 00 00 00 00 00 00 00 00 00 00 00 00 00 00 00 00
  ................ 00 00 00 00 00 00 00 00 00 00 00 00 00 00 00 00
  ....-........... 00 00 00 00 2d 00 00 00 00 00 00 00 01 00 00 00
  @4.0             40 34 9f 30
003793-003804 StringBlock "dy_faction"
003805-003868 DataBlock
  ................ 00 00 e6 00 00 00 00 00 00 00 00 01 00 00 00 00
  ................ 00 01 00 00 00 00 01 00 00 00 00 06 00 00 00 c8
  .........7.0.... 00 00 00 00 00 00 00 00 80 37 9f 30 00 00 00 00
  .............7.0 00 00 00 00 00 00 00 00 01 00 00 00 80 37 9f 30
003869-003878 NewStateBlock "NewState"
003879-003886 DataBlock
  ........         aa 00 00 00 18 00 00 00
003887-003908 UnicodeBlock "dy_faction"
003909-003931 DataBlock
  ................ 00 00 02 00 00 00 04 00 00 00 00 00 00 00 02 00
  .......          00 00 01 00 00 00 00
003932-003995 UnicodeBlock "dy_faction_NewState_Text_7b0041"
003996-003997 DataBlock
  ..               00 00
003998-004010 FontNameBlock "la_gioconda"
004011-004026 DataBlock
  ................ 0c 00 00 00 07 00 00 00 00 00 00 00 d7 f8 ff ff
004027-004035 StringBlock "fe_text"
004036-004059 DataBlock
  ................ 04 00 00 00 00 00 00 00 00 00 00 00 00 00 00 00
  ........         00 00 00 00 01 00 00 00
004060-004070 T0Block "normal_t0"
004071-004086 DataBlock
  ................ 00 00 00 00 00 00 00 00 00 00 00 00 00 00 00 00
004087-004097 T0Block "normal_t0"
004098-004149 DataBlock
  ................ 00 00 00 00 00 00 00 00 00 00 00 00 00 00 00 00
  ................ 00 00 00 00 00 00 00 00 00 00 00 00 00 00 00 00
  ....-........... 00 00 00 00 2d 00 00 00 00 00 00 00 01 00 00 00
  .9.0             80 39 9f 30
004150-004157 StringBlock "dy_mon"
004158-004201 DataBlock
  ................ 00 00 e8 ff ff ff 00 00 00 00 00 01 01 00 00 00
  ................ 00 01 00 00 00 00 01 00 00 00 00 04 00 00 00 e8
  .........=.0     ff ff ff 00 00 00 00 00 c0 3d 9f 30
004202-004250 ImageListBlock 1 elements:
  004206-004250 ImageBlock id=815742208 xsize=24 ysize=24 path="ui/skins/default/mon_24.png" unknown=0
004251-004310 DataBlock
  ..........=.0..N 00 00 00 00 00 01 00 00 00 c0 3d 9f 30 08 00 4e
  ewState......... 65 77 53 74 61 74 65 18 00 00 00 18 00 00 00 00
  ................ 00 00 00 02 00 00 00 00 00 00 00 00 00 00 00 01
  ............     00 00 00 01 00 00 00 00 00 00 00 00
004311-004326 FontNameBlock "georgia_italic"
004327-004342 DataBlock
  ................ 0a 00 00 00 02 00 00 00 01 00 00 00 dd da fa ff
004343-004365 StringBlock "Default Font Category"
004366-004389 DataBlock
  ................ 00 00 00 00 00 00 00 00 00 00 00 00 00 00 00 00
  ........         00 00 00 00 01 00 00 00
004390-004400 T0Block "normal_t0"
004401-004416 DataBlock
  ................ 00 00 00 00 00 00 00 00 00 00 00 00 00 00 00 00
004417-004427 T0Block "normal_t0"
004428-004585 DataBlock
  ................ 00 00 00 00 00 00 00 00 00 00 00 00 00 00 00 00
  .....=.0........ 01 00 00 00 00 3d 9f 30 00 00 00 00 00 00 00 00
  ................ 18 00 00 00 18 00 00 00 ff ff ff ff 00 00 00 00
  ................ 00 00 00 00 00 00 00 00 00 00 00 01 01 00 00 00
  ................ 00 00 00 00 00 00 00 00 00 00 00 00 00 00 00 00
  ................ 00 00 00 00 00 00 00 00 00 00 00 00 00 00 00 00
  ................ 00 00 00 00 00 00 00 00 00 00 00 00 00 00 00 00
  ...-............ 00 00 00 2d 00 00 00 00 00 00 00 00 00 00 00 00
  ................ 00 00 00 00 00 00 00 00 00 00 00 00 00 00 00 01
  ...........@.0   00 00 00 00 00 00 00 00 00 00 80 40 9f 30
004586-004595 StringBlock "tx_descr"
004596-004659 DataBlock
  ................ 00 00 09 00 00 00 9f 00 00 00 00 01 01 00 00 00
  ................ 00 01 00 00 00 00 01 00 00 00 00 00 00 00 00 00
  ................ 00 00 00 00 00 00 00 00 00 00 00 00 00 00 00 00
  .............D.0 00 00 00 00 00 00 00 00 01 00 00 00 00 44 9f 30
004660-004669 NewStateBlock "NewState"
004670-004677 DataBlock
  ....j...         90 01 00 00 6a 00 00 00
004678-004955 UnicodeBlock "This enemy of your faction has become a satrapy. You must either make unconditional peace with them, or declare war on their new overlord."
004956-004978 DataBlock
  ................ 00 00 04 00 00 00 00 00 00 00 00 00 00 00 01 00
  .......          00 00 01 00 00 00 01
004979-005050 UnicodeBlock "dy_text_access_required_Text_51003d"
005051-005052 DataBlock
  ..               00 00
005053-005065 FontNameBlock "la_gioconda"
005066-005081 DataBlock
  ................ 0c 00 00 00 07 00 00 00 00 00 00 00 d7 f8 ff ff
005082-005090 StringBlock "fe_text"
005091-005114 DataBlock
  ................ 08 00 00 00 00 00 00 00 08 00 00 00 00 00 00 00
  ........         00 00 00 00 01 00 00 00
005115-005125 T0Block "normal_t0"
005126-005141 DataBlock
  ................ 00 00 00 00 00 00 00 00 00 00 00 00 00 00 00 00
005142-005152 T0Block "normal_t0"
005153-005213 DataBlock
  ................ 00 00 00 00 00 00 00 00 00 00 00 00 00 00 00 00
  ................ 00 00 00 00 00 00 00 00 00 00 00 00 00 00 00 00
  ....-........... 00 00 00 00 2d 00 00 00 00 00 00 00 00 00 00 00
  .........@G.0    00 00 00 00 00 00 00 00 00 40 47 9f 30
005214-005223 StringBlock "tx_power"
005224-005287 DataBlock
  ................ 00 00 09 00 00 00 0d 01 00 00 00 01 01 00 00 00
  ................ 00 01 00 00 00 00 01 00 00 00 00 05 00 00 00 00
  ...<.....J.0.... 00 00 00 3c 00 00 00 00 80 4a 9f 30 00 00 00 00
  .............J.0 00 00 00 00 00 00 00 00 01 00 00 00 80 4a 9f 30
005288-005297 NewStateBlock "NewState"
005298-005305 DataBlock
  ....(...         90 01 00 00 28 00 00 00
005306-005389 UnicodeBlock "Power relations between you and overlord:"
005390-005412 DataBlock
  ................ 00 00 04 00 00 00 04 00 00 00 00 00 00 00 00 00
  .......          00 00 01 00 00 00 01
005413-005472 UnicodeBlock "tx_power_NewState_Text_1f0056"
005473-005474 DataBlock
  ..               00 00
005475-005487 FontNameBlock "la_gioconda"
005488-005503 DataBlock
  ................ 0c 00 00 00 07 00 00 00 00 00 00 00 d7 f8 ff ff
005504-005512 StringBlock "fe_text"
005513-005536 DataBlock
  ................ 00 00 00 00 00 00 00 00 00 00 00 00 00 00 00 00
  ........         00 00 00 00 01 00 00 00
005537-005547 T0Block "normal_t0"
005548-005563 DataBlock
  ................ 00 00 00 00 00 00 00 00 00 00 00 00 00 00 00 00
005564-005574 T0Block "normal_t0"
005575-005626 DataBlock
  ................ 00 00 00 00 00 00 00 00 00 00 00 00 00 00 00 00
  ................ 00 00 00 00 00 00 00 00 00 00 00 00 00 00 00 00
  ....-........... 00 00 00 00 2d 00 00 00 00 00 00 00 01 00 00 00
  @.f3             40 c1 66 33
005627-005648 StringBlock "strength_balance_bar"
005649-005727 DataBlock
  ......(......... 00 00 9c 00 00 00 28 00 00 00 01 00 00 00 00 00
  ................ 00 01 01 00 00 00 01 00 00 00 00 05 00 00 00 00
  ..........f3.... 00 00 00 1a 00 00 00 00 80 c4 66 33 01 00 00 00
  .L.0..F......... 80 4c 9f 30 00 00 46 00 00 00 0a 00 00 00 00 00
  .............f3  00 00 00 00 00 00 00 01 00 00 00 80 c4 66 33
005728-005737 NewStateBlock "NewState"
005738-005774 DataBlock
  W............... 57 00 00 00 0b 00 00 00 00 00 00 00 02 00 00 00
  ................ 00 00 00 00 00 00 00 00 01 00 00 00 01 00 00 00
  .....            00 00 00 00 00
005775-005787 FontNameBlock "la_gioconda"
005788-005803 DataBlock
  ................ 0c 00 00 00 07 00 00 00 00 00 00 00 00 00 00 ff
005804-005822 StringBlock "ingame_text_small"
005823-005846 DataBlock
  ................ 00 00 00 00 00 00 00 00 00 00 00 00 00 00 00 00
  ........         00 00 00 00 01 00 00 00
005847-005857 T0Block "normal_t0"
005858-005873 DataBlock
  ................ 00 00 00 00 00 00 00 00 00 00 00 00 00 00 00 00
005874-005884 T0Block "normal_t0"
005885-006015 DataBlock
  ................ 00 00 00 00 00 00 00 00 00 00 00 00 00 00 00 00
  .....L.0........ 01 00 00 00 80 4c 9f 30 00 00 00 00 00 00 00 00
  W............... 57 00 00 00 0b 00 00 00 00 00 00 96 00 00 00 00
  ................ 00 00 00 00 00 00 00 00 00 00 00 01 01 00 00 00
  ................ 00 00 00 00 00 00 00 00 00 00 00 00 00 00 00 00
  ................ 00 00 00 00 00 00 00 00 00 00 00 00 00 00 00 00
  ................ 00 00 00 00 00 00 00 00 00 00 00 00 00 00 00 00
  ...-............ 00 00 00 2d 00 00 00 00 00 00 00 03 00 00 00 c0
  .f3              c6 66 33
006016-006022 StringBlock "enemy"
006023-006066 DataBlock
  ................ 00 00 00 00 00 00 00 00 00 00 00 01 00 00 00 00
  ................ 00 01 00 00 00 00 01 00 00 00 00 00 00 00 00 00
  ..........f3     00 00 00 00 00 00 00 00 00 ca 66 33
006067-006121 ImageListBlock 1 elements:
  006071-006121 ImageBlock id=815746624 xsize=40 ysize=10 path="ui/skins/default/stat_bar_red.png" unknown=0
006122-006181 DataBlock
  ...........f3..N 00 00 00 00 00 01 00 00 00 00 ca 66 33 08 00 4e
  ewStateW........ 65 77 53 74 61 74 65 57 00 00 00 0b 00 00 00 00
  ................ 00 00 00 02 00 00 00 00 00 00 00 00 00 00 00 01
  ............     00 00 00 01 00 00 00 00 00 00 00 00
006182-006194 FontNameBlock "la_gioconda"
006195-006210 DataBlock
  ................ 0c 00 00 00 07 00 00 00 00 00 00 00 00 00 00 ff
006211-006229 StringBlock "ingame_text_small"
006230-006253 DataBlock
  ................ 00 00 00 00 00 00 00 00 00 00 00 00 00 00 00 00
  ........         00 00 00 00 01 00 00 00
006254-006264 T0Block "normal_t0"
006265-006280 DataBlock
  ................ 00 00 00 00 00 00 00 00 00 00 00 00 00 00 00 00
006281-006291 T0Block "normal_t0"
006292-006431 DataBlock
  ................ 00 00 00 00 00 00 00 00 00 00 00 00 00 00 00 00
  ....@N.0........ 01 00 00 00 40 4e 9f 30 00 00 00 00 00 00 00 00
  W............... 57 00 00 00 0a 00 00 00 ff ff ff ff 00 00 00 00
  ................ 00 00 00 00 00 00 00 00 00 00 00 01 00 00 00 00
  ................ 00 00 00 00 00 00 00 00 00 00 00 00 00 00 00 00
  ................ 00 00 00 00 00 00 00 00 00 00 00 00 00 00 00 00
  ................ 00 00 00 00 00 00 00 00 00 00 00 00 00 00 00 00
  ...-............ 00 00 00 2d 00 00 00 00 00 00 00 00 00 00 00 00
  ..........f3     00 00 00 00 00 00 00 00 00 cd 66 33
006432-006439 StringBlock "player"
006440-006483 DataBlock
  ................ 00 00 00 00 00 00 00 00 00 00 00 01 00 00 00 00
  ................ 00 01 00 00 00 00 01 00 00 00 00 00 00 00 00 00
  ..........f3     00 00 00 00 00 00 00 00 00 d1 66 33
006484-006541 ImageListBlock 1 elements:
  006488-006541 ImageBlock id=862376000 xsize=40 ysize=10 path="ui/skins/default/stat_bar_yellow.png" unknown=0
006542-006601 DataBlock
  ...........f3..N 00 00 00 00 00 01 00 00 00 00 d1 66 33 08 00 4e
  ewState,........ 65 77 53 74 61 74 65 2c 00 00 00 0b 00 00 00 00
  ................ 00 00 00 02 00 00 00 00 00 00 00 00 00 00 00 01
  ............     00 00 00 01 00 00 00 00 00 00 00 00
006602-006617 FontNameBlock "georgia_italic"
006618-006633 DataBlock
  ................ 0a 00 00 00 02 00 00 00 01 00 00 00 dd da fa ff
006634-006656 StringBlock "Default Font Category"
006657-006680 DataBlock
  ................ 00 00 00 00 00 00 00 00 00 00 00 00 00 00 00 00
  ........         00 00 00 00 01 00 00 00
006681-006691 T0Block "normal_t0"
006692-006707 DataBlock
  ................ 00 00 00 00 00 00 00 00 00 00 00 00 00 00 00 00
006708-006718 T0Block "normal_t0"
006719-006858 DataBlock
  ................ 00 00 00 00 00 00 00 00 00 00 00 00 00 00 00 00
  ....@.f3........ 01 00 00 00 40 d0 66 33 00 00 00 00 00 00 00 00
  ,............... 2c 00 00 00 0b 00 00 00 ff ff ff ff 00 00 00 00
  ................ 00 00 00 00 00 00 00 00 00 00 00 01 01 00 00 00
  ................ 00 00 00 00 00 00 00 00 00 00 00 00 00 00 00 00
  ................ 00 00 00 00 00 00 00 00 00 00 00 00 00 00 00 00
  ................ 00 00 00 00 00 00 00 00 00 00 00 00 00 00 00 00
  ...-............ 00 00 00 2d 00 00 00 00 00 00 00 00 00 00 00 00
  ..........f3     00 00 00 00 00 00 00 00 00 d4 66 33
006859-006865 StringBlock "frame"
006866-006888 DataBlock
  ................ 00 00 00 00 00 00 00 00 00 00 00 01 00 00 00 00
  .......          00 01 00 00 00 00 01
006889-007096 UnicodeBlock "Balance of power||This power bar shows how strong you (yellow) are relative to the other faction (red)."
007097-007138 UnicodeBlock "frame_Tooltip_2c0048"
007139-007155 DataBlock
  ...............f 00 00 00 00 00 00 00 00 00 00 00 00 00 00 d8 66
  3                33
007156-007211 ImageListBlock 1 elements:
  007160-007211 ImageBlock id=862377792 xsize=64 ysize=64 path="ui/skins/default/fe_frame_glow.png" unknown=0
007212-007271 DataBlock
  ...........f3..N 00 00 00 00 00 01 00 00 00 00 d8 66 33 08 00 4e
  ewStateW........ 65 77 53 74 61 74 65 57 00 00 00 0b 00 00 00 00
  ................ 00 00 00 02 00 00 00 00 00 00 00 00 00 00 00 01
  ............     00 00 00 01 00 00 00 00 00 00 00 00
007272-007287 FontNameBlock "georgia_italic"
007288-007303 DataBlock
  ................ 0a 00 00 00 02 00 00 00 01 00 00 00 dd da fa ff
007304-007326 StringBlock "Default Font Category"
007327-007350 DataBlock
  ................ 00 00 00 00 00 00 00 00 00 00 00 00 00 00 00 00
  ........         00 00 00 00 01 00 00 00
007351-007361 T0Block "normal_t0"
007362-007377 DataBlock
  ................ 00 00 00 00 00 00 00 00 00 00 00 00 00 00 00 00
007378-007388 T0Block "normal_t0"
007389-007546 DataBlock
  ................ 00 00 00 00 00 00 00 00 00 00 00 00 00 00 00 00
  ....@.f3........ 01 00 00 00 40 d7 66 33 00 00 00 00 00 00 00 00
  W............... 57 00 00 00 0b 00 00 00 ff ff ff ff 00 00 00 05
  ................ 00 00 00 00 00 00 00 00 00 00 00 01 01 00 00 00
  ................ 00 00 00 00 00 00 00 00 00 00 00 00 00 00 00 00
  ..............@. 00 00 00 00 00 00 00 00 00 00 00 00 00 80 40 00
  ..@............. 00 80 40 00 00 00 00 00 00 00 00 00 00 00 00 00
  ...-............ 00 00 00 2d 00 00 00 00 00 00 00 00 00 00 00 00
  ................ 00 00 00 00 00 00 00 00 00 00 00 00 00 00 00 00
  ............f3   00 00 00 00 00 00 00 00 01 00 c0 db 66 33
007547-007560 StringBlock "options_bar1"
007561-007572 StringBlock "TextButton"
007573-007618 DataBlock
  ....K........... 13 00 00 00 4b 01 00 00 00 00 00 00 00 00 00 01
  ................ 00 00 00 00 01 00 00 00 00 08 00 00 00 00 00 00
  ......@.f3....   00 ba ff ff ff 00 40 e7 66 33 03 00 00 00
007619-007680 ImageBlock id=862379840 xsize=128 ysize=128 path="ui/skins/default/ee_frontend_button_idle.png" unknown=1725956096
007681-007681 DataBlock
  3                33
007682-007727 ImagePathBlock "ui/skins/default/ee_frontend_button_idle.png"
007728-007736 DataBlock
  .........        80 00 00 00 80 00 00 00 00
007737-007799 ImageBlock id=862380224 xsize=64 ysize=64 path="ui/skins/default/ee_frontend_button_hover.png" unknown=0
007800-007812 DataBlock
  ...........f3    00 00 00 00 00 05 00 00 00 80 e1 66 33
007813-007819 StringBlock "hover"
007820-007856 DataBlock
  |...(........... 7c 01 00 00 28 00 00 00 00 00 00 00 02 00 00 00
  ................ 00 00 00 00 00 00 00 00 01 00 00 00 01 00 00 00
  .....            00 00 00 00 00
007857-007872 FontNameBlock "georgia_italic"
007873-007888 DataBlock
  ................ 0a 00 00 00 02 00 00 00 01 00 00 00 dd da fa ff
007889-007911 StringBlock "Default Font Category"
007912-007935 DataBlock
  ................ 00 00 00 00 00 00 00 00 00 00 00 00 00 00 00 00
  ........         00 00 00 00 01 00 00 00
007936-007948 T0Block "brighten_t0"
007949-007964 DataBlock
  ...>............ 9a 99 99 3e 00 00 00 00 00 00 00 00 00 00 00 00
007965-007975 T0Block "normal_t0"
007976-008130 DataBlock
  ................ 00 00 00 00 00 00 00 00 00 00 00 00 00 00 00 00
  ......f3........ 01 00 00 00 c0 e0 66 33 00 00 00 00 00 00 00 00
  |...(........... 7c 01 00 00 28 00 00 00 ff ff ff ff 00 00 00 00
  ................ 00 00 00 00 00 00 00 00 00 00 00 01 01 00 00 00
  ................ 00 00 00 00 00 00 00 00 00 00 00 00 00 00 00 00
  ..............@. 00 00 00 00 00 00 00 00 00 00 00 00 00 e0 40 00
  ..@............. 00 e0 40 d5 00 00 00 11 00 00 00 02 00 00 00 01
  ...@.f3......... 00 00 00 40 e7 66 33 00 00 00 00 00 00 00 00 00
  .......@.f3..... 00 00 00 02 00 00 00 40 ea 66 33 00 00 00 00 00
  .........f3      00 00 00 00 00 00 00 80 e4 66 33
008131-008140 StringBlock "inactive"
008141-008177 DataBlock
  |...(........... 7c 01 00 00 28 00 00 00 00 00 00 00 02 00 00 00
  ................ 00 00 00 00 00 00 00 00 01 00 00 00 01 00 00 00
  .....            00 00 00 00 00
008178-008193 FontNameBlock "georgia_italic"
008194-008209 DataBlock
  ................ 0a 00 00 00 02 00 00 00 01 00 00 00 dd da fa ff
008210-008232 StringBlock "Default Font Category"
008233-008256 DataBlock
  ................ 00 00 00 00 00 00 00 00 00 00 00 00 00 00 00 00
  ........         00 00 00 00 01 01 00 00
008257-008267 T0Block "normal_t0"
008268-008283 DataBlock
  ................ 00 00 00 00 00 00 00 00 00 00 00 00 00 00 00 00
008284-008294 T0Block "normal_t0"
008295-008409 DataBlock
  ................ 00 00 00 00 00 00 00 00 00 00 00 00 00 00 00 00
  ......f3........ 01 00 00 00 00 e0 66 33 00 00 00 00 00 00 00 00
  |...(......d.... 7c 01 00 00 28 00 00 00 ff ff ff 64 00 00 00 00
  ................ 00 00 00 00 00 00 00 00 00 00 00 01 01 00 00 00
  ................ 00 00 00 00 00 00 00 00 00 00 00 00 00 00 00 00
  ..............@. 00 00 00 00 00 00 00 00 00 00 00 00 00 e0 40 00
  ..@............@ 00 e0 40 00 00 00 00 00 00 00 00 00 00 00 00 40
  .f3              e7 66 33
008410-008417 StringBlock "active"
008418-008454 DataBlock
  |...(........... 7c 01 00 00 28 00 00 00 00 00 00 00 00 00 00 00
  ................ 02 00 00 00 00 00 00 00 01 00 00 00 01 00 00 00
  .....            00 00 00 00 00
008455-008470 FontNameBlock "georgia_italic"
008471-008486 DataBlock
  ................ 0a 00 00 00 02 00 00 00 01 00 00 00 dd da fa ff
008487-008509 StringBlock "Default Font Category"
008510-008533 DataBlock
  ................ 00 00 00 00 00 00 00 00 00 00 00 00 00 00 00 00
  ........         00 00 00 00 01 00 00 00
008534-008544 T0Block "normal_t0"
008545-008560 DataBlock
  ................ 00 00 00 00 00 00 00 00 00 00 00 00 00 00 00 00
008561-008571 T0Block "normal_t0"
008572-008726 DataBlock
  ................ 00 00 00 00 00 00 00 00 00 00 00 00 00 00 00 00
  ....@.f3........ 01 00 00 00 40 df 66 33 00 00 00 00 00 00 00 00
  |...(........... 7c 01 00 00 28 00 00 00 ff ff ff ff 00 00 00 00
  ................ 00 00 00 00 00 00 00 00 00 00 00 01 01 00 00 00
  ................ 00 00 00 00 00 00 00 00 00 00 00 00 00 00 00 00
  ..............@. 00 00 00 00 00 00 00 00 00 00 00 00 00 e0 40 00
  ..@5............ 00 e0 40 35 00 00 00 95 00 00 00 02 00 00 00 00
  .....f3......... 00 00 00 80 e1 66 33 00 00 00 00 00 00 00 00 00
  .......@.f3..... 00 00 00 02 00 00 00 40 ea 66 33 00 00 00 00 00
  .......@.f3      00 00 00 00 00 00 00 40 ea 66 33
008727-008732 StringBlock "down"
008733-008769 DataBlock
  |...(........... 7c 01 00 00 28 00 00 00 00 00 00 00 00 00 00 00
  ................ 02 00 00 00 00 00 00 00 01 00 00 00 01 00 00 00
  .....            00 00 00 00 00
008770-008785 FontNameBlock "georgia_italic"
008786-008801 DataBlock
  ................ 0a 00 00 00 02 00 00 00 01 00 00 00 dd da fa ff
008802-008824 StringBlock "Default Font Category"
008825-008848 DataBlock
  ................ 00 00 00 00 00 00 00 00 00 00 00 00 00 00 00 00
  ........         00 00 00 00 01 00 00 00
008849-008861 T0Block "brighten_t0"
008862-008877 DataBlock
  ...>............ 9a 99 99 3e 00 00 00 00 00 00 00 00 00 00 00 00
008878-008888 T0Block "normal_t0"
008889-009043 DataBlock
  ................ 00 00 00 00 00 00 00 00 00 00 00 00 00 00 00 00
  ....@.f3........ 01 00 00 00 40 df 66 33 00 00 00 00 01 00 00 00
  |...(........... 7c 01 00 00 28 00 00 00 ff ff ff ff 00 00 00 00
  ................ 00 00 00 00 00 00 00 00 00 00 00 01 01 00 00 00
  ................ 00 00 00 00 00 00 00 00 00 00 00 00 00 00 00 00
  ..............@. 00 00 00 00 00 00 00 00 00 00 00 00 00 e0 40 00
  ..@h............ 00 e0 40 68 01 00 00 93 00 00 00 02 00 00 00 01
  .....f3......... 00 00 00 00 ed 66 33 00 00 00 00 00 00 00 00 00
  .........f3..... 00 00 00 03 00 00 00 80 e1 66 33 00 00 00 00 00
  .........f3      00 00 00 00 00 00 00 00 ed 66 33
009044-009053 StringBlock "down_off"
009054-009090 DataBlock
  |...(........... 7c 01 00 00 28 00 00 00 00 00 00 00 02 00 00 00
  ................ 00 00 00 00 00 00 00 00 01 00 00 00 01 00 00 00
  .....            00 00 00 00 00
009091-009106 FontNameBlock "georgia_italic"
009107-009122 DataBlock
  ................ 0a 00 00 00 02 00 00 00 01 00 00 00 dd da fa ff
009123-009145 StringBlock "Default Font Category"
009146-009169 DataBlock
  ................ 00 00 00 00 00 00 00 00 00 00 00 00 00 00 00 00
  ........         00 00 00 00 01 00 00 00
009170-009180 T0Block "normal_t0"
009181-009196 DataBlock
  ................ 00 00 00 00 00 00 00 00 00 00 00 00 00 00 00 00
009197-009207 T0Block "normal_t0"
009208-009378 DataBlock
  ................ 00 00 00 00 00 00 00 00 00 00 00 00 00 00 00 00
  ....@.f3........ 01 00 00 00 40 df 66 33 00 00 00 00 01 00 00 00
  |...(........... 7c 01 00 00 28 00 00 00 ff ff ff ff 00 00 00 00
  ................ 00 00 00 00 00 00 00 00 00 00 00 01 01 00 00 00
  ................ 00 00 00 00 00 00 00 00 00 00 00 00 00 00 00 00
  ..............@. 00 00 00 00 00 00 00 00 00 00 00 00 00 e0 40 00
  ..@............. 00 e0 40 de 00 00 00 0b 01 00 00 02 00 00 00 00
  ...@.f3......... 00 00 00 40 ea 66 33 00 00 00 00 00 00 00 00 00
  .......@.f3..... 00 00 00 08 00 00 00 40 e7 66 33 00 00 00 00 00
  ................ 00 00 00 00 00 00 00 00 00 00 00 2e 00 00 00 00
  .........f3      00 00 00 01 00 00 00 00 f0 66 33
009379-009390 StringBlock "button_txt"
009391-009454 DataBlock
  ................ 00 00 00 00 00 00 00 00 00 00 00 01 01 00 00 00
  ................ 00 01 00 00 00 00 01 00 00 00 00 00 00 00 00 00
  ................ 00 00 00 00 00 00 00 00 00 00 00 00 00 00 00 00
  ..............f3 00 00 00 00 00 00 00 00 01 00 00 00 80 f3 66 33
009455-009464 NewStateBlock "NewState"
009465-009472 DataBlock
  |...(...         7c 01 00 00 28 00 00 00
009473-009528 UnicodeBlock "Declare war on the overlord"
009529-009551 DataBlock
  ................ 00 00 04 00 00 00 04 00 00 00 00 00 00 00 02 00
  .......          00 00 01 00 00 00 01
009552-009617 UnicodeBlock "button_txt_NewState_Text_7f002ee"
009618-009619 DataBlock
  ..               00 00
009620-009642 FontNameBlock "la_gioconda_uppercase"
009643-009658 DataBlock
  ................ 10 00 00 00 04 00 00 00 00 00 00 00 d7 f8 ff ff
009659-009680 StringBlock "fe_paragraph_heading"
009681-009704 DataBlock
  ................ 00 00 00 00 00 00 00 00 00 00 00 00 00 00 00 00
  ........         00 00 00 00 00 00 00 00
009705-009715 T0Block "normal_t0"
009716-009731 DataBlock
  ................ 00 00 00 00 00 00 00 00 00 00 00 00 00 00 00 00
009732-009742 T0Block "normal_t0"
009743-009800 DataBlock
  ................ 00 00 00 00 00 00 00 00 00 00 00 00 00 00 00 00
  ................ 00 00 00 00 00 00 00 00 00 00 00 00 00 00 00 00
  ....-........... 00 00 00 00 2d 00 00 00 00 00 00 00 00 00 00 00
  ..........       00 00 00 00 00 00 00 00 00 00
009801-009823 StringBlock "grp_gw_generic_button"
009824-009833 DataBlock
  ........f3       00 00 00 00 00 00 80 f5 66 33
009834-009847 StringBlock "options_bar2"
009848-009859 StringBlock "TextButton"
009860-009905 DataBlock
  ....}........... 13 00 00 00 7d 01 00 00 00 00 00 00 00 00 00 01
  ................ 00 00 00 00 01 00 00 00 00 08 00 00 00 00 00 00
  ......@.......   00 ec ff ff ff 00 40 c3 10 2e 03 00 00 00
009906-009967 ImageBlock id=862386368 xsize=128 ysize=128 path="ui/skins/default/ee_frontend_button_idle.png" unknown=1727627264
009968-009968 DataBlock
  3                33
009969-010014 ImagePathBlock "ui/skins/default/ee_frontend_button_idle.png"
010015-010023 DataBlock
  .........        80 00 00 00 80 00 00 00 00
010024-010086 ImageBlock id=862386752 xsize=64 ysize=64 path="ui/skins/default/ee_frontend_button_hover.png" unknown=0
010087-010099 DataBlock
  ...........f3    00 00 00 00 00 05 00 00 00 00 fb 66 33
010100-010106 StringBlock "hover"
010107-010143 DataBlock
  |...(........... 7c 01 00 00 28 00 00 00 00 00 00 00 02 00 00 00
  ................ 00 00 00 00 00 00 00 00 01 00 00 00 01 00 00 00
  .....            00 00 00 00 00
010144-010159 FontNameBlock "georgia_italic"
010160-010175 DataBlock
  ................ 0a 00 00 00 02 00 00 00 01 00 00 00 dd da fa ff
010176-010198 StringBlock "Default Font Category"
010199-010222 DataBlock
  ................ 00 00 00 00 00 00 00 00 00 00 00 00 00 00 00 00
  ........         00 00 00 00 01 00 00 00
010223-010235 T0Block "brighten_t0"
010236-010251 DataBlock
  ...>............ 9a 99 99 3e 00 00 00 00 00 00 00 00 00 00 00 00
010252-010262 T0Block "normal_t0"
010263-010417 DataBlock
  ................ 00 00 00 00 00 00 00 00 00 00 00 00 00 00 00 00
  ....@.f3........ 01 00 00 00 40 fa 66 33 00 00 00 00 00 00 00 00
  |...(........... 7c 01 00 00 28 00 00 00 ff ff ff ff 00 00 00 00
  ................ 00 00 00 00 00 00 00 00 00 00 00 01 01 00 00 00
  ................ 00 00 00 00 00 00 00 00 00 00 00 00 00 00 00 00
  ..............@. 00 00 00 00 00 00 00 00 00 00 00 00 00 e0 40 00
  ..@............. 00 e0 40 d5 00 00 00 11 00 00 00 02 00 00 00 01
  ...@............ 00 00 00 40 c3 10 2e 00 00 00 00 00 00 00 00 00
  .......@........ 00 00 00 02 00 00 00 40 c5 10 2e 00 00 00 00 00
  ...........      00 00 00 00 00 00 00 00 c1 10 2e
010418-010427 StringBlock "inactive"
010428-010464 DataBlock
  |...(........... 7c 01 00 00 28 00 00 00 00 00 00 00 02 00 00 00
  ................ 00 00 00 00 00 00 00 00 01 00 00 00 01 00 00 00
  .....            00 00 00 00 00
010465-010480 FontNameBlock "georgia_italic"
010481-010496 DataBlock
  ................ 0a 00 00 00 02 00 00 00 01 00 00 00 dd da fa ff
010497-010519 StringBlock "Default Font Category"
010520-010543 DataBlock
  ................ 00 00 00 00 00 00 00 00 00 00 00 00 00 00 00 00
  ........         00 00 00 00 01 01 00 00
010544-010554 T0Block "normal_t0"
010555-010570 DataBlock
  ................ 00 00 00 00 00 00 00 00 00 00 00 00 00 00 00 00
010571-010581 T0Block "normal_t0"
010582-010696 DataBlock
  ................ 00 00 00 00 00 00 00 00 00 00 00 00 00 00 00 00
  ......f3........ 01 00 00 00 80 f9 66 33 00 00 00 00 00 00 00 00
  |...(......d.... 7c 01 00 00 28 00 00 00 ff ff ff 64 00 00 00 00
  ................ 00 00 00 00 00 00 00 00 00 00 00 01 01 00 00 00
  ................ 00 00 00 00 00 00 00 00 00 00 00 00 00 00 00 00
  ..............@. 00 00 00 00 00 00 00 00 00 00 00 00 00 e0 40 00
  ..@............@ 00 e0 40 00 00 00 00 00 00 00 00 00 00 00 00 40
  ...              c3 10 2e
010697-010704 StringBlock "active"
010705-010741 DataBlock
  |...(........... 7c 01 00 00 28 00 00 00 00 00 00 00 00 00 00 00
  ................ 02 00 00 00 00 00 00 00 01 00 00 00 01 00 00 00
  .....            00 00 00 00 00
010742-010757 FontNameBlock "georgia_italic"
010758-010773 DataBlock
  ................ 0a 00 00 00 02 00 00 00 01 00 00 00 dd da fa ff
010774-010796 StringBlock "Default Font Category"
010797-010820 DataBlock
  ................ 00 00 00 00 00 00 00 00 00 00 00 00 00 00 00 00
  ........         00 00 00 00 01 00 00 00
010821-010831 T0Block "normal_t0"
010832-010847 DataBlock
  ................ 00 00 00 00 00 00 00 00 00 00 00 00 00 00 00 00
010848-010858 T0Block "normal_t0"
010859-011013 DataBlock
  ................ 00 00 00 00 00 00 00 00 00 00 00 00 00 00 00 00
  ......f3........ 01 00 00 00 c0 f8 66 33 00 00 00 00 00 00 00 00
  |...(........... 7c 01 00 00 28 00 00 00 ff ff ff ff 00 00 00 00
  ................ 00 00 00 00 00 00 00 00 00 00 00 01 01 00 00 00
  ................ 00 00 00 00 00 00 00 00 00 00 00 00 00 00 00 00
  ..............@. 00 00 00 00 00 00 00 00 00 00 00 00 00 e0 40 00
  ..@5............ 00 e0 40 35 00 00 00 95 00 00 00 02 00 00 00 00
  .....f3......... 00 00 00 00 fb 66 33 00 00 00 00 00 00 00 00 00
  .......@........ 00 00 00 02 00 00 00 40 c5 10 2e 00 00 00 00 00
  .......@...      00 00 00 00 00 00 00 40 c5 10 2e
011014-011019 StringBlock "down"
011020-011056 DataBlock
  |...(........... 7c 01 00 00 28 00 00 00 00 00 00 00 00 00 00 00
  ................ 02 00 00 00 00 00 00 00 01 00 00 00 01 00 00 00
  .....            00 00 00 00 00
011057-011072 FontNameBlock "georgia_italic"
011073-011088 DataBlock
  ................ 0a 00 00 00 02 00 00 00 01 00 00 00 dd da fa ff
011089-011111 StringBlock "Default Font Category"
011112-011135 DataBlock
  ................ 00 00 00 00 00 00 00 00 00 00 00 00 00 00 00 00
  ........         00 00 00 00 01 00 00 00
011136-011148 T0Block "brighten_t0"
011149-011164 DataBlock
  ...>............ 9a 99 99 3e 00 00 00 00 00 00 00 00 00 00 00 00
011165-011175 T0Block "normal_t0"
011176-011330 DataBlock
  ................ 00 00 00 00 00 00 00 00 00 00 00 00 00 00 00 00
  ......f3........ 01 00 00 00 c0 f8 66 33 00 00 00 00 01 00 00 00
  |...(........... 7c 01 00 00 28 00 00 00 ff ff ff ff 00 00 00 00
  ................ 00 00 00 00 00 00 00 00 00 00 00 01 01 00 00 00
  ................ 00 00 00 00 00 00 00 00 00 00 00 00 00 00 00 00
  ..............@. 00 00 00 00 00 00 00 00 00 00 00 00 00 e0 40 00
  ..@h............ 00 e0 40 68 01 00 00 93 00 00 00 02 00 00 00 01
  ................ 00 00 00 00 c8 10 2e 00 00 00 00 00 00 00 00 00
  .........f3..... 00 00 00 03 00 00 00 00 fb 66 33 00 00 00 00 00
  ...........      00 00 00 00 00 00 00 00 c8 10 2e
011331-011340 StringBlock "down_off"
011341-011377 DataBlock
  |...(........... 7c 01 00 00 28 00 00 00 00 00 00 00 02 00 00 00
  ................ 00 00 00 00 00 00 00 00 01 00 00 00 01 00 00 00
  .....            00 00 00 00 00
011378-011393 FontNameBlock "georgia_italic"
011394-011409 DataBlock
  ................ 0a 00 00 00 02 00 00 00 01 00 00 00 dd da fa ff
011410-011432 StringBlock "Default Font Category"
011433-011456 DataBlock
  ................ 00 00 00 00 00 00 00 00 00 00 00 00 00 00 00 00
  ........         00 00 00 00 01 00 00 00
011457-011467 T0Block "normal_t0"
011468-011483 DataBlock
  ................ 00 00 00 00 00 00 00 00 00 00 00 00 00 00 00 00
011484-011494 T0Block "normal_t0"
011495-011665 DataBlock
  ................ 00 00 00 00 00 00 00 00 00 00 00 00 00 00 00 00
  ......f3........ 01 00 00 00 c0 f8 66 33 00 00 00 00 01 00 00 00
  |...(........... 7c 01 00 00 28 00 00 00 ff ff ff ff 00 00 00 00
  ................ 00 00 00 00 00 00 00 00 00 00 00 01 01 00 00 00
  ................ 00 00 00 00 00 00 00 00 00 00 00 00 00 00 00 00
  ..............@. 00 00 00 00 00 00 00 00 00 00 00 00 00 e0 40 00
  ..@............. 00 e0 40 de 00 00 00 0b 01 00 00 02 00 00 00 00
  ...@............ 00 00 00 40 c5 10 2e 00 00 00 00 00 00 00 00 00
  .......@........ 00 00 00 08 00 00 00 40 c3 10 2e 00 00 00 00 00
  ................ 00 00 00 00 00 00 00 00 00 00 00 2e 00 00 00 00
  ...........      00 00 00 01 00 00 00 00 cb 10 2e
011666-011677 StringBlock "button_txt"
011678-011741 DataBlock
  ................ 00 00 00 00 00 00 00 00 00 00 00 01 01 00 00 00
  ................ 00 01 00 00 00 00 01 00 00 00 00 00 00 00 00 00
  ................ 00 00 00 00 00 00 00 00 00 00 00 00 00 00 00 00
  ................ 00 00 00 00 00 00 00 00 01 00 00 00 80 ce 10 2e
011742-011751 NewStateBlock "NewState"
011752-011759 DataBlock
  |...(...         7c 01 00 00 28 00 00 00
011760-011815 UnicodeBlock "Make peace with the satrapy"
011816-011838 DataBlock
  ................ 00 00 04 00 00 00 04 00 00 00 00 00 00 00 02 00
  .......          00 00 01 00 00 00 01
011839-011904 UnicodeBlock "button_txt_NewState_Text_78002fk"
011905-011906 DataBlock
  ..               00 00
011907-011929 FontNameBlock "la_gioconda_uppercase"
011930-011945 DataBlock
  ................ 10 00 00 00 04 00 00 00 00 00 00 00 d7 f8 ff ff
011946-011967 StringBlock "fe_paragraph_heading"
011968-011991 DataBlock
  ................ 00 00 00 00 00 00 00 00 00 00 00 00 00 00 00 00
  ........         00 00 00 00 00 00 00 00
011992-012002 T0Block "normal_t0"
012003-012018 DataBlock
  ................ 00 00 00 00 00 00 00 00 00 00 00 00 00 00 00 00
012019-012029 T0Block "normal_t0"
012030-012087 DataBlock
  ................ 00 00 00 00 00 00 00 00 00 00 00 00 00 00 00 00
  ................ 00 00 00 00 00 00 00 00 00 00 00 00 00 00 00 00
  ....-........... 00 00 00 00 2d 00 00 00 00 00 00 00 00 00 00 00
  ..........       00 00 00 00 00 00 00 00 00 00
012088-012110 StringBlock "grp_gw_generic_button"
012111-012134 DataBlock
  ................ 00 00 00 00 00 00 00 00 00 00 00 00 00 00 00 00
  ........         00 00 00 00 00 00 00 00
