000000-000009 VersionBlock 129
000010-000029 DataBlock
  $..8.OA....F...K 24 b7 8d 38 1a 4f 41 f0 fb fc 15 46 b1 a1 88 4b
  .J:;             ce 4a 3a 3b
000030-000035 StringBlock "root"
000036-000161 DataBlock
  ................ 00 00 00 00 00 00 00 00 00 00 00 00 00 00 01 01
  ................ 00 00 00 00 01 00 00 00 00 01 00 00 00 00 00 00
  ...........$..8. 00 00 00 00 00 00 00 00 00 00 00 24 07 d7 38 01
  ...,..8....7\{@. 00 00 00 2c bb 8d 38 ae e1 9c a6 37 5c 7b 40 82
  .G....Y......... bd 47 00 09 a8 10 59 00 00 a0 05 00 00 84 03 00
  ................ 00 00 00 00 00 00 00 00 00 00 00 00 00 00 00 00
  ..........$..8.1 00 00 00 00 00 00 01 00 00 00 24 07 d7 38 bf 31
  ....UN.:....o.   d0 86 86 9e 55 4e aa 3a d9 ef 8c d2 6f 07
000162-000171 NewStateBlock "NewState"
000172-000208 DataBlock
  ....8........... 80 07 00 00 38 04 00 00 00 00 00 00 02 00 00 00
  ................ 00 00 00 00 00 00 00 00 01 00 00 00 00 00 00 00
  .....            00 00 00 00 00
000209-000226 FontNameBlock "FiraSans-Regular"
000227-000242 DataBlock
  ................ 0a 00 00 00 02 00 00 00 00 00 00 00 dd da fa ff
000243-000265 StringBlock "Default Font Category"
000266-000285 DataBlock
  ................ 00 00 00 00 00 00 00 00 00 00 00 00 00 00 00 00
  ....             01 00 00 00
000286-000296 T0Block "normal_t0"
000297-000312 DataBlock
  ................ 00 00 00 00 00 00 00 00 00 00 00 00 00 00 00 00
000313-000323 T0Block "normal_t0"
000324-000529 DataBlock
  ................ 00 00 00 00 00 00 00 00 00 00 00 00 00 00 00 00
  ....,..8....7\{@ 01 00 00 00 2c bb 8d 38 ae e1 9c a6 37 5c 7b 40
  ..G....Y........ 82 bd 47 00 09 a8 10 59 00 00 00 00 00 00 00 00
  ................ a0 05 00 00 84 03 00 00 f0 f0 f0 ff 00 00 00 00
  ................ 00 00 00 00 00 00 00 00 00 00 00 00 00 01 01 00
  ................ 00 00 00 00 00 00 00 00 00 00 00 00 00 00 00 00
  ......?......... 00 00 00 00 00 80 3f 00 00 00 00 00 00 00 00 00
  ................ 00 00 00 00 00 00 00 00 00 00 00 00 00 00 00 00
  ................ 00 00 00 00 00 00 00 00 00 00 00 00 00 00 00 00
  .........1....UN 00 00 00 00 00 00 00 00 bf 31 d0 86 86 9e 55 4e
  .:....o......... aa 3a d9 ef 8c d2 6f 07 00 00 00 00 00 00 00 00
  .............8.. 00 00 00 00 01 00 00 00 00 00 b4 bd 8d 38 cb 8e
  .#b.WG.....g7.   8e 23 62 d6 57 47 b1 16 ed 9d b2 67 37 d6
000530-000549 StringBlock "round_small_button"
000550-000555 DataBlock
  ......           00 00 01 00 00 00
000556-000563 StringBlock "Button"
000564-000632 DataBlock
  ............1... 00 00 00 00 00 00 00 00 c7 02 00 00 31 02 00 00
  ................ 01 01 00 00 00 00 01 00 00 00 00 01 00 00 00 00
  ................ 07 00 00 00 c7 02 00 00 1f fe ff ff 00 84 b3 93
  .....L..8.U..... 05 03 00 00 00 4c c2 8d 38 e8 55 c2 99 f0 0f 17
  C..$v            43 80 d4 24 76
000633-000685 ImageBlock id=928437215 xsize=38 ysize=38 path="ui\\skins\\default\\placeholder_38.png" unknown=2380073984
000686-000698 DataBlock
  8_.o...lH.Z..    38 5f ed 6f 0e 86 99 6c 48 9c 5a f3 80
000699-000766 ImageBlock id=2243811809 xsize=50 ysize=50 path="ui\\skins\\default\\button_round_off_backplate_50.png" unknown=2380217344
000767-000779 DataBlock
  8...h%.UA.vcF    38 8e 96 b8 68 25 c7 55 41 bd 76 63 46
000780-000839 ImageBlock id=2082356021 xsize=46 ysize=46 path="ui\\skins\\default\\button_round_frame_46.png" unknown=0
000840-000880 DataBlock
  ................ 00 00 00 00 00 00 00 00 00 00 00 00 00 00 00 00
  ..............W( 00 05 00 00 00 84 b3 93 05 d0 b7 b2 c9 f9 57 28
  E.Bq.Z.'.        45 8d 42 71 a5 5a 04 27 f1
000881-000888 StringBlock "active"
000889-000925 DataBlock
  &...&........... 26 00 00 00 26 00 00 00 00 00 00 00 02 00 00 00
  ................ 00 00 00 00 00 00 00 00 01 00 00 00 00 00 00 00
  .....            00 00 00 00 00
000926-000937 FontNameBlock "Iskra-Bold"
000938-000953 DataBlock
  ................ 0f 00 00 00 02 00 00 00 00 00 00 00 ff ff ff ff
000954-000966 StringBlock "item_header"
000967-000986 DataBlock
  ................ 00 00 00 00 00 00 00 00 00 00 00 00 00 00 00 00
  ....             01 00 00 00
000987-000997 T0Block "normal_t0"
000998-001013 DataBlock
  ................ 00 00 00 00 00 00 00 00 00 00 00 00 00 00 00 00
001014-001024 T0Block "normal_t0"
001025-001245 DataBlock
  ................ 00 00 00 00 00 00 00 00 00 00 00 00 00 00 00 00
  .......8_.o...lH 05 00 00 00 0c dd 8d 38 5f ed 6f 0e 86 99 6c 48
  .Z.............. 9c 5a f3 80 e1 d9 bd 85 00 00 00 00 00 00 00 00
  &...&........... 26 00 00 00 26 00 00 00 ff ff ff ff 00 00 00 00
  ................ 00 00 00 00 00 00 00 00 00 00 00 00 00 01 01 00
  ................ 00 00 00 00 00 00 00 00 00 00 00 00 00 00 00 00
  ......?......... 00 00 00 00 00 80 3f 00 00 00 00 00 00 00 00 00
  ................ 00 00 00 00 00 00 00 00 00 00 00 00 00 00 00 00
  ..........L..8.U 00 00 00 00 00 00 00 00 00 00 4c c2 8d 38 e8 55
  .....C..$v..V7.. c2 99 f0 0f 17 43 80 d4 24 76 df d3 56 37 00 00
  ......&...&..... 00 00 00 00 00 00 26 00 00 00 26 00 00 00 ff ff
  ................ ff ff 00 00 00 00 00 05 00 00 00 00 00 00 00 00
  ................ 00 00 00 01 01 00 00 00 00 00 00 00 00 00 00 00
  ............?    00 00 00 00 00 00 00 00 00 00 00 80 3f
001246-001258 T0Block "brighten_t0"
001259-001374 DataBlock
  ................ 00 00 00 00 00 00 00 00 00 00 00 00 00 00 00 00
  ................ 00 00 00 00 00 00 00 00 00 00 00 00 00 00 00 00
  .L..8.U.....C..$ 00 4c c2 8d 38 e8 55 c2 99 f0 0f 17 43 80 d4 24
  v..V7........&.. 76 df d3 56 37 00 00 00 00 00 00 00 00 26 00 00
  .&.............. 00 26 00 00 00 ff ff ff ff 00 00 00 00 00 05 00
  ................ 00 00 00 00 00 00 00 00 00 00 01 01 00 00 00 00
  ................ 00 00 00 00 00 00 00 00 00 00 00 00 00 00 00 00
  ...?             00 00 80 3f
001375-001387 T0Block "brighten_t0"
001388-001503 DataBlock
  ................ 00 00 00 00 00 00 00 00 00 00 00 00 00 00 00 00
  ................ 00 00 00 00 00 00 00 00 00 00 00 00 00 00 00 00
  .L..8.U.....C..$ 00 4c c2 8d 38 e8 55 c2 99 f0 0f 17 43 80 d4 24
  v..V7........&.. 76 df d3 56 37 00 00 00 00 00 00 00 00 26 00 00
  .&.............. 00 26 00 00 00 ff ff ff 00 00 00 00 00 00 05 00
  ................ 00 00 00 00 00 00 00 00 00 00 01 01 00 00 00 00
  ................ 00 00 00 00 00 00 00 00 00 00 00 00 00 00 00 00
  ...?             00 00 80 3f
001504-001516 T0Block "brighten_t0"
001517-001737 DataBlock
  ...?............ 00 00 00 3f 00 00 00 00 00 00 00 00 00 00 00 00
  ................ 00 00 00 00 00 00 00 00 00 00 00 00 00 00 00 00
  .<..8...h%.UA.vc 00 3c df 8d 38 8e 96 b8 68 25 c7 55 41 bd 76 63
  F5;.|........&.. 46 35 3b 1e 7c 00 00 00 00 00 00 00 00 26 00 00
  .&.............. 00 26 00 00 00 ff ff ff ff 00 00 00 00 00 00 00
  ................ 00 00 00 00 00 00 00 00 00 00 01 01 00 00 00 00
  ................ 00 00 00 00 00 00 00 00 00 00 00 00 00 00 00 00
  ...?............ 00 00 80 3f 00 00 00 00 00 00 00 00 00 00 00 00
  ................ 00 00 00 00 00 00 00 00 00 00 00 00 00 00 00 00
  ................ 00 00 00 00 00 00 00 14 00 00 00 18 00 00 00 01
  .......\..8.a;.. 00 00 00 00 00 00 00 5c 83 d8 38 9b 61 3b 05 e9
  ].L.[6..)<B....@ 5d b3 4c a1 5b 36 df 0a 29 3c 42 c8 00 00 00 40
  .........4v.8K1X 00 00 00 00 00 00 00 00 00 34 76 d8 38 4b 31 58
  e-N`B.N.|....    65 2d 4e 60 42 bb 4e f1 7c ef 8e 9f 19
001738-001743 StringBlock "down"
001744-001780 DataBlock
  &...&........... 26 00 00 00 26 00 00 00 00 00 00 00 02 00 00 00
  ................ 00 00 00 00 00 00 00 00 01 00 00 00 00 00 00 00
  .....            00 00 00 00 00
001781-001792 FontNameBlock "Iskra-Bold"
001793-001808 DataBlock
  ................ 0f 00 00 00 02 00 00 00 00 00 00 00 ff ff ff ff
001809-001821 StringBlock "item_header"
001822-001841 DataBlock
  ................ 00 00 00 00 00 00 00 00 00 00 00 00 00 00 00 00
  ....             01 00 00 00
001842-001852 T0Block "normal_t0"
001853-001868 DataBlock
  ................ 00 00 00 00 00 00 00 00 00 00 00 00 00 00 00 00
001869-001879 T0Block "normal_t0"
001880-002359 DataBlock
  ...>............ 9a 99 99 3e 00 00 00 00 00 00 00 00 00 00 00 00
  .......8_.o...lH 03 00 00 00 0c dd 8d 38 5f ed 6f 0e 86 99 6c 48
  .Z.............. 9c 5a f3 80 e1 d9 bd 85 00 00 00 00 00 00 00 00
  &...&........... 26 00 00 00 26 00 00 00 ff ff ff ff 00 00 00 00
  ................ 00 00 00 00 00 00 00 00 00 00 00 00 00 01 01 00
  ................ 00 00 00 00 00 00 00 00 00 00 00 00 00 00 00 00
  ......?......... 00 00 00 00 00 80 3f 00 00 00 00 00 00 00 00 00
  ................ 00 00 00 00 00 00 00 00 00 00 00 00 00 00 00 00
  ..........L..8.U 00 00 00 00 00 00 00 00 00 00 4c c2 8d 38 e8 55
  .....C..$v..V7.. c2 99 f0 0f 17 43 80 d4 24 76 df d3 56 37 00 00
  ......&...&...nn 00 00 03 00 00 00 26 00 00 00 26 00 00 00 6e 6e
  n............... 6e ff 00 00 00 00 00 05 00 00 00 00 00 00 00 03
  ................ 00 00 00 01 01 00 00 00 00 00 00 00 00 00 00 00
  ............?... 00 00 00 00 00 00 00 00 00 00 00 80 3f 00 00 00
  ................ 00 00 00 00 00 00 00 00 00 00 00 00 00 00 00 00
  ................ 00 00 00 00 00 00 00 00 00 00 00 00 00 00 00 00
  <..8...h%.UA.vcF 3c df 8d 38 8e 96 b8 68 25 c7 55 41 bd 76 63 46
  5;.|........&... 35 3b 1e 7c 00 00 00 00 00 00 00 00 26 00 00 00
  &............... 26 00 00 00 ff ff ff ff 00 00 00 00 00 00 00 00
  ................ 00 00 00 00 00 00 00 00 00 01 01 00 00 00 00 00
  ................ 00 00 00 00 00 00 00 00 00 00 00 00 00 00 00 00
  ..?............. 00 80 3f 00 00 00 00 00 00 00 00 00 00 00 00 00
  ................ 00 00 00 00 00 00 00 00 00 00 00 00 00 00 00 00
  ................ 00 00 00 00 00 00 91 00 00 00 db 00 00 00 02 00
  ......\..8.a;..] 00 00 03 00 00 00 5c 83 d8 38 9b 61 3b 05 e9 5d
  .L.[6..)<B...... b3 4c a1 5b 36 df 0a 29 3c 42 00 00 00 00 00 00
  ...........|.8RK 00 00 00 00 00 00 01 00 00 00 84 7c d8 38 52 4b
  .+Xa.J....zkG... 0a 2b 58 61 c1 4a 81 f3 82 89 7a 6b 47 a0 00 00
  .............|.8 00 00 00 00 00 00 00 00 00 00 00 00 84 7c d8 38
  RK.+Xa.J....zkG. 52 4b 0a 2b 58 61 c1 4a 81 f3 82 89 7a 6b 47 a0
002360-002369 StringBlock "down_off"
002370-002406 DataBlock
  &...&........... 26 00 00 00 26 00 00 00 00 00 00 00 02 00 00 00
  ................ 00 00 00 00 00 00 00 00 01 00 00 00 00 00 00 00
  .....            00 00 00 00 00
002407-002418 FontNameBlock "Iskra-Bold"
002419-002434 DataBlock
  ................ 0f 00 00 00 02 00 00 00 00 00 00 00 ff ff ff ff
002435-002447 StringBlock "item_header"
002448-002467 DataBlock
  ................ 00 00 00 00 00 00 00 00 00 00 00 00 00 00 00 00
  ....             01 00 00 00
002468-002478 T0Block "normal_t0"
002479-002494 DataBlock
  ................ 00 00 00 00 00 00 00 00 00 00 00 00 00 00 00 00
002495-002505 T0Block "normal_t0"
002506-002985 DataBlock
  ................ 00 00 00 00 00 00 00 00 00 00 00 00 00 00 00 00
  .......8_.o...lH 03 00 00 00 0c dd 8d 38 5f ed 6f 0e 86 99 6c 48
  .Z.............. 9c 5a f3 80 e1 d9 bd 85 00 00 00 00 00 00 00 00
  &...&........... 26 00 00 00 26 00 00 00 ff ff ff ff 00 00 00 00
  ................ 00 00 00 00 00 00 00 00 00 00 00 00 00 01 01 00
  ................ 00 00 00 00 00 00 00 00 00 00 00 00 00 00 00 00
  ......?......... 00 00 00 00 00 80 3f 00 00 00 00 00 00 00 00 00
  ................ 00 00 00 00 00 00 00 00 00 00 00 00 00 00 00 00
  ..........L..8.U 00 00 00 00 00 00 00 00 00 00 4c c2 8d 38 e8 55
  .....C..$v..V7.. c2 99 f0 0f 17 43 80 d4 24 76 df d3 56 37 00 00
  ......&...&..... 00 00 00 00 00 00 26 00 00 00 26 00 00 00 ff ff
  ................ ff ff 00 00 00 00 00 05 00 00 00 00 00 00 00 00
  ................ 00 00 00 01 01 00 00 00 00 00 00 00 00 00 00 00
  ............?... 00 00 00 00 00 00 00 00 00 00 00 80 3f 00 00 00
  ................ 00 00 00 00 00 00 00 00 00 00 00 00 00 00 00 00
  ................ 00 00 00 00 00 00 00 00 00 00 00 00 00 00 00 00
  <..8...h%.UA.vcF 3c df 8d 38 8e 96 b8 68 25 c7 55 41 bd 76 63 46
  5;.|........&... 35 3b 1e 7c 00 00 00 00 00 00 00 00 26 00 00 00
  &............... 26 00 00 00 ff ff ff ff 00 00 00 00 00 00 00 00
  ................ 00 00 00 00 00 00 00 00 00 01 01 00 00 00 00 00
  ................ 00 00 00 00 00 00 00 00 00 00 00 00 00 00 00 00
  ..?............. 00 80 3f 00 00 00 00 00 00 00 00 00 00 00 00 00
  ................ 00 00 00 00 00 00 00 00 00 00 00 00 00 00 00 00
  ..........?..... 00 00 00 00 00 00 1d 00 00 00 3f 01 00 00 02 00
  ......4v.8K1Xe-N 00 00 00 00 00 00 34 76 d8 38 4b 31 58 65 2d 4e
  `B.N.|.......... 60 42 bb 4e f1 7c ef 8e 9f 19 00 00 00 00 00 00
  ................ 00 00 00 00 00 00 08 00 00 00 84 b3 93 05 d0 b7
  ...W(E.Bq.Z.'... b2 c9 f9 57 28 45 8d 42 71 a5 5a 04 27 f1 00 00
  ............\..8 00 00 00 00 00 00 00 00 00 00 00 00 5c 83 d8 38
  .a;..].L.[6..)<B 9b 61 3b 05 e9 5d b3 4c a1 5b 36 df 0a 29 3c 42
002986-002992 StringBlock "hover"
002993-003029 DataBlock
  &...&........... 26 00 00 00 26 00 00 00 00 00 00 00 02 00 00 00
  ................ 00 00 00 00 00 00 00 00 01 00 00 00 00 00 00 00
  .....            00 00 00 00 00
003030-003041 FontNameBlock "Iskra-Bold"
003042-003057 DataBlock
  ................ 0f 00 00 00 02 00 00 00 00 00 00 00 ff ff ff ff
003058-003070 StringBlock "item_header"
003071-003090 DataBlock
  ................ 00 00 00 00 00 00 00 00 00 00 00 00 00 00 00 00
  ....             01 00 00 00
003091-003101 T0Block "normal_t0"
003102-003117 DataBlock
  ................ 00 00 00 00 00 00 00 00 00 00 00 00 00 00 00 00
003118-003128 T0Block "normal_t0"
003129-003231 DataBlock
  ...>............ 9a 99 99 3e 00 00 00 00 00 00 00 00 00 00 00 00
  .......8_.o...lH 05 00 00 00 0c dd 8d 38 5f ed 6f 0e 86 99 6c 48
  .Z.............. 9c 5a f3 80 e1 d9 bd 85 00 00 00 00 00 00 00 00
  &...&........... 26 00 00 00 26 00 00 00 ff ff ff ff 00 00 00 00
  ................ 00 00 00 00 00 00 00 00 00 00 00 00 00 01 01 00
  ................ 00 00 00 00 00 00 00 00 00 00 00 00 00 00 00 00
  ......?          00 00 00 00 00 80 3f
003232-003244 T0Block "brighten_t0"
003245-003360 DataBlock
  ...?............ 00 00 80 3f 00 00 00 00 00 00 00 00 00 00 00 00
  ................ 00 00 00 00 00 00 00 00 00 00 00 00 00 00 00 00
  .L..8.U.....C..$ 00 4c c2 8d 38 e8 55 c2 99 f0 0f 17 43 80 d4 24
  v..V7........&.. 76 df d3 56 37 00 00 00 00 00 00 00 00 26 00 00
  .&.............. 00 26 00 00 00 ff ff ff ff 00 00 00 00 00 05 00
  ................ 00 00 00 00 00 00 00 00 00 00 01 01 00 00 00 00
  ................ 00 00 00 00 00 00 00 00 00 00 00 00 00 00 00 00
  ...?             00 00 80 3f
003361-003373 T0Block "brighten_t0"
003374-003489 DataBlock
  ................ 00 00 00 00 00 00 00 00 00 00 00 00 00 00 00 00
  ................ 00 00 00 00 00 00 00 00 00 00 00 00 00 00 00 00
  .L..8.U.....C..$ 00 4c c2 8d 38 e8 55 c2 99 f0 0f 17 43 80 d4 24
  v..V7........&.. 76 df d3 56 37 00 00 00 00 00 00 00 00 26 00 00
  .&.............. 00 26 00 00 00 ff ff ff 00 00 00 00 00 00 05 00
  ................ 00 00 00 00 00 00 00 00 00 00 01 01 00 00 00 00
  ................ 00 00 00 00 00 00 00 00 00 00 00 00 00 00 00 00
  ...?             00 00 80 3f
003490-003502 T0Block "brighten_t0"
003503-003618 DataBlock
  ................ 00 00 00 00 00 00 00 00 00 00 00 00 00 00 00 00
  ................ 00 00 00 00 00 00 00 00 00 00 00 00 00 00 00 00
  .L..8.U.....C..$ 00 4c c2 8d 38 e8 55 c2 99 f0 0f 17 43 80 d4 24
  v..V7........&.. 76 df d3 56 37 00 00 00 00 00 00 00 00 26 00 00
  .&.............. 00 26 00 00 00 ff ff ff ff 00 00 00 00 00 05 00
  ................ 00 00 00 00 00 00 00 00 00 00 01 01 00 00 00 00
  ................ 00 00 00 00 00 00 00 00 00 00 00 00 00 00 00 00
  ...?             00 00 80 3f
003619-003631 T0Block "brighten_t0"
003632-003747 DataBlock
  ...?............ 00 00 00 3f 00 00 00 00 00 00 00 00 00 00 00 00
  ................ 00 00 00 00 00 00 00 00 00 00 00 00 00 00 00 00
  .<..8...h%.UA.vc 00 3c df 8d 38 8e 96 b8 68 25 c7 55 41 bd 76 63
  F5;.|........&.. 46 35 3b 1e 7c 00 00 00 00 00 00 00 00 26 00 00
  .&.............. 00 26 00 00 00 ff ff ff ff 00 00 00 00 00 00 00
  ................ 00 00 00 00 00 00 00 00 00 00 01 01 00 00 00 00
  ................ 00 00 00 00 00 00 00 00 00 00 00 00 00 00 00 00
  ...?             00 00 80 3f
003748-003760 T0Block "brighten_t0"
003761-003899 DataBlock
  ...?............ 00 00 80 3f 00 00 00 00 00 00 00 00 00 00 00 00
  ................ 00 00 00 00 00 00 00 00 00 00 00 00 00 00 00 00
  .....~.......... 00 89 00 00 00 7e 00 00 00 02 00 00 00 01 00 00
  ..........W(E.Bq 00 84 b3 93 05 d0 b7 b2 c9 f9 57 28 45 8d 42 71
  .Z.'.....@...... a5 5a 04 27 f1 c8 00 00 00 40 00 00 00 00 00 00
  .....4v.8K1Xe-N` 00 02 00 00 00 34 76 d8 38 4b 31 58 65 2d 4e 60
  B.N.|........... 42 bb 4e f1 7c ef 8e 9f 19 00 00 00 00 00 00 00
  ..........8.]... 00 00 00 00 00 00 00 8c 8b d8 38 89 5d 8b e6 e6
  ^.O....8..M      5e de 4f b4 af fa 16 38 cb d1 4d
003900-003909 StringBlock "inactive"
003910-003944 DataBlock
  &...&........... 26 00 00 00 26 00 00 00 00 00 00 00 02 00 00 00
  ................ 00 00 00 00 00 00 00 00 01 00 00 00 00 00 00 00
  ...              00 00 00
003945-003989 StringBlock "UI_GBL_TMP_Round_Medium_Button_Locked_Small"
003990-004001 FontNameBlock "Iskra-Bold"
004002-004017 DataBlock
  ................ 0f 00 00 00 02 00 00 00 00 00 00 00 ff ff ff ff
004018-004030 StringBlock "item_header"
004031-004050 DataBlock
  ................ 00 00 00 00 00 00 00 00 00 00 00 00 00 00 00 00
  ....             01 01 00 00
004051-004061 T0Block "normal_t0"
004062-004077 DataBlock
  ................ 00 00 00 00 00 00 00 00 00 00 00 00 00 00 00 00
004078-004088 T0Block "normal_t0"
004089-004496 DataBlock
  ................ 00 00 00 00 00 00 00 00 00 00 00 00 00 00 00 00
  .......8_.o...lH 03 00 00 00 0c dd 8d 38 5f ed 6f 0e 86 99 6c 48
  .Z.............. 9c 5a f3 80 e1 d9 bd 85 00 00 00 00 00 00 00 00
  &...&........... 26 00 00 00 26 00 00 00 ff ff ff ff 00 00 00 00
  ................ 00 00 00 00 00 00 00 00 00 00 00 00 00 01 01 00
  ................ 00 00 00 00 00 00 00 00 00 00 00 00 00 00 00 00
  ......?......... 00 00 00 00 00 80 3f 00 00 00 00 00 00 00 00 00
  ................ 00 00 00 00 00 00 00 00 00 00 00 00 00 00 00 00
  ..........L..8.U 00 00 00 00 00 00 00 00 00 00 4c c2 8d 38 e8 55
  .....C..$v..V7.. c2 99 f0 0f 17 43 80 d4 24 76 df d3 56 37 00 00
  ......&...&..... 00 00 00 00 00 00 26 00 00 00 26 00 00 00 ff ff
  .F.............. ff 46 00 00 00 00 00 05 00 00 00 00 00 00 00 00
  ................ 00 00 00 01 01 00 00 00 00 00 00 00 00 00 00 00
  ............?... 00 00 00 00 00 00 00 00 00 00 00 80 3f 00 00 00
  ................ 00 00 00 00 00 00 00 00 00 00 00 00 00 00 00 00
  ................ 00 00 00 00 00 00 00 00 00 00 00 00 00 00 00 00
  <..8...h%.UA.vcF 3c df 8d 38 8e 96 b8 68 25 c7 55 41 bd 76 63 46
  5;.|........&... 35 3b 1e 7c 00 00 00 00 00 00 00 00 26 00 00 00
  &............... 26 00 00 00 ff ff ff ff 00 00 00 00 00 00 00 00
  ................ 00 00 00 00 00 00 00 00 00 01 01 00 00 00 00 00
  ................ 00 00 00 00 00 00 00 00 00 00 00 00 00 00 00 00
  ..?............. 00 80 3f 00 00 00 00 00 00 00 00 00 00 00 00 00
  ................ 00 00 00 00 00 00 00 00 00 00 00 00 00 00 00 00
  ................ 00 00 00 00 00 00 00 00 00 00 00 00 00 00 00 00
  .........W(E.Bq. 00 00 00 00 d0 b7 b2 c9 f9 57 28 45 8d 42 71 a5
  Z.'.....         5a 04 27 f1 02 00 00 00
004497-004514 StringBlock "disable_override"
004515-004525 StringBlock "resizable"
004526-004540 StringBlock "dynamic_image"
004541-004556 DataBlock
  ..0............. 01 00 30 00 00 00 00 00 00 00 00 00 00 00 00 00
004557-004587 StringBlock "UI_GBL_TMP_Round_Small_Button"
004588-004628 DataBlock
  ..........?..... 00 00 00 00 00 00 00 00 00 80 3f 00 00 00 00 00
  ..?............. 00 80 3f 00 00 00 00 00 00 00 00 00 00 00 00 80
  ?........        3f 00 00 00 00 00 00 00 00
