000000-000009 VersionBlock 129
000010-000029 DataBlock
  .h...a..{.]C..a. b4 68 17 03 bd 61 04 f3 7b c4 5d 43 b1 f4 61 a2
  ....             ae 9c 00 a1
000030-000035 StringBlock "root"
000036-000157 DataBlock
  ................ 00 00 00 00 00 00 00 00 00 00 00 00 00 00 01 01
  ................ 00 00 00 00 01 00 00 00 00 01 00 00 00 00 00 00
  ...........,.x9. 00 00 00 00 00 00 00 00 00 00 00 2c fd 78 39 01
  ...,.JCoh.C.:KC. 00 00 00 2c 96 4a 43 6f 68 93 43 f0 3a 4b 43 b6
  0/U...`......... 30 2f 55 d0 83 be 60 00 00 00 05 00 00 00 04 00
  ................ 00 00 00 00 00 00 00 00 00 00 00 00 00 00 00 00
  ..........,.x9c. 00 00 00 00 00 00 01 00 00 00 2c fd 78 39 63 ee
  1.L..F.<..       31 ba 4c 12 b6 46 86 3c b0 93
000158-000161 StateIDBlock 3307508213
000162-000171 NewStateBlock "NewState"
000172-000175 XSizeBlock 1920
000176-000179 YSizeBlock 1080
000180-000208 DataBlock
  ................ 00 00 00 00 02 00 00 00 00 00 00 00 00 00 00 00
  .............    01 00 00 00 00 00 00 00 00 00 00 00 00
000209-000226 FontNameBlock "FiraSans-Regular"
000227-000242 DataBlock
  ................ 0a 00 00 00 02 00 00 00 00 00 00 00 dd da fa ff
000243-000265 StringBlock "Default Font Category"
000266-000285 DataBlock
  ................ 00 00 00 00 00 00 00 00 00 00 00 00 00 00 00 00
  ....             01 00 00 00
000286-000296 T0Block "normal_t0"
000297-000312 DataBlock
  ................ 00 00 00 00 00 00 00 00 00 00 00 00 00 00 00 00
000313-000323 T0Block "normal_t0"
000324-000529 DataBlock
  ................ 00 00 00 00 00 00 00 00 00 00 00 00 00 00 00 00
  ....,.JCoh.C.:KC 01 00 00 00 2c 96 4a 43 6f 68 93 43 f0 3a 4b 43
  .0/U...`........ b6 30 2f 55 d0 83 be 60 00 00 00 00 00 00 00 00
  ................ 00 05 00 00 00 04 00 00 f0 f0 f0 ff 00 00 00 00
  ................ 00 00 00 00 00 00 00 00 00 00 00 00 00 01 01 00
  ................ 00 00 00 00 00 00 00 00 00 00 00 00 00 00 00 00
  ......?......... 00 00 00 00 00 80 3f 00 00 00 00 00 00 00 00 00
  ................ 00 00 00 00 00 00 00 00 00 00 00 00 00 00 00 00
  ................ 00 00 00 00 00 00 00 00 00 00 00 00 00 00 00 00
  ........c.1.L..F 00 00 00 00 00 00 00 00 63 ee 31 ba 4c 12 b6 46
  .<....$......... 86 3c b0 93 f5 91 24 c5 00 00 00 00 00 00 00 00
  ............y95. 00 00 00 00 01 00 00 00 00 00 ac 1b 79 39 35 1f
  )\_).A.......P   29 5c 5f 29 08 41 ad ad f2 b1 c9 c0 04 50
000530-000558 StringBlock "tooltip_unit_active_effects"
000559-000564 DataBlock
  ......           00 00 02 00 00 00
000565-000579 StringBlock "CustomTooltip"
000580-000587 DataBlock
  ........         00 00 00 00 00 00 00 00
000588-000605 StringBlock "ComponentCreator"
000606-000613 DataBlock
  ........         00 00 00 00 01 00 00 00
000614-000621 StringBlock "layout"
000622-000655 StringBlock "ui/battle ui/unit_active_effects"
000656-000716 DataBlock
  ................ 85 01 00 00 1f 01 00 00 01 01 00 00 00 00 01 00
  ................ 00 00 00 01 00 00 00 00 00 00 00 00 00 00 00 00
  ......V.?....,.~ 00 00 00 00 00 c4 56 88 3f 01 00 00 00 2c 8c 7e
  9....3.HN...W    39 7f bf a9 85 33 88 48 4e 9f fd be 57
000717-000765 ImageBlock id=413205409 xsize=362 ysize=400 path="ui\\skins\\default\\tooltip_bg.png" unknown=0
000766-000802 DataBlock
  ................ 00 00 00 00 00 00 00 00 00 00 00 00 00 00 00 00
  ......V.?...O#.[ 00 01 00 00 00 c4 56 88 3f dd be d5 4f 23 8e 5b
  I..gO            49 b9 b1 67 4f
000803-000806 StateIDBlock 2706112195
000807-000816 NewStateBlock "NewState"
000817-000820 XSizeBlock 11
000821-000824 YSizeBlock 11
000825-000853 DataBlock
  ................ 00 00 00 00 02 00 00 00 00 00 00 00 00 00 00 00
  .............    01 00 00 00 00 00 00 00 00 00 00 00 00
000854-000871 FontNameBlock "FiraSans-Regular"
000872-000887 DataBlock
  ................ 0a 00 00 00 02 00 00 00 00 00 00 00 dd da fa ff
000888-000910 StringBlock "Default Font Category"
000911-000930 DataBlock
  ................ 00 00 00 00 00 00 00 00 00 00 00 00 00 00 00 00
  ....             00 00 00 00
000931-000941 T0Block "normal_t0"
000942-000957 DataBlock
  ................ 00 00 00 00 00 00 00 00 00 00 00 00 00 00 00 00
000958-000968 T0Block "normal_t0"
000969-001004 DataBlock
  ................ 00 00 00 00 00 00 00 00 00 00 00 00 00 00 00 00
  ....,.~9....3.HN 01 00 00 00 2c 8c 7e 39 7f bf a9 85 33 88 48 4e
  ...W             9f fd be 57
001005-001028 ImageUseBlock id=413205409 xofs=0 yofs=0 xsize=11 ysize=11 brga=4294967295
001029-001153 DataBlock
  ................ 00 00 01 00 00 05 00 00 00 00 00 00 00 00 00 00
  ................ 00 01 01 00 00 00 00 00 00 00 00 00 00 00 00 00
  ..........?..... 00 00 00 00 00 00 00 00 00 80 3f 00 00 00 00 00
  ...............  00 00 00 00 00 00 00 00 00 00 00 00 00 00 00 20
  A.. A.. A.. A... 41 00 00 20 41 00 00 20 41 00 00 20 41 00 00 00
  ...............O 00 00 00 00 00 00 00 00 00 00 00 00 dd be d5 4f
  #.[I..gO..K..... 23 8e 5b 49 b9 b1 67 4f c3 fe 4b a1 00 00 00 00
  .............    00 00 00 00 00 00 00 00 00 00 00 00 01
001154-001159 StringBlock "List"
001160-001270 DataBlock
  .......C........ 01 00 00 00 00 00 8c 43 00 00 00 00 02 00 00 00
  ................ 00 01 00 00 00 01 00 0a 00 00 00 0a 00 00 00 0c
  ................ 00 00 00 0a 00 00 00 00 00 00 00 00 00 00 00 00
  ................ 00 00 00 00 00 00 00 00 00 00 00 01 00 00 00 00
  ................ 00 00 00 00 00 00 00 00 00 00 00 00 00 00 00 80
  ?............... 3f 00 00 00 00 00 00 00 00 00 00 00 00 00 00 00
  ......?........  00 00 00 00 00 80 3f 00 00 00 00 00 00 00 00
