000000-000009 VersionBlock 85
000010-000013 RootIDBlock 112802056
000014-000019 StringBlock "root"
000020-000021 StringBlock ""
000022-000025 XOffsetBlock 0
000026-000029 YOffsetBlock 0
000030-000094 DataBlock
  ................ 00 01 01 00 00 00 00 01 00 00 00 00 01 00 00 00
  ...............M 00 00 00 00 00 00 00 00 00 00 00 00 00 00 e0 4d
  .........,...... c3 1d 01 00 00 00 c0 c6 be 2c 00 00 00 05 00 00
  ................ c0 03 00 00 00 00 00 00 00 00 00 00 00 01 00 00
  .                00
000095-000098 StateIDBlock 499338720
000099-000108 NewStateBlock "NewState"
000109-000112 XSizeBlock 1280
000113-000116 YSizeBlock 1024
000117-000145 DataBlock
  ................ 00 00 00 00 02 00 00 00 00 00 00 00 00 00 00 00
  .............    01 00 00 00 01 00 00 00 00 00 00 00 00
000146-000161 FontNameBlock "georgia_italic"
000162-000177 DataBlock
  ................ 0a 00 00 00 02 00 00 00 01 00 00 00 dd da fa ff
000178-000200 StringBlock "Default Font Category"
000201-000216 DataBlock
  ................ 00 00 00 00 00 00 00 00 00 00 00 00 01 00 00 00
000217-000227 T0Block "normal_t0"
000228-000243 DataBlock
  ................ 00 00 00 00 00 00 00 00 00 00 00 00 00 00 00 00
000244-000254 T0Block "normal_t0"
000255-000385 DataBlock
  ................ 00 00 00 00 00 00 00 00 00 00 00 00 00 00 00 00
  .......,........ 01 00 00 00 c0 c6 be 2c 00 00 00 00 00 00 00 00
  ................ 00 05 00 00 c0 03 00 00 c0 c0 c0 ff 00 00 00 00
  ................ 00 00 00 00 00 00 00 00 00 00 00 01 01 00 00 00
  ................ 00 00 00 00 00 00 00 00 00 00 00 00 00 00 00 00
  ................ 00 00 00 00 00 00 00 00 00 00 00 00 00 00 00 00
  ................ 00 00 00 00 00 00 00 00 00 00 00 00 00 00 00 00
  ...............p 00 00 00 00 00 00 00 00 00 00 00 01 00 00 00 70
  <..              3c b9 06
000386-000411 StringBlock "campaign_factors_tooltip"
000412-000435 StringBlock "CampaignFactorsTooltip"
000436-000477 DataBlock
  ....f........... 82 01 00 00 66 00 00 00 00 01 01 00 00 00 00 01
  ................ 01 00 00 00 01 00 00 00 00 00 00 00 00 00 00 00
  ..........       00 00 00 00 00 00 00 00 00 00
000478-000533 ImageListBlock 1 elements:
  000482-000533 ImageBlock id=750699904 xsize=64 ysize=64 path="ui\\skins\\default\\tooltip_frame.png" unknown=0
000534-000542 DataBlock
  .........        00 00 00 00 00 01 00 00 00
000543-000546 StateIDBlock 499337728
000547-000556 NewStateBlock "NewState"
000557-000560 XSizeBlock 346
000561-000564 YSizeBlock 313
000565-000593 DataBlock
  ................ 00 00 00 00 02 00 00 00 00 00 00 00 00 00 00 00
  .............    01 00 00 00 01 00 00 00 00 00 00 00 00
000594-000606 FontNameBlock "la_gioconda"
000607-000622 DataBlock
  ................ 0c 00 00 00 07 00 00 00 00 00 00 00 d7 f8 ff ff
000623-000639 StringBlock "fe_tooltip_text"
000640-000655 DataBlock
  ................ 08 00 00 00 06 00 00 00 00 00 00 00 00 00 00 00
000656-000666 T0Block "normal_t0"
000667-000682 DataBlock
  ................ 00 00 00 00 00 00 00 00 00 00 00 00 00 00 00 00
000683-000693 T0Block "normal_t0"
000694-000713 DataBlock
  ................ 00 00 00 00 00 00 00 00 00 00 00 00 00 00 00 00
  ....             01 00 00 00
000714-000737 ImageUseBlock id=750699904 xofs=0 yofs=0 xsize=346 ysize=313 brga=4294967295
000738-000824 DataBlock
  ................ 00 00 00 00 00 00 00 00 00 00 00 00 00 00 00 01
  ................ 01 00 00 00 00 00 00 00 00 00 00 00 00 00 00 00
  ................ 00 00 00 00 00 00 00 00 00 00 00 00 00 00 00 00
  . A.. A......... 00 20 41 00 00 20 41 00 00 00 00 00 00 00 00 00
  ................ 00 00 00 00 00 00 00 ff 00 00 00 00 00 00 00 05
  ... .H.          00 00 00 20 c0 48 10
000825-000841 StringBlock "tooltip_details"
000842-000901 DataBlock
  ................ 00 00 05 00 00 00 0a 00 00 00 00 01 01 00 00 00
  ................ 00 01 01 00 00 00 01 00 00 00 00 01 00 00 00 05
  ................ 00 00 00 0a 00 00 00 00 00 00 00 00 00 00 00 00
  ............     00 00 00 00 00 00 00 00 01 00 00 00
000902-000905 StateIDBlock 241126592
000906-000915 NewStateBlock "NewState"
000916-000919 XSizeBlock 336
000920-000923 YSizeBlock 313
000924-000952 DataBlock
  ................ 00 00 00 00 02 00 00 00 00 00 00 00 00 00 00 00
  .............    01 00 00 00 01 00 00 00 00 00 00 00 00
000953-000965 FontNameBlock "la_gioconda"
000966-000981 DataBlock
  ................ 0c 00 00 00 07 00 00 00 00 00 00 00 d7 f8 ff ff
000982-000998 StringBlock "fe_tooltip_text"
000999-001014 DataBlock
  ................ 08 00 00 00 06 00 00 00 00 00 00 00 00 00 00 00
001015-001025 T0Block "normal_t0"
001026-001041 DataBlock
  ................ 00 00 00 00 00 00 00 00 00 00 00 00 00 00 00 00
001042-001052 T0Block "normal_t0"
001053-001104 DataBlock
  ................ 00 00 00 00 00 00 00 00 00 00 00 00 00 00 00 00
  ................ 00 00 00 00 00 00 00 00 00 00 00 00 00 00 00 00
  ................ 00 00 00 00 ff 00 00 00 00 00 00 00 02 00 00 00
  ...#             00 bf fe 23
001105-001118 StringBlock "header_title"
001119-001178 DataBlock
  ................ 00 00 00 00 00 00 00 00 00 00 00 01 01 00 00 00
  ................ 00 01 00 00 00 00 01 00 00 00 00 00 00 00 00 00
  ................ 00 00 00 00 00 00 00 00 00 00 00 00 00 00 00 00
  ............     00 00 00 00 00 00 00 00 01 00 00 00
001179-001182 StateIDBlock 597434560
001183-001192 NewStateBlock "NewState"
001193-001196 XSizeBlock 336
001197-001200 YSizeBlock 60
001201-001224 UnicodeBlock "Relations :"
001225-001247 DataBlock
  ................ 00 00 04 00 00 00 00 00 00 00 00 00 00 00 02 00
  .......          00 00 01 00 00 00 01
001248-001315 UnicodeBlock "header_title_NewState_Text_23006c"
001316-001317 DataBlock
  ..               00 00
001318-001340 FontNameBlock "la_gioconda_uppercase"
001341-001356 DataBlock
  ................ 12 00 00 00 04 00 00 00 00 00 00 00 d7 f8 ff ff
001357-001376 StringBlock "fe_section_heading"
001377-001392 DataBlock
  ................ 00 00 00 00 00 00 00 00 00 00 00 00 00 00 00 00
001393-001403 T0Block "normal_t0"
001404-001419 DataBlock
  ................ 00 00 00 00 00 00 00 00 00 00 00 00 00 00 00 00
001420-001430 T0Block "normal_t0"
001431-001482 DataBlock
  ................ 00 00 00 00 00 00 00 00 00 00 00 00 00 00 00 00
  ................ 00 00 00 00 00 00 00 00 00 00 00 00 00 00 00 00
  ................ 00 00 00 00 ff 00 00 00 00 00 00 00 06 00 00 00
  ...#             80 c2 fe 23
001483-001489 StringBlock "value"
001490-001533 DataBlock
  ................ 00 00 96 00 00 00 12 00 00 00 00 01 01 00 00 00
  ................ 00 01 00 00 00 00 01 00 00 00 00 06 00 00 00 00
  ............     00 00 00 00 00 00 00 00 00 00 00 00
001534-001582 ImageListBlock 1 elements:
  001538-001582 ImageBlock id=293522688 xsize=400 ysize=24 path="ui\\skins\\default\\h_line.png" unknown=0
001583-001595 DataBlock
  ......... ..    00 00 00 00 00 03 00 00 00 20 d9 7f 14
001596-001604 StringBlock "neutral"
001605-001641 DataBlock
  ................ ba 00 00 00 18 00 00 00 00 00 00 00 03 00 00 00
  ................ 04 00 00 00 00 00 00 00 01 00 00 00 01 00 00 00
  .....            00 00 00 00 00
001642-001654 FontNameBlock "la_gioconda"
001655-001670 DataBlock
  ................ 0c 00 00 00 07 00 00 00 00 00 00 00 00 d7 ff ff
001671-001684 StringBlock "fe_text_gold"
001685-001700 DataBlock
  ................ 00 00 00 00 00 00 00 00 00 00 00 00 00 00 00 00
001701-001711 T0Block "normal_t0"
001712-001727 DataBlock
  ................ 00 00 00 00 00 00 00 00 00 00 00 00 00 00 00 00
001728-001738 T0Block "normal_t0"
001739-001758 DataBlock
  ................ 00 00 00 00 00 00 00 00 00 00 00 00 00 00 00 00
  ....             01 00 00 00
001759-001782 ImageUseBlock id=293522688 xofs=0 yofs=0 xsize=186 ysize=24 brga=16777215
001783-001853 DataBlock
  ................ 00 00 00 08 00 00 00 00 00 00 00 00 00 00 00 01
  ................ 00 00 00 00 00 00 00 00 00 00 00 00 00 00 00 00
  ................ 00 00 00 00 00 00 00 00 00 00 00 00 00 00 00 00
  ................ 00 00 00 00 00 00 00 00 00 00 00 00 00 00 00 00
  .......          00 00 00 80 00 d7 10
001854-001863 StringBlock "positive"
001864-001900 DataBlock
  ................ ba 00 00 00 18 00 00 00 00 00 00 00 03 00 00 00
  ................ 04 00 00 00 00 00 00 00 01 00 00 00 01 00 00 00
  .....            00 00 00 00 00
001901-001913 FontNameBlock "la_gioconda"
001914-001929 DataBlock
  ............F.t. 0c 00 00 00 07 00 00 00 00 00 00 00 46 e1 74 ff
001930-001944 StringBlock "fe_text_green"
001945-001960 DataBlock
  ................ 00 00 00 00 00 00 00 00 00 00 00 00 00 00 00 00
001961-001971 T0Block "normal_t0"
001972-001987 DataBlock
  ................ 00 00 00 00 00 00 00 00 00 00 00 00 00 00 00 00
001988-001998 T0Block "normal_t0"
001999-002018 DataBlock
  ................ 00 00 00 00 00 00 00 00 00 00 00 00 00 00 00 00
  ....             01 00 00 00
002019-002042 ImageUseBlock id=293522688 xofs=0 yofs=0 xsize=186 ysize=24 brga=16777215
002043-002113 DataBlock
  ................ 00 00 00 08 00 00 00 00 00 00 00 00 00 00 00 01
  ................ 00 00 00 00 00 00 00 00 00 00 00 00 00 00 00 00
  ................ 00 00 00 00 00 00 00 00 00 00 00 00 00 00 00 00
  ................ 00 00 00 00 00 00 00 00 00 00 00 00 00 00 00 00
  .......          00 00 00 c0 02 d7 10
002114-002123 StringBlock "negative"
002124-002160 DataBlock
  ................ ba 00 00 00 18 00 00 00 00 00 00 00 03 00 00 00
  ................ 04 00 00 00 00 00 00 00 01 00 00 00 01 00 00 00
  .....            00 00 00 00 00
002161-002173 FontNameBlock "la_gioconda"
002174-002189 DataBlock
  ............7K.. 0c 00 00 00 07 00 00 00 00 00 00 00 37 4b ff ff
002190-002206 StringBlock "ingame_text_red"
002207-002222 DataBlock
  ................ 00 00 00 00 00 00 00 00 00 00 00 00 00 00 00 00
002223-002233 T0Block "normal_t0"
002234-002249 DataBlock
  ................ 00 00 00 00 00 00 00 00 00 00 00 00 00 00 00 00
002250-002260 T0Block "normal_t0"
002261-002280 DataBlock
  ................ 00 00 00 00 00 00 00 00 00 00 00 00 00 00 00 00
  ....             01 00 00 00
002281-002304 ImageUseBlock id=293522688 xofs=0 yofs=0 xsize=186 ysize=24 brga=16777215
002305-002400 DataBlock
  ................ 00 00 00 08 00 00 00 00 00 00 00 00 00 00 00 01
  ................ 00 00 00 00 00 00 00 00 00 00 00 00 00 00 00 00
  ................ 00 00 00 00 00 00 00 00 00 00 00 00 00 00 00 00
  ................ 00 00 00 00 00 00 00 00 00 00 00 00 00 00 00 00
  ................ 00 00 00 00 00 00 00 ff 00 00 00 00 00 00 00 00
  ..............p. 00 00 00 00 00 00 00 00 00 00 00 00 10 0a 70 0e
002401-002415 StringBlock "line_template"
002416-002459 DataBlock
  ................ 00 00 f2 ff ff ff 00 00 00 00 00 01 00 00 00 00
  ................ 00 01 00 00 00 00 01 00 00 00 00 02 00 00 00 00
  ............     00 00 00 00 00 00 00 00 d0 86 8c 0f
002460-002508 ImageListBlock 1 elements:
  002464-002508 ImageBlock id=217445952 xsize=400 ysize=24 path="ui\\skins\\default\\h_line.png" unknown=0
002509-002517 DataBlock
  .........        00 00 00 00 00 01 00 00 00
002518-002521 StateIDBlock 260867792
002522-002531 NewStateBlock "NewState"
002532-002535 XSizeBlock 364
002536-002539 YSizeBlock 24
002540-002568 DataBlock
  ................ 00 00 00 00 02 00 00 00 00 00 00 00 00 00 00 00
  .............    01 00 00 00 01 00 00 00 00 00 00 00 00
002569-002591 FontNameBlock "la_gioconda_uppercase"
002592-002607 DataBlock
  ................ 10 00 00 00 04 00 00 00 00 00 00 00 00 00 00 ff
002608-002623 StringBlock "fe_button_text"
002624-002639 DataBlock
  ................ 00 00 00 00 00 00 00 00 00 00 00 00 01 00 00 00
002640-002650 T0Block "normal_t0"
002651-002666 DataBlock
  ................ 00 00 00 00 00 00 00 00 00 00 00 00 00 00 00 00
002667-002677 T0Block "normal_t0"
002678-002697 DataBlock
  ................ 00 00 00 00 00 00 00 00 00 00 00 00 00 00 00 00
  ....             01 00 00 00
002698-002721 ImageUseBlock id=217445952 xofs=2 yofs=0 xsize=361 ysize=24 brga=4294967295
002722-002817 DataBlock
  ................ 00 00 00 00 00 00 00 00 00 00 00 00 00 00 00 01
  ................ 01 00 00 00 00 00 00 00 00 00 00 00 00 00 00 00
  ................ 00 00 00 00 00 00 00 00 00 00 00 00 00 00 00 00
  ..B............. 00 a0 42 00 00 00 00 00 00 00 00 00 00 00 00 00
  ................ 00 00 00 00 00 00 00 ff 00 00 00 00 00 00 00 00
  ..............?. 00 00 00 00 00 00 00 00 00 00 00 00 90 8f 3f 0c
002818-002827 StringBlock "mon_from"
002828-002871 DataBlock
  ..|............. 00 00 7c 00 00 00 1e 00 00 00 00 00 00 00 00 00
  ................ 00 01 00 00 00 00 01 00 00 00 00 00 00 00 00 00
  .........g\.     00 00 00 00 00 00 00 00 b0 67 5c 0c
002872-002920 ImageListBlock 1 elements:
  002876-002920 ImageBlock id=207384256 xsize=16 ysize=16 path="ui\\skins\\default\\mon_24.png" unknown=0
002921-002929 DataBlock
  .........        00 00 00 00 00 01 00 00 00
002930-002933 StateIDBlock 207382448
002934-002943 NewStateBlock "NewState"
002944-002947 XSizeBlock 24
002948-002951 YSizeBlock 24
002952-002980 DataBlock
  ................ 00 00 00 00 02 00 00 00 00 00 00 00 00 00 00 00
  .............    01 00 00 00 01 00 00 00 00 00 00 00 00
002981-002996 FontNameBlock "georgia_italic"
002997-003012 DataBlock
  ................ 0a 00 00 00 02 00 00 00 01 00 00 00 dd da fa ff
003013-003035 StringBlock "Default Font Category"
003036-003051 DataBlock
  ................ 00 00 00 00 00 00 00 00 00 00 00 00 00 00 00 00
003052-003062 T0Block "normal_t0"
003063-003078 DataBlock
  ................ 00 00 00 00 00 00 00 00 00 00 00 00 00 00 00 00
003079-003089 T0Block "normal_t0"
003090-003109 DataBlock
  ................ 00 00 00 00 00 00 00 00 00 00 00 00 00 00 00 00
  ....             01 00 00 00
003110-003133 ImageUseBlock id=207384256 xofs=0 yofs=0 xsize=24 ysize=24 brga=4294967295
003134-003229 DataBlock
  ................ 00 00 00 00 00 00 00 00 00 00 00 00 00 00 00 01
  ................ 01 00 00 00 00 00 00 00 00 00 00 00 00 00 00 00
  ................ 00 00 00 00 00 00 00 00 00 00 00 00 00 00 00 00
  ................ 00 00 00 00 00 00 00 00 00 00 00 00 00 00 00 00
  ................ 00 00 00 00 00 00 00 ff 00 00 00 00 00 00 00 00
  .............|\. 00 00 00 00 00 00 00 00 00 00 00 00 c0 7c 5c 0c
003230-003237 StringBlock "mon_to"
003238-003281 DataBlock
  ................ 00 00 b8 00 00 00 1e 00 00 00 00 00 00 00 00 00
  ................ 00 01 00 00 00 00 01 00 00 00 00 00 00 00 00 00
  ........ .\.     00 00 00 00 00 00 00 00 20 80 5c 0c
003282-003330 ImageListBlock 1 elements:
  003286-003330 ImageBlock id=207379584 xsize=24 ysize=24 path="ui\\skins\\default\\mon_24.png" unknown=0
003331-003339 DataBlock
  .........        00 00 00 00 00 01 00 00 00
003340-003343 StateIDBlock 207388704
003344-003353 NewStateBlock "NewState"
003354-003357 XSizeBlock 24
003358-003361 YSizeBlock 24
003362-003390 DataBlock
  ................ 00 00 00 00 02 00 00 00 00 00 00 00 00 00 00 00
  .............    01 00 00 00 01 00 00 00 00 00 00 00 00
003391-003406 FontNameBlock "georgia_italic"
003407-003422 DataBlock
  ................ 0a 00 00 00 02 00 00 00 01 00 00 00 dd da fa ff
003423-003445 StringBlock "Default Font Category"
003446-003461 DataBlock
  ................ 00 00 00 00 00 00 00 00 00 00 00 00 00 00 00 00
003462-003472 T0Block "normal_t0"
003473-003488 DataBlock
  ................ 00 00 00 00 00 00 00 00 00 00 00 00 00 00 00 00
003489-003499 T0Block "normal_t0"
003500-003519 DataBlock
  ................ 00 00 00 00 00 00 00 00 00 00 00 00 00 00 00 00
  ....             01 00 00 00
003520-003543 ImageUseBlock id=207379584 xofs=0 yofs=0 xsize=24 ysize=24 brga=4294967295
003544-003639 DataBlock
  ................ 00 00 00 00 00 00 00 00 00 00 00 00 00 00 00 01
  ................ 01 00 00 00 00 00 00 00 00 00 00 00 00 00 00 00
  ................ 00 00 00 00 00 00 00 00 00 00 00 00 00 00 00 00
  ................ 00 00 00 00 00 00 00 00 00 00 00 00 00 00 00 00
  ................ 00 00 00 00 00 00 00 ff 00 00 00 00 00 00 00 00
  ................ 00 00 00 00 00 00 00 00 00 00 00 00 a0 dc a7 0f
003640-003653 StringBlock "icon_compare"
003654-003697 DataBlock
  ................ 00 00 98 00 00 00 1c 00 00 00 00 01 01 00 00 00
  ................ 00 01 00 00 00 00 01 00 00 00 00 00 00 00 00 00
  ............     00 00 00 00 00 00 00 00 00 e0 a7 0f
003698-003770 ImageListBlock 1 elements:
  003702-003770 ImageBlock id=205493360 xsize=24 ysize=24 path="ui\\skins\\default\\icon_diplomacy_attitude_player.png" unknown=0
003771-003779 DataBlock
  .........        00 00 00 00 00 01 00 00 00
003780-003783 StateIDBlock 262660096
003784-003793 NewStateBlock "NewState"
003794-003797 XSizeBlock 30
003798-003801 YSizeBlock 30
003802-003830 DataBlock
  ................ 00 00 00 00 02 00 00 00 00 00 00 00 00 00 00 00
  .............    01 00 00 00 01 00 00 00 00 00 00 00 00
003831-003846 FontNameBlock "georgia_italic"
003847-003862 DataBlock
  ................ 0a 00 00 00 02 00 00 00 01 00 00 00 dd da fa ff
003863-003885 StringBlock "Default Font Category"
003886-003901 DataBlock
  ................ 00 00 00 00 00 00 00 00 00 00 00 00 00 00 00 00
003902-003912 T0Block "normal_t0"
003913-003928 DataBlock
  ................ 00 00 00 00 00 00 00 00 00 00 00 00 00 00 00 00
003929-003939 T0Block "normal_t0"
003940-003959 DataBlock
  ................ 00 00 00 00 00 00 00 00 00 00 00 00 00 00 00 00
  ....             01 00 00 00
003960-003983 ImageUseBlock id=205493360 xofs=0 yofs=0 xsize=30 ysize=30 brga=4294967295
003984-004079 DataBlock
  ................ 00 00 00 00 00 00 00 00 00 00 00 00 00 00 00 01
  ................ 01 00 00 00 00 00 00 00 00 00 00 00 00 00 00 00
  ................ 00 00 00 00 00 00 00 00 00 00 00 00 00 00 00 00
  ................ 00 00 00 00 00 00 00 00 00 00 00 00 00 00 00 00
  ................ 00 00 00 00 00 00 00 ff 00 00 00 00 00 00 00 00
  ................ 00 00 00 00 00 00 00 00 00 00 00 00 80 f2 8d 0e
004080-004100 StringBlock "line_template_lower"
004101-004144 DataBlock
  ......$......... 00 00 f2 ff ff ff 24 00 00 00 00 01 00 00 00 00
  ................ 00 01 00 00 00 00 01 00 00 00 00 08 00 00 00 00
  ........p...     00 00 00 00 00 00 00 00 70 1b 97 0c
004145-004193 ImageListBlock 1 elements:
  004149-004193 ImageBlock id=379461952 xsize=400 ysize=24 path="ui\\skins\\default\\h_line.png" unknown=0
004194-004202 DataBlock
  .........        00 00 00 00 00 01 00 00 00
004203-004206 StateIDBlock 211229552
004207-004216 NewStateBlock "NewState"
004217-004220 XSizeBlock 364
004221-004224 YSizeBlock 24
004225-004253 DataBlock
  ................ 00 00 00 00 02 00 00 00 00 00 00 00 00 00 00 00
  .............    01 00 00 00 01 00 00 00 00 00 00 00 00
004254-004276 FontNameBlock "la_gioconda_uppercase"
004277-004292 DataBlock
  ................ 10 00 00 00 04 00 00 00 00 00 00 00 00 00 00 ff
004293-004308 StringBlock "fe_button_text"
004309-004324 DataBlock
  ................ 00 00 00 00 00 00 00 00 00 00 00 00 01 00 00 00
004325-004335 T0Block "normal_t0"
004336-004351 DataBlock
  ................ 00 00 00 00 00 00 00 00 00 00 00 00 00 00 00 00
004352-004362 T0Block "normal_t0"
004363-004382 DataBlock
  ................ 00 00 00 00 00 00 00 00 00 00 00 00 00 00 00 00
  ....             01 00 00 00
004383-004406 ImageUseBlock id=379461952 xofs=2 yofs=0 xsize=361 ysize=24 brga=4294967295
004407-004511 DataBlock
  ................ 00 00 00 00 00 00 00 00 00 00 00 00 00 00 00 01
  ................ 01 00 00 00 00 00 00 00 00 00 00 00 00 00 00 00
  ................ 00 00 00 00 00 00 00 00 00 00 00 00 00 00 00 00
  ..B............. 00 a0 42 00 00 00 00 00 00 00 00 00 00 00 00 00
  ................ 00 00 00 00 00 00 00 ff 00 00 00 00 00 00 00 00
  ................ 00 00 00 00 00 00 00 00 00 00 00 00 00 00 00 00
  .....0.(.        00 00 00 00 00 30 0e 28 0b
004512-004528 StringBlock "footer_template"
004529-004588 DataBlock
  ......A......... 00 00 00 00 00 00 41 00 00 00 00 01 01 00 00 00
  ................ 00 01 00 00 00 00 01 00 00 00 00 08 00 00 00 00
  ................ 00 00 00 00 00 00 00 00 00 00 00 00 00 00 00 00
  ............     00 00 00 00 00 00 00 00 01 00 00 00
004589-004592 StateIDBlock 187175312
004593-004602 NewStateBlock "NewState"
004603-004606 XSizeBlock 336
004607-004610 YSizeBlock 60
004611-004639 DataBlock
  ................ 00 00 00 00 02 00 00 00 00 00 00 00 00 00 00 00
  .............    01 00 00 00 01 00 00 00 00 00 00 00 00
004640-004662 FontNameBlock "la_gioconda_uppercase"
004663-004678 DataBlock
  ................ 10 00 00 00 04 00 00 00 00 00 00 00 d7 f8 ff ff
004679-004700 StringBlock "fe_paragraph_heading"
004701-004716 DataBlock
  ................ 00 00 00 00 00 00 00 00 00 00 00 00 00 00 00 00
004717-004727 T0Block "normal_t0"
004728-004743 DataBlock
  ................ 00 00 00 00 00 00 00 00 00 00 00 00 00 00 00 00
004744-004754 T0Block "normal_t0"
004755-004806 DataBlock
  ................ 00 00 00 00 00 00 00 00 00 00 00 00 00 00 00 00
  ................ 00 00 00 00 00 00 00 00 00 00 00 00 00 00 00 00
  ................ 00 00 00 00 ff 00 00 00 00 00 00 00 04 00 00 00
  @.(.             40 1a 28 0b
004807-004821 StringBlock "line_template"
004822-004865 DataBlock
  ................ 00 00 f2 ff ff ff 00 00 00 00 00 01 00 00 00 00
  ................ 00 01 00 00 00 00 01 00 00 00 00 02 00 00 00 00
  ........`W..     00 00 00 00 00 00 00 00 60 57 a5 0b
004866-004914 ImageListBlock 1 elements:
  004870-004914 ImageBlock id=187178512 xsize=400 ysize=24 path="ui\\skins\\default\\h_line.png" unknown=0
004915-004923 DataBlock
  .........        00 00 00 00 00 01 00 00 00
004924-004927 StateIDBlock 195385184
004928-004937 NewStateBlock "NewState"
004938-004941 XSizeBlock 364
004942-004945 YSizeBlock 24
004946-004974 DataBlock
  ................ 00 00 00 00 02 00 00 00 00 00 00 00 00 00 00 00
  .............    01 00 00 00 01 00 00 00 00 00 00 00 00
004975-004997 FontNameBlock "la_gioconda_uppercase"
004998-005013 DataBlock
  ................ 10 00 00 00 04 00 00 00 00 00 00 00 00 00 00 ff
005014-005029 StringBlock "fe_button_text"
005030-005045 DataBlock
  ................ 00 00 00 00 00 00 00 00 00 00 00 00 01 00 00 00
005046-005056 T0Block "normal_t0"
005057-005072 DataBlock
  ................ 00 00 00 00 00 00 00 00 00 00 00 00 00 00 00 00
005073-005083 T0Block "normal_t0"
005084-005103 DataBlock
  ................ 00 00 00 00 00 00 00 00 00 00 00 00 00 00 00 00
  ....             01 00 00 00
005104-005127 ImageUseBlock id=187178512 xofs=2 yofs=0 xsize=364 ysize=24 brga=4294967295
005128-005223 DataBlock
  ................ 00 00 01 00 00 00 00 00 00 00 00 00 00 00 00 01
  ................ 01 00 00 00 00 00 00 00 00 00 00 00 00 00 00 00
  ................ 00 00 00 00 00 00 00 00 00 00 00 00 00 00 00 00
  ..B............. 00 a0 42 00 00 00 00 00 00 00 00 00 00 00 00 00
  ................ 00 00 00 00 00 00 00 ff 00 00 00 00 00 00 00 00
  ................ 00 00 00 00 00 00 00 00 00 00 00 00 90 ad e7 08
005224-005230 StringBlock "value"
005231-005294 DataBlock
  ................ 00 00 1e 01 00 00 00 00 00 00 00 01 01 00 00 00
  ................ 00 01 00 00 00 00 01 00 00 00 00 03 00 00 00 00
  ................ 00 00 00 00 00 00 00 00 00 00 00 00 00 00 00 00
  ............@.<. 00 00 00 00 00 00 00 00 03 00 00 00 40 bf 3c 09
005295-005303 StringBlock "neutral"
005304-005311 DataBlock
  2.......         32 00 00 00 1e 00 00 00
005312-005323 UnicodeBlock "dy_10"
005324-005346 DataBlock
  ................ 00 00 02 00 00 00 04 00 00 00 00 00 00 00 02 00
  .......          00 00 01 00 00 00 00
005347-005400 UnicodeBlock "value_negative_Text_48000b"
005401-005402 DataBlock
  ..               00 00
005403-005415 FontNameBlock "la_gioconda"
005416-005431 DataBlock
  ................ 0c 00 00 00 07 00 00 00 00 00 00 00 00 d7 ff ff
005432-005445 StringBlock "fe_text_gold"
005446-005461 DataBlock
  ................ 00 00 00 00 00 00 00 00 00 00 00 00 00 00 00 00
005462-005472 T0Block "normal_t0"
005473-005488 DataBlock
  ................ 00 00 00 00 00 00 00 00 00 00 00 00 00 00 00 00
005489-005499 T0Block "normal_t0"
005500-005535 DataBlock
  ................ 00 00 00 00 00 00 00 00 00 00 00 00 00 00 00 00
  ................ 00 00 00 00 00 00 00 00 00 00 00 00 00 00 00 00
  ....             f0 b0 e7 08
005536-005545 StringBlock "negative"
005546-005553 DataBlock
  2.......         32 00 00 00 1e 00 00 00
005554-005565 UnicodeBlock "dy_10"
005566-005588 DataBlock
  ................ 00 00 02 00 00 00 04 00 00 00 00 00 00 00 02 00
  .......          00 00 01 00 00 00 00
005589-005642 UnicodeBlock "value_negative_Text_48000b"
005643-005644 DataBlock
  ..               00 00
005645-005657 FontNameBlock "la_gioconda"
005658-005673 DataBlock
  ............7K.. 0c 00 00 00 00 00 00 00 00 00 00 00 37 4b ff ff
005674-005686 StringBlock "fe_text_red"
005687-005702 DataBlock
  ................ 00 00 00 00 00 00 00 00 00 00 00 00 00 00 00 00
005703-005713 T0Block "normal_t0"
005714-005729 DataBlock
  ................ 00 00 00 00 00 00 00 00 00 00 00 00 00 00 00 00
005730-005740 T0Block "normal_t0"
005741-005776 DataBlock
  ................ 00 00 00 00 00 00 00 00 00 00 00 00 00 00 00 00
  ................ 00 00 00 00 00 00 00 00 00 00 00 00 00 00 00 00
  ....             f0 b2 e7 08
005777-005786 StringBlock "positive"
005787-005794 DataBlock
  2.......         32 00 00 00 1e 00 00 00
005795-005806 UnicodeBlock "dy_10"
005807-005829 DataBlock
  ................ 00 00 02 00 00 00 04 00 00 00 00 00 00 00 02 00
  .......          00 00 01 00 00 00 00
005830-005883 UnicodeBlock "value_positive_Text_48000b"
005884-005885 DataBlock
  ..               00 00
005886-005898 FontNameBlock "la_gioconda"
005899-005914 DataBlock
  ............F.t. 0c 00 00 00 07 00 00 00 00 00 00 00 46 e1 74 ff
005915-005929 StringBlock "fe_text_green"
005930-005945 DataBlock
  ................ 00 00 00 00 00 00 00 00 00 00 00 00 00 00 00 00
005946-005956 T0Block "normal_t0"
005957-005972 DataBlock
  ................ 00 00 00 00 00 00 00 00 00 00 00 00 00 00 00 00
005973-005983 T0Block "normal_t0"
005984-006044 DataBlock
  ................ 00 00 00 00 00 00 00 00 00 00 00 00 00 00 00 00
  ................ 00 00 00 00 00 00 00 00 00 00 00 00 00 00 00 00
  ................ 00 00 00 00 ff 00 00 00 00 00 00 00 00 00 00 00
  .........P.^.    00 00 00 00 00 00 00 00 00 50 e8 5e 09
006045-006057 StringBlock "dy_attitude"
006058-006101 DataBlock
  ..2............. 00 00 32 00 00 00 1e 00 00 00 00 01 01 00 00 00
  ................ 00 01 00 00 00 00 01 00 00 00 00 09 00 00 00 00
  ............     00 00 00 00 00 00 00 00 00 00 00 00
006102-006150 ImageListBlock 1 elements:
  006106-006150 ImageBlock id=77109584 xsize=400 ysize=24 path="ui\\skins\\default\\h_line.png" unknown=0
006151-006163 DataBlock
  .............    00 00 00 00 00 03 00 00 00 a0 80 a8 0c
006164-006172 StringBlock "neutral"
006173-006180 DataBlock
  ........         1e 01 00 00 1e 00 00 00
006181-006200 UnicodeBlock "dy_footer"
006201-006223 DataBlock
  ................ 00 00 03 00 00 00 04 00 00 00 00 00 00 00 01 00
  .......          00 00 01 00 00 00 00
006224-006291 UnicodeBlock "copy of value_neutral_Text_150052"
006292-006293 DataBlock
  ..               00 00
006294-006306 FontNameBlock "la_gioconda"
006307-006322 DataBlock
  ................ 0c 00 00 00 07 00 00 00 00 00 00 00 00 d7 ff ff
006323-006336 StringBlock "fe_text_gold"
006337-006352 DataBlock
  ................ 10 00 00 00 00 00 00 00 00 00 00 00 00 00 00 00
006353-006363 T0Block "normal_t0"
006364-006379 DataBlock
  ................ 00 00 00 00 00 00 00 00 00 00 00 00 00 00 00 00
006380-006390 T0Block "normal_t0"
006391-006410 DataBlock
  ................ 00 00 00 00 00 00 00 00 00 00 00 00 00 00 00 00
  ....             01 00 00 00
006411-006434 ImageUseBlock id=77109584 xofs=0 yofs=6 xsize=286 ysize=24 brga=16777215
006435-006505 DataBlock
  ................ 00 00 00 08 00 00 00 00 00 00 00 00 00 00 00 01
  ................ 00 00 00 00 00 00 00 00 00 00 00 00 00 00 00 00
  ................ 00 00 00 00 00 00 00 00 00 00 00 00 00 00 00 00
  ................ 00 00 00 00 00 00 00 00 00 00 00 00 00 00 00 00
  ...`2..          00 00 00 60 32 03 0c
006506-006515 StringBlock "positive"
006516-006523 DataBlock
  ........         1e 01 00 00 1e 00 00 00
006524-006543 UnicodeBlock "dy_footer"
006544-006566 DataBlock
  ................ 00 00 03 00 00 00 04 00 00 00 00 00 00 00 01 00
  .......          00 00 01 00 00 00 00
006567-006636 UnicodeBlock "copy of value_positive_Text_150052"
006637-006638 DataBlock
  ..               00 00
006639-006651 FontNameBlock "la_gioconda"
006652-006667 DataBlock
  ............F.t. 0c 00 00 00 07 00 00 00 00 00 00 00 46 e1 74 ff
006668-006682 StringBlock "fe_text_green"
006683-006698 DataBlock
  ................ 10 00 00 00 00 00 00 00 00 00 00 00 00 00 00 00
006699-006709 T0Block "normal_t0"
006710-006725 DataBlock
  ................ 00 00 00 00 00 00 00 00 00 00 00 00 00 00 00 00
006726-006736 T0Block "normal_t0"
006737-006756 DataBlock
  ................ 00 00 00 00 00 00 00 00 00 00 00 00 00 00 00 00
  ....             01 00 00 00
006757-006780 ImageUseBlock id=77109584 xofs=0 yofs=6 xsize=286 ysize=24 brga=16777215
006781-006851 DataBlock
  ................ 00 00 00 08 00 00 00 00 00 00 00 00 00 00 00 01
  ................ 00 00 00 00 00 00 00 00 00 00 00 00 00 00 00 00
  ................ 00 00 00 00 00 00 00 00 00 00 00 00 00 00 00 00
  ................ 00 00 00 00 00 00 00 00 00 00 00 00 00 00 00 00
  .......          00 00 00 c0 9b 98 04
006852-006861 StringBlock "negative"
006862-006869 DataBlock
  ........         1e 01 00 00 1e 00 00 00
006870-006889 UnicodeBlock "dy_footer"
006890-006912 DataBlock
  ................ 00 00 03 00 00 00 04 00 00 00 00 00 00 00 01 00
  .......          00 00 01 00 00 00 00
006913-006982 UnicodeBlock "copy of value_negative_Text_150052"
006983-006984 DataBlock
  ..               00 00
006985-006997 FontNameBlock "la_gioconda"
006998-007013 DataBlock
  ............7K.. 0c 00 00 00 00 00 00 00 00 00 00 00 37 4b ff ff
007014-007026 StringBlock "fe_text_red"
007027-007042 DataBlock
  ................ 10 00 00 00 00 00 00 00 00 00 00 00 00 00 00 00
007043-007053 T0Block "normal_t0"
007054-007069 DataBlock
  ................ 00 00 00 00 00 00 00 00 00 00 00 00 00 00 00 00
007070-007080 T0Block "normal_t0"
007081-007100 DataBlock
  ................ 00 00 00 00 00 00 00 00 00 00 00 00 00 00 00 00
  ....             01 00 00 00
007101-007124 ImageUseBlock id=77109584 xofs=0 yofs=6 xsize=286 ysize=24 brga=16777215
007125-007220 DataBlock
  ................ 00 00 00 08 00 00 00 00 00 00 00 00 00 00 00 01
  ................ 00 00 00 00 00 00 00 00 00 00 00 00 00 00 00 00
  ................ 00 00 00 00 00 00 00 00 00 00 00 00 00 00 00 00
  ................ 00 00 00 00 00 00 00 00 00 00 00 00 00 00 00 00
  ................ 00 00 00 00 00 00 00 ff 00 00 00 00 00 00 00 00
  ............@vs. 00 00 00 00 00 00 00 00 00 00 00 00 40 76 73 0c
007221-007239 StringBlock "tx_total_attitude"
007240-007299 DataBlock
  ................ 00 00 00 00 00 00 00 00 00 00 00 01 01 00 00 00
  ................ 00 01 00 00 00 00 01 00 00 00 00 02 00 00 00 00
  .........tM..... 00 00 00 00 00 00 00 00 d0 74 4d 09 00 00 00 00
  ............     00 00 00 00 00 00 00 00 01 00 00 00
007300-007303 StateIDBlock 156071120
007304-007313 NewStateBlock "NewState"
007314-007317 XSizeBlock 336
007318-007321 YSizeBlock 30
007322-007365 UnicodeBlock "Total attitude value:"
007366-007388 DataBlock
  ................ 00 00 02 00 00 00 04 00 00 00 00 00 00 00 02 00
  .......          00 00 01 00 00 00 01
007389-007466 UnicodeBlock "tx_total_attitude_NewState_Text_5c0047"
007467-007468 DataBlock
  ..               00 00
007469-007481 FontNameBlock "la_gioconda"
007482-007497 DataBlock
  ................ 0c 00 00 00 07 00 00 00 00 00 00 00 d7 f8 ff ff
007498-007506 StringBlock "fe_text"
007507-007522 DataBlock
  ................ 06 00 00 00 00 00 00 00 00 00 00 00 01 00 00 00
007523-007533 T0Block "normal_t0"
007534-007549 DataBlock
  ................ 00 00 00 00 00 00 00 00 00 00 00 00 00 00 00 00
007550-007560 T0Block "normal_t0"
007561-007627 DataBlock
  ................ 00 00 00 00 00 00 00 00 00 00 00 00 00 00 00 00
  ................ 00 00 00 00 00 00 00 00 00 00 00 00 00 00 00 00
  ................ 00 00 00 00 ff 00 00 00 00 00 00 00 00 00 00 00
  ................ 00 00 00 00 00 00 00 01 00 00 00 00 00 00 00 00
  ...              00 00 01
007628-007633 StringBlock "List"
007634-007667 DataBlock
  .......C........ 01 00 00 00 00 00 aa 43 00 00 00 00 05 00 00 00
  ................ 00 01 00 00 00 00 00 00 00 00 00 00 00 00 00 b8
  .#               fe 23
007668-007684 StringBlock "header_template"
007685-007744 DataBlock
  ......N......... 00 00 05 00 00 00 4e 00 00 00 00 01 01 00 00 00
  ................ 00 01 00 00 00 00 01 00 00 00 00 00 00 00 00 00
  ................ 00 00 00 00 00 00 00 00 00 00 00 00 00 00 00 00
  ............     00 00 00 00 00 00 00 00 01 00 00 00
007745-007748 StateIDBlock 597433408
007749-007758 NewStateBlock "NewState"
007759-007762 XSizeBlock 336
007763-007766 YSizeBlock 30
007767-007786 UnicodeBlock "dy_header"
007787-007809 DataBlock
  ................ 00 00 02 00 00 00 04 00 00 00 00 00 00 00 02 00
  .......          00 00 01 00 00 00 00
007810-007883 UnicodeBlock "header_template_NewState_Text_150048"
007884-007885 DataBlock
  ..               00 00
007886-007898 FontNameBlock "la_gioconda"
007899-007914 DataBlock
  ................ 0c 00 00 00 07 00 00 00 00 00 00 00 d7 f8 ff ff
007915-007923 StringBlock "fe_text"
007924-007939 DataBlock
  ................ 06 00 00 00 00 00 00 00 00 00 00 00 00 00 00 00
007940-007950 T0Block "normal_t0"
007951-007966 DataBlock
  ................ 00 00 00 00 00 00 00 00 00 00 00 00 00 00 00 00
007967-007977 T0Block "normal_t0"
007978-008029 DataBlock
  ................ 00 00 00 00 00 00 00 00 00 00 00 00 00 00 00 00
  ................ 00 00 00 00 00 00 00 00 00 00 00 00 00 00 00 00
  ................ 00 00 00 00 ff 00 00 00 00 00 00 00 02 00 00 00
  ...#             80 bb fe 23
008030-008036 StringBlock "value"
008037-008080 DataBlock
  ................ 00 00 1e 01 00 00 05 00 00 00 00 00 00 00 00 00
  ................ 00 00 00 00 00 00 01 00 00 00 00 06 00 00 00 00
  ............     00 00 00 00 00 00 00 00 00 00 00 00
008081-008129 ImageListBlock 1 elements:
  008085-008129 ImageBlock id=293522464 xsize=400 ysize=24 path="ui\\skins\\default\\h_line.png" unknown=0
008130-008142 DataBlock
  ............#    00 00 00 00 00 01 00 00 00 80 1e 9c 23
008143-008151 StringBlock "default"
008152-008159 DataBlock
  2.......         32 00 00 00 14 00 00 00
008160-008171 UnicodeBlock "dy_10"
008172-008194 DataBlock
  ................ 00 00 02 00 00 00 04 00 00 00 00 00 00 00 01 00
  .......          00 00 01 00 00 00 00
008195-008246 UnicodeBlock "value_default_Text_48000b"
008247-008248 DataBlock
  ..               00 00
008249-008261 FontNameBlock "la_gioconda"
008262-008277 DataBlock
  ................ 0c 00 00 00 07 00 00 00 00 00 00 00 d7 f8 ff ff
008278-008286 StringBlock "fe_text"
008287-008302 DataBlock
  ................ 00 00 00 00 00 00 00 00 00 00 00 00 00 00 00 00
008303-008313 T0Block "normal_t0"
008314-008329 DataBlock
  ................ 00 00 00 00 00 00 00 00 00 00 00 00 00 00 00 00
008330-008340 T0Block "normal_t0"
008341-008360 DataBlock
  ................ 00 00 00 00 00 00 00 00 00 00 00 00 00 00 00 00
  ....             01 00 00 00
008361-008384 ImageUseBlock id=293522464 xofs=0 yofs=4294967292 xsize=50 ysize=24 brga=16777215
008385-008480 DataBlock
  ................ 00 00 00 08 00 00 00 00 00 00 00 00 00 00 00 01
  ................ 00 00 00 00 00 00 00 00 00 00 00 00 00 00 00 00
  ................ 00 00 00 00 00 00 00 00 00 00 00 00 00 00 00 00
  ................ 00 00 00 00 00 00 00 00 00 00 00 00 00 00 00 00
  ................ 00 00 00 00 00 00 00 ff 00 00 00 00 00 00 00 00
  ............0.". 00 00 00 00 00 00 00 00 00 00 00 00 30 2e 22 0e
008481-008495 StringBlock "line_template"
008496-008539 DataBlock
  ................ 00 00 f2 ff ff ff 06 00 00 00 00 00 00 00 00 00
  ................ 00 01 00 00 00 00 01 00 00 00 00 08 00 00 00 00
  .........W..     00 00 00 00 00 00 00 00 00 57 ec 0b
008540-008588 ImageListBlock 1 elements:
  008544-008588 ImageBlock id=245734448 xsize=400 ysize=24 path="ui\\skins\\default\\h_line.png" unknown=0
008589-008597 DataBlock
  .........        00 00 00 00 00 01 00 00 00
008598-008601 StateIDBlock 200038144
008602-008611 NewStateBlock "NewState"
008612-008615 XSizeBlock 364
008616-008619 YSizeBlock 24
008620-008648 DataBlock
  ................ 00 00 00 00 02 00 00 00 00 00 00 00 00 00 00 00
  .............    01 00 00 00 01 00 00 00 00 00 00 00 00
008649-008671 FontNameBlock "la_gioconda_uppercase"
008672-008687 DataBlock
  ................ 10 00 00 00 04 00 00 00 00 00 00 00 00 00 00 ff
008688-008703 StringBlock "fe_button_text"
008704-008719 DataBlock
  ................ 00 00 00 00 00 00 00 00 00 00 00 00 01 00 00 00
008720-008730 T0Block "normal_t0"
008731-008746 DataBlock
  ................ 00 00 00 00 00 00 00 00 00 00 00 00 00 00 00 00
008747-008757 T0Block "normal_t0"
008758-008777 DataBlock
  ................ 00 00 00 00 00 00 00 00 00 00 00 00 00 00 00 00
  ....             01 00 00 00
008778-008801 ImageUseBlock id=245734448 xofs=2 yofs=0 xsize=364 ysize=24 brga=4294967295
008802-008906 DataBlock
  ................ 00 00 00 00 00 00 00 00 00 00 00 00 00 00 00 01
  ................ 01 00 00 00 00 00 00 00 00 00 00 00 00 00 00 00
  ................ 00 00 00 00 00 00 00 00 00 00 00 00 00 00 00 00
  ..B............. 00 a0 42 00 00 00 00 00 00 00 00 00 00 00 00 00
  ................ 00 00 00 00 00 00 00 ff 00 00 00 00 00 00 00 00
  ................ 00 00 00 00 00 00 00 00 00 00 00 00 00 00 00 00
  ........#        00 00 00 00 00 00 c6 fe 23
008907-008929 StringBlock "factors_list_template"
008930-008989 DataBlock
  ......N......... 00 00 05 00 00 00 4e 00 00 00 00 00 01 00 00 00
  ................ 00 01 00 00 00 00 01 00 00 00 00 00 00 00 00 00
  ................ 00 00 00 00 00 00 00 00 00 00 00 00 00 00 00 00
  ............     00 00 00 00 00 00 00 00 01 00 00 00
008990-008993 StateIDBlock 282526976
008994-009003 NewStateBlock "NewState"
009004-009007 XSizeBlock 340
009008-009011 YSizeBlock 50
009012-009040 DataBlock
  ................ 00 00 00 00 02 00 00 00 00 00 00 00 00 00 00 00
  .............    01 00 00 00 01 00 00 00 00 00 00 00 00
009041-009053 FontNameBlock "la_gioconda"
009054-009069 DataBlock
  ................ 0c 00 00 00 07 00 00 00 00 00 00 00 00 00 00 ff
009070-009088 StringBlock "ingame_text_small"
009089-009104 DataBlock
  ................ 00 00 00 00 00 00 00 00 00 00 00 00 00 00 00 00
009105-009115 T0Block "normal_t0"
009116-009131 DataBlock
  ................ 00 00 00 00 00 00 00 00 00 00 00 00 00 00 00 00
009132-009142 T0Block "normal_t0"
009143-009186 DataBlock
  ................ 00 00 00 00 00 00 00 00 00 00 00 00 00 00 00 00
  ................ 00 00 00 00 00 00 00 00 00 00 00 00 00 00 00 00
  ............     00 00 00 00 ff 00 00 00 01 00 00 00
009187-009193 StringBlock "scale"
009194-009259 DataBlock
  ................ 00 00 01 00 00 00 00 00 00 00 00 00 00 00 e8 00
  ..X............. 00 00 58 02 00 00 ff ff ff ff 00 00 00 00 00 00
  ................ 00 00 00 00 00 00 00 00 00 00 00 00 00 00 ff ff
  ................ ff ff ff ff ff ff c8 00 00 00 04 00 00 00 00 00
  .?               80 3f
009260-009267 StringBlock "Linear"
009268-009276 DataBlock
  .........        00 00 00 00 00 00 00 00 01
009277-009282 StringBlock "List"
009283-009316 DataBlock
  .......C........ 01 00 00 00 00 00 aa 43 00 00 00 00 00 00 00 00
  ..............`. 00 01 00 00 00 00 00 00 00 00 00 00 00 00 60 a3
  C.               43 12
009317-009331 StringBlock "item_template"
009332-009391 DataBlock
  ......l......... 00 00 05 00 00 00 6c 00 00 00 00 00 00 00 00 00
  ................ 00 01 00 00 00 00 01 00 00 00 00 00 00 00 00 00
  ................ 00 00 00 00 00 00 00 00 00 00 00 00 00 00 00 00
  ............     00 00 00 00 00 00 00 00 01 00 00 00
009392-009395 StateIDBlock 296741760
009396-009405 NewStateBlock "NewState"
009406-009409 XSizeBlock 336
009410-009413 YSizeBlock 24
009414-009442 DataBlock
  ................ 00 00 00 00 02 00 00 00 04 00 00 00 00 00 00 00
  .............    01 00 00 00 01 00 00 00 00 00 00 00 00
009443-009455 FontNameBlock "la_gioconda"
009456-009471 DataBlock
  ................ 0c 00 00 00 07 00 00 00 00 00 00 00 d7 f8 ff ff
009472-009480 StringBlock "fe_text"
009481-009496 DataBlock
  ................ 00 00 00 00 00 00 00 00 00 00 00 00 00 00 00 00
009497-009507 T0Block "normal_t0"
009508-009523 DataBlock
  ................ 00 00 00 00 00 00 00 00 00 00 00 00 00 00 00 00
009524-009534 T0Block "normal_t0"
009535-009586 DataBlock
  ................ 00 00 00 00 00 00 00 00 00 00 00 00 00 00 00 00
  ................ 00 00 00 00 00 00 00 00 00 00 00 00 00 00 00 00
  ................ 00 00 00 00 ff 00 00 00 00 00 00 00 02 00 00 00
  ..C.             c0 91 43 12
009587-009593 StringBlock "title"
009594-009653 DataBlock
  ................ 00 00 00 00 00 00 00 00 00 00 00 01 00 00 00 00
  ................ 00 01 00 00 00 00 01 00 00 00 00 04 00 00 00 00
  ................ 00 00 00 00 00 00 00 00 00 00 00 00 00 00 00 00
  ............     00 00 00 00 00 00 00 00 01 00 00 00
009654-009657 StateIDBlock 296735360
009658-009667 NewStateBlock "NewState"
009668-009671 XSizeBlock 278
009672-009675 YSizeBlock 24
009676-009693 UnicodeBlock "dy_entry"
009694-009716 DataBlock
  ................ 00 00 02 00 00 00 04 00 00 00 00 00 00 00 02 00
  .......          00 00 01 00 00 00 00
009717-009770 UnicodeBlock "title_NewState_Text_110027"
009771-009772 DataBlock
  ..               00 00
009773-009788 FontNameBlock "georgia_italic"
009789-009804 DataBlock
  ................ 0c 00 00 00 06 00 00 00 01 00 00 00 b0 d7 df ff
009805-009815 StringBlock "fe_italic"
009816-009831 DataBlock
  ................ 06 00 00 00 00 00 00 00 00 00 00 00 00 00 00 00
009832-009842 T0Block "normal_t0"
009843-009858 DataBlock
  ................ 00 00 00 00 00 00 00 00 00 00 00 00 00 00 00 00
009859-009869 T0Block "normal_t0"
009870-009930 DataBlock
  ................ 00 00 00 00 00 00 00 00 00 00 00 00 00 00 00 00
  ................ 00 00 00 00 00 00 00 00 00 00 00 00 00 00 00 00
  ................ 00 00 00 00 ff 00 00 00 00 00 00 00 00 00 00 00
  ...........C.    00 00 00 00 00 00 00 00 00 80 aa 43 12
009931-009937 StringBlock "value"
009938-010001 DataBlock
  ................ 00 00 1e 01 00 00 00 00 00 00 00 01 00 00 00 00
  ................ 00 01 00 00 00 00 01 00 00 00 00 06 00 00 00 00
  ................ 00 00 00 00 00 00 00 00 00 00 00 00 00 00 00 00
  ................ 00 00 00 00 00 00 00 00 02 00 00 00 00 fc ae 11
010002-010011 StringBlock "negative"
010012-010019 DataBlock
  2.......         32 00 00 00 18 00 00 00
010020-010031 UnicodeBlock "dy_10"
010032-010054 DataBlock
  ................ 00 00 02 00 00 00 04 00 00 00 00 00 00 00 02 00
  .......          00 00 01 00 00 00 00
010055-010108 UnicodeBlock "value_negative_Text_48000b"
010109-010110 DataBlock
  ..               00 00
010111-010123 FontNameBlock "la_gioconda"
010124-010139 DataBlock
  ............7K.. 0c 00 00 00 00 00 00 00 00 00 00 00 37 4b ff ff
010140-010152 StringBlock "fe_text_red"
010153-010168 DataBlock
  ................ 00 00 00 00 00 00 00 00 00 00 00 00 00 00 00 00
010169-010179 T0Block "normal_t0"
010180-010195 DataBlock
  ................ 00 00 00 00 00 00 00 00 00 00 00 00 00 00 00 00
010196-010206 T0Block "normal_t0"
010207-010242 DataBlock
  ................ 00 00 00 00 00 00 00 00 00 00 00 00 00 00 00 00
  ................ 00 00 00 00 00 00 00 00 00 00 00 00 00 00 00 00
  ....             c0 f4 af 11
010243-010252 StringBlock "positive"
010253-010260 DataBlock
  2.......         32 00 00 00 18 00 00 00
010261-010272 UnicodeBlock "dy_10"
010273-010295 DataBlock
  ................ 00 00 02 00 00 00 04 00 00 00 00 00 00 00 02 00
  .......          00 00 01 00 00 00 00
010296-010349 UnicodeBlock "value_positive_Text_48000b"
010350-010351 DataBlock
  ..               00 00
010352-010364 FontNameBlock "la_gioconda"
010365-010380 DataBlock
  ............F.t. 0c 00 00 00 07 00 00 00 00 00 00 00 46 e1 74 ff
010381-010395 StringBlock "fe_text_green"
010396-010411 DataBlock
  ................ 00 00 00 00 00 00 00 00 00 00 00 00 00 00 00 00
010412-010422 T0Block "normal_t0"
010423-010438 DataBlock
  ................ 00 00 00 00 00 00 00 00 00 00 00 00 00 00 00 00
010439-010449 T0Block "normal_t0"
010450-010519 DataBlock
  ................ 00 00 00 00 00 00 00 00 00 00 00 00 00 00 00 00
  ................ 00 00 00 00 00 00 00 00 00 00 00 00 00 00 00 00
  ................ 00 00 00 00 ff 00 00 00 00 00 00 00 00 00 00 00
  ................ 00 00 00 00 00 00 00 00 00 00 00 00 00 00 00 00
  ..`.).           00 00 60 fd 29 10
010520-010543 StringBlock "factors_total_template"
010544-010603 DataBlock
  ................ 00 00 05 00 00 00 ad 00 00 00 00 01 01 00 00 00
  ................ 00 01 00 00 00 00 01 00 00 00 00 00 00 00 00 00
  ................ 00 00 00 00 00 00 00 00 00 00 00 00 00 00 00 00
  ............     00 00 00 00 00 00 00 00 01 00 00 00
010604-010607 StateIDBlock 236977296
010608-010617 NewStateBlock "NewState"
010618-010621 XSizeBlock 336
010622-010625 YSizeBlock 30
010626-010639 UnicodeBlock "Total:"
010640-010662 DataBlock
  ................ 00 00 03 00 00 00 04 00 00 00 00 00 00 00 01 00
  .......          00 00 01 00 00 00 01
010663-010750 UnicodeBlock "factors_total_template_NewState_Text_34004c"
010751-010752 DataBlock
  ..               00 00
010753-010765 FontNameBlock "la_gioconda"
010766-010781 DataBlock
  ................ 0c 00 00 00 07 00 00 00 00 00 00 00 d7 f8 ff ff
010782-010790 StringBlock "fe_text"
010791-010806 DataBlock
  <............... 3c 00 00 00 00 00 00 00 00 00 00 00 00 00 00 00
010807-010817 T0Block "normal_t0"
010818-010833 DataBlock
  ................ 00 00 00 00 00 00 00 00 00 00 00 00 00 00 00 00
010834-010844 T0Block "normal_t0"
010845-010896 DataBlock
  ................ 00 00 00 00 00 00 00 00 00 00 00 00 00 00 00 00
  ................ 00 00 00 00 00 00 00 00 00 00 00 00 00 00 00 00
  ................ 00 00 00 00 ff 00 00 00 00 00 00 00 02 00 00 00
  ....             a0 1d ee 0b
010897-010911 StringBlock "line_template"
010912-010955 DataBlock
  ................ 00 00 f2 ff ff ff 00 00 00 00 00 01 00 00 00 00
  ................ 00 01 00 00 00 00 01 00 00 00 00 02 00 00 00 00
  .........!..     00 00 00 00 00 00 00 00 c0 21 ee 0b
010956-011004 ImageListBlock 1 elements:
  010960-011004 ImageBlock id=200155392 xsize=400 ysize=24 path="ui\\skins\\default\\h_line.png" unknown=0
011005-011013 DataBlock
  .........        00 00 00 00 00 01 00 00 00
011014-011017 StateIDBlock 200155584
011018-011027 NewStateBlock "NewState"
011028-011031 XSizeBlock 364
011032-011035 YSizeBlock 24
011036-011064 DataBlock
  ................ 00 00 00 00 02 00 00 00 00 00 00 00 00 00 00 00
  .............    02 00 00 00 01 00 00 00 00 00 00 00 00
011065-011087 FontNameBlock "la_gioconda_uppercase"
011088-011103 DataBlock
  ................ 10 00 00 00 04 00 00 00 00 00 00 00 00 00 00 ff
011104-011119 StringBlock "fe_button_text"
011120-011135 DataBlock
  ................ 00 00 00 00 00 00 00 00 00 00 00 00 01 00 00 00
011136-011146 T0Block "normal_t0"
011147-011162 DataBlock
  ................ 00 00 00 00 00 00 00 00 00 00 00 00 00 00 00 00
011163-011173 T0Block "normal_t0"
011174-011193 DataBlock
  ................ 00 00 00 00 00 00 00 00 00 00 00 00 00 00 00 00
  ....             01 00 00 00
011194-011217 ImageUseBlock id=200155392 xofs=2 yofs=0 xsize=364 ysize=24 brga=4294967295
011218-011313 DataBlock
  ................ 00 00 01 00 00 00 00 00 00 00 00 00 00 00 00 01
  ................ 01 00 00 00 00 00 00 00 00 00 00 00 00 00 00 00
  ................ 00 00 00 00 00 00 00 00 00 00 00 00 00 00 00 00
  ..B............. 00 a0 42 00 00 00 00 00 00 00 00 00 00 00 00 00
  ................ 00 00 00 00 00 00 00 ff 00 00 00 00 00 00 00 00
  ..............). 00 00 00 00 00 00 00 00 00 00 00 00 c0 f2 29 10
011314-011320 StringBlock "value"
011321-011364 DataBlock
  ................ 00 00 1e 01 00 00 00 00 00 00 00 01 01 00 00 00
  ................ 00 01 00 00 00 00 01 00 00 00 00 06 00 00 00 00
  ............     00 00 00 00 00 00 00 00 00 00 00 00
011365-011413 ImageListBlock 1 elements:
  011369-011413 ImageBlock id=293517824 xsize=400 ysize=24 path="ui\\skins\\default\\h_line.png" unknown=0
011414-011426 DataBlock
  .........@...    00 00 00 00 00 02 00 00 00 40 fa 1f 0e
011427-011436 StringBlock "positive"
011437-011444 DataBlock
  2.......         32 00 00 00 1e 00 00 00
011445-011454 UnicodeBlock "dy_0"
011455-011477 DataBlock
  ................ 00 00 02 00 00 00 04 00 00 00 00 00 00 00 02 00
  .......          00 00 01 00 00 00 00
011478-011531 UnicodeBlock "value_positive_Text_49003b"
011532-011533 DataBlock
  ..               00 00
011534-011546 FontNameBlock "la_gioconda"
011547-011562 DataBlock
  ............F.t. 0c 00 00 00 07 00 00 00 00 00 00 00 46 e1 74 ff
011563-011577 StringBlock "fe_text_green"
011578-011593 DataBlock
  ................ 00 00 00 00 00 00 00 00 00 00 00 00 00 00 00 00
011594-011604 T0Block "normal_t0"
011605-011620 DataBlock
  ................ 00 00 00 00 00 00 00 00 00 00 00 00 00 00 00 00
011621-011631 T0Block "normal_t0"
011632-011651 DataBlock
  ................ 00 00 00 00 00 00 00 00 00 00 00 00 00 00 00 00
  ....             01 00 00 00
011652-011675 ImageUseBlock id=293517824 xofs=0 yofs=6 xsize=50 ysize=24 brga=16777215
011676-011746 DataBlock
  ................ 00 00 00 08 00 00 00 00 00 00 00 00 00 00 00 01
  ................ 00 00 00 00 00 00 00 00 00 00 00 00 00 00 00 00
  ................ 00 00 00 00 00 00 00 00 00 00 00 00 00 00 00 00
  ................ 00 00 00 00 00 00 00 00 00 00 00 00 00 00 00 00
  ....uJ.          00 00 00 c0 75 4a 11
011747-011756 StringBlock "negative"
011757-011764 DataBlock
  2.......         32 00 00 00 1e 00 00 00
011765-011774 UnicodeBlock "dy_0"
011775-011797 DataBlock
  ................ 00 00 02 00 00 00 04 00 00 00 00 00 00 00 02 00
  .......          00 00 01 00 00 00 00
011798-011851 UnicodeBlock "value_negative_Text_49003b"
011852-011853 DataBlock
  ..               00 00
011854-011866 FontNameBlock "la_gioconda"
011867-011882 DataBlock
  ............7K.. 0c 00 00 00 00 00 00 00 00 00 00 00 37 4b ff ff
011883-011895 StringBlock "fe_text_red"
011896-011911 DataBlock
  ................ 00 00 00 00 00 00 00 00 00 00 00 00 00 00 00 00
011912-011922 T0Block "normal_t0"
011923-011938 DataBlock
  ................ 00 00 00 00 00 00 00 00 00 00 00 00 00 00 00 00
011939-011949 T0Block "normal_t0"
011950-011969 DataBlock
  ................ 00 00 00 00 00 00 00 00 00 00 00 00 00 00 00 00
  ....             01 00 00 00
011970-011993 ImageUseBlock id=293517824 xofs=0 yofs=6 xsize=50 ysize=24 brga=16777215
011994-012112 DataBlock
  ................ 00 00 00 08 00 00 00 00 00 00 00 00 00 00 00 01
  ................ 00 00 00 00 00 00 00 00 00 00 00 00 00 00 00 00
  ................ 00 00 00 00 00 00 00 00 00 00 00 00 00 00 00 00
  ................ 00 00 00 00 00 00 00 00 00 00 00 00 00 00 00 00
  ................ 00 00 00 00 00 00 00 ff 00 00 00 00 00 00 00 00
  ................ 00 00 00 00 00 00 00 00 00 00 00 00 00 00 00 00
  ................ 00 00 00 00 00 00 00 00 00 00 00 00 00 00 00 00
  .......          00 00 00 00 00 00 00
