000000-000009 VersionBlock 85
000010-000013 RootIDBlock 184221840
000014-000019 StringBlock "root"
000020-000021 StringBlock ""
000022-000025 XOffsetBlock 0
000026-000029 YOffsetBlock 0
000030-000094 DataBlock
  ................ 00 01 01 00 00 00 00 01 00 00 00 00 01 00 00 00
  ..............PZ 00 00 00 00 00 00 00 00 00 00 00 00 00 00 50 5a
  .......8+....... af 0a 01 00 00 00 d0 38 2b 0c 00 00 00 05 00 00
  ................ 00 04 00 00 00 00 00 00 00 00 00 00 00 01 00 00
  .                00
000095-000098 StateIDBlock 179264080
000099-000108 NewStateBlock "NewState"
000109-000112 XSizeBlock 1280
000113-000116 YSizeBlock 960
000117-000145 DataBlock
  ................ 00 00 00 00 02 00 00 00 00 00 00 00 00 00 00 00
  .............    01 00 00 00 01 00 00 00 00 00 00 00 00
000146-000161 FontNameBlock "georgia_italic"
000162-000177 DataBlock
  ................ 0a 00 00 00 02 00 00 00 01 00 00 00 dd da fa ff
000178-000200 StringBlock "Default Font Category"
000201-000216 DataBlock
  ................ 00 00 00 00 00 00 00 00 00 00 00 00 01 00 00 00
000217-000227 T0Block "normal_t0"
000228-000243 DataBlock
  ................ 00 00 00 00 00 00 00 00 00 00 00 00 00 00 00 00
000244-000254 T0Block "normal_t0"
000255-000385 DataBlock
  ................ 00 00 00 00 00 00 00 00 00 00 00 00 00 00 00 00
  .....8+......... 01 00 00 00 d0 38 2b 0c 00 00 00 00 00 00 00 00
  ............. 00 05 00 00 00 04 00 00 7f 7f 7f ff 00 00 00 00
  ................ 00 00 00 00 00 00 00 00 00 00 00 01 01 00 00 00
  ................ 00 00 00 00 00 00 00 00 00 00 00 00 00 00 00 00
  ................ 00 00 00 00 00 00 00 00 00 00 00 00 00 00 00 00
  ................ 00 00 00 00 00 00 00 00 00 00 00 00 00 00 00 00
  ................ 00 00 00 00 00 00 00 00 00 00 00 01 00 00 00 f0
  ...              03 fb 0a
000386-000397 StringBlock "skill_card"
000398-000427 StringBlock "CharacterDetailsCardCallback"
000428-000489 DataBlock
  g...b........... 67 02 00 00 62 01 00 00 00 01 01 00 00 00 00 01
  ................ 00 00 00 00 01 00 00 00 00 00 00 00 00 00 00 00
  ......`......... 00 00 00 00 00 00 60 0b fb 0a 00 00 00 00 00 00
  ..........P...   00 00 00 00 00 00 04 00 00 00 50 07 fb 0a
000490-000496 StringBlock "hover"
000497-000533 DataBlock
  2...P........... 32 00 00 00 50 00 00 00 00 00 00 00 02 00 00 00
  ................ 00 00 00 00 00 00 00 00 01 00 00 00 01 00 00 00
  .....            00 00 00 00 00
000534-000549 FontNameBlock "georgia_italic"
000550-000565 DataBlock
  ................ 0a 00 00 00 02 00 00 00 01 00 00 00 dd da fa ff
000566-000588 StringBlock "Default Font Category"
000589-000604 DataBlock
  ................ 00 00 00 00 00 00 00 00 00 00 00 00 01 00 00 00
000605-000615 T0Block "normal_t0"
000616-000631 DataBlock
  ................ 00 00 00 00 00 00 00 00 00 00 00 00 00 00 00 00
000632-000642 T0Block "normal_t0"
000643-000698 DataBlock
  ................ 00 00 00 00 00 00 00 00 00 00 00 00 00 00 00 00
  ....J........... 00 00 00 00 4a 01 00 00 dc 00 00 00 01 00 00 00
  ....`........... 01 00 00 00 60 0b fb 0a 00 00 00 00 00 00 00 00
  ....P...         00 00 00 00 50 09 fb 0a
000699-000708 StringBlock "inactive"
000709-000745 DataBlock
  2...P........... 32 00 00 00 50 00 00 00 00 00 00 00 02 00 00 00
  ................ 00 00 00 00 00 00 00 00 01 00 00 00 01 00 00 00
  .....            00 00 00 00 00
000746-000761 FontNameBlock "georgia_italic"
000762-000777 DataBlock
  ................ 0a 00 00 00 02 00 00 00 01 00 00 00 dd da fa ff
000778-000800 StringBlock "Default Font Category"
000801-000816 DataBlock
  ................ 00 00 00 00 00 00 00 00 00 00 00 00 01 00 00 00
000817-000827 T0Block "normal_t0"
000828-000843 DataBlock
  ................ 00 00 00 00 00 00 00 00 00 00 00 00 00 00 00 00
000844-000854 T0Block "normal_t0"
000855-000890 DataBlock
  ................ 00 00 00 00 00 00 00 00 00 00 00 00 00 00 00 00
  ................ 00 00 00 00 00 00 00 00 00 00 00 00 00 00 00 00
  ....             10 ca 04 0c
000891-000899 StringBlock "pending"
000900-000936 DataBlock
  2...P........... 32 00 00 00 50 00 00 00 00 00 00 00 02 00 00 00
  ................ 00 00 00 00 00 00 00 00 01 00 00 00 01 00 00 00
  .....            00 00 00 00 00
000937-000952 FontNameBlock "georgia_italic"
000953-000968 DataBlock
  ................ 0a 00 00 00 02 00 00 00 01 00 00 00 dd da fa ff
000969-000991 StringBlock "Default Font Category"
000992-001007 DataBlock
  ................ 00 00 00 00 00 00 00 00 00 00 00 00 01 00 00 00
001008-001018 T0Block "normal_t0"
001019-001034 DataBlock
  ................ 00 00 00 00 00 00 00 00 00 00 00 00 00 00 00 00
001035-001045 T0Block "normal_t0"
001046-001081 DataBlock
  ................ 00 00 00 00 00 00 00 00 00 00 00 00 00 00 00 00
  ................ 00 00 00 00 00 00 00 00 00 00 00 00 00 00 00 00
  `...             60 0b fb 0a
001082-001089 StringBlock "active"
001090-001126 DataBlock
  2...P........... 32 00 00 00 50 00 00 00 00 00 00 00 02 00 00 00
  ................ 00 00 00 00 00 00 00 00 01 00 00 00 01 00 00 00
  .....            00 00 00 00 00
001127-001142 FontNameBlock "georgia_italic"
001143-001158 DataBlock
  ................ 0a 00 00 00 02 00 00 00 01 00 00 00 dd da fa ff
001159-001181 StringBlock "Default Font Category"
001182-001197 DataBlock
  ................ 00 00 00 00 00 00 00 00 00 00 00 00 01 00 00 00
001198-001208 T0Block "normal_t0"
001209-001224 DataBlock
  ................ 00 00 00 00 00 00 00 00 00 00 00 00 00 00 00 00
001225-001235 T0Block "normal_t0"
001236-001307 DataBlock
  ................ 00 00 00 00 00 00 00 00 00 00 00 00 00 00 00 00
  ........{....... 00 00 00 00 8b 00 00 00 7b 00 00 00 01 00 00 00
  ....P........... 00 00 00 00 50 07 fb 0a 00 00 00 00 00 00 00 00
  ................ 00 00 00 00 00 00 00 00 0a 00 00 00 00 00 00 00
  .....U7.         02 00 00 00 10 55 37 0e
001308-001321 StringBlock "card_details"
001322-001381 DataBlock
  ................ 00 00 00 00 00 00 00 00 00 00 00 01 01 00 00 00
  ................ 00 01 00 00 00 00 01 00 00 00 00 00 00 00 00 00
  ................ 00 00 00 00 00 00 00 00 00 00 00 00 00 00 00 00
  ............     00 00 00 00 00 00 00 00 01 00 00 00
001382-001385 StateIDBlock 238508144
001386-001395 NewStateBlock "NewState"
001396-001399 XSizeBlock 50
001400-001403 YSizeBlock 80
001404-001432 DataBlock
  ................ 00 00 00 00 02 00 00 00 00 00 00 00 00 00 00 00
  .............    01 00 00 00 01 00 00 00 00 00 00 00 00
001433-001445 FontNameBlock "la_gioconda"
001446-001461 DataBlock
  ................ 0c 00 00 00 07 00 00 00 00 00 00 00 d7 f8 ff ff
001462-001477 StringBlock "ingame_tooltip"
001478-001493 DataBlock
  ................ 00 00 00 00 00 00 00 00 00 00 00 00 00 00 00 00
001494-001504 T0Block "normal_t0"
001505-001520 DataBlock
  ................ 00 00 00 00 00 00 00 00 00 00 00 00 00 00 00 00
001521-001531 T0Block "normal_t0"
001532-001583 DataBlock
  ................ cd cc cc bd 00 00 00 00 00 00 00 00 00 00 00 00
  ................ 00 00 00 00 00 00 00 00 00 00 00 00 00 00 00 00
  ................ 00 00 00 00 0a 00 00 00 00 00 00 00 05 00 00 00
  .Z7.             80 5a 37 0e
001584-001597 StringBlock "card_picture"
001598-001646 DataBlock
  ..0............. 01 00 30 00 00 00 00 00 00 00 00 00 01 01 00 00
  ................ 00 00 01 00 00 00 00 01 00 00 00 00 00 00 00 00
  ..........c7.... 00 00 00 00 00 00 00 00 00 f0 63 37 0e 02 00 00
  .                00
001647-001712 ImageBlock id=204636992 xsize=112 ysize=68 path="ui\\skins\\default\\traditions_card_placeholder.png" unknown=852725760
001713-001713 DataBlock
  .                0c
001714-001749 ImagePathBlock "ui\\skins\\default\\timer_icon_24.png"
001750-001774 DataBlock
  ................ 18 00 00 00 18 00 00 00 00 00 00 00 00 00 00 00
  ......]7.        00 04 00 00 00 e0 5d 37 0e
001775-001781 StringBlock "hover"
001782-001818 DataBlock
  2...P........... 32 00 00 00 50 00 00 00 00 00 00 00 02 00 00 00
  ................ 00 00 00 00 00 00 00 00 01 00 00 00 01 00 00 00
  .....            00 00 00 00 00
001819-001834 FontNameBlock "georgia_italic"
001835-001850 DataBlock
  ................ 0a 00 00 00 02 00 00 00 01 00 00 00 dd da fa ff
001851-001873 StringBlock "Default Font Category"
001874-001889 DataBlock
  ................ 00 00 00 00 00 00 00 00 00 00 00 00 00 00 00 00
001890-001902 T0Block "brighten_t0"
001903-001918 DataBlock
  ...?ff.?........ 00 00 80 3f 66 66 a6 3f 00 00 00 00 00 00 00 00
001919-001929 T0Block "normal_t0"
001930-001949 DataBlock
  ................ 00 00 00 00 00 00 00 00 00 00 00 00 00 00 00 00
  ....             01 00 00 00
001950-001973 ImageUseBlock id=204636992 xofs=0 yofs=0 xsize=50 ysize=80 brga=4294967295
001974-002064 DataBlock
  ................ 00 00 00 00 00 00 00 00 00 00 00 00 00 00 00 01
  ................ 01 00 00 00 00 00 00 00 00 00 00 00 00 00 00 00
  ................ 00 00 00 00 00 00 00 00 00 00 00 00 00 00 00 00
  .......W........ 00 00 00 00 00 00 00 57 01 00 00 f0 00 00 00 01
  ........c7...... 00 00 00 01 00 00 00 f0 63 37 0e 00 00 00 00 00
  ........_7.      00 00 00 00 00 00 00 e0 5f 37 0e
002065-002074 StringBlock "inactive"
002075-002111 DataBlock
  2...P........... 32 00 00 00 50 00 00 00 00 00 00 00 02 00 00 00
  ................ 00 00 00 00 00 00 00 00 01 00 00 00 01 00 00 00
  .....            00 00 00 00 00
002112-002127 FontNameBlock "georgia_italic"
002128-002143 DataBlock
  ................ 0a 00 00 00 02 00 00 00 01 00 00 00 dd da fa ff
002144-002166 StringBlock "Default Font Category"
002167-002182 DataBlock
  ................ 00 00 00 00 00 00 00 00 00 00 00 00 00 00 00 00
002183-002200 T0Block "set_greyscale_t0"
002201-002216 DataBlock
  ...?...?........ 00 00 80 3f 00 00 80 3f 00 00 00 00 00 00 00 00
002217-002227 T0Block "normal_t0"
002228-002247 DataBlock
  ................ 00 00 00 00 00 00 00 00 00 00 00 00 00 00 00 00
  ....             01 00 00 00
002248-002271 ImageUseBlock id=204636992 xofs=0 yofs=0 xsize=50 ysize=80 brga=4294967295
002272-002342 DataBlock
  ................ 00 00 00 00 00 00 00 00 00 00 00 00 00 00 00 01
  ................ 01 00 00 00 00 00 00 00 00 00 00 00 00 00 00 00
  ................ 00 00 00 00 00 00 00 00 00 00 00 00 00 00 00 00
  ................ 00 00 00 00 00 00 00 00 00 00 00 00 00 00 00 00
  ....a7.          00 00 00 f0 61 37 0e
002343-002351 StringBlock "pending"
002352-002388 DataBlock
  2...P........... 32 00 00 00 50 00 00 00 00 00 00 00 02 00 00 00
  ................ 00 00 00 00 00 00 00 00 01 00 00 00 01 00 00 00
  .....            00 00 00 00 00
002389-002404 FontNameBlock "georgia_italic"
002405-002420 DataBlock
  ................ 0a 00 00 00 02 00 00 00 01 00 00 00 dd da fa ff
002421-002443 StringBlock "Default Font Category"
002444-002459 DataBlock
  ................ 00 00 00 00 00 00 00 00 00 00 00 00 00 00 00 00
002460-002470 T0Block "normal_t0"
002471-002486 DataBlock
  ................ 00 00 00 00 00 00 00 00 00 00 00 00 00 00 00 00
002487-002497 T0Block "normal_t0"
002498-002517 DataBlock
  ................ 00 00 00 00 00 00 00 00 00 00 00 00 00 00 00 00
  ....             02 00 00 00
002518-002541 ImageUseBlock id=204636992 xofs=0 yofs=0 xsize=50 ysize=80 brga=4290822336
002542-002691 DataBlock
  ................ 00 00 00 00 00 00 00 00 00 00 00 00 00 00 00 01
  ................ 01 00 00 00 00 00 00 00 00 00 00 00 00 00 00 00
  ................ 00 00 00 00 00 00 00 00 00 00 00 00 00 00 00 00
  .........2...... 00 00 00 00 00 00 00 90 d3 32 0c 0d 00 00 00 1c
  ................ 00 00 00 18 00 00 00 18 00 00 00 ff ff ff ff 00
  ................ 00 00 05 00 00 00 00 00 00 00 00 00 00 00 01 01
  ................ 00 00 00 00 00 00 00 00 00 00 00 00 00 00 00 00
  ................ 00 00 00 00 00 00 00 00 00 00 00 00 00 00 00 00
  ..........u..... 00 00 00 00 00 00 b5 00 00 00 75 00 00 00 00 00
  ...c7.           00 00 f0 63 37 0e
002692-002699 StringBlock "active"
002700-002736 DataBlock
  2...P........... 32 00 00 00 50 00 00 00 00 00 00 00 02 00 00 00
  ................ 00 00 00 00 00 00 00 00 01 00 00 00 01 00 00 00
  .....            00 00 00 00 00
002737-002752 FontNameBlock "georgia_italic"
002753-002768 DataBlock
  ................ 0a 00 00 00 02 00 00 00 01 00 00 00 dd da fa ff
002769-002791 StringBlock "Default Font Category"
002792-002807 DataBlock
  ................ 00 00 00 00 00 00 00 00 00 00 00 00 00 00 00 00
002808-002818 T0Block "normal_t0"
002819-002834 DataBlock
  ................ 00 00 00 00 00 00 00 00 00 00 00 00 00 00 00 00
002835-002845 T0Block "normal_t0"
002846-002865 DataBlock
  ................ 00 00 00 00 00 00 00 00 00 00 00 00 00 00 00 00
  ....             01 00 00 00
002866-002889 ImageUseBlock id=204636992 xofs=0 yofs=0 xsize=50 ysize=80 brga=4294967295
002890-003005 DataBlock
  ................ 00 00 00 00 00 00 00 00 00 00 00 00 00 00 00 01
  ................ 01 00 00 00 00 00 00 00 00 00 00 00 00 00 00 00
  ................ 00 00 00 00 00 00 00 00 00 00 00 00 00 00 00 00
  ...........u.... 00 00 00 00 00 00 00 b5 00 00 00 75 00 00 00 01
  ........]7...... 00 00 00 00 00 00 00 e0 5d 37 0e 00 00 00 00 00
  ................ 00 00 00 00 00 00 00 00 00 00 00 0a 00 00 00 00
  ................ 00 00 00 00 00 00 00 00 00 00 00 00 00 00 00 00
  .f7.             00 66 37 0e
003006-003012 StringBlock "frame"
003013-003056 DataBlock
  ................ 00 00 00 00 00 00 00 00 00 00 00 01 01 00 00 00
  ................ 00 01 00 00 00 00 01 00 00 00 00 00 00 00 00 00
  ............     00 00 00 00 00 00 00 00 d0 9e 1e 0e
003057-003115 ImageListBlock 1 elements:
  003061-003115 ImageBlock id=236894256 xsize=36 ysize=80 path="ui\\skins\\default\\unit_card_border.png" unknown=0
003116-003124 DataBlock
  .........        00 00 00 00 00 01 00 00 00
003125-003128 StateIDBlock 236887760
003129-003138 NewStateBlock "NewState"
003139-003142 XSizeBlock 50
003143-003146 YSizeBlock 80
003147-003175 DataBlock
  ................ 00 00 00 00 02 00 00 00 00 00 00 00 00 00 00 00
  .............    01 00 00 00 01 00 00 00 00 00 00 00 00
003176-003191 FontNameBlock "georgia_italic"
003192-003207 DataBlock
  ................ 0a 00 00 00 02 00 00 00 01 00 00 00 dd da fa ff
003208-003230 StringBlock "Default Font Category"
003231-003246 DataBlock
  ................ 00 00 00 00 00 00 00 00 00 00 00 00 00 00 00 00
003247-003257 T0Block "normal_t0"
003258-003273 DataBlock
  ................ 00 00 00 00 00 00 00 00 00 00 00 00 00 00 00 00
003274-003284 T0Block "normal_t0"
003285-003304 DataBlock
  ................ 00 00 00 00 00 00 00 00 00 00 00 00 00 00 00 00
  ....             01 00 00 00
003305-003328 ImageUseBlock id=236894256 xofs=0 yofs=0 xsize=50 ysize=80 brga=4294967295
003329-003424 DataBlock
  ................ 01 00 00 00 00 00 00 00 00 00 00 00 00 00 00 01
  ................ 01 00 00 00 00 00 00 00 00 00 00 00 00 00 00 00
  ................ 00 00 00 00 00 00 00 00 00 00 00 00 00 00 00 00
  ..@...@......... 00 80 40 00 00 80 40 00 00 00 00 00 00 00 00 00
  ................ 00 00 00 00 00 00 00 0a 00 00 00 00 00 00 00 00
  ................ 00 00 00 00 00 00 00 00 00 00 00 00 e0 a0 1e 0e
003425-003434 StringBlock "dy_level"
003435-003478 DataBlock
  ......2......... 00 00 00 00 00 00 32 00 00 00 00 00 00 00 00 00
  ................ 00 00 00 00 00 00 01 00 00 00 00 07 00 00 00 00
  ........@...     00 00 00 00 00 00 00 00 40 a4 1e 0e
003479-003533 ImageListBlock 1 elements:
  003483-003533 ImageBlock id=243343904 xsize=16 ysize=12 path="ui\\skins\\default\\icon_chevron.png" unknown=0
003534-003586 DataBlock
  .........@.....1 00 00 00 00 00 03 00 00 00 40 a4 1e 0e 01 00 31
  ................ 10 00 00 00 1e 00 00 00 00 00 00 00 02 00 00 00
  ................ 00 00 00 00 00 00 00 00 01 00 00 00 01 00 00 00
  .....            00 00 00 00 00
003587-003602 FontNameBlock "georgia_italic"
003603-003618 DataBlock
  ................ 0a 00 00 00 02 00 00 00 01 00 00 00 dd da fa ff
003619-003641 StringBlock "Default Font Category"
003642-003657 DataBlock
  ................ 00 00 00 00 00 00 00 00 00 00 00 00 00 00 00 00
003658-003668 T0Block "normal_t0"
003669-003684 DataBlock
  ................ 00 00 00 00 00 00 00 00 00 00 00 00 00 00 00 00
003685-003695 T0Block "normal_t0"
003696-003715 DataBlock
  ................ 00 00 00 00 00 00 00 00 00 00 00 00 00 00 00 00
  ....             01 00 00 00
003716-003739 ImageUseBlock id=243343904 xofs=4 yofs=14 xsize=16 ysize=12 brga=4294967295
003740-003850 DataBlock
  ................ 00 00 00 08 00 00 00 00 00 00 00 00 00 00 00 00
  ................ 00 00 00 00 00 00 00 00 00 00 00 00 00 00 00 00
  ................ 00 00 00 00 00 00 00 00 00 00 00 00 00 00 00 00
  ................ 00 00 00 00 00 00 00 00 00 00 00 00 00 00 00 00
  ...@.....3...... 00 00 00 40 a6 1e 0e 01 00 33 10 00 00 00 1e 00
  ................ 00 00 00 00 00 00 02 00 00 00 00 00 00 00 00 00
  ...............  00 00 01 00 00 00 01 00 00 00 00 00 00 00 00
003851-003866 FontNameBlock "georgia_italic"
003867-003882 DataBlock
  ................ 0a 00 00 00 02 00 00 00 01 00 00 00 dd da fa ff
003883-003905 StringBlock "Default Font Category"
003906-003921 DataBlock
  ................ 00 00 00 00 00 00 00 00 00 00 00 00 00 00 00 00
003922-003932 T0Block "normal_t0"
003933-003948 DataBlock
  ................ 00 00 00 00 00 00 00 00 00 00 00 00 00 00 00 00
003949-003959 T0Block "normal_t0"
003960-003979 DataBlock
  ................ 00 00 00 00 00 00 00 00 00 00 00 00 00 00 00 00
  ....             03 00 00 00
003980-004003 ImageUseBlock id=243343904 xofs=4 yofs=14 xsize=16 ysize=12 brga=4294967295
004004-004058 DataBlock
  ................ 00 00 00 08 00 00 00 00 00 00 00 00 00 00 00 00
  ................ 00 00 00 00 00 00 00 00 00 00 00 00 00 00 00 00
  ................ 00 00 00 00 00 00 00 00 00 00 00 00 00 00 00 00
  .......          00 00 00 00 00 00 00
004059-004082 ImageUseBlock id=243343904 xofs=4 yofs=6 xsize=16 ysize=12 brga=4294967295
004083-004137 DataBlock
  ................ 00 00 00 05 00 00 00 00 00 00 00 00 00 00 00 01
  ................ 01 00 00 00 00 00 00 00 00 00 00 00 00 00 00 00
  ................ 00 00 00 00 00 00 00 00 00 00 00 00 00 00 00 00
  .......          00 00 00 00 00 00 00
004138-004161 ImageUseBlock id=243343904 xofs=4 yofs=4294967294 xsize=16 ysize=12 brga=4294967295
004162-004272 DataBlock
  ................ 00 00 00 00 00 00 00 00 00 00 00 00 00 00 00 01
  ................ 01 00 00 00 00 00 00 00 00 00 00 00 00 00 00 00
  ................ 00 00 00 00 00 00 00 00 00 00 00 00 00 00 00 00
  ................ 00 00 00 00 00 00 00 00 00 00 00 00 00 00 00 00
  ...P.....2...... 00 00 00 50 a8 1e 0e 01 00 32 10 00 00 00 1e 00
  ................ 00 00 00 00 00 00 02 00 00 00 00 00 00 00 00 00
  ...............  00 00 01 00 00 00 01 00 00 00 00 00 00 00 00
004273-004288 FontNameBlock "georgia_italic"
004289-004304 DataBlock
  ................ 0a 00 00 00 02 00 00 00 01 00 00 00 dd da fa ff
004305-004327 StringBlock "Default Font Category"
004328-004343 DataBlock
  ................ 00 00 00 00 00 00 00 00 00 00 00 00 00 00 00 00
004344-004354 T0Block "normal_t0"
004355-004370 DataBlock
  ................ 00 00 00 00 00 00 00 00 00 00 00 00 00 00 00 00
004371-004381 T0Block "normal_t0"
004382-004401 DataBlock
  ................ 00 00 00 00 00 00 00 00 00 00 00 00 00 00 00 00
  ....             02 00 00 00
004402-004425 ImageUseBlock id=243343904 xofs=4 yofs=14 xsize=16 ysize=12 brga=4294967295
004426-004480 DataBlock
  ................ 00 00 00 08 00 00 00 00 00 00 00 00 00 00 00 00
  ................ 00 00 00 00 00 00 00 00 00 00 00 00 00 00 00 00
  ................ 00 00 00 00 00 00 00 00 00 00 00 00 00 00 00 00
  .......          00 00 00 00 00 00 00
004481-004504 ImageUseBlock id=243343904 xofs=4 yofs=6 xsize=16 ysize=12 brga=4294967295
004505-004600 DataBlock
  ................ 00 00 00 05 00 00 00 00 00 00 00 00 00 00 00 01
  ................ 01 00 00 00 00 00 00 00 00 00 00 00 00 00 00 00
  ................ 00 00 00 00 00 00 00 00 00 00 00 00 00 00 00 00
  ................ 00 00 00 00 00 00 00 00 00 00 00 00 00 00 00 00
  ................ 00 00 00 00 00 00 00 0a 00 00 00 00 00 00 00 00
  ............P... 00 00 00 00 00 00 00 00 00 00 00 00 50 aa 1e 0e
004601-004617 StringBlock "selected_border"
004618-004661 DataBlock
  ................ 00 00 00 00 00 00 00 00 00 00 00 01 01 00 00 00
  ................ 00 00 00 00 00 00 01 00 00 00 00 00 00 00 00 00
  ............     00 00 00 00 00 00 00 00 00 00 00 00
004662-004728 ImageListBlock 1 elements:
  004666-004728 ImageBlock id=233111280 xsize=36 ysize=80 path="ui\\skins\\default\\unit_card_frame_selected.png" unknown=0
004729-004737 DataBlock
  .........        00 00 00 00 00 01 00 00 00
004738-004741 StateIDBlock 236891568
004742-004751 NewStateBlock "NewState"
004752-004755 XSizeBlock 50
004756-004759 YSizeBlock 80
004760-004788 DataBlock
  ................ 00 00 00 00 02 00 00 00 00 00 00 00 00 00 00 00
  .............    01 00 00 00 01 00 00 00 00 00 00 00 00
004789-004801 FontNameBlock "la_gioconda"
004802-004817 DataBlock
  ................ 0c 00 00 00 07 00 00 00 00 00 00 00 d7 f8 ff ff
004818-004833 StringBlock "ingame_tooltip"
004834-004849 DataBlock
  ................ 00 00 00 00 00 00 00 00 00 00 00 00 00 00 00 00
004850-004860 T0Block "normal_t0"
004861-004876 DataBlock
  ................ 00 00 00 00 00 00 00 00 00 00 00 00 00 00 00 00
004877-004887 T0Block "normal_t0"
004888-004907 DataBlock
  ................ cd cc cc bd 00 00 00 00 00 00 00 00 00 00 00 00
  ....             01 00 00 00
004908-004931 ImageUseBlock id=233111280 xofs=0 yofs=0 xsize=50 ysize=80 brga=4294967295
004932-005027 DataBlock
  ................ 01 00 00 00 00 00 00 00 00 00 00 00 00 00 00 01
  ................ 01 00 00 00 00 00 00 00 00 00 00 00 00 00 00 00
  ................ 00 00 00 00 00 00 00 00 00 00 00 00 00 00 00 00
  .`A..`A......... 00 60 41 00 00 60 41 00 00 00 00 00 00 00 00 00
  ................ 00 00 00 00 00 00 00 0a 00 00 00 00 00 00 00 00
  ................ 00 00 00 00 00 00 00 00 00 00 00 00 c0 af 1e 0e
005028-005039 StringBlock "upgradable"
005040-005084 DataBlock
  ..0............. 01 00 30 0f 00 00 00 02 00 00 00 00 01 01 00 00
  ................ 00 00 00 00 00 00 00 01 00 00 00 00 02 00 00 00
  ......... ...    00 00 00 00 02 00 00 00 00 20 b3 1e 0e
005085-005139 ImageListBlock 1 elements:
  005089-005139 ImageBlock id=235142768 xsize=50 ysize=80 path="ui\\skins\\default\\icon_upgrade.png" unknown=0
005140-005148 DataBlock
  .........        00 00 00 00 00 01 00 00 00
005149-005152 StateIDBlock 236892960
005153-005162 NewStateBlock "NewState"
005163-005166 XSizeBlock 20
005167-005170 YSizeBlock 20
005171-005199 DataBlock
  ................ 00 00 00 00 02 00 00 00 00 00 00 00 00 00 00 00
  .............    01 00 00 00 01 00 00 00 00 00 00 00 00
005200-005215 FontNameBlock "georgia_italic"
005216-005231 DataBlock
  ................ 0a 00 00 00 02 00 00 00 01 00 00 00 dd da fa ff
005232-005254 StringBlock "Default Font Category"
005255-005270 DataBlock
  ................ 00 00 00 00 00 00 00 00 00 00 00 00 00 00 00 00
005271-005281 T0Block "normal_t0"
005282-005297 DataBlock
  ................ 00 00 00 00 00 00 00 00 00 00 00 00 00 00 00 00
005298-005308 T0Block "normal_t0"
005309-005328 DataBlock
  ................ 00 00 00 00 00 00 00 00 00 00 00 00 00 00 00 00
  ....             01 00 00 00
005329-005352 ImageUseBlock id=235142768 xofs=0 yofs=0 xsize=20 ysize=20 brga=4294967295
005353-005457 DataBlock
  ................ 00 00 00 00 00 00 00 00 00 00 00 00 00 00 00 01
  ................ 01 00 00 00 00 00 00 00 00 00 00 00 00 00 00 00
  ................ 00 00 00 00 00 00 00 00 00 00 00 00 00 00 00 00
  ................ 00 00 00 00 00 00 00 00 00 00 00 00 00 00 00 00
  ................ 00 00 00 00 00 00 00 0a 00 00 00 00 00 00 00 00
  ................ 00 00 00 00 00 00 00 00 00 00 00 00 00 00 00 00
  .....p...        00 00 00 00 00 70 c9 e3 0d
005458-005469 StringBlock "button_new"
005470-005477 StringBlock "Button"
005478-005498 DataBlock
  ................ 05 00 00 00 14 00 00 00 00 00 00 00 00 00 00 00
  .....            00 00 00 00 01
005499-005526 UnicodeBlock "Add New Skill"
005527-005576 UnicodeBlock "button_new_Tooltip_6004a"
005577-005597 DataBlock
  ................ 05 00 00 00 00 00 00 00 00 00 00 00 00 e0 d0 e3
  .....            0d 07 00 00 00
005598-005655 ImageBlock id=184232208 xsize=40 ysize=40 path="ui\\skins\\default\\button_small_active.png" unknown=2194436096
005656-005656 DataBlock
  .                0e
005657-005700 ImagePathBlock "ui\\skins\\default\\button_small_inactive.png"
005701-005709 DataBlock
  (...(....        28 00 00 00 28 00 00 00 00
005710-005756 ImageBlock id=123829952 xsize=50 ysize=50 path="ui\\skins\\default\\icon_add.png" unknown=1807663104
005757-005757 DataBlock
  .                0e
005758-005801 ImagePathBlock "ui\\skins\\default\\button_small_inactive.png"
005802-005810 DataBlock
  (...(....        28 00 00 00 28 00 00 00 00
005811-005868 ImageBlock id=236706960 xsize=40 ysize=40 path="ui\\skins\\default\\button_small_active.png" unknown=468934656
005869-005869 DataBlock
  .                0e
005870-005909 ImagePathBlock "ui\\skins\\default\\button_basic_glow.png"
005910-005918 DataBlock
  .........        ce 00 00 00 ce 00 00 00 00
005919-005973 ImageBlock id=230422384 xsize=50 ysize=50 path="ui\\skins\\default\\button_edge_glow.png" unknown=0
005974-005986 DataBlock
  .............    00 00 00 00 00 0b 00 00 00 d0 cc e3 0d
005987-005993 StringBlock "hover"
005994-006030 DataBlock
  (...(........... 28 00 00 00 28 00 00 00 00 00 00 00 02 00 00 00
  ................ 00 00 00 00 00 00 00 00 01 00 00 00 01 00 00 00
  .....            00 00 00 00 00
006031-006043 FontNameBlock "la_gioconda"
006044-006059 DataBlock
  ................ 0c 00 00 00 07 00 00 00 00 00 00 00 00 00 00 ff
006060-006072 StringBlock "ingame_text"
006073-006088 DataBlock
  ................ 00 00 00 00 00 00 00 00 00 00 00 00 01 00 01 00
006089-006103 T0Block "glow_pulse_t0"
006104-006119 DataBlock
  ff.?...?...?.... 66 66 a6 3f 00 00 80 3f 00 00 80 3f 00 00 00 00
006120-006130 T0Block "normal_t0"
006131-006150 DataBlock
  ...>............ 9a 99 99 3e 00 00 00 00 00 00 00 00 00 00 00 00
  ....             04 00 00 00
006151-006174 ImageUseBlock id=184232208 xofs=0 yofs=0 xsize=40 ysize=40 brga=4294967295
006175-006229 DataBlock
  ................ 00 00 00 00 00 00 00 00 00 00 00 00 00 00 00 01
  ................ 01 00 00 00 00 00 00 00 00 00 00 00 00 00 00 00
  ................ 00 00 00 00 00 00 00 00 00 00 00 00 00 00 00 00
  .......          00 00 00 00 00 00 00
006230-006253 ImageUseBlock id=123829952 xofs=0 yofs=1 xsize=40 ysize=40 brga=4294967295
006254-006387 DataBlock
  ................ 00 00 00 00 00 00 00 00 00 00 00 00 00 00 00 01
  ................ 01 00 00 00 00 00 00 00 00 00 00 00 00 00 00 00
  ................ 00 00 00 00 00 00 00 00 00 00 00 00 00 00 00 00
  .......`........ 00 00 00 00 00 00 00 60 f3 1b 0e 00 00 00 00 00
  ...(...(......2. 00 00 00 28 00 00 00 28 00 00 00 ff ff ff 32 00
  ................ 00 00 00 00 00 00 00 00 00 00 00 00 00 00 01 01
  ................ 00 00 00 00 00 00 00 00 00 00 00 00 00 00 00 00
  ................ 00 00 00 00 00 00 00 00 00 00 00 00 00 00 00 00
  ......           00 00 00 00 00 00
006388-006411 ImageUseBlock id=230422384 xofs=0 yofs=0 xsize=40 ysize=40 brga=2533359615
006412-006522 DataBlock
  ................ 00 00 00 00 00 00 00 00 00 00 00 00 00 00 00 01
  ................ 01 00 00 00 00 00 00 00 00 00 00 00 00 00 00 00
  ................ 00 00 00 00 00 00 00 00 00 00 00 00 00 00 00 00
  ...........~.... 00 00 00 00 00 00 00 89 00 00 00 7e 00 00 00 02
  ...............] 00 00 00 01 00 00 00 e0 d0 e3 0d 96 00 00 00 5d
  ...........0.... 00 00 00 00 00 00 00 02 00 00 00 30 f0 e3 0d 00
  ...]...........  00 00 00 5d 00 00 00 00 00 00 00 e0 ce e3 0d
006523-006541 StringBlock "selected_down_off"
006542-006578 DataBlock
  (...(........... 28 00 00 00 28 00 00 00 00 00 00 00 02 00 00 00
  ................ 00 00 00 00 00 00 00 00 01 00 00 00 01 00 00 00
  .....            00 00 00 00 00
006579-006591 FontNameBlock "la_gioconda"
006592-006607 DataBlock
  ................ 0c 00 00 00 07 00 00 00 00 00 00 00 00 00 00 ff
006608-006620 StringBlock "ingame_text"
006621-006636 DataBlock
  ................ 00 00 00 00 00 00 00 00 00 00 00 00 01 00 01 00
006637-006647 T0Block "normal_t0"
006648-006663 DataBlock
  ................ 00 00 00 00 00 00 00 00 00 00 00 00 00 00 00 00
006664-006674 T0Block "normal_t0"
006675-006694 DataBlock
  ................ 00 00 00 00 00 00 00 00 00 00 00 00 00 00 00 00
  ....             03 00 00 00
006695-006718 ImageUseBlock id=236706960 xofs=0 yofs=1 xsize=40 ysize=40 brga=4294967295
006719-006773 DataBlock
  ................ 00 00 00 00 00 00 00 00 00 00 00 00 00 00 00 01
  ................ 01 00 00 00 00 00 00 00 00 00 00 00 00 00 00 00
  ................ 00 00 00 00 00 00 00 00 00 00 00 00 00 00 00 00
  .......          00 00 00 00 00 00 00
006774-006797 ImageUseBlock id=123829952 xofs=0 yofs=2 xsize=40 ysize=40 brga=4294967295
006798-006987 DataBlock
  ................ 00 00 00 00 00 00 00 00 00 00 00 00 00 00 00 01
  ................ 01 00 00 00 00 00 00 00 00 00 00 00 00 00 00 00
  ................ 00 00 00 00 00 00 00 00 00 00 00 00 00 00 00 00
  .......`........ 00 00 00 00 00 00 00 60 f3 1b 0e 00 00 00 00 01
  ...(...(........ 00 00 00 28 00 00 00 28 00 00 00 ff ff ff 00 00
  ................ 00 00 00 00 00 00 00 00 00 00 00 00 00 00 01 01
  ................ 00 00 00 00 00 00 00 00 00 00 00 00 00 00 00 00
  ................ 00 00 00 00 00 00 00 00 00 00 00 00 00 00 00 00
  ................ 00 00 00 00 00 00 80 01 00 00 15 00 00 00 02 00
  ......@...d...]. 00 00 00 00 00 00 40 dc e3 0d 64 00 00 00 5d 00
  ................ 00 00 00 00 00 00 0b 00 00 00 d0 ea e3 0d 96 00
  ..]...........   00 00 5d 00 00 00 00 00 00 00 e0 d0 e3 0d
006988-006995 StringBlock "active"
006996-007032 DataBlock
  (...(........... 28 00 00 00 28 00 00 00 00 00 00 00 02 00 00 00
  ................ 00 00 00 00 00 00 00 00 01 00 00 00 01 00 00 00
  .....            00 00 00 00 00
007033-007045 FontNameBlock "la_gioconda"
007046-007061 DataBlock
  ................ 0c 00 00 00 07 00 00 00 00 00 00 00 00 00 00 ff
007062-007074 StringBlock "ingame_text"
007075-007090 DataBlock
  ................ 00 00 00 00 00 00 00 00 00 00 00 00 01 00 01 00
007091-007101 T0Block "normal_t0"
007102-007117 DataBlock
  ................ 00 00 00 00 00 00 00 00 00 00 00 00 00 00 00 00
007118-007128 T0Block "normal_t0"
007129-007148 DataBlock
  ................ 00 00 00 00 00 00 00 00 00 00 00 00 00 00 00 00
  ....             04 00 00 00
007149-007172 ImageUseBlock id=184232208 xofs=0 yofs=0 xsize=40 ysize=40 brga=4294967295
007173-007227 DataBlock
  ................ 00 00 00 00 00 00 00 00 00 00 00 00 00 00 00 01
  ................ 01 00 00 00 00 00 00 00 00 00 00 00 00 00 00 00
  ................ 00 00 00 00 00 00 00 00 00 00 00 00 00 00 00 00
  .......          00 00 00 00 00 00 00
007228-007251 ImageUseBlock id=123829952 xofs=0 yofs=1 xsize=40 ysize=40 brga=4294967295
007252-007385 DataBlock
  ................ 00 00 00 00 00 00 00 00 00 00 00 00 00 00 00 01
  ................ 01 00 00 00 00 00 00 00 00 00 00 00 00 00 00 00
  ................ 00 00 00 00 00 00 00 00 00 00 00 00 00 00 00 00
  .......`........ 00 00 00 00 00 00 00 60 f3 1b 0e 00 00 00 00 00
  ...(...(........ 00 00 00 28 00 00 00 28 00 00 00 ff ff ff 00 00
  ................ 00 00 00 00 00 00 00 00 00 00 00 00 00 00 01 01
  ................ 00 00 00 00 00 00 00 00 00 00 00 00 00 00 00 00
  ................ 00 00 00 00 00 00 00 00 00 00 00 00 00 00 00 00
  ......           00 00 00 00 00 00
007386-007409 ImageUseBlock id=230422384 xofs=0 yofs=0 xsize=40 ysize=40 brga=16777215
007410-007500 DataBlock
  ................ 00 00 00 00 00 00 00 00 00 00 00 00 00 00 00 01
  ................ 01 00 00 00 00 00 00 00 00 00 00 00 00 00 00 00
  ................ 00 00 00 00 00 00 00 00 00 00 00 00 00 00 00 00
  ................ 00 00 00 00 00 00 00 14 00 00 00 18 00 00 00 01
  ...........d...] 00 00 00 00 00 00 00 d0 cc e3 0d 64 00 00 00 5d
  ...........      00 00 00 00 00 00 00 f0 d2 e3 0d
007501-007507 StringBlock "pulse"
007508-007544 DataBlock
  (...(........... 28 00 00 00 28 00 00 00 00 00 00 00 02 00 00 00
  ................ 00 00 00 00 00 00 00 00 01 00 00 00 01 00 00 00
  .....            00 00 00 00 00
007545-007557 FontNameBlock "la_gioconda"
007558-007573 DataBlock
  ................ 0c 00 00 00 07 00 00 00 00 00 00 00 00 00 00 ff
007574-007586 StringBlock "ingame_text"
007587-007602 DataBlock
  ................ 00 00 00 00 00 00 00 00 00 00 00 00 01 00 01 00
007603-007617 T0Block "glow_pulse_t0"
007618-007633 DataBlock
  ...@...?...?.... 00 00 00 40 00 00 80 3f 00 00 80 3f 00 00 00 00
007634-007644 T0Block "normal_t0"
007645-007664 DataBlock
  ...>............ 9a 99 99 3e 00 00 00 00 00 00 00 00 00 00 00 00
  ....             04 00 00 00
007665-007688 ImageUseBlock id=184232208 xofs=0 yofs=0 xsize=40 ysize=40 brga=4294967295
007689-007743 DataBlock
  ................ 00 00 00 00 00 00 00 00 00 00 00 00 00 00 00 01
  ................ 01 00 00 00 00 00 00 00 00 00 00 00 00 00 00 00
  ................ 00 00 00 00 00 00 00 00 00 00 00 00 00 00 00 00
  .......          00 00 00 00 00 00 00
007744-007767 ImageUseBlock id=123829952 xofs=0 yofs=1 xsize=40 ysize=40 brga=4294967295
007768-007901 DataBlock
  ................ 00 00 00 00 00 00 00 00 00 00 00 00 00 00 00 01
  ................ 01 00 00 00 00 00 00 00 00 00 00 00 00 00 00 00
  ................ 00 00 00 00 00 00 00 00 00 00 00 00 00 00 00 00
  .......`........ 00 00 00 00 00 00 00 60 f3 1b 0e 00 00 00 00 00
  ...(...(......2. 00 00 00 28 00 00 00 28 00 00 00 ff ff ff 32 00
  ................ 00 00 00 00 00 00 00 00 00 00 00 00 00 00 01 01
  ................ 00 00 00 00 00 00 00 00 00 00 00 00 00 00 00 00
  ................ 00 00 00 00 00 00 00 00 00 00 00 00 00 00 00 00
  ......           00 00 00 00 00 00
007902-007925 ImageUseBlock id=230422384 xofs=0 yofs=0 xsize=40 ysize=40 brga=2533359615
007926-007996 DataBlock
  ................ 00 00 00 00 00 00 00 00 00 00 00 00 00 00 00 01
  ................ 01 00 00 00 00 00 00 00 00 00 00 00 00 00 00 00
  ................ 00 00 00 00 00 00 00 00 00 00 00 00 00 00 00 00
  ...........~.... 00 00 00 00 00 00 00 89 00 00 00 7e 00 00 00 00
  .......          00 00 00 a0 d6 e3 0d
007997-008012 StringBlock "selected_hover"
008013-008049 DataBlock
  (...(........... 28 00 00 00 28 00 00 00 00 00 00 00 02 00 00 00
  ................ 00 00 00 00 00 00 00 00 01 00 00 00 01 00 00 00
  .....            00 00 00 00 00
008050-008062 FontNameBlock "la_gioconda"
008063-008078 DataBlock
  ................ 0c 00 00 00 07 00 00 00 00 00 00 00 00 00 00 ff
008079-008091 StringBlock "ingame_text"
008092-008107 DataBlock
  ................ 00 00 00 00 00 00 00 00 00 00 00 00 01 00 01 00
008108-008122 T0Block "glow_pulse_t0"
008123-008138 DataBlock
  ff.?...?...?.... 66 66 a6 3f 00 00 80 3f 00 00 80 3f 00 00 00 00
008139-008149 T0Block "normal_t0"
008150-008169 DataBlock
  ...>............ 9a 99 99 3e 00 00 00 00 00 00 00 00 00 00 00 00
  ....             04 00 00 00
008170-008193 ImageUseBlock id=236706960 xofs=0 yofs=0 xsize=40 ysize=40 brga=4294967295
008194-008248 DataBlock
  ................ 00 00 00 00 00 00 00 00 00 00 00 00 00 00 00 01
  ................ 01 00 00 00 00 00 00 00 00 00 00 00 00 00 00 00
  ................ 00 00 00 00 00 00 00 00 00 00 00 00 00 00 00 00
  .......          00 00 00 00 00 00 00
008249-008272 ImageUseBlock id=123829952 xofs=0 yofs=0 xsize=40 ysize=40 brga=4294967295
008273-008406 DataBlock
  ................ 00 00 00 00 00 00 00 00 00 00 00 00 00 00 00 01
  ................ 01 00 00 00 00 00 00 00 00 00 00 00 00 00 00 00
  ................ 00 00 00 00 00 00 00 00 00 00 00 00 00 00 00 00
  .......`........ 00 00 00 00 00 00 00 60 f3 1b 0e 00 00 00 00 00
  ...(...(......2. 00 00 00 28 00 00 00 28 00 00 00 ff ff ff 32 00
  ................ 00 00 00 00 00 00 00 00 00 00 00 00 00 00 01 01
  ................ 00 00 00 00 00 00 00 00 00 00 00 00 00 00 00 00
  ................ 00 00 00 00 00 00 00 00 00 00 00 00 00 00 00 00
  ......           00 00 00 00 00 00
008407-008430 ImageUseBlock id=230422384 xofs=0 yofs=0 xsize=40 ysize=40 brga=2533359615
008431-008541 DataBlock
  ................ 00 00 00 00 00 00 00 00 00 00 00 00 00 00 00 01
  ................ 01 00 00 00 00 00 00 00 00 00 00 00 00 00 00 00
  ................ 00 00 00 00 00 00 00 00 00 00 00 00 00 00 00 00
  ................ 00 00 00 00 00 00 00 0d 01 00 00 d8 00 00 00 02
  ...............] 00 00 00 01 00 00 00 d0 ea e3 0d 96 00 00 00 5d
  ...........@.... 00 00 00 00 00 00 00 02 00 00 00 40 dc e3 0d c8
  ...].......@...  00 00 00 5d 00 00 00 00 00 00 00 40 dc e3 0d
008542-008556 StringBlock "selected_down"
008557-008593 DataBlock
  (...(........... 28 00 00 00 28 00 00 00 00 00 00 00 02 00 00 00
  ................ 00 00 00 00 00 00 00 00 01 00 00 00 01 00 00 00
  .....            00 00 00 00 00
008594-008606 FontNameBlock "la_gioconda"
008607-008622 DataBlock
  ................ 0c 00 00 00 07 00 00 00 00 00 00 00 00 00 00 ff
008623-008635 StringBlock "ingame_text"
008636-008651 DataBlock
  ................ 00 00 00 00 00 00 00 00 00 00 00 00 01 00 01 00
008652-008666 T0Block "glow_pulse_t0"
008667-008682 DataBlock
  ...=............ cd cc cc 3d 00 00 00 00 00 00 00 00 00 00 00 00
008683-008693 T0Block "normal_t0"
008694-008713 DataBlock
  ...>............ 9a 99 99 3e 00 00 00 00 00 00 00 00 00 00 00 00
  ....             04 00 00 00
008714-008737 ImageUseBlock id=236706960 xofs=0 yofs=1 xsize=40 ysize=40 brga=4294967295
008738-008792 DataBlock
  ................ 00 00 00 00 00 00 00 00 00 00 00 00 00 00 00 01
  ................ 01 00 00 00 00 00 00 00 00 00 00 00 00 00 00 00
  ................ 00 00 00 00 00 00 00 00 00 00 00 00 00 00 00 00
  .......          00 00 00 00 00 00 00
008793-008816 ImageUseBlock id=123829952 xofs=0 yofs=2 xsize=40 ysize=40 brga=4294967295
008817-008950 DataBlock
  ................ 00 00 00 00 00 00 00 00 00 00 00 00 00 00 00 01
  ................ 01 00 00 00 00 00 00 00 00 00 00 00 00 00 00 00
  ................ 00 00 00 00 00 00 00 00 00 00 00 00 00 00 00 00
  .......`........ 00 00 00 00 00 00 00 60 f3 1b 0e 00 00 00 00 01
  ...(...(......2. 00 00 00 28 00 00 00 28 00 00 00 ff ff ff 32 00
  ................ 00 00 00 00 00 00 00 00 00 00 00 00 00 00 01 01
  ................ 00 00 00 00 00 00 00 00 00 00 00 00 00 00 00 00
  ................ 00 00 00 00 00 00 00 00 00 00 00 00 00 00 00 00
  ......           00 00 00 00 00 00
008951-008974 ImageUseBlock id=230422384 xofs=0 yofs=1 xsize=40 ysize=40 brga=16777215
008975-009085 DataBlock
  ................ 00 00 00 00 00 00 00 00 00 00 00 00 00 00 00 01
  ................ 01 00 00 00 00 00 00 00 00 00 00 00 00 00 00 00
  ................ 00 00 00 00 00 00 00 00 00 00 00 00 00 00 00 00
  ...........x.... 00 00 00 00 00 00 00 0c 01 00 00 78 00 00 00 02
  ...............] 00 00 00 01 00 00 00 e0 ce e3 0d c8 00 00 00 5d
  ...............d 00 00 00 00 00 00 00 03 00 00 00 d0 cc e3 0d 64
  ...]...........  00 00 00 5d 00 00 00 00 00 00 00 b0 e1 e3 0d
009086-009095 StringBlock "down_off"
009096-009132 DataBlock
  (...(........... 28 00 00 00 28 00 00 00 00 00 00 00 02 00 00 00
  ................ 00 00 00 00 00 00 00 00 01 00 00 00 01 00 00 00
  .....            00 00 00 00 00
009133-009145 FontNameBlock "la_gioconda"
009146-009161 DataBlock
  ................ 0c 00 00 00 07 00 00 00 00 00 00 00 00 00 00 ff
009162-009174 StringBlock "ingame_text"
009175-009190 DataBlock
  ................ 00 00 00 00 00 00 00 00 00 00 00 00 01 00 01 00
009191-009201 T0Block "normal_t0"
009202-009217 DataBlock
  ................ 00 00 00 00 00 00 00 00 00 00 00 00 00 00 00 00
009218-009228 T0Block "normal_t0"
009229-009248 DataBlock
  ................ 00 00 00 00 00 00 00 00 00 00 00 00 00 00 00 00
  ....             04 00 00 00
009249-009272 ImageUseBlock id=184232208 xofs=0 yofs=1 xsize=40 ysize=40 brga=4294967295
009273-009327 DataBlock
  ................ 00 00 00 00 00 00 00 00 00 00 00 00 00 00 00 01
  ................ 01 00 00 00 00 00 00 00 00 00 00 00 00 00 00 00
  ................ 00 00 00 00 00 00 00 00 00 00 00 00 00 00 00 00
  .......          00 00 00 00 00 00 00
009328-009351 ImageUseBlock id=123829952 xofs=0 yofs=2 xsize=40 ysize=40 brga=4294967295
009352-009485 DataBlock
  ................ 00 00 00 00 00 00 00 00 00 00 00 00 00 00 00 01
  ................ 01 00 00 00 00 00 00 00 00 00 00 00 00 00 00 00
  ................ 00 00 00 00 00 00 00 00 00 00 00 00 00 00 00 00
  .......`........ 00 00 00 00 00 00 00 60 f3 1b 0e 00 00 00 00 01
  ...(...(........ 00 00 00 28 00 00 00 28 00 00 00 ff ff ff 00 00
  ................ 00 00 00 00 00 00 00 00 00 00 00 00 00 00 01 01
  ................ 00 00 00 00 00 00 00 00 00 00 00 00 00 00 00 00
  ................ 00 00 00 00 00 00 00 00 00 00 00 00 00 00 00 00
  ......           00 00 00 00 00 00
009486-009509 ImageUseBlock id=230422384 xofs=0 yofs=1 xsize=40 ysize=40 brga=16777215
009510-009620 DataBlock
  ................ 00 00 00 00 00 00 00 00 00 00 00 00 00 00 00 01
  ................ 01 00 00 00 00 00 00 00 00 00 00 00 00 00 00 00
  ................ 00 00 00 00 00 00 00 00 00 00 00 00 00 00 00 00
  ...........?.... 00 00 00 00 00 00 00 1d 00 00 00 3f 01 00 00 02
  .......0...d...] 00 00 00 00 00 00 00 30 f0 e3 0d 64 00 00 00 5d
  ................ 00 00 00 00 00 00 00 0b 00 00 00 e0 d0 e3 0d 96
  ...]...........  00 00 00 5d 00 00 00 00 00 00 00 10 e7 e3 0d
009621-009639 StringBlock "selected_inactive"
009640-009676 DataBlock
  (...(........... 28 00 00 00 28 00 00 00 00 00 00 00 02 00 00 00
  ................ 00 00 00 00 00 00 00 00 01 00 00 00 01 00 00 00
  .....            00 00 00 00 00
009677-009689 FontNameBlock "la_gioconda"
009690-009705 DataBlock
  ................ 0c 00 00 00 07 00 00 00 00 00 00 00 00 00 00 ff
009706-009718 StringBlock "ingame_text"
009719-009734 DataBlock
  ................ 00 00 00 00 00 00 00 00 00 00 00 00 00 00 00 00
009735-009745 T0Block "normal_t0"
009746-009761 DataBlock
  ................ 00 00 00 00 00 00 00 00 00 00 00 00 00 00 00 00
009762-009772 T0Block "normal_t0"
009773-009871 DataBlock
  ................ 00 00 00 00 00 00 00 00 00 00 00 00 00 00 00 00
  ......k......... 02 00 00 00 c0 be 6b 0e 00 00 00 00 00 00 00 00
  (...(........... 28 00 00 00 28 00 00 00 ff ff ff ff 00 00 00 00
  ................ 00 00 00 00 00 00 00 00 00 00 00 01 01 00 00 00
  ................ 00 00 00 00 00 00 00 00 00 00 00 00 00 00 00 00
  ................ 00 00 00 00 00 00 00 00 00 00 00 00 00 00 00 00
  ...              00 00 00
009872-009895 ImageUseBlock id=123829952 xofs=0 yofs=1 xsize=40 ysize=40 brga=1191182335
009896-009966 DataBlock
  ................ 00 00 00 00 00 00 00 00 00 00 00 00 00 00 00 01
  ................ 01 00 00 00 00 00 00 00 00 00 00 00 00 00 00 00
  ................ 00 00 00 00 00 00 00 00 00 00 00 00 00 00 00 00
  ................ 00 00 00 00 00 00 00 00 00 00 00 00 00 00 00 00
  .......          00 00 00 d0 ea e3 0d
009967-009976 StringBlock "selected"
009977-010013 DataBlock
  (...(........... 28 00 00 00 28 00 00 00 00 00 00 00 02 00 00 00
  ................ 00 00 00 00 00 00 00 00 01 00 00 00 01 00 00 00
  .....            00 00 00 00 00
010014-010026 FontNameBlock "la_gioconda"
010027-010042 DataBlock
  ................ 0c 00 00 00 07 00 00 00 00 00 00 00 00 00 00 ff
010043-010055 StringBlock "ingame_text"
010056-010071 DataBlock
  ................ 00 00 00 00 00 00 00 00 00 00 00 00 01 00 01 00
010072-010082 T0Block "normal_t0"
010083-010098 DataBlock
  ................ 00 00 00 00 00 00 00 00 00 00 00 00 00 00 00 00
010099-010109 T0Block "normal_t0"
010110-010129 DataBlock
  ................ 00 00 00 00 00 00 00 00 00 00 00 00 00 00 00 00
  ....             04 00 00 00
010130-010153 ImageUseBlock id=236706960 xofs=0 yofs=0 xsize=40 ysize=40 brga=4294967295
010154-010208 DataBlock
  ................ 00 00 00 00 00 00 00 00 00 00 00 00 00 00 00 01
  ................ 01 00 00 00 00 00 00 00 00 00 00 00 00 00 00 00
  ................ 00 00 00 00 00 00 00 00 00 00 00 00 00 00 00 00
  .......          00 00 00 00 00 00 00
010209-010232 ImageUseBlock id=123829952 xofs=0 yofs=1 xsize=40 ysize=40 brga=4294967295
010233-010366 DataBlock
  ................ 00 00 00 00 00 00 00 00 00 00 00 00 00 00 00 01
  ................ 01 00 00 00 00 00 00 00 00 00 00 00 00 00 00 00
  ................ 00 00 00 00 00 00 00 00 00 00 00 00 00 00 00 00
  .......`........ 00 00 00 00 00 00 00 60 f3 1b 0e 00 00 00 00 00
  ...(...(........ 00 00 00 28 00 00 00 28 00 00 00 ff ff ff 00 00
  ................ 00 00 00 00 00 00 00 00 00 00 00 00 00 00 01 01
  ................ 00 00 00 00 00 00 00 00 00 00 00 00 00 00 00 00
  ................ 00 00 00 00 00 00 00 00 00 00 00 00 00 00 00 00
  ......           00 00 00 00 00 00
010367-010390 ImageUseBlock id=230422384 xofs=0 yofs=0 xsize=40 ysize=40 brga=16777215
010391-010481 DataBlock
  ................ 00 00 00 00 00 00 00 00 00 00 00 00 00 00 00 01
  ................ 01 00 00 00 00 00 00 00 00 00 00 00 00 00 00 00
  ................ 00 00 00 00 00 00 00 00 00 00 00 00 00 00 00 00
  ...........M.... 00 00 00 00 00 00 00 91 01 00 00 4d 01 00 00 01
  ...........d...] 00 00 00 00 00 00 00 a0 d6 e3 0d 64 00 00 00 5d
  .......0...      00 00 00 00 00 00 00 30 f0 e3 0d
010482-010487 StringBlock "down"
010488-010524 DataBlock
  (...(........... 28 00 00 00 28 00 00 00 00 00 00 00 02 00 00 00
  ................ 00 00 00 00 00 00 00 00 01 00 00 00 01 00 00 00
  .....            00 00 00 00 00
010525-010537 FontNameBlock "la_gioconda"
010538-010553 DataBlock
  ................ 0c 00 00 00 07 00 00 00 00 00 00 00 00 00 00 ff
010554-010566 StringBlock "ingame_text"
010567-010582 DataBlock
  ................ 00 00 00 00 00 00 00 00 00 00 00 00 01 00 01 00
010583-010597 T0Block "glow_pulse_t0"
010598-010613 DataBlock
  ...=............ cd cc cc 3d 00 00 00 00 00 00 00 00 00 00 00 00
010614-010624 T0Block "normal_t0"
010625-010644 DataBlock
  ...>............ 9a 99 99 3e 00 00 00 00 00 00 00 00 00 00 00 00
  ....             04 00 00 00
010645-010668 ImageUseBlock id=184232208 xofs=0 yofs=1 xsize=40 ysize=40 brga=4294967295
010669-010723 DataBlock
  ................ 00 00 00 00 00 00 00 00 00 00 00 00 00 00 00 01
  ................ 01 00 00 00 00 00 00 00 00 00 00 00 00 00 00 00
  ................ 00 00 00 00 00 00 00 00 00 00 00 00 00 00 00 00
  .......          00 00 00 00 00 00 00
010724-010747 ImageUseBlock id=123829952 xofs=0 yofs=2 xsize=40 ysize=40 brga=4294967295
010748-010881 DataBlock
  ................ 00 00 00 00 00 00 00 00 00 00 00 00 00 00 00 01
  ................ 01 00 00 00 00 00 00 00 00 00 00 00 00 00 00 00
  ................ 00 00 00 00 00 00 00 00 00 00 00 00 00 00 00 00
  .......`........ 00 00 00 00 00 00 00 60 f3 1b 0e 00 00 00 00 01
  ...(...(......2. 00 00 00 28 00 00 00 28 00 00 00 ff ff ff 32 00
  ................ 00 00 00 00 00 00 00 00 00 00 00 00 00 00 01 01
  ................ 00 00 00 00 00 00 00 00 00 00 00 00 00 00 00 00
  ................ 00 00 00 00 00 00 00 00 00 00 00 00 00 00 00 00
  ......           00 00 00 00 00 00
010882-010905 ImageUseBlock id=230422384 xofs=0 yofs=1 xsize=40 ysize=40 brga=16777215
010906-011016 DataBlock
  ................ 00 00 00 00 00 00 00 00 00 00 00 00 00 00 00 01
  ................ 01 00 00 00 00 00 00 00 00 00 00 00 00 00 00 00
  ................ 00 00 00 00 00 00 00 00 00 00 00 00 00 00 00 00
  ................ 00 00 00 00 00 00 00 91 00 00 00 db 00 00 00 02
  ...............] 00 00 00 01 00 00 00 b0 e1 e3 0d c8 00 00 00 5d
  ...............d 00 00 00 00 00 00 00 03 00 00 00 a0 d6 e3 0d 64
  ...]...........  00 00 00 5d 00 00 00 00 00 00 00 a0 f5 e3 0d
011017-011026 StringBlock "inactive"
011027-011063 DataBlock
  (...(........... 28 00 00 00 28 00 00 00 00 00 00 00 02 00 00 00
  ................ 00 00 00 00 00 00 00 00 01 00 00 00 01 00 00 00
  .....            00 00 00 00 00
011064-011076 FontNameBlock "la_gioconda"
011077-011092 DataBlock
  ................ 0c 00 00 00 07 00 00 00 00 00 00 00 00 00 00 ff
011093-011105 StringBlock "ingame_text"
011106-011121 DataBlock
  ................ 00 00 00 00 00 00 00 00 00 00 00 00 00 00 01 00
011122-011132 T0Block "normal_t0"
011133-011148 DataBlock
  ................ 00 00 00 00 00 00 00 00 00 00 00 00 00 00 00 00
011149-011159 T0Block "normal_t0"
011160-011258 DataBlock
  ................ 00 00 00 00 00 00 00 00 00 00 00 00 00 00 00 00
  ....p........... 02 00 00 00 70 cc 82 0e 00 00 00 00 00 00 00 00
  (...(........... 28 00 00 00 28 00 00 00 ff ff ff ff 00 00 00 00
  ................ 00 00 00 00 00 00 00 00 00 00 00 01 01 00 00 00
  ................ 00 00 00 00 00 00 00 00 00 00 00 00 00 00 00 00
  ................ 00 00 00 00 00 00 00 00 00 00 00 00 00 00 00 00
  ...              00 00 00
011259-011282 ImageUseBlock id=123829952 xofs=0 yofs=1 xsize=40 ysize=40 brga=1191182335
011283-011366 DataBlock
  ................ 00 00 00 00 00 00 00 00 00 00 00 00 00 00 00 01
  ................ 01 00 00 00 00 00 00 00 00 00 00 00 00 00 00 00
  ................ 00 00 00 00 00 00 00 00 00 00 00 00 00 00 00 00
  ................ 00 00 00 00 00 00 00 00 00 00 00 00 00 00 00 00
  ................ 00 00 00 00 00 00 00 0a 00 00 00 00 00 00 00 00
  ....             00 00 00 00
011367-011395 StringBlock "grp_gw_generic_button_small"
011396-011402 DataBlock
  .......          00 00 00 00 00 00 00
011403-011431 StringBlock "grp_gw_generic_button_small"
011432-011446 DataBlock
  ...............  00 00 00 00 00 00 00 00 00 00 00 00 00 00 00
