000000-000009 VersionBlock 97
000010-000013 RootIDBlock 572452352
000014-000019 StringBlock "root"
000020-000097 DataBlock
  ................ 00 00 00 00 00 00 00 00 00 00 01 01 00 00 00 00
  ................ 01 00 00 00 00 01 00 00 00 00 00 00 00 00 00 00
  ................ 00 00 00 00 00 00 00 00 00 00 00 01 00 00 00 c0
  .b"..@.......... 97 62 22 00 00 40 06 00 00 c0 03 00 00 00 00 00
  ............b"   00 00 00 00 00 00 01 00 00 00 80 93 62 22
000098-000107 NewStateBlock "NewState"
000108-000111 XSizeBlock 1280
000112-000115 YSizeBlock 960
000116-000146 DataBlock
  ................ 00 00 00 00 02 00 00 00 00 00 00 00 00 00 00 00
  ...............  01 00 00 00 01 00 00 00 01 00 00 00 00 00 00
000147-000159 FontNameBlock "la_gioconda"
000160-000175 DataBlock
  ................ 0a 00 00 00 02 00 00 00 01 00 00 00 dd da fa ff
000176-000198 StringBlock "Default Font Category"
000199-000218 DataBlock
  ................ 00 00 00 00 00 00 00 00 00 00 00 00 00 00 00 00
  ....             00 00 00 00
000219-000229 T0Block "normal_t0"
000230-000245 DataBlock
  ................ 00 00 00 00 00 00 00 00 00 00 00 00 00 00 00 00
000246-000256 T0Block "normal_t0"
000257-000395 DataBlock
  ................ 00 00 00 00 00 00 00 00 00 00 00 00 00 00 00 00
  ......b"........ 01 00 00 00 c0 97 62 22 00 00 00 00 00 00 00 00
  @............... 40 06 00 00 c0 03 00 00 be ff bb ff 00 00 00 00
  ................ 00 00 00 00 00 00 00 00 00 00 00 01 01 00 00 00
  ................ 00 00 00 00 00 00 00 00 00 00 00 00 00 00 00 00
  ................ 00 00 00 00 00 00 00 00 00 00 00 00 00 00 00 00
  ................ 00 00 00 00 00 00 00 00 00 00 00 00 00 00 00 00
  ................ 00 00 00 00 00 00 00 00 00 00 00 00 00 00 00 00
  .......@.."      00 00 00 01 00 00 00 40 f1 1e 22
000396-000412 StringBlock "esc_menu_battle"
000413-000427 StringBlock "BattleEscMenu"
000428-000488 DataBlock
  ................ af 01 00 00 be 00 00 00 00 00 00 00 00 00 01 00
  ................ 00 00 00 01 00 00 00 00 05 00 00 00 00 00 00 00
  ................ 00 00 00 00 00 00 00 00 00 00 00 00 00 00 00 00
  .........../"    00 00 00 00 00 01 00 00 00 80 82 2f 22
000489-000498 NewStateBlock "NewState"
000499-000502 XSizeBlock 418
000503-000506 YSizeBlock 580
000507-000537 DataBlock
  ................ 00 00 00 00 04 00 00 00 04 00 00 00 00 00 00 00
  ...............  01 00 00 00 01 00 00 00 01 00 00 00 00 00 00
000538-000550 FontNameBlock "la_gioconda"
000551-000566 DataBlock
  ................ 0c 00 00 00 07 00 00 00 00 00 00 00 00 00 00 ff
000567-000585 StringBlock "ingame_text_small"
000586-000605 DataBlock
  ................ 00 00 00 00 00 00 00 00 00 00 00 00 00 00 00 00
  ....             00 00 00 00
000606-000616 T0Block "normal_t0"
000617-000632 DataBlock
  ................ 00 00 00 00 00 00 00 00 00 00 00 00 00 00 00 00
000633-000643 T0Block "normal_t0"
000644-000695 DataBlock
  ................ 00 00 00 00 00 00 00 00 00 00 00 00 00 00 00 00
  ................ 00 00 00 00 00 00 00 00 00 00 00 00 00 00 00 00
  ....3........... 00 00 00 00 33 00 00 00 00 00 00 00 01 00 00 00
  .*."             00 2a 1d 22
000696-000703 StringBlock "menu_1"
000704-000746 DataBlock
  ......2......... 00 00 00 00 00 00 32 00 00 00 00 00 00 00 00 00
  ................ 01 00 00 00 00 01 00 00 00 00 02 00 00 00 00 00
  ..2........      00 00 32 00 00 00 00 00 00 00 00
000747-000802 ImageListBlock 1 elements:
  000751-000802 ImageBlock id=572454080 xsize=64 ysize=64 path="ui\\skins\\default\\tooltip_frame.png" unknown=0
000803-000864 DataBlock
  ........../."..N 00 00 00 00 00 01 00 00 00 80 2f 1d 22 08 00 4e
  ewState....J.... 65 77 53 74 61 74 65 a2 01 00 00 4a 01 00 00 00
  ................ 00 00 00 02 00 00 00 00 00 00 00 00 00 00 00 01
  ..............   00 00 00 01 00 00 00 01 00 00 00 00 00 00
000865-000877 FontNameBlock "la_gioconda"
000878-000893 DataBlock
  ................ 0a 00 00 00 02 00 00 00 01 00 00 00 dd da fa ff
000894-000916 StringBlock "Default Font Category"
000917-000936 DataBlock
  ................ 00 00 00 00 00 00 00 00 00 00 00 00 00 00 00 00
  ....             01 00 00 00
000937-000947 T0Block "normal_t0"
000948-000963 DataBlock
  ................ 00 00 00 00 00 00 00 00 00 00 00 00 00 00 00 00
000964-000974 T0Block "normal_t0"
000975-001113 DataBlock
  ................ 00 00 00 00 00 00 00 00 00 00 00 00 00 00 00 00
  ......."........ 01 00 00 00 c0 f4 1e 22 00 00 00 00 00 00 00 00
  ....J........... a2 01 00 00 4a 01 00 00 ff ff ff ff 01 00 00 00
  ................ 00 00 00 00 00 00 00 00 00 00 00 01 01 00 00 00
  ................ 00 00 00 00 00 00 00 00 00 00 00 00 00 00 00 00
  ..............A. 00 00 00 00 00 00 00 00 00 00 00 00 00 d8 41 00
  ..A...A...A..... 00 d8 41 00 00 d8 41 00 00 d8 41 00 00 00 00 00
  ...........3.... 00 00 00 00 00 00 00 00 00 00 00 33 00 00 00 00
  ........=."      00 00 00 06 00 00 00 00 3d 1d 22
001114-001126 StringBlock "title_frame"
001127-001169 DataBlock
  ................ 00 00 1d 00 00 00 ee ff ff ff 01 01 00 00 00 00
  ................ 01 00 00 00 00 01 00 00 00 00 02 00 00 00 00 00
  ...........      00 00 ee ff ff ff 00 00 00 00 00
001170-001231 ImageListBlock 1 elements:
  001174-001231 ImageBlock id=172765632 xsize=219 ysize=50 path="ui\\skins\\default\\tooltip_frame_title.png" unknown=0
001232-001293 DataBlock
  ..........@."..N 00 00 00 00 00 01 00 00 00 80 40 1d 22 08 00 4e
  ewStateh...2.... 65 77 53 74 61 74 65 68 01 00 00 32 00 00 00 00
  ................ 00 00 00 04 00 00 00 04 00 00 00 00 00 00 00 01
  ..............   00 00 00 01 00 00 00 01 00 00 00 00 00 00
001294-001316 FontNameBlock "la_gioconda_uppercase"
001317-001332 DataBlock
  ................ 12 00 00 00 04 00 00 00 00 00 00 00 00 00 00 ff
001333-001356 StringBlock "ingame_section_heading"
001357-001376 DataBlock
  ................ 00 00 00 00 00 00 00 00 00 00 00 00 00 00 00 00
  ....             01 01 00 00
001377-001387 T0Block "normal_t0"
001388-001403 DataBlock
  ................ 00 00 00 00 00 00 00 00 00 00 00 00 00 00 00 00
001404-001414 T0Block "normal_t0"
001415-001553 DataBlock
  ................ 0a d7 a3 bc 00 00 00 00 00 00 00 00 00 00 00 00
  .....1L......... 01 00 00 00 c0 31 4c 0a 00 00 00 00 00 00 00 00
  h...2........... 68 01 00 00 32 00 00 00 ff ff ff ff 01 00 00 00
  ................ 00 00 00 00 00 00 00 00 00 00 00 01 01 00 00 00
  ................ 00 00 00 00 00 00 00 00 00 00 00 00 00 00 00 00
  ..............A. 00 00 00 00 00 00 00 00 00 00 00 00 00 80 41 00
  ..B...A...B..... 00 00 42 00 00 80 41 00 00 00 42 00 00 00 00 00
  ...........3.... 00 00 00 00 00 00 00 00 00 00 00 33 00 00 00 00
  ........G."      00 00 00 01 00 00 00 80 47 1d 22
001554-001560 StringBlock "title"
001561-001623 DataBlock
  ................ 00 00 1e 00 00 00 03 00 00 00 01 01 00 00 00 00
  ................ 01 00 00 00 00 01 00 00 00 00 02 00 00 00 00 00
  ................ 00 00 03 00 00 00 00 00 00 00 00 00 00 00 00 00
  ............K."  00 00 00 00 00 00 00 01 00 00 00 00 4b 1d 22
001624-001633 NewStateBlock "NewState"
001634-001637 XSizeBlock 300
001638-001641 YSizeBlock 40
001642-001661 UnicodeBlock "Game Menu"
001662-001684 DataBlock
  ................ 00 00 04 00 00 00 04 00 00 00 00 00 00 00 02 00
  .......          00 00 01 00 00 00 01
001685-001738 UnicodeBlock "title_NewState_Text_27001a"
001739-001742 DataBlock
  ....             00 00 00 00
001743-001765 FontNameBlock "la_gioconda_uppercase"
001766-001781 DataBlock
  ................ 18 00 00 00 04 00 00 00 00 00 00 00 d7 f8 ff ff
001782-001798 StringBlock "fe_page_heading"
001799-001818 DataBlock
  ................ 00 00 00 00 00 00 00 00 00 00 00 00 00 00 00 00
  ....             00 00 00 00
001819-001829 T0Block "normal_t0"
001830-001845 DataBlock
  ................ 00 00 00 00 00 00 00 00 00 00 00 00 00 00 00 00
001846-001861 T0Block "drop_shadow_t0"
001862-001943 DataBlock
  .......?...@.... 00 00 00 00 00 00 80 3f 00 00 00 40 00 00 00 00
  ................ 00 00 00 00 00 00 00 00 00 00 00 00 00 00 00 00
  ....3........... 00 00 00 00 33 00 00 00 00 00 00 00 00 00 00 00
  ................ 00 00 00 00 00 00 00 00 00 00 00 00 00 00 00 00
  ................ 00 00 00 00 00 00 00 00 00 00 00 00 00 00 00 19
  a"               61 22
001944-001958 StringBlock "button_resume"
001959-001970 StringBlock "TextButton"
001971-002015 DataBlock
  E...#........... 45 00 00 00 23 00 00 00 01 01 00 00 00 00 01 00
  ................ 00 00 00 01 00 00 00 00 02 00 00 00 00 00 00 00
  #....@*a"....    23 00 00 00 00 40 2a 61 22 04 00 00 00
002016-002083 ImageBlock id=576789568 xsize=64 ysize=64 path="ui\\skins\\default\\button_fe_square_edged_active.png" unknown=1629437952
002084-002084 DataBlock
  "                22
002085-002135 ImagePathBlock "ui\\skins\\default\\button_fe_square_edged_hover.png"
002136-002144 DataBlock
  @...@....        40 00 00 00 40 00 00 00 00
002145-002212 ImageBlock id=576791040 xsize=64 ysize=64 path="ui\\skins\\default\\button_fe_square_edged_active.png" unknown=1629667328
002213-002213 DataBlock
  "                22
002214-002265 ImagePathBlock "ui\\skins\\default\\button_fe_square_edged_active.png"
002266-002290 DataBlock
  @...@........... 40 00 00 00 40 00 00 00 00 00 00 00 00 00 00 00
  ......#a"        00 05 00 00 00 80 23 61 22
002291-002297 StringBlock "hover"
002298-002336 DataBlock
  ....2........... 18 01 00 00 32 00 00 00 00 00 00 00 02 00 00 00
  ................ 00 00 00 00 00 00 00 00 01 00 00 00 01 00 00 00
  .......          01 00 00 00 00 00 00
002337-002349 FontNameBlock "la_gioconda"
002350-002365 DataBlock
  ................ 0a 00 00 00 02 00 00 00 01 00 00 00 dd da fa ff
002366-002388 StringBlock "Default Font Category"
002389-002408 DataBlock
  ................ 00 00 00 00 00 00 00 00 00 00 00 00 00 00 00 00
  ....             01 00 00 00
002409-002419 T0Block "normal_t0"
002420-002435 DataBlock
  ................ 00 00 00 00 00 00 00 00 00 00 00 00 00 00 00 00
002436-002446 T0Block "normal_t0"
002447-002696 DataBlock
  ................ 00 00 00 00 00 00 00 00 00 00 00 00 00 00 00 00
  ....@.a"........ 02 00 00 00 40 1c 61 22 00 00 00 00 00 00 00 00
  ....2........... 18 01 00 00 32 00 00 00 ff ff ff ff 01 00 00 00
  ................ 00 00 00 00 00 00 00 00 00 00 00 01 01 00 00 00
  ................ 00 00 00 00 00 00 00 00 00 00 00 00 00 00 00 00
  ................ 00 00 00 00 00 00 00 00 00 00 00 00 00 00 00 00
  . B...... B@.a". 00 20 42 00 00 00 00 00 00 20 42 40 1f 61 22 00
  ...........2.... 00 00 00 00 00 00 00 18 01 00 00 32 00 00 00 ff
  ................ ff ff ff 01 00 00 00 00 00 00 00 00 00 00 00 00
  ................ 00 00 01 01 00 00 00 00 00 00 00 00 00 00 00 00
  ................ 00 00 00 00 00 00 00 00 00 00 00 00 00 00 00 00
  ........ B...... 00 00 00 00 00 00 00 00 20 42 00 00 00 00 00 00
   B.............. 20 42 d5 00 00 00 11 00 00 00 02 00 00 00 01 00
  ..@*a"....@..... 00 00 40 2a 61 22 c8 00 00 00 40 00 00 00 00 00
  ........a"...... 00 00 02 00 00 00 00 2e 61 22 00 00 00 00 00 00
  ......@'a"       00 00 00 00 00 00 40 27 61 22
002697-002706 StringBlock "inactive"
002707-002745 DataBlock
  ....2........... 18 01 00 00 32 00 00 00 00 00 00 00 02 00 00 00
  ................ 00 00 00 00 00 00 00 00 01 00 00 00 01 00 00 00
  .......          01 00 00 00 00 00 00
002746-002758 FontNameBlock "la_gioconda"
002759-002774 DataBlock
  ................ 0a 00 00 00 02 00 00 00 01 00 00 00 dd da fa ff
002775-002797 StringBlock "Default Font Category"
002798-002817 DataBlock
  ................ 00 00 00 00 00 00 00 00 00 00 00 00 00 00 00 00
  ....             01 01 00 00
002818-002835 T0Block "set_greyscale_t0"
002836-002851 DataBlock
  ...?...?........ 00 00 80 3f 00 00 00 3f 00 00 00 00 00 00 00 00
002852-002862 T0Block "normal_t0"
002863-002985 DataBlock
  ................ 00 00 00 00 00 00 00 00 00 00 00 00 00 00 00 00
  ....@.a"........ 01 00 00 00 40 1c 61 22 00 00 00 00 00 00 00 00
  ....2......d.... 18 01 00 00 32 00 00 00 ff ff ff 64 01 00 00 00
  ................ 00 00 00 00 00 00 00 00 00 00 00 01 01 00 00 00
  ................ 00 00 00 00 00 00 00 00 00 00 00 00 00 00 00 00
  ................ 00 00 00 00 00 00 00 00 00 00 00 00 00 00 00 00
  . B...... B..... 00 20 42 00 00 00 00 00 00 20 42 00 00 00 00 00
  .......@*a"      00 00 00 00 00 00 00 40 2a 61 22
002986-002993 StringBlock "active"
002994-003032 DataBlock
  ....2........... 18 01 00 00 32 00 00 00 00 00 00 00 00 00 00 00
  ................ 02 00 00 00 00 00 00 00 01 00 00 00 01 00 00 00
  .......          01 00 00 00 00 00 00
003033-003045 FontNameBlock "la_gioconda"
003046-003061 DataBlock
  ................ 0a 00 00 00 02 00 00 00 01 00 00 00 dd da fa ff
003062-003084 StringBlock "Default Font Category"
003085-003104 DataBlock
  ................ 00 00 00 00 00 00 00 00 00 00 00 00 00 00 00 00
  ....             01 00 00 00
003105-003115 T0Block "normal_t0"
003116-003131 DataBlock
  ................ 00 00 00 00 00 00 00 00 00 00 00 00 00 00 00 00
003132-003142 T0Block "normal_t0"
003143-003392 DataBlock
  ................ 00 00 00 00 00 00 00 00 00 00 00 00 00 00 00 00
  ....@.a"........ 02 00 00 00 40 1c 61 22 00 00 00 00 00 00 00 00
  ....2........... 18 01 00 00 32 00 00 00 ff ff ff ff 01 00 00 00
  ................ 00 00 00 00 00 00 00 00 00 00 00 01 01 00 00 00
  ................ 00 00 00 00 00 00 00 00 00 00 00 00 00 00 00 00
  ................ 00 00 00 00 00 00 00 00 00 00 00 00 00 00 00 00
  . B...... B@.a". 00 20 42 00 00 00 00 00 00 20 42 40 1f 61 22 00
  ...........2.... 00 00 00 00 00 00 00 18 01 00 00 32 00 00 00 ff
  ................ ff ff 00 01 00 00 00 00 00 00 00 00 00 00 00 00
  ................ 00 00 01 01 00 00 00 00 00 00 00 00 00 00 00 00
  ................ 00 00 00 00 00 00 00 00 00 00 00 00 00 00 00 00
  ........ B...... 00 00 00 00 00 00 00 00 20 42 00 00 00 00 00 00
   B5............. 20 42 35 00 00 00 95 00 00 00 02 00 00 00 00 00
  ...#a"....A..... 00 00 80 23 61 22 c8 00 00 00 41 00 00 00 00 00
  ........a"...... 00 00 02 00 00 00 00 2e 61 22 00 00 00 00 00 00
  ........a"       00 00 00 00 00 00 00 2e 61 22
003393-003398 StringBlock "down"
003399-003437 DataBlock
  ....2........... 18 01 00 00 32 00 00 00 00 00 00 00 00 00 00 00
  ................ 02 00 00 00 00 00 00 00 01 00 00 00 01 00 00 00
  .......          01 00 00 00 00 00 00
003438-003450 FontNameBlock "la_gioconda"
003451-003466 DataBlock
  ................ 0a 00 00 00 02 00 00 00 01 00 00 00 dd da fa ff
003467-003489 StringBlock "Default Font Category"
003490-003509 DataBlock
  ................ 00 00 00 00 00 00 00 00 00 00 00 00 00 00 00 00
  ....             01 00 00 00
003510-003520 T0Block "normal_t0"
003521-003536 DataBlock
  ................ 00 00 00 00 00 00 00 00 00 00 00 00 00 00 00 00
003537-003547 T0Block "normal_t0"
003548-003710 DataBlock
  ................ 00 00 00 00 00 00 00 00 00 00 00 00 00 00 00 00
  ....."a"........ 01 00 00 00 00 22 61 22 00 00 00 00 01 00 00 00
  ....2........... 18 01 00 00 32 00 00 00 ff ff ff ff 01 00 00 00
  ................ 00 00 00 00 00 00 00 00 00 00 00 01 01 00 00 00
  ................ 00 00 00 00 00 00 00 00 00 00 00 00 00 00 00 00
  ................ 00 00 00 00 00 00 00 00 00 00 00 00 00 00 00 00
  . B...... Bh.... 00 20 42 00 00 00 00 00 00 20 42 68 01 00 00 93
  ............1a". 00 00 00 02 00 00 00 01 00 00 00 00 31 61 22 00
  ................ 00 00 00 00 00 00 00 00 00 00 00 03 00 00 00 80
  #a"............. 23 61 22 00 00 00 00 00 00 00 00 00 00 00 00 00
  1a"              31 61 22
003711-003720 StringBlock "down_off"
003721-003759 DataBlock
  ....2........... 18 01 00 00 32 00 00 00 00 00 00 00 02 00 00 00
  ................ 00 00 00 00 00 00 00 00 01 00 00 00 01 00 00 00
  .......          01 00 00 00 00 00 00
003760-003772 FontNameBlock "la_gioconda"
003773-003788 DataBlock
  ................ 0a 00 00 00 02 00 00 00 01 00 00 00 dd da fa ff
003789-003811 StringBlock "Default Font Category"
003812-003831 DataBlock
  ................ 00 00 00 00 00 00 00 00 00 00 00 00 00 00 00 00
  ....             01 00 00 00
003832-003842 T0Block "normal_t0"
003843-003858 DataBlock
  ................ 00 00 00 00 00 00 00 00 00 00 00 00 00 00 00 00
003859-003869 T0Block "normal_t0"
003870-004032 DataBlock
  ................ 00 00 00 00 00 00 00 00 00 00 00 00 00 00 00 00
  ....."a"........ 01 00 00 00 c0 22 61 22 00 00 00 00 01 00 00 00
  ....2........... 18 01 00 00 32 00 00 00 ff ff ff ff 01 00 00 00
  ................ 00 00 00 00 00 00 00 00 00 00 00 01 01 00 00 00
  ................ 00 00 00 00 00 00 00 00 00 00 00 00 00 00 00 00
  ................ 00 00 00 00 00 00 00 00 00 00 00 00 00 00 00 00
  . B...... B..... 00 20 42 00 00 00 00 00 00 20 42 de 00 00 00 0b
  .............a". 01 00 00 02 00 00 00 00 00 00 00 00 2e 61 22 00
  ...............@ 00 00 00 00 00 00 00 00 00 00 00 08 00 00 00 40
  *a"............. 2a 61 22 00 00 00 00 00 00 00 00 00 00 00 00 01
  ...              00 00 00
004033-004042 StringBlock "TabOrder"
004043-004061 DataBlock
  ..13............ 01 00 31 33 00 00 00 00 00 00 00 01 00 00 00 00
  4a"              34 61 22
004062-004069 StringBlock "string"
004070-004132 DataBlock
  ................ 00 00 14 00 00 00 06 00 00 00 01 01 00 00 00 00
  ................ 01 00 00 00 00 01 00 00 00 00 05 00 00 00 00 00
  ................ 00 00 00 00 00 00 00 00 00 00 00 00 00 00 00 00
  ...........@7a"  00 00 00 00 00 00 00 01 00 00 00 40 37 61 22
004133-004142 NewStateBlock "NewState"
004143-004146 XSizeBlock 240
004147-004150 YSizeBlock 38
004151-004178 UnicodeBlock "Resume Battle"
004179-004201 DataBlock
  ................ 00 00 04 00 00 00 04 00 00 00 00 00 00 00 02 00
  .......          00 00 01 00 00 00 01
004202-004259 UnicodeBlock "string_NewState_Text_2f001cg"
004260-004263 DataBlock
  ....             00 00 00 00
004264-004286 FontNameBlock "la_gioconda_uppercase"
004287-004302 DataBlock
  ................ 10 00 00 00 04 00 00 00 00 00 00 00 d7 f8 ff ff
004303-004324 StringBlock "fe_paragraph_heading"
004325-004344 DataBlock
  ................ 00 00 00 00 00 00 00 00 00 00 00 00 00 00 00 00
  ....             00 00 00 00
004345-004355 T0Block "normal_t0"
004356-004371 DataBlock
  ................ 00 00 00 00 00 00 00 00 00 00 00 00 00 00 00 00
004372-004382 T0Block "normal_t0"
004383-004446 DataBlock
  ................ 00 00 00 00 00 00 00 00 00 00 00 00 00 00 00 00
  ................ 00 00 00 00 00 00 00 00 00 00 00 00 00 00 00 00
  ....3........... 00 00 00 00 33 00 00 00 00 00 00 00 00 00 00 00
  ................ 00 00 00 00 00 00 00 00 00 00 00 00 00 00 00 00
004447-004469 StringBlock "grp_gw_generic_button"
004470-004485 DataBlock
  .............9a" 00 00 00 00 a4 e5 0a 0f 00 00 00 00 80 39 61 22
004486-004501 StringBlock "button_options"
004502-004513 StringBlock "TextButton"
004514-004558 DataBlock
  E...U........... 45 00 00 00 55 00 00 00 01 01 00 00 00 00 01 00
  ................ 00 00 00 01 00 00 00 00 02 00 00 00 00 00 00 00
  U.....Fa"....    55 00 00 00 00 80 46 61 22 04 00 00 00
004559-004626 ImageBlock id=576797888 xsize=64 ysize=64 path="ui\\skins\\default\\button_fe_square_edged_active.png" unknown=1631420416
004627-004627 DataBlock
  "                22
004628-004678 ImagePathBlock "ui\\skins\\default\\button_fe_square_edged_hover.png"
004679-004687 DataBlock
  @...@....        40 00 00 00 40 00 00 00 00
004688-004755 ImageBlock id=576798272 xsize=64 ysize=64 path="ui\\skins\\default\\button_fe_square_edged_active.png" unknown=1631518720
004756-004756 DataBlock
  "                22
004757-004808 ImagePathBlock "ui\\skins\\default\\button_fe_square_edged_active.png"
004809-004833 DataBlock
  @...@........... 40 00 00 00 40 00 00 00 00 00 00 00 00 00 00 00
  ......?a"        00 05 00 00 00 c0 3f 61 22
004834-004840 StringBlock "hover"
004841-004879 DataBlock
  ....2........... 18 01 00 00 32 00 00 00 00 00 00 00 02 00 00 00
  ................ 00 00 00 00 00 00 00 00 01 00 00 00 01 00 00 00
  .......          01 00 00 00 00 00 00
004880-004892 FontNameBlock "la_gioconda"
004893-004908 DataBlock
  ................ 0a 00 00 00 02 00 00 00 01 00 00 00 dd da fa ff
004909-004931 StringBlock "Default Font Category"
004932-004951 DataBlock
  ................ 00 00 00 00 00 00 00 00 00 00 00 00 00 00 00 00
  ....             01 00 00 00
004952-004962 T0Block "normal_t0"
004963-004978 DataBlock
  ................ 00 00 00 00 00 00 00 00 00 00 00 00 00 00 00 00
004979-004989 T0Block "normal_t0"
004990-005239 DataBlock
  ................ 00 00 00 00 00 00 00 00 00 00 00 00 00 00 00 00
  .....?a"........ 02 00 00 00 00 3f 61 22 00 00 00 00 00 00 00 00
  ....2........... 18 01 00 00 32 00 00 00 ff ff ff ff 01 00 00 00
  ................ 00 00 00 00 00 00 00 00 00 00 00 01 01 00 00 00
  ................ 00 00 00 00 00 00 00 00 00 00 00 00 00 00 00 00
  ................ 00 00 00 00 00 00 00 00 00 00 00 00 00 00 00 00
  . B...... B.=a". 00 20 42 00 00 00 00 00 00 20 42 80 3d 61 22 00
  ...........2.... 00 00 00 00 00 00 00 18 01 00 00 32 00 00 00 ff
  ................ ff ff ff 01 00 00 00 00 00 00 00 00 00 00 00 00
  ................ 00 00 01 01 00 00 00 00 00 00 00 00 00 00 00 00
  ................ 00 00 00 00 00 00 00 00 00 00 00 00 00 00 00 00
  ........ B...... 00 00 00 00 00 00 00 00 20 42 00 00 00 00 00 00
   B.............. 20 42 d5 00 00 00 11 00 00 00 02 00 00 00 01 00
  ...Fa"....@..... 00 00 80 46 61 22 c8 00 00 00 40 00 00 00 00 00
  ......@Ja"...... 00 00 02 00 00 00 40 4a 61 22 00 00 00 00 00 00
  .......Ca"       00 00 00 00 00 00 80 43 61 22
005240-005249 StringBlock "inactive"
005250-005288 DataBlock
  ....2........... 18 01 00 00 32 00 00 00 00 00 00 00 02 00 00 00
  ................ 00 00 00 00 00 00 00 00 01 00 00 00 01 00 00 00
  .......          01 00 00 00 00 00 00
005289-005301 FontNameBlock "la_gioconda"
005302-005317 DataBlock
  ................ 0a 00 00 00 02 00 00 00 01 00 00 00 dd da fa ff
005318-005340 StringBlock "Default Font Category"
005341-005360 DataBlock
  ................ 00 00 00 00 00 00 00 00 00 00 00 00 00 00 00 00
  ....             01 01 00 00
005361-005378 T0Block "set_greyscale_t0"
005379-005394 DataBlock
  ...?...?........ 00 00 80 3f 00 00 00 3f 00 00 00 00 00 00 00 00
005395-005405 T0Block "normal_t0"
005406-005528 DataBlock
  ................ 00 00 00 00 00 00 00 00 00 00 00 00 00 00 00 00
  .....<a"........ 01 00 00 00 c0 3c 61 22 00 00 00 00 00 00 00 00
  ....2......d.... 18 01 00 00 32 00 00 00 ff ff ff 64 01 00 00 00
  ................ 00 00 00 00 00 00 00 00 00 00 00 01 01 00 00 00
  ................ 00 00 00 00 00 00 00 00 00 00 00 00 00 00 00 00
  ................ 00 00 00 00 00 00 00 00 00 00 00 00 00 00 00 00
  . B...... B..... 00 20 42 00 00 00 00 00 00 20 42 00 00 00 00 00
  ........Fa"      00 00 00 00 00 00 00 80 46 61 22
005529-005536 StringBlock "active"
005537-005575 DataBlock
  ....2........... 18 01 00 00 32 00 00 00 00 00 00 00 00 00 00 00
  ................ 02 00 00 00 00 00 00 00 01 00 00 00 01 00 00 00
  .......          01 00 00 00 00 00 00
005576-005588 FontNameBlock "la_gioconda"
005589-005604 DataBlock
  ................ 0a 00 00 00 02 00 00 00 01 00 00 00 dd da fa ff
005605-005627 StringBlock "Default Font Category"
005628-005647 DataBlock
  ................ 00 00 00 00 00 00 00 00 00 00 00 00 00 00 00 00
  ....             01 00 00 00
005648-005658 T0Block "normal_t0"
005659-005674 DataBlock
  ................ 00 00 00 00 00 00 00 00 00 00 00 00 00 00 00 00
005675-005685 T0Block "normal_t0"
005686-005935 DataBlock
  ................ 00 00 00 00 00 00 00 00 00 00 00 00 00 00 00 00
  .....<a"........ 02 00 00 00 c0 3c 61 22 00 00 00 00 00 00 00 00
  ....2........... 18 01 00 00 32 00 00 00 ff ff ff ff 01 00 00 00
  ................ 00 00 00 00 00 00 00 00 00 00 00 01 01 00 00 00
  ................ 00 00 00 00 00 00 00 00 00 00 00 00 00 00 00 00
  ................ 00 00 00 00 00 00 00 00 00 00 00 00 00 00 00 00
  . B...... B.=a". 00 20 42 00 00 00 00 00 00 20 42 80 3d 61 22 00
  ...........2.... 00 00 00 00 00 00 00 18 01 00 00 32 00 00 00 ff
  ................ ff ff 00 01 00 00 00 00 00 00 00 00 00 00 00 00
  ................ 00 00 01 01 00 00 00 00 00 00 00 00 00 00 00 00
  ................ 00 00 00 00 00 00 00 00 00 00 00 00 00 00 00 00
  ........ B...... 00 00 00 00 00 00 00 00 20 42 00 00 00 00 00 00
   B5............. 20 42 35 00 00 00 95 00 00 00 02 00 00 00 00 00
  ...?a"....A..... 00 00 c0 3f 61 22 c8 00 00 00 41 00 00 00 00 00
  ......@Ja"...... 00 00 02 00 00 00 40 4a 61 22 00 00 00 00 00 00
  ......@Ja"       00 00 00 00 00 00 40 4a 61 22
005936-005941 StringBlock "down"
005942-005980 DataBlock
  ....2........... 18 01 00 00 32 00 00 00 00 00 00 00 00 00 00 00
  ................ 02 00 00 00 00 00 00 00 01 00 00 00 01 00 00 00
  .......          01 00 00 00 00 00 00
005981-005993 FontNameBlock "la_gioconda"
005994-006009 DataBlock
  ................ 0a 00 00 00 02 00 00 00 01 00 00 00 dd da fa ff
006010-006032 StringBlock "Default Font Category"
006033-006052 DataBlock
  ................ 00 00 00 00 00 00 00 00 00 00 00 00 00 00 00 00
  ....             01 00 00 00
006053-006063 T0Block "normal_t0"
006064-006079 DataBlock
  ................ 00 00 00 00 00 00 00 00 00 00 00 00 00 00 00 00
006080-006090 T0Block "normal_t0"
006091-006253 DataBlock
  ................ 00 00 00 00 00 00 00 00 00 00 00 00 00 00 00 00
  ....@>a"........ 01 00 00 00 40 3e 61 22 00 00 00 00 01 00 00 00
  ....2........... 18 01 00 00 32 00 00 00 ff ff ff ff 01 00 00 00
  ................ 00 00 00 00 00 00 00 00 00 00 00 01 01 00 00 00
  ................ 00 00 00 00 00 00 00 00 00 00 00 00 00 00 00 00
  ................ 00 00 00 00 00 00 00 00 00 00 00 00 00 00 00 00
  . B...... Bh.... 00 20 42 00 00 00 00 00 00 20 42 68 01 00 00 93
  ...........@Ma". 00 00 00 02 00 00 00 01 00 00 00 40 4d 61 22 00
  ................ 00 00 00 00 00 00 00 00 00 00 00 03 00 00 00 c0
  ?a"............@ 3f 61 22 00 00 00 00 00 00 00 00 00 00 00 00 40
  Ma"              4d 61 22
006254-006263 StringBlock "down_off"
006264-006302 DataBlock
  ....2........... 18 01 00 00 32 00 00 00 00 00 00 00 02 00 00 00
  ................ 00 00 00 00 00 00 00 00 01 00 00 00 01 00 00 00
  .......          01 00 00 00 00 00 00
006303-006315 FontNameBlock "la_gioconda"
006316-006331 DataBlock
  ................ 0a 00 00 00 02 00 00 00 01 00 00 00 dd da fa ff
006332-006354 StringBlock "Default Font Category"
006355-006374 DataBlock
  ................ 00 00 00 00 00 00 00 00 00 00 00 00 00 00 00 00
  ....             01 00 00 00
006375-006385 T0Block "normal_t0"
006386-006401 DataBlock
  ................ 00 00 00 00 00 00 00 00 00 00 00 00 00 00 00 00
006402-006412 T0Block "normal_t0"
006413-006575 DataBlock
  ................ 00 00 00 00 00 00 00 00 00 00 00 00 00 00 00 00
  .....?a"........ 01 00 00 00 00 3f 61 22 00 00 00 00 01 00 00 00
  ....2........... 18 01 00 00 32 00 00 00 ff ff ff ff 01 00 00 00
  ................ 00 00 00 00 00 00 00 00 00 00 00 01 01 00 00 00
  ................ 00 00 00 00 00 00 00 00 00 00 00 00 00 00 00 00
  ................ 00 00 00 00 00 00 00 00 00 00 00 00 00 00 00 00
  . B...... B..... 00 20 42 00 00 00 00 00 00 20 42 de 00 00 00 0b
  ...........@Ja". 01 00 00 02 00 00 00 00 00 00 00 40 4a 61 22 00
  ................ 00 00 00 00 00 00 00 00 00 00 00 08 00 00 00 80
  Fa"............. 46 61 22 00 00 00 00 00 00 00 00 00 00 00 00 01
  ...              00 00 00
006576-006585 StringBlock "TabOrder"
006586-006604 DataBlock
  ..23...........@ 01 00 32 33 00 00 00 00 00 00 00 01 00 00 00 40
  Pa"              50 61 22
006605-006612 StringBlock "string"
006613-006675 DataBlock
  ................ 00 00 14 00 00 00 06 00 00 00 01 01 00 00 00 00
  ................ 01 00 00 00 00 01 00 00 00 00 05 00 00 00 00 00
  ................ 00 00 00 00 00 00 00 00 00 00 00 00 00 00 00 00
  ............Sa"  00 00 00 00 00 00 00 01 00 00 00 80 53 61 22
006676-006685 NewStateBlock "NewState"
006686-006689 XSizeBlock 240
006690-006693 YSizeBlock 38
006694-006709 UnicodeBlock "Options"
006710-006732 DataBlock
  ................ 00 00 04 00 00 00 04 00 00 00 00 00 00 00 02 00
  .......          00 00 01 00 00 00 01
006733-006856 UnicodeBlock "heading_txt_NewState_Text_7700heading_tx_NewState_Text_770027"
006857-006860 DataBlock
  ....             00 00 00 00
006861-006883 FontNameBlock "la_gioconda_uppercase"
006884-006899 DataBlock
  ................ 10 00 00 00 04 00 00 00 00 00 00 00 d7 f8 ff ff
006900-006921 StringBlock "fe_paragraph_heading"
006922-006941 DataBlock
  ................ 00 00 00 00 00 00 00 00 00 00 00 00 00 00 00 00
  ....             00 00 00 00
006942-006952 T0Block "normal_t0"
006953-006968 DataBlock
  ................ 00 00 00 00 00 00 00 00 00 00 00 00 00 00 00 00
006969-006979 T0Block "normal_t0"
006980-007043 DataBlock
  ................ 00 00 00 00 00 00 00 00 00 00 00 00 00 00 00 00
  ................ 00 00 00 00 00 00 00 00 00 00 00 00 00 00 00 00
  ....3........... 00 00 00 00 33 00 00 00 00 00 00 00 00 00 00 00
  ................ 00 00 00 00 00 00 00 00 00 00 00 00 00 00 00 00
007044-007066 StringBlock "grp_gw_generic_button"
007067-007082 DataBlock
  ................ 00 00 00 00 a4 e5 0a 0f 00 00 00 00 a0 be ee 0b
007083-007096 StringBlock "button_hints"
007097-007108 StringBlock "TextButton"
007109-007153 DataBlock
  E............... 45 00 00 00 87 00 00 00 01 01 00 00 00 00 01 00
  ................ 00 00 00 01 00 00 00 00 02 00 00 00 00 00 00 00
  .....`.......    87 00 00 00 00 60 e3 9b 11 04 00 00 00
007154-007221 ImageBlock id=200182656 xsize=161 ysize=52 path="ui\\skins\\default\\button_fe_square_edged_active.png" unknown=4003913728
007222-007222 DataBlock
  .                0b
007223-007273 ImagePathBlock "ui\\skins\\default\\button_fe_square_edged_hover.png"
007274-007282 DataBlock
  ....4....        a1 00 00 00 34 00 00 00 00
007283-007350 ImageBlock id=200186992 xsize=161 ysize=52 path="ui\\skins\\default\\button_fe_square_edged_active.png" unknown=4004065280
007351-007351 DataBlock
  .                0b
007352-007403 ImagePathBlock "ui\\skins\\default\\button_fe_square_edged_active.png"
007404-007428 DataBlock
  ....4........... a1 00 00 00 34 00 00 00 00 00 00 00 00 00 00 00
  .........        00 05 00 00 00 80 df 9b 11
007429-007435 StringBlock "hover"
007436-007474 DataBlock
  ....2........... 18 01 00 00 32 00 00 00 00 00 00 00 02 00 00 00
  ................ 00 00 00 00 00 00 00 00 01 00 00 00 01 00 00 00
  .......          01 00 00 00 00 00 00
007475-007487 FontNameBlock "la_gioconda"
007488-007503 DataBlock
  ................ 0a 00 00 00 02 00 00 00 01 00 00 00 dd da fa ff
007504-007526 StringBlock "Default Font Category"
007527-007546 DataBlock
  ................ 00 00 00 00 00 00 00 00 00 00 00 00 00 00 00 00
  ....             01 00 00 00
007547-007557 T0Block "normal_t0"
007558-007573 DataBlock
  ................ 00 00 00 00 00 00 00 00 00 00 00 00 00 00 00 00
007574-007584 T0Block "normal_t0"
007585-007834 DataBlock
  ................ 00 00 00 00 00 00 00 00 00 00 00 00 00 00 00 00
  ....0........... 02 00 00 00 30 a9 ee 0b 00 00 00 00 00 00 00 00
  ....2........... 18 01 00 00 32 00 00 00 ff ff ff ff 01 00 00 00
  ................ 00 00 00 00 00 00 00 00 00 00 00 01 01 00 00 00
  ................ 00 00 00 00 00 00 00 00 00 00 00 00 00 00 00 00
  ................ 00 00 00 00 00 00 00 00 00 00 00 00 00 00 00 00
  . B...... B..... 00 20 42 00 00 00 00 00 00 20 42 e0 a6 ee 0b 00
  ...........2.... 00 00 00 00 00 00 00 18 01 00 00 32 00 00 00 ff
  ................ ff ff ff 01 00 00 00 00 00 00 00 00 00 00 00 00
  ................ 00 00 01 01 00 00 00 00 00 00 00 00 00 00 00 00
  ................ 00 00 00 00 00 00 00 00 00 00 00 00 00 00 00 00
  ........ B...... 00 00 00 00 00 00 00 00 20 42 00 00 00 00 00 00
   B.............. 20 42 d5 00 00 00 11 00 00 00 02 00 00 00 01 00
  ..`.......@..... 00 00 60 e3 9b 11 c8 00 00 00 40 00 00 00 00 00
  ......@......... 00 00 02 00 00 00 40 e5 9b 11 00 00 00 00 00 00
  ......`...       00 00 00 00 00 00 60 e1 9b 11
007835-007844 StringBlock "inactive"
007845-007883 DataBlock
  ....2........... 18 01 00 00 32 00 00 00 00 00 00 00 02 00 00 00
  ................ 00 00 00 00 00 00 00 00 01 00 00 00 01 00 00 00
  .......          01 00 00 00 00 00 00
007884-007896 FontNameBlock "la_gioconda"
007897-007912 DataBlock
  ................ 0a 00 00 00 02 00 00 00 01 00 00 00 dd da fa ff
007913-007935 StringBlock "Default Font Category"
007936-007955 DataBlock
  ................ 00 00 00 00 00 00 00 00 00 00 00 00 00 00 00 00
  ....             01 01 00 00
007956-007973 T0Block "set_greyscale_t0"
007974-007989 DataBlock
  ...?...?........ 00 00 80 3f 00 00 00 3f 00 00 00 00 00 00 00 00
007990-008000 T0Block "normal_t0"
008001-008123 DataBlock
  ................ 00 00 00 00 00 00 00 00 00 00 00 00 00 00 00 00
  ................ 01 00 00 00 80 8b ee 0b 00 00 00 00 00 00 00 00
  ....2......d.... 18 01 00 00 32 00 00 00 ff ff ff 64 01 00 00 00
  ................ 00 00 00 00 00 00 00 00 00 00 00 01 01 00 00 00
  ................ 00 00 00 00 00 00 00 00 00 00 00 00 00 00 00 00
  ................ 00 00 00 00 00 00 00 00 00 00 00 00 00 00 00 00
  . B...... B..... 00 20 42 00 00 00 00 00 00 20 42 00 00 00 00 00
  .......`...      00 00 00 00 00 00 00 60 e3 9b 11
008124-008131 StringBlock "active"
008132-008170 DataBlock
  ....2........... 18 01 00 00 32 00 00 00 00 00 00 00 00 00 00 00
  ................ 02 00 00 00 00 00 00 00 01 00 00 00 01 00 00 00
  .......          01 00 00 00 00 00 00
008171-008183 FontNameBlock "la_gioconda"
008184-008199 DataBlock
  ................ 0a 00 00 00 02 00 00 00 01 00 00 00 dd da fa ff
008200-008222 StringBlock "Default Font Category"
008223-008242 DataBlock
  ................ 00 00 00 00 00 00 00 00 00 00 00 00 00 00 00 00
  ....             01 00 00 00
008243-008253 T0Block "normal_t0"
008254-008269 DataBlock
  ................ 00 00 00 00 00 00 00 00 00 00 00 00 00 00 00 00
008270-008280 T0Block "normal_t0"
008281-008530 DataBlock
  ................ 00 00 00 00 00 00 00 00 00 00 00 00 00 00 00 00
  ................ 02 00 00 00 80 8b ee 0b 00 00 00 00 00 00 00 00
  ....2........... 18 01 00 00 32 00 00 00 ff ff ff ff 01 00 00 00
  ................ 00 00 00 00 00 00 00 00 00 00 00 01 01 00 00 00
  ................ 00 00 00 00 00 00 00 00 00 00 00 00 00 00 00 00
  ................ 00 00 00 00 00 00 00 00 00 00 00 00 00 00 00 00
  . B...... B..... 00 20 42 00 00 00 00 00 00 20 42 e0 a6 ee 0b 00
  ...........2.... 00 00 00 00 00 00 00 18 01 00 00 32 00 00 00 ff
  ................ ff ff 00 01 00 00 00 00 00 00 00 00 00 00 00 00
  ................ 00 00 01 01 00 00 00 00 00 00 00 00 00 00 00 00
  ................ 00 00 00 00 00 00 00 00 00 00 00 00 00 00 00 00
  ........ B...... 00 00 00 00 00 00 00 00 20 42 00 00 00 00 00 00
   B5............. 20 42 35 00 00 00 95 00 00 00 02 00 00 00 00 00
  ..........A..... 00 00 80 df 9b 11 c8 00 00 00 41 00 00 00 00 00
  ......@......... 00 00 02 00 00 00 40 e5 9b 11 00 00 00 00 00 00
  ......@...       00 00 00 00 00 00 40 e5 9b 11
008531-008536 StringBlock "down"
008537-008575 DataBlock
  ....2........... 18 01 00 00 32 00 00 00 00 00 00 00 00 00 00 00
  ................ 02 00 00 00 00 00 00 00 01 00 00 00 01 00 00 00
  .......          01 00 00 00 00 00 00
008576-008588 FontNameBlock "la_gioconda"
008589-008604 DataBlock
  ................ 0a 00 00 00 02 00 00 00 01 00 00 00 dd da fa ff
008605-008627 StringBlock "Default Font Category"
008628-008647 DataBlock
  ................ 00 00 00 00 00 00 00 00 00 00 00 00 00 00 00 00
  ....             01 00 00 00
008648-008658 T0Block "normal_t0"
008659-008674 DataBlock
  ................ 00 00 00 00 00 00 00 00 00 00 00 00 00 00 00 00
008675-008685 T0Block "normal_t0"
008686-008848 DataBlock
  ................ 00 00 00 00 00 00 00 00 00 00 00 00 00 00 00 00
  ....p........... 01 00 00 00 70 9c ee 0b 00 00 00 00 01 00 00 00
  ....2........... 18 01 00 00 32 00 00 00 ff ff ff ff 01 00 00 00
  ................ 00 00 00 00 00 00 00 00 00 00 00 01 01 00 00 00
  ................ 00 00 00 00 00 00 00 00 00 00 00 00 00 00 00 00
  ................ 00 00 00 00 00 00 00 00 00 00 00 00 00 00 00 00
  . B...... Bh.... 00 20 42 00 00 00 00 00 00 20 42 68 01 00 00 93
  ...........@.... 00 00 00 02 00 00 00 01 00 00 00 40 e7 9b 11 00
  ................ 00 00 00 00 00 00 00 00 00 00 00 03 00 00 00 80
  ...............@ df 9b 11 00 00 00 00 00 00 00 00 00 00 00 00 40
  ...              e7 9b 11
008849-008858 StringBlock "down_off"
008859-008897 DataBlock
  ....2........... 18 01 00 00 32 00 00 00 00 00 00 00 02 00 00 00
  ................ 00 00 00 00 00 00 00 00 01 00 00 00 01 00 00 00
  .......          01 00 00 00 00 00 00
008898-008910 FontNameBlock "la_gioconda"
008911-008926 DataBlock
  ................ 0a 00 00 00 02 00 00 00 01 00 00 00 dd da fa ff
008927-008949 StringBlock "Default Font Category"
008950-008969 DataBlock
  ................ 00 00 00 00 00 00 00 00 00 00 00 00 00 00 00 00
  ....             01 00 00 00
008970-008980 T0Block "normal_t0"
008981-008996 DataBlock
  ................ 00 00 00 00 00 00 00 00 00 00 00 00 00 00 00 00
008997-009007 T0Block "normal_t0"
009008-009170 DataBlock
  ................ 00 00 00 00 00 00 00 00 00 00 00 00 00 00 00 00
  ....0........... 01 00 00 00 30 a9 ee 0b 00 00 00 00 01 00 00 00
  ....2........... 18 01 00 00 32 00 00 00 ff ff ff ff 01 00 00 00
  ................ 00 00 00 00 00 00 00 00 00 00 00 01 01 00 00 00
  ................ 00 00 00 00 00 00 00 00 00 00 00 00 00 00 00 00
  ................ 00 00 00 00 00 00 00 00 00 00 00 00 00 00 00 00
  . B...... B..... 00 20 42 00 00 00 00 00 00 20 42 de 00 00 00 0b
  ...........@.... 01 00 00 02 00 00 00 00 00 00 00 40 e5 9b 11 00
  ...............` 00 00 00 00 00 00 00 00 00 00 00 08 00 00 00 60
  ................ e3 9b 11 00 00 00 00 00 00 00 00 00 00 00 00 01
  ...              00 00 00
009171-009180 StringBlock "TabOrder"
009181-009199 DataBlock
  ..23............ 01 00 32 33 00 00 00 00 00 00 00 01 00 00 00 e0
  R..              52 84 0d
009200-009207 StringBlock "string"
009208-009270 DataBlock
  ................ 00 00 14 00 00 00 06 00 00 00 01 01 00 00 00 00
  ................ 01 00 00 00 00 01 00 00 00 00 05 00 00 00 00 00
  ................ 00 00 00 00 00 00 00 00 00 00 00 00 00 00 00 00
  ............U..  00 00 00 00 00 00 00 01 00 00 00 f0 55 84 0d
009271-009280 NewStateBlock "NewState"
009281-009284 XSizeBlock 240
009285-009288 YSizeBlock 38
009289-009314 UnicodeBlock "Hints & Tips"
009315-009337 DataBlock
  ................ 00 00 04 00 00 00 04 00 00 00 00 00 00 00 02 00
  .......          00 00 01 00 00 00 01
009338-009391 UnicodeBlock "string_NewState_Text_70057"
009392-009395 DataBlock
  ....             00 00 00 00
009396-009418 FontNameBlock "la_gioconda_uppercase"
009419-009434 DataBlock
  ................ 10 00 00 00 04 00 00 00 00 00 00 00 d7 f8 ff ff
009435-009456 StringBlock "fe_paragraph_heading"
009457-009476 DataBlock
  ................ 00 00 00 00 00 00 00 00 00 00 00 00 00 00 00 00
  ....             00 00 00 00
009477-009487 T0Block "normal_t0"
009488-009503 DataBlock
  ................ 00 00 00 00 00 00 00 00 00 00 00 00 00 00 00 00
009504-009514 T0Block "normal_t0"
009515-009578 DataBlock
  ................ 00 00 00 00 00 00 00 00 00 00 00 00 00 00 00 00
  ................ 00 00 00 00 00 00 00 00 00 00 00 00 00 00 00 00
  ....3........... 00 00 00 00 33 00 00 00 00 00 00 00 00 00 00 00
  ................ 00 00 00 00 00 00 00 00 00 00 00 00 00 00 00 00
009579-009601 StringBlock "grp_gw_generic_button"
009602-009617 DataBlock
  .............Ua" 00 00 00 00 a4 e5 0a 0f 00 00 00 00 c0 55 61 22
009618-009630 StringBlock "button_quit"
009631-009642 StringBlock "TextButton"
009643-009687 DataBlock
  E............... 45 00 00 00 b9 00 00 00 01 01 00 00 00 00 01 00
  ................ 00 00 00 01 00 00 00 00 02 00 00 00 00 00 00 00
  ......ba"....    b9 00 00 00 00 c0 62 61 22 04 00 00 00
009688-009755 ImageBlock id=576805120 xsize=64 ysize=64 path="ui\\skins\\default\\button_fe_square_edged_active.png" unknown=1633271808
009756-009756 DataBlock
  "                22
009757-009807 ImagePathBlock "ui\\skins\\default\\button_fe_square_edged_hover.png"
009808-009816 DataBlock
  @...@....        40 00 00 00 40 00 00 00 00
009817-009884 ImageBlock id=576805504 xsize=64 ysize=64 path="ui\\skins\\default\\button_fe_square_edged_active.png" unknown=1633370112
009885-009885 DataBlock
  "                22
009886-009937 ImagePathBlock "ui\\skins\\default\\button_fe_square_edged_active.png"
009938-009962 DataBlock
  @...@........... 40 00 00 00 40 00 00 00 00 00 00 00 00 00 00 00
  ......\a"        00 05 00 00 00 00 5c 61 22
009963-009969 StringBlock "hover"
009970-010008 DataBlock
  ....2........... 18 01 00 00 32 00 00 00 00 00 00 00 02 00 00 00
  ................ 00 00 00 00 00 00 00 00 01 00 00 00 01 00 00 00
  .......          01 00 00 00 00 00 00
010009-010021 FontNameBlock "la_gioconda"
010022-010037 DataBlock
  ................ 0a 00 00 00 02 00 00 00 01 00 00 00 dd da fa ff
010038-010060 StringBlock "Default Font Category"
010061-010080 DataBlock
  ................ 00 00 00 00 00 00 00 00 00 00 00 00 00 00 00 00
  ....             01 00 00 00
010081-010091 T0Block "normal_t0"
010092-010107 DataBlock
  ................ 00 00 00 00 00 00 00 00 00 00 00 00 00 00 00 00
010108-010118 T0Block "normal_t0"
010119-010368 DataBlock
  ................ 00 00 00 00 00 00 00 00 00 00 00 00 00 00 00 00
  .....Ya"........ 02 00 00 00 00 59 61 22 00 00 00 00 00 00 00 00
  ....2........... 18 01 00 00 32 00 00 00 ff ff ff ff 01 00 00 00
  ................ 00 00 00 00 00 00 00 00 00 00 00 01 01 00 00 00
  ................ 00 00 00 00 00 00 00 00 00 00 00 00 00 00 00 00
  ................ 00 00 00 00 00 00 00 00 00 00 00 00 00 00 00 00
  . B...... B.Ya". 00 20 42 00 00 00 00 00 00 20 42 c0 59 61 22 00
  ...........2.... 00 00 00 00 00 00 00 18 01 00 00 32 00 00 00 ff
  ................ ff ff ff 01 00 00 00 00 00 00 00 00 00 00 00 00
  ................ 00 00 01 01 00 00 00 00 00 00 00 00 00 00 00 00
  ................ 00 00 00 00 00 00 00 00 00 00 00 00 00 00 00 00
  ........ B...... 00 00 00 00 00 00 00 00 20 42 00 00 00 00 00 00
   B.............. 20 42 d5 00 00 00 11 00 00 00 02 00 00 00 01 00
  ...ba"....@..... 00 00 c0 62 61 22 c8 00 00 00 40 00 00 00 00 00
  .......fa"...... 00 00 02 00 00 00 80 66 61 22 00 00 00 00 00 00
  .......`a"       00 00 00 00 00 00 00 60 61 22
010369-010378 StringBlock "inactive"
010379-010417 DataBlock
  ....2........... 18 01 00 00 32 00 00 00 00 00 00 00 02 00 00 00
  ................ 00 00 00 00 00 00 00 00 01 00 00 00 01 00 00 00
  .......          01 00 00 00 00 00 00
010418-010430 FontNameBlock "la_gioconda"
010431-010446 DataBlock
  ................ 0a 00 00 00 02 00 00 00 01 00 00 00 dd da fa ff
010447-010469 StringBlock "Default Font Category"
010470-010489 DataBlock
  ................ 00 00 00 00 00 00 00 00 00 00 00 00 00 00 00 00
  ....             01 01 00 00
010490-010507 T0Block "set_greyscale_t0"
010508-010523 DataBlock
  ...?...?........ 00 00 80 3f 00 00 00 3f 00 00 00 00 00 00 00 00
010524-010534 T0Block "normal_t0"
010535-010657 DataBlock
  ................ 00 00 00 00 00 00 00 00 00 00 00 00 00 00 00 00
  .....Ya"........ 01 00 00 00 00 59 61 22 00 00 00 00 00 00 00 00
  ....2......d.... 18 01 00 00 32 00 00 00 ff ff ff 64 01 00 00 00
  ................ 00 00 00 00 00 00 00 00 00 00 00 01 01 00 00 00
  ................ 00 00 00 00 00 00 00 00 00 00 00 00 00 00 00 00
  ................ 00 00 00 00 00 00 00 00 00 00 00 00 00 00 00 00
  . B...... B..... 00 20 42 00 00 00 00 00 00 20 42 00 00 00 00 00
  ........ba"      00 00 00 00 00 00 00 c0 62 61 22
010658-010665 StringBlock "active"
010666-010704 DataBlock
  ....2........... 18 01 00 00 32 00 00 00 00 00 00 00 00 00 00 00
  ................ 02 00 00 00 00 00 00 00 01 00 00 00 01 00 00 00
  .......          01 00 00 00 00 00 00
010705-010717 FontNameBlock "la_gioconda"
010718-010733 DataBlock
  ................ 0a 00 00 00 02 00 00 00 01 00 00 00 dd da fa ff
010734-010756 StringBlock "Default Font Category"
010757-010776 DataBlock
  ................ 00 00 00 00 00 00 00 00 00 00 00 00 00 00 00 00
  ....             01 00 00 00
010777-010787 T0Block "normal_t0"
010788-010803 DataBlock
  ................ 00 00 00 00 00 00 00 00 00 00 00 00 00 00 00 00
010804-010814 T0Block "normal_t0"
010815-011064 DataBlock
  ................ 00 00 00 00 00 00 00 00 00 00 00 00 00 00 00 00
  .....Ya"........ 02 00 00 00 00 59 61 22 00 00 00 00 00 00 00 00
  ....2........... 18 01 00 00 32 00 00 00 ff ff ff ff 01 00 00 00
  ................ 00 00 00 00 00 00 00 00 00 00 00 01 01 00 00 00
  ................ 00 00 00 00 00 00 00 00 00 00 00 00 00 00 00 00
  ................ 00 00 00 00 00 00 00 00 00 00 00 00 00 00 00 00
  . B...... B.Ya". 00 20 42 00 00 00 00 00 00 20 42 c0 59 61 22 00
  ...........2.... 00 00 00 00 00 00 00 18 01 00 00 32 00 00 00 ff
  ................ ff ff 00 01 00 00 00 00 00 00 00 00 00 00 00 00
  ................ 00 00 01 01 00 00 00 00 00 00 00 00 00 00 00 00
  ................ 00 00 00 00 00 00 00 00 00 00 00 00 00 00 00 00
  ........ B...... 00 00 00 00 00 00 00 00 20 42 00 00 00 00 00 00
   B5............. 20 42 35 00 00 00 95 00 00 00 02 00 00 00 00 00
  ...\a"....A..... 00 00 00 5c 61 22 c8 00 00 00 41 00 00 00 00 00
  .......fa"...... 00 00 02 00 00 00 80 66 61 22 00 00 00 00 00 00
  .......fa"       00 00 00 00 00 00 80 66 61 22
011065-011070 StringBlock "down"
011071-011109 DataBlock
  ....2........... 18 01 00 00 32 00 00 00 00 00 00 00 00 00 00 00
  ................ 02 00 00 00 00 00 00 00 01 00 00 00 01 00 00 00
  .......          01 00 00 00 00 00 00
011110-011122 FontNameBlock "la_gioconda"
011123-011138 DataBlock
  ................ 0a 00 00 00 02 00 00 00 01 00 00 00 dd da fa ff
011139-011161 StringBlock "Default Font Category"
011162-011181 DataBlock
  ................ 00 00 00 00 00 00 00 00 00 00 00 00 00 00 00 00
  ....             01 00 00 00
011182-011192 T0Block "normal_t0"
011193-011208 DataBlock
  ................ 00 00 00 00 00 00 00 00 00 00 00 00 00 00 00 00
011209-011219 T0Block "normal_t0"
011220-011382 DataBlock
  ................ 00 00 00 00 00 00 00 00 00 00 00 00 00 00 00 00
  .....Za"........ 01 00 00 00 80 5a 61 22 00 00 00 00 01 00 00 00
  ....2........... 18 01 00 00 32 00 00 00 ff ff ff ff 01 00 00 00
  ................ 00 00 00 00 00 00 00 00 00 00 00 01 01 00 00 00
  ................ 00 00 00 00 00 00 00 00 00 00 00 00 00 00 00 00
  ................ 00 00 00 00 00 00 00 00 00 00 00 00 00 00 00 00
  . B...... Bh.... 00 20 42 00 00 00 00 00 00 20 42 68 01 00 00 93
  ............ia". 00 00 00 02 00 00 00 01 00 00 00 80 69 61 22 00
  ................ 00 00 00 00 00 00 00 00 00 00 00 03 00 00 00 00
  \a"............. 5c 61 22 00 00 00 00 00 00 00 00 00 00 00 00 80
  ia"              69 61 22
011383-011392 StringBlock "down_off"
011393-011431 DataBlock
  ....2........... 18 01 00 00 32 00 00 00 00 00 00 00 02 00 00 00
  ................ 00 00 00 00 00 00 00 00 01 00 00 00 01 00 00 00
  .......          01 00 00 00 00 00 00
011432-011444 FontNameBlock "la_gioconda"
011445-011460 DataBlock
  ................ 0a 00 00 00 02 00 00 00 01 00 00 00 dd da fa ff
011461-011483 StringBlock "Default Font Category"
011484-011503 DataBlock
  ................ 00 00 00 00 00 00 00 00 00 00 00 00 00 00 00 00
  ....             01 00 00 00
011504-011514 T0Block "normal_t0"
011515-011530 DataBlock
  ................ 00 00 00 00 00 00 00 00 00 00 00 00 00 00 00 00
011531-011541 T0Block "normal_t0"
011542-011704 DataBlock
  ................ 00 00 00 00 00 00 00 00 00 00 00 00 00 00 00 00
  ....@[a"........ 01 00 00 00 40 5b 61 22 00 00 00 00 01 00 00 00
  ....2........... 18 01 00 00 32 00 00 00 ff ff ff ff 01 00 00 00
  ................ 00 00 00 00 00 00 00 00 00 00 00 01 01 00 00 00
  ................ 00 00 00 00 00 00 00 00 00 00 00 00 00 00 00 00
  ................ 00 00 00 00 00 00 00 00 00 00 00 00 00 00 00 00
  . B...... B..... 00 20 42 00 00 00 00 00 00 20 42 de 00 00 00 0b
  ............fa". 01 00 00 02 00 00 00 00 00 00 00 80 66 61 22 00
  ................ 00 00 00 00 00 00 00 00 00 00 00 08 00 00 00 c0
  ba"............. 62 61 22 00 00 00 00 00 00 00 00 00 00 00 00 01
  ...              00 00 00
011705-011714 StringBlock "TabOrder"
011715-011733 DataBlock
  ..33............ 01 00 33 33 00 00 00 00 00 00 00 01 00 00 00 80
  la"              6c 61 22
011734-011741 StringBlock "string"
011742-011804 DataBlock
  ................ 00 00 14 00 00 00 00 00 00 00 01 01 00 00 00 00
  ................ 01 00 00 00 00 01 00 00 00 00 02 00 00 00 00 00
  ........pa"..... 00 00 00 00 00 00 00 00 70 61 22 00 00 00 00 00
  ............pa"  00 00 00 00 00 00 00 04 00 00 00 00 70 61 22
011805-011814 NewStateBlock "NewState"
011815-011818 XSizeBlock 240
011819-011822 YSizeBlock 50
011823-011852 UnicodeBlock "Concede Defeat"
011853-011875 DataBlock
  ................ 00 00 04 00 00 00 04 00 00 00 00 00 00 00 02 00
  .......          00 00 01 00 00 00 01
011876-011933 UnicodeBlock "string_NewState_Text_5b0068o"
011934-011937 DataBlock
  ....             00 00 00 00
011938-011960 FontNameBlock "la_gioconda_uppercase"
011961-011976 DataBlock
  ................ 10 00 00 00 04 00 00 00 00 00 00 00 d7 f8 ff ff
011977-011998 StringBlock "fe_paragraph_heading"
011999-012018 DataBlock
  ................ 00 00 00 00 00 00 00 00 00 00 00 00 00 00 00 00
  ....             00 00 00 00
012019-012029 T0Block "normal_t0"
012030-012045 DataBlock
  ................ 00 00 00 00 00 00 00 00 00 00 00 00 00 00 00 00
012046-012056 T0Block "normal_t0"
012057-012092 DataBlock
  ................ 00 00 00 00 00 00 00 00 00 00 00 00 00 00 00 00
  ................ 00 00 00 00 00 00 00 00 00 00 00 00 00 00 00 00
  .ra"             00 72 61 22
012093-012106 StringBlock "exit_to_menu"
012107-012114 DataBlock
  ....2...         f0 00 00 00 32 00 00 00
012115-012150 UnicodeBlock "Exit to Main Menu"
012151-012173 DataBlock
  ................ 00 00 04 00 00 00 04 00 00 00 00 00 00 00 02 00
  .......          00 00 01 00 00 00 01
012174-012237 UnicodeBlock "string_exit_to_menu_Text_740077"
012238-012241 DataBlock
  ....             00 00 00 00
012242-012264 FontNameBlock "la_gioconda_uppercase"
012265-012280 DataBlock
  ................ 10 00 00 00 04 00 00 00 00 00 00 00 d7 f8 ff ff
012281-012302 StringBlock "fe_paragraph_heading"
012303-012322 DataBlock
  ................ 00 00 00 00 00 00 00 00 00 00 00 00 00 00 00 00
  ....             00 00 00 00
012323-012333 T0Block "normal_t0"
012334-012349 DataBlock
  ................ 00 00 00 00 00 00 00 00 00 00 00 00 00 00 00 00
012350-012360 T0Block "normal_t0"
012361-012396 DataBlock
  ................ 00 00 00 00 00 00 00 00 00 00 00 00 00 00 00 00
  ................ 00 00 00 00 00 00 00 00 00 00 00 00 00 00 00 00
  .ta"             00 74 61 22
012397-012406 StringBlock "win_quit"
012407-012414 DataBlock
  ....2...         f0 00 00 00 32 00 00 00
012415-012438 UnicodeBlock "Quit Battle"
012439-012461 DataBlock
  ................ 00 00 04 00 00 00 04 00 00 00 00 00 00 00 02 00
  .......          00 00 01 00 00 00 01
012462-012519 UnicodeBlock "string_win_quit_Text_5b0068j"
012520-012523 DataBlock
  ....             00 00 00 00
012524-012546 FontNameBlock "la_gioconda_uppercase"
012547-012562 DataBlock
  ................ 10 00 00 00 04 00 00 00 00 00 00 00 d7 f8 ff ff
012563-012584 StringBlock "fe_paragraph_heading"
012585-012604 DataBlock
  ................ 00 00 00 00 00 00 00 00 00 00 00 00 00 00 00 00
  ....             00 00 00 00
012605-012615 T0Block "normal_t0"
012616-012631 DataBlock
  ................ 00 00 00 00 00 00 00 00 00 00 00 00 00 00 00 00
012632-012642 T0Block "normal_t0"
012643-012678 DataBlock
  ................ 00 00 00 00 00 00 00 00 00 00 00 00 00 00 00 00
  ................ 00 00 00 00 00 00 00 00 00 00 00 00 00 00 00 00
  @va"             40 76 61 22
012679-012691 StringBlock "replay_quit"
012692-012699 DataBlock
  ....2...         f0 00 00 00 32 00 00 00
012700-012723 UnicodeBlock "Quit Replay"
012724-012746 DataBlock
  ................ 00 00 04 00 00 00 04 00 00 00 00 00 00 00 02 00
  .......          00 00 01 00 00 00 01
012747-012810 UnicodeBlock "string_replay_quit_Text_420068v"
012811-012814 DataBlock
  ....             00 00 00 00
012815-012837 FontNameBlock "la_gioconda_uppercase"
012838-012853 DataBlock
  ................ 10 00 00 00 04 00 00 00 00 00 00 00 d7 f8 ff ff
012854-012875 StringBlock "fe_paragraph_heading"
012876-012895 DataBlock
  ................ 00 00 00 00 00 00 00 00 00 00 00 00 00 00 00 00
  ....             00 00 00 00
012896-012906 T0Block "normal_t0"
012907-012922 DataBlock
  ................ 00 00 00 00 00 00 00 00 00 00 00 00 00 00 00 00
012923-012933 T0Block "normal_t0"
012934-012997 DataBlock
  ................ 00 00 00 00 00 00 00 00 00 00 00 00 00 00 00 00
  ................ 00 00 00 00 00 00 00 00 00 00 00 00 00 00 00 00
  ....3........... 00 00 00 00 33 00 00 00 00 00 00 00 00 00 00 00
  ................ 00 00 00 00 00 00 00 00 00 00 00 00 00 00 00 00
012998-013017 StringBlock "ind_bat_end_battle"
013018-013033 DataBlock
  ............@xa" 00 00 00 00 a4 e5 0a 0f 00 00 00 00 40 78 61 22
013034-013049 StringBlock "button_windows"
013050-013061 StringBlock "TextButton"
013062-013106 DataBlock
  E............... 45 00 00 00 04 01 00 00 01 01 00 00 00 00 01 00
  ................ 00 00 00 01 00 00 00 00 08 00 00 00 00 00 00 00
  .......a"....    ec ff ff ff 00 80 85 61 22 04 00 00 00
013107-013174 ImageBlock id=576814016 xsize=64 ysize=64 path="ui\\skins\\default\\button_fe_square_edged_active.png" unknown=1635549184
013175-013175 DataBlock
  "                22
013176-013226 ImagePathBlock "ui\\skins\\default\\button_fe_square_edged_hover.png"
013227-013235 DataBlock
  @...@....        40 00 00 00 40 00 00 00 00
013236-013303 ImageBlock id=576814400 xsize=64 ysize=64 path="ui\\skins\\default\\button_fe_square_edged_active.png" unknown=1635647488
013304-013304 DataBlock
  "                22
013305-013356 ImagePathBlock "ui\\skins\\default\\button_fe_square_edged_active.png"
013357-013381 DataBlock
  @...@........... 40 00 00 00 40 00 00 00 00 00 00 00 00 00 00 00
  ......~a"        00 05 00 00 00 c0 7e 61 22
013382-013388 StringBlock "hover"
013389-013427 DataBlock
  ....2........... 18 01 00 00 32 00 00 00 00 00 00 00 02 00 00 00
  ................ 00 00 00 00 00 00 00 00 01 00 00 00 01 00 00 00
  .......          01 00 00 00 00 00 00
013428-013440 FontNameBlock "la_gioconda"
013441-013456 DataBlock
  ................ 0a 00 00 00 02 00 00 00 01 00 00 00 dd da fa ff
013457-013479 StringBlock "Default Font Category"
013480-013499 DataBlock
  ................ 00 00 00 00 00 00 00 00 00 00 00 00 00 00 00 00
  ....             01 00 00 00
013500-013510 T0Block "normal_t0"
013511-013526 DataBlock
  ................ 00 00 00 00 00 00 00 00 00 00 00 00 00 00 00 00
013527-013537 T0Block "normal_t0"
013538-013787 DataBlock
  ................ 00 00 00 00 00 00 00 00 00 00 00 00 00 00 00 00
  .....{a"........ 02 00 00 00 c0 7b 61 22 00 00 00 00 00 00 00 00
  ....2........... 18 01 00 00 32 00 00 00 ff ff ff ff 01 00 00 00
  ................ 00 00 00 00 00 00 00 00 00 00 00 01 01 00 00 00
  ................ 00 00 00 00 00 00 00 00 00 00 00 00 00 00 00 00
  ................ 00 00 00 00 00 00 00 00 00 00 00 00 00 00 00 00
  . B...... B.|a". 00 20 42 00 00 00 00 00 00 20 42 80 7c 61 22 00
  ...........2.... 00 00 00 00 00 00 00 18 01 00 00 32 00 00 00 ff
  ................ ff ff ff 01 00 00 00 00 00 00 00 00 00 00 00 00
  ................ 00 00 01 01 00 00 00 00 00 00 00 00 00 00 00 00
  ................ 00 00 00 00 00 00 00 00 00 00 00 00 00 00 00 00
  ........ B...... 00 00 00 00 00 00 00 00 20 42 00 00 00 00 00 00
   B.............. 20 42 d5 00 00 00 11 00 00 00 02 00 00 00 01 00
  ....a"....@..... 00 00 80 85 61 22 c8 00 00 00 40 00 00 00 00 00
  ......@.a"...... 00 00 02 00 00 00 40 89 61 22 00 00 00 00 00 00
  ........a"       00 00 00 00 00 00 80 82 61 22
013788-013797 StringBlock "inactive"
013798-013836 DataBlock
  ....2........... 18 01 00 00 32 00 00 00 00 00 00 00 02 00 00 00
  ................ 00 00 00 00 00 00 00 00 01 00 00 00 01 00 00 00
  .......          01 00 00 00 00 00 00
013837-013849 FontNameBlock "la_gioconda"
013850-013865 DataBlock
  ................ 0a 00 00 00 02 00 00 00 01 00 00 00 dd da fa ff
013866-013888 StringBlock "Default Font Category"
013889-013908 DataBlock
  ................ 00 00 00 00 00 00 00 00 00 00 00 00 00 00 00 00
  ....             01 01 00 00
013909-013926 T0Block "set_greyscale_t0"
013927-013942 DataBlock
  ...?...?........ 00 00 80 3f 00 00 00 3f 00 00 00 00 00 00 00 00
013943-013953 T0Block "normal_t0"
013954-014076 DataBlock
  ................ 00 00 00 00 00 00 00 00 00 00 00 00 00 00 00 00
  .....{a"........ 01 00 00 00 c0 7b 61 22 00 00 00 00 00 00 00 00
  ....2......d.... 18 01 00 00 32 00 00 00 ff ff ff 64 01 00 00 00
  ................ 00 00 00 00 00 00 00 00 00 00 00 01 01 00 00 00
  ................ 00 00 00 00 00 00 00 00 00 00 00 00 00 00 00 00
  ................ 00 00 00 00 00 00 00 00 00 00 00 00 00 00 00 00
  . B...... B..... 00 20 42 00 00 00 00 00 00 20 42 00 00 00 00 00
  .........a"      00 00 00 00 00 00 00 80 85 61 22
014077-014084 StringBlock "active"
014085-014123 DataBlock
  ....2........... 18 01 00 00 32 00 00 00 00 00 00 00 00 00 00 00
  ................ 02 00 00 00 00 00 00 00 01 00 00 00 01 00 00 00
  .......          01 00 00 00 00 00 00
014124-014136 FontNameBlock "la_gioconda"
014137-014152 DataBlock
  ................ 0a 00 00 00 02 00 00 00 01 00 00 00 dd da fa ff
014153-014175 StringBlock "Default Font Category"
014176-014195 DataBlock
  ................ 00 00 00 00 00 00 00 00 00 00 00 00 00 00 00 00
  ....             01 00 00 00
014196-014206 T0Block "normal_t0"
014207-014222 DataBlock
  ................ 00 00 00 00 00 00 00 00 00 00 00 00 00 00 00 00
014223-014233 T0Block "normal_t0"
014234-014483 DataBlock
  ................ 00 00 00 00 00 00 00 00 00 00 00 00 00 00 00 00
  .....{a"........ 02 00 00 00 c0 7b 61 22 00 00 00 00 00 00 00 00
  ....2........... 18 01 00 00 32 00 00 00 ff ff ff ff 01 00 00 00
  ................ 00 00 00 00 00 00 00 00 00 00 00 01 01 00 00 00
  ................ 00 00 00 00 00 00 00 00 00 00 00 00 00 00 00 00
  ................ 00 00 00 00 00 00 00 00 00 00 00 00 00 00 00 00
  . B...... B.|a". 00 20 42 00 00 00 00 00 00 20 42 80 7c 61 22 00
  ...........2.... 00 00 00 00 00 00 00 18 01 00 00 32 00 00 00 ff
  ................ ff ff 00 01 00 00 00 00 00 00 00 00 00 00 00 00
  ................ 00 00 01 01 00 00 00 00 00 00 00 00 00 00 00 00
  ................ 00 00 00 00 00 00 00 00 00 00 00 00 00 00 00 00
  ........ B...... 00 00 00 00 00 00 00 00 20 42 00 00 00 00 00 00
   B5............. 20 42 35 00 00 00 95 00 00 00 02 00 00 00 00 00
  ...~a"....A..... 00 00 c0 7e 61 22 c8 00 00 00 41 00 00 00 00 00
  ......@.a"...... 00 00 02 00 00 00 40 89 61 22 00 00 00 00 00 00
  ......@.a"       00 00 00 00 00 00 40 89 61 22
014484-014489 StringBlock "down"
014490-014528 DataBlock
  ....2........... 18 01 00 00 32 00 00 00 00 00 00 00 00 00 00 00
  ................ 02 00 00 00 00 00 00 00 01 00 00 00 01 00 00 00
  .......          01 00 00 00 00 00 00
014529-014541 FontNameBlock "la_gioconda"
014542-014557 DataBlock
  ................ 0a 00 00 00 02 00 00 00 01 00 00 00 dd da fa ff
014558-014580 StringBlock "Default Font Category"
014581-014600 DataBlock
  ................ 00 00 00 00 00 00 00 00 00 00 00 00 00 00 00 00
  ....             01 00 00 00
014601-014611 T0Block "normal_t0"
014612-014627 DataBlock
  ................ 00 00 00 00 00 00 00 00 00 00 00 00 00 00 00 00
014628-014638 T0Block "normal_t0"
014639-014801 DataBlock
  ................ 00 00 00 00 00 00 00 00 00 00 00 00 00 00 00 00
  ....@}a"........ 01 00 00 00 40 7d 61 22 00 00 00 00 01 00 00 00
  ....2........... 18 01 00 00 32 00 00 00 ff ff ff ff 01 00 00 00
  ................ 00 00 00 00 00 00 00 00 00 00 00 01 01 00 00 00
  ................ 00 00 00 00 00 00 00 00 00 00 00 00 00 00 00 00
  ................ 00 00 00 00 00 00 00 00 00 00 00 00 00 00 00 00
  . B...... Bh.... 00 20 42 00 00 00 00 00 00 20 42 68 01 00 00 93
  .............a". 00 00 00 02 00 00 00 01 00 00 00 00 8c 61 22 00
  ................ 00 00 00 00 00 00 00 00 00 00 00 03 00 00 00 c0
  ~a"............. 7e 61 22 00 00 00 00 00 00 00 00 00 00 00 00 00
  .a"              8c 61 22
014802-014811 StringBlock "down_off"
014812-014850 DataBlock
  ....2........... 18 01 00 00 32 00 00 00 00 00 00 00 02 00 00 00
  ................ 00 00 00 00 00 00 00 00 01 00 00 00 01 00 00 00
  .......          01 00 00 00 00 00 00
014851-014863 FontNameBlock "la_gioconda"
014864-014879 DataBlock
  ................ 0a 00 00 00 02 00 00 00 01 00 00 00 dd da fa ff
014880-014902 StringBlock "Default Font Category"
014903-014922 DataBlock
  ................ 00 00 00 00 00 00 00 00 00 00 00 00 00 00 00 00
  ....             01 00 00 00
014923-014933 T0Block "normal_t0"
014934-014949 DataBlock
  ................ 00 00 00 00 00 00 00 00 00 00 00 00 00 00 00 00
014950-014960 T0Block "normal_t0"
014961-015123 DataBlock
  ................ 00 00 00 00 00 00 00 00 00 00 00 00 00 00 00 00
  .....~a"........ 01 00 00 00 00 7e 61 22 00 00 00 00 01 00 00 00
  ....2........... 18 01 00 00 32 00 00 00 ff ff ff ff 01 00 00 00
  ................ 00 00 00 00 00 00 00 00 00 00 00 01 01 00 00 00
  ................ 00 00 00 00 00 00 00 00 00 00 00 00 00 00 00 00
  ................ 00 00 00 00 00 00 00 00 00 00 00 00 00 00 00 00
  . B...... B..... 00 20 42 00 00 00 00 00 00 20 42 de 00 00 00 0b
  ...........@.a". 01 00 00 02 00 00 00 00 00 00 00 40 89 61 22 00
  ................ 00 00 00 00 00 00 00 00 00 00 00 08 00 00 00 80
  .a"............. 85 61 22 00 00 00 00 00 00 00 00 00 00 00 00 01
  ...              00 00 00
015124-015133 StringBlock "TabOrder"
015134-015152 DataBlock
  ..43............ 01 00 34 33 00 00 00 00 00 00 00 01 00 00 00 00
  .a"              8f 61 22
015153-015160 StringBlock "string"
015161-015223 DataBlock
  ................ 00 00 14 00 00 00 00 00 00 00 01 01 00 00 00 00
  ................ 01 00 00 00 00 01 00 00 00 00 02 00 00 00 00 00
  .........a"..... 00 00 00 00 00 00 00 80 92 61 22 00 00 00 00 00
  .............a"  00 00 00 00 00 00 00 01 00 00 00 80 92 61 22
015224-015233 NewStateBlock "NewState"
015234-015237 XSizeBlock 240
015238-015241 YSizeBlock 50
015242-015273 UnicodeBlock "Quit to Windows"
015274-015296 DataBlock
  ................ 00 00 04 00 00 00 04 00 00 00 00 00 00 00 02 00
  .......          00 00 01 00 00 00 01
015297-015352 UnicodeBlock "string_NewState_Text_2f0052"
015353-015356 DataBlock
  ....             00 00 00 00
015357-015379 FontNameBlock "la_gioconda_uppercase"
015380-015395 DataBlock
  ................ 10 00 00 00 04 00 00 00 00 00 00 00 d7 f8 ff ff
015396-015417 StringBlock "fe_paragraph_heading"
015418-015437 DataBlock
  ................ 00 00 00 00 00 00 00 00 00 00 00 00 00 00 00 00
  ....             00 00 00 00
015438-015448 T0Block "normal_t0"
015449-015464 DataBlock
  ................ 00 00 00 00 00 00 00 00 00 00 00 00 00 00 00 00
015465-015475 T0Block "normal_t0"
015476-015539 DataBlock
  ................ 00 00 00 00 00 00 00 00 00 00 00 00 00 00 00 00
  ................ 00 00 00 00 00 00 00 00 00 00 00 00 00 00 00 00
  ....3........... 00 00 00 00 33 00 00 00 00 00 00 00 00 00 00 00
  ................ 00 00 00 00 00 00 00 00 00 00 00 00 00 00 00 00
015540-015562 StringBlock "grp_gw_generic_button"
015563-015618 DataBlock
  ................ 00 00 00 00 a4 e5 0a 0f 00 00 00 00 00 00 00 00
  .............a". 00 00 01 01 00 00 00 05 00 00 00 00 19 61 22 80
  9a".....Ua"@xa". 39 61 22 a0 be ee 0b c0 55 61 22 40 78 61 22 00
  ........         00 00 00 00 00 00 00 00
015619-015641 StringBlock "pop_up_gw_option_menu"
015642-015668 DataBlock
  ................ 00 00 00 00 00 00 00 00 00 00 00 00 00 00 00 00
  ...........      00 00 00 00 00 00 00 00 00 00 00
