000000-000009 VersionBlock 97
000010-000013 RootIDBlock 304472832
000014-000019 StringBlock "root"
000020-000021 StringBlock ""
000022-000025 XOffsetBlock 0
000026-000029 YOffsetBlock 0
000030-000093 DataBlock
  ................ 01 01 00 00 00 00 01 00 00 00 00 01 00 00 00 00
  ................ 00 00 00 00 00 00 00 00 00 00 00 00 00 00 00 00
  .....@E......... 00 01 00 00 00 40 45 fb 11 00 00 00 05 00 00 c0
  ................ 03 00 00 00 00 00 00 00 00 00 00 00 01 00 00 00
000094-000097 StateIDBlock 306232416
000098-000107 StateNameBlock "NewState"
000108-000111 XSizeBlock 1600
000112-000115 YSizeBlock 900
000116-000146 DataBlock
  ................ 00 00 00 00 02 00 00 00 00 00 00 00 00 00 00 00
  ...............  01 00 00 00 01 00 00 00 00 00 00 00 00 00 00
000147-000159 FontNameBlock "la_gioconda"
000160-000163 LineHeightBlock 12
000164-000167 FontLeadingBlock 7
000168-000171 FontTrailingBlock 0
000172-000175 FontBGRABlock bgra(215,248,255,255)
000176-000192 FontCategoryBlock "fe_tooltip_text"
000193-000212 DataBlock
  ................ 00 00 00 00 00 00 00 00 00 00 00 00 00 00 00 00
  ....             01 00 00 00
000213-000223 ShaderNameBlock "normal_t0"
000224-000227 ShaderVariableBlock 0.0 (0)
000228-000231 ShaderVariableBlock 0.0 (0)
000232-000235 ShaderVariableBlock 0.0 (0)
000236-000239 ShaderVariableBlock 0.0 (0)
000240-000250 ShaderNameBlock "normal_t0"
000251-000254 ShaderVariableBlock 0.0 (0)
000255-000258 ShaderVariableBlock 0.0 (0)
000259-000262 ShaderVariableBlock 0.0 (0)
000263-000266 ShaderVariableBlock 0.0 (0)
000267-000389 DataBlock
  ....@E.......... 01 00 00 00 40 45 fb 11 00 00 00 00 00 00 00 00
  @...L........... 40 06 00 00 4c 03 00 00 7f 7f 7f ff 00 00 00 00
  ................ 00 00 00 00 00 00 00 00 00 00 00 01 01 00 00 00
  ................ 00 00 00 00 00 00 00 00 00 00 00 00 00 00 00 00
  ................ 00 00 00 00 00 00 00 00 00 00 00 00 00 00 00 00
  ................ 00 00 00 00 00 00 00 00 00 00 00 00 00 00 00 00
  ................ 00 00 00 00 00 00 00 00 00 00 00 00 00 00 00 00
  .........%.      00 00 00 01 00 00 00 00 e8 25 12
000390-000416 StringBlock "tooltip_character_details"
000417-000441 StringBlock "CharacterDetailsTooltip"
000442-000482 DataBlock
  ................ 1e 02 00 00 f2 00 00 00 01 01 00 00 00 00 01 00
  ................ 00 00 00 01 00 00 00 00 00 00 00 00 00 00 00 00
  .........        00 00 00 00 00 00 00 00 00
000483-000535 ImageListBlock 1 elements:
  000487-000535 ImageBlockGen2 id=420419552 xsize=52 ysize=52 path="ui\\skins\\default\\tooltip_frame2"
000536-000548 DataBlock
  .............    00 00 00 00 00 00 00 00 00 01 00 00 00
000549-000552 StateIDBlock 306232928
000553-000562 StateNameBlock "NewState"
000563-000566 XSizeBlock 278
000567-000570 YSizeBlock 169
000571-000601 DataBlock
  ................ 00 00 00 00 02 00 00 00 00 00 00 00 00 00 00 00
  ...............  01 00 00 00 01 00 00 00 00 00 00 00 00 00 00
000602-000614 FontNameBlock "la_gioconda"
000615-000618 LineHeightBlock 12
000619-000622 FontLeadingBlock 7
000623-000626 FontTrailingBlock 0
000627-000630 FontBGRABlock bgra(215,248,255,255)
000631-000647 FontCategoryBlock "fe_tooltip_text"
000648-000667 DataBlock
  ................ 00 00 00 00 00 00 00 00 00 00 00 00 00 00 00 00
  ....             00 00 00 00
000668-000678 ShaderNameBlock "normal_t0"
000679-000682 ShaderVariableBlock 0.0 (0)
000683-000686 ShaderVariableBlock 0.0 (0)
000687-000690 ShaderVariableBlock 0.0 (0)
000691-000694 ShaderVariableBlock 0.0 (0)
000695-000705 ShaderNameBlock "normal_t0"
000706-000709 ShaderVariableBlock 0.0 (0)
000710-000713 ShaderVariableBlock 0.0 (0)
000714-000717 ShaderVariableBlock 0.0 (0)
000718-000721 ShaderVariableBlock 0.0 (0)
000722-000725 DataBlock
  ....             01 00 00 00
000726-000749 ImageUseBlock id=420419552 xofs=0 yofs=0 xsize=278 ysize=169 bgra=bgra(255,255,255,255)
000750-000836 DataBlock
  ................ 00 00 00 00 00 00 00 00 00 00 00 00 00 00 00 01
  ................ 01 00 00 00 00 00 00 00 00 00 00 00 00 00 00 00
  ................ 00 00 00 00 00 00 00 00 00 00 00 00 00 00 00 00
  . A.. A.. A.. A. 00 20 41 00 00 20 41 00 00 20 41 00 00 20 41 00
  ................ 00 00 00 00 00 00 00 00 00 00 00 00 00 00 00 1e
  .......          00 00 00 02 00 00 00
000837-000846 StringBlock "fade_out"
000847-000912 DataBlock
  ................ 01 00 02 00 00 00 00 00 00 00 00 00 00 00 10 01
  ..H............. 00 00 48 00 00 00 ff ff ff ff 00 00 00 00 00 00
  ................ 00 00 00 00 00 00 00 00 00 00 00 00 00 00 ff ff
  ..........@..... ff ff ff ff ff ff 00 00 00 00 40 00 00 00 00 00
  .?               80 3f
000913-000920 StringBlock "Linear"
000921-000985 DataBlock
  ................ 00 00 00 00 00 00 00 00 00 00 00 00 00 10 01 00
  .H.............. 00 48 00 00 00 ff ff ff 00 00 00 00 00 00 00 00
  ................ 00 00 00 00 00 00 00 00 00 00 00 00 00 ff ff ff
  .........@...... ff ff ff ff ff 00 00 00 00 40 00 00 00 00 00 80
  ?                3f
000986-000993 StringBlock "Linear"
000994-001000 DataBlock
  .......          00 00 00 00 00 00 00
001001-001009 StringBlock "fade_in"
001010-001075 DataBlock
  ................ 01 00 03 00 00 00 00 00 00 00 00 00 00 00 10 01
  ..H............. 00 00 48 00 00 00 ff ff ff 00 00 00 00 00 00 00
  ................ 00 00 00 00 00 00 00 00 00 00 00 00 00 00 ff ff
  ..........@..... ff ff ff ff ff ff 00 00 00 00 40 00 00 00 00 00
  .?               80 3f
001076-001083 StringBlock "Linear"
001084-001148 DataBlock
  ................ 00 00 00 00 00 00 00 00 00 00 00 00 00 10 01 00
  .H.............. 00 48 00 00 00 ff ff ff ff 00 00 00 00 00 00 00
  ................ 00 00 00 00 00 00 00 00 00 00 00 00 00 ff ff ff
  ................ ff ff ff ff ff 96 00 00 00 00 00 00 00 00 00 80
  ?                3f
001149-001156 StringBlock "Linear"
001157-001221 DataBlock
  ................ 00 00 00 00 00 00 00 00 00 00 00 00 00 10 01 00
  .H.............. 00 48 00 00 00 ff ff ff ff 00 00 00 00 00 00 00
  ................ 00 00 00 00 00 00 00 00 00 00 00 00 00 ff ff ff
  .........@...... ff ff ff ff ff c8 00 00 00 40 00 00 00 00 00 80
  ?                3f
001222-001229 StringBlock "Linear"
001230-001244 DataBlock
  ...........@.).  00 00 00 00 00 00 00 09 00 00 00 40 fb 29 16
001245-001250 StringBlock "name"
001251-001313 DataBlock
  ................ 00 00 0e 00 00 00 07 00 00 00 00 00 00 00 00 00
  ................ 01 00 00 00 00 01 00 00 00 00 01 00 00 00 0e 00
  ................ 00 00 07 00 00 00 00 00 00 00 00 00 00 00 00 00
  ...........`...  00 00 00 00 00 00 00 01 00 00 00 60 d1 ab 10
001314-001322 StringBlock "default"
001323-001330 DataBlock
  ........         f6 00 00 00 1e 00 00 00
001331-001340 UnicodeBlock "Name"
001341-001363 DataBlock
  ................ 00 00 02 00 00 00 00 00 00 00 00 00 00 00 02 00
  .......          00 00 01 00 00 00 01
001364-001411 UnicodeBlock "name_default_Text_40023"
001412-001415 DataBlock
  ....             00 00 00 00
001416-001428 FontNameBlock "la_gioconda"
001429-001432 LineHeightBlock 12
001433-001436 FontLeadingBlock 7
001437-001440 FontTrailingBlock 0
001441-001444 FontBGRABlock bgra(215,248,255,255)
001445-001461 FontCategoryBlock "fe_tooltip_text"
001462-001481 DataBlock
  ................ 00 00 00 00 00 00 00 00 00 00 00 00 00 00 00 00
  ....             00 00 00 00
001482-001492 ShaderNameBlock "normal_t0"
001493-001496 ShaderVariableBlock 0.0 (0)
001497-001500 ShaderVariableBlock 0.0 (0)
001501-001504 ShaderVariableBlock 0.0 (0)
001505-001508 ShaderVariableBlock 0.0 (0)
001509-001519 ShaderNameBlock "normal_t0"
001520-001523 ShaderVariableBlock 0.0 (0)
001524-001527 ShaderVariableBlock 0.0 (0)
001528-001531 ShaderVariableBlock 0.0 (0)
001532-001535 ShaderVariableBlock 0.0 (0)
001536-001586 DataBlock
  ................ 00 00 00 00 00 00 00 00 00 00 00 00 00 00 00 00
  ................ 00 00 00 00 1e 00 00 00 00 00 00 00 00 00 00 00
  ................ 00 00 00 00 00 00 00 00 00 00 00 00 00 00 00 d0
  L..              4c f2 0d
001587-001596 StringBlock "portrait"
001597-001616 StringBlock "OtherHousePortrait"
001617-001661 DataBlock
  ................ 0e 00 00 00 1e 00 00 00 00 00 00 00 00 00 01 00
  ................ 00 00 00 01 00 00 00 00 01 00 00 00 0e 00 00 00
  .......Q.....    1e 00 00 00 00 d0 cb 51 09 06 00 00 00
001662-001707 ImageBlockGen2 id=559418176 xsize=180 ysize=240 path="ui\\skins\\default\\portrait_ph"
001708-001708 DataBlock
  .                00
001709-001748 ImageBlockGen2 id=559417728 xsize=64 ysize=118 path="ui\\skins\\default\\mask1"
001749-001749 DataBlock
  .                00
001750-001797 ImageBlockGen2 id=233983984 xsize=60 ysize=80 path="ui\\skins\\default\\portrait_back"
001798-001798 DataBlock
  .                00
001799-001860 ImageBlockGen2 id=559502272 xsize=64 ysize=128 path="ui\\skins\\default\\unit_card_recruitment_frame"
001861-001861 DataBlock
  .                00
001862-001901 ImageBlockGen2 id=156353072 xsize=64 ysize=118 path="ui\\skins\\default\\mask2"
001902-001902 DataBlock
  .                00
001903-001942 ImageBlockGen2 id=156353248 xsize=64 ysize=118 path="ui\\skins\\default\\mask3"
001943-001959 DataBlock
  ...............Q 00 00 00 00 00 00 00 00 00 01 00 00 00 d0 cb 51
  .                09
001960-001971 StringBlock "unselected"
001972-002010 DataBlock
  P...l........... 50 00 00 00 6c 00 00 00 00 00 00 00 02 00 00 00
  ................ 00 00 00 00 00 00 00 00 01 00 00 00 01 00 00 00
  .......          00 00 00 00 00 00 00
002011-002023 FontNameBlock "la_gioconda"
002024-002027 LineHeightBlock 12
002028-002031 FontLeadingBlock 7
002032-002035 FontTrailingBlock 0
002036-002039 FontBGRABlock bgra(38,183,100,255)
002040-002057 FontCategoryBlock "fe_tooltip_green"
002058-002077 DataBlock
  ................ 00 00 00 00 00 00 00 00 00 00 00 00 00 00 00 00
  ....             00 00 00 00
002078-002088 ShaderNameBlock "normal_t0"
002089-002092 ShaderVariableBlock 0.0 (0)
002093-002096 ShaderVariableBlock 0.0 (0)
002097-002100 ShaderVariableBlock 0.0 (0)
002101-002104 ShaderVariableBlock 0.0 (0)
002105-002115 ShaderNameBlock "normal_t0"
002116-002119 ShaderVariableBlock 0.0 (0)
002120-002123 ShaderVariableBlock 0.0 (0)
002124-002127 ShaderVariableBlock 0.0 (0)
002128-002131 ShaderVariableBlock 0.0 (0)
002132-002135 DataBlock
  ....             06 00 00 00
002136-002159 ImageUseBlock id=233983984 xofs=0 yofs=0 xsize=80 ysize=108 bgra=bgra(255,255,255,255)
002160-002222 DataBlock
  ................ 00 00 00 00 00 00 00 00 00 00 00 00 00 00 00 01
  ................ 01 00 00 00 00 00 00 00 00 00 00 00 00 00 00 00
  ................ 00 00 00 00 00 00 00 00 00 00 00 00 00 00 00 00
  ...............  00 00 00 00 00 00 00 00 00 00 00 00 00 00 00
002223-002246 ImageUseBlock id=559418176 xofs=0 yofs=0 xsize=80 ysize=108 bgra=bgra(255,255,255,255)
002247-002309 DataBlock
  ................ 00 00 00 00 00 00 00 00 00 00 00 00 00 00 00 01
  ................ 01 00 00 00 00 00 00 00 00 00 00 00 00 00 00 00
  ................ 00 00 00 00 00 00 00 00 00 00 00 00 00 00 00 00
  ...............  00 00 00 00 00 00 00 00 00 00 00 00 00 00 00
002310-002333 ImageUseBlock id=559417728 xofs=0 yofs=0 xsize=80 ysize=108 bgra=bgra(255,255,255,255)
002334-002396 DataBlock
  ................ 00 00 00 00 00 00 00 00 00 00 00 00 00 00 00 01
  ................ 01 00 00 00 00 00 00 00 00 00 00 00 00 00 00 00
  ................ 00 00 00 00 00 00 00 00 00 00 00 00 00 00 00 00
  ...............  00 00 00 00 00 00 00 00 00 00 00 00 00 00 00
002397-002420 ImageUseBlock id=156353072 xofs=0 yofs=0 xsize=80 ysize=108 bgra=bgra(255,255,255,255)
002421-002483 DataBlock
  ................ 00 00 00 00 00 00 00 00 00 00 00 00 00 00 00 01
  ................ 01 00 00 00 00 00 00 00 00 00 00 00 00 00 00 00
  ................ 00 00 00 00 00 00 00 00 00 00 00 00 00 00 00 00
  ...............  00 00 00 00 00 00 00 00 00 00 00 00 00 00 00
002484-002507 ImageUseBlock id=156353248 xofs=0 yofs=0 xsize=80 ysize=108 bgra=bgra(255,255,255,255)
002508-002570 DataBlock
  ................ 00 00 00 00 00 00 00 00 00 00 00 00 00 00 00 01
  ................ 01 00 00 00 00 00 00 00 00 00 00 00 00 00 00 00
  ................ 00 00 00 00 00 00 00 00 00 00 00 00 00 00 00 00
  ...............  00 00 00 00 00 00 00 00 00 00 00 00 00 00 00
002571-002594 ImageUseBlock id=559502272 xofs=0 yofs=0 xsize=80 ysize=108 bgra=bgra(255,255,255,255)
002595-002673 DataBlock
  ................ 01 00 00 00 00 00 00 00 00 00 00 00 00 00 00 01
  ................ 01 00 00 00 00 00 00 00 00 00 00 00 00 00 00 00
  ................ 00 00 00 00 00 00 00 00 00 00 00 00 00 00 00 00
  .pA..pA..pA..pA5 00 70 41 00 00 70 41 00 00 70 41 00 00 70 41 35
  ...............  00 00 00 2e 00 00 00 00 00 00 00 04 00 00 00
002674-002684 StringBlock "main_mask"
002685-002687 DataBlock
  ..1              01 00 31
002688-002705 StringBlock "background_image"
002706-002708 DataBlock
  ..2              01 00 32
002709-002724 StringBlock "secondary_mask"
002725-002727 DataBlock
  ..4              01 00 34
002728-002739 StringBlock "third_mask"
002740-002758 DataBlock
  ..5<...........p 01 00 35 3c 00 00 00 00 00 00 00 03 00 00 00 70
  aN.              61 4e 0e
002759-002770 StringBlock "rank_level"
002771-002813 DataBlock
  ................ 00 00 f4 ff ff ff 1b 00 00 00 00 00 00 00 00 00
  ................ 00 00 00 00 00 01 00 00 00 00 07 00 00 00 f4 ff
  ....... fN.      ff ff 00 00 00 00 00 20 66 4e 0e
002814-002869 ImageListBlock 1 elements:
  002818-002869 ImageBlockGen2 id=240018752 xsize=11 ysize=11 path="ui\\skins\\default\\level_icon_yellow"
002870-002928 DataBlock
  ............. fN 00 00 00 00 00 00 00 00 00 0a 00 00 00 20 66 4e
  ...1....P....... 0e 01 00 31 0b 00 00 00 50 00 00 00 00 00 00 00
  ................ 02 00 00 00 00 00 00 00 00 00 00 00 01 00 00 00
  ...........      01 00 00 00 01 00 00 00 00 00 00
002929-002941 FontNameBlock "la_gioconda"
002942-002945 LineHeightBlock 10
002946-002949 FontLeadingBlock 2
002950-002953 FontTrailingBlock 1
002954-002957 FontBGRABlock bgra(221,218,250,255)
002958-002980 FontCategoryBlock "Default Font Category"
002981-003000 DataBlock
  ................ 00 00 00 00 00 00 00 00 00 00 00 00 00 00 00 00
  ....             00 00 00 00
003001-003011 ShaderNameBlock "normal_t0"
003012-003015 ShaderVariableBlock 0.0 (0)
003016-003019 ShaderVariableBlock 0.0 (0)
003020-003023 ShaderVariableBlock 0.0 (0)
003024-003027 ShaderVariableBlock 0.0 (0)
003028-003038 ShaderNameBlock "normal_t0"
003039-003042 ShaderVariableBlock 0.0 (0)
003043-003046 ShaderVariableBlock 0.0 (0)
003047-003050 ShaderVariableBlock 0.0 (0)
003051-003054 ShaderVariableBlock 0.0 (0)
003055-003058 DataBlock
  ....             01 00 00 00
003059-003082 ImageUseBlock id=240018752 xofs=0 yofs=69 xsize=11 ysize=11 bgra=bgra(255,255,255,255)
003083-003203 DataBlock
  ................ 00 00 00 08 00 00 00 00 00 00 00 00 00 00 00 01
  ................ 01 00 00 00 00 00 00 00 00 00 00 00 00 00 00 00
  ................ 00 00 00 00 00 00 00 00 00 00 00 00 00 00 00 00
  ................ 00 00 00 00 00 00 00 00 00 00 00 00 00 00 00 00
  ............iN.. 00 00 00 00 00 00 00 00 00 00 00 a0 69 4e 0e 01
  .3....P......... 00 33 0b 00 00 00 50 00 00 00 00 00 00 00 02 00
  ................ 00 00 00 00 00 00 00 00 00 00 01 00 00 00 01 00
  .........        00 00 01 00 00 00 00 00 00
003204-003216 FontNameBlock "la_gioconda"
003217-003220 LineHeightBlock 10
003221-003224 FontLeadingBlock 2
003225-003228 FontTrailingBlock 1
003229-003232 FontBGRABlock bgra(221,218,250,255)
003233-003255 FontCategoryBlock "Default Font Category"
003256-003275 DataBlock
  ................ 00 00 00 00 00 00 00 00 00 00 00 00 00 00 00 00
  ....             00 00 00 00
003276-003286 ShaderNameBlock "normal_t0"
003287-003290 ShaderVariableBlock 0.0 (0)
003291-003294 ShaderVariableBlock 0.0 (0)
003295-003298 ShaderVariableBlock 0.0 (0)
003299-003302 ShaderVariableBlock 0.0 (0)
003303-003313 ShaderNameBlock "normal_t0"
003314-003317 ShaderVariableBlock 0.0 (0)
003318-003321 ShaderVariableBlock 0.0 (0)
003322-003325 ShaderVariableBlock 0.0 (0)
003326-003329 ShaderVariableBlock 0.0 (0)
003330-003333 DataBlock
  ....             03 00 00 00
003334-003357 ImageUseBlock id=240018752 xofs=0 yofs=53 xsize=11 ysize=11 bgra=bgra(255,255,255,255)
003358-003420 DataBlock
  ................ 00 00 00 08 00 00 00 00 00 00 00 f0 ff ff ff 01
  ................ 01 00 00 00 00 00 00 00 00 00 00 00 00 00 00 00
  ................ 00 00 00 00 00 00 00 00 00 00 00 00 00 00 00 00
  ...............  00 00 00 00 00 00 00 00 00 00 00 00 00 00 00
003421-003444 ImageUseBlock id=240018752 xofs=0 yofs=61 xsize=11 ysize=11 bgra=bgra(255,255,255,255)
003445-003507 DataBlock
  ................ 00 00 00 08 00 00 00 00 00 00 00 f8 ff ff ff 01
  ................ 01 00 00 00 00 00 00 00 00 00 00 00 00 00 00 00
  ................ 00 00 00 00 00 00 00 00 00 00 00 00 00 00 00 00
  ...............  00 00 00 00 00 00 00 00 00 00 00 00 00 00 00
003508-003531 ImageUseBlock id=240018752 xofs=0 yofs=69 xsize=11 ysize=11 bgra=bgra(255,255,255,255)
003532-003652 DataBlock
  ................ 00 00 00 08 00 00 00 00 00 00 00 00 00 00 00 01
  ................ 01 00 00 00 00 00 00 00 00 00 00 00 00 00 00 00
  ................ 00 00 00 00 00 00 00 00 00 00 00 00 00 00 00 00
  ................ 00 00 00 00 00 00 00 00 00 00 00 00 00 00 00 00
  ............oN.. 00 00 00 00 00 00 00 00 00 00 00 10 6f 4e 0e 01
  .2....P......... 00 32 0b 00 00 00 50 00 00 00 00 00 00 00 02 00
  ................ 00 00 00 00 00 00 00 00 00 00 01 00 00 00 01 00
  .........        00 00 01 00 00 00 00 00 00
003653-003665 FontNameBlock "la_gioconda"
003666-003669 LineHeightBlock 10
003670-003673 FontLeadingBlock 2
003674-003677 FontTrailingBlock 1
003678-003681 FontBGRABlock bgra(221,218,250,255)
003682-003704 FontCategoryBlock "Default Font Category"
003705-003724 DataBlock
  ................ 00 00 00 00 00 00 00 00 00 00 00 00 00 00 00 00
  ....             00 00 00 00
003725-003735 ShaderNameBlock "normal_t0"
003736-003739 ShaderVariableBlock 0.0 (0)
003740-003743 ShaderVariableBlock 0.0 (0)
003744-003747 ShaderVariableBlock 0.0 (0)
003748-003751 ShaderVariableBlock 0.0 (0)
003752-003762 ShaderNameBlock "normal_t0"
003763-003766 ShaderVariableBlock 0.0 (0)
003767-003770 ShaderVariableBlock 0.0 (0)
003771-003774 ShaderVariableBlock 0.0 (0)
003775-003778 ShaderVariableBlock 0.0 (0)
003779-003782 DataBlock
  ....             02 00 00 00
003783-003806 ImageUseBlock id=240018752 xofs=0 yofs=61 xsize=11 ysize=11 bgra=bgra(255,255,255,255)
003807-003869 DataBlock
  ................ 00 00 00 08 00 00 00 00 00 00 00 f8 ff ff ff 01
  ................ 01 00 00 00 00 00 00 00 00 00 00 00 00 00 00 00
  ................ 00 00 00 00 00 00 00 00 00 00 00 00 00 00 00 00
  ...............  00 00 00 00 00 00 00 00 00 00 00 00 00 00 00
003870-003893 ImageUseBlock id=240018752 xofs=0 yofs=69 xsize=11 ysize=11 bgra=bgra(255,255,255,255)
003894-004014 DataBlock
  ................ 00 00 00 08 00 00 00 00 00 00 00 00 00 00 00 01
  ................ 01 00 00 00 00 00 00 00 00 00 00 00 00 00 00 00
  ................ 00 00 00 00 00 00 00 00 00 00 00 00 00 00 00 00
  ................ 00 00 00 00 00 00 00 00 00 00 00 00 00 00 00 00
  ............sN.. 00 00 00 00 00 00 00 00 00 00 00 c0 73 4e 0e 01
  .5....P......... 00 35 0b 00 00 00 50 00 00 00 00 00 00 00 02 00
  ................ 00 00 00 00 00 00 00 00 00 00 01 00 00 00 01 00
  .........        00 00 01 00 00 00 00 00 00
004015-004027 FontNameBlock "la_gioconda"
004028-004031 LineHeightBlock 10
004032-004035 FontLeadingBlock 2
004036-004039 FontTrailingBlock 1
004040-004043 FontBGRABlock bgra(221,218,250,255)
004044-004066 FontCategoryBlock "Default Font Category"
004067-004086 DataBlock
  ................ 00 00 00 00 00 00 00 00 00 00 00 00 00 00 00 00
  ....             00 00 00 00
004087-004097 ShaderNameBlock "normal_t0"
004098-004101 ShaderVariableBlock 0.0 (0)
004102-004105 ShaderVariableBlock 0.0 (0)
004106-004109 ShaderVariableBlock 0.0 (0)
004110-004113 ShaderVariableBlock 0.0 (0)
004114-004124 ShaderNameBlock "normal_t0"
004125-004128 ShaderVariableBlock 0.0 (0)
004129-004132 ShaderVariableBlock 0.0 (0)
004133-004136 ShaderVariableBlock 0.0 (0)
004137-004140 ShaderVariableBlock 0.0 (0)
004141-004144 DataBlock
  ....             05 00 00 00
004145-004168 ImageUseBlock id=240018752 xofs=0 yofs=37 xsize=11 ysize=11 bgra=bgra(255,255,255,255)
004169-004231 DataBlock
  ................ 00 00 00 08 00 00 00 00 00 00 00 e0 ff ff ff 01
  ................ 01 00 00 00 00 00 00 00 00 00 00 00 00 00 00 00
  ................ 00 00 00 00 00 00 00 00 00 00 00 00 00 00 00 00
  ...............  00 00 00 00 00 00 00 00 00 00 00 00 00 00 00
004232-004255 ImageUseBlock id=240018752 xofs=0 yofs=45 xsize=11 ysize=11 bgra=bgra(255,255,255,255)
004256-004318 DataBlock
  ................ 00 00 00 08 00 00 00 00 00 00 00 e8 ff ff ff 01
  ................ 01 00 00 00 00 00 00 00 00 00 00 00 00 00 00 00
  ................ 00 00 00 00 00 00 00 00 00 00 00 00 00 00 00 00
  ...............  00 00 00 00 00 00 00 00 00 00 00 00 00 00 00
004319-004342 ImageUseBlock id=240018752 xofs=0 yofs=53 xsize=11 ysize=11 bgra=bgra(255,255,255,255)
004343-004405 DataBlock
  ................ 00 00 00 08 00 00 00 00 00 00 00 f0 ff ff ff 01
  ................ 01 00 00 00 00 00 00 00 00 00 00 00 00 00 00 00
  ................ 00 00 00 00 00 00 00 00 00 00 00 00 00 00 00 00
  ...............  00 00 00 00 00 00 00 00 00 00 00 00 00 00 00
004406-004429 ImageUseBlock id=240018752 xofs=0 yofs=61 xsize=11 ysize=11 bgra=bgra(255,255,255,255)
004430-004492 DataBlock
  ................ 00 00 00 08 00 00 00 00 00 00 00 f8 ff ff ff 01
  ................ 01 00 00 00 00 00 00 00 00 00 00 00 00 00 00 00
  ................ 00 00 00 00 00 00 00 00 00 00 00 00 00 00 00 00
  ...............  00 00 00 00 00 00 00 00 00 00 00 00 00 00 00
004493-004516 ImageUseBlock id=240018752 xofs=0 yofs=69 xsize=11 ysize=11 bgra=bgra(255,255,255,255)
004517-004637 DataBlock
  ................ 00 00 00 08 00 00 00 00 00 00 00 00 00 00 00 01
  ................ 01 00 00 00 00 00 00 00 00 00 00 00 00 00 00 00
  ................ 00 00 00 00 00 00 00 00 00 00 00 00 00 00 00 00
  ................ 00 00 00 00 00 00 00 00 00 00 00 00 00 00 00 00
  ...........0{N.. 00 00 00 00 00 00 00 00 00 00 00 30 7b 4e 0e 01
  .4....P......... 00 34 0b 00 00 00 50 00 00 00 00 00 00 00 02 00
  ................ 00 00 00 00 00 00 00 00 00 00 01 00 00 00 01 00
  .........        00 00 01 00 00 00 00 00 00
004638-004650 FontNameBlock "la_gioconda"
004651-004654 LineHeightBlock 10
004655-004658 FontLeadingBlock 2
004659-004662 FontTrailingBlock 1
004663-004666 FontBGRABlock bgra(221,218,250,255)
004667-004689 FontCategoryBlock "Default Font Category"
004690-004709 DataBlock
  ................ 00 00 00 00 00 00 00 00 00 00 00 00 00 00 00 00
  ....             00 00 00 00
004710-004720 ShaderNameBlock "normal_t0"
004721-004724 ShaderVariableBlock 0.0 (0)
004725-004728 ShaderVariableBlock 0.0 (0)
004729-004732 ShaderVariableBlock 0.0 (0)
004733-004736 ShaderVariableBlock 0.0 (0)
004737-004747 ShaderNameBlock "normal_t0"
004748-004751 ShaderVariableBlock 0.0 (0)
004752-004755 ShaderVariableBlock 0.0 (0)
004756-004759 ShaderVariableBlock 0.0 (0)
004760-004763 ShaderVariableBlock 0.0 (0)
004764-004767 DataBlock
  ....             04 00 00 00
004768-004791 ImageUseBlock id=240018752 xofs=0 yofs=45 xsize=11 ysize=11 bgra=bgra(255,255,255,255)
004792-004854 DataBlock
  ................ 00 00 00 08 00 00 00 00 00 00 00 e8 ff ff ff 01
  ................ 01 00 00 00 00 00 00 00 00 00 00 00 00 00 00 00
  ................ 00 00 00 00 00 00 00 00 00 00 00 00 00 00 00 00
  ...............  00 00 00 00 00 00 00 00 00 00 00 00 00 00 00
004855-004878 ImageUseBlock id=240018752 xofs=0 yofs=53 xsize=11 ysize=11 bgra=bgra(255,255,255,255)
004879-004941 DataBlock
  ................ 00 00 00 08 00 00 00 00 00 00 00 f0 ff ff ff 01
  ................ 01 00 00 00 00 00 00 00 00 00 00 00 00 00 00 00
  ................ 00 00 00 00 00 00 00 00 00 00 00 00 00 00 00 00
  ...............  00 00 00 00 00 00 00 00 00 00 00 00 00 00 00
004942-004965 ImageUseBlock id=240018752 xofs=0 yofs=61 xsize=11 ysize=11 bgra=bgra(255,255,255,255)
004966-005028 DataBlock
  ................ 00 00 00 08 00 00 00 00 00 00 00 f8 ff ff ff 01
  ................ 01 00 00 00 00 00 00 00 00 00 00 00 00 00 00 00
  ................ 00 00 00 00 00 00 00 00 00 00 00 00 00 00 00 00
  ...............  00 00 00 00 00 00 00 00 00 00 00 00 00 00 00
005029-005052 ImageUseBlock id=240018752 xofs=0 yofs=69 xsize=11 ysize=11 bgra=bgra(255,255,255,255)
005053-005173 DataBlock
  ................ 00 00 00 08 00 00 00 00 00 00 00 00 00 00 00 01
  ................ 01 00 00 00 00 00 00 00 00 00 00 00 00 00 00 00
  ................ 00 00 00 00 00 00 00 00 00 00 00 00 00 00 00 00
  ................ 00 00 00 00 00 00 00 00 00 00 00 00 00 00 00 00
  .............N.. 00 00 00 00 00 00 00 00 00 00 00 a0 81 4e 0e 01
  .7....P......... 00 37 0b 00 00 00 50 00 00 00 00 00 00 00 02 00
  ................ 00 00 00 00 00 00 00 00 00 00 01 00 00 00 01 00
  .........        00 00 01 00 00 00 00 00 00
005174-005186 FontNameBlock "la_gioconda"
005187-005190 LineHeightBlock 10
005191-005194 FontLeadingBlock 2
005195-005198 FontTrailingBlock 1
005199-005202 FontBGRABlock bgra(221,218,250,255)
005203-005225 FontCategoryBlock "Default Font Category"
005226-005245 DataBlock
  ................ 00 00 00 00 00 00 00 00 00 00 00 00 00 00 00 00
  ....             00 00 00 00
005246-005256 ShaderNameBlock "normal_t0"
005257-005260 ShaderVariableBlock 0.0 (0)
005261-005264 ShaderVariableBlock 0.0 (0)
005265-005268 ShaderVariableBlock 0.0 (0)
005269-005272 ShaderVariableBlock 0.0 (0)
005273-005283 ShaderNameBlock "normal_t0"
005284-005287 ShaderVariableBlock 0.0 (0)
005288-005291 ShaderVariableBlock 0.0 (0)
005292-005295 ShaderVariableBlock 0.0 (0)
005296-005299 ShaderVariableBlock 0.0 (0)
005300-005303 DataBlock
  ....             07 00 00 00
005304-005327 ImageUseBlock id=240018752 xofs=0 yofs=21 xsize=11 ysize=11 bgra=bgra(255,255,255,255)
005328-005390 DataBlock
  ................ 00 00 00 08 00 00 00 00 00 00 00 d0 ff ff ff 01
  ................ 01 00 00 00 00 00 00 00 00 00 00 00 00 00 00 00
  ................ 00 00 00 00 00 00 00 00 00 00 00 00 00 00 00 00
  ...............  00 00 00 00 00 00 00 00 00 00 00 00 00 00 00
005391-005414 ImageUseBlock id=240018752 xofs=0 yofs=29 xsize=11 ysize=11 bgra=bgra(255,255,255,255)
005415-005477 DataBlock
  ................ 00 00 00 08 00 00 00 00 00 00 00 d8 ff ff ff 01
  ................ 01 00 00 00 00 00 00 00 00 00 00 00 00 00 00 00
  ................ 00 00 00 00 00 00 00 00 00 00 00 00 00 00 00 00
  ...............  00 00 00 00 00 00 00 00 00 00 00 00 00 00 00
005478-005501 ImageUseBlock id=240018752 xofs=0 yofs=37 xsize=11 ysize=11 bgra=bgra(255,255,255,255)
005502-005564 DataBlock
  ................ 00 00 00 08 00 00 00 00 00 00 00 e0 ff ff ff 01
  ................ 01 00 00 00 00 00 00 00 00 00 00 00 00 00 00 00
  ................ 00 00 00 00 00 00 00 00 00 00 00 00 00 00 00 00
  ...............  00 00 00 00 00 00 00 00 00 00 00 00 00 00 00
005565-005588 ImageUseBlock id=240018752 xofs=0 yofs=45 xsize=11 ysize=11 bgra=bgra(255,255,255,255)
005589-005651 DataBlock
  ................ 00 00 00 08 00 00 00 00 00 00 00 e8 ff ff ff 01
  ................ 01 00 00 00 00 00 00 00 00 00 00 00 00 00 00 00
  ................ 00 00 00 00 00 00 00 00 00 00 00 00 00 00 00 00
  ...............  00 00 00 00 00 00 00 00 00 00 00 00 00 00 00
005652-005675 ImageUseBlock id=240018752 xofs=0 yofs=53 xsize=11 ysize=11 bgra=bgra(255,255,255,255)
005676-005738 DataBlock
  ................ 00 00 00 08 00 00 00 00 00 00 00 f0 ff ff ff 01
  ................ 01 00 00 00 00 00 00 00 00 00 00 00 00 00 00 00
  ................ 00 00 00 00 00 00 00 00 00 00 00 00 00 00 00 00
  ...............  00 00 00 00 00 00 00 00 00 00 00 00 00 00 00
005739-005762 ImageUseBlock id=240018752 xofs=0 yofs=61 xsize=11 ysize=11 bgra=bgra(255,255,255,255)
005763-005825 DataBlock
  ................ 00 00 00 08 00 00 00 00 00 00 00 f8 ff ff ff 01
  ................ 01 00 00 00 00 00 00 00 00 00 00 00 00 00 00 00
  ................ 00 00 00 00 00 00 00 00 00 00 00 00 00 00 00 00
  ...............  00 00 00 00 00 00 00 00 00 00 00 00 00 00 00
005826-005849 ImageUseBlock id=240018752 xofs=0 yofs=69 xsize=11 ysize=11 bgra=bgra(255,255,255,255)
005850-005970 DataBlock
  ................ 00 00 00 08 00 00 00 00 00 00 00 00 00 00 00 01
  ................ 01 00 00 00 00 00 00 00 00 00 00 00 00 00 00 00
  ................ 00 00 00 00 00 00 00 00 00 00 00 00 00 00 00 00
  ................ 00 00 00 00 00 00 00 00 00 00 00 00 00 00 00 00
  .............N.. 00 00 00 00 00 00 00 00 00 00 00 90 8a 4e 0e 01
  .6....P......... 00 36 0b 00 00 00 50 00 00 00 00 00 00 00 02 00
  ................ 00 00 00 00 00 00 00 00 00 00 01 00 00 00 01 00
  .........        00 00 01 00 00 00 00 00 00
005971-005983 FontNameBlock "la_gioconda"
005984-005987 LineHeightBlock 10
005988-005991 FontLeadingBlock 2
005992-005995 FontTrailingBlock 1
005996-005999 FontBGRABlock bgra(221,218,250,255)
006000-006022 FontCategoryBlock "Default Font Category"
006023-006042 DataBlock
  ................ 00 00 00 00 00 00 00 00 00 00 00 00 00 00 00 00
  ....             00 00 00 00
006043-006053 ShaderNameBlock "normal_t0"
006054-006057 ShaderVariableBlock 0.0 (0)
006058-006061 ShaderVariableBlock 0.0 (0)
006062-006065 ShaderVariableBlock 0.0 (0)
006066-006069 ShaderVariableBlock 0.0 (0)
006070-006080 ShaderNameBlock "normal_t0"
006081-006084 ShaderVariableBlock 0.0 (0)
006085-006088 ShaderVariableBlock 0.0 (0)
006089-006092 ShaderVariableBlock 0.0 (0)
006093-006096 ShaderVariableBlock 0.0 (0)
006097-006100 DataBlock
  ....             06 00 00 00
006101-006124 ImageUseBlock id=240018752 xofs=0 yofs=29 xsize=11 ysize=11 bgra=bgra(255,255,255,255)
006125-006187 DataBlock
  ................ 00 00 00 08 00 00 00 00 00 00 00 d8 ff ff ff 01
  ................ 01 00 00 00 00 00 00 00 00 00 00 00 00 00 00 00
  ................ 00 00 00 00 00 00 00 00 00 00 00 00 00 00 00 00
  ...............  00 00 00 00 00 00 00 00 00 00 00 00 00 00 00
006188-006211 ImageUseBlock id=240018752 xofs=0 yofs=37 xsize=11 ysize=11 bgra=bgra(255,255,255,255)
006212-006274 DataBlock
  ................ 00 00 00 08 00 00 00 00 00 00 00 e0 ff ff ff 01
  ................ 01 00 00 00 00 00 00 00 00 00 00 00 00 00 00 00
  ................ 00 00 00 00 00 00 00 00 00 00 00 00 00 00 00 00
  ...............  00 00 00 00 00 00 00 00 00 00 00 00 00 00 00
006275-006298 ImageUseBlock id=240018752 xofs=0 yofs=45 xsize=11 ysize=11 bgra=bgra(255,255,255,255)
006299-006361 DataBlock
  ................ 00 00 00 08 00 00 00 00 00 00 00 e8 ff ff ff 01
  ................ 01 00 00 00 00 00 00 00 00 00 00 00 00 00 00 00
  ................ 00 00 00 00 00 00 00 00 00 00 00 00 00 00 00 00
  ...............  00 00 00 00 00 00 00 00 00 00 00 00 00 00 00
006362-006385 ImageUseBlock id=240018752 xofs=0 yofs=53 xsize=11 ysize=11 bgra=bgra(255,255,255,255)
006386-006448 DataBlock
  ................ 00 00 00 08 00 00 00 00 00 00 00 f0 ff ff ff 01
  ................ 01 00 00 00 00 00 00 00 00 00 00 00 00 00 00 00
  ................ 00 00 00 00 00 00 00 00 00 00 00 00 00 00 00 00
  ...............  00 00 00 00 00 00 00 00 00 00 00 00 00 00 00
006449-006472 ImageUseBlock id=240018752 xofs=0 yofs=61 xsize=11 ysize=11 bgra=bgra(255,255,255,255)
006473-006535 DataBlock
  ................ 00 00 00 08 00 00 00 00 00 00 00 f8 ff ff ff 01
  ................ 01 00 00 00 00 00 00 00 00 00 00 00 00 00 00 00
  ................ 00 00 00 00 00 00 00 00 00 00 00 00 00 00 00 00
  ...............  00 00 00 00 00 00 00 00 00 00 00 00 00 00 00
006536-006559 ImageUseBlock id=240018752 xofs=0 yofs=69 xsize=11 ysize=11 bgra=bgra(255,255,255,255)
006560-006680 DataBlock
  ................ 00 00 00 08 00 00 00 00 00 00 00 00 00 00 00 01
  ................ 01 00 00 00 00 00 00 00 00 00 00 00 00 00 00 00
  ................ 00 00 00 00 00 00 00 00 00 00 00 00 00 00 00 00
  ................ 00 00 00 00 00 00 00 00 00 00 00 00 00 00 00 00
  .............N.. 00 00 00 00 00 00 00 00 00 00 00 b0 92 4e 0e 01
  .9....P......... 00 39 0b 00 00 00 50 00 00 00 00 00 00 00 02 00
  ................ 00 00 00 00 00 00 00 00 00 00 01 00 00 00 01 00
  .........        00 00 01 00 00 00 00 00 00
006681-006693 FontNameBlock "la_gioconda"
006694-006697 LineHeightBlock 10
006698-006701 FontLeadingBlock 2
006702-006705 FontTrailingBlock 1
006706-006709 FontBGRABlock bgra(221,218,250,255)
006710-006732 FontCategoryBlock "Default Font Category"
006733-006752 DataBlock
  ................ 00 00 00 00 00 00 00 00 00 00 00 00 00 00 00 00
  ....             00 00 00 00
006753-006763 ShaderNameBlock "normal_t0"
006764-006767 ShaderVariableBlock 0.0 (0)
006768-006771 ShaderVariableBlock 0.0 (0)
006772-006775 ShaderVariableBlock 0.0 (0)
006776-006779 ShaderVariableBlock 0.0 (0)
006780-006790 ShaderNameBlock "normal_t0"
006791-006794 ShaderVariableBlock 0.0 (0)
006795-006798 ShaderVariableBlock 0.0 (0)
006799-006802 ShaderVariableBlock 0.0 (0)
006803-006806 ShaderVariableBlock 0.0 (0)
006807-006810 DataBlock
  ....             09 00 00 00
006811-006834 ImageUseBlock id=240018752 xofs=0 yofs=5 xsize=11 ysize=11 bgra=bgra(255,255,255,255)
006835-006897 DataBlock
  ................ 00 00 00 08 00 00 00 00 00 00 00 c0 ff ff ff 01
  ................ 01 00 00 00 00 00 00 00 00 00 00 00 00 00 00 00
  ................ 00 00 00 00 00 00 00 00 00 00 00 00 00 00 00 00
  ...............  00 00 00 00 00 00 00 00 00 00 00 00 00 00 00
006898-006921 ImageUseBlock id=240018752 xofs=0 yofs=13 xsize=11 ysize=11 bgra=bgra(255,255,255,255)
006922-006984 DataBlock
  ................ 00 00 00 08 00 00 00 00 00 00 00 c8 ff ff ff 01
  ................ 01 00 00 00 00 00 00 00 00 00 00 00 00 00 00 00
  ................ 00 00 00 00 00 00 00 00 00 00 00 00 00 00 00 00
  ...............  00 00 00 00 00 00 00 00 00 00 00 00 00 00 00
006985-007008 ImageUseBlock id=240018752 xofs=0 yofs=21 xsize=11 ysize=11 bgra=bgra(255,255,255,255)
007009-007071 DataBlock
  ................ 00 00 00 08 00 00 00 00 00 00 00 d0 ff ff ff 01
  ................ 01 00 00 00 00 00 00 00 00 00 00 00 00 00 00 00
  ................ 00 00 00 00 00 00 00 00 00 00 00 00 00 00 00 00
  ...............  00 00 00 00 00 00 00 00 00 00 00 00 00 00 00
007072-007095 ImageUseBlock id=240018752 xofs=0 yofs=29 xsize=11 ysize=11 bgra=bgra(255,255,255,255)
007096-007158 DataBlock
  ................ 00 00 00 08 00 00 00 00 00 00 00 d8 ff ff ff 01
  ................ 01 00 00 00 00 00 00 00 00 00 00 00 00 00 00 00
  ................ 00 00 00 00 00 00 00 00 00 00 00 00 00 00 00 00
  ...............  00 00 00 00 00 00 00 00 00 00 00 00 00 00 00
007159-007182 ImageUseBlock id=240018752 xofs=0 yofs=37 xsize=11 ysize=11 bgra=bgra(255,255,255,255)
007183-007245 DataBlock
  ................ 00 00 00 08 00 00 00 00 00 00 00 e0 ff ff ff 01
  ................ 01 00 00 00 00 00 00 00 00 00 00 00 00 00 00 00
  ................ 00 00 00 00 00 00 00 00 00 00 00 00 00 00 00 00
  ...............  00 00 00 00 00 00 00 00 00 00 00 00 00 00 00
007246-007269 ImageUseBlock id=240018752 xofs=0 yofs=45 xsize=11 ysize=11 bgra=bgra(255,255,255,255)
007270-007332 DataBlock
  ................ 00 00 00 08 00 00 00 00 00 00 00 e8 ff ff ff 01
  ................ 01 00 00 00 00 00 00 00 00 00 00 00 00 00 00 00
  ................ 00 00 00 00 00 00 00 00 00 00 00 00 00 00 00 00
  ...............  00 00 00 00 00 00 00 00 00 00 00 00 00 00 00
007333-007356 ImageUseBlock id=240018752 xofs=0 yofs=53 xsize=11 ysize=11 bgra=bgra(255,255,255,255)
007357-007419 DataBlock
  ................ 00 00 00 08 00 00 00 00 00 00 00 f0 ff ff ff 01
  ................ 01 00 00 00 00 00 00 00 00 00 00 00 00 00 00 00
  ................ 00 00 00 00 00 00 00 00 00 00 00 00 00 00 00 00
  ...............  00 00 00 00 00 00 00 00 00 00 00 00 00 00 00
007420-007443 ImageUseBlock id=240018752 xofs=0 yofs=61 xsize=11 ysize=11 bgra=bgra(255,255,255,255)
007444-007506 DataBlock
  ................ 00 00 00 08 00 00 00 00 00 00 00 f8 ff ff ff 01
  ................ 01 00 00 00 00 00 00 00 00 00 00 00 00 00 00 00
  ................ 00 00 00 00 00 00 00 00 00 00 00 00 00 00 00 00
  ...............  00 00 00 00 00 00 00 00 00 00 00 00 00 00 00
007507-007530 ImageUseBlock id=240018752 xofs=0 yofs=69 xsize=11 ysize=11 bgra=bgra(255,255,255,255)
007531-007651 DataBlock
  ................ 00 00 00 08 00 00 00 00 00 00 00 00 00 00 00 01
  ................ 01 00 00 00 00 00 00 00 00 00 00 00 00 00 00 00
  ................ 00 00 00 00 00 00 00 00 00 00 00 00 00 00 00 00
  ................ 00 00 00 00 00 00 00 00 00 00 00 00 00 00 00 00
  .............N.. 00 00 00 00 00 00 00 00 00 00 00 80 9d 4e 0e 01
  .8....P......... 00 38 0b 00 00 00 50 00 00 00 00 00 00 00 02 00
  ................ 00 00 00 00 00 00 00 00 00 00 01 00 00 00 01 00
  .........        00 00 01 00 00 00 00 00 00
007652-007664 FontNameBlock "la_gioconda"
007665-007668 LineHeightBlock 10
007669-007672 FontLeadingBlock 2
007673-007676 FontTrailingBlock 1
007677-007680 FontBGRABlock bgra(221,218,250,255)
007681-007703 FontCategoryBlock "Default Font Category"
007704-007723 DataBlock
  ................ 00 00 00 00 00 00 00 00 00 00 00 00 00 00 00 00
  ....             00 00 00 00
007724-007734 ShaderNameBlock "normal_t0"
007735-007738 ShaderVariableBlock 0.0 (0)
007739-007742 ShaderVariableBlock 0.0 (0)
007743-007746 ShaderVariableBlock 0.0 (0)
007747-007750 ShaderVariableBlock 0.0 (0)
007751-007761 ShaderNameBlock "normal_t0"
007762-007765 ShaderVariableBlock 0.0 (0)
007766-007769 ShaderVariableBlock 0.0 (0)
007770-007773 ShaderVariableBlock 0.0 (0)
007774-007777 ShaderVariableBlock 0.0 (0)
007778-007781 DataBlock
  ....             08 00 00 00
007782-007805 ImageUseBlock id=240018752 xofs=0 yofs=13 xsize=11 ysize=11 bgra=bgra(255,255,255,255)
007806-007868 DataBlock
  ................ 00 00 00 08 00 00 00 00 00 00 00 c8 ff ff ff 01
  ................ 01 00 00 00 00 00 00 00 00 00 00 00 00 00 00 00
  ................ 00 00 00 00 00 00 00 00 00 00 00 00 00 00 00 00
  ...............  00 00 00 00 00 00 00 00 00 00 00 00 00 00 00
007869-007892 ImageUseBlock id=240018752 xofs=0 yofs=21 xsize=11 ysize=11 bgra=bgra(255,255,255,255)
007893-007955 DataBlock
  ................ 00 00 00 08 00 00 00 00 00 00 00 d0 ff ff ff 01
  ................ 01 00 00 00 00 00 00 00 00 00 00 00 00 00 00 00
  ................ 00 00 00 00 00 00 00 00 00 00 00 00 00 00 00 00
  ...............  00 00 00 00 00 00 00 00 00 00 00 00 00 00 00
007956-007979 ImageUseBlock id=240018752 xofs=0 yofs=29 xsize=11 ysize=11 bgra=bgra(255,255,255,255)
007980-008042 DataBlock
  ................ 00 00 00 08 00 00 00 00 00 00 00 d8 ff ff ff 01
  ................ 01 00 00 00 00 00 00 00 00 00 00 00 00 00 00 00
  ................ 00 00 00 00 00 00 00 00 00 00 00 00 00 00 00 00
  ...............  00 00 00 00 00 00 00 00 00 00 00 00 00 00 00
008043-008066 ImageUseBlock id=240018752 xofs=0 yofs=37 xsize=11 ysize=11 bgra=bgra(255,255,255,255)
008067-008129 DataBlock
  ................ 00 00 00 08 00 00 00 00 00 00 00 e0 ff ff ff 01
  ................ 01 00 00 00 00 00 00 00 00 00 00 00 00 00 00 00
  ................ 00 00 00 00 00 00 00 00 00 00 00 00 00 00 00 00
  ...............  00 00 00 00 00 00 00 00 00 00 00 00 00 00 00
008130-008153 ImageUseBlock id=240018752 xofs=0 yofs=45 xsize=11 ysize=11 bgra=bgra(255,255,255,255)
008154-008216 DataBlock
  ................ 00 00 00 08 00 00 00 00 00 00 00 e8 ff ff ff 01
  ................ 01 00 00 00 00 00 00 00 00 00 00 00 00 00 00 00
  ................ 00 00 00 00 00 00 00 00 00 00 00 00 00 00 00 00
  ...............  00 00 00 00 00 00 00 00 00 00 00 00 00 00 00
008217-008240 ImageUseBlock id=240018752 xofs=0 yofs=53 xsize=11 ysize=11 bgra=bgra(255,255,255,255)
008241-008303 DataBlock
  ................ 00 00 00 08 00 00 00 00 00 00 00 f0 ff ff ff 01
  ................ 01 00 00 00 00 00 00 00 00 00 00 00 00 00 00 00
  ................ 00 00 00 00 00 00 00 00 00 00 00 00 00 00 00 00
  ...............  00 00 00 00 00 00 00 00 00 00 00 00 00 00 00
008304-008327 ImageUseBlock id=240018752 xofs=0 yofs=61 xsize=11 ysize=11 bgra=bgra(255,255,255,255)
008328-008390 DataBlock
  ................ 00 00 00 08 00 00 00 00 00 00 00 f8 ff ff ff 01
  ................ 01 00 00 00 00 00 00 00 00 00 00 00 00 00 00 00
  ................ 00 00 00 00 00 00 00 00 00 00 00 00 00 00 00 00
  ...............  00 00 00 00 00 00 00 00 00 00 00 00 00 00 00
008391-008414 ImageUseBlock id=240018752 xofs=0 yofs=69 xsize=11 ysize=11 bgra=bgra(255,255,255,255)
008415-008536 DataBlock
  ................ 00 00 00 08 00 00 00 00 00 00 00 00 00 00 00 01
  ................ 01 00 00 00 00 00 00 00 00 00 00 00 00 00 00 00
  ................ 00 00 00 00 00 00 00 00 00 00 00 00 00 00 00 00
  ................ 00 00 00 00 00 00 00 00 00 00 00 00 00 00 00 00
  ...........0.N.. 00 00 00 00 00 00 00 00 00 00 00 30 a7 4e 0e 02
  .10....P........ 00 31 30 0b 00 00 00 50 00 00 00 00 00 00 00 02
  ................ 00 00 00 00 00 00 00 00 00 00 00 01 00 00 00 01
  ..........       00 00 00 01 00 00 00 00 00 00
008537-008549 FontNameBlock "la_gioconda"
008550-008553 LineHeightBlock 10
008554-008557 FontLeadingBlock 2
008558-008561 FontTrailingBlock 1
008562-008565 FontBGRABlock bgra(221,218,250,255)
008566-008588 FontCategoryBlock "Default Font Category"
008589-008608 DataBlock
  ................ 00 00 00 00 00 00 00 00 00 00 00 00 00 00 00 00
  ....             00 00 00 00
008609-008619 ShaderNameBlock "normal_t0"
008620-008623 ShaderVariableBlock 0.0 (0)
008624-008627 ShaderVariableBlock 0.0 (0)
008628-008631 ShaderVariableBlock 0.0 (0)
008632-008635 ShaderVariableBlock 0.0 (0)
008636-008646 ShaderNameBlock "normal_t0"
008647-008650 ShaderVariableBlock 0.0 (0)
008651-008654 ShaderVariableBlock 0.0 (0)
008655-008658 ShaderVariableBlock 0.0 (0)
008659-008662 ShaderVariableBlock 0.0 (0)
008663-008666 DataBlock
  ....             0a 00 00 00
008667-008690 ImageUseBlock id=240018752 xofs=0 yofs=4294967293 xsize=11 ysize=11 bgra=bgra(255,255,255,255)
008691-008753 DataBlock
  ................ 00 00 00 08 00 00 00 00 00 00 00 b8 ff ff ff 01
  ................ 01 00 00 00 00 00 00 00 00 00 00 00 00 00 00 00
  ................ 00 00 00 00 00 00 00 00 00 00 00 00 00 00 00 00
  ...............  00 00 00 00 00 00 00 00 00 00 00 00 00 00 00
008754-008777 ImageUseBlock id=240018752 xofs=0 yofs=5 xsize=11 ysize=11 bgra=bgra(255,255,255,255)
008778-008840 DataBlock
  ................ 00 00 00 08 00 00 00 00 00 00 00 c0 ff ff ff 01
  ................ 01 00 00 00 00 00 00 00 00 00 00 00 00 00 00 00
  ................ 00 00 00 00 00 00 00 00 00 00 00 00 00 00 00 00
  ...............  00 00 00 00 00 00 00 00 00 00 00 00 00 00 00
008841-008864 ImageUseBlock id=240018752 xofs=0 yofs=13 xsize=11 ysize=11 bgra=bgra(255,255,255,255)
008865-008927 DataBlock
  ................ 00 00 00 08 00 00 00 00 00 00 00 c8 ff ff ff 01
  ................ 01 00 00 00 00 00 00 00 00 00 00 00 00 00 00 00
  ................ 00 00 00 00 00 00 00 00 00 00 00 00 00 00 00 00
  ...............  00 00 00 00 00 00 00 00 00 00 00 00 00 00 00
008928-008951 ImageUseBlock id=240018752 xofs=0 yofs=21 xsize=11 ysize=11 bgra=bgra(255,255,255,255)
008952-009014 DataBlock
  ................ 00 00 00 08 00 00 00 00 00 00 00 d0 ff ff ff 01
  ................ 01 00 00 00 00 00 00 00 00 00 00 00 00 00 00 00
  ................ 00 00 00 00 00 00 00 00 00 00 00 00 00 00 00 00
  ...............  00 00 00 00 00 00 00 00 00 00 00 00 00 00 00
009015-009038 ImageUseBlock id=240018752 xofs=0 yofs=29 xsize=11 ysize=11 bgra=bgra(255,255,255,255)
009039-009101 DataBlock
  ................ 00 00 00 08 00 00 00 00 00 00 00 d8 ff ff ff 01
  ................ 01 00 00 00 00 00 00 00 00 00 00 00 00 00 00 00
  ................ 00 00 00 00 00 00 00 00 00 00 00 00 00 00 00 00
  ...............  00 00 00 00 00 00 00 00 00 00 00 00 00 00 00
009102-009125 ImageUseBlock id=240018752 xofs=0 yofs=37 xsize=11 ysize=11 bgra=bgra(255,255,255,255)
009126-009188 DataBlock
  ................ 00 00 00 08 00 00 00 00 00 00 00 e0 ff ff ff 01
  ................ 01 00 00 00 00 00 00 00 00 00 00 00 00 00 00 00
  ................ 00 00 00 00 00 00 00 00 00 00 00 00 00 00 00 00
  ...............  00 00 00 00 00 00 00 00 00 00 00 00 00 00 00
009189-009212 ImageUseBlock id=240018752 xofs=0 yofs=45 xsize=11 ysize=11 bgra=bgra(255,255,255,255)
009213-009275 DataBlock
  ................ 00 00 00 08 00 00 00 00 00 00 00 e8 ff ff ff 01
  ................ 01 00 00 00 00 00 00 00 00 00 00 00 00 00 00 00
  ................ 00 00 00 00 00 00 00 00 00 00 00 00 00 00 00 00
  ...............  00 00 00 00 00 00 00 00 00 00 00 00 00 00 00
009276-009299 ImageUseBlock id=240018752 xofs=0 yofs=53 xsize=11 ysize=11 bgra=bgra(255,255,255,255)
009300-009362 DataBlock
  ................ 00 00 00 08 00 00 00 00 00 00 00 f0 ff ff ff 01
  ................ 01 00 00 00 00 00 00 00 00 00 00 00 00 00 00 00
  ................ 00 00 00 00 00 00 00 00 00 00 00 00 00 00 00 00
  ...............  00 00 00 00 00 00 00 00 00 00 00 00 00 00 00
009363-009386 ImageUseBlock id=240018752 xofs=0 yofs=61 xsize=11 ysize=11 bgra=bgra(255,255,255,255)
009387-009449 DataBlock
  ................ 00 00 00 08 00 00 00 00 00 00 00 f8 ff ff ff 01
  ................ 01 00 00 00 00 00 00 00 00 00 00 00 00 00 00 00
  ................ 00 00 00 00 00 00 00 00 00 00 00 00 00 00 00 00
  ...............  00 00 00 00 00 00 00 00 00 00 00 00 00 00 00
009450-009473 ImageUseBlock id=240018752 xofs=0 yofs=69 xsize=11 ysize=11 bgra=bgra(255,255,255,255)
009474-009583 DataBlock
  ................ 00 00 00 08 00 00 00 00 00 00 00 00 00 00 00 01
  ................ 01 00 00 00 00 00 00 00 00 00 00 00 00 00 00 00
  ................ 00 00 00 00 00 00 00 00 00 00 00 00 00 00 00 00
  ................ 00 00 00 00 00 00 00 00 00 00 00 00 00 00 00 00
  ...............< 00 00 00 00 00 00 00 00 00 00 00 00 00 00 00 3c
  ................ 00 00 00 00 00 00 00 00 00 00 00 00 00 00 00 00
  ............$.   00 00 00 00 00 00 00 00 00 00 e0 ec 24 1e
009584-009590 StringBlock "frame"
009591-009637 DataBlock
  ................ 00 00 fe ff ff ff fe ff ff ff 01 01 00 00 00 00
  ................ 01 00 00 00 00 01 00 00 00 00 05 00 00 00 00 00
  .......`.h.....  00 00 00 00 00 00 00 60 13 68 0c 03 00 00 00
009638-009685 ImageBlockGen2 id=158365616 xsize=64 ysize=64 path="ui\\skins\\default\\fe_frame_glow"
009686-009686 DataBlock
  .                00
009687-009740 ImageBlockGen2 id=239512928 xsize=64 ysize=64 path="ui\\skins\\default\\portrait_inner_shad"
009741-009741 DataBlock
  .                00
009742-009792 ImageBlockGen2 id=239513120 xsize=88 ysize=87 path="ui\\skins\\default\\settlement_frame"
009793-009805 DataBlock
  .............    00 00 00 00 00 00 00 00 00 01 00 00 00
009806-009809 StateIDBlock 208147296
009810-009819 StateNameBlock "NewState"
009820-009823 XSizeBlock 84
009824-009827 YSizeBlock 112
009828-009858 DataBlock
  ................ 00 00 00 00 02 00 00 00 00 00 00 00 00 00 00 00
  ...............  01 00 00 00 01 00 00 00 00 00 00 00 00 00 00
009859-009871 FontNameBlock "la_gioconda"
009872-009875 LineHeightBlock 10
009876-009879 FontLeadingBlock 2
009880-009883 FontTrailingBlock 1
009884-009887 FontBGRABlock bgra(221,218,250,255)
009888-009910 FontCategoryBlock "Default Font Category"
009911-009930 DataBlock
  ................ 00 00 00 00 00 00 00 00 00 00 00 00 00 00 00 00
  ....             00 00 00 00
009931-009941 ShaderNameBlock "normal_t0"
009942-009945 ShaderVariableBlock 0.0 (0)
009946-009949 ShaderVariableBlock 0.0 (0)
009950-009953 ShaderVariableBlock 0.0 (0)
009954-009957 ShaderVariableBlock 0.0 (0)
009958-009968 ShaderNameBlock "normal_t0"
009969-009972 ShaderVariableBlock 0.0 (0)
009973-009976 ShaderVariableBlock 0.0 (0)
009977-009980 ShaderVariableBlock 0.0 (0)
009981-009984 ShaderVariableBlock 0.0 (0)
009985-009988 DataBlock
  ....             03 00 00 00
009989-010012 ImageUseBlock id=158365616 xofs=0 yofs=0 xsize=84 ysize=112 bgra=bgra(255,255,255,0)
010013-010075 DataBlock
  ................ 00 00 00 05 00 00 00 00 00 00 00 00 00 00 00 01
  ................ 01 00 00 00 00 00 00 00 00 00 00 00 00 00 00 00
  ................ 00 00 00 00 00 00 00 00 00 00 00 00 00 00 00 00
  .@@..@@..@@..@@  00 40 40 00 00 40 40 00 00 40 40 00 00 40 40
010076-010099 ImageUseBlock id=239512928 xofs=1 yofs=1 xsize=82 ysize=110 bgra=bgra(255,255,255,0)
010100-010162 DataBlock
  ................ 00 00 00 05 00 00 00 00 00 00 00 00 00 00 00 01
  ................ 01 00 00 00 00 00 00 00 00 00 00 00 00 00 00 00
  ................ 00 00 00 00 00 00 00 00 00 00 00 00 00 00 00 00
  . A.. A.. A.. A  00 20 41 00 00 20 41 00 00 20 41 00 00 20 41
010163-010186 ImageUseBlock id=239513120 xofs=0 yofs=0 xsize=84 ysize=112 bgra=bgra(255,255,255,255)
010187-010296 DataBlock
  ................ 01 00 00 00 00 00 00 00 00 00 00 00 00 00 00 01
  ................ 01 00 00 00 00 00 00 00 00 00 00 00 00 00 00 00
  ................ 00 00 00 00 00 00 00 00 00 00 00 00 00 00 00 00
  .pA..pA..pA..pA. 00 70 41 00 00 70 41 00 00 70 41 00 00 70 41 00
  ...............< 00 00 00 00 00 00 00 00 00 00 00 00 00 00 00 3c
  ................ 00 00 00 00 00 00 00 00 00 00 00 00 00 00 00 00
  .......... ...   00 00 00 00 00 00 00 00 00 00 20 08 b4 1c
010297-010305 StringBlock "dy_rank"
010306-010364 DataBlock
  ......m......... 00 00 00 00 00 00 6d 00 00 00 01 00 00 00 00 00
  ................ 01 00 00 00 00 01 00 00 00 00 11 00 00 00 f6 ff
  ................ ff ff 01 00 00 00 00 00 00 00 00 00 00 00 00 00
  ...........      00 00 00 00 00 00 00 01 00 00 00
010365-010368 StateIDBlock 481848544
010369-010378 StateNameBlock "NewState"
010379-010382 XSizeBlock 59
010383-010386 YSizeBlock 24
010387-010417 DataBlock
  ................ 00 00 00 00 02 00 00 00 04 00 00 00 00 00 00 00
  ...............  02 00 00 00 01 00 00 00 00 00 00 00 00 00 00
010418-010430 FontNameBlock "la_gioconda"
010431-010434 LineHeightBlock 12
010435-010438 FontLeadingBlock 6
010439-010442 FontTrailingBlock 1
010443-010446 FontBGRABlock bgra(224,255,255,255)
010447-010462 FontCategoryBlock "parchment_text"
010463-010482 DataBlock
  ................ 00 00 00 00 00 00 00 00 00 00 00 00 00 00 00 00
  ....             01 00 00 00
010483-010493 ShaderNameBlock "normal_t0"
010494-010497 ShaderVariableBlock 0.0 (0)
010498-010501 ShaderVariableBlock 0.0 (0)
010502-010505 ShaderVariableBlock 0.0 (0)
010506-010509 ShaderVariableBlock 0.0 (0)
010510-010520 ShaderNameBlock "normal_t0"
010521-010524 ShaderVariableBlock 0.0 (0)
010525-010528 ShaderVariableBlock 0.0 (0)
010529-010532 ShaderVariableBlock 0.0 (0)
010533-010536 ShaderVariableBlock 0.0 (0)
010537-010572 DataBlock
  ................ 00 00 00 00 00 00 00 00 00 00 00 00 00 00 00 00
  ................ 00 00 00 00 f4 01 00 00 00 00 00 00 02 00 00 00
  `...             60 0b b4 1c
010573-010583 StringBlock "icon_star"
010584-010626 DataBlock
  ................ 00 00 00 00 00 00 02 00 00 00 00 00 00 00 00 00
  ................ 01 00 00 00 00 01 00 00 00 00 04 00 00 00 00 00
  ...........      00 00 00 00 00 00 00 80 0e b4 1c
010627-010674 ImageListBlock 1 elements:
  010631-010674 ImageBlockGen2 id=481847616 xsize=24 ysize=24 path="ui\\skins\\default\\icon_rank"
010675-010691 DataBlock
  ................ 00 00 00 00 00 00 00 00 00 01 00 00 00 80 0e b4
  .                1c
010692-010702 StringBlock "artillery"
010703-010712 DataBlock
  ..........       16 00 00 00 14 00 00 00 00 00
010713-010926 UnicodeBlock "Number of artillery engines||The maximum number of engines you can have in this unit is shown in brackets."
010927-010949 DataBlock
  ................ 02 00 00 00 00 00 00 00 00 00 00 00 01 00 00 00
  .......          01 00 00 00 01 00 00
010950-011017 UnicodeBlock "icon_men_artillery_Tooltip_560050"
011018-011019 DataBlock
  ..               00 00
011020-011032 FontNameBlock "la_gioconda"
011033-011036 LineHeightBlock 12
011037-011040 FontLeadingBlock 7
011041-011044 FontTrailingBlock 0
011045-011048 FontBGRABlock bgra(255,255,255,255)
011049-011061 FontCategoryBlock "ingame_text"
011062-011081 DataBlock
  ................ 00 00 00 00 00 00 00 00 00 00 00 00 00 00 00 00
  ....             01 00 00 00
011082-011092 ShaderNameBlock "normal_t0"
011093-011096 ShaderVariableBlock 0.4000000059604645 (1053609165)
011097-011100 ShaderVariableBlock 0.0 (0)
011101-011104 ShaderVariableBlock 0.0 (0)
011105-011108 ShaderVariableBlock 0.0 (0)
011109-011119 ShaderNameBlock "normal_t0"
011120-011123 ShaderVariableBlock 0.4000000059604645 (1053609165)
011124-011127 ShaderVariableBlock 0.0 (0)
011128-011131 ShaderVariableBlock 0.0 (0)
011132-011135 ShaderVariableBlock 0.0 (0)
011136-011139 DataBlock
  ....             01 00 00 00
011140-011163 ImageUseBlock id=481847616 xofs=0 yofs=0 xsize=22 ysize=20 bgra=bgra(255,255,255,255)
011164-011273 DataBlock
  ................ 00 00 00 04 00 00 00 00 00 00 00 00 00 00 00 01
  ................ 01 00 00 00 00 00 00 00 00 00 00 00 00 00 00 00
  ................ 00 00 00 00 00 00 00 00 00 00 00 00 00 00 00 00
  ................ 00 00 00 00 00 00 00 00 00 00 00 00 00 00 00 00
  ................ 00 00 00 00 00 00 00 00 00 00 00 00 00 00 00 f4
  ................ 01 00 00 00 00 00 00 00 00 00 00 00 00 00 00 00
  ...........K..   00 00 00 00 00 00 00 00 00 00 a0 4b b5 1c
011274-011288 StringBlock "dy_rank_value"
011289-011347 DataBlock
  ................ 00 00 16 00 00 00 00 00 00 00 01 00 00 00 00 00
  ................ 01 00 00 00 00 01 00 00 00 00 00 00 00 00 00 00
  ........N....... 00 00 00 00 00 00 00 c0 4e b5 1c 00 00 00 00 00
  ...........      00 00 00 00 00 00 00 01 00 00 00
011348-011351 StateIDBlock 481644224
011352-011361 StateNameBlock "NewState"
011362-011365 XSizeBlock 29
011366-011369 YSizeBlock 24
011370-011400 DataBlock
  ..9.9.9......... 03 00 39 00 39 00 39 00 00 00 02 00 00 00 04 00
  ...............  00 00 00 00 00 00 03 00 00 00 01 00 00 00 00
011401-011470 UnicodeBlock "dy_rank_value_NewState_Text_390000"
011471-011474 DataBlock
  ....             00 00 00 00
011475-011487 FontNameBlock "la_gioconda"
011488-011491 LineHeightBlock 12
011492-011495 FontLeadingBlock 7
011496-011499 FontTrailingBlock 0
011500-011503 FontBGRABlock bgra(215,248,255,255)
011504-011512 FontCategoryBlock "fe_text"
011513-011532 DataBlock
  ................ 02 00 00 00 00 00 00 00 00 00 00 00 00 00 00 00
  ....             01 00 00 00
011533-011543 ShaderNameBlock "normal_t0"
011544-011547 ShaderVariableBlock 0.0 (0)
011548-011551 ShaderVariableBlock 0.0 (0)
011552-011555 ShaderVariableBlock 0.0 (0)
011556-011559 ShaderVariableBlock 0.0 (0)
011560-011570 ShaderNameBlock "normal_t0"
011571-011574 ShaderVariableBlock 0.0 (0)
011575-011578 ShaderVariableBlock 0.0 (0)
011579-011582 ShaderVariableBlock 0.0 (0)
011583-011586 ShaderVariableBlock 0.0 (0)
011587-011649 DataBlock
  ................ 00 00 00 00 00 00 00 00 00 00 00 00 00 00 00 00
  ................ 00 00 00 00 f4 01 00 00 00 00 00 00 00 00 00 00
  ................ 00 00 00 00 00 00 00 00 00 00 00 00 00 00 00 00
  ...............  00 00 00 00 00 00 00 00 00 00 00 00 00 00 00
011650-011678 StringBlock "grp_gw_generic_button_small"
011679-011694 DataBlock
  ................ 00 00 00 00 00 00 00 00 00 00 00 00 80 12 ec 14
011695-011702 StringBlock "dy_age"
011703-011761 DataBlock
  ..~............. 00 00 7e 00 00 00 1c 00 00 00 00 00 00 00 00 00
  ..............~. 01 00 00 00 00 01 00 00 00 00 01 00 00 00 7e 00
  ................ 00 00 1c 00 00 00 00 a0 15 ec 14 00 00 00 00 00
  ...........      00 00 00 00 00 00 00 01 00 00 00
011762-011765 StateIDBlock 351016352
011766-011775 StateNameBlock "NewState"
011776-011779 XSizeBlock 23
011780-011783 YSizeBlock 24
011784-011812 DataBlock
  ..x.x........... 02 00 78 00 78 00 00 00 02 00 00 00 04 00 00 00
  .............    00 00 00 00 01 00 00 00 01 00 00 00 00
011813-011868 UnicodeBlock "dy_age_NewState_Text_780078"
011869-011872 DataBlock
  ....             00 00 00 00
011873-011885 FontNameBlock "la_gioconda"
011886-011889 LineHeightBlock 12
011890-011893 FontLeadingBlock 7
011894-011897 FontTrailingBlock 0
011898-011901 FontBGRABlock bgra(215,248,255,255)
011902-011910 FontCategoryBlock "fe_text"
011911-011930 DataBlock
  ................ 00 00 00 00 00 00 00 00 00 00 00 00 00 00 00 00
  ....             00 01 00 00
011931-011941 ShaderNameBlock "normal_t0"
011942-011945 ShaderVariableBlock 0.0 (0)
011946-011949 ShaderVariableBlock 0.0 (0)
011950-011953 ShaderVariableBlock 0.0 (0)
011954-011957 ShaderVariableBlock 0.0 (0)
011958-011968 ShaderNameBlock "normal_t0"
011969-011972 ShaderVariableBlock 0.0 (0)
011973-011976 ShaderVariableBlock 0.0 (0)
011977-011980 ShaderVariableBlock 0.0 (0)
011981-011984 ShaderVariableBlock 0.0 (0)
011985-012020 DataBlock
  ................ 00 00 00 00 00 00 00 00 00 00 00 00 00 00 00 00
  ....<........... 00 00 00 00 3c 00 00 00 00 00 00 00 01 00 00 00
  ....             80 17 ec 14
012021-012026 StringBlock "icon"
012027-012069 DataBlock
  ................ 00 00 e6 ff ff ff 00 00 00 00 00 00 00 00 00 00
  ................ 01 00 00 00 00 01 00 00 00 00 04 00 00 00 e6 ff
  ...........      ff ff 00 00 00 00 00 a0 1a ec 14
012070-012120 ImageListBlock 1 elements:
  012074-012120 ImageBlockGen2 id=350970016 xsize=24 ysize=24 path="ui\\skins\\default\\icon_sundial"
012121-012133 DataBlock
  .............    00 00 00 00 00 00 00 00 00 01 00 00 00
012134-012137 StateIDBlock 351017632
012138-012147 StateNameBlock "NewState"
012148-012151 XSizeBlock 24
012152-012155 YSizeBlock 24
012156-012186 DataBlock
  ................ 00 00 00 00 02 00 00 00 00 00 00 00 00 00 00 00
  ...............  01 00 00 00 01 00 00 00 00 00 00 00 00 00 00
012187-012199 FontNameBlock "la_gioconda"
012200-012203 LineHeightBlock 10
012204-012207 FontLeadingBlock 2
012208-012211 FontTrailingBlock 1
012212-012215 FontBGRABlock bgra(221,218,250,255)
012216-012238 FontCategoryBlock "Default Font Category"
012239-012258 DataBlock
  ................ 00 00 00 00 00 00 00 00 00 00 00 00 00 00 00 00
  ....             00 01 00 00
012259-012269 ShaderNameBlock "normal_t0"
012270-012273 ShaderVariableBlock 0.0 (0)
012274-012277 ShaderVariableBlock 0.0 (0)
012278-012281 ShaderVariableBlock 0.0 (0)
012282-012285 ShaderVariableBlock 0.0 (0)
012286-012296 ShaderNameBlock "normal_t0"
012297-012300 ShaderVariableBlock 0.0 (0)
012301-012304 ShaderVariableBlock 0.0 (0)
012305-012308 ShaderVariableBlock 0.0 (0)
012309-012312 ShaderVariableBlock 0.0 (0)
012313-012316 DataBlock
  ....             01 00 00 00
012317-012340 ImageUseBlock id=350970016 xofs=0 yofs=0 xsize=24 ysize=24 bgra=bgra(255,255,255,255)
012341-012465 DataBlock
  ................ 00 00 00 00 00 00 00 00 00 00 00 00 00 00 00 01
  ................ 01 00 00 00 00 00 00 00 00 00 00 00 00 00 00 00
  ................ 00 00 00 00 00 00 00 00 00 00 00 00 00 00 00 00
  ................ 00 00 00 00 00 00 00 00 00 00 00 00 00 00 00 00
  ...............< 00 00 00 00 00 00 00 00 00 00 00 00 00 00 00 3c
  ................ 00 00 00 00 00 00 00 00 00 00 00 00 00 00 00 00
  ................ 00 00 00 00 00 00 00 00 00 00 00 00 00 00 00 00
  ..........(..    00 00 00 00 00 00 01 00 00 80 28 ec 14
012466-012478 StringBlock "dy_ambition"
012479-012537 DataBlock
  ..~...p......... 00 00 7e 00 00 00 70 00 00 00 00 00 00 00 00 00
  ..............~. 01 00 00 00 00 01 00 00 00 00 01 00 00 00 7e 00
  ..p.....+....... 00 00 70 00 00 00 00 e0 2b ec 14 00 00 00 00 00
  ...........      00 00 00 00 00 00 00 01 00 00 00
012538-012541 StateIDBlock 351022048
012542-012551 StateNameBlock "NewState"
012552-012555 XSizeBlock 40
012556-012559 YSizeBlock 24
012560-012590 DataBlock
  ..x.x.x......... 03 00 78 00 78 00 78 00 00 00 02 00 00 00 04 00
  ...............  00 00 00 00 00 00 01 00 00 00 01 00 00 00 00
012591-012656 UnicodeBlock "dy_ambition_NewState_Text_780000"
012657-012660 DataBlock
  ....             00 00 00 00
012661-012673 FontNameBlock "la_gioconda"
012674-012677 LineHeightBlock 12
012678-012681 FontLeadingBlock 7
012682-012685 FontTrailingBlock 0
012686-012689 FontBGRABlock bgra(215,248,255,255)
012690-012698 FontCategoryBlock "fe_text"
012699-012718 DataBlock
  ................ 00 00 00 00 00 00 00 00 00 00 00 00 00 00 00 00
  ....             00 00 00 00
012719-012729 ShaderNameBlock "normal_t0"
012730-012733 ShaderVariableBlock 0.0 (0)
012734-012737 ShaderVariableBlock 0.0 (0)
012738-012741 ShaderVariableBlock 0.0 (0)
012742-012745 ShaderVariableBlock 0.0 (0)
012746-012756 ShaderNameBlock "normal_t0"
012757-012760 ShaderVariableBlock 0.0 (0)
012761-012764 ShaderVariableBlock 0.0 (0)
012765-012768 ShaderVariableBlock 0.0 (0)
012769-012772 ShaderVariableBlock 0.0 (0)
012773-012808 DataBlock
  ................ 00 00 00 00 00 00 00 00 00 00 00 00 00 00 00 00
  ....<........... 00 00 00 00 3c 00 00 00 00 00 00 00 01 00 00 00
  `...             60 2e ec 14
012809-012814 StringBlock "icon"
012815-012857 DataBlock
  ................ 00 00 e8 ff ff ff 00 00 00 00 00 00 00 00 00 00
  ................ 01 00 00 00 00 01 00 00 00 00 04 00 00 00 e8 ff
  .........D.      ff ff 00 00 00 00 00 80 13 44 18
012858-012909 ImageListBlock 1 elements:
  012862-012909 ImageBlockGen2 id=351023552 xsize=24 ysize=24 path="ui\\skins\\default\\icon_ambition"
012910-012970 DataBlock
  ..............2. 00 00 00 00 00 00 00 00 00 02 00 00 00 e0 32 ec
  ...low4......... 14 03 00 6c 6f 77 34 00 00 00 18 00 00 00 00 00
  ................ 00 00 02 00 00 00 00 00 00 00 00 00 00 00 01 00
  .............    00 00 01 00 00 00 00 00 00 00 00 00 00
012971-012983 FontNameBlock "la_gioconda"
012984-012987 LineHeightBlock 10
012988-012991 FontLeadingBlock 2
012992-012995 FontTrailingBlock 1
012996-012999 FontBGRABlock bgra(221,218,250,255)
013000-013022 FontCategoryBlock "Default Font Category"
013023-013042 DataBlock
  ................ 00 00 00 00 00 00 00 00 00 00 00 00 00 00 00 00
  ....             00 00 00 00
013043-013053 ShaderNameBlock "normal_t0"
013054-013057 ShaderVariableBlock 0.0 (0)
013058-013061 ShaderVariableBlock 0.0 (0)
013062-013065 ShaderVariableBlock 0.0 (0)
013066-013069 ShaderVariableBlock 0.0 (0)
013070-013080 ShaderNameBlock "normal_t0"
013081-013084 ShaderVariableBlock 0.0 (0)
013085-013088 ShaderVariableBlock 0.0 (0)
013089-013092 ShaderVariableBlock 0.0 (0)
013093-013096 ShaderVariableBlock 0.0 (0)
013097-013100 DataBlock
  ....             01 00 00 00
013101-013124 ImageUseBlock id=351023552 xofs=0 yofs=0 xsize=24 ysize=24 bgra=bgra(29,49,198,255)
013125-013203 DataBlock
  ................ 00 00 00 00 00 00 00 00 00 00 00 00 00 00 00 00
  ................ 00 00 00 00 00 00 00 00 00 00 00 00 00 00 00 00
  ................ 00 00 00 00 00 00 00 00 00 00 00 00 00 00 00 00
  ................ 00 00 00 00 00 00 00 00 00 00 00 00 00 00 00 00
  .............D.  00 00 00 00 00 00 00 00 00 00 00 80 13 44 18
013204-013211 StringBlock "normal"
013212-013250 DataBlock
  4............... 34 00 00 00 18 00 00 00 00 00 00 00 02 00 00 00
  ................ 00 00 00 00 00 00 00 00 01 00 00 00 01 00 00 00
  .......          00 00 00 00 00 00 00
013251-013263 FontNameBlock "la_gioconda"
013264-013267 LineHeightBlock 10
013268-013271 FontLeadingBlock 2
013272-013275 FontTrailingBlock 1
013276-013279 FontBGRABlock bgra(221,218,250,255)
013280-013302 FontCategoryBlock "Default Font Category"
013303-013322 DataBlock
  ................ 00 00 00 00 00 00 00 00 00 00 00 00 00 00 00 00
  ....             00 00 00 00
013323-013333 ShaderNameBlock "normal_t0"
013334-013337 ShaderVariableBlock 0.0 (0)
013338-013341 ShaderVariableBlock 0.0 (0)
013342-013345 ShaderVariableBlock 0.0 (0)
013346-013349 ShaderVariableBlock 0.0 (0)
013350-013360 ShaderNameBlock "normal_t0"
013361-013364 ShaderVariableBlock 0.0 (0)
013365-013368 ShaderVariableBlock 0.0 (0)
013369-013372 ShaderVariableBlock 0.0 (0)
013373-013376 ShaderVariableBlock 0.0 (0)
013377-013380 DataBlock
  ....             01 00 00 00
013381-013404 ImageUseBlock id=351023552 xofs=0 yofs=0 xsize=24 ysize=24 bgra=bgra(255,255,255,255)
013405-013529 DataBlock
  ................ 00 00 00 00 00 00 00 00 00 00 00 00 00 00 00 00
  ................ 00 00 00 00 00 00 00 00 00 00 00 00 00 00 00 00
  ................ 00 00 00 00 00 00 00 00 00 00 00 00 00 00 00 00
  ................ 00 00 00 00 00 00 00 00 00 00 00 00 00 00 00 00
  ...............< 00 00 00 00 00 00 00 00 00 00 00 00 00 00 00 3c
  ................ 00 00 00 00 00 00 00 00 00 00 00 00 00 00 00 00
  ................ 00 00 00 00 00 00 00 00 00 00 00 00 00 00 00 00
  .............    00 00 00 00 00 00 01 00 00 a0 1c ec 14
013530-013542 StringBlock "dy_gravitas"
013543-013601 DataBlock
  ..~...E......... 00 00 7e 00 00 00 45 00 00 00 00 00 00 00 00 00
  ..............~. 01 00 00 00 00 01 00 00 00 00 01 00 00 00 7e 00
  ..E............. 00 00 45 00 00 00 00 a0 1f ec 14 00 00 00 00 00
  ...........      00 00 00 00 00 00 00 01 00 00 00
013602-013605 StateIDBlock 351018912
013606-013615 StateNameBlock "NewState"
013616-013619 XSizeBlock 40
013620-013623 YSizeBlock 24
013624-013654 DataBlock
  ..x.x.x......... 03 00 78 00 78 00 78 00 00 00 02 00 00 00 04 00
  ...............  00 00 00 00 00 00 01 00 00 00 01 00 00 00 00
013655-013720 UnicodeBlock "dy_ambition_NewState_Text_780000"
013721-013724 DataBlock
  ....             00 00 00 00
013725-013737 FontNameBlock "la_gioconda"
013738-013741 LineHeightBlock 12
013742-013745 FontLeadingBlock 7
013746-013749 FontTrailingBlock 0
013750-013753 FontBGRABlock bgra(215,248,255,255)
013754-013762 FontCategoryBlock "fe_text"
013763-013782 DataBlock
  ................ 00 00 00 00 00 00 00 00 00 00 00 00 00 00 00 00
  ....             00 00 00 00
013783-013793 ShaderNameBlock "normal_t0"
013794-013797 ShaderVariableBlock 0.0 (0)
013798-013801 ShaderVariableBlock 0.0 (0)
013802-013805 ShaderVariableBlock 0.0 (0)
013806-013809 ShaderVariableBlock 0.0 (0)
013810-013820 ShaderNameBlock "normal_t0"
013821-013824 ShaderVariableBlock 0.0 (0)
013825-013828 ShaderVariableBlock 0.0 (0)
013829-013832 ShaderVariableBlock 0.0 (0)
013833-013836 ShaderVariableBlock 0.0 (0)
013837-013872 DataBlock
  ................ 00 00 00 00 00 00 00 00 00 00 00 00 00 00 00 00
  ....<........... 00 00 00 00 3c 00 00 00 00 00 00 00 01 00 00 00
  .!..             a0 21 ec 14
013873-013878 StringBlock "icon"
013879-013921 DataBlock
  ................ 00 00 e8 ff ff ff 00 00 00 00 00 00 00 00 00 00
  ................ 01 00 00 00 00 01 00 00 00 00 04 00 00 00 e8 ff
  .........{.      ff ff 00 00 00 00 00 80 eb 7b 19
013922-013973 ImageListBlock 1 elements:
  013926-013973 ImageBlockGen2 id=351020224 xsize=24 ysize=24 path="ui\\skins\\default\\icon_gravitas"
013974-013990 DataBlock
  ...............{ 00 00 00 00 00 00 00 00 00 02 00 00 00 80 eb 7b
  .                19
013991-013998 StringBlock "normal"
013999-014037 DataBlock
  1............... 31 00 00 00 18 00 00 00 00 00 00 00 02 00 00 00
  ................ 00 00 00 00 00 00 00 00 01 00 00 00 01 00 00 00
  .......          00 00 00 00 00 00 00
014038-014050 FontNameBlock "la_gioconda"
014051-014054 LineHeightBlock 10
014055-014058 FontLeadingBlock 2
014059-014062 FontTrailingBlock 1
014063-014066 FontBGRABlock bgra(221,218,250,255)
014067-014089 FontCategoryBlock "Default Font Category"
014090-014109 DataBlock
  ................ 00 00 00 00 00 00 00 00 00 00 00 00 00 00 00 00
  ....             00 01 00 00
014110-014120 ShaderNameBlock "normal_t0"
014121-014124 ShaderVariableBlock 0.0 (0)
014125-014128 ShaderVariableBlock 0.0 (0)
014129-014132 ShaderVariableBlock 0.0 (0)
014133-014136 ShaderVariableBlock 0.0 (0)
014137-014147 ShaderNameBlock "normal_t0"
014148-014151 ShaderVariableBlock 0.0 (0)
014152-014155 ShaderVariableBlock 0.0 (0)
014156-014159 ShaderVariableBlock 0.0 (0)
014160-014163 ShaderVariableBlock 0.0 (0)
014164-014167 DataBlock
  ....             01 00 00 00
014168-014191 ImageUseBlock id=351020224 xofs=0 yofs=0 xsize=24 ysize=24 bgra=bgra(255,255,255,255)
014192-014270 DataBlock
  ................ 00 00 00 00 00 00 00 00 00 00 00 00 00 00 00 00
  ................ 00 00 00 00 00 00 00 00 00 00 00 00 00 00 00 00
  ................ 00 00 00 00 00 00 00 00 00 00 00 00 00 00 00 00
  ................ 00 00 00 00 00 00 00 00 00 00 00 00 00 00 00 00
  ...........`%..  00 00 00 00 00 00 00 00 00 00 00 60 25 ec 14
014271-014276 StringBlock "high"
014277-014315 DataBlock
  1............... 31 00 00 00 18 00 00 00 00 00 00 00 02 00 00 00
  ................ 00 00 00 00 00 00 00 00 01 00 00 00 01 00 00 00
  .......          00 00 00 00 00 00 00
014316-014328 FontNameBlock "la_gioconda"
014329-014332 LineHeightBlock 10
014333-014336 FontLeadingBlock 2
014337-014340 FontTrailingBlock 1
014341-014344 FontBGRABlock bgra(221,218,250,255)
014345-014367 FontCategoryBlock "Default Font Category"
014368-014387 DataBlock
  ................ 00 00 00 00 00 00 00 00 00 00 00 00 00 00 00 00
  ....             00 01 00 00
014388-014398 ShaderNameBlock "normal_t0"
014399-014402 ShaderVariableBlock 0.0 (0)
014403-014406 ShaderVariableBlock 0.0 (0)
014407-014410 ShaderVariableBlock 0.0 (0)
014411-014414 ShaderVariableBlock 0.0 (0)
014415-014425 ShaderNameBlock "normal_t0"
014426-014429 ShaderVariableBlock 0.0 (0)
014430-014433 ShaderVariableBlock 0.0 (0)
014434-014437 ShaderVariableBlock 0.0 (0)
014438-014441 ShaderVariableBlock 0.0 (0)
014442-014445 DataBlock
  ....             01 00 00 00
014446-014469 ImageUseBlock id=351020224 xofs=0 yofs=0 xsize=24 ysize=24 bgra=bgra(0,215,255,255)
014470-014594 DataBlock
  ................ 00 00 00 00 00 00 00 00 00 00 00 00 00 00 00 00
  ................ 00 00 00 00 00 00 00 00 00 00 00 00 00 00 00 00
  ................ 00 00 00 00 00 00 00 00 00 00 00 00 00 00 00 00
  ................ 00 00 00 00 00 00 00 00 00 00 00 00 00 00 00 00
  ...............< 00 00 00 00 00 00 00 00 00 00 00 00 00 00 00 3c
  ................ 00 00 00 00 00 00 00 00 00 00 00 00 00 00 00 00
  ................ 00 00 00 00 00 00 00 00 00 00 00 00 00 00 00 00
  .........p...    00 00 00 00 00 00 01 00 00 70 11 a2 0b
014595-014606 StringBlock "dy_command"
014607-014665 DataBlock
  ................ 00 00 e0 00 00 00 1c 00 00 00 01 00 00 00 00 00
  ................ 01 00 00 00 00 01 00 00 00 00 03 00 00 00 e2 ff
  .......@........ ff ff 1c 00 00 00 00 40 8f 11 11 00 00 00 00 00
  ...........      00 00 00 00 00 00 00 01 00 00 00
014666-014669 StateIDBlock 286363456
014670-014679 StateNameBlock "NewState"
014680-014683 XSizeBlock 24
014684-014687 YSizeBlock 24
014688-014714 DataBlock
  ..5............. 01 00 35 00 00 00 02 00 00 00 04 00 00 00 00 00
  ...........      00 00 01 00 00 00 01 00 00 00 00
014715-014770 UnicodeBlock "dy_command_NewState_Text_35"
014771-014774 DataBlock
  ....             00 00 00 00
014775-014787 FontNameBlock "la_gioconda"
014788-014791 LineHeightBlock 12
014792-014795 FontLeadingBlock 6
014796-014799 FontTrailingBlock 1
014800-014803 FontBGRABlock bgra(224,255,255,255)
014804-014819 FontCategoryBlock "parchment_text"
014820-014839 DataBlock
  ................ 04 00 00 00 00 00 00 00 00 00 00 00 00 00 00 00
  ....             00 00 00 00
014840-014850 ShaderNameBlock "normal_t0"
014851-014854 ShaderVariableBlock 0.0 (0)
014855-014858 ShaderVariableBlock 0.0 (0)
014859-014862 ShaderVariableBlock 0.0 (0)
014863-014866 ShaderVariableBlock 0.0 (0)
014867-014877 ShaderNameBlock "normal_t0"
014878-014881 ShaderVariableBlock 0.0 (0)
014882-014885 ShaderVariableBlock 0.0 (0)
014886-014889 ShaderVariableBlock 0.0 (0)
014890-014893 ShaderVariableBlock 0.0 (0)
014894-014929 DataBlock
  ................ 00 00 00 00 00 00 00 00 00 00 00 00 00 00 00 00
  ....-........... 00 00 00 00 2d 00 00 00 00 00 00 00 01 00 00 00
  @...             40 91 11 11
014930-014943 StringBlock "icon_command"
014944-014971 StringBlock "CharacterEffectsBundleIcon"
014972-015012 DataBlock
  ................ e8 ff ff ff 00 00 00 00 00 00 00 00 00 00 01 00
  ................ 00 00 00 01 00 00 00 00 0d 00 00 00 00 00 00 00
  .....`.W.        00 00 00 00 00 60 c8 57 11
015013-015063 ImageListBlock 1 elements:
  015017-015063 ImageBlockGen2 id=286364768 xsize=24 ysize=24 path="ui\\skins\\default\\icon_command"
015064-015076 DataBlock
  .............    00 00 00 00 00 00 00 00 00 01 00 00 00
015077-015080 StateIDBlock 290965600
015081-015090 StateNameBlock "NewState"
015091-015094 XSizeBlock 24
015095-015098 YSizeBlock 24
015099-015129 DataBlock
  ................ 00 00 00 00 02 00 00 00 00 00 00 00 00 00 00 00
  ...............  01 00 00 00 01 00 00 00 00 00 00 00 00 00 00
015130-015142 FontNameBlock "la_gioconda"
015143-015146 LineHeightBlock 10
015147-015150 FontLeadingBlock 2
015151-015154 FontTrailingBlock 1
015155-015158 FontBGRABlock bgra(221,218,250,255)
015159-015181 FontCategoryBlock "Default Font Category"
015182-015201 DataBlock
  ................ 00 00 00 00 00 00 00 00 00 00 00 00 00 00 00 00
  ....             01 00 00 00
015202-015212 ShaderNameBlock "normal_t0"
015213-015216 ShaderVariableBlock 0.0 (0)
015217-015220 ShaderVariableBlock 0.0 (0)
015221-015224 ShaderVariableBlock 0.0 (0)
015225-015228 ShaderVariableBlock 0.0 (0)
015229-015239 ShaderNameBlock "normal_t0"
015240-015243 ShaderVariableBlock 0.0 (0)
015244-015247 ShaderVariableBlock 0.0 (0)
015248-015251 ShaderVariableBlock 0.0 (0)
015252-015255 ShaderVariableBlock 0.0 (0)
015256-015259 DataBlock
  ....             01 00 00 00
015260-015283 ImageUseBlock id=286364768 xofs=0 yofs=0 xsize=24 ysize=24 bgra=bgra(255,255,255,255)
015284-015408 DataBlock
  ................ 00 00 00 01 00 00 00 00 00 00 00 00 00 00 00 00
  ................ 00 00 00 00 00 00 00 00 00 00 00 00 00 00 00 00
  ................ 00 00 00 00 00 00 00 00 00 00 00 00 00 00 00 00
  ................ 00 00 00 00 00 00 00 00 00 00 00 00 00 00 00 00
  ...............- 00 00 00 00 00 00 00 00 00 00 00 00 00 00 00 2d
  ................ 00 00 00 00 00 00 00 00 00 00 00 00 00 00 00 00
  ................ 00 00 00 00 00 00 00 00 00 00 00 00 00 00 00 00
  ......... .?.    00 00 00 00 00 00 00 00 00 20 d0 3f 11
015409-015423 StringBlock "dy_subterfuge"
015424-015482 DataBlock
  ......H......... 00 00 e0 00 00 00 48 00 00 00 01 00 00 00 00 00
  ................ 01 00 00 00 00 01 00 00 00 00 06 00 00 00 e2 ff
  ................ ff ff 00 00 00 00 00 00 96 11 11 00 00 00 00 00
  ...........      00 00 00 00 00 00 00 01 00 00 00
015483-015486 StateIDBlock 286365184
015487-015496 StateNameBlock "NewState"
015497-015500 XSizeBlock 24
015501-015504 YSizeBlock 24
015505-015531 DataBlock
  ..5............. 01 00 35 00 00 00 02 00 00 00 04 00 00 00 00 00
  ...........      00 00 01 00 00 00 01 00 00 00 00
015532-015587 UnicodeBlock "dy_command_NewState_Text_35"
015588-015591 DataBlock
  ....             00 00 00 00
015592-015604 FontNameBlock "la_gioconda"
015605-015608 LineHeightBlock 12
015609-015612 FontLeadingBlock 6
015613-015616 FontTrailingBlock 1
015617-015620 FontBGRABlock bgra(224,255,255,255)
015621-015636 FontCategoryBlock "parchment_text"
015637-015656 DataBlock
  ................ 04 00 00 00 00 00 00 00 00 00 00 00 00 00 00 00
  ....             00 00 00 00
015657-015667 ShaderNameBlock "normal_t0"
015668-015671 ShaderVariableBlock 0.0 (0)
015672-015675 ShaderVariableBlock 0.0 (0)
015676-015679 ShaderVariableBlock 0.0 (0)
015680-015683 ShaderVariableBlock 0.0 (0)
015684-015694 ShaderNameBlock "normal_t0"
015695-015698 ShaderVariableBlock 0.0 (0)
015699-015702 ShaderVariableBlock 0.0 (0)
015703-015706 ShaderVariableBlock 0.0 (0)
015707-015710 ShaderVariableBlock 0.0 (0)
015711-015746 DataBlock
  ................ 00 00 00 00 00 00 00 00 00 00 00 00 00 00 00 00
  ....-........... 00 00 00 00 2d 00 00 00 00 00 00 00 01 00 00 00
  `.?.             60 d3 3f 11
015747-015763 StringBlock "icon_subterfuge"
015764-015791 StringBlock "CharacterEffectsBundleIcon"
015792-015832 DataBlock
  ................ e8 ff ff ff 00 00 00 00 00 00 00 00 00 00 01 00
  ................ 00 00 00 01 00 00 00 00 0d 00 00 00 00 00 00 00
  .....`.?.        00 00 00 00 00 60 d8 3f 11
015833-015886 ImageListBlock 1 elements:
  015837-015886 ImageBlockGen2 id=289396352 xsize=24 ysize=24 path="ui\\skins\\default\\icon_subterfuge"
015887-015899 DataBlock
  .............    00 00 00 00 00 00 00 00 00 01 00 00 00
015900-015903 StateIDBlock 289396832
015904-015913 StateNameBlock "NewState"
015914-015917 XSizeBlock 24
015918-015921 YSizeBlock 24
015922-015952 DataBlock
  ................ 00 00 00 00 02 00 00 00 00 00 00 00 00 00 00 00
  ...............  01 00 00 00 01 00 00 00 00 00 00 00 00 00 00
015953-015965 FontNameBlock "la_gioconda"
015966-015969 LineHeightBlock 10
015970-015973 FontLeadingBlock 2
015974-015977 FontTrailingBlock 1
015978-015981 FontBGRABlock bgra(221,218,250,255)
015982-016004 FontCategoryBlock "Default Font Category"
016005-016024 DataBlock
  ................ 00 00 00 00 00 00 00 00 00 00 00 00 00 00 00 00
  ....             01 00 00 00
016025-016035 ShaderNameBlock "normal_t0"
016036-016039 ShaderVariableBlock 0.0 (0)
016040-016043 ShaderVariableBlock 0.0 (0)
016044-016047 ShaderVariableBlock 0.0 (0)
016048-016051 ShaderVariableBlock 0.0 (0)
016052-016062 ShaderNameBlock "normal_t0"
016063-016066 ShaderVariableBlock 0.0 (0)
016067-016070 ShaderVariableBlock 0.0 (0)
016071-016074 ShaderVariableBlock 0.0 (0)
016075-016078 ShaderVariableBlock 0.0 (0)
016079-016082 DataBlock
  ....             01 00 00 00
016083-016106 ImageUseBlock id=289396352 xofs=0 yofs=0 xsize=24 ysize=24 bgra=bgra(255,255,255,255)
016107-016231 DataBlock
  ................ 00 00 00 01 00 00 00 00 00 00 00 00 00 00 00 00
  ................ 00 00 00 00 00 00 00 00 00 00 00 00 00 00 00 00
  ................ 00 00 00 00 00 00 00 00 00 00 00 00 00 00 00 00
  ................ 00 00 00 00 00 00 00 00 00 00 00 00 00 00 00 00
  ...............- 00 00 00 00 00 00 00 00 00 00 00 00 00 00 00 2d
  ................ 00 00 00 00 00 00 00 00 00 00 00 00 00 00 00 00
  ................ 00 00 00 00 00 00 00 00 00 00 00 00 00 00 00 00
  .........@...    00 00 00 00 00 00 00 00 00 40 b9 13 11
016232-016240 StringBlock "dy_zeal"
016241-016299 DataBlock
  ......p......... 00 00 e0 00 00 00 70 00 00 00 01 00 00 00 00 00
  ................ 01 00 00 00 00 01 00 00 00 00 09 00 00 00 e2 ff
  ................ ff ff df ff ff ff 00 80 bc 13 11 00 00 00 00 00
  ...........      00 00 00 00 00 00 00 01 00 00 00
016300-016303 StateIDBlock 286506112
016304-016313 StateNameBlock "NewState"
016314-016317 XSizeBlock 24
016318-016321 YSizeBlock 24
016322-016348 DataBlock
  ..5............. 01 00 35 00 00 00 02 00 00 00 04 00 00 00 00 00
  ...........      00 00 01 00 00 00 01 00 00 00 00
016349-016404 UnicodeBlock "dy_command_NewState_Text_35"
016405-016408 DataBlock
  ....             00 00 00 00
016409-016421 FontNameBlock "la_gioconda"
016422-016425 LineHeightBlock 12
016426-016429 FontLeadingBlock 6
016430-016433 FontTrailingBlock 1
016434-016437 FontBGRABlock bgra(224,255,255,255)
016438-016453 FontCategoryBlock "parchment_text"
016454-016473 DataBlock
  ................ 04 00 00 00 00 00 00 00 00 00 00 00 00 00 00 00
  ....             00 00 00 00
016474-016484 ShaderNameBlock "normal_t0"
016485-016488 ShaderVariableBlock 0.0 (0)
016489-016492 ShaderVariableBlock 0.0 (0)
016493-016496 ShaderVariableBlock 0.0 (0)
016497-016500 ShaderVariableBlock 0.0 (0)
016501-016511 ShaderNameBlock "normal_t0"
016512-016515 ShaderVariableBlock 0.0 (0)
016516-016519 ShaderVariableBlock 0.0 (0)
016520-016523 ShaderVariableBlock 0.0 (0)
016524-016527 ShaderVariableBlock 0.0 (0)
016528-016563 DataBlock
  ................ 00 00 00 00 00 00 00 00 00 00 00 00 00 00 00 00
  ....-........... 00 00 00 00 2d 00 00 00 00 00 00 00 01 00 00 00
  `...             60 be 13 11
016564-016574 StringBlock "icon_zeal"
016575-016602 StringBlock "CharacterEffectsBundleIcon"
016603-016643 DataBlock
  ................ e8 ff ff ff 00 00 00 00 00 00 00 00 00 00 01 00
  ................ 00 00 00 01 00 00 00 00 0d 00 00 00 00 00 00 00
  ......&..        00 00 00 00 00 a0 26 19 11
016644-016691 ImageListBlock 1 elements:
  016648-016691 ImageBlockGen2 id=290093568 xsize=24 ysize=24 path="ui\\skins\\default\\icon_zeal"
016692-016704 DataBlock
  .............    00 00 00 00 00 00 00 00 00 01 00 00 00
016705-016708 StateIDBlock 286860960
016709-016718 StateNameBlock "NewState"
016719-016722 XSizeBlock 24
016723-016726 YSizeBlock 24
016727-016757 DataBlock
  ................ 00 00 00 00 02 00 00 00 00 00 00 00 00 00 00 00
  ...............  01 00 00 00 01 00 00 00 00 00 00 00 00 00 00
016758-016770 FontNameBlock "la_gioconda"
016771-016774 LineHeightBlock 10
016775-016778 FontLeadingBlock 2
016779-016782 FontTrailingBlock 1
016783-016786 FontBGRABlock bgra(221,218,250,255)
016787-016809 FontCategoryBlock "Default Font Category"
016810-016829 DataBlock
  ................ 00 00 00 00 00 00 00 00 00 00 00 00 00 00 00 00
  ....             01 00 00 00
016830-016840 ShaderNameBlock "normal_t0"
016841-016844 ShaderVariableBlock 0.0 (0)
016845-016848 ShaderVariableBlock 0.0 (0)
016849-016852 ShaderVariableBlock 0.0 (0)
016853-016856 ShaderVariableBlock 0.0 (0)
016857-016867 ShaderNameBlock "normal_t0"
016868-016871 ShaderVariableBlock 0.0 (0)
016872-016875 ShaderVariableBlock 0.0 (0)
016876-016879 ShaderVariableBlock 0.0 (0)
016880-016883 ShaderVariableBlock 0.0 (0)
016884-016887 DataBlock
  ....             01 00 00 00
016888-016911 ImageUseBlock id=290093568 xofs=0 yofs=0 xsize=24 ysize=24 bgra=bgra(255,255,255,255)
016912-017036 DataBlock
  ................ 00 00 00 01 00 00 00 00 00 00 00 00 00 00 00 00
  ................ 00 00 00 00 00 00 00 00 00 00 00 00 00 00 00 00
  ................ 00 00 00 00 00 00 00 00 00 00 00 00 00 00 00 00
  ................ 00 00 00 00 00 00 00 00 00 00 00 00 00 00 00 00
  ...............- 00 00 00 00 00 00 00 00 00 00 00 00 00 00 00 2d
  ................ 00 00 00 00 00 00 00 00 00 00 00 00 00 00 00 00
  ................ 00 00 00 00 00 00 00 00 00 00 00 00 00 00 00 00
  ..........Xk.    00 00 00 00 00 00 00 00 00 90 58 6b 0b
017037-017043 StringBlock "vline"
017044-017086 DataBlock
  ................ 00 00 ad 00 00 00 1c 00 00 00 01 01 00 00 00 00
  ..............&. 01 00 00 00 00 01 00 00 00 00 05 00 00 00 26 00
  ...........      00 00 00 00 00 00 00 00 cb 2e 11
017087-017157 ImageListBlock 1 elements:
  017091-017157 ImageBlockGen2 id=292261408 xsize=8 ysize=75 path="ui\\skins\\default\\panel_tile_parchment_table_vline"
017158-017170 DataBlock
  .............    00 00 00 00 00 00 00 00 00 01 00 00 00
017171-017174 StateIDBlock 288279296
017175-017184 StateNameBlock "NewState"
017185-017188 XSizeBlock 8
017189-017192 YSizeBlock 113
017193-017223 DataBlock
  ................ 00 00 00 00 02 00 00 00 00 00 00 00 00 00 00 00
  ...............  01 00 00 00 01 00 00 00 00 00 00 00 00 00 00
017224-017236 FontNameBlock "la_gioconda"
017237-017240 LineHeightBlock 10
017241-017244 FontLeadingBlock 2
017245-017248 FontTrailingBlock 1
017249-017252 FontBGRABlock bgra(221,218,250,255)
017253-017275 FontCategoryBlock "Default Font Category"
017276-017295 DataBlock
  ................ 00 00 00 00 00 00 00 00 00 00 00 00 00 00 00 00
  ....             01 00 00 00
017296-017306 ShaderNameBlock "normal_t0"
017307-017310 ShaderVariableBlock 0.0 (0)
017311-017314 ShaderVariableBlock 0.0 (0)
017315-017318 ShaderVariableBlock 0.0 (0)
017319-017322 ShaderVariableBlock 0.0 (0)
017323-017333 ShaderNameBlock "normal_t0"
017334-017337 ShaderVariableBlock 0.0 (0)
017338-017341 ShaderVariableBlock 0.0 (0)
017342-017345 ShaderVariableBlock 0.0 (0)
017346-017349 ShaderVariableBlock 0.0 (0)
017350-017353 DataBlock
  ....             01 00 00 00
017354-017377 ImageUseBlock id=292261408 xofs=0 yofs=0 xsize=8 ysize=113 bgra=bgra(255,255,255,255)
017378-017513 DataBlock
  ................ 00 00 00 00 00 00 00 00 00 00 00 00 00 00 00 01
  ................ 01 00 00 00 00 00 00 00 00 00 00 00 00 00 00 00
  ................ 00 00 00 00 00 00 00 00 00 00 00 00 00 00 00 00
  ................ 00 00 00 00 00 00 00 00 00 00 00 00 00 00 00 00
  ................ 00 00 00 00 00 00 00 00 00 00 00 00 00 00 00 00
  ................ 00 00 00 00 00 00 00 00 00 00 00 00 00 00 00 00
  ................ 00 00 00 00 00 00 00 00 00 00 00 00 00 00 00 00
  ................ 00 00 00 00 00 00 00 00 00 00 00 00 00 00 00 00
  ........         00 00 00 00 00 00 00 00
