000000-000009 VersionBlock 97
000010-000013 RootIDBlock 294203552
000014-000019 StringBlock "root"
000020-000097 DataBlock
  ................ 00 00 00 00 00 00 00 00 00 00 01 01 00 00 00 00
  ................ 01 00 00 00 00 01 00 00 00 00 00 00 00 00 00 00
  .......@}....... 00 00 00 00 00 00 00 40 7d d7 1d 01 00 00 00 80
  ................ f6 f2 1d 00 00 00 05 00 00 c0 03 00 00 00 00 00
  ..........@}..   00 00 00 00 00 00 01 00 00 00 40 7d d7 1d
000098-000107 NewStateBlock "NewState"
000108-000146 DataBlock
  ................ 00 05 00 00 00 04 00 00 00 00 00 00 02 00 00 00
  ................ 00 00 00 00 00 00 00 00 01 00 00 00 01 00 00 00
  .......          00 00 00 00 00 00 00
000147-000159 FontNameBlock "la_gioconda"
000160-000175 DataBlock
  ................ 0a 00 00 00 02 00 00 00 01 00 00 00 dd da fa ff
000176-000198 StringBlock "Default Font Category"
000199-000218 DataBlock
  ................ 00 00 00 00 00 00 00 00 00 00 00 00 00 00 00 00
  ....             01 00 00 00
000219-000229 T0Block "normal_t0"
000230-000245 DataBlock
  ................ 00 00 00 00 00 00 00 00 00 00 00 00 00 00 00 00
000246-000256 T0Block "normal_t0"
000257-000395 DataBlock
  ................ 00 00 00 00 00 00 00 00 00 00 00 00 00 00 00 00
  ................ 01 00 00 00 80 f6 f2 1d 00 00 00 00 00 00 00 00
  ................ 00 05 00 00 c0 03 00 00 c0 c0 c0 ff 00 00 00 00
  ................ 00 00 00 00 00 00 00 00 00 00 00 01 01 00 00 00
  ................ 00 00 00 00 00 00 00 00 00 00 00 00 00 00 00 00
  ................ 00 00 00 00 00 00 00 00 00 00 00 00 00 00 00 00
  ................ 00 00 00 00 00 00 00 00 00 00 00 00 00 00 00 00
  ................ 00 00 00 00 00 00 00 00 00 00 00 00 00 00 00 00
  ........5..      00 00 00 01 00 00 00 a0 35 89 11
000396-000416 StringBlock "trade_route_tooltip"
000417-000438 StringBlock "CampaignTradeTooltip"
000439-000479 DataBlock
  ................ f4 01 00 00 de 00 00 00 01 01 00 00 00 00 01 01
  ................ 00 00 00 01 00 00 00 00 00 00 00 00 00 00 00 00
  .........        00 00 00 00 00 00 00 00 00
000480-000536 ImageListBlock 1 elements:
  000484-000536 ImageBlock id=232217760 xsize=52 ysize=52 path="ui/skins/default/tooltip_frame2.png" unknown=0
000537-000598 DataBlock
  ......... ....N 00 00 00 00 00 01 00 00 00 20 7f d7 1d 08 00 4e
  ewState......... 65 77 53 74 61 74 65 ef 01 00 00 8a 00 00 00 00
  ................ 00 00 00 02 00 00 00 00 00 00 00 00 00 00 00 01
  ..............   00 00 00 01 00 00 00 00 00 00 00 00 00 00
000599-000611 FontNameBlock "la_gioconda"
000612-000627 DataBlock
  ................ 0c 00 00 00 07 00 00 00 00 00 00 00 d7 f8 ff ff
000628-000644 StringBlock "fe_tooltip_text"
000645-000664 DataBlock
  ................ 08 00 00 00 00 00 00 00 06 00 00 00 00 00 00 00
  ....             00 00 00 00
000665-000675 T0Block "normal_t0"
000676-000691 DataBlock
  ................ 00 00 00 00 00 00 00 00 00 00 00 00 00 00 00 00
000692-000702 T0Block "normal_t0"
000703-000833 DataBlock
  ................ 00 00 00 00 00 00 00 00 00 00 00 00 00 00 00 00
  .....\.......... 01 00 00 00 a0 5c d7 0d 00 00 00 00 00 00 00 00
  ................ ef 01 00 00 8a 00 00 00 ff ff ff ff 00 00 00 00
  ................ 00 00 00 00 00 00 00 00 00 00 00 01 01 00 00 00
  ................ 00 00 00 00 00 00 00 00 00 00 00 00 00 00 00 00
  ..............A. 00 00 00 00 00 00 00 00 00 00 00 00 00 10 41 00
  ..A...A...A..... 00 10 41 00 00 10 41 00 00 10 41 00 00 00 00 00
  ................ 00 00 00 00 00 00 00 00 00 00 00 ff 00 00 00 02
  ...              00 00 00
000834-000841 StringBlock "expand"
000842-000907 DataBlock
  .........C..^C.. 01 00 02 00 00 00 00 00 fa 43 00 00 5e 43 99 01
  ..B............. 00 00 42 00 00 00 ff ff ff ff 00 00 00 00 00 00
  ................ 00 00 00 00 00 00 00 00 00 00 00 00 00 00 ff ff
  ................ ff ff ff ff ff ff 00 00 00 00 00 00 00 00 00 00
  .?               80 3f
000908-000915 StringBlock "Linear"
000916-000923 DataBlock
  .....Y..         02 00 00 00 80 59 ee 19
000924-000933 StringBlock "fade_out"
000934-000941 DataBlock
  ........         00 00 00 00 c0 e5 0b 1b
000942-000950 StringBlock "fade_in"
000951-001015 DataBlock
  ........C..^C... 00 00 00 00 00 00 00 fa 43 00 00 5e 43 99 01 00
  .B.............. 00 42 00 00 00 ff ff ff ff 00 00 00 00 00 00 00
  ................ 00 00 00 00 00 00 00 00 00 00 00 00 00 ff ff ff
  ................ ff ff ff ff ff 90 01 00 00 04 00 00 00 00 00 80
  ?                3f
001016-001023 StringBlock "Linear"
001024-001030 DataBlock
  .......          00 00 00 00 00 00 00
001031-001039 StringBlock "fade_in"
001040-001105 DataBlock
  .........C..^C>. 01 00 02 00 00 00 00 00 fa 43 00 00 5e 43 3e 01
  ..B............. 00 00 42 00 00 00 ff ff ff 00 00 00 00 00 00 00
  ................ 00 00 00 00 00 00 00 00 00 00 00 00 00 00 ff ff
  ..........@..... ff ff ff ff ff ff 00 00 00 00 40 00 00 00 00 00
  .?               80 3f
001106-001113 StringBlock "Linear"
001114-001178 DataBlock
  ........C..^C>.. 00 00 00 00 00 00 00 fa 43 00 00 5e 43 3e 01 00
  .B.............. 00 42 00 00 00 ff ff ff ff 00 00 00 00 00 00 00
  ................ 00 00 00 00 00 00 00 00 00 00 00 00 00 ff ff ff
  .........@...... ff ff ff ff ff f4 01 00 00 40 00 00 00 00 00 80
  ?                3f
001179-001186 StringBlock "Linear"
001187-001201 DataBlock
  ...........0.X.  00 00 00 00 00 00 00 03 00 00 00 30 88 58 0e
001202-001209 StringBlock "header"
001210-001252 DataBlock
  ................ 00 00 00 00 00 00 00 00 00 00 01 00 00 00 00 00
  ................ 01 00 00 00 00 01 00 00 00 00 02 00 00 00 00 00
  ........:g.      00 00 00 00 00 00 00 f0 3a 67 0f
001253-001318 ImageListBlock 1 elements:
  001257-001318 ImageBlock id=262253040 xsize=52 ysize=30 path="ui/skins/default/campaign_tooltip_header.png" unknown=0
001319-001379 DataBlock
  ..........4g...n 00 00 00 00 00 04 00 00 00 d0 34 67 0f 07 00 6e
  eutral.......... 65 75 74 72 61 6c ef 01 00 00 1f 00 00 00 00 00
  ................ 00 00 02 00 00 00 00 00 00 00 00 00 00 00 01 00
  .............    00 00 01 00 00 00 00 00 00 00 00 00 00
001380-001392 FontNameBlock "la_gioconda"
001393-001408 DataBlock
  ................ 0a 00 00 00 02 00 00 00 01 00 00 00 dd da fa ff
001409-001431 StringBlock "Default Font Category"
001432-001451 DataBlock
  ................ 00 00 00 00 00 00 00 00 00 00 00 00 00 00 00 00
  ....             00 00 00 00
001452-001462 T0Block "normal_t0"
001463-001478 DataBlock
  ................ 00 00 00 00 00 00 00 00 00 00 00 00 00 00 00 00
001479-001489 T0Block "normal_t0"
001490-001612 DataBlock
  ................ 00 00 00 00 00 00 00 00 00 00 00 00 00 00 00 00
  ................ 01 00 00 00 f0 a9 a1 0f 00 00 00 00 00 00 00 00
  ................ ef 01 00 00 1f 00 00 00 ff ff ff 80 00 00 00 00
  ................ 00 00 00 00 00 00 00 00 00 00 00 01 01 00 00 00
  ................ 00 00 00 00 00 00 00 00 00 00 00 00 00 00 00 00
  ................ 00 00 00 00 00 00 00 00 00 00 00 00 00 00 00 00
  . A...... A..... 00 20 41 00 00 00 00 00 00 20 41 00 00 00 00 00
  ........:g.      00 00 00 00 00 00 00 f0 3a 67 0f
001613-001620 StringBlock "player"
001621-001659 DataBlock
  ................ ef 01 00 00 1f 00 00 00 00 00 00 00 02 00 00 00
  ................ 04 00 00 00 00 00 00 00 01 00 00 00 01 00 00 00
  .......          00 00 00 00 00 00 00
001660-001672 FontNameBlock "la_gioconda"
001673-001688 DataBlock
  ................ 0a 00 00 00 02 00 00 00 01 00 00 00 dd da fa ff
001689-001711 StringBlock "Default Font Category"
001712-001731 DataBlock
  ................ 00 00 00 00 00 00 00 00 00 00 00 00 00 00 00 00
  ....             00 00 00 00
001732-001742 T0Block "normal_t0"
001743-001758 DataBlock
  ................ 00 00 00 00 00 00 00 00 00 00 00 00 00 00 00 00
001759-001769 T0Block "normal_t0"
001770-001892 DataBlock
  ................ 00 00 00 00 00 00 00 00 00 00 00 00 00 00 00 00
  ................ 01 00 00 00 f0 a9 a1 0f 00 00 00 00 00 00 00 00
  ........-....... ef 01 00 00 1f 00 00 00 2d c6 fe 80 00 00 00 00
  ................ 00 00 00 00 00 00 00 00 00 00 00 01 01 00 00 00
  ................ 00 00 00 00 00 00 00 00 00 00 00 00 00 00 00 00
  ............. A. 00 00 00 00 00 00 00 00 00 00 00 00 00 20 41 00
  . A.. A.. A..... 00 20 41 00 00 20 41 00 00 20 41 00 00 00 00 00
  ........8g.      00 00 00 00 00 00 00 e0 38 67 0f
001893-001900 StringBlock "shared"
001901-001939 DataBlock
  ................ ef 01 00 00 1f 00 00 00 00 00 00 00 02 00 00 00
  ................ 00 00 00 00 00 00 00 00 01 00 00 00 01 00 00 00
  .......          00 00 00 00 00 00 00
001940-001952 FontNameBlock "la_gioconda"
001953-001968 DataBlock
  ................ 0a 00 00 00 02 00 00 00 01 00 00 00 dd da fa ff
001969-001991 StringBlock "Default Font Category"
001992-002011 DataBlock
  ................ 00 00 00 00 00 00 00 00 00 00 00 00 00 00 00 00
  ....             00 00 00 00
002012-002022 T0Block "normal_t0"
002023-002038 DataBlock
  ................ 00 00 00 00 00 00 00 00 00 00 00 00 00 00 00 00
002039-002049 T0Block "normal_t0"
002050-002172 DataBlock
  ................ 00 00 00 00 00 00 00 00 00 00 00 00 00 00 00 00
  ................ 01 00 00 00 f0 a9 a1 0f 00 00 00 00 00 00 00 00
  ..........P..... ef 01 00 00 1f 00 00 00 e4 b0 50 80 00 00 00 00
  ................ 00 00 00 00 00 00 00 00 00 00 00 01 01 00 00 00
  ................ 00 00 00 00 00 00 00 00 00 00 00 00 00 00 00 00
  ............. A. 00 00 00 00 00 00 00 00 00 00 00 00 00 20 41 00
  . A.. A.. A..... 00 20 41 00 00 20 41 00 00 20 41 00 00 00 00 00
  .......0Kg.      00 00 00 00 00 00 00 30 4b 67 0f
002173-002179 StringBlock "enemy"
002180-002218 DataBlock
  ................ ef 01 00 00 1f 00 00 00 00 00 00 00 02 00 00 00
  ................ 00 00 00 00 00 00 00 00 01 00 00 00 01 00 00 00
  .......          00 00 00 00 00 00 00
002219-002231 FontNameBlock "la_gioconda"
002232-002247 DataBlock
  ................ 0a 00 00 00 02 00 00 00 01 00 00 00 dd da fa ff
002248-002270 StringBlock "Default Font Category"
002271-002290 DataBlock
  ................ 00 00 00 00 00 00 00 00 00 00 00 00 00 00 00 00
  ....             00 00 00 00
002291-002301 T0Block "normal_t0"
002302-002317 DataBlock
  ................ 00 00 00 00 00 00 00 00 00 00 00 00 00 00 00 00
002318-002328 T0Block "normal_t0"
002329-002467 DataBlock
  ................ 00 00 00 00 00 00 00 00 00 00 00 00 00 00 00 00
  ................ 01 00 00 00 f0 a9 a1 0f 00 00 00 00 00 00 00 00
  .........1...... ef 01 00 00 1f 00 00 00 18 31 c6 80 00 00 00 00
  ................ 00 00 00 00 00 00 00 00 00 00 00 01 01 00 00 00
  ................ 00 00 00 00 00 00 00 00 00 00 00 00 00 00 00 00
  ............. A. 00 00 00 00 00 00 00 00 00 00 00 00 00 20 41 00
  . A.. A.. A..... 00 20 41 00 00 20 41 00 00 20 41 00 00 00 00 00
  ................ 00 00 00 00 00 00 00 00 00 00 00 0a 00 00 00 00
  ...........      00 00 00 03 00 00 00 80 8d de 0e
002468-002483 StringBlock "tx_trade_route"
002484-002561 DataBlock
  .. ............. 00 00 20 00 00 00 02 00 00 00 01 00 00 00 00 00
  .............. . 01 00 00 00 00 01 00 00 00 00 04 00 00 00 20 00
  .......0.......P 00 00 02 00 00 00 00 30 84 93 0c 01 00 00 00 50
  .%...\.......... a8 25 0c 00 00 5c 00 00 00 1d 00 00 00 00 00 00
  ..........0...   00 00 00 00 00 00 01 00 00 00 30 84 93 0c
002562-002571 NewStateBlock "NewState"
002572-002579 DataBlock
  ........         11 01 00 00 1f 00 00 00
002580-002603 UnicodeBlock "Trade Route"
002604-002626 DataBlock
  ................ 00 00 02 00 00 00 04 00 00 00 00 00 00 00 02 00
  .......          00 00 01 00 00 00 01
002627-002684 UnicodeBlock "dy_left_NewState_Text_2d0012"
002685-002688 DataBlock
  ....             00 00 00 00
002689-002701 FontNameBlock "la_gioconda"
002702-002717 DataBlock
  ................ 0c 00 00 00 07 00 00 00 00 00 00 00 d7 f8 ff ff
002718-002726 StringBlock "fe_text"
002727-002746 DataBlock
  ................ 00 00 00 00 00 00 00 00 00 00 00 00 00 00 00 00
  ....             00 00 00 00
002747-002757 T0Block "normal_t0"
002758-002773 DataBlock
  ................ 00 00 00 00 00 00 00 00 00 00 00 00 00 00 00 00
002774-002784 T0Block "normal_t0"
002785-002938 DataBlock
  ................ 00 00 00 00 00 00 00 00 00 00 00 00 00 00 00 00
  ....P.%......... 01 00 00 00 50 a8 25 0c 00 00 00 00 00 00 00 00
  ................ 11 01 00 00 1f 00 00 00 ff ff ff 00 00 00 00 00
  ................ 00 00 00 00 00 00 00 00 00 00 00 01 01 00 00 00
  ................ 00 00 00 00 00 00 00 00 00 00 00 00 00 00 00 00
  ................ 00 00 00 00 00 00 00 00 00 00 00 00 00 00 00 00
  ................ 00 00 00 00 00 00 00 00 00 00 00 00 00 00 00 00
  ................ 00 00 00 00 00 00 00 00 00 00 00 0a 00 00 00 00
  ................ 00 00 00 00 00 00 00 00 00 00 00 00 00 00 00 00
  .......S..       00 00 00 00 00 00 80 53 c9 12
002939-002950 StringBlock "icon_trade"
002951-002993 DataBlock
  ................ 00 00 05 00 00 00 05 00 00 00 00 00 00 00 00 00
  ................ 01 00 00 00 00 01 00 00 00 00 04 00 00 00 05 00
  .......@3X.      00 00 02 00 00 00 00 40 33 58 19
002994-003060 ImageListBlock 1 elements:
  002998-003060 ImageBlock id=315151328 xsize=24 ysize=24 path="ui/skins/default/icon_trade_small_colored.png" unknown=0
003061-003122 DataBlock
  .........@3X...N 00 00 00 00 00 01 00 00 00 40 33 58 19 08 00 4e
  ewState......... 65 77 53 74 61 74 65 18 00 00 00 18 00 00 00 00
  ................ 00 00 00 02 00 00 00 00 00 00 00 00 00 00 00 01
  ..............   00 00 00 01 00 00 00 00 00 00 00 00 00 00
003123-003135 FontNameBlock "la_gioconda"
003136-003151 DataBlock
  ................ 0a 00 00 00 02 00 00 00 01 00 00 00 dd da fa ff
003152-003174 StringBlock "Default Font Category"
003175-003194 DataBlock
  ................ 00 00 00 00 00 00 00 00 00 00 00 00 00 00 00 00
  ....             00 00 00 00
003195-003205 T0Block "normal_t0"
003206-003221 DataBlock
  ................ 00 00 00 00 00 00 00 00 00 00 00 00 00 00 00 00
003222-003232 T0Block "normal_t0"
003233-003386 DataBlock
  ................ 00 00 00 00 00 00 00 00 00 00 00 00 00 00 00 00
  ................ 01 00 00 00 e0 d3 c8 12 00 00 00 00 00 00 00 00
  ................ 18 00 00 00 18 00 00 00 ff ff ff ff 00 00 00 00
  ................ 00 00 00 00 00 00 00 00 00 00 00 01 01 00 00 00
  ................ 00 00 00 00 00 00 00 00 00 00 00 00 00 00 00 00
  ................ 00 00 00 00 00 00 00 00 00 00 00 00 00 00 00 00
  ................ 00 00 00 00 00 00 00 00 00 00 00 00 00 00 00 00
  ................ 00 00 00 00 00 00 00 00 00 00 00 0a 00 00 00 00
  ................ 00 00 00 00 00 00 00 00 00 00 00 00 00 00 00 00
  ........p.       00 00 00 00 00 00 00 05 70 11
003387-003396 StringBlock "dy_right"
003397-003474 DataBlock
  ................ 00 00 d8 00 00 00 02 00 00 00 00 00 00 00 00 00
  ................ 01 00 00 00 00 01 00 00 00 00 06 00 00 00 fc ff
  ................ ff ff 02 00 00 00 00 d0 14 89 0d 01 00 00 00 e0
  .#...\.......... fe 23 11 00 00 5c 00 00 00 1d 00 00 00 00 00 00
  ..............   00 00 00 00 00 00 01 00 00 00 d0 14 89 0d
003475-003484 NewStateBlock "NewState"
003485-003492 DataBlock
  ........         13 01 00 00 1f 00 00 00
003493-003510 UnicodeBlock "(Shared)"
003511-003533 DataBlock
  ................ 00 00 03 00 00 00 04 00 00 00 00 00 00 00 02 00
  .......          00 00 01 00 00 00 00
003534-003593 UnicodeBlock "dy_right_NewState_Text_7e0056"
003594-003597 DataBlock
  ....             00 00 00 00
003598-003610 FontNameBlock "la_gioconda"
003611-003626 DataBlock
  ................ 0c 00 00 00 07 00 00 00 00 00 00 00 d7 f8 ff ff
003627-003635 StringBlock "fe_text"
003636-003655 DataBlock
  ................ 00 00 00 00 04 00 00 00 00 00 00 00 00 00 00 00
  ....             00 00 00 00
003656-003666 T0Block "normal_t0"
003667-003682 DataBlock
  ................ 00 00 00 00 00 00 00 00 00 00 00 00 00 00 00 00
003683-003693 T0Block "normal_t0"
003694-003862 DataBlock
  ................ 00 00 00 00 00 00 00 00 00 00 00 00 00 00 00 00
  ......#......... 01 00 00 00 e0 fe 23 11 00 00 00 00 00 00 00 00
  ................ 13 01 00 00 1f 00 00 00 ff ff ff 00 00 00 00 00
  ................ 00 00 00 00 00 00 00 00 00 00 00 01 01 00 00 00
  ................ 00 00 00 00 00 00 00 00 00 00 00 00 00 00 00 00
  ................ 00 00 00 00 00 00 00 00 00 00 00 00 00 00 00 00
  ................ 00 00 00 00 00 00 00 00 00 00 00 00 00 00 00 00
  ................ 00 00 00 00 00 00 00 00 00 00 00 0a 00 00 00 00
  ................ 00 00 00 00 00 00 00 00 00 00 00 00 00 00 00 00
  ................ 00 00 00 00 00 00 00 00 00 00 00 00 00 00 00 00
  ......Y..        00 00 00 00 00 80 59 ee 19
003863-003878 StringBlock "minimal_parent"
003879-003941 DataBlock
  ................ 00 00 00 00 00 00 00 00 00 00 00 00 00 00 00 00
  ................ 00 00 00 00 00 01 00 00 00 00 01 00 00 00 00 00
  ........]....... 00 00 00 00 00 00 00 00 5d ee 19 00 00 00 00 00
  ............]..  00 00 00 00 00 00 00 01 00 00 00 00 5d ee 19
003942-003951 NewStateBlock "NewState"
003952-003990 DataBlock
   ...L........... 20 01 00 00 4c 00 00 00 00 00 00 00 02 00 00 00
  ................ 00 00 00 00 00 00 00 00 01 00 00 00 01 00 00 00
  .......          00 00 00 00 00 00 00
003991-004003 FontNameBlock "la_gioconda"
004004-004019 DataBlock
  ................ 0a 00 00 00 02 00 00 00 01 00 00 00 dd da fa ff
004020-004042 StringBlock "Default Font Category"
004043-004062 DataBlock
  ................ 00 00 00 00 00 00 00 00 00 00 00 00 00 00 00 00
  ....             00 00 00 00
004063-004073 T0Block "normal_t0"
004074-004089 DataBlock
  ................ 00 00 00 00 00 00 00 00 00 00 00 00 00 00 00 00
004090-004100 T0Block "normal_t0"
004101-004144 DataBlock
  ................ 00 00 00 00 00 00 00 00 00 00 00 00 00 00 00 00
  ................ 00 00 00 00 00 00 00 00 00 00 00 00 00 00 00 00
  ............     00 00 00 00 ff 00 00 00 01 00 00 00
004145-004154 StringBlock "fade_out"
004155-004220 DataBlock
  .............. . 01 00 01 00 00 00 00 00 00 00 00 00 00 00 20 01
  ..L............. 00 00 4c 00 00 00 ff ff ff 00 00 00 00 00 00 00
  ................ 00 00 00 00 00 00 00 00 00 00 00 00 00 00 ff ff
  ......,...@..... ff ff ff ff ff ff 2c 01 00 00 40 00 00 00 00 00
  .?               80 3f
004221-004228 StringBlock "Linear"
004229-004240 DataBlock
  .....Y......     01 00 00 00 80 59 ee 19 00 00 00 00
004241-004258 StringBlock "Visibility false"
004259-004269 DataBlock
  .......`b..      00 00 00 02 00 00 00 60 62 ee 19
004270-004283 StringBlock "faction_list"
004284-004346 DataBlock
  ......"......... 00 00 08 00 00 00 22 00 00 00 00 00 00 00 00 00
  ................ 01 01 00 00 00 01 00 00 00 00 01 00 00 00 08 00
  ..".....f....... 00 00 22 00 00 00 00 a0 66 ee 19 00 00 00 00 00
  ............f..  00 00 00 00 00 00 00 01 00 00 00 a0 66 ee 19
004347-004356 NewStateBlock "NewState"
004357-004395 DataBlock
  ................ 18 01 00 00 1a 00 00 00 00 00 00 00 02 00 00 00
  ................ 00 00 00 00 00 00 00 00 01 00 00 00 01 00 00 00
  .......          00 00 00 00 00 00 00
004396-004408 FontNameBlock "la_gioconda"
004409-004424 DataBlock
  ................ 0a 00 00 00 02 00 00 00 01 00 00 00 dd da fa ff
004425-004447 StringBlock "Default Font Category"
004448-004467 DataBlock
  ................ 00 00 00 00 00 00 00 00 00 00 00 00 00 00 00 00
  ....             00 00 00 00
004468-004478 T0Block "normal_t0"
004479-004494 DataBlock
  ................ 00 00 00 00 00 00 00 00 00 00 00 00 00 00 00 00
004495-004505 T0Block "normal_t0"
004506-004557 DataBlock
  ................ 00 00 00 00 00 00 00 00 00 00 00 00 00 00 00 00
  ................ 00 00 00 00 00 00 00 00 00 00 00 00 00 00 00 00
  ................ 00 00 00 00 00 00 00 00 00 00 00 00 01 00 00 00
  ....             e0 9b ee 19
004558-004580 StringBlock "template_faction_icon"
004581-004623 DataBlock
  ................ 00 00 00 00 00 00 00 00 00 00 00 00 00 00 00 00
  ................ 01 00 00 00 00 01 00 00 00 00 04 00 00 00 0a 00
  ...........      00 00 00 00 00 00 00 c0 a2 ee 19
004624-004672 ImageListBlock 1 elements:
  004628-004672 ImageBlock id=435069440 xsize=24 ysize=24 path="ui/skins/default/mon_24.png" unknown=0
004673-004734 DataBlock
  ...............N 00 00 00 00 00 01 00 00 00 c0 a2 ee 19 08 00 4e
  ewState......... 65 77 53 74 61 74 65 18 00 00 00 18 00 00 00 00
  ................ 00 00 00 02 00 00 00 00 00 00 00 00 00 00 00 01
  ..............   00 00 00 01 00 00 00 00 00 00 00 00 00 00
004735-004747 FontNameBlock "la_gioconda"
004748-004763 DataBlock
  ................ 0a 00 00 00 02 00 00 00 01 00 00 00 dd da fa ff
004764-004786 StringBlock "Default Font Category"
004787-004806 DataBlock
  ................ 00 00 00 00 00 00 00 00 00 00 00 00 00 00 00 00
  ....             00 00 00 00
004807-004817 T0Block "normal_t0"
004818-004833 DataBlock
  ................ 00 00 00 00 00 00 00 00 00 00 00 00 00 00 00 00
004834-004844 T0Block "normal_t0"
004845-004995 DataBlock
  ................ 00 00 00 00 00 00 00 00 00 00 00 00 00 00 00 00
  ................ 01 00 00 00 00 a2 ee 19 00 00 00 00 00 00 00 00
  ................ 18 00 00 00 18 00 00 00 ff ff ff ff 00 00 00 00
  ................ 00 00 00 00 00 00 00 00 00 00 00 01 01 00 00 00
  ................ 00 00 00 00 00 00 00 00 00 00 00 00 00 00 00 00
  ................ 00 00 00 00 00 00 00 00 00 00 00 00 00 00 00 00
  ................ 00 00 00 00 00 00 00 00 00 00 00 00 00 00 00 00
  ................ 00 00 00 00 00 00 00 00 00 00 00 ff 00 00 00 00
  ................ 00 00 00 00 00 00 00 00 00 00 00 00 00 00 00 00
  .......          00 00 00 00 00 00 01
004996-005011 StringBlock "HorizontalList"
005012-005052 DataBlock
  ................ 00 00 00 00 04 00 00 00 00 00 00 00 00 01 00 00
  ................ 00 00 00 00 00 00 00 00 00 00 00 00 00 00 00 00
  ..... ...        00 00 00 00 00 20 f5 82 1d
005053-005065 StringBlock "icon_expand"
005066-005108 DataBlock
  ......4......... 00 00 09 01 00 00 34 00 00 00 00 00 00 00 00 00
  ................ 01 00 00 00 00 01 00 00 00 00 09 00 00 00 fd ff
  ...........      ff ff fc ff ff ff 00 c0 9c 05 11
005109-005166 ImageListBlock 1 elements:
  005113-005166 ImageBlock id=273509504 xsize=20 ysize=20 path="ui/skins/default/icon_plus_small.png" unknown=0
005167-005228 DataBlock
  ...............N 00 00 00 00 00 01 00 00 00 c0 9c 05 11 08 00 4e
  ewState......... 65 77 53 74 61 74 65 14 00 00 00 14 00 00 00 00
  ................ 00 00 00 02 00 00 00 00 00 00 00 00 00 00 00 01
  ..............   00 00 00 01 00 00 00 00 00 00 00 00 00 00
005229-005241 FontNameBlock "la_gioconda"
005242-005257 DataBlock
  ................ 0a 00 00 00 02 00 00 00 01 00 00 00 dd da fa ff
005258-005280 StringBlock "Default Font Category"
005281-005300 DataBlock
  ................ 00 00 00 00 00 00 00 00 00 00 00 00 00 00 00 00
  ....             00 00 00 00
005301-005311 T0Block "normal_t0"
005312-005327 DataBlock
  ................ 00 00 00 00 00 00 00 00 00 00 00 00 00 00 00 00
005328-005338 T0Block "normal_t0"
005339-005474 DataBlock
  ................ 00 00 00 00 00 00 00 00 00 00 00 00 00 00 00 00
  .....lM......... 01 00 00 00 80 6c 4d 10 00 00 00 00 00 00 00 00
  ................ 14 00 00 00 14 00 00 00 ff ff ff ff 00 00 00 00
  ................ 00 00 00 00 00 00 00 00 00 00 00 01 01 00 00 00
  ................ 00 00 00 00 00 00 00 00 00 00 00 00 00 00 00 00
  ................ 00 00 00 00 00 00 00 00 00 00 00 00 00 00 00 00
  ................ 00 00 00 00 00 00 00 00 00 00 00 00 00 00 00 00
  ................ 00 00 00 00 00 00 00 00 00 00 00 00 00 00 00 00
  ........         00 00 00 00 00 00 00 00
005475-005503 StringBlock "grp_gw_generic_button_small"
005504-005534 DataBlock
  ................ 00 00 00 00 00 00 00 00 00 00 00 00 00 00 00 00
  ...............  00 00 00 00 00 00 00 00 01 00 00 c0 e5 0b 1b
005535-005551 StringBlock "expanded_parent"
005552-005614 DataBlock
  ................ 00 00 00 00 00 00 00 00 00 00 01 01 00 00 00 00
  ................ 01 00 00 00 00 01 00 00 00 00 01 00 00 00 00 00
  ....... ........ 00 00 00 00 00 00 00 20 e9 0b 1b 00 00 00 00 00
  ........... ...  00 00 00 00 00 00 00 01 00 00 00 20 e9 0b 1b
005615-005624 NewStateBlock "NewState"
005625-005663 DataBlock
  ................ ef 01 00 00 8a 00 00 00 00 00 00 00 02 00 00 00
  ................ 00 00 00 00 00 00 00 00 01 00 00 00 01 00 00 00
  .......          00 00 00 00 00 00 00
005664-005676 FontNameBlock "la_gioconda"
005677-005692 DataBlock
  ................ 0a 00 00 00 02 00 00 00 01 00 00 00 dd da fa ff
005693-005715 StringBlock "Default Font Category"
005716-005735 DataBlock
  ................ 00 00 00 00 00 00 00 00 00 00 00 00 00 00 00 00
  ....             00 00 00 00
005736-005746 T0Block "normal_t0"
005747-005762 DataBlock
  ................ 00 00 00 00 00 00 00 00 00 00 00 00 00 00 00 00
005763-005773 T0Block "normal_t0"
005774-005817 DataBlock
  ................ 00 00 00 00 00 00 00 00 00 00 00 00 00 00 00 00
  ................ 00 00 00 00 00 00 00 00 00 00 00 00 00 00 00 00
  ............     00 00 00 00 ff 00 00 00 01 00 00 00
005818-005826 StringBlock "fade_in"
005827-005892 DataBlock
  ................ 01 00 02 00 00 00 00 00 00 00 00 00 00 00 99 01
  ..B............. 00 00 42 00 00 00 ff ff ff 00 00 00 00 00 00 00
  ................ 00 00 00 00 00 00 00 00 00 00 00 00 00 00 ff ff
  ..........@..... ff ff ff ff ff ff 00 00 00 00 40 00 00 00 00 00
  .?               80 3f
005893-005900 StringBlock "Linear"
005901-005912 DataBlock
  ............     01 00 00 00 c0 e5 0b 1b 00 00 00 00
005913-005929 StringBlock "Visibility true"
005930-005990 DataBlock
  .............B.. 00 00 00 00 00 00 00 00 00 99 01 00 00 42 00 00
  ................ 00 ff ff ff ff 00 00 00 00 00 00 00 00 00 00 00
  ................ 00 00 00 00 00 00 00 00 00 ff ff ff ff ff ff ff
  .,...@......?    ff 2c 01 00 00 40 00 00 00 00 00 80 3f
005991-005998 StringBlock "Linear"
005999-006013 DataBlock
  ............X..  00 00 00 00 00 00 00 05 00 00 00 e0 58 89 11
006014-006023 StringBlock "list_top"
006024-006086 DataBlock
  ......c......... 00 00 0d 00 00 00 63 00 00 00 01 00 00 00 00 00
  ................ 01 00 00 00 00 01 00 00 00 00 02 00 00 00 00 00
  ..c............. 00 00 63 00 00 00 00 80 8c d7 1d 00 00 00 00 00
  ...............  00 00 00 00 00 00 00 01 00 00 00 80 8c d7 1d
006087-006096 NewStateBlock "NewState"
006097-006135 DataBlock
  ................ d4 01 00 00 17 00 00 00 00 00 00 00 02 00 00 00
  ................ 00 00 00 00 00 00 00 00 01 00 00 00 01 00 00 00
  .......          00 00 00 00 00 00 00
006136-006148 FontNameBlock "la_gioconda"
006149-006164 DataBlock
  ................ 0a 00 00 00 02 00 00 00 01 00 00 00 dd da fa ff
006165-006187 StringBlock "Default Font Category"
006188-006207 DataBlock
  ................ 00 00 00 00 00 00 00 00 00 00 00 00 00 00 00 00
  ....             00 00 00 00
006208-006218 T0Block "normal_t0"
006219-006234 DataBlock
  ................ 00 00 00 00 00 00 00 00 00 00 00 00 00 00 00 00
006235-006245 T0Block "normal_t0"
006246-006297 DataBlock
  ................ 00 00 00 00 00 00 00 00 00 00 00 00 00 00 00 00
  ................ 00 00 00 00 00 00 00 00 00 00 00 00 00 00 00 00
  ................ 00 00 00 00 ff 00 00 00 00 00 00 00 05 00 00 00
  .]..             e0 5d 89 11
006298-006306 StringBlock "tx_clan"
006307-006369 DataBlock
  ................ 00 00 03 00 00 00 00 00 00 00 00 00 00 00 00 00
  ................ 01 00 00 00 00 01 00 00 00 00 04 00 00 00 03 00
  .......`........ 00 00 00 00 00 00 00 60 8e d7 1d 00 00 00 00 00
  ...........`...  00 00 00 00 00 00 00 01 00 00 00 60 8e d7 1d
006370-006379 NewStateBlock "NewState"
006380-006387 DataBlock
  P.......         50 00 00 00 18 00 00 00
006388-006403 UnicodeBlock "Faction"
006404-006426 DataBlock
  ................ 00 00 02 00 00 00 04 00 00 00 00 00 00 00 02 00
  .......          00 00 01 00 00 00 01
006427-006480 UnicodeBlock "button_clan_Tooltip_7a0022"
006481-006484 DataBlock
  ....             00 00 00 00
006485-006497 FontNameBlock "la_gioconda"
006498-006513 DataBlock
  ................ 0c 00 00 00 07 00 00 00 00 00 00 00 d7 f8 ff ff
006514-006530 StringBlock "fe_tooltip_text"
006531-006550 DataBlock
  ................ 08 00 00 00 00 00 00 00 00 00 00 00 00 00 00 00
  ....             00 00 00 00
006551-006561 T0Block "normal_t0"
006562-006577 DataBlock
  ................ 00 00 00 00 00 00 00 00 00 00 00 00 00 00 00 00
006578-006588 T0Block "normal_t0"
006589-006655 DataBlock
  ................ 00 00 00 00 00 00 00 00 00 00 00 00 00 00 00 00
  ................ 00 00 00 00 00 00 00 00 00 00 00 00 00 00 00 00
  ................ 00 00 00 00 ff 00 00 00 00 00 00 00 00 00 00 00
  ................ 00 00 00 00 00 00 00 00 00 00 00 00 00 00 00 c0
  I..              49 89 11
006656-006670 StringBlock "header_income"
006671-006713 DataBlock
  ..w............. 00 00 77 00 00 00 07 00 00 00 00 00 00 00 00 00
  ................ 01 00 00 00 00 01 00 00 00 00 03 00 00 00 b5 fe
  ...........      ff ff 07 00 00 00 00 e0 84 d7 1d
006714-006770 ImageListBlock 1 elements:
  006718-006770 ImageBlock id=207910688 xsize=18 ysize=14 path="ui/skins/default/fe_income_icon.png" unknown=0
006771-006832 DataBlock
  ...............N 00 00 00 00 00 01 00 00 00 e0 84 d7 1d 08 00 4e
  ewState......... 65 77 53 74 61 74 65 12 00 00 00 0e 00 00 00 00
  ................ 00 00 00 02 00 00 00 00 00 00 00 00 00 00 00 01
  ..............   00 00 00 01 00 00 00 00 00 00 00 00 00 00
006833-006845 FontNameBlock "la_gioconda"
006846-006861 DataBlock
  ................ 0a 00 00 00 02 00 00 00 01 00 00 00 dd da fa ff
006862-006884 StringBlock "Default Font Category"
006885-006904 DataBlock
  ................ 00 00 00 00 00 00 00 00 00 00 00 00 00 00 00 00
  ....             00 00 00 00
006905-006915 T0Block "normal_t0"
006916-006931 DataBlock
  ................ 00 00 00 00 00 00 00 00 00 00 00 00 00 00 00 00
006932-006942 T0Block "normal_t0"
006943-007096 DataBlock
  ................ 00 00 00 00 00 00 00 00 00 00 00 00 00 00 00 00
  .... wd......... 01 00 00 00 20 77 64 0c 00 00 00 00 00 00 00 00
  ................ 12 00 00 00 0e 00 00 00 ff ff ff ff 00 00 00 00
  ................ 00 00 00 00 00 00 00 00 00 00 00 01 01 00 00 00
  ................ 00 00 00 00 00 00 00 00 00 00 00 00 00 00 00 00
  ................ 00 00 00 00 00 00 00 00 00 00 00 00 00 00 00 00
  ................ 00 00 00 00 00 00 00 00 00 00 00 00 00 00 00 00
  ................ 00 00 00 00 00 00 00 00 00 00 00 ff 00 00 00 00
  ................ 00 00 00 00 00 00 00 00 00 00 00 00 00 00 00 00
  .......h..       00 00 00 00 00 00 00 68 89 11
007097-007111 StringBlock "header_import"
007112-007154 DataBlock
  ................ 00 00 c6 00 00 00 05 00 00 00 00 00 00 00 00 00
  ................ 01 00 00 00 00 01 00 00 00 00 03 00 00 00 03 ff
  ....... ...      ff ff 05 00 00 00 00 20 92 d7 1d
007155-007215 ImageListBlock 1 elements:
  007159-007215 ImageBlock id=414476800 xsize=20 ysize=18 path="ui/skins/default/resource_importing.png" unknown=0
007216-007277 DataBlock
  ......... .....N 00 00 00 00 00 01 00 00 00 20 92 d7 1d 08 00 4e
  ewState......... 65 77 53 74 61 74 65 11 00 00 00 12 00 00 00 00
  ................ 00 00 00 02 00 00 00 04 00 00 00 00 00 00 00 02
  ..............   00 00 00 01 00 00 00 00 00 00 00 00 00 00
007278-007290 FontNameBlock "la_gioconda"
007291-007306 DataBlock
  ................ 0c 00 00 00 07 00 00 00 00 00 00 00 d7 f8 ff ff
007307-007323 StringBlock "fe_tooltip_text"
007324-007343 DataBlock
  ................ 00 00 00 00 00 00 00 00 00 00 00 00 00 00 00 00
  ....             00 00 00 00
007344-007354 T0Block "normal_t0"
007355-007370 DataBlock
  ................ 00 00 00 00 00 00 00 00 00 00 00 00 00 00 00 00
007371-007381 T0Block "normal_t0"
007382-007535 DataBlock
  ................ 00 00 00 00 00 00 00 00 00 00 00 00 00 00 00 00
  .....j.......... 01 00 00 00 00 6a b4 18 00 00 00 00 00 00 00 00
  ................ 11 00 00 00 12 00 00 00 ff ff ff ff 00 00 00 01
  ................ 00 00 00 00 00 00 00 00 00 00 00 00 00 00 00 00
  ................ 00 00 00 00 00 00 00 00 00 00 00 00 00 00 00 00
  ................ 00 00 00 00 00 00 00 00 00 00 00 00 00 00 00 00
  ................ 00 00 00 00 00 00 00 00 00 00 00 00 00 00 00 00
  ................ 00 00 00 00 00 00 00 00 00 00 00 ff 00 00 00 00
  ................ 00 00 00 00 00 00 00 00 00 00 00 00 00 00 00 00
  ..........       00 00 00 00 00 00 d0 0a b3 0a
007536-007550 StringBlock "header_export"
007551-007593 DataBlock
  ..O............. 00 00 4f 01 00 00 05 00 00 00 00 00 00 00 00 00
  ................ 01 00 00 00 00 01 00 00 00 00 03 00 00 00 8c ff
  ........]..      ff ff 05 00 00 00 00 00 5d af 0a
007594-007654 ImageListBlock 1 elements:
  007598-007654 ImageBlock id=414363296 xsize=20 ysize=18 path="ui/skins/default/resource_exporting.png" unknown=0
007655-007716 DataBlock
  ..........]....N 00 00 00 00 00 01 00 00 00 00 5d af 0a 08 00 4e
  ewState......... 65 77 53 74 61 74 65 11 00 00 00 12 00 00 00 00
  ................ 00 00 00 02 00 00 00 04 00 00 00 00 00 00 00 02
  ..............   00 00 00 01 00 00 00 00 00 00 00 00 00 00
007717-007729 FontNameBlock "la_gioconda"
007730-007745 DataBlock
  ................ 0c 00 00 00 07 00 00 00 00 00 00 00 d7 f8 ff ff
007746-007762 StringBlock "fe_tooltip_text"
007763-007782 DataBlock
  ................ 00 00 00 00 00 00 00 00 00 00 00 00 00 00 00 00
  ....             00 00 00 00
007783-007793 T0Block "normal_t0"
007794-007809 DataBlock
  ................ 00 00 00 00 00 00 00 00 00 00 00 00 00 00 00 00
007810-007820 T0Block "normal_t0"
007821-007974 DataBlock
  ................ 00 00 00 00 00 00 00 00 00 00 00 00 00 00 00 00
  ................ 01 00 00 00 a0 ae b2 18 00 00 00 00 00 00 00 00
  ................ 11 00 00 00 12 00 00 00 ff ff ff ff 00 00 00 01
  ................ 00 00 00 00 00 00 00 00 00 00 00 00 00 00 00 00
  ................ 00 00 00 00 00 00 00 00 00 00 00 00 00 00 00 00
  ................ 00 00 00 00 00 00 00 00 00 00 00 00 00 00 00 00
  ................ 00 00 00 00 00 00 00 00 00 00 00 00 00 00 00 00
  ................ 00 00 00 00 00 00 00 00 00 00 00 ff 00 00 00 00
  ................ 00 00 00 00 00 00 00 00 00 00 00 00 00 00 00 00
  .......'..       00 00 00 00 00 00 00 27 a5 0a
007975-007987 StringBlock "tooltip_bar"
007988-008030 DataBlock
  ................ 00 00 fd ff ff ff 15 00 00 00 01 00 00 00 00 00
  ................ 01 00 00 00 00 01 00 00 00 00 08 00 00 00 00 00
  ........*..      00 00 0c 00 00 00 00 10 2a a5 0a
008031-008090 ImageListBlock 1 elements:
  008035-008090 ImageBlock id=181337984 xsize=72 ysize=14 path="ui/skins/default/tooltip_bar_small.png" unknown=0
008091-008152 DataBlock
  ..........*....N 00 00 00 00 00 01 00 00 00 10 2a a5 0a 08 00 4e
  ewState......... 65 77 53 74 61 74 65 db 01 00 00 0e 00 00 00 00
  ................ 00 00 00 02 00 00 00 00 00 00 00 00 00 00 00 01
  ..............   00 00 00 01 00 00 00 00 00 00 00 00 00 00
008153-008165 FontNameBlock "la_gioconda"
008166-008181 DataBlock
  ................ 0a 00 00 00 02 00 00 00 01 00 00 00 dd da fa ff
008182-008204 StringBlock "Default Font Category"
008205-008224 DataBlock
  ................ 00 00 00 00 00 00 00 00 00 00 00 00 00 00 00 00
  ....             01 00 00 00
008225-008235 T0Block "normal_t0"
008236-008251 DataBlock
  ................ 00 00 00 00 00 00 00 00 00 00 00 00 00 00 00 00
008252-008262 T0Block "normal_t0"
008263-008431 DataBlock
  ................ 00 00 00 00 00 00 00 00 00 00 00 00 00 00 00 00
  ................ 01 00 00 00 80 ff ce 0a 00 00 00 00 00 00 00 00
  ................ db 01 00 00 0e 00 00 00 ff ff ff ff 01 00 00 00
  ................ 00 00 00 00 00 00 00 00 00 00 00 01 01 00 00 00
  ................ 00 00 00 00 00 00 00 00 00 00 00 00 00 00 00 00
  ................ 00 00 00 00 00 00 00 00 00 00 00 00 00 00 00 00
  ..A.......A..... 00 a0 41 00 00 00 00 00 00 a0 41 00 00 00 00 00
  ................ 00 00 00 00 00 00 00 00 00 00 00 ff 00 00 00 00
  ................ 00 00 00 00 00 00 00 00 00 00 00 00 00 00 00 00
  ................ 00 00 00 00 00 00 00 00 00 00 00 00 00 00 00 00
  ......S..        00 00 00 00 00 e0 53 89 11
008432-008443 StringBlock "trade_list"
008444-008449 StringBlock "List"
008450-008510 DataBlock
  ................ 15 00 00 00 84 00 00 00 01 01 00 00 00 00 01 00
  ................ 00 00 00 01 00 00 00 00 02 00 00 00 00 00 00 00
  ................ 84 00 00 00 00 80 8a d7 1d 00 00 00 00 00 00 00
  .............    00 00 00 00 00 01 00 00 00 80 8a d7 1d
008511-008520 NewStateBlock "NewState"
008521-008559 DataBlock
  ....#........... c4 01 00 00 23 00 00 00 00 00 00 00 02 00 00 00
  ................ 00 00 00 00 00 00 00 00 01 00 00 00 01 00 00 00
  .......          00 00 00 00 00 00 00
008560-008572 FontNameBlock "la_gioconda"
008573-008588 DataBlock
  ................ 0a 00 00 00 02 00 00 00 01 00 00 00 dd da fa ff
008589-008611 StringBlock "Default Font Category"
008612-008631 DataBlock
  ................ 00 00 00 00 00 00 00 00 00 00 00 00 00 00 00 00
  ....             00 00 00 00
008632-008642 T0Block "normal_t0"
008643-008658 DataBlock
  ................ 00 00 00 00 00 00 00 00 00 00 00 00 00 00 00 00
008659-008669 T0Block "normal_t0"
008670-008718 DataBlock
  ................ 00 00 00 00 00 00 00 00 00 00 00 00 00 00 00 00
  ................ 00 00 00 00 00 00 00 00 00 00 00 00 00 00 00 00
  ................ 00 00 00 00 ff 00 00 00 00 00 00 00 00 00 00 00
  .                01
008719-008724 StringBlock "List"
008725-008769 DataBlock
  .......C........ 01 00 00 00 00 00 9f 43 00 00 00 00 00 00 00 00
  ................ 00 01 00 00 00 00 00 00 00 00 00 00 00 00 00 00
  ..........N..    00 00 00 00 00 00 01 00 00 c0 4e 89 11
008770-008791 StringBlock "template_trade_entry"
008792-008854 DataBlock
  ................ 00 00 15 00 00 00 84 00 00 00 01 01 00 00 00 00
  ................ 01 00 00 00 00 01 00 00 00 00 00 00 00 00 00 00
  ................ 00 00 00 00 00 00 00 00 00 00 00 00 00 00 00 00
  ...............  00 00 00 00 00 00 00 01 00 00 00 a0 88 d7 1d
008855-008864 NewStateBlock "NewState"
008865-008903 DataBlock
  ....#........... c4 01 00 00 23 00 00 00 00 00 00 00 02 00 00 00
  ................ 04 00 00 00 00 00 00 00 02 00 00 00 01 00 00 00
  .......          00 00 00 00 00 00 00
008904-008916 FontNameBlock "la_gioconda"
008917-008932 DataBlock
  ................ 0c 00 00 00 07 00 00 00 00 00 00 00 d7 f8 ff ff
008933-008949 StringBlock "fe_tooltip_text"
008950-008969 DataBlock
  ................ 08 00 00 00 00 00 00 00 04 00 00 00 00 00 00 00
  ....             00 00 00 00
008970-008980 T0Block "normal_t0"
008981-008996 DataBlock
  ................ 00 00 00 00 00 00 00 00 00 00 00 00 00 00 00 00
008997-009007 T0Block "normal_t0"
009008-009059 DataBlock
  ................ 00 00 00 00 00 00 00 00 00 00 00 00 00 00 00 00
  ................ 00 00 00 00 00 00 00 00 00 00 00 00 00 00 00 00
  ................ 00 00 00 00 ff 00 00 00 00 00 00 00 06 00 00 00
  ..O.             a0 0b 4f 0d
009060-009067 StringBlock "mon_dy"
009068-009110 DataBlock
  ................ 00 00 00 00 00 00 05 00 00 00 00 00 00 00 00 00
  ................ 01 00 00 00 00 01 00 00 00 00 01 00 00 00 00 00
  ....... ...      00 00 05 00 00 00 00 20 8c f6 10
009111-009159 ImageListBlock 1 elements:
  009115-009159 ImageBlock id=224200416 xsize=24 ysize=24 path="ui/skins/default/mon_24.png" unknown=0
009160-009221 DataBlock
  ......... .....N 00 00 00 00 00 01 00 00 00 20 8c f6 10 08 00 4e
  ewState......... 65 77 53 74 61 74 65 18 00 00 00 18 00 00 00 00
  ................ 00 00 00 02 00 00 00 00 00 00 00 00 00 00 00 01
  ..............   00 00 00 01 00 00 00 00 00 00 00 00 00 00
009222-009234 FontNameBlock "la_gioconda"
009235-009250 DataBlock
  ................ 0a 00 00 00 02 00 00 00 01 00 00 00 dd da fa ff
009251-009273 StringBlock "Default Font Category"
009274-009293 DataBlock
  ................ 00 00 00 00 00 00 00 00 00 00 00 00 00 00 00 00
  ....             00 00 00 00
009294-009304 T0Block "normal_t0"
009305-009320 DataBlock
  ................ 00 00 00 00 00 00 00 00 00 00 00 00 00 00 00 00
009321-009331 T0Block "normal_t0"
009332-009485 DataBlock
  ................ 00 00 00 00 00 00 00 00 00 00 00 00 00 00 00 00
  ......]......... 01 00 00 00 e0 06 5d 0d 00 00 00 00 00 00 00 00
  ................ 18 00 00 00 18 00 00 00 ff ff ff ff 00 00 00 00
  ................ 00 00 00 00 00 00 00 00 00 00 00 01 01 00 00 00
  ................ 00 00 00 00 00 00 00 00 00 00 00 00 00 00 00 00
  ................ 00 00 00 00 00 00 00 00 00 00 00 00 00 00 00 00
  ................ 00 00 00 00 00 00 00 00 00 00 00 00 00 00 00 00
  ................ 00 00 00 00 00 00 00 00 00 00 00 0a 00 00 00 00
  ................ 00 00 00 00 00 00 00 00 00 00 00 00 00 00 00 00
  .......:..       00 00 00 00 00 00 a0 3a 89 11
009486-009494 StringBlock "dy_clan"
009495-009557 DataBlock
  ................ 00 00 1b 00 00 00 04 00 00 00 01 00 00 00 00 00
  ................ 01 00 00 00 00 01 00 00 00 00 01 00 00 00 1b 00
  ................ 00 00 04 00 00 00 00 00 81 d7 1d 00 00 00 00 00
  ...............  00 00 00 00 00 00 00 01 00 00 00 00 81 d7 1d
009558-009567 NewStateBlock "NewState"
009568-009575 DataBlock
  T.......         54 00 00 00 1a 00 00 00
009576-009585 UnicodeBlock "Rome"
009586-009608 DataBlock
  ................ 00 00 02 00 00 00 04 00 00 00 00 00 00 00 02 00
  .......          00 00 01 00 00 00 00
009609-009664 UnicodeBlock "dy_clan_NewState_Text_a003f"
009665-009668 DataBlock
  ....             00 00 00 00
009669-009681 FontNameBlock "la_gioconda"
009682-009697 DataBlock
  ................ 0c 00 00 00 07 00 00 00 00 00 00 00 d7 f8 ff ff
009698-009714 StringBlock "fe_tooltip_text"
009715-009734 DataBlock
  ................ 00 00 00 00 00 00 00 00 00 00 00 00 00 00 00 00
  ....             00 00 00 00
009735-009745 T0Block "normal_t0"
009746-009761 DataBlock
  ................ 00 00 00 00 00 00 00 00 00 00 00 00 00 00 00 00
009762-009772 T0Block "normal_t0"
009773-009839 DataBlock
  ................ 00 00 00 00 00 00 00 00 00 00 00 00 00 00 00 00
  ................ 00 00 00 00 00 00 00 00 00 00 00 00 00 00 00 00
  ................ 00 00 00 00 ff 00 00 00 00 00 00 00 00 00 00 00
  ................ 00 00 00 00 00 00 00 00 00 00 00 00 00 00 00 c0
  D..              44 89 11
009840-009849 StringBlock "dy_value"
009850-009912 DataBlock
  ..v............. 00 00 76 00 00 00 04 00 00 00 00 00 00 00 00 00
  ................ 01 00 00 00 00 01 00 00 00 00 03 00 00 00 ee fe
  ................ ff ff 04 00 00 00 00 c0 86 d7 1d 00 00 00 00 00
  ...............  00 00 00 00 00 00 00 01 00 00 00 c0 86 d7 1d
009913-009922 NewStateBlock "NewState"
009923-009930 DataBlock
  <.......         3c 00 00 00 1a 00 00 00
009931-009940 UnicodeBlock "5000"
009941-009963 DataBlock
  ................ 00 00 02 00 00 00 04 00 00 00 00 00 00 00 02 00
  .......          00 00 01 00 00 00 00
009964-010013 UnicodeBlock "dy_value_NewState_Text_5"
010014-010017 DataBlock
  ....             00 00 00 00
010018-010030 FontNameBlock "la_gioconda"
010031-010046 DataBlock
  ................ 0c 00 00 00 07 00 00 00 00 00 00 00 d7 f8 ff ff
010047-010063 StringBlock "fe_tooltip_text"
010064-010083 DataBlock
  ................ 00 00 00 00 00 00 00 00 00 00 00 00 00 00 00 00
  ....             00 00 00 00
010084-010094 T0Block "normal_t0"
010095-010110 DataBlock
  ................ 00 00 00 00 00 00 00 00 00 00 00 00 00 00 00 00
010111-010121 T0Block "normal_t0"
010122-010188 DataBlock
  ................ 00 00 00 00 00 00 00 00 00 00 00 00 00 00 00 00
  ................ 00 00 00 00 00 00 00 00 00 00 00 00 00 00 00 00
  ................ 00 00 00 00 ff 00 00 00 00 00 00 00 00 00 00 00
  ................ 00 00 00 00 00 00 00 00 00 00 00 00 00 00 00 c0
  ?..              3f 89 11
010189-010203 StringBlock "import_parent"
010204-010266 DataBlock
  ................ 00 00 c0 00 00 00 05 00 00 00 00 00 00 00 00 00
  ..............y. 01 00 00 00 00 01 00 00 00 00 03 00 00 00 79 ff
  ................ ff ff 05 00 00 00 00 e0 82 d7 1d 00 00 00 00 00
  ...............  00 00 00 00 00 00 00 01 00 00 00 e0 82 d7 1d
010267-010276 NewStateBlock "NewState"
010277-010315 DataBlock
  }............... 7d 00 00 00 18 00 00 00 00 00 00 00 02 00 00 00
  ................ 00 00 00 00 00 00 00 00 01 00 00 00 01 00 00 00
  .......          00 00 00 00 00 00 00
010316-010328 FontNameBlock "la_gioconda"
010329-010344 DataBlock
  ................ 0a 00 00 00 02 00 00 00 01 00 00 00 dd da fa ff
010345-010367 StringBlock "Default Font Category"
010368-010387 DataBlock
  ................ 00 00 00 00 00 00 00 00 00 00 00 00 00 00 00 00
  ....             00 00 00 00
010388-010398 T0Block "normal_t0"
010399-010414 DataBlock
  ................ 00 00 00 00 00 00 00 00 00 00 00 00 00 00 00 00
010415-010425 T0Block "normal_t0"
010426-010474 DataBlock
  ................ 00 00 00 00 00 00 00 00 00 00 00 00 00 00 00 00
  ................ 00 00 00 00 00 00 00 00 00 00 00 00 00 00 00 00
  ................ 00 00 00 00 ff 00 00 00 00 00 00 00 00 00 00 00
  .                01
010475-010480 StringBlock "List"
010481-010525 DataBlock
  .......B........ 01 00 00 00 00 00 84 42 00 00 00 00 00 00 00 00
  ................ 00 05 00 00 00 00 00 00 00 00 00 00 00 00 00 00
  ......... 2..    00 00 00 00 00 00 00 00 00 20 32 af 0a
010526-010540 StringBlock "export_parent"
010541-010603 DataBlock
  ..G............. 00 00 47 01 00 00 05 00 00 00 00 00 00 00 00 00
  ................ 01 00 00 00 00 01 00 00 00 00 03 00 00 00 00 00
  ........?....... 00 00 05 00 00 00 00 c0 3f af 0a 00 00 00 00 00
  ............?..  00 00 00 00 00 00 00 01 00 00 00 c0 3f af 0a
010604-010613 NewStateBlock "NewState"
010614-010652 DataBlock
  }............... 7d 00 00 00 18 00 00 00 00 00 00 00 02 00 00 00
  ................ 00 00 00 00 00 00 00 00 01 00 00 00 01 00 00 00
  .......          00 00 00 00 00 00 00
010653-010665 FontNameBlock "la_gioconda"
010666-010681 DataBlock
  ................ 0a 00 00 00 02 00 00 00 01 00 00 00 dd da fa ff
010682-010704 StringBlock "Default Font Category"
010705-010724 DataBlock
  ................ 00 00 00 00 00 00 00 00 00 00 00 00 00 00 00 00
  ....             00 00 00 00
010725-010735 T0Block "normal_t0"
010736-010751 DataBlock
  ................ 00 00 00 00 00 00 00 00 00 00 00 00 00 00 00 00
010752-010762 T0Block "normal_t0"
010763-010811 DataBlock
  ................ 00 00 00 00 00 00 00 00 00 00 00 00 00 00 00 00
  ................ 00 00 00 00 00 00 00 00 00 00 00 00 00 00 00 00
  ................ 00 00 00 00 ff 00 00 00 00 00 00 00 00 00 00 00
  .                01
010812-010817 StringBlock "List"
010818-010862 DataBlock
  .......B........ 01 00 00 00 00 00 84 42 00 00 00 00 00 00 00 00
  ................ 00 05 00 00 00 00 00 00 00 00 00 00 00 00 00 00
  .........0+..    00 00 00 00 00 00 00 00 00 30 2b b0 0a
010863-010876 StringBlock "tx_blockaded"
010877-010939 DataBlock
  ................ 00 00 b9 00 00 00 04 00 00 00 00 00 00 00 00 00
  ................ 00 00 00 00 00 01 00 00 00 00 04 00 00 00 b9 00
  .........S...... 00 00 00 00 00 00 00 00 92 53 0a 00 00 00 00 00
  .............S.  00 00 00 00 00 00 00 01 00 00 00 00 92 53 0a
010940-010949 NewStateBlock "NewState"
010950-010957 DataBlock
  j.......         6a 00 00 00 1a 00 00 00
010958-010977 UnicodeBlock "Blockaded"
010978-011000 DataBlock
  ................ 00 00 02 00 00 00 04 00 00 00 00 00 00 00 02 00
  .......          00 00 01 00 00 00 01
011001-011066 UnicodeBlock "tx_blockaded_NewState_Text_b0046"
011067-011070 DataBlock
  ....             00 00 00 00
011071-011083 FontNameBlock "la_gioconda"
011084-011099 DataBlock
  ................ 0c 00 00 00 07 00 00 00 00 00 00 00 00 00 e6 ff
011100-011112 StringBlock "fe_text_red"
011113-011132 DataBlock
  ................ 00 00 00 00 00 00 00 00 00 00 00 00 00 00 00 00
  ....             00 00 00 00
011133-011143 T0Block "normal_t0"
011144-011159 DataBlock
  ................ 00 00 00 00 00 00 00 00 00 00 00 00 00 00 00 00
011160-011170 T0Block "normal_t0"
011171-011252 DataBlock
  ................ 00 00 00 00 00 00 00 00 00 00 00 00 00 00 00 00
  ................ 00 00 00 00 00 00 00 00 00 00 00 00 00 00 00 00
  ................ 00 00 00 00 ff 00 00 00 00 00 00 00 00 00 00 00
  ................ 00 00 00 00 00 00 00 00 00 00 00 00 00 00 00 00
  ..............P. 00 00 00 00 00 00 00 00 00 00 00 01 00 00 50 eb
  ..               b3 0c
011253-011276 StringBlock "template_resource_icon"
011277-011319 DataBlock
  ................ 00 00 a2 00 00 00 90 00 00 00 00 00 00 00 00 00
  ................ 01 00 00 00 00 01 00 00 00 00 00 00 00 00 00 00
  ...........      00 00 00 00 00 00 00 b0 ee b3 0c
011320-011380 ImageListBlock 1 elements:
  011324-011380 ImageBlock id=200316592 xsize=26 ysize=26 path="ui/campaign ui/skins/resource_stone.png" unknown=0
011381-011442 DataBlock
  ...............N 00 00 00 00 00 01 00 00 00 b0 ee b3 0c 08 00 4e
  ewState......... 65 77 53 74 61 74 65 18 00 00 00 18 00 00 00 00
  ................ 00 00 00 02 00 00 00 00 00 00 00 00 00 00 00 01
  ..............   00 00 00 01 00 00 00 00 00 00 00 00 00 00
011443-011455 FontNameBlock "la_gioconda"
011456-011471 DataBlock
  ................ 0a 00 00 00 02 00 00 00 01 00 00 00 dd da fa ff
011472-011494 StringBlock "Default Font Category"
011495-011514 DataBlock
  ................ 00 00 00 00 00 00 00 00 00 00 00 00 00 00 00 00
  ....             00 00 00 00
011515-011525 T0Block "normal_t0"
011526-011541 DataBlock
  ................ 00 00 00 00 00 00 00 00 00 00 00 00 00 00 00 00
011542-011552 T0Block "normal_t0"
011553-011706 DataBlock
  ................ 00 00 00 00 00 00 00 00 00 00 00 00 00 00 00 00
  ................ 01 00 00 00 b0 96 f0 0b 00 00 00 00 00 00 00 00
  ................ 18 00 00 00 18 00 00 00 ff ff ff ff 00 00 00 00
  ................ 00 00 00 00 00 00 00 00 00 00 00 01 01 00 00 00
  ................ 00 00 00 00 00 00 00 00 00 00 00 00 00 00 00 00
  ................ 00 00 00 00 00 00 00 00 00 00 00 00 00 00 00 00
  ................ 00 00 00 00 00 00 00 00 00 00 00 00 00 00 00 00
  ................ 00 00 00 00 00 00 00 00 00 00 00 ff 00 00 00 00
  ................ 00 00 00 00 00 00 00 00 00 00 00 00 00 00 00 00
  ........*.       00 00 00 00 00 00 90 b2 2a 0d
011707-011732 StringBlock "trade_routes_description"
011733-011795 DataBlock
  ......$......... 00 00 0c 00 00 00 24 00 00 00 01 01 00 00 00 00
  ................ 01 00 00 00 00 01 00 00 00 00 02 00 00 00 00 00
  ..$............. 00 00 24 00 00 00 00 00 10 ec 11 00 00 00 00 00
  ...............  00 00 00 00 00 00 00 01 00 00 00 00 10 ec 11
011796-011805 NewStateBlock "NewState"
011806-011813 DataBlock
  ....:...         d7 01 00 00 3a 00 00 00
011814-012021 UnicodeBlock "[[col:red]]Raiding this trade route will incur diplomatic penalties with any factions using it.[[/col]]"
012022-012044 DataBlock
  ................ 00 00 02 00 00 00 00 00 00 00 00 00 00 00 00 00
  .......          00 00 01 00 00 00 01
012045-012136 UnicodeBlock "trade_routes_description_NewState_Text_1c001b"
012137-012140 DataBlock
  ....             00 00 00 00
012141-012153 FontNameBlock "la_gioconda"
012154-012169 DataBlock
  ................ 0c 00 00 00 04 00 00 00 01 00 00 00 e0 ff ff ff
012170-012184 StringBlock "fe_text_tight"
012185-012204 DataBlock
  ................ 05 00 00 00 05 00 00 00 02 00 00 00 00 00 00 00
  ....             01 00 00 00
012205-012215 T0Block "normal_t0"
012216-012231 DataBlock
  ................ 00 00 00 00 00 00 00 00 00 00 00 00 00 00 00 00
012232-012242 T0Block "normal_t0"
012243-012350 DataBlock
  ................ 00 00 00 00 00 00 00 00 00 00 00 00 00 00 00 00
  ................ 00 00 00 00 00 00 00 00 00 00 00 00 00 00 00 00
  ................ 00 00 00 00 ff 00 00 00 00 00 00 00 00 00 00 00
  ................ 00 00 00 00 00 00 00 00 00 00 00 00 00 00 00 00
  ................ 00 00 00 00 00 00 00 00 00 00 00 01 00 00 00 00
  ................ 00 00 00 00 00 00 00 00 00 00 00 00 00 00 00 00
  ............     00 00 00 00 00 00 00 00 00 00 00 00
