000000-000009 VersionBlock 119
000010-000013 RootIDBlock 427196832
000014-000019 StringBlock "root"
000020-000097 DataBlock
  ................ 00 00 00 00 00 00 00 00 00 00 00 00 00 00 01 01
  ................ 00 00 00 00 01 00 00 00 00 01 00 00 00 00 00 00
  ........... .[.. 00 00 00 00 00 00 00 00 00 00 00 20 ab 5b 05 01
  ...@.|.......... 00 00 00 40 05 7c 19 00 00 a0 05 00 00 84 03 00
  .......... .[.   00 00 00 00 00 00 01 00 00 00 20 ab 5b 05
000098-000107 NewStateBlock "NewState"
000108-000111 XSizeBlock 1440
000112-000115 YSizeBlock 900
000116-000142 DataBlock
  ................ 00 00 00 00 02 00 00 00 00 00 00 00 00 00 00 00
  ...........      01 00 00 00 00 00 00 00 00 00 00
000143-000154 FontNameBlock "Norse-Bold"
000155-000170 DataBlock
  ................ 0a 00 00 00 02 00 00 00 00 00 00 00 dd da fa ff
000171-000193 StringBlock "Default Font Category"
000194-000213 DataBlock
  ................ 00 00 00 00 00 00 00 00 00 00 00 00 00 00 00 00
  ....             01 00 00 00
000214-000224 T0Block "normal_t0"
000225-000240 DataBlock
  ................ 00 00 00 00 00 00 00 00 00 00 00 00 00 00 00 00
000241-000251 T0Block "normal_t0"
000252-000406 DataBlock
  ................ 00 00 00 00 00 00 00 00 00 00 00 00 00 00 00 00
  ....@.|......... 01 00 00 00 40 05 7c 19 00 00 00 00 00 00 00 00
  ................ a0 05 00 00 84 03 00 00 f0 f0 f0 ff 00 00 00 00
  ................ 00 00 00 00 00 00 00 00 00 00 00 00 00 01 01 00
  ................ 00 00 00 00 00 00 00 00 00 00 00 00 00 00 00 00
  ......?......... 00 00 00 00 00 80 3f 00 00 00 00 00 00 00 00 00
  ................ 00 00 00 00 00 00 00 00 00 00 00 00 00 00 00 00
  ................ 00 00 00 00 00 00 00 00 00 00 00 00 00 00 00 00
  ................ 00 00 00 00 00 00 00 00 00 00 00 00 00 00 00 00
  .......@|]"      00 01 00 00 00 00 00 40 7c 5d 22
000407-000426 StringBlock "round_large_button"
000427-000432 DataBlock
  ......           00 00 01 00 00 00
000433-000440 StringBlock "Button"
000441-000489 DataBlock
  ........`....... 00 00 00 00 b4 02 00 00 60 01 00 00 00 00 00 00
  ................ 00 00 01 00 00 00 00 01 00 00 00 00 00 00 00 00
  ..........t..... 00 00 00 00 00 00 00 00 00 c0 74 0c 0a 0b 00 00
  .                00
000490-000546 ImageBlock id=142673088 xsize=80 ysize=80 path="ui\\skins\\default\\main_button_ring_a.png" unknown=2339282944
000547-000547 DataBlock
  .                09
000548-000588 ImagePathBlock "ui\\skins\\default\\main_button_ring_h.png"
000589-000597 DataBlock
  P...P....        50 00 00 00 50 00 00 00 00
000598-000656 ImageBlock id=140094864 xsize=80 ysize=80 path="ui\\skins\\default\\mainmenu_round_btn_a.png" unknown=2185482240
000657-000657 DataBlock
  .                08
000658-000700 ImagePathBlock "ui\\skins\\default\\mainmenu_round_btn_h.png"
000701-000709 DataBlock
  P...P....        50 00 00 00 50 00 00 00 00
000710-000766 ImageBlock id=141936400 xsize=80 ysize=80 path="ui\\skins\\default\\main_button_ring_d.png" unknown=1976172544
000767-000767 DataBlock
  .                08
000768-000808 ImagePathBlock "ui\\skins\\default\\main_button_ring_s.png"
000809-000817 DataBlock
  P...P....        50 00 00 00 50 00 00 00 00
000818-000876 ImageBlock id=141936208 xsize=80 ysize=80 path="ui\\skins\\default\\mainmenu_round_btn_d.png" unknown=1976750080
000877-000877 DataBlock
  .                08
000878-000920 ImagePathBlock "ui\\skins\\default\\mainmenu_round_btn_s.png"
000921-000929 DataBlock
  P...P....        50 00 00 00 50 00 00 00 00
000930-000995 ImageBlock id=626327196 xsize=80 ysize=80 path="ui\\skins\\default\\main_button_campaigns_ico_a.png" unknown=1135778816
000996-000996 DataBlock
  .                09
000997-001046 ImagePathBlock "ui\\skins\\default\\main_button_campaigns_ico_d.png"
001047-001055 DataBlock
  P...P....        50 00 00 00 50 00 00 00 00
001056-001121 ImageBlock id=155432884 xsize=80 ysize=80 path="ui\\skins\\default\\main_button_campaigns_ico_h.png" unknown=0
001122-001130 DataBlock
  ......t..        00 07 00 00 00 c0 74 0c 0a
001131-001138 StringBlock "active"
001139-001173 DataBlock
  ?...?........... 3f 00 00 00 3f 00 00 00 00 00 00 00 02 00 00 00
  ................ 00 00 00 00 00 00 00 00 01 00 00 00 00 00 00 00
  ...              00 00 00
001174-001186 FontNameBlock "la_gioconda"
001187-001202 DataBlock
  ................ 0c 00 00 00 01 00 00 00 00 00 00 00 00 00 00 ff
001203-001215 StringBlock "ingame_text"
001216-001235 DataBlock
  ................ 00 00 00 00 00 00 00 00 00 00 00 00 00 00 00 00
  ....             01 00 00 00
001236-001246 T0Block "normal_t0"
001247-001262 DataBlock
  ................ 00 00 00 00 00 00 00 00 00 00 00 00 00 00 00 00
001263-001273 T0Block "normal_t0"
001274-001293 DataBlock
  ................ 00 00 00 00 00 00 00 00 00 00 00 00 00 00 00 00
  ....             03 00 00 00
001294-001317 ImageUseBlock id=140094864 xofs=0 yofs=0 xsize=63 ysize=63 brga=4294967295
001318-001394 DataBlock
  ................ 00 00 00 00 00 00 00 00 00 00 00 00 00 00 00 00
  ................ 00 01 01 00 00 00 00 00 00 00 00 00 00 00 00 00
  ..........?..... 00 00 00 00 00 00 00 00 00 80 3f 00 00 00 00 00
  ................ 00 00 00 00 00 00 00 00 00 00 00 00 00 00 00 00
  .............    00 00 00 00 00 00 00 00 00 00 00 00 00
001395-001418 ImageUseBlock id=142673088 xofs=0 yofs=0 xsize=63 ysize=63 brga=4294967295
001419-001495 DataBlock
  ................ 00 00 00 00 00 00 00 00 00 00 00 00 00 00 00 00
  ................ 00 01 01 00 00 00 00 00 00 00 00 00 00 00 00 00
  ..........?..... 00 00 00 00 00 00 00 00 00 80 3f 00 00 00 00 00
  ................ 00 00 00 00 00 00 00 00 00 00 00 00 00 00 00 00
  .............    00 00 00 00 00 00 00 00 00 00 00 00 00
001496-001519 ImageUseBlock id=626327196 xofs=0 yofs=0 xsize=63 ysize=63 brga=4294967295
001520-001632 DataBlock
  ................ 00 00 00 00 00 00 00 00 00 00 00 00 00 00 00 00
  ................ 00 01 01 00 00 00 00 00 00 00 00 00 00 00 00 00
  ..........?..... 00 00 00 00 00 00 00 00 00 80 3f 00 00 00 00 00
  ................ 00 00 00 00 00 00 00 00 00 00 00 00 00 00 00 00
  ................ 00 00 00 00 00 00 00 00 00 00 00 00 00 14 00 00
  ..............] 00 18 00 00 00 01 00 00 00 00 00 00 00 80 7f 5d
  "....@........p+ 22 c8 00 00 00 40 00 00 00 00 00 00 00 d0 70 2b
  .                0a
001633-001638 StringBlock "down"
001639-001673 DataBlock
  ?...?........... 3f 00 00 00 3f 00 00 00 00 00 00 00 02 00 00 00
  ................ 00 00 00 00 00 00 00 00 01 00 00 00 00 00 00 00
  ...              00 00 00
001674-001686 FontNameBlock "la_gioconda"
001687-001702 DataBlock
  ................ 0c 00 00 00 01 00 00 00 00 00 00 00 00 00 00 ff
001703-001715 StringBlock "ingame_text"
001716-001735 DataBlock
  ................ 00 00 00 00 00 00 00 00 00 00 00 00 00 00 00 00
  ....             01 00 00 00
001736-001746 T0Block "normal_t0"
001747-001762 DataBlock
  ................ 00 00 00 00 00 00 00 00 00 00 00 00 00 00 00 00
001763-001773 T0Block "normal_t0"
001774-001793 DataBlock
  ...>............ 9a 99 99 3e 00 00 00 00 00 00 00 00 00 00 00 00
  ....             03 00 00 00
001794-001817 ImageUseBlock id=140094864 xofs=0 yofs=0 xsize=63 ysize=63 brga=4294967295
001818-001894 DataBlock
  ................ 00 00 00 00 00 00 00 00 00 00 00 00 00 00 00 00
  ................ 00 01 01 00 00 00 00 00 00 00 00 00 00 00 00 00
  ..........?..... 00 00 00 00 00 00 00 00 00 80 3f 00 00 00 00 00
  ................ 00 00 00 00 00 00 00 00 00 00 00 00 00 00 00 00
  .............    00 00 00 00 00 00 00 00 00 00 00 00 00
001895-001918 ImageUseBlock id=142673088 xofs=0 yofs=0 xsize=63 ysize=63 brga=4294967295
001919-001995 DataBlock
  ................ 00 00 00 00 00 00 00 00 00 00 00 00 00 00 00 00
  ................ 00 01 01 00 00 00 00 00 00 00 00 00 00 00 00 00
  ..........?..... 00 00 00 00 00 00 00 00 00 80 3f 00 00 00 00 00
  ................ 00 00 00 00 00 00 00 00 00 00 00 00 00 00 00 00
  .............    00 00 00 00 00 00 00 00 00 00 00 00 00
001996-002019 ImageUseBlock id=626327196 xofs=0 yofs=2 xsize=63 ysize=63 brga=4290822336
002020-002152 DataBlock
  ................ 00 00 00 00 00 00 00 00 00 00 00 00 00 00 00 00
  ................ 00 01 01 00 00 00 00 00 00 00 00 00 00 00 00 00
  ..........?..... 00 00 00 00 00 00 00 00 00 80 3f 00 00 00 00 00
  ................ 00 00 00 00 00 00 00 00 00 00 00 00 00 00 00 00
  ................ 00 00 00 00 00 00 00 00 00 00 00 00 00 91 00 00
  ..............] 00 db 00 00 00 02 00 00 00 03 00 00 00 80 7f 5d
  "............... 22 00 00 00 00 00 00 00 00 00 00 00 00 01 00 00
  ..u+............ 00 80 75 2b 0a 00 00 00 00 00 00 00 00 00 00 00
  ..u+.            00 80 75 2b 0a
002153-002162 StringBlock "down_off"
002163-002197 DataBlock
  ?...?........... 3f 00 00 00 3f 00 00 00 00 00 00 00 02 00 00 00
  ................ 00 00 00 00 00 00 00 00 01 00 00 00 00 00 00 00
  ...              00 00 00
002198-002210 FontNameBlock "la_gioconda"
002211-002226 DataBlock
  ................ 0c 00 00 00 01 00 00 00 00 00 00 00 00 00 00 ff
002227-002239 StringBlock "ingame_text"
002240-002259 DataBlock
  ................ 00 00 00 00 00 00 00 00 00 00 00 00 00 00 00 00
  ....             01 00 00 00
002260-002270 T0Block "normal_t0"
002271-002286 DataBlock
  ................ 00 00 00 00 00 00 00 00 00 00 00 00 00 00 00 00
002287-002297 T0Block "normal_t0"
002298-002317 DataBlock
  ................ 00 00 00 00 00 00 00 00 00 00 00 00 00 00 00 00
  ....             03 00 00 00
002318-002341 ImageUseBlock id=140094864 xofs=0 yofs=0 xsize=63 ysize=63 brga=4294967295
002342-002418 DataBlock
  ................ 00 00 00 00 00 00 00 00 00 00 00 00 00 00 00 00
  ................ 00 01 01 00 00 00 00 00 00 00 00 00 00 00 00 00
  ..........?..... 00 00 00 00 00 00 00 00 00 80 3f 00 00 00 00 00
  ................ 00 00 00 00 00 00 00 00 00 00 00 00 00 00 00 00
  .............    00 00 00 00 00 00 00 00 00 00 00 00 00
002419-002442 ImageUseBlock id=142673088 xofs=0 yofs=0 xsize=63 ysize=63 brga=4294967295
002443-002519 DataBlock
  ................ 00 00 00 00 00 00 00 00 00 00 00 00 00 00 00 00
  ................ 00 01 01 00 00 00 00 00 00 00 00 00 00 00 00 00
  ..........?..... 00 00 00 00 00 00 00 00 00 80 3f 00 00 00 00 00
  ................ 00 00 00 00 00 00 00 00 00 00 00 00 00 00 00 00
  .............    00 00 00 00 00 00 00 00 00 00 00 00 00
002520-002543 ImageUseBlock id=626327196 xofs=0 yofs=0 xsize=63 ysize=63 brga=4294967295
002544-002676 DataBlock
  ................ 00 00 00 00 00 00 00 00 00 00 00 00 00 00 00 00
  ................ 00 01 01 00 00 00 00 00 00 00 00 00 00 00 00 00
  ..........?..... 00 00 00 00 00 00 00 00 00 80 3f 00 00 00 00 00
  ................ 00 00 00 00 00 00 00 00 00 00 00 00 00 00 00 00
  ................ 00 00 00 00 00 00 00 00 00 00 00 00 00 1d 00 00
  .?............p+ 00 3f 01 00 00 02 00 00 00 00 00 00 00 d0 70 2b
  ................ 0a 00 00 00 00 00 00 00 00 00 00 00 00 08 00 00
  ..t............. 00 c0 74 0c 0a 00 00 00 00 00 00 00 00 00 00 00
  ..]"            00 80 7f 5d 22
002677-002683 StringBlock "hover"
002684-002718 DataBlock
  ?...?........... 3f 00 00 00 3f 00 00 00 00 00 00 00 02 00 00 00
  ................ 00 00 00 00 00 00 00 00 01 00 00 00 00 00 00 00
  ...              00 00 00
002719-002731 FontNameBlock "la_gioconda"
002732-002747 DataBlock
  ................ 0c 00 00 00 01 00 00 00 00 00 00 00 00 00 00 ff
002748-002760 StringBlock "ingame_text"
002761-002780 DataBlock
  ................ 00 00 00 00 00 00 00 00 00 00 00 00 00 00 00 00
  ....             01 00 00 00
002781-002791 T0Block "normal_t0"
002792-002807 DataBlock
  ................ 00 00 00 00 00 00 00 00 00 00 00 00 00 00 00 00
002808-002818 T0Block "normal_t0"
002819-003040 DataBlock
  ...>............ 9a 99 99 3e 00 00 00 00 00 00 00 00 00 00 00 00
  .....C.......... 03 00 00 00 d0 43 82 08 00 00 00 00 00 00 00 00
  ?...?........... 3f 00 00 00 3f 00 00 00 ff ff ff ff 00 00 00 00
  ................ 00 00 00 00 00 00 00 00 00 00 00 00 00 01 01 00
  ................ 00 00 00 00 00 00 00 00 00 00 00 00 00 00 00 00
  ......?......... 00 00 00 00 00 80 3f 00 00 00 00 00 00 00 00 00
  ................ 00 00 00 00 00 00 00 00 00 00 00 00 00 00 00 00
  ..........n..... 00 00 00 00 00 00 00 00 00 a0 6e 8b 09 00 00 00
  .....?...?...... 00 00 00 00 00 3f 00 00 00 3f 00 00 00 ff ff ff
  ................ ff 00 00 00 00 00 00 00 00 00 00 00 00 00 00 00
  ................ 00 00 01 01 00 00 00 00 00 00 00 00 00 00 00 00
  ...........?.... 00 00 00 00 00 00 00 00 00 00 80 3f 00 00 00 00
  ................ 00 00 00 00 00 00 00 00 00 00 00 00 00 00 00 00
  ..............   00 00 00 00 00 00 00 00 00 00 00 00 00 00
003041-003064 ImageUseBlock id=155432884 xofs=0 yofs=0 xsize=63 ysize=63 brga=4294967295
003065-003197 DataBlock
  ................ 00 00 00 00 00 00 00 00 00 00 00 00 00 00 00 00
  ................ 00 01 01 00 00 00 00 00 00 00 00 00 00 00 00 00
  ..........?..... 00 00 00 00 00 00 00 00 00 80 3f 00 00 00 00 00
  ................ 00 00 00 00 00 00 00 00 00 00 00 00 00 00 00 00
  ................ 00 00 00 00 00 00 00 00 00 00 00 00 00 89 00 00
  .~............t. 00 7e 00 00 00 02 00 00 00 01 00 00 00 c0 74 0c
  .....@.......... 0a c8 00 00 00 40 00 00 00 00 00 00 00 02 00 00
  ..p+............ 00 d0 70 2b 0a 00 00 00 00 00 00 00 00 00 00 00
  ....$            00 00 d3 1d 24
003198-003207 StringBlock "inactive"
003208-003242 DataBlock
  ?...?........... 3f 00 00 00 3f 00 00 00 00 00 00 00 02 00 00 00
  ................ 00 00 00 00 00 00 00 00 01 00 00 00 00 00 00 00
  ...              00 00 00
003243-003255 FontNameBlock "la_gioconda"
003256-003271 DataBlock
  ................ 0c 00 00 00 01 00 00 00 00 00 00 00 00 00 00 ff
003272-003284 StringBlock "ingame_text"
003285-003304 DataBlock
  ................ 00 00 00 00 00 00 00 00 00 00 00 00 00 00 00 00
  ....             01 01 00 00
003305-003315 T0Block "normal_t0"
003316-003331 DataBlock
  ................ 00 00 00 00 00 00 00 00 00 00 00 00 00 00 00 00
003332-003342 T0Block "normal_t0"
003343-003362 DataBlock
  ................ 00 00 00 00 00 00 00 00 00 00 00 00 00 00 00 00
  ....             03 00 00 00
003363-003386 ImageUseBlock id=141936208 xofs=0 yofs=0 xsize=63 ysize=63 brga=4294967295
003387-003463 DataBlock
  ................ 00 00 00 00 00 00 00 00 00 00 00 00 00 00 00 00
  ................ 00 01 01 00 00 00 00 00 00 00 00 00 00 00 00 00
  ..........?..... 00 00 00 00 00 00 00 00 00 80 3f 00 00 00 00 00
  ................ 00 00 00 00 00 00 00 00 00 00 00 00 00 00 00 00
  .............    00 00 00 00 00 00 00 00 00 00 00 00 00
003464-003487 ImageUseBlock id=141936400 xofs=0 yofs=0 xsize=63 ysize=63 brga=4294967295
003488-003681 DataBlock
  ................ 00 00 00 00 00 00 00 00 00 00 00 00 00 00 00 00
  ................ 00 01 01 00 00 00 00 00 00 00 00 00 00 00 00 00
  ..........?..... 00 00 00 00 00 00 00 00 00 80 3f 00 00 00 00 00
  ................ 00 00 00 00 00 00 00 00 00 00 00 00 00 00 00 00
  ...............C 00 00 00 00 00 00 00 00 00 00 00 00 00 9c b2 43
  .........?...?.. 09 00 00 00 00 00 00 00 00 3f 00 00 00 3f 00 00
  ................ 00 ff ff ff ff 00 00 00 00 00 00 00 00 00 00 00
  ................ 00 00 00 00 00 00 01 01 00 00 00 00 00 00 00 00
  ...............? 00 00 00 00 00 00 00 00 00 00 00 00 00 00 80 3f
  ................ 00 00 00 00 00 00 00 00 00 00 00 00 00 00 00 00
  ................ 00 00 00 00 00 00 00 00 00 00 00 00 00 00 00 00
  ..............P. 00 00 00 00 00 00 00 00 00 00 00 00 00 00 50 be
  u.               75 08
003682-003691 StringBlock "selected"
003692-003726 DataBlock
  ?...?........... 3f 00 00 00 3f 00 00 00 00 00 00 00 02 00 00 00
  ................ 00 00 00 00 00 00 00 00 02 00 00 00 00 00 00 00
  ...              00 00 00
003727-003738 FontNameBlock "Norse-Bold"
003739-003754 DataBlock
  ................ 0a 00 00 00 02 00 00 00 00 00 00 00 dd da fa ff
003755-003777 StringBlock "Default Font Category"
003778-003797 DataBlock
  ................ 00 00 00 00 00 00 00 00 00 00 00 00 00 00 00 00
  ....             01 00 00 00
003798-003808 T0Block "normal_t0"
003809-003824 DataBlock
  ................ 00 00 00 00 00 00 00 00 00 00 00 00 00 00 00 00
003825-003835 T0Block "normal_t0"
003836-004057 DataBlock
  ................ 00 00 00 00 00 00 00 00 00 00 00 00 00 00 00 00
  ......u......... 03 00 00 00 d0 d2 75 08 00 00 00 00 00 00 00 00
  ?...?........... 3f 00 00 00 3f 00 00 00 ff ff ff ff 00 00 00 00
  ................ 00 00 00 00 00 00 00 00 00 00 00 00 00 01 01 00
  ................ 00 00 00 00 00 00 00 00 00 00 00 00 00 00 00 00
  ......?......... 00 00 00 00 00 80 3f 00 00 00 00 00 00 00 00 00
  ................ 00 00 00 00 00 00 00 00 00 00 00 00 00 00 00 00
  ...........u.... 00 00 00 00 00 00 00 00 00 00 ca 75 08 00 00 00
  .....?...?...... 00 00 00 00 00 3f 00 00 00 3f 00 00 00 ff ff ff
  ................ ff 00 00 00 00 00 00 00 00 00 00 00 00 00 00 00
  ................ 00 00 01 01 00 00 00 00 00 00 00 00 00 00 00 00
  ...........?.... 00 00 00 00 00 00 00 00 00 00 80 3f 00 00 00 00
  ................ 00 00 00 00 00 00 00 00 00 00 00 00 00 00 00 00
  ..............   00 00 00 00 00 00 00 00 00 00 00 00 00 00
004058-004081 ImageUseBlock id=155432884 xofs=0 yofs=0 xsize=63 ysize=63 brga=4294967295
004082-004174 DataBlock
  ................ 00 00 00 00 00 00 00 00 00 00 00 00 00 00 00 00
  ................ 00 01 01 00 00 00 00 00 00 00 00 00 00 00 00 00
  ..........?..... 00 00 00 00 00 00 00 00 00 80 3f 00 00 00 00 00
  ................ 00 00 00 00 00 00 00 00 00 00 00 00 00 00 00 00
  ................ 00 00 00 00 00 00 00 00 00 00 00 00 00 00 00 00
  ...........u.    00 00 00 00 00 00 00 00 00 a0 c1 75 08
004175-004190 StringBlock "selected_hover"
004191-004225 DataBlock
  ?...?........... 3f 00 00 00 3f 00 00 00 00 00 00 00 02 00 00 00
  ................ 00 00 00 00 00 00 00 00 02 00 00 00 00 00 00 00
  ...              00 00 00
004226-004237 FontNameBlock "Norse-Bold"
004238-004253 DataBlock
  ................ 0a 00 00 00 02 00 00 00 00 00 00 00 dd da fa ff
004254-004276 StringBlock "Default Font Category"
004277-004296 DataBlock
  ................ 00 00 00 00 00 00 00 00 00 00 00 00 00 00 00 00
  ....             01 00 00 00
004297-004307 T0Block "normal_t0"
004308-004323 DataBlock
  ................ 00 00 00 00 00 00 00 00 00 00 00 00 00 00 00 00
004324-004334 T0Block "normal_t0"
004335-004556 DataBlock
  ................ 00 00 00 00 00 00 00 00 00 00 00 00 00 00 00 00
  ......u......... 03 00 00 00 d0 d2 75 08 00 00 00 00 00 00 00 00
  ?...?........... 3f 00 00 00 3f 00 00 00 ff ff ff ff 00 00 00 00
  ................ 00 00 00 00 00 00 00 00 00 00 00 00 00 01 01 00
  ................ 00 00 00 00 00 00 00 00 00 00 00 00 00 00 00 00
  ......?......... 00 00 00 00 00 80 3f 00 00 00 00 00 00 00 00 00
  ................ 00 00 00 00 00 00 00 00 00 00 00 00 00 00 00 00
  ...........u.... 00 00 00 00 00 00 00 00 00 00 ca 75 08 00 00 00
  .....?...?...... 00 00 00 00 00 3f 00 00 00 3f 00 00 00 ff ff ff
  ................ ff 00 00 00 00 00 00 00 00 00 00 00 00 00 00 00
  ................ 00 00 01 01 00 00 00 00 00 00 00 00 00 00 00 00
  ...........?.... 00 00 00 00 00 00 00 00 00 00 80 3f 00 00 00 00
  ................ 00 00 00 00 00 00 00 00 00 00 00 00 00 00 00 00
  ..............   00 00 00 00 00 00 00 00 00 00 00 00 00 00
004557-004580 ImageUseBlock id=155432884 xofs=0 yofs=0 xsize=63 ysize=63 brga=4294967295
004581-004673 DataBlock
  ................ 00 00 00 00 00 00 00 00 00 00 00 00 00 00 00 00
  ................ 00 01 01 00 00 00 00 00 00 00 00 00 00 00 00 00
  ..........?..... 00 00 00 00 00 00 00 00 00 80 3f 00 00 00 00 00
  ................ 00 00 00 00 00 00 00 00 00 00 00 00 00 00 00 00
  ................ 00 00 00 00 00 00 00 00 00 00 00 00 00 00 00 00
  .............    00 00 00 00 00 00 00 00 00 01 00 00 00
004674-004688 StringBlock "dynamic_image"
004689-004704 DataBlock
  ..0............. 01 00 30 00 00 00 00 00 00 00 00 00 00 00 00 00
004705-004735 StringBlock "UI_GBL_TMP_Round_Large_Button"
004736-004776 DataBlock
  ..........?..... 00 00 00 00 00 00 00 00 00 80 3f 00 00 00 00 00
  ................ 00 00 00 00 00 00 00 00 00 00 00 00 00 00 00 80
  ?........        3f 00 00 00 00 00 00 00 00
