000000-000009 VersionBlock 119
000010-000013 RootIDBlock 1384120960
000014-000019 StringBlock "root"
000020-000021 StringBlock ""
000022-000025 XOffsetBlock 0
000026-000029 YOffsetBlock 0
000030-000093 DataBlock
  ................ 00 00 00 00 01 01 00 00 00 00 01 00 00 00 00 01
  ................ 00 00 00 00 00 00 00 00 00 00 00 00 00 00 00 00
  ....:.......M..@ 00 c0 fc 13 3a 01 00 00 00 80 e0 d9 4d 00 00 40
  ................ 06 00 00 84 03 00 00 00 00 00 00 00 01 00 00 00
000094-000097 StateIDBlock 974388416
000098-000107 NewStateBlock "NewState"
000108-000111 XSizeBlock 1600
000112-000115 YSizeBlock 900
000116-000142 DataBlock
  ................ 00 00 00 00 02 00 00 00 00 00 00 00 00 00 00 00
  ...........      02 00 00 00 00 00 00 00 00 00 00
000143-000160 StringBlock "profile_offc_pro"
000161-000176 DataBlock
  ................ 0a 00 00 00 02 00 00 00 00 00 00 00 dd da fa ff
000177-000199 StringBlock "Default Font Category"
000200-000219 DataBlock
  ................ 00 00 00 00 00 00 00 00 00 00 00 00 00 00 00 00
  ....             01 00 00 00
000220-000230 ShaderNameBlock "normal_t0"
000231-000234 ShaderVariableBlock 0.0 (0)
000235-000238 ShaderVariableBlock 0.0 (0)
000239-000242 ShaderVariableBlock 0.0 (0)
000243-000246 ShaderVariableBlock 0.0 (0)
000247-000257 ShaderNameBlock "normal_t0"
000258-000261 ShaderVariableBlock 0.0 (0)
000262-000265 ShaderVariableBlock 0.0 (0)
000266-000269 ShaderVariableBlock 0.0 (0)
000270-000273 ShaderVariableBlock 0.0 (0)
000274-000412 DataBlock
  .......M........ 01 00 00 00 80 e0 d9 4d 00 00 00 00 00 00 00 00
  @............... 40 06 00 00 84 03 00 00 f0 f0 f0 ff 00 00 00 00
  ................ 00 00 00 00 00 00 00 00 00 00 00 00 00 01 01 00
  ................ 00 00 00 00 00 00 00 00 00 00 00 00 00 00 00 00
  ......?......... 00 00 00 00 00 80 3f 00 00 00 00 00 00 00 00 00
  ................ 00 00 00 00 00 00 00 00 00 00 00 00 00 00 00 00
  ................ 00 00 00 00 00 00 00 00 00 00 00 00 00 00 00 00
  ................ 00 00 00 00 00 00 00 00 00 00 00 00 00 00 00 00
  ..........K      00 01 00 00 00 00 00 00 e3 8b 4b
000413-000424 StringBlock "preview_bg"
000425-000498 DataBlock
  ................ 00 00 00 00 00 00 00 00 00 00 00 00 00 00 01 01
  ................ 00 00 00 00 01 01 00 00 00 01 00 00 00 00 05 00
  ..............K. 00 00 00 00 00 00 00 00 00 00 00 00 dd 8b 4b 01
  ....A.<..@...... 00 00 00 80 41 8d 3c 00 00 40 06 00 00 84 03 00
  ..........       00 00 00 00 00 00 01 00 00 00
000499-000502 StateIDBlock 1267457280
000503-000512 NewStateBlock "NewState"
000513-000516 XSizeBlock 1600
000517-000520 YSizeBlock 900
000521-000547 DataBlock
  ................ 00 00 00 00 02 00 00 00 00 00 00 00 00 00 00 00
  ...........      02 00 00 00 00 00 00 00 00 00 00
000548-000565 StringBlock "profile_offc_pro"
000566-000581 DataBlock
  ................ 0a 00 00 00 02 00 00 00 00 00 00 00 dd da fa ff
000582-000604 StringBlock "Default Font Category"
000605-000624 DataBlock
  ................ 00 00 00 00 00 00 00 00 00 00 00 00 00 00 00 00
  ....             01 00 00 00
000625-000635 ShaderNameBlock "normal_t0"
000636-000639 ShaderVariableBlock 0.0 (0)
000640-000643 ShaderVariableBlock 0.0 (0)
000644-000647 ShaderVariableBlock 0.0 (0)
000648-000651 ShaderVariableBlock 0.0 (0)
000652-000662 ShaderNameBlock "normal_t0"
000663-000666 ShaderVariableBlock 0.0 (0)
000667-000670 ShaderVariableBlock 0.0 (0)
000671-000674 ShaderVariableBlock 0.0 (0)
000675-000678 ShaderVariableBlock 0.0 (0)
000679-000868 DataBlock
  .....A.<........ 01 00 00 00 80 41 8d 3c 00 00 00 00 00 00 00 00
  @............... 40 06 00 00 84 03 00 00 ff ff ff ff 00 00 00 00
  ................ 00 00 00 00 00 00 00 00 00 00 00 00 00 01 01 00
  ................ 00 00 00 00 00 00 00 00 00 00 00 00 00 00 00 00
  ......?......... 00 00 00 00 00 80 3f 00 00 00 00 00 00 00 00 00
  ................ 00 00 00 00 00 00 00 00 00 00 00 00 00 00 00 00
  ................ 00 00 00 00 00 00 00 00 00 00 00 00 00 00 00 00
  ................ 00 00 00 00 00 00 00 00 00 00 00 00 00 00 00 00
  ........D+R..bg. 00 01 00 00 00 00 00 00 44 2b 52 02 00 62 67 00
  .....a.......... 00 00 00 00 00 61 ff ff ff 00 00 00 00 00 00 00
  ................ 00 00 00 01 00 00 00 00 01 00 00 00 00 02 00 00
  .............K   00 01 00 00 00 00 00 00 00 00 00 e7 8b 4b
000869-000912 ImageListBlock 1 elements:
  000873-000912 ImageBlockGen2 id=1378871296 xsize=1920 ysize=1080 path="ui\\skins\\default\\pb_bg"
000913-000921 DataBlock
  .........        00 00 00 00 00 01 00 00 00
000922-000925 StateIDBlock 1267459840
000926-000935 NewStateBlock "NewState"
000936-000939 XSizeBlock 1920
000940-000943 YSizeBlock 1080
000944-000970 DataBlock
  ................ 00 00 00 00 02 00 00 00 00 00 00 00 00 00 00 00
  ...........      02 00 00 00 00 00 00 00 00 00 00
000971-000988 StringBlock "profile_offc_pro"
000989-001004 DataBlock
  ................ 0a 00 00 00 02 00 00 00 00 00 00 00 dd da fa ff
001005-001027 StringBlock "Default Font Category"
001028-001047 DataBlock
  ................ 00 00 00 00 00 00 00 00 00 00 00 00 00 00 00 00
  ....             00 00 00 00
001048-001058 ShaderNameBlock "normal_t0"
001059-001062 ShaderVariableBlock 0.0 (0)
001063-001066 ShaderVariableBlock 0.0 (0)
001067-001070 ShaderVariableBlock 0.0 (0)
001071-001074 ShaderVariableBlock 0.0 (0)
001075-001085 ShaderNameBlock "normal_t0"
001086-001089 ShaderVariableBlock 0.0 (0)
001090-001093 ShaderVariableBlock 0.0 (0)
001094-001097 ShaderVariableBlock 0.0 (0)
001098-001101 ShaderVariableBlock 0.0 (0)
001102-001105 DataBlock
  ....             01 00 00 00
001106-001129 ImageUseBlock id=1378871296 xofs=0 yofs=0 xsize=1920 ysize=1080 bgra=bgra(255,255,255,255)
001130-001300 DataBlock
  ................ 00 00 00 00 00 00 00 00 00 00 00 00 00 00 00 00
  ................ 00 01 01 00 00 00 00 00 00 00 00 00 00 00 00 00
  ..........?..... 00 00 00 00 00 00 00 00 00 80 3f 00 00 00 00 00
  ................ 00 00 00 00 00 00 00 00 00 00 00 00 00 00 00 00
  ................ 00 00 00 00 00 00 00 00 00 00 00 00 00 00 00 00
  ................ 00 00 00 00 00 00 00 00 00 00 00 00 00 00 00 00
  ................ 00 00 00 00 00 00 00 00 00 00 00 00 00 00 00 00
  ......?...?..... 00 00 00 00 00 80 3f 00 00 00 3f 00 00 00 00 00
  ............?... 00 00 00 00 00 00 00 00 00 00 00 80 3f 00 00 00
  ?...?........... 3f 00 00 00 3f 00 00 00 00 00 00 00 00 00 00 00
  ..?........      00 80 3f 00 00 00 00 00 00 00 00
