000000-000009 VersionBlock 119
000010-000013 RootIDBlock 1566278400
000014-000019 StringBlock "root"
000020-000097 DataBlock
  ................ 00 00 00 00 00 00 00 00 00 00 00 00 00 00 01 01
  ................ 00 00 00 00 01 00 00 00 00 01 00 00 00 00 00 00
  .............d]. 00 00 00 00 00 00 00 00 00 00 00 00 e9 64 5d 01
  ....r_b..@...... 00 00 00 80 72 5f 62 00 00 40 06 00 00 84 03 00
  ............d]   00 00 00 00 00 00 01 00 00 00 00 e9 64 5d
000098-000107 NewStateBlock "NewState"
000108-000111 XSizeBlock 1600
000112-000115 YSizeBlock 900
000116-000142 DataBlock
  ................ 00 00 00 00 02 00 00 00 00 00 00 00 00 00 00 00
  ...........      02 00 00 00 00 00 00 00 00 00 00
000143-000160 StringBlock "profile_offc_pro"
000161-000176 DataBlock
  ................ 0a 00 00 00 02 00 00 00 00 00 00 00 dd da fa ff
000177-000199 StringBlock "Default Font Category"
000200-000219 DataBlock
  ................ 00 00 00 00 00 00 00 00 00 00 00 00 00 00 00 00
  ....             01 00 00 00
000220-000230 T0Block "normal_t0"
000231-000246 DataBlock
  ................ 00 00 00 00 00 00 00 00 00 00 00 00 00 00 00 00
000247-000257 T0Block "normal_t0"
000258-000412 DataBlock
  ................ 00 00 00 00 00 00 00 00 00 00 00 00 00 00 00 00
  .....r_b........ 01 00 00 00 80 72 5f 62 00 00 00 00 00 00 00 00
  @............... 40 06 00 00 84 03 00 00 f0 f0 f0 ff 00 00 00 00
  ................ 00 00 00 00 00 00 00 00 00 00 00 00 00 01 01 00
  ................ 00 00 00 00 00 00 00 00 00 00 00 00 00 00 00 00
  ......?......... 00 00 00 00 00 80 3f 00 00 00 00 00 00 00 00 00
  ................ 00 00 00 00 00 00 00 00 00 00 00 00 00 00 00 00
  ................ 00 00 00 00 00 00 00 00 00 00 00 00 00 00 00 00
  ................ 00 00 00 00 00 00 00 00 00 00 00 00 00 00 00 00
  .........[]      00 01 00 00 00 00 00 00 b6 5b 5d
000413-000438 StringBlock "round_menu_button_toggle"
000439-000444 DataBlock
  ......           00 00 01 00 00 00
000445-000452 StringBlock "Button"
000453-000476 DataBlock
  ................ 00 00 00 00 04 03 00 00 a6 01 00 00 01 01 00 00
  ........         00 00 01 00 00 00 00 01
000477-000496 UnicodeBlock "Campaigns"
000497-000560 UnicodeBlock "button_campaigns_Tooltip_16005b"
000561-000581 DataBlock
  ...............d 05 00 00 00 00 00 00 00 00 00 00 00 00 00 e4 64
  ]....            5d 09 00 00 00
000582-000647 ImageBlock id=1650421120 xsize=56 ysize=56 path="ui\\skins\\default\\icon_campaigns_medium_hover.png" unknown=1600552960
000648-000648 DataBlock
  b                62
000649-000696 ImagePathBlock "ui\\skins\\default\\button_round_medium_hover.png"
000697-000705 DataBlock
  8...8....        38 00 00 00 38 00 00 00 00
000706-000772 ImageBlock id=1650418816 xsize=56 ysize=56 path="ui\\skins\\default\\button_round_medium_selected.png" unknown=1600356352
000773-000773 DataBlock
  b                62
000774-000830 ImagePathBlock "ui\\skins\\default\\button_round_medium_selected_hover.png"
000831-000839 DataBlock
  8...8....        38 00 00 00 38 00 00 00 00
000840-000904 ImageBlock id=1650419968 xsize=56 ysize=56 path="ui\\skins\\default\\button_round_medium_active.png" unknown=1601110016
000905-000905 DataBlock
  b                62
000906-000956 ImagePathBlock "ui\\skins\\default\\button_round_medium_inactive.png"
000957-000965 DataBlock
  8...8....        38 00 00 00 38 00 00 00 00
000966-001040 ImageBlock id=1650422656 xsize=56 ysize=56 path="ui\\skins\\default\\button_round_medium_selected_pressed.png" unknown=1600749568
001041-001041 DataBlock
  b                62
001042-001091 ImagePathBlock "ui\\skins\\default\\button_round_medium_pressed.png"
001092-001100 DataBlock
  8...8....        38 00 00 00 38 00 00 00 00
001101-001167 ImageBlock id=1650419712 xsize=56 ysize=56 path="ui\\skins\\default\\icon_campaigns_medium_active.png" unknown=0
001168-001176 DataBlock
  .......d]        00 09 00 00 00 00 e4 64 5d
001177-001184 StringBlock "active"
001185-001219 DataBlock
  8...8........... 38 00 00 00 38 00 00 00 00 00 00 00 02 00 00 00
  ................ 00 00 00 00 00 00 00 00 01 00 00 00 00 00 00 00
  ...              00 00 00
001220-001237 StringBlock "profile_offc_pro"
001238-001253 DataBlock
  ............(((. 0c 00 00 00 01 00 00 00 00 00 00 00 28 28 28 ff
001254-001266 StringBlock "ingame_text"
001267-001286 DataBlock
  ................ 00 00 00 00 00 00 00 00 00 00 00 00 00 00 00 00
  ....             01 00 00 00
001287-001297 T0Block "normal_t0"
001298-001313 DataBlock
  ................ 00 00 00 00 00 00 00 00 00 00 00 00 00 00 00 00
001314-001324 T0Block "normal_t0"
001325-001344 DataBlock
  ................ 00 00 00 00 00 00 00 00 00 00 00 00 00 00 00 00
  ....             02 00 00 00
001345-001368 ImageUseBlock id=1650419968 xofs=0 yofs=0 xsize=56 ysize=56 brga=4294967295
001369-001445 DataBlock
  ................ 00 00 00 00 00 00 00 00 00 00 00 00 00 00 00 00
  ................ 00 01 01 00 00 00 00 00 00 00 00 00 00 00 00 00
  ..........?..... 00 00 00 00 00 00 00 00 00 80 3f 00 00 00 00 00
  ................ 00 00 00 00 00 00 00 00 00 00 00 00 00 00 00 00
  .............    00 00 00 00 00 00 00 00 00 00 00 00 00
001446-001469 ImageUseBlock id=1650419712 xofs=0 yofs=0 xsize=56 ysize=56 brga=4294967295
001470-001582 DataBlock
  ................ 00 00 00 00 00 00 00 00 00 00 00 00 00 00 00 00
  ................ 00 01 01 00 00 00 00 00 00 00 00 00 00 00 00 00
  ..........?..... 00 00 00 00 00 00 00 00 00 80 3f 00 00 00 00 00
  ................ 00 00 00 00 00 00 00 00 00 00 00 00 00 00 00 00
  ................ 00 00 00 00 00 00 00 00 00 00 00 00 00 0c 00 00
  ...............d 00 18 00 00 00 01 00 00 00 00 00 00 00 00 e2 64
  ]..............d 5d 00 00 00 00 00 00 00 00 00 00 00 00 80 e6 64
  ]                5d
001583-001588 StringBlock "down"
001589-001623 DataBlock
  8...8........... 38 00 00 00 38 00 00 00 00 00 00 00 02 00 00 00
  ................ 00 00 00 00 00 00 00 00 01 00 00 00 00 00 00 00
  ...              00 00 00
001624-001641 StringBlock "profile_offc_pro"
001642-001657 DataBlock
  ............(((. 0c 00 00 00 01 00 00 00 00 00 00 00 28 28 28 ff
001658-001670 StringBlock "ingame_text"
001671-001690 DataBlock
  ................ 00 00 00 00 00 00 00 00 00 00 00 00 00 00 00 00
  ....             01 00 00 00
001691-001701 T0Block "normal_t0"
001702-001717 DataBlock
  ................ 00 00 00 00 00 00 00 00 00 00 00 00 00 00 00 00
001718-001728 T0Block "normal_t0"
001729-001849 DataBlock
  ...>............ 9a 99 99 3e 00 00 00 00 00 00 00 00 00 00 00 00
  .....i_b........ 02 00 00 00 80 69 5f 62 00 00 00 00 00 00 00 00
  8...8........... 38 00 00 00 38 00 00 00 ff ff ff ff 00 00 00 00
  ................ 00 00 00 00 00 00 00 00 00 00 00 00 00 01 01 00
  ................ 00 00 00 00 00 00 00 00 00 00 00 00 00 00 00 00
  ......?......... 00 00 00 00 00 80 3f 00 00 00 00 00 00 00 00 00
  ................ 00 00 00 00 00 00 00 00 00 00 00 00 00 00 00 00
  .........        00 00 00 00 00 00 00 00 00
001850-001873 ImageUseBlock id=1650419712 xofs=0 yofs=1 xsize=56 ysize=56 brga=3036676095
001874-001988 DataBlock
  ................ 00 00 00 00 00 00 00 00 00 00 00 00 00 00 00 00
  ................ 00 01 01 00 00 00 00 00 00 00 00 00 00 00 00 00
  ..........?..... 00 00 00 00 00 00 00 00 00 80 3f 00 00 00 00 00
  ................ 00 00 00 00 00 00 00 00 00 00 00 00 00 00 00 00
  .............{.. 00 00 00 00 00 00 00 00 00 00 00 00 00 7b 00 00
  ...............d 00 e3 00 00 00 02 00 00 00 03 00 00 00 00 ee 64
  ]............... 5d 00 00 00 00 00 00 00 00 09 00 00 00 00 00 00
  ...              00 00 00
001989-001996 StringBlock "active"
001997-002004 DataBlock
  ........         00 00 00 00 00 00 00 00
002005-002012 StringBlock "active"
002013-002020 DataBlock
  ........         00 00 00 00 00 00 00 00
002021-002028 StringBlock "active"
002029-002036 DataBlock
  ........         00 00 00 00 00 00 00 00
002037-002044 StringBlock "active"
002045-002054 DataBlock
  ..........       00 00 00 00 00 00 00 00 00 00
002055-002069 StringBlock "visible false"
002070-002077 DataBlock
  ........         00 00 00 00 00 00 00 00
002078-002092 StringBlock "visible false"
002093-002096 DataBlock
  ....             00 00 00 00
002097-002112 StringBlock "show_campaigns"
002113-002114 DataBlock
  ..               00 00
002115-002128 StringBlock "visible true"
002129-002136 DataBlock
  ........         00 00 00 00 00 00 00 00
002137-002151 StringBlock "visible false"
002152-002159 DataBlock
  ........         00 00 00 00 00 00 00 00
002160-002174 StringBlock "visible false"
002175-002198 DataBlock
  ......d]........ 01 00 00 00 80 d3 64 5d 00 00 00 00 00 00 00 00
  ......d]         00 00 00 00 80 d3 64 5d
002199-002208 StringBlock "down_off"
002209-002243 DataBlock
  8...8........... 38 00 00 00 38 00 00 00 00 00 00 00 02 00 00 00
  ................ 00 00 00 00 00 00 00 00 01 00 00 00 00 00 00 00
  ...              00 00 00
002244-002261 StringBlock "profile_offc_pro"
002262-002277 DataBlock
  ............(((. 0c 00 00 00 01 00 00 00 00 00 00 00 28 28 28 ff
002278-002290 StringBlock "ingame_text"
002291-002310 DataBlock
  ................ 00 00 00 00 00 00 00 00 00 00 00 00 00 00 00 00
  ....             01 00 00 00
002311-002321 T0Block "normal_t0"
002322-002337 DataBlock
  ................ 00 00 00 00 00 00 00 00 00 00 00 00 00 00 00 00
002338-002348 T0Block "normal_t0"
002349-002368 DataBlock
  ................ 00 00 00 00 00 00 00 00 00 00 00 00 00 00 00 00
  ....             02 00 00 00
002369-002392 ImageUseBlock id=1650419968 xofs=0 yofs=0 xsize=56 ysize=56 brga=4294967295
002393-002469 DataBlock
  ................ 00 00 00 00 00 00 00 00 00 00 00 00 00 00 00 00
  ................ 00 01 01 00 00 00 00 00 00 00 00 00 00 00 00 00
  ..........?..... 00 00 00 00 00 00 00 00 00 80 3f 00 00 00 00 00
  ................ 00 00 00 00 00 00 00 00 00 00 00 00 00 00 00 00
  .............    00 00 00 00 00 00 00 00 00 00 00 00 00
002470-002493 ImageUseBlock id=1650419712 xofs=0 yofs=0 xsize=56 ysize=56 brga=4294967295
002494-002626 DataBlock
  ................ 00 00 00 00 00 00 00 00 00 00 00 00 00 00 00 00
  ................ 00 01 01 00 00 00 00 00 00 00 00 00 00 00 00 00
  ..........?..... 00 00 00 00 00 00 00 00 00 80 3f 00 00 00 00 00
  ................ 00 00 00 00 00 00 00 00 00 00 00 00 00 00 00 00
  ................ 00 00 00 00 00 00 00 00 00 00 00 00 00 10 00 00
  .K.............d 00 4b 01 00 00 02 00 00 00 00 00 00 00 80 e6 64
  ]............... 5d 00 00 00 00 00 00 00 00 00 00 00 00 08 00 00
  ...d]........... 00 00 e4 64 5d 00 00 00 00 00 00 00 00 00 00 00
  ...d]            00 00 e2 64 5d
002627-002633 StringBlock "hover"
002634-002668 DataBlock
  8...8........... 38 00 00 00 38 00 00 00 00 00 00 00 02 00 00 00
  ................ 00 00 00 00 00 00 00 00 01 00 00 00 00 00 00 00
  ...              00 00 00
002669-002686 StringBlock "profile_offc_pro"
002687-002702 DataBlock
  ............(((. 0c 00 00 00 01 00 00 00 00 00 00 00 28 28 28 ff
002703-002715 StringBlock "ingame_text"
002716-002735 DataBlock
  ................ 00 00 00 00 00 00 00 00 00 00 00 00 00 00 00 00
  ....             01 00 00 00
002736-002746 T0Block "normal_t0"
002747-002762 DataBlock
  ................ 00 00 00 00 00 00 00 00 00 00 00 00 00 00 00 00
002763-002773 T0Block "normal_t0"
002774-002894 DataBlock
  ...>............ 9a 99 99 3e 00 00 00 00 00 00 00 00 00 00 00 00
  .....f_b........ 02 00 00 00 80 66 5f 62 00 00 00 00 00 00 00 00
  8...8........... 38 00 00 00 38 00 00 00 ff ff ff ff 00 00 00 00
  ................ 00 00 00 00 00 00 00 00 00 00 00 00 00 01 01 00
  ................ 00 00 00 00 00 00 00 00 00 00 00 00 00 00 00 00
  ......?......... 00 00 00 00 00 80 3f 00 00 00 00 00 00 00 00 00
  ................ 00 00 00 00 00 00 00 00 00 00 00 00 00 00 00 00
  .........        00 00 00 00 00 00 00 00 00
002895-002918 ImageUseBlock id=1650421120 xofs=0 yofs=0 xsize=56 ysize=56 brga=4294967295
002919-003051 DataBlock
  ................ 00 00 00 00 00 00 00 00 00 00 00 00 00 00 00 00
  ................ 00 01 01 00 00 00 00 00 00 00 00 00 00 00 00 00
  ..........?..... 00 00 00 00 00 00 00 00 00 80 3f 00 00 00 00 00
  ................ 00 00 00 00 00 00 00 00 00 00 00 00 00 00 00 00
  .............w.. 00 00 00 00 00 00 00 00 00 00 00 00 00 77 00 00
  .c.............d 00 63 00 00 00 02 00 00 00 01 00 00 00 00 e4 64
  ]............... 5d 00 00 00 00 00 00 00 00 00 00 00 00 02 00 00
  ...d]........... 00 80 e6 64 5d 00 00 00 00 00 00 00 00 00 00 00
  ...d]            00 80 d5 64 5d
003052-003061 StringBlock "inactive"
003062-003096 DataBlock
  8...8........... 38 00 00 00 38 00 00 00 00 00 00 00 02 00 00 00
  ................ 00 00 00 00 00 00 00 00 01 00 00 00 00 00 00 00
  ...              00 00 00
003097-003114 StringBlock "profile_offc_pro"
003115-003130 DataBlock
  ............(((. 0c 00 00 00 01 00 00 00 00 00 00 00 28 28 28 ff
003131-003143 StringBlock "ingame_text"
003144-003163 DataBlock
  ................ 00 00 00 00 00 00 00 00 00 00 00 00 00 00 00 00
  ....             01 01 00 00
003164-003174 T0Block "normal_t0"
003175-003190 DataBlock
  ................ 00 00 00 00 00 00 00 00 00 00 00 00 00 00 00 00
003191-003201 T0Block "normal_t0"
003202-003322 DataBlock
  ................ 00 00 00 00 00 00 00 00 00 00 00 00 00 00 00 00
  .....o_b........ 02 00 00 00 00 6f 5f 62 00 00 00 00 00 00 00 00
  8...8........... 38 00 00 00 38 00 00 00 ff ff ff ff 00 00 00 00
  ................ 00 00 00 00 00 00 00 00 00 00 00 00 00 01 01 00
  ................ 00 00 00 00 00 00 00 00 00 00 00 00 00 00 00 00
  ......?......... 00 00 00 00 00 80 3f 00 00 00 00 00 00 00 00 00
  ................ 00 00 00 00 00 00 00 00 00 00 00 00 00 00 00 00
  .........        00 00 00 00 00 00 00 00 00
003323-003346 ImageUseBlock id=1650419712 xofs=0 yofs=0 xsize=56 ysize=56 brga=2030043135
003347-003439 DataBlock
  ................ 00 00 00 00 00 00 00 00 00 00 00 00 00 00 00 00
  ................ 00 01 01 00 00 00 00 00 00 00 00 00 00 00 00 00
  ..........?..... 00 00 00 00 00 00 00 00 00 80 3f 00 00 00 00 00
  ................ 00 00 00 00 00 00 00 00 00 00 00 00 00 00 00 00
  ................ 00 00 00 00 00 00 00 00 00 00 00 00 00 00 00 00
  ...........d]    00 00 00 00 00 00 00 00 00 80 eb 64 5d
003440-003449 StringBlock "selected"
003450-003484 DataBlock
  8...8........... 38 00 00 00 38 00 00 00 00 00 00 00 02 00 00 00
  ................ 00 00 00 00 00 00 00 00 02 00 00 00 00 00 00 00
  ...              00 00 00
003485-003502 StringBlock "profile_offc_pro"
003503-003518 DataBlock
  ................ 0a 00 00 00 02 00 00 00 00 00 00 00 dd da fa ff
003519-003541 StringBlock "Default Font Category"
003542-003561 DataBlock
  ................ 00 00 00 00 00 00 00 00 00 00 00 00 00 00 00 00
  ....             01 00 00 00
003562-003572 T0Block "normal_t0"
003573-003588 DataBlock
  ................ 00 00 00 00 00 00 00 00 00 00 00 00 00 00 00 00
003589-003599 T0Block "normal_t0"
003600-003619 DataBlock
  ................ 00 00 00 00 00 00 00 00 00 00 00 00 00 00 00 00
  ....             02 00 00 00
003620-003643 ImageUseBlock id=1650418816 xofs=0 yofs=0 xsize=56 ysize=56 brga=4294967295
003644-003720 DataBlock
  ................ 00 00 00 00 00 00 00 00 00 00 00 00 00 00 00 00
  ................ 00 01 01 00 00 00 00 00 00 00 00 00 00 00 00 00
  ..........?..... 00 00 00 00 00 00 00 00 00 80 3f 00 00 00 00 00
  ................ 00 00 00 00 00 00 00 00 00 00 00 00 00 00 00 00
  .............    00 00 00 00 00 00 00 00 00 00 00 00 00
003721-003744 ImageUseBlock id=1650421120 xofs=0 yofs=0 xsize=56 ysize=56 brga=4294967295
003745-003857 DataBlock
  ................ 00 00 00 00 00 00 00 00 00 00 00 00 00 00 00 00
  ................ 00 01 01 00 00 00 00 00 00 00 00 00 00 00 00 00
  ..........?..... 00 00 00 00 00 00 00 00 00 80 3f 00 00 00 00 00
  ................ 00 00 00 00 00 00 00 00 00 00 00 00 00 00 00 00
  ................ 00 00 00 00 00 00 00 00 00 00 00 00 00 88 01 00
  .3.............d 00 33 01 00 00 01 00 00 00 00 00 00 00 00 ee 64
  ]..............d 5d 00 00 00 00 00 00 00 00 00 00 00 00 00 d8 64
  ]                5d
003858-003872 StringBlock "selected_down"
003873-003907 DataBlock
  8...8........... 38 00 00 00 38 00 00 00 00 00 00 00 02 00 00 00
  ................ 00 00 00 00 00 00 00 00 02 00 00 00 00 00 00 00
  ...              00 00 00
003908-003925 StringBlock "profile_offc_pro"
003926-003941 DataBlock
  ................ 0a 00 00 00 02 00 00 00 00 00 00 00 dd da fa ff
003942-003964 StringBlock "Default Font Category"
003965-003984 DataBlock
  ................ 00 00 00 00 00 00 00 00 00 00 00 00 00 00 00 00
  ....             01 00 00 00
003985-003995 T0Block "normal_t0"
003996-004011 DataBlock
  ................ 00 00 00 00 00 00 00 00 00 00 00 00 00 00 00 00
004012-004022 T0Block "normal_t0"
004023-004042 DataBlock
  ................ 00 00 00 00 00 00 00 00 00 00 00 00 00 00 00 00
  ....             02 00 00 00
004043-004066 ImageUseBlock id=1650422656 xofs=0 yofs=0 xsize=56 ysize=56 brga=4294967295
004067-004143 DataBlock
  ................ 00 00 00 00 00 00 00 00 00 00 00 00 00 00 00 00
  ................ 00 01 01 00 00 00 00 00 00 00 00 00 00 00 00 00
  ..........?..... 00 00 00 00 00 00 00 00 00 80 3f 00 00 00 00 00
  ................ 00 00 00 00 00 00 00 00 00 00 00 00 00 00 00 00
  .............    00 00 00 00 00 00 00 00 00 00 00 00 00
004144-004167 ImageUseBlock id=1650419712 xofs=0 yofs=1 xsize=56 ysize=56 brga=3036676095
004168-004280 DataBlock
  ................ 00 00 00 00 00 00 00 00 00 00 00 00 00 00 00 00
  ................ 00 01 01 00 00 00 00 00 00 00 00 00 00 00 00 00
  ..........?..... 00 00 00 00 00 00 00 00 00 80 3f 00 00 00 00 00
  ................ 00 00 00 00 00 00 00 00 00 00 00 00 00 00 00 00
  ................ 00 00 00 00 00 00 00 00 00 00 00 00 00 ec 00 00
  .f.............d 00 66 00 00 00 02 00 00 00 03 00 00 00 00 e2 64
  ]............... 5d 00 00 00 00 00 00 00 00 01 00 00 00 00 00 00
  .                00
004281-004296 StringBlock "hide_campaigns"
004297-004324 DataBlock
  ..........d].... 00 00 00 00 01 00 00 00 80 da 64 5d 00 00 00 00
  ..........d]     00 00 00 00 00 00 00 00 80 da 64 5d
004325-004343 StringBlock "selected_down_off"
004344-004378 DataBlock
  8...8........... 38 00 00 00 38 00 00 00 00 00 00 00 02 00 00 00
  ................ 00 00 00 00 00 00 00 00 02 00 00 00 00 00 00 00
  ...              00 00 00
004379-004396 StringBlock "profile_offc_pro"
004397-004412 DataBlock
  ................ 0a 00 00 00 02 00 00 00 00 00 00 00 dd da fa ff
004413-004435 StringBlock "Default Font Category"
004436-004455 DataBlock
  ................ 00 00 00 00 00 00 00 00 00 00 00 00 00 00 00 00
  ....             01 00 00 00
004456-004466 T0Block "normal_t0"
004467-004482 DataBlock
  ................ 00 00 00 00 00 00 00 00 00 00 00 00 00 00 00 00
004483-004493 T0Block "normal_t0"
004494-004513 DataBlock
  ................ 00 00 00 00 00 00 00 00 00 00 00 00 00 00 00 00
  ....             02 00 00 00
004514-004537 ImageUseBlock id=1650418816 xofs=0 yofs=0 xsize=56 ysize=56 brga=4294967295
004538-004614 DataBlock
  ................ 00 00 00 00 00 00 00 00 00 00 00 00 00 00 00 00
  ................ 00 01 01 00 00 00 00 00 00 00 00 00 00 00 00 00
  ..........?..... 00 00 00 00 00 00 00 00 00 80 3f 00 00 00 00 00
  ................ 00 00 00 00 00 00 00 00 00 00 00 00 00 00 00 00
  .............    00 00 00 00 00 00 00 00 00 00 00 00 00
004615-004638 ImageUseBlock id=1650421120 xofs=0 yofs=0 xsize=56 ysize=56 brga=4294967295
004639-004771 DataBlock
  ................ 00 00 00 00 00 00 00 00 00 00 00 00 00 00 00 00
  ................ 00 01 01 00 00 00 00 00 00 00 00 00 00 00 00 00
  ..........?..... 00 00 00 00 00 00 00 00 00 80 3f 00 00 00 00 00
  ................ 00 00 00 00 00 00 00 00 00 00 00 00 00 00 00 00
  ................ 00 00 00 00 00 00 00 00 00 00 00 00 00 8d 01 00
  ...............d 00 0e 00 00 00 02 00 00 00 00 00 00 00 00 d8 64
  ]............... 5d 00 00 00 00 00 00 00 00 00 00 00 00 08 00 00
  ...d]........... 00 80 eb 64 5d 00 00 00 00 00 00 00 00 00 00 00
  ...d]            00 00 ee 64 5d
004772-004787 StringBlock "selected_hover"
004788-004822 DataBlock
  8...8........... 38 00 00 00 38 00 00 00 00 00 00 00 02 00 00 00
  ................ 00 00 00 00 00 00 00 00 02 00 00 00 00 00 00 00
  ...              00 00 00
004823-004840 StringBlock "profile_offc_pro"
004841-004856 DataBlock
  ................ 0a 00 00 00 02 00 00 00 00 00 00 00 dd da fa ff
004857-004879 StringBlock "Default Font Category"
004880-004899 DataBlock
  ................ 00 00 00 00 00 00 00 00 00 00 00 00 00 00 00 00
  ....             01 00 00 00
004900-004910 T0Block "normal_t0"
004911-004926 DataBlock
  ................ 00 00 00 00 00 00 00 00 00 00 00 00 00 00 00 00
004927-004937 T0Block "normal_t0"
004938-005058 DataBlock
  ................ 00 00 00 00 00 00 00 00 00 00 00 00 00 00 00 00
  .....c_b........ 02 00 00 00 80 63 5f 62 00 00 00 00 00 00 00 00
  8...8........... 38 00 00 00 38 00 00 00 ff ff ff ff 00 00 00 00
  ................ 00 00 00 00 00 00 00 00 00 00 00 00 00 01 01 00
  ................ 00 00 00 00 00 00 00 00 00 00 00 00 00 00 00 00
  ......?......... 00 00 00 00 00 80 3f 00 00 00 00 00 00 00 00 00
  ................ 00 00 00 00 00 00 00 00 00 00 00 00 00 00 00 00
  .........        00 00 00 00 00 00 00 00 00
005059-005082 ImageUseBlock id=1650421120 xofs=0 yofs=0 xsize=56 ysize=56 brga=4294967295
005083-005215 DataBlock
  ................ 00 00 00 00 00 00 00 00 00 00 00 00 00 00 00 00
  ................ 00 01 01 00 00 00 00 00 00 00 00 00 00 00 00 00
  ..........?..... 00 00 00 00 00 00 00 00 00 80 3f 00 00 00 00 00
  ................ 00 00 00 00 00 00 00 00 00 00 00 00 00 00 00 00
  ................ 00 00 00 00 00 00 00 00 00 00 00 00 00 ee 00 00
  ...............d 00 e0 00 00 00 02 00 00 00 01 00 00 00 80 eb 64
  ]............... 5d 00 00 00 00 00 00 00 00 00 00 00 00 02 00 00
  ...d]........... 00 00 d8 64 5d 00 00 00 00 00 00 00 00 00 00 00
  .....            00 01 00 00 00
005216-005230 StringBlock "dynamic_image"
005231-005246 DataBlock
  ..0............. 01 00 30 01 00 00 00 00 00 00 00 00 00 00 00 00
005247-005277 StringBlock "UI_GBL_TMP_Round_Large_Button"
005278-005318 DataBlock
  ..........?...?. 00 00 00 00 00 00 00 00 00 80 3f 00 00 00 3f 00
  ..?............. 00 00 3f 00 00 00 00 00 00 00 00 00 00 00 00 80
  ?........        3f 00 00 00 00 00 00 00 00
