000000-000009 VersionBlock 119
000010-000013 RootIDBlock 199613376
000014-000019 StringBlock "root"
000020-000021 StringBlock ""
000022-000025 XOffsetBlock 0
000026-000029 YOffsetBlock 0
000030-000093 DataBlock
  ................ 00 00 00 00 01 01 00 00 00 00 01 00 00 00 00 01
  ................ 00 00 00 00 00 00 00 00 00 00 00 00 00 00 00 00
  . .......0...... 00 20 df e5 0b 01 00 00 00 30 94 c5 0e 00 00 00
  ................ 05 00 00 c0 03 00 00 00 00 00 00 00 01 00 00 00
000094-000097 StateIDBlock 199614240
000098-000107 NewStateBlock "NewState"
000108-000111 XSizeBlock 1280
000112-000115 YSizeBlock 1024
000116-000142 DataBlock
  ................ 00 00 00 00 02 00 00 00 00 00 00 00 00 00 00 00
  ...........      01 00 00 00 00 00 00 00 00 00 00
000143-000154 FontNameBlock "Norse-Bold"
000155-000170 DataBlock
  ................ 0a 00 00 00 02 00 00 00 00 00 00 00 dd da fa ff
000171-000193 StringBlock "Default Font Category"
000194-000213 DataBlock
  ................ 00 00 00 00 00 00 00 00 00 00 00 00 00 00 00 00
  ....             01 00 00 00
000214-000224 T0Block "normal_t0"
000225-000240 DataBlock
  ................ 00 00 00 00 00 00 00 00 00 00 00 00 00 00 00 00
000241-000251 T0Block "normal_t0"
000252-000406 DataBlock
  ................ 00 00 00 00 00 00 00 00 00 00 00 00 00 00 00 00
  ....0........... 01 00 00 00 30 94 c5 0e 00 00 00 00 00 00 00 00
  ................ 00 05 00 00 c0 03 00 00 c0 c0 c0 ff 00 00 00 00
  ................ 00 00 00 00 00 00 00 00 00 00 00 00 00 01 01 00
  ................ 00 00 00 00 00 00 00 00 00 00 00 00 00 00 00 00
  ......?......... 00 00 00 00 00 80 3f 00 00 00 00 00 00 00 00 00
  ................ 00 00 00 00 00 00 00 00 00 00 00 00 00 00 00 00
  ................ 00 00 00 00 00 00 00 00 00 00 00 00 00 00 00 00
  ................ 00 00 00 00 00 00 00 00 00 00 00 00 00 00 00 00
  ....... ...      00 01 00 00 00 00 00 20 e1 e5 0b
000407-000435 StringBlock "campaign_corruption_tooltip"
000436-000441 DataBlock
  ......           00 00 01 00 00 00
000442-000468 StringBlock "CampaignCorruptionTooltip"
000469-000513 DataBlock
  ........f....... 00 00 00 00 82 01 00 00 66 00 00 00 01 01 00 00
  ................ 00 00 01 01 00 00 00 01 00 00 00 00 00 00 00 00
  .............    00 00 00 00 00 00 00 00 00 00 00 00 00
000514-000569 ImageListBlock 1 elements:
  000518-000569 ImageBlock id=247829968 xsize=256 ysize=256 path="ui\\skins\\default\\tooltip_frame.png" unknown=0
000570-000574 DataBlock
  .....            00 01 00 00 00
000575-000578 StateIDBlock 247830160
000579-000588 NewStateBlock "NewState"
000589-000592 XSizeBlock 332
000593-000596 YSizeBlock 141
000597-000623 DataBlock
  ................ 00 00 00 00 02 00 00 00 00 00 00 00 00 00 00 00
  ...........      01 00 00 00 00 00 00 00 00 00 00
000624-000636 FontNameBlock "la_gioconda"
000637-000652 DataBlock
  ................ 0c 00 00 00 01 00 00 00 00 00 00 00 d7 f8 ff ff
000653-000669 StringBlock "fe_tooltip_text"
000670-000689 DataBlock
  ................ 08 00 00 00 00 00 00 00 06 00 00 00 00 00 00 00
  ....             00 00 00 00
000690-000700 T0Block "normal_t0"
000701-000716 DataBlock
  ................ 00 00 00 00 00 00 00 00 00 00 00 00 00 00 00 00
000717-000727 T0Block "normal_t0"
000728-000747 DataBlock
  ................ 00 00 00 00 00 00 00 00 00 00 00 00 00 00 00 00
  ....             01 00 00 00
000748-000771 ImageUseBlock id=247829968 xofs=0 yofs=0 xsize=332 ysize=141 brga=4294967295
000772-000882 DataBlock
  ................ 00 00 01 00 00 00 00 00 00 00 00 00 00 00 00 00
  ................ 00 01 01 00 00 00 00 00 00 00 00 00 00 00 00 00
  ..........?..... 00 00 00 00 00 00 00 00 00 80 3f 00 00 00 00 00
  ................ 00 00 00 00 00 00 00 00 00 00 00 00 00 00 00 80
  A...A...A...A... 41 00 00 a0 41 00 00 80 41 00 00 a0 41 00 00 00
  ................ 00 00 00 00 00 00 00 00 00 00 00 00 00 ff 00 00
  ...............  00 00 00 00 00 06 00 00 00 00 00 a0 c7 b5 0f
000883-000889 StringBlock "title"
000890-000948 DataBlock
  ................ 00 00 00 00 00 00 00 00 00 00 00 00 00 00 00 00
  ................ 00 00 00 00 01 00 00 00 00 01 00 00 00 00 00 00
  ................ 00 00 00 00 00 00 00 00 00 00 00 00 cb b5 0f 00
  ...........      00 00 00 00 00 00 00 01 00 00 00
000949-000952 StateIDBlock 263572224
000953-000962 NewStateBlock "NewState"
000963-000966 XSizeBlock 332
000967-000970 YSizeBlock 30
000971-001008 UnicodeBlock "Corruption Details"
001009-001027 DataBlock
  ................ 00 00 04 00 00 00 00 00 00 00 00 00 00 00 02 00
  ...              00 00 01
001028-001081 UnicodeBlock "title_NewState_Text_400017"
001082-001085 DataBlock
  ....             00 00 00 00
001086-001108 FontNameBlock "la_gioconda_uppercase"
001109-001124 DataBlock
  ................ 10 00 00 00 01 00 00 00 00 00 00 00 d7 f8 ff ff
001125-001146 StringBlock "fe_paragraph_heading"
001147-001166 DataBlock
  ................ 00 00 00 00 00 00 00 00 08 00 00 00 00 00 00 00
  ....             01 00 00 00
001167-001177 T0Block "normal_t0"
001178-001193 DataBlock
  ................ 00 00 00 00 00 00 00 00 00 00 00 00 00 00 00 00
001194-001204 T0Block "normal_t0"
001205-001280 DataBlock
  .......@...?.... 00 00 00 00 00 00 00 40 00 00 80 3f 00 00 00 00
  ................ 00 00 00 00 00 00 00 00 00 00 00 00 00 00 00 00
  ................ 00 00 00 00 ff 00 00 00 00 00 00 00 00 00 00 00
  .............?.. 00 00 00 00 00 00 00 00 00 00 00 00 80 3f 00 00
  .........x5.     00 00 00 00 00 00 00 00 80 78 35 0a
001281-001295 StringBlock "religion_list"
001296-001354 DataBlock
  ................ 00 00 00 00 00 00 00 00 00 00 1e 00 00 00 00 01
  ................ 00 00 00 00 01 00 00 00 00 01 00 00 00 00 00 00
  ............{5.. 00 00 00 00 00 00 00 00 00 00 00 f0 7b 35 0a 00
  ...........      00 00 00 00 00 00 00 01 00 00 00
001355-001358 StateIDBlock 171277296
001359-001368 NewStateBlock "NewState"
001369-001372 XSizeBlock 332
001373-001376 YSizeBlock 1
001377-001403 DataBlock
  ................ 00 00 00 00 02 00 00 00 00 00 00 00 00 00 00 00
  ...........      02 00 00 00 00 00 00 00 00 00 00
001404-001415 FontNameBlock "Norse-Bold"
001416-001431 DataBlock
  ................ 0a 00 00 00 02 00 00 00 00 00 00 00 dd da fa ff
001432-001454 StringBlock "Default Font Category"
001455-001474 DataBlock
  ................ 00 00 00 00 00 00 00 00 00 00 00 00 00 00 00 00
  ....             00 00 00 00
001475-001485 T0Block "normal_t0"
001486-001501 DataBlock
  ................ 00 00 00 00 00 00 00 00 00 00 00 00 00 00 00 00
001502-001512 T0Block "normal_t0"
001513-001561 DataBlock
  ................ 00 00 00 00 00 00 00 00 00 00 00 00 00 00 00 00
  ................ 00 00 00 00 00 00 00 00 00 00 00 00 00 00 00 00
  ................ 00 00 00 00 ff 00 00 00 00 00 00 00 00 00 00 00
  .                01
001562-001567 StringBlock "List"
001568-001652 DataBlock
  .......C........ 01 00 00 00 00 00 a6 43 00 00 00 00 00 00 00 00
  ................ 00 01 00 00 00 01 00 00 00 00 00 00 00 00 00 00
  ................ 00 00 00 00 00 00 00 00 00 00 00 00 00 00 00 00
  ................ 00 00 00 00 00 00 00 00 00 00 00 00 00 00 00 00
  ......?......... 00 00 00 00 00 80 3f 00 00 00 00 00 00 00 00 00
  .@f.>            00 40 66 d0 3e
001653-001671 StringBlock "religion_template"
001672-001718 DataBlock
  ................ 00 00 00 00 00 00 00 00 00 00 1f 00 00 00 00 01
  ................ 00 00 00 00 01 00 00 00 00 01 00 00 00 00 00 00
  ..............:  00 00 00 00 00 00 00 00 00 00 00 80 d5 a9 3a
001719-001784 ImageListBlock 1 elements:
  001723-001784 ImageBlock id=489810272 xsize=30 ysize=20 path="ui\\skins\\default\\corruption_tooltip_fill.png" unknown=0
001785-001793 DataBlock
  ........:        00 02 00 00 00 80 d5 a9 3a
001794-001802 StringBlock "default"
001803-001837 DataBlock
  L...(........... 4c 01 00 00 28 00 00 00 00 00 00 00 02 00 00 00
  ................ 00 00 00 00 00 00 00 00 02 00 00 00 00 00 00 00
  ...              00 00 00
001838-001849 FontNameBlock "Norse-Bold"
001850-001865 DataBlock
  ................ 0a 00 00 00 02 00 00 00 00 00 00 00 dd da fa ff
001866-001888 StringBlock "Default Font Category"
001889-001908 DataBlock
  ................ 00 00 00 00 00 00 00 00 00 00 00 00 00 00 00 00
  ....             00 00 00 00
001909-001919 T0Block "normal_t0"
001920-001935 DataBlock
  ................ 00 00 00 00 00 00 00 00 00 00 00 00 00 00 00 00
001936-001946 T0Block "normal_t0"
001947-001982 DataBlock
  ................ 00 00 00 00 00 00 00 00 00 00 00 00 00 00 00 00
  ................ 00 00 00 00 00 00 00 00 00 00 00 00 00 00 00 00
  @..5             40 16 da 35
001983-001992 StringBlock "selected"
001993-002027 DataBlock
  L...(........... 4c 01 00 00 28 00 00 00 00 00 00 00 02 00 00 00
  ................ 00 00 00 00 00 00 00 00 02 00 00 00 00 00 00 00
  ...              00 00 00
002028-002039 FontNameBlock "Norse-Bold"
002040-002055 DataBlock
  ................ 0a 00 00 00 02 00 00 00 00 00 00 00 dd da fa ff
002056-002078 StringBlock "Default Font Category"
002079-002098 DataBlock
  ................ 00 00 00 00 00 00 00 00 00 00 00 00 00 00 00 00
  ....             00 00 00 00
002099-002109 T0Block "normal_t0"
002110-002125 DataBlock
  .. A...... A.... 00 00 20 41 00 00 00 00 00 00 20 41 00 00 00 00
002126-002136 T0Block "normal_t0"
002137-002156 DataBlock
  ................ 00 00 00 00 00 00 00 00 00 00 00 00 00 00 00 00
  ....             01 00 00 00
002157-002180 ImageUseBlock id=489810272 xofs=6 yofs=3 xsize=320 ysize=40 brga=687855360
002181-002291 DataBlock
  ................ 00 00 00 00 00 05 00 00 00 00 00 00 00 03 00 00
  ................ 00 01 01 00 00 00 00 00 00 00 00 00 00 00 00 00
  ..........?..... 00 00 00 00 00 00 00 00 00 80 3f 00 00 00 00 00
  ................ 00 00 00 00 00 00 00 00 00 00 00 00 00 00 00 00
  A.......?....... 41 00 00 00 00 00 00 80 3f 00 00 00 00 00 00 00
  ................ 00 00 00 00 00 00 00 00 00 00 00 00 00 ff 00 00
  ...............  00 00 00 00 00 02 00 00 00 00 00 f0 ec a2 0a
002292-002302 StringBlock "separator"
002303-002349 DataBlock
  ................ 00 00 00 00 00 00 00 00 00 00 00 00 00 00 00 00
  ................ 00 00 00 00 01 00 00 00 00 01 00 00 00 00 00 00
  ...........`...  00 00 00 00 00 00 00 00 00 00 00 60 f0 a2 0a
002350-002407 ImageListBlock 1 elements:
  002354-002407 ImageBlock id=178451376 xsize=169 ysize=14 path="ui\\skins\\default\\separator_skull.png" unknown=0
002408-002412 DataBlock
  .....            00 01 00 00 00
002413-002416 StateIDBlock 178450528
002417-002426 NewStateBlock "NewState"
002427-002430 XSizeBlock 320
002431-002434 YSizeBlock 16
002435-002461 DataBlock
  ................ 00 00 00 00 02 00 00 00 04 00 00 00 00 00 00 00
  ...........      02 00 00 00 00 00 00 00 00 00 00
002462-002474 FontNameBlock "la_gioconda"
002475-002490 DataBlock
  ................ 0c 00 00 00 01 00 00 00 00 00 00 00 d7 f8 ff ff
002491-002499 StringBlock "fe_text"
002500-002519 DataBlock
  ................ 0c 00 00 00 00 00 00 00 00 00 00 00 00 00 00 00
  ....             01 00 00 00
002520-002530 T0Block "normal_t0"
002531-002546 DataBlock
  ................ 00 00 00 00 00 00 00 00 00 00 00 00 00 00 00 00
002547-002557 T0Block "normal_t0"
002558-002577 DataBlock
  ................ 00 00 00 00 00 00 00 00 00 00 00 00 00 00 00 00
  ....             01 00 00 00
002578-002601 ImageUseBlock id=178451376 xofs=0 yofs=0 xsize=320 ysize=11 brga=4294967295
002602-002734 DataBlock
  ................ 00 00 01 00 00 00 00 00 00 00 00 00 00 00 00 00
  ................ 00 01 01 00 00 00 00 00 00 00 00 00 00 00 00 00
  ..........?..... 00 00 00 00 00 00 00 00 00 80 3f 00 00 00 00 00
  ................ 00 00 00 00 00 00 00 00 00 00 00 00 00 00 00 00
  ...HB......4B... 00 00 00 48 42 00 00 00 00 00 00 34 42 00 00 00
  ................ 00 00 00 00 00 00 00 00 00 00 00 00 00 ff 00 00
  ................ 00 00 00 00 00 00 00 00 00 00 00 00 00 00 00 00
  ......?......... 01 00 00 00 00 80 3f 00 00 00 00 00 00 00 00 00
  ...5.            00 00 2e 35 0a
002735-002752 StringBlock "tx_religion_name"
002753-002811 DataBlock
  ................ 00 00 00 00 00 00 00 00 00 00 10 00 00 00 01 00
  ................ 00 00 00 00 01 00 00 00 00 01 00 00 00 00 00 00
  ...........p15.. 00 00 00 00 00 00 00 00 00 00 00 70 31 35 0a 00
  ...........      00 00 00 00 00 00 00 01 00 00 00
002812-002815 StateIDBlock 171258224
002816-002825 NewStateBlock "NewState"
002826-002829 XSizeBlock 240
002830-002833 YSizeBlock 24
002834-002865 UnicodeBlock "Religion T Name"
002866-002884 DataBlock
  ................ 00 00 02 00 00 00 04 00 00 00 00 00 00 00 01 00
  ...              00 00 00
002885-002964 UnicodeBlock "tx_target_religion_NewState_Text_7c0032"
002965-002968 DataBlock
  ....             00 00 00 00
002969-002981 FontNameBlock "la_gioconda"
002982-002997 DataBlock
  ................ 0c 00 00 00 01 00 00 00 00 00 00 00 d7 f8 ff ff
002998-003006 StringBlock "fe_text"
003007-003026 DataBlock
  ................ 0c 00 00 00 00 00 00 00 00 00 00 00 00 00 00 00
  ....             01 00 00 00
003027-003037 T0Block "normal_t0"
003038-003053 DataBlock
  ................ 00 00 00 00 00 00 00 00 00 00 00 00 00 00 00 00
003054-003064 T0Block "normal_t0"
003065-003118 DataBlock
  ................ 00 00 00 00 00 00 00 00 00 00 00 00 00 00 00 00
  ................ 00 00 00 00 00 00 00 00 00 00 00 00 00 00 00 00
  ................ 00 00 00 00 ff 00 00 00 00 00 00 00 01 00 00 00
  ...K.P           00 00 80 4b f4 50
003119-003132 StringBlock "value_parent"
003133-003191 DataBlock
  ................ 00 00 00 00 00 00 d2 00 00 00 00 00 00 00 01 00
  ................ 00 00 00 00 01 00 00 00 00 01 00 00 00 00 06 00
  ..X..........P. 00 00 58 00 00 00 00 00 00 00 00 80 7f 11 50 00
  ...........      00 00 00 00 00 00 00 01 00 00 00
003192-003195 StateIDBlock 1343324032
003196-003205 NewStateBlock "NewState"
003206-003209 XSizeBlock 118
003210-003213 YSizeBlock 24
003214-003240 DataBlock
  ................ 00 00 00 00 02 00 00 00 00 00 00 00 00 00 00 00
  ...........      02 00 00 00 00 00 00 00 00 00 00
003241-003252 FontNameBlock "Norse-Bold"
003253-003268 DataBlock
  ................ 0a 00 00 00 02 00 00 00 00 00 00 00 dd da fa ff
003269-003291 StringBlock "Default Font Category"
003292-003311 DataBlock
  ................ 00 00 00 00 00 00 00 00 00 00 00 00 00 00 00 00
  ....             00 00 00 00
003312-003322 T0Block "normal_t0"
003323-003338 DataBlock
  ................ 00 00 00 00 00 00 00 00 00 00 00 00 00 00 00 00
003339-003349 T0Block "normal_t0"
003350-003403 DataBlock
  ................ 00 00 00 00 00 00 00 00 00 00 00 00 00 00 00 00
  ................ 00 00 00 00 00 00 00 00 00 00 00 00 00 00 00 00
  ................ 00 00 00 00 ff 00 00 00 00 00 00 00 02 00 00 00
  ....0.           00 00 90 f0 30 0b
003404-003413 StringBlock "dy_value"
003414-003476 DataBlock
  ................ 00 00 00 00 00 00 00 00 00 00 00 00 00 00 01 00
  ................ 00 00 00 00 01 00 00 00 00 01 00 00 00 00 00 00
  .............0.. 00 00 00 00 00 00 00 00 00 00 00 00 f4 30 0b 00
  .............0.  00 00 00 00 00 00 00 01 00 00 00 00 f4 30 0b
003477-003486 StringBlock "positive"
003487-003521 DataBlock
  ".........5.0.%. 22 00 00 00 18 00 00 00 03 00 35 00 30 00 25 00
  ................ 00 00 03 00 00 00 04 00 00 00 00 00 00 00 03 00
  ...              00 00 00
003522-003581 UnicodeBlock "dy_value_positive_Text_300010"
003582-003585 DataBlock
  ....             00 00 00 00
003586-003598 FontNameBlock "la_gioconda"
003599-003614 DataBlock
  ................ 0c 00 00 00 01 00 00 00 00 00 00 00 d7 f8 ff ff
003615-003623 StringBlock "fe_text"
003624-003643 DataBlock
  ................ 00 00 00 00 00 00 00 00 00 00 00 00 00 00 00 00
  ....             01 00 00 00
003644-003654 T0Block "normal_t0"
003655-003670 DataBlock
  ................ 00 00 00 00 00 00 00 00 00 00 00 00 00 00 00 00
003671-003681 T0Block "normal_t0"
003682-003757 DataBlock
  ................ 00 00 00 00 00 00 00 00 00 00 00 00 00 00 00 00
  ................ 00 00 00 00 00 00 00 00 00 00 00 00 00 00 00 00
  ................ 00 00 00 00 ff 00 00 00 00 00 00 00 00 00 00 00
  .............?.. 00 00 00 00 00 00 00 01 00 00 00 00 80 3f 00 00
  .........{.Q     00 00 00 00 00 00 00 00 00 7b 11 51
003758-003777 StringBlock "dy_predicted_value"
003778-003840 DataBlock
  ......"......... 00 00 00 00 00 00 22 00 00 00 00 00 00 00 01 00
  ................ 00 00 00 00 01 00 00 00 00 01 00 00 00 00 00 00
  ..............P. 00 00 00 00 00 00 00 00 00 00 00 00 88 de 50 00
  ..............P  00 00 00 00 00 00 00 01 00 00 00 00 88 de 50
003841-003850 StringBlock "positive"
003851-003885 DataBlock
  T.........5.0.%. 54 00 00 00 18 00 00 00 03 00 35 00 30 00 25 00
  ................ 00 00 02 00 00 00 04 00 00 00 00 00 00 00 03 00
  ...              00 00 00
003886-003945 UnicodeBlock "dy_value_positive_Text_300010"
003946-003949 DataBlock
  ....             00 00 00 00
003950-003962 FontNameBlock "la_gioconda"
003963-003978 DataBlock
  ................ 0c 00 00 00 01 00 00 00 00 00 00 00 d7 f8 ff ff
003979-003995 StringBlock "fe_default_text"
003996-004015 DataBlock
  ................ 1c 00 00 00 16 00 00 00 00 00 00 00 00 00 00 00
  ....             01 00 00 00
004016-004026 T0Block "normal_t0"
004027-004042 DataBlock
  ................ 00 00 00 00 00 00 00 00 00 00 00 00 00 00 00 00
004043-004053 T0Block "normal_t0"
004054-004107 DataBlock
  ................ 00 00 00 00 00 00 00 00 00 00 00 00 00 00 00 00
  ................ 00 00 00 00 00 00 00 00 00 00 00 00 00 00 00 00
  ................ 00 00 00 00 ff 00 00 00 00 00 00 00 02 00 00 00
  .....Q           00 00 80 16 05 51
004108-004130 StringBlock "icon_predicted_change"
004131-004181 DataBlock
  ......<......... 00 00 00 00 00 00 3c 00 00 00 00 00 00 00 00 00
  ................ 00 00 00 00 01 00 00 00 00 01 00 00 00 00 06 00
  ..............Q. 00 00 00 00 00 00 00 00 00 00 00 80 f8 04 51 02
  ...              00 00 00
004182-004240 ImageBlock id=1360247552 xsize=24 ysize=24 path="ui\\skins\\default\\unit_effect_positive.png" unknown=330727424
004241-004241 DataBlock
  Q                51
004242-004284 ImagePathBlock "ui\\skins\\default\\unit_effect_negative.png"
004285-004305 DataBlock
  ................ 18 00 00 00 18 00 00 00 00 00 00 00 00 02 00 00
  ..d.Q            00 00 64 05 51
004306-004315 StringBlock "negative"
004316-004350 DataBlock
  ................ 18 00 00 00 18 00 00 00 00 00 00 00 02 00 00 00
  ................ 00 00 00 00 00 00 00 00 02 00 00 00 00 00 00 00
  ...              00 00 00
004351-004362 FontNameBlock "Norse-Bold"
004363-004378 DataBlock
  ................ 0a 00 00 00 02 00 00 00 00 00 00 00 dd da fa ff
004379-004401 StringBlock "Default Font Category"
004402-004421 DataBlock
  ................ 00 00 00 00 00 00 00 00 00 00 00 00 00 00 00 00
  ....             00 00 00 00
004422-004432 T0Block "normal_t0"
004433-004448 DataBlock
  ................ 00 00 00 00 00 00 00 00 00 00 00 00 00 00 00 00
004449-004459 T0Block "normal_t0"
004460-004596 DataBlock
  ................ 00 00 00 00 00 00 00 00 00 00 00 00 00 00 00 00
  .......Q........ 01 00 00 00 80 b6 13 51 00 00 00 00 fb ff ff ff
  ................ 18 00 00 00 18 00 00 00 ff ff ff ff 00 00 00 00
  ................ 00 00 00 00 00 00 00 00 00 00 00 00 00 01 01 00
  ................ 00 00 00 00 00 00 00 00 00 00 00 00 00 00 00 00
  ......?......... 00 00 00 00 00 80 3f 00 00 00 00 00 00 00 00 00
  ................ 00 00 00 00 00 00 00 00 00 00 00 00 00 00 00 00
  ................ 00 00 00 00 00 00 00 00 00 00 00 00 00 00 00 00
  ........Q        00 00 00 00 00 80 f8 04 51
004597-004606 StringBlock "positive"
004607-004641 DataBlock
  ................ 18 00 00 00 18 00 00 00 00 00 00 00 02 00 00 00
  ................ 00 00 00 00 00 00 00 00 02 00 00 00 00 00 00 00
  ...              00 00 00
004642-004653 FontNameBlock "Norse-Bold"
004654-004669 DataBlock
  ................ 0a 00 00 00 02 00 00 00 00 00 00 00 dd da fa ff
004670-004692 StringBlock "Default Font Category"
004693-004712 DataBlock
  ................ 00 00 00 00 00 00 00 00 00 00 00 00 00 00 00 00
  ....             00 00 00 00
004713-004723 T0Block "normal_t0"
004724-004739 DataBlock
  ................ 00 00 00 00 00 00 00 00 00 00 00 00 00 00 00 00
004740-004750 T0Block "normal_t0"
004751-004770 DataBlock
  ................ 00 00 00 00 00 00 00 00 00 00 00 00 00 00 00 00
  ....             01 00 00 00
004771-004794 ImageUseBlock id=1360247552 xofs=0 yofs=4 xsize=24 ysize=24 brga=4294967295
004795-004927 DataBlock
  ................ 00 00 00 00 00 00 00 00 00 00 00 00 00 00 00 00
  ................ 00 01 01 00 00 00 00 00 00 00 00 00 00 00 00 00
  ..........?..... 00 00 00 00 00 00 00 00 00 80 3f 00 00 00 00 00
  ................ 00 00 00 00 00 00 00 00 00 00 00 00 00 00 00 00
  ................ 00 00 00 00 00 00 00 00 00 00 00 00 00 00 00 00
  ................ 00 00 00 00 00 00 00 00 00 00 00 00 00 ff 00 00
  ................ 00 00 00 00 00 00 00 00 00 00 00 00 00 00 00 00
  ......?...?...?. 00 00 00 00 00 80 3f 00 00 80 3f 00 00 00 3f 00
  ...6+            00 c0 a1 36 2b
004928-004939 StringBlock "link_arrow"
004940-004986 DataBlock
  ................ 00 00 00 00 00 00 00 00 00 00 00 00 00 00 01 01
  ................ 00 00 00 00 01 00 00 00 00 01 00 00 00 00 04 00
  ...........@<./  00 00 00 00 00 00 00 00 00 00 00 40 3c c1 2f
004987-005047 ImageListBlock 1 elements:
  004991-005047 ImageBlock id=766488448 xsize=14 ysize=11 path="ui\\skins\\default\\faction_icon_arrow.png" unknown=0
005048-005052 DataBlock
  .....            00 01 00 00 00
005053-005056 StateIDBlock 801193024
005057-005066 NewStateBlock "NewState"
005067-005070 XSizeBlock 24
005071-005074 YSizeBlock 24
005075-005101 DataBlock
  ................ 00 00 00 00 02 00 00 00 00 00 00 00 00 00 00 00
  ...........      02 00 00 00 00 00 00 00 00 00 00
005102-005113 FontNameBlock "Norse-Bold"
005114-005129 DataBlock
  ................ 0a 00 00 00 02 00 00 00 00 00 00 00 dd da fa ff
005130-005152 StringBlock "Default Font Category"
005153-005172 DataBlock
  ................ 00 00 00 00 00 00 00 00 00 00 00 00 00 00 00 00
  ....             01 00 00 00
005173-005183 T0Block "normal_t0"
005184-005199 DataBlock
  ................ 00 00 00 00 00 00 00 00 00 00 00 00 00 00 00 00
005200-005210 T0Block "normal_t0"
005211-005230 DataBlock
  ................ 00 00 00 00 00 00 00 00 00 00 00 00 00 00 00 00
  ....             01 00 00 00
005231-005254 ImageUseBlock id=766488448 xofs=5 yofs=6 xsize=14 ysize=11 brga=4294967295
005255-005404 DataBlock
  ................ 00 00 00 00 01 05 00 00 00 00 00 00 00 00 00 00
  ......?......... 00 00 00 d8 0f c9 3f 00 00 00 00 00 00 00 00 00
  ..........?..... 00 00 00 00 00 00 00 00 00 80 3f 00 00 00 00 00
  ................ 00 00 00 00 00 00 00 00 00 00 00 00 00 00 00 00
  ................ 00 00 00 00 00 00 00 00 00 00 00 00 00 00 00 00
  ................ 00 00 00 00 00 00 00 00 00 00 00 00 00 ff 00 00
  ................ 00 00 00 00 00 00 00 00 00 00 00 00 00 00 00 00
  ......?.......?. 00 00 00 00 00 80 3f 00 00 00 00 00 00 00 3f 00
  ............?... 00 00 00 00 00 00 01 00 00 00 00 80 3f 00 00 00
  ......           00 00 00 00 00 01
005405-005420 StringBlock "HorizontalList"
005421-005518 DataBlock
  ................ 00 00 00 00 00 00 00 00 00 00 00 00 00 01 00 00
  ................ 00 01 00 00 00 00 00 00 00 00 00 00 00 00 00 00
  ................ 00 00 00 00 00 00 00 00 00 00 00 00 00 00 00 00
  ................ 00 00 00 00 00 00 00 00 00 00 00 00 00 00 00 00
  ..?...?...?..... 00 80 3f 00 00 80 3f 00 00 00 3f 00 00 00 00 00
  ........?....... 00 00 01 00 00 00 00 80 3f 00 00 00 00 00 00 00
  ..               00 01
005519-005524 StringBlock "List"
005525-005609 DataBlock
  .......C........ 01 00 00 00 00 00 a6 43 00 00 00 00 00 00 00 00
  ................ 00 01 00 00 00 01 00 00 00 00 00 00 00 00 00 00
  ................ 00 00 00 00 00 00 00 00 00 00 00 00 00 00 00 00
  ................ 00 00 00 00 00 00 00 00 00 00 00 00 00 00 00 00
  ......?......... 00 00 00 00 00 80 3f 00 00 00 00 00 00 00 00 00
  ..K5.            00 c0 4b 35 0a
005610-005635 StringBlock "religion_effect_template"
005636-005694 DataBlock
  ..........G..... 00 00 00 00 00 00 00 00 00 00 47 00 00 00 01 00
  ................ 00 00 00 00 01 00 00 00 00 01 00 00 00 00 00 00
  ...........0O5.. 00 00 00 00 00 00 00 00 00 00 00 30 4f 35 0a 00
  ...........      00 00 00 00 00 00 00 01 00 00 00
005695-005698 StateIDBlock 171265840
005699-005708 NewStateBlock "NewState"
005709-005712 XSizeBlock 240
005713-005716 YSizeBlock 24
005717-005740 UnicodeBlock "effect name"
005741-005759 DataBlock
  ................ 00 00 02 00 00 00 04 00 00 00 00 00 00 00 01 00
  ...              00 00 00
005760-005851 UnicodeBlock "religion_effect_template_NewState_Text_740044"
005852-005855 DataBlock
  ....             00 00 00 00
005856-005868 FontNameBlock "la_gioconda"
005869-005884 DataBlock
  ................ 0a 00 00 00 01 00 00 00 00 00 00 00 d7 f8 ff ff
005885-005899 StringBlock "fe_text_small"
005900-005919 DataBlock
   ............... 20 00 00 00 00 00 00 00 00 00 00 00 00 00 00 00
  ....             01 00 00 00
005920-005930 T0Block "normal_t0"
005931-005946 DataBlock
  ................ 00 00 00 00 00 00 00 00 00 00 00 00 00 00 00 00
005947-005957 T0Block "normal_t0"
005958-006011 DataBlock
  ................ 00 00 00 00 00 00 00 00 00 00 00 00 00 00 00 00
  ................ 00 00 00 00 00 00 00 00 00 00 00 00 00 00 00 00
  ................ 00 00 00 00 ff 00 00 00 00 00 00 00 01 00 00 00
  ..`Q5.           00 00 60 51 35 0a
006012-006021 StringBlock "dy_value"
006022-006084 DataBlock
  ................ 00 00 00 00 00 00 11 01 00 00 00 00 00 00 01 00
  ................ 00 00 00 00 01 00 00 00 00 01 00 00 00 00 00 00
  ............T5.. 00 00 00 00 00 00 00 00 00 00 00 d0 54 35 0a 00
  ...............  00 00 00 00 00 00 00 02 00 00 00 a0 e4 dc 09
006085-006094 StringBlock "negative"
006095-006127 DataBlock
  2.........5.5... 32 00 00 00 18 00 00 00 02 00 35 00 35 00 00 00
  ................ 04 00 00 00 04 00 00 00 00 00 00 00 02 00 00 00
  .                00
006128-006187 UnicodeBlock "dy_value_negative_Text_350035"
006188-006191 DataBlock
  ....             00 00 00 00
006192-006204 FontNameBlock "la_gioconda"
006205-006220 DataBlock
  ............--.. 0a 00 00 00 01 00 00 00 00 00 00 00 2d 2d ff ff
006221-006242 StringBlock "fe_tooltip_small_red"
006243-006262 DataBlock
  ................ 00 00 00 00 00 00 00 00 00 00 00 00 00 00 00 00
  ....             00 00 00 00
006263-006273 T0Block "normal_t0"
006274-006289 DataBlock
  ................ 00 00 00 00 00 00 00 00 00 00 00 00 00 00 00 00
006290-006300 T0Block "normal_t0"
006301-006336 DataBlock
  ................ 00 00 00 00 00 00 00 00 00 00 00 00 00 00 00 00
  ................ 00 00 00 00 00 00 00 00 00 00 00 00 00 00 00 00
  .T5.             d0 54 35 0a
006337-006346 StringBlock "positive"
006347-006377 DataBlock
  2.........5..... 32 00 00 00 18 00 00 00 01 00 35 00 00 00 04 00
  ...............  00 00 04 00 00 00 00 00 00 00 01 00 00 00 00
006378-006429 UnicodeBlock "dy_value_NewState_Text_35"
006430-006433 DataBlock
  ....             00 00 00 00
006434-006446 FontNameBlock "la_gioconda"
006447-006462 DataBlock
  ............7... 0a 00 00 00 01 00 00 00 00 00 00 00 37 ff a0 ff
006463-006486 StringBlock "fe_tooltip_small_green"
006487-006506 DataBlock
  ................ 00 00 00 00 00 00 00 00 00 00 00 00 00 00 00 00
  ....             01 00 00 00
006507-006517 T0Block "normal_t0"
006518-006533 DataBlock
  ................ 00 00 00 00 00 00 00 00 00 00 00 00 00 00 00 00
006534-006544 T0Block "normal_t0"
006545-006642 DataBlock
  ................ 00 00 00 00 00 00 00 00 00 00 00 00 00 00 00 00
  ................ 00 00 00 00 00 00 00 00 00 00 00 00 00 00 00 00
  ................ 00 00 00 00 ff 00 00 00 00 00 00 00 00 00 00 00
  .............?.. 00 00 00 00 00 00 00 01 00 00 00 00 80 3f 00 00
  ................ 00 00 00 00 00 00 00 00 00 00 00 00 00 01 00 00
  ...?.......... . 00 00 80 3f 00 00 00 00 00 00 00 00 00 00 20 89
  ..               1d 16
006643-006653 StringBlock "separator"
006654-006700 DataBlock
  .........._..... 00 00 00 00 00 00 00 00 00 00 5f 00 00 00 00 00
  ................ 00 00 00 00 01 00 00 00 00 01 00 00 00 00 00 00
  ...........@...  00 00 00 00 00 00 00 00 00 00 00 40 8d 1d 16
006701-006758 ImageListBlock 1 elements:
  006705-006758 ImageBlock id=371035296 xsize=169 ysize=14 path="ui\\skins\\default\\separator_skull.png" unknown=0
006759-006763 DataBlock
  .....            00 01 00 00 00
006764-006767 StateIDBlock 371035456
006768-006777 NewStateBlock "NewState"
006778-006781 XSizeBlock 320
006782-006785 YSizeBlock 16
006786-006812 DataBlock
  ................ 00 00 00 00 02 00 00 00 04 00 00 00 00 00 00 00
  ...........      02 00 00 00 00 00 00 00 00 00 00
006813-006825 FontNameBlock "la_gioconda"
006826-006841 DataBlock
  ................ 0c 00 00 00 01 00 00 00 00 00 00 00 d7 f8 ff ff
006842-006850 StringBlock "fe_text"
006851-006870 DataBlock
  ................ 0c 00 00 00 00 00 00 00 00 00 00 00 00 00 00 00
  ....             01 00 00 00
006871-006881 T0Block "normal_t0"
006882-006897 DataBlock
  ................ 00 00 00 00 00 00 00 00 00 00 00 00 00 00 00 00
006898-006908 T0Block "normal_t0"
006909-006928 DataBlock
  ................ 00 00 00 00 00 00 00 00 00 00 00 00 00 00 00 00
  ....             01 00 00 00
006929-006952 ImageUseBlock id=371035296 xofs=0 yofs=0 xsize=320 ysize=11 brga=4294967295
006953-007085 DataBlock
  ................ 00 00 01 00 00 00 00 00 00 00 00 00 00 00 00 00
  ................ 00 01 01 00 00 00 00 00 00 00 00 00 00 00 00 00
  ..........?..... 00 00 00 00 00 00 00 00 00 80 3f 00 00 00 00 00
  ................ 00 00 00 00 00 00 00 00 00 00 00 00 00 00 00 00
  ...HB......4B... 00 00 00 48 42 00 00 00 00 00 00 34 42 00 00 00
  ................ 00 00 00 00 00 00 00 00 00 00 00 00 00 ff 00 00
  ................ 00 00 00 00 00 00 00 00 00 00 00 00 00 00 00 00
  ......?......... 01 00 00 00 00 80 3f 00 00 00 00 00 00 00 00 00
  .....            00 00 86 c9 1f
007086-007101 StringBlock "tx_explanation"
007102-007160 DataBlock
  ..........o..... 00 00 00 00 00 00 00 00 00 00 6f 00 00 00 00 01
  ................ 00 00 00 00 01 00 00 00 00 01 00 00 00 00 00 00
  ...........`.... 00 00 00 00 00 00 00 00 00 00 00 60 89 c9 1f 00
  ...........      00 00 00 00 00 00 00 01 00 00 00
007161-007164 StateIDBlock 533301600
007165-007174 NewStateBlock "NewState"
007175-007178 XSizeBlock 320
007179-007182 YSizeBlock 24
007183-007234 UnicodeBlock "{{tr:corruption_tooltip}}"
007235-007253 DataBlock
  ................ 00 00 02 00 00 00 04 00 00 00 00 00 00 00 03 00
  ...              00 00 01
007254-007325 UnicodeBlock "tx_explanation_NewState_Text_3e003d"
007326-007329 DataBlock
  ....             00 00 00 00
007330-007342 FontNameBlock "la_gioconda"
007343-007358 DataBlock
  ................ 0c 00 00 00 01 00 00 00 00 00 00 00 d7 f8 ff ff
007359-007367 StringBlock "fe_text"
007368-007387 DataBlock
  ................ 0c 00 00 00 00 00 00 00 04 00 00 00 04 00 00 00
  ....             01 00 00 00
007388-007398 T0Block "normal_t0"
007399-007414 DataBlock
  ................ 00 00 00 00 00 00 00 00 00 00 00 00 00 00 00 00
007415-007425 T0Block "normal_t0"
007426-007496 DataBlock
  ................ 00 00 00 00 00 00 00 00 00 00 00 00 00 00 00 00
  ................ 00 00 00 00 00 00 00 00 00 00 00 00 00 00 00 00
  ................ 00 00 00 00 ff 00 00 00 00 00 00 00 00 00 00 00
  .............?.. 00 00 00 00 00 00 00 01 00 00 00 00 80 3f 00 00
  .......          00 00 00 00 00 00 01
007497-007502 StringBlock "List"
007503-007603 DataBlock
  .......C........ 01 00 00 00 00 00 ad 43 00 00 00 00 00 00 00 00
  ................ 00 01 00 00 00 01 00 00 00 00 00 06 00 00 00 00
  ................ 00 00 00 00 00 00 00 00 00 00 00 00 00 00 00 00
  ................ 00 00 00 00 00 00 00 00 00 00 00 00 00 00 00 00
  ......?......... 00 00 00 00 00 80 3f 00 00 00 00 00 00 00 00 00
  ............?... 00 00 00 00 00 00 00 00 00 00 00 80 3f 00 00 00
  .....            00 00 00 00 00
