000000-000009 VersionBlock 119
000010-000013 RootIDBlock 120582864
000014-000019 StringBlock "root"
000020-000097 DataBlock
  ................ 00 00 00 00 00 00 00 00 00 00 00 00 00 00 01 01
  ................ 00 00 00 00 01 00 00 00 00 01 00 00 00 00 00 00
  ................ 00 00 00 00 00 00 00 00 00 00 00 00 00 00 00 01
  ...p............ 00 00 00 70 c5 83 0d 00 00 00 05 00 00 c0 03 00
  ...........r..   00 00 00 00 00 00 01 00 00 00 e0 72 a3 0a
000098-000107 NewStateBlock "NewState"
000108-000111 XSizeBlock 1280
000112-000115 YSizeBlock 960
000116-000142 DataBlock
  ................ 00 00 00 00 02 00 00 00 00 00 00 00 00 00 00 00
  ...........      01 00 00 00 00 00 00 00 00 00 00
000143-000154 FontNameBlock "Norse-Bold"
000155-000170 DataBlock
  ................ 0a 00 00 00 02 00 00 00 00 00 00 00 dd da fa ff
000171-000193 StringBlock "Default Font Category"
000194-000213 DataBlock
  ................ 00 00 00 00 00 00 00 00 00 00 00 00 00 00 00 00
  ....             01 00 00 00
000214-000224 T0Block "normal_t0"
000225-000240 DataBlock
  ................ 00 00 00 00 00 00 00 00 00 00 00 00 00 00 00 00
000241-000251 T0Block "normal_t0"
000252-000406 DataBlock
  ................ 00 00 00 00 00 00 00 00 00 00 00 00 00 00 00 00
  ....p........... 01 00 00 00 70 c5 83 0d 00 00 00 00 00 00 00 00
  ............. 00 05 00 00 c0 03 00 00 7f 7f 7f ff 00 00 00 00
  ................ 00 00 00 00 00 00 00 00 00 00 00 00 00 01 01 00
  ................ 00 00 00 00 00 00 00 00 00 00 00 00 00 00 00 00
  ......?......... 00 00 00 00 00 80 3f 00 00 00 00 00 00 00 00 00
  ................ 00 00 00 00 00 00 00 00 00 00 00 00 00 00 00 00
  ................ 00 00 00 00 00 00 00 00 00 00 00 00 00 00 00 00
  ................ 00 00 00 00 00 00 00 00 00 00 00 00 00 00 00 00
  ........u..      00 01 00 00 00 00 00 00 75 a3 0a
000407-000431 StringBlock "in_battle_results_popup"
000432-000437 DataBlock
  ......           00 00 01 00 00 00
000438-000457 StringBlock "BattleResultsPopup"
000458-000518 DataBlock
  ................ 00 00 00 00 b0 01 00 00 b9 00 00 00 00 00 00 00
  ................ 00 00 01 00 00 00 00 01 00 00 00 00 05 00 00 00
  ................ 01 00 00 00 00 00 00 00 00 00 00 00 00 00 00 00
  .........`...    00 00 00 00 00 01 00 00 00 60 b4 db 0b
000519-000528 NewStateBlock "NewState"
000529-000532 XSizeBlock 418
000533-000536 YSizeBlock 589
000537-000563 DataBlock
  ................ 00 00 00 00 04 00 00 00 04 00 00 00 00 00 00 00
  ...........      01 00 00 00 00 00 00 00 00 00 00
000564-000575 FontNameBlock "Norse-Bold"
000576-000591 DataBlock
  ................ 0a 00 00 00 02 00 00 00 00 00 00 00 dd da fa ff
000592-000614 StringBlock "Default Font Category"
000615-000634 DataBlock
  ................ 00 00 00 00 00 00 00 00 00 00 00 00 00 00 00 00
  ....             01 00 00 00
000635-000645 T0Block "normal_t0"
000646-000661 DataBlock
  ................ 00 00 00 00 00 00 00 00 00 00 00 00 00 00 00 00
000662-000672 T0Block "normal_t0"
000673-000708 DataBlock
  ................ 00 00 00 00 00 00 00 00 00 00 00 00 00 00 00 00
  ................ 00 00 00 00 00 00 00 00 00 00 00 00 00 00 00 00
  ....             01 00 00 00
000709-000721 StringBlock "replay_size"
000722-000744 DataBlock
  ..450<.......... 03 00 34 35 30 3c 00 00 00 00 00 00 00 01 00 00
  ...0...          00 00 00 30 b7 bc 0d
000745-000756 StringBlock "background"
000757-000807 DataBlock
  ................ 00 00 00 00 00 00 00 00 00 00 00 00 00 00 00 01
  ................ 00 00 00 00 01 00 00 00 00 01 00 00 00 00 08 00
  ................ 00 00 00 00 00 00 00 00 00 00 00 00 00 00 00 02
  ...              00 00 00
000808-000863 ImageBlock id=160505296 xsize=256 ysize=256 path="ui\\skins\\default\\panel_back_border.png" unknown=3452010496
000864-000864 DataBlock
  .                09
000865-000902 ImagePathBlock "ui\\skins\\default\\panel_back_tile.png"
000903-000923 DataBlock
  ................ 00 01 00 00 00 01 00 00 00 00 00 00 00 01 00 00
  .`...            00 60 bb bc 0d
000924-000933 NewStateBlock "NewState"
000934-000937 XSizeBlock 418
000938-000941 YSizeBlock 589
000942-000968 DataBlock
  ................ 00 00 00 00 04 00 00 00 04 00 00 00 00 00 00 00
  ...........      01 00 00 00 00 00 00 00 00 00 00
000969-000980 FontNameBlock "Norse-Bold"
000981-000996 DataBlock
  ................ 0a 00 00 00 02 00 00 00 00 00 00 00 dd da fa ff
000997-001019 StringBlock "Default Font Category"
001020-001039 DataBlock
  ................ 00 00 00 00 00 00 00 00 00 00 00 00 00 00 00 00
  ....             01 00 00 00
001040-001050 T0Block "normal_t0"
001051-001066 DataBlock
  ................ 00 00 00 00 00 00 00 00 00 00 00 00 00 00 00 00
001067-001077 T0Block "normal_t0"
001078-001198 DataBlock
  ................ 00 00 00 00 00 00 00 00 00 00 00 00 00 00 00 00
  ................ 02 00 00 00 80 c1 cd 09 00 00 00 00 00 00 00 00
  ....M........... a2 01 00 00 4d 02 00 00 ff ff ff ff 00 00 01 00
  ................ 00 05 00 00 00 00 00 00 00 00 00 00 00 01 01 00
  ................ 00 00 00 00 00 00 00 00 00 00 00 00 00 00 00 00
  ......?......... 00 00 00 00 00 80 3f 00 00 00 00 00 00 00 00 00
  ............A... 00 00 00 00 00 00 00 00 00 00 00 c8 41 00 00 c8
  A...A...A        41 00 00 c8 41 00 00 c8 41
001199-001222 ImageUseBlock id=160505296 xofs=0 yofs=0 xsize=418 ysize=589 brga=4294967295
001223-001333 DataBlock
  ................ 00 00 01 00 00 00 00 00 00 00 00 00 00 00 00 00
  ................ 00 01 01 00 00 00 00 00 00 00 00 00 00 00 00 00
  ..........?..... 00 00 00 00 00 00 00 00 00 80 3f 00 00 00 00 00
  ................ 00 00 00 00 00 00 00 00 00 00 00 00 00 00 00 f0
  A...A...A...A... 41 00 00 f0 41 00 00 f0 41 00 00 f0 41 00 00 00
  ................ 00 00 00 00 00 00 00 00 00 00 00 00 00 0a 00 00
  ...............  00 00 00 00 00 04 00 00 00 00 00 f0 be db 0b
001334-001347 StringBlock "faction_flag"
001348-001398 DataBlock
  ......w......... 00 00 00 00 00 00 77 00 00 00 1d 00 00 00 00 00
  ................ 00 00 00 00 01 00 00 00 00 01 00 00 00 00 02 00
  ................ 00 00 00 00 00 00 1d 00 00 00 00 00 83 c4 0a 02
  ...              00 00 00
001399-001444 ImageBlock id=188483616 xsize=256 ysize=256 path="ui\\skins\\default\\mon_256.png" unknown=1007091712
001445-001445 DataBlock
  .                0b
001446-001478 ImagePathBlock "ui\\skins\\default\\mon_defeat.png"
001479-001499 DataBlock
  ................ 00 01 00 00 00 01 00 00 00 00 00 00 00 02 00 00
  .....            00 00 83 c4 0a
001500-001508 StringBlock "default"
001509-001543 DataBlock
  ................ b4 00 00 00 b4 00 00 00 00 00 00 00 02 00 00 00
  ................ 00 00 00 00 00 00 00 00 01 00 00 00 00 00 00 00
  ...              00 00 00
001544-001555 FontNameBlock "Norse-Bold"
001556-001571 DataBlock
  ................ 0a 00 00 00 02 00 00 00 00 00 00 00 dd da fa ff
001572-001594 StringBlock "Default Font Category"
001595-001614 DataBlock
  ................ 00 00 00 00 00 00 00 00 00 00 00 00 00 00 00 00
  ....             00 00 00 00
001615-001625 T0Block "normal_t0"
001626-001641 DataBlock
  ................ 00 00 00 00 00 00 00 00 00 00 00 00 00 00 00 00
001642-001652 T0Block "normal_t0"
001653-001672 DataBlock
  ................ 00 00 00 00 00 00 00 00 00 00 00 00 00 00 00 00
  ....             01 00 00 00
001673-001696 ImageUseBlock id=188483616 xofs=0 yofs=0 xsize=180 ysize=180 brga=4293980400
001697-001789 DataBlock
  ................ 00 00 00 00 00 00 00 00 00 00 00 00 00 00 00 00
  ................ 00 01 01 00 00 00 00 00 00 00 00 00 00 00 00 00
  ..........?..... 00 00 00 00 00 00 00 00 00 80 3f 00 00 00 00 00
  ................ 00 00 00 00 00 00 00 00 00 00 00 00 00 00 00 00
  ................ 00 00 00 00 00 00 00 00 00 00 00 00 00 00 00 00
  ......... ...    00 00 00 00 00 00 00 00 00 20 85 c4 0a
001790-001796 StringBlock "loser"
001797-001831 DataBlock
  ................ b4 00 00 00 b4 00 00 00 00 00 00 00 02 00 00 00
  ................ 00 00 00 00 00 00 00 00 01 00 00 00 00 00 00 00
  ...              00 00 00
001832-001843 FontNameBlock "Norse-Bold"
001844-001859 DataBlock
  ................ 0a 00 00 00 02 00 00 00 00 00 00 00 dd da fa ff
001860-001882 StringBlock "Default Font Category"
001883-001902 DataBlock
  ................ 00 00 00 00 00 00 00 00 00 00 00 00 00 00 00 00
  ....             00 00 00 00
001903-001913 T0Block "normal_t0"
001914-001929 DataBlock
  ................ 00 00 00 00 00 00 00 00 00 00 00 00 00 00 00 00
001930-001940 T0Block "normal_t0"
001941-001960 DataBlock
  ................ 00 00 00 00 00 00 00 00 00 00 00 00 00 00 00 00
  ....             02 00 00 00
001961-001984 ImageUseBlock id=188483616 xofs=0 yofs=0 xsize=180 ysize=180 brga=4293980400
001985-002196 DataBlock
  ................ 00 00 00 00 00 00 00 00 00 00 00 00 00 00 00 00
  ................ 00 01 01 00 00 00 00 00 00 00 00 00 00 00 00 00
  ..........?..... 00 00 00 00 00 00 00 00 00 80 3f 00 00 00 00 00
  ................ 00 00 00 00 00 00 00 00 00 00 00 00 00 00 00 00
  ...............< 00 00 00 00 00 00 00 00 00 00 00 00 00 00 07 3c
  ................ 0b 00 00 00 00 00 00 00 00 b4 00 00 00 b4 00 00
  ................ 00 ff ff ff ff 00 00 00 00 00 00 00 00 00 00 00
  ................ 00 00 00 00 00 00 01 01 00 00 00 00 00 00 00 00
  ...............? 00 00 00 00 00 00 00 00 00 00 00 00 00 00 80 3f
  ................ 00 00 00 00 00 00 00 00 00 00 00 00 00 00 00 00
  ................ 00 00 00 00 00 00 00 00 00 00 00 00 00 00 00 00
  ................ 00 00 00 00 00 00 00 00 00 00 00 00 00 00 00 00
  ................ 00 00 00 00 00 00 00 00 00 00 01 00 00 00 00 00
  0...             30 87 c4 0a
002197-002203 StringBlock "frame"
002204-002250 DataBlock
  ................ 00 00 00 00 00 00 f7 ff ff ff f5 ff ff ff 00 00
  ................ 00 00 00 00 00 00 00 00 00 01 00 00 00 00 00 00
  ...........@...  00 00 00 00 00 00 00 00 00 00 00 40 9e c4 0a
002251-002310 ImageListBlock 1 elements:
  002255-002310 ImageBlock id=188485984 xsize=196 ysize=197 path="ui\\skins\\default\\flag_holder_large.png" unknown=0
002311-002364 DataBlock
  .....@.....NewSt 00 01 00 00 00 40 9e c4 0a 08 00 4e 65 77 53 74
  ate............. 61 74 65 c8 00 00 00 c8 00 00 00 00 00 00 00 02
  ................ 00 00 00 00 00 00 00 00 00 00 00 01 00 00 00 00
  ......           00 00 00 00 00 00
002365-002376 FontNameBlock "Norse-Bold"
002377-002392 DataBlock
  ................ 0a 00 00 00 02 00 00 00 00 00 00 00 dd da fa ff
002393-002415 StringBlock "Default Font Category"
002416-002435 DataBlock
  ................ 00 00 00 00 00 00 00 00 00 00 00 00 00 00 00 00
  ....             00 00 00 00
002436-002446 T0Block "normal_t0"
002447-002462 DataBlock
  ................ 00 00 00 00 00 00 00 00 00 00 00 00 00 00 00 00
002463-002473 T0Block "normal_t0"
002474-002493 DataBlock
  ................ 00 00 00 00 00 00 00 00 00 00 00 00 00 00 00 00
  ....             01 00 00 00
002494-002517 ImageUseBlock id=188485984 xofs=0 yofs=0 xsize=200 ysize=200 brga=4294967295
002518-002672 DataBlock
  ................ 00 00 00 00 00 00 00 00 00 00 00 00 00 00 00 00
  ................ 00 01 01 00 00 00 00 00 00 00 00 00 00 00 00 00
  ..........?..... 00 00 00 00 00 00 00 00 00 80 3f 00 00 00 00 00
  ................ 00 00 00 00 00 00 00 00 00 00 00 00 00 00 00 00
  ................ 00 00 00 00 00 00 00 00 00 00 00 00 00 00 00 00
  ................ 00 00 00 00 00 00 00 00 00 00 00 00 00 00 00 00
  ................ 00 00 00 00 00 00 00 00 00 00 00 00 00 00 00 00
  ......?......... 00 00 00 00 00 80 3f 00 00 00 00 00 00 00 00 00
  ............?... 00 00 00 00 00 00 00 00 00 00 00 80 3f 00 00 00
  ?..........      3f 00 00 00 00 00 00 90 e9 c4 0a
002673-002691 StringBlock "button_background"
002692-002738 DataBlock
  ..........<..... 00 00 00 00 00 00 01 00 00 00 3c 01 00 00 00 01
  ................ 00 00 00 00 01 00 00 00 00 01 00 00 00 00 08 00
  ...............  00 00 00 00 00 00 00 00 00 00 00 00 ed c4 0a
002739-002798 ImageListBlock 1 elements:
  002743-002798 ImageBlock id=242914416 xsize=256 ysize=256 path="ui\\skins\\default\\panel_back_bottom.png" unknown=0
002799-002852 DataBlock
  ...........NewSt 00 01 00 00 00 00 ed c4 0a 08 00 4e 65 77 53 74
  ate............. 61 74 65 9f 01 00 00 11 01 00 00 00 00 00 00 02
  ................ 00 00 00 00 00 00 00 00 00 00 00 01 00 00 00 00
  ......           00 00 00 00 00 00
002853-002864 FontNameBlock "Norse-Bold"
002865-002880 DataBlock
  ................ 0a 00 00 00 02 00 00 00 00 00 00 00 dd da fa ff
002881-002903 StringBlock "Default Font Category"
002904-002923 DataBlock
  ................ 00 00 00 00 00 00 00 00 00 00 00 00 00 00 00 00
  ....             00 00 00 00
002924-002934 T0Block "normal_t0"
002935-002950 DataBlock
  ................ 00 00 00 00 00 00 00 00 00 00 00 00 00 00 00 00
002951-002961 T0Block "normal_t0"
002962-002981 DataBlock
  ................ 00 00 00 00 00 00 00 00 00 00 00 00 00 00 00 00
  ....             01 00 00 00
002982-003005 ImageUseBlock id=242914416 xofs=0 yofs=0 xsize=415 ysize=273 brga=4294967295
003006-003098 DataBlock
  ................ 00 00 01 00 00 00 00 00 00 00 00 00 00 00 00 00
  ................ 00 01 01 00 00 00 00 00 00 00 00 00 00 00 00 00
  ..........?..... 00 00 00 00 00 00 00 00 00 80 3f 00 00 00 00 00
  ................ 00 00 00 00 00 00 00 00 00 00 00 00 00 00 00 f0
  A.. B...A.. B... 41 00 00 20 42 00 00 f0 41 00 00 20 42 00 00 00
  .............    00 00 00 00 00 00 00 00 00 01 00 00 00
003099-003110 StringBlock "button_gap"
003111-003131 DataBlock
  ..0............. 01 00 30 0a 00 00 00 00 00 00 00 01 00 00 00 00
  ..J..            00 f0 4a e7 08
003132-003146 StringBlock "button_parent"
003147-003209 DataBlock
  ......'......... 00 00 00 00 00 00 27 00 00 00 16 00 00 00 00 01
  ................ 00 00 00 00 01 00 00 00 00 01 00 00 00 00 02 00
  ............N... 00 00 00 00 00 00 16 00 00 00 00 c0 4e e7 08 00
  ............N..  00 00 00 00 00 00 00 01 00 00 00 c0 4e e7 08
003210-003219 NewStateBlock "NewState"
003220-003223 XSizeBlock 336
003224-003227 YSizeBlock 228
003228-003254 DataBlock
  ................ 00 00 00 00 02 00 00 00 00 00 00 00 00 00 00 00
  ...........      01 00 00 00 00 00 00 00 00 00 00
003255-003266 FontNameBlock "Norse-Bold"
003267-003282 DataBlock
  ................ 0a 00 00 00 02 00 00 00 00 00 00 00 dd da fa ff
003283-003305 StringBlock "Default Font Category"
003306-003325 DataBlock
  ................ 00 00 00 00 00 00 00 00 00 00 00 00 00 00 00 00
  ....             00 00 00 00
003326-003336 T0Block "normal_t0"
003337-003352 DataBlock
  ................ 00 00 00 00 00 00 00 00 00 00 00 00 00 00 00 00
003353-003363 T0Block "normal_t0"
003364-003411 DataBlock
  ................ 00 00 00 00 00 00 00 00 00 00 00 00 00 00 00 00
  ................ 00 00 00 00 00 00 00 00 00 00 00 00 00 00 00 00
  ................ 00 00 00 00 0a 00 00 00 00 00 00 00 04 00 00 00
003412-003437 StringBlock "square_large_text_button"
003438-003445 DataBlock
  ...Q....         00 1b 1e 51 04 00 00 00
003446-003457 StringBlock "button_txt"
003458-003469 StringBlock "button_txt"
003470-003516 DataBlock
  ................ 00 00 00 00 00 00 00 00 00 00 00 00 00 00 00 00
  ...C..LB........ 00 80 a9 43 00 00 4c 42 05 00 00 00 00 00 00 00
  ...............  01 03 00 00 00 00 00 00 00 00 00 00 00 00 00
003517-003524 StringBlock "active"
003525-003532 DataBlock
  ........         00 00 00 00 00 00 00 00
003533-003542 StringBlock "inactive"
003543-003558 DataBlock
  ................ 00 00 00 00 00 00 00 00 00 00 00 00 00 00 00 00
003559-003573 StringBlock "smoke_overlay"
003574-003588 StringBlock "smoke_overlay"
003589-003665 DataBlock
  ..............@. 00 00 00 00 00 00 00 00 00 00 00 c0 00 00 40 c0
  ...C...C....<... 00 80 8d 43 00 80 8d 43 05 00 00 00 3c 00 00 00
  ................ 01 03 00 00 00 00 00 00 00 00 00 00 00 00 00 03
  .wh1..........wh 00 77 68 31 00 00 00 00 00 00 00 00 03 00 77 68
  2............    32 00 00 00 00 00 00 00 00 00 00 00 00
003666-003722 ImagePathListBlock 1 elements:
  003670-003722 ImagePathBlock "ui\\skins\\default\\button_square_large_text_hover.png"
003723-003741 DataBlock
  ..smoke_clip_par 11 00 73 6d 6f 6b 65 5f 63 6c 69 70 5f 70 61 72
  ent              65 6e 74
003742-003760 StringBlock "smoke_clip_parent"
003761-003807 DataBlock
  ................ 00 00 00 00 00 00 00 00 00 00 00 00 00 00 00 c0
  ...C...B....<... 00 80 8d 43 00 00 04 42 05 00 00 00 3c 00 00 00
  ...............  01 02 00 00 00 00 00 00 00 00 00 00 00 00 00
003808-003817 NewStateBlock "NewState"
003818-003821 XSizeBlock 0
003822-003825 YSizeBlock 0
003826-003835 DataBlock
  ..........       00 00 00 00 00 00 00 00 00 00
003836-003855 StringBlock "button_load_replay"
003856-003861 DataBlock
  ......           00 00 01 00 00 00
003862-003873 StringBlock "TextButton"
003874-003877 DataBlock
  ....             00 00 00 00
003878-003914 StringBlock "UI_GBL_TMP_Square_Large_Text_Button"
003915-003953 DataBlock
  ...........C..LB 00 00 00 00 00 00 00 00 00 80 a9 43 00 00 4c 42
  ................ 00 00 00 00 00 00 00 00 01 06 00 00 00 00 00 00
  .......          00 00 00 00 00 00 00
003954-003961 StringBlock "active"
003962-003969 DataBlock
  ........         00 00 00 00 00 00 00 00
003970-003975 StringBlock "down"
003976-003983 DataBlock
  ........         00 00 00 00 00 00 00 00
003984-003993 StringBlock "down_off"
003994-004001 DataBlock
  ........         00 00 00 00 00 00 00 00
004002-004008 StringBlock "hover"
004009-004016 DataBlock
  ........         00 00 00 00 00 00 00 00
004017-004026 StringBlock "inactive"
004027-004038 DataBlock
  ............     00 00 00 00 00 00 00 00 00 00 00 00
004039-004322 ImagePathListBlock 5 elements:
  004043-004097 ImagePathBlock "ui\\skins\\default\\button_square_large_text_pressed.png"
  004098-004154 ImagePathBlock "ui\\skins\\warhammer2\\button_square_large_text_active.png"
  004155-004207 ImagePathBlock "ui\\skins\\default\\button_square_large_text_hover.png"
  004208-004263 ImagePathBlock "ui\\skins\\default\\button_square_large_text_inactive.png"
  004264-004322 ImagePathBlock "ui\\skins\\warhammer2\\button_square_large_text_underlay.png"
004323-004405 DataBlock
  .....N....button 01 00 00 00 a0 4e c5 0a 0a 00 62 75 74 74 6f 6e
  _txt............ 5f 74 78 74 00 00 00 00 00 00 00 00 00 00 0a 00
  ................ 00 00 01 01 00 00 00 00 01 00 00 00 00 01 00 00
  ................ 00 00 05 00 00 00 00 00 00 00 00 00 00 00 00 00
  ...............p 00 00 00 00 00 00 00 00 00 00 00 01 00 00 00 70
  R..              52 c5 0a
004406-004415 NewStateBlock "NewState"
004416-004419 XSizeBlock 339
004420-004423 YSizeBlock 30
004424-004447 UnicodeBlock "Load Replay"
004448-004466 DataBlock
  ................ 00 00 04 00 00 00 04 00 00 00 00 00 00 00 02 00
  ...              00 00 01
004467-004540 UnicodeBlock "heading_txt_load_replay_Text_48007dg"
004541-004544 DataBlock
  ....             00 00 00 00
004545-004567 FontNameBlock "la_gioconda_uppercase"
004568-004583 DataBlock
  ................ 10 00 00 00 01 00 00 00 00 00 00 00 d7 f8 ff ff
004584-004605 StringBlock "fe_paragraph_heading"
004606-004625 DataBlock
  ................ 00 00 00 00 00 00 00 00 00 00 00 00 00 00 00 00
  ....             00 00 00 00
004626-004636 T0Block "normal_t0"
004637-004652 DataBlock
  ................ 00 00 00 00 00 00 00 00 00 00 00 00 00 00 00 00
004653-004663 T0Block "normal_t0"
004664-004699 DataBlock
  ................ 00 00 00 00 00 00 00 00 00 00 00 00 00 00 00 00
  ................ 00 00 00 00 00 00 00 00 00 00 00 00 00 00 00 00
  ....             02 00 00 00
004700-004714 StringBlock "dynamic_child"
004715-004717 DataBlock
  ..1              01 00 31
004718-004739 StringBlock "dynamic_child_parent"
004740-004759 StringBlock "button_load_replay"
004760-004793 DataBlock
  ................ 0a 00 00 00 00 00 00 00 00 00 00 00 00 00 00 00
  .........?...?.. 00 00 00 00 00 00 00 00 80 3f 00 00 00 3f 00 00
  .?               00 3f
004794-004819 StringBlock "square_large_text_button"
004820-004827 DataBlock
  ...Q....         00 c2 1d 51 04 00 00 00
004828-004839 StringBlock "button_txt"
004840-004851 StringBlock "button_txt"
004852-004898 DataBlock
  ................ 00 00 00 00 00 00 00 00 00 00 00 00 00 00 00 00
  ...C..LB........ 00 80 a9 43 00 00 4c 42 05 00 00 00 00 00 00 00
  ...............  01 03 00 00 00 00 00 00 00 00 00 00 00 00 00
004899-004906 StringBlock "active"
004907-004914 DataBlock
  ........         00 00 00 00 00 00 00 00
004915-004924 StringBlock "inactive"
004925-004940 DataBlock
  ................ 00 00 00 00 00 00 00 00 00 00 00 00 00 00 00 00
004941-004955 StringBlock "smoke_overlay"
004956-004970 StringBlock "smoke_overlay"
004971-005047 DataBlock
  ..............@. 00 00 00 00 00 00 00 00 00 00 00 c0 00 00 40 c0
  ...C...C....<... 00 80 8d 43 00 80 8d 43 05 00 00 00 3c 00 00 00
  ................ 01 03 00 00 00 00 00 00 00 00 00 00 00 00 00 03
  .wh1..........wh 00 77 68 31 00 00 00 00 00 00 00 00 03 00 77 68
  2............    32 00 00 00 00 00 00 00 00 00 00 00 00
005048-005104 ImagePathListBlock 1 elements:
  005052-005104 ImagePathBlock "ui\\skins\\default\\button_square_large_text_hover.png"
005105-005123 DataBlock
  ..smoke_clip_par 11 00 73 6d 6f 6b 65 5f 63 6c 69 70 5f 70 61 72
  ent              65 6e 74
005124-005142 StringBlock "smoke_clip_parent"
005143-005189 DataBlock
  ................ 00 00 00 00 00 00 00 00 00 00 00 00 00 00 00 c0
  ...C...B....<... 00 80 8d 43 00 00 04 42 05 00 00 00 3c 00 00 00
  ...............  01 02 00 00 00 00 00 00 00 00 00 00 00 00 00
005190-005199 NewStateBlock "NewState"
005200-005203 XSizeBlock 0
005204-005207 YSizeBlock 0
005208-005217 DataBlock
  ..........       00 00 00 00 00 00 00 00 00 00
005218-005237 StringBlock "button_save_replay"
005238-005243 DataBlock
  ......           00 00 01 00 00 00
005244-005255 StringBlock "TextButton"
005256-005259 DataBlock
  ....             00 00 00 00
005260-005296 StringBlock "UI_GBL_TMP_Square_Large_Text_Button"
005297-005335 DataBlock
  ...........C..LB 00 00 00 00 00 00 00 00 00 80 a9 43 00 00 4c 42
  ....#........... 00 00 00 00 23 00 00 00 01 06 00 00 00 00 00 00
  .......          00 00 00 00 00 00 00
005336-005343 StringBlock "active"
005344-005351 DataBlock
  ........         00 00 00 00 00 00 00 00
005352-005357 StringBlock "down"
005358-005365 DataBlock
  ........         00 00 00 00 00 00 00 00
005366-005375 StringBlock "down_off"
005376-005383 DataBlock
  ........         00 00 00 00 00 00 00 00
005384-005390 StringBlock "hover"
005391-005398 DataBlock
  ........         00 00 00 00 00 00 00 00
005399-005408 StringBlock "inactive"
005409-005420 DataBlock
  ............     00 00 00 00 00 00 00 00 00 00 00 00
005421-005704 ImagePathListBlock 5 elements:
  005425-005479 ImagePathBlock "ui\\skins\\default\\button_square_large_text_pressed.png"
  005480-005536 ImagePathBlock "ui\\skins\\warhammer2\\button_square_large_text_active.png"
  005537-005589 ImagePathBlock "ui\\skins\\default\\button_square_large_text_hover.png"
  005590-005645 ImagePathBlock "ui\\skins\\default\\button_square_large_text_inactive.png"
  005646-005704 ImagePathBlock "ui\\skins\\warhammer2\\button_square_large_text_underlay.png"
005705-005787 DataBlock
  .....~....button 01 00 00 00 f0 7e c5 0a 0a 00 62 75 74 74 6f 6e
  _txt............ 5f 74 78 74 00 00 00 00 00 00 00 00 00 00 0a 00
  ................ 00 00 01 01 00 00 00 00 01 00 00 00 00 01 00 00
  ................ 00 00 05 00 00 00 00 00 00 00 00 00 00 00 00 00
  ................ 00 00 00 00 00 00 00 00 00 00 00 01 00 00 00 c0
  ...              82 c5 0a
005788-005797 NewStateBlock "NewState"
005798-005801 XSizeBlock 339
005802-005805 YSizeBlock 30
005806-005829 UnicodeBlock "Save Replay"
005830-005848 DataBlock
  ................ 00 00 04 00 00 00 04 00 00 00 00 00 00 00 02 00
  ...              00 00 01
005849-005912 UnicodeBlock "button_txt_NewState_Text_470075"
005913-005916 DataBlock
  ....             00 00 00 00
005917-005939 FontNameBlock "la_gioconda_uppercase"
005940-005955 DataBlock
  ................ 10 00 00 00 01 00 00 00 00 00 00 00 d7 f8 ff ff
005956-005977 StringBlock "fe_paragraph_heading"
005978-005997 DataBlock
  ................ 00 00 00 00 00 00 00 00 00 00 00 00 00 00 00 00
  ....             00 00 00 00
005998-006008 T0Block "normal_t0"
006009-006024 DataBlock
  ................ 00 00 00 00 00 00 00 00 00 00 00 00 00 00 00 00
006025-006035 T0Block "normal_t0"
006036-006071 DataBlock
  ................ 00 00 00 00 00 00 00 00 00 00 00 00 00 00 00 00
  ................ 00 00 00 00 00 00 00 00 00 00 00 00 00 00 00 00
  ....             02 00 00 00
006072-006086 StringBlock "dynamic_child"
006087-006089 DataBlock
  ..1              01 00 31
006090-006111 StringBlock "dynamic_child_parent"
006112-006131 StringBlock "button_save_replay"
006132-006165 DataBlock
  ................ 0a 00 00 00 00 00 00 00 00 00 00 00 00 00 00 00
  .........?...?.. 00 00 00 00 00 00 00 00 80 3f 00 00 00 3f 00 00
  .?               00 3f
006166-006191 StringBlock "square_large_text_button"
006192-006199 DataBlock
  ...Q....         00 9f 1d 51 04 00 00 00
006200-006211 StringBlock "button_txt"
006212-006223 StringBlock "button_txt"
006224-006270 DataBlock
  ................ 00 00 00 00 00 00 00 00 00 00 00 00 00 00 00 00
  ...C..LB........ 00 80 a9 43 00 00 4c 42 05 00 00 00 00 00 00 00
  ...............  01 03 00 00 00 00 00 00 00 00 00 00 00 00 00
006271-006278 StringBlock "active"
006279-006286 DataBlock
  ........         00 00 00 00 00 00 00 00
006287-006296 StringBlock "inactive"
006297-006312 DataBlock
  ................ 00 00 00 00 00 00 00 00 00 00 00 00 00 00 00 00
006313-006327 StringBlock "smoke_overlay"
006328-006342 StringBlock "smoke_overlay"
006343-006419 DataBlock
  ..............@. 00 00 00 00 00 00 00 00 00 00 00 c0 00 00 40 c0
  ...C...C....<... 00 80 8d 43 00 80 8d 43 05 00 00 00 3c 00 00 00
  ................ 01 03 00 00 00 00 00 00 00 00 00 00 00 00 00 03
  .wh1..........wh 00 77 68 31 00 00 00 00 00 00 00 00 03 00 77 68
  2............    32 00 00 00 00 00 00 00 00 00 00 00 00
006420-006476 ImagePathListBlock 1 elements:
  006424-006476 ImagePathBlock "ui\\skins\\default\\button_square_large_text_hover.png"
006477-006495 DataBlock
  ..smoke_clip_par 11 00 73 6d 6f 6b 65 5f 63 6c 69 70 5f 70 61 72
  ent              65 6e 74
006496-006514 StringBlock "smoke_clip_parent"
006515-006561 DataBlock
  ................ 00 00 00 00 00 00 00 00 00 00 00 00 00 00 00 c0
  ...C...B....<... 00 80 8d 43 00 00 04 42 05 00 00 00 3c 00 00 00
  ...............  01 02 00 00 00 00 00 00 00 00 00 00 00 00 00
006562-006571 NewStateBlock "NewState"
006572-006575 XSizeBlock 0
006576-006579 YSizeBlock 0
006580-006589 DataBlock
  ..........       00 00 00 00 00 00 00 00 00 00
006590-006605 StringBlock "button_rematch"
006606-006611 DataBlock
  ......           00 00 01 00 00 00
006612-006623 StringBlock "TextButton"
006624-006627 DataBlock
  ....             00 00 00 00
006628-006664 StringBlock "UI_GBL_TMP_Square_Large_Text_Button"
006665-006703 DataBlock
  ...........C..LB 00 00 00 00 00 00 00 00 00 80 a9 43 00 00 4c 42
  ................ 00 00 00 00 0a 00 00 00 01 06 00 00 00 00 00 00
  .......          00 00 00 00 00 00 00
006704-006711 StringBlock "active"
006712-006719 DataBlock
  ........         00 00 00 00 00 00 00 00
006720-006725 StringBlock "down"
006726-006733 DataBlock
  ........         00 00 00 00 00 00 00 00
006734-006743 StringBlock "down_off"
006744-006751 DataBlock
  ........         00 00 00 00 00 00 00 00
006752-006758 StringBlock "hover"
006759-006766 DataBlock
  ........         00 00 00 00 00 00 00 00
006767-006776 StringBlock "inactive"
006777-006788 DataBlock
  ............     00 00 00 00 00 00 00 00 00 00 00 00
006789-007072 ImagePathListBlock 5 elements:
  006793-006847 ImagePathBlock "ui\\skins\\default\\button_square_large_text_pressed.png"
  006848-006904 ImagePathBlock "ui\\skins\\warhammer2\\button_square_large_text_active.png"
  006905-006957 ImagePathBlock "ui\\skins\\default\\button_square_large_text_hover.png"
  006958-007013 ImagePathBlock "ui\\skins\\default\\button_square_large_text_inactive.png"
  007014-007072 ImagePathBlock "ui\\skins\\warhammer2\\button_square_large_text_underlay.png"
007073-007155 DataBlock
  ......W...button 01 00 00 00 00 cd 57 0d 0a 00 62 75 74 74 6f 6e
  _txt............ 5f 74 78 74 00 00 00 00 00 00 00 00 00 00 0a 00
  ................ 00 00 01 01 00 00 00 00 01 00 00 00 00 01 00 00
  ................ 00 00 05 00 00 00 00 00 00 00 00 00 00 00 00 00
  ................ 00 00 00 00 00 00 00 00 00 00 00 01 00 00 00 d0
  .W.              d0 57 0d
007156-007165 NewStateBlock "NewState"
007166-007169 XSizeBlock 339
007170-007173 YSizeBlock 30
007174-007189 UnicodeBlock "Rematch"
007190-007208 DataBlock
  ................ 00 00 04 00 00 00 04 00 00 00 00 00 00 00 02 00
  ...              00 00 01
007209-007272 UnicodeBlock "button_txt_NewState_Text_670023"
007273-007276 DataBlock
  ....             00 00 00 00
007277-007299 FontNameBlock "la_gioconda_uppercase"
007300-007315 DataBlock
  ................ 10 00 00 00 01 00 00 00 00 00 00 00 d7 f8 ff ff
007316-007337 StringBlock "fe_paragraph_heading"
007338-007357 DataBlock
  ................ 00 00 00 00 00 00 00 00 00 00 00 00 00 00 00 00
  ....             00 00 00 00
007358-007368 T0Block "normal_t0"
007369-007384 DataBlock
  ................ 00 00 00 00 00 00 00 00 00 00 00 00 00 00 00 00
007385-007395 T0Block "normal_t0"
007396-007431 DataBlock
  ................ 00 00 00 00 00 00 00 00 00 00 00 00 00 00 00 00
  ................ 00 00 00 00 00 00 00 00 00 00 00 00 00 00 00 00
  ....             02 00 00 00
007432-007446 StringBlock "dynamic_child"
007447-007449 DataBlock
  ..1              01 00 31
007450-007471 StringBlock "dynamic_child_parent"
007472-007487 StringBlock "button_rematch"
007488-007521 DataBlock
  ................ 0a 00 00 00 00 00 00 00 00 00 00 00 00 00 00 00
  .........?...?.. 00 00 00 00 00 00 00 00 80 3f 00 00 00 3f 00 00
  .?               00 3f
007522-007547 StringBlock "square_large_text_button"
007548-007555 DataBlock
  .PYQ....         00 50 59 51 04 00 00 00
007556-007567 StringBlock "button_txt"
007568-007579 StringBlock "button_txt"
007580-007626 DataBlock
  ................ 00 00 00 00 00 00 00 00 00 00 00 00 00 00 00 00
  ...C..LB........ 00 80 a9 43 00 00 4c 42 05 00 00 00 00 00 00 00
  ...............  00 03 00 00 00 00 00 00 00 00 00 00 00 00 00
007627-007634 StringBlock "active"
007635-007642 DataBlock
  ........         00 00 00 00 00 00 00 00
007643-007652 StringBlock "inactive"
007653-007668 DataBlock
  ................ 00 00 00 00 00 00 00 00 00 00 00 00 00 00 00 00
007669-007683 StringBlock "smoke_overlay"
007684-007698 StringBlock "smoke_overlay"
007699-007775 DataBlock
  ..............@. 00 00 00 00 00 00 00 00 00 00 80 bf 00 00 40 c0
  ...C...C....<... 00 80 8d 43 00 80 8d 43 05 00 00 00 3c 00 00 00
  ................ 01 03 00 00 00 00 00 00 00 00 00 00 00 00 00 03
  .wh1..........wh 00 77 68 31 00 00 00 00 00 00 00 00 03 00 77 68
  2............    32 00 00 00 00 00 00 00 00 00 00 00 00
007776-007832 ImagePathListBlock 1 elements:
  007780-007832 ImagePathBlock "ui\\skins\\default\\button_square_large_text_hover.png"
007833-007851 DataBlock
  ..smoke_clip_par 11 00 73 6d 6f 6b 65 5f 63 6c 69 70 5f 70 61 72
  ent              65 6e 74
007852-007870 StringBlock "smoke_clip_parent"
007871-007917 DataBlock
  ................ 00 00 00 00 00 00 00 00 00 00 00 00 00 00 00 c0
  ...C...B....<... 00 80 8d 43 00 00 04 42 05 00 00 00 3c 00 00 00
  ...............  01 02 00 00 00 00 00 00 00 00 00 00 00 00 00
007918-007927 NewStateBlock "NewState"
007928-007931 XSizeBlock 0
007932-007935 YSizeBlock 0
007936-007945 DataBlock
  ..........       00 00 00 00 00 00 00 00 00 00
007946-007969 StringBlock "button_dismiss_results"
007970-007975 DataBlock
  ......           00 00 01 00 00 00
007976-007987 StringBlock "TextButton"
007988-007991 DataBlock
  ....             00 00 00 00
007992-008028 StringBlock "UI_GBL_TMP_Square_Large_Text_Button"
008029-008067 DataBlock
  ...........C..LB 00 00 00 00 00 00 00 00 00 80 a9 43 00 00 4c 42
  ................ 00 00 00 00 0a 00 00 00 01 06 00 00 00 00 00 00
  .......          00 00 00 00 00 00 00
008068-008075 StringBlock "active"
008076-008083 DataBlock
  ........         00 00 00 00 00 00 00 00
008084-008089 StringBlock "down"
008090-008097 DataBlock
  ........         00 00 00 00 00 00 00 00
008098-008107 StringBlock "down_off"
008108-008115 DataBlock
  ........         00 00 00 00 00 00 00 00
008116-008122 StringBlock "hover"
008123-008130 DataBlock
  ........         00 00 00 00 00 00 00 00
008131-008140 StringBlock "inactive"
008141-008152 DataBlock
  ............     00 00 00 00 00 00 00 00 00 00 00 00
008153-008436 ImagePathListBlock 5 elements:
  008157-008211 ImagePathBlock "ui\\skins\\default\\button_square_large_text_pressed.png"
  008212-008268 ImagePathBlock "ui\\skins\\warhammer2\\button_square_large_text_active.png"
  008269-008321 ImagePathBlock "ui\\skins\\default\\button_square_large_text_hover.png"
  008322-008377 ImagePathBlock "ui\\skins\\default\\button_square_large_text_inactive.png"
  008378-008436 ImagePathBlock "ui\\skins\\warhammer2\\button_square_large_text_underlay.png"
008437-008515 DataBlock
  ....p.W...string 01 00 00 00 70 fc 57 0d 06 00 73 74 72 69 6e 67
  ................ 00 00 00 00 00 00 00 00 00 00 0a 00 00 00 01 01
  ................ 00 00 00 00 01 00 00 00 00 01 00 00 00 00 05 00
  ...........@.X.. 00 00 00 00 00 00 00 00 00 00 00 40 00 58 0d 00
  ...........@.X.  00 00 00 00 00 00 00 04 00 00 00 40 00 58 0d
008516-008527 StringBlock "end_battle"
008528-008535 DataBlock
  S.......         53 01 00 00 1e 00 00 00
008536-008557 UnicodeBlock "End Battle"
008558-008576 DataBlock
  ................ 00 00 04 00 00 00 04 00 00 00 00 00 00 00 02 00
  ...              00 00 01
008577-008640 UnicodeBlock "button_txt_NewState_Text_3e007b"
008641-008644 DataBlock
  ....             00 00 00 00
008645-008667 FontNameBlock "la_gioconda_uppercase"
008668-008683 DataBlock
  ................ 10 00 00 00 01 00 00 00 00 00 00 00 d7 f8 ff ff
008684-008705 StringBlock "fe_paragraph_heading"
008706-008725 DataBlock
  ................ 00 00 00 00 00 00 00 00 00 00 00 00 00 00 00 00
  ....             00 00 00 00
008726-008736 T0Block "normal_t0"
008737-008752 DataBlock
  ................ 00 00 00 00 00 00 00 00 00 00 00 00 00 00 00 00
008753-008763 T0Block "normal_t0"
008764-008799 DataBlock
  ................ 00 00 00 00 00 00 00 00 00 00 00 00 00 00 00 00
  ................ 00 00 00 00 00 00 00 00 00 00 00 00 00 00 00 00
  p.X.             70 03 58 0d
008800-008811 StringBlock "end_replay"
008812-008819 DataBlock
  S.......         53 01 00 00 1e 00 00 00
008820-008841 UnicodeBlock "End Replay"
008842-008860 DataBlock
  ................ 00 00 04 00 00 00 04 00 00 00 00 00 00 00 02 00
  ...              00 00 01
008861-008928 UnicodeBlock "button_txt_end_replay_Text_3e0062"
008929-008932 DataBlock
  ....             00 00 00 00
008933-008955 FontNameBlock "la_gioconda_uppercase"
008956-008971 DataBlock
  ................ 10 00 00 00 01 00 00 00 00 00 00 00 d7 f8 ff ff
008972-008993 StringBlock "fe_paragraph_heading"
008994-009013 DataBlock
  ................ 00 00 00 00 00 00 00 00 00 00 00 00 00 00 00 00
  ....             00 00 00 00
009014-009024 T0Block "normal_t0"
009025-009040 DataBlock
  ................ 00 00 00 00 00 00 00 00 00 00 00 00 00 00 00 00
009041-009051 T0Block "normal_t0"
009052-009087 DataBlock
  ................ 00 00 00 00 00 00 00 00 00 00 00 00 00 00 00 00
  ................ 00 00 00 00 00 00 00 00 00 00 00 00 00 00 00 00
  .Ho)             80 48 6f 29
009088-009106 StringBlock "continue_campaign"
009107-009114 DataBlock
  S.......         53 01 00 00 1e 00 00 00
009115-009156 UnicodeBlock "Continue to Campaign"
009157-009175 DataBlock
  ................ 00 00 04 00 00 00 04 00 00 00 00 00 00 00 02 00
  ...              00 00 01
009176-009249 UnicodeBlock "string_continue_campaign_Text_520056"
009250-009253 DataBlock
  ....             00 00 00 00
009254-009276 FontNameBlock "la_gioconda_uppercase"
009277-009292 DataBlock
  ................ 10 00 00 00 01 00 00 00 00 00 00 00 d7 f8 ff ff
009293-009314 StringBlock "fe_paragraph_heading"
009315-009334 DataBlock
  ................ 00 00 00 00 00 00 00 00 00 00 00 00 00 00 00 00
  ....             00 00 00 00
009335-009345 T0Block "normal_t0"
009346-009361 DataBlock
  ................ 00 00 00 00 00 00 00 00 00 00 00 00 00 00 00 00
009362-009372 T0Block "normal_t0"
009373-009408 DataBlock
  ................ 00 00 00 00 00 00 00 00 00 00 00 00 00 00 00 00
  ................ 00 00 00 00 00 00 00 00 00 00 00 00 00 00 00 00
  ..X.             10 07 58 0d
009409-009426 StringBlock "exit_to_frontend"
009427-009434 DataBlock
  S.......         53 01 00 00 1e 00 00 00
009435-009470 UnicodeBlock "Exit to main menu"
009471-009489 DataBlock
  ................ 00 00 04 00 00 00 04 00 00 00 00 00 00 00 02 00
  ...              00 00 01
009490-009569 UnicodeBlock "button_txt_exit_to_frontend_Text_540057"
009570-009573 DataBlock
  ....             00 00 00 00
009574-009596 FontNameBlock "la_gioconda_uppercase"
009597-009612 DataBlock
  ................ 10 00 00 00 01 00 00 00 00 00 00 00 d7 f8 ff ff
009613-009634 StringBlock "fe_paragraph_heading"
009635-009654 DataBlock
  ................ 00 00 00 00 00 00 00 00 00 00 00 00 00 00 00 00
  ....             00 00 00 00
009655-009665 T0Block "normal_t0"
009666-009681 DataBlock
  ................ 00 00 00 00 00 00 00 00 00 00 00 00 00 00 00 00
009682-009692 T0Block "normal_t0"
009693-009728 DataBlock
  ................ 00 00 00 00 00 00 00 00 00 00 00 00 00 00 00 00
  ................ 00 00 00 00 00 00 00 00 00 00 00 00 00 00 00 00
  ....             02 00 00 00
009729-009743 StringBlock "dynamic_child"
009744-009746 DataBlock
  ..1              01 00 31
009747-009768 StringBlock "dynamic_child_parent"
009769-009792 StringBlock "button_dismiss_results"
009793-009827 DataBlock
  ................ 0a 00 00 00 00 00 00 00 00 00 00 00 00 00 00 00
  .........?...?.. 00 00 00 00 00 00 00 00 80 3f 00 00 00 3f 00 00
  .?.              00 3f 01
009828-009833 StringBlock "List"
009834-009948 DataBlock
  .......C...C...C 03 00 00 00 00 80 8d 43 00 80 a9 43 00 80 a9 43
  ................ 00 00 00 00 08 00 00 00 00 01 00 00 00 01 00 00
  ................ 00 00 00 00 00 00 00 00 00 00 00 00 00 00 00 00
  ................ 00 00 00 00 00 00 00 00 00 00 00 00 00 00 00 00
  ..............?. 00 00 00 00 00 00 00 00 00 00 01 00 00 80 3f 00
  ..?............. 00 00 3f 00 00 00 00 00 00 00 00 00 00 00 00 00
  ....?...?...?... 01 00 00 80 3f 00 00 00 3f 00 00 80 3f 00 00 c0
  |..              7c a6 07
009949-009965 StringBlock "panel_parchment"
009966-010012 DataBlock
  ................ 00 00 00 00 00 00 09 00 00 00 d3 00 00 00 00 00
  ................ 00 00 00 00 01 00 00 00 00 01 00 00 00 00 02 00
  ...............  00 00 00 00 00 00 d3 00 00 00 00 00 00 00 00
010013-010072 ImageListBlock 1 elements:
  010017-010072 ImageBlock id=306609088 xsize=256 ysize=256 path="ui\\skins\\default\\parchment_texture.png" unknown=0
010073-010124 DataBlock
  .....p.....norma 00 01 00 00 00 70 bd 06 0a 06 00 6e 6f 72 6d 61
  l....l.......... 6c 8f 01 00 00 6c 00 00 00 00 00 00 00 04 00 00
  ................ 00 00 00 00 00 00 00 00 00 01 00 00 00 00 00 00
  ....             00 00 00 00
010125-010137 FontNameBlock "la_gioconda"
010138-010153 DataBlock
  ................ 0c 00 00 00 01 00 00 00 00 00 00 00 d7 f8 ff ff
010154-010162 StringBlock "fe_text"
010163-010182 DataBlock
  ................ 00 00 00 00 00 00 00 00 00 00 00 00 00 00 00 00
  ....             01 00 00 00
010183-010193 T0Block "normal_t0"
010194-010209 DataBlock
  ................ 00 00 00 00 00 00 00 00 00 00 00 00 00 00 00 00
010210-010220 T0Block "normal_t0"
010221-010240 DataBlock
  ................ 00 00 00 00 00 00 00 00 00 00 00 00 00 00 00 00
  ....             01 00 00 00
010241-010264 ImageUseBlock id=306609088 xofs=0 yofs=0 xsize=393 ysize=108 brga=4294967295
010265-010375 DataBlock
  ................ 00 00 01 00 00 00 00 00 00 00 00 00 00 00 00 00
  ................ 00 01 01 00 00 00 00 00 00 00 00 00 00 00 00 00
  ..........?..... 00 00 00 00 00 00 00 00 00 80 3f 00 00 00 00 00
  ...............H 00 00 00 00 00 00 00 00 00 00 00 00 00 00 00 48
  B..HB..HB..HB... 42 00 00 48 42 00 00 48 42 00 00 48 42 00 00 00
  .............2.. 00 00 00 00 00 00 00 00 00 00 00 00 00 32 00 00
  ...........`...  00 00 00 00 00 01 00 00 00 00 00 60 a0 c4 0a
010376-010388 StringBlock "tx_text_box"
010389-010451 DataBlock
  ................ 00 00 00 00 00 00 00 00 00 00 00 00 00 00 01 01
  ................ 00 00 00 00 01 00 00 00 00 01 00 00 00 00 05 00
  ................ 00 00 00 00 00 00 00 00 00 00 00 c0 a3 c4 0a 00
  ...............  00 00 00 00 00 00 00 02 00 00 00 c0 a3 c4 0a
010452-010459 StringBlock "normal"
010460-010467 DataBlock
  ....l...         8f 01 00 00 6c 00 00 00
010468-010483 UnicodeBlock "dy_text"
010484-010502 DataBlock
  ................ 00 00 04 00 00 00 04 00 00 00 00 00 00 00 00 00
  ...              00 00 00
010503-010562 UnicodeBlock "tx_text_box_normal_Text_50000"
010563-010566 DataBlock
  ....             00 00 00 00
010567-010579 FontNameBlock "la_gioconda"
010580-010595 DataBlock
  ................ 0c 00 00 00 01 00 00 00 00 00 00 00 00 00 00 ff
010596-010611 StringBlock "parchment_text"
010612-010631 DataBlock
  ................ 0f 00 00 00 0f 00 00 00 00 00 00 00 00 00 00 00
  ....             01 00 00 00
010632-010642 T0Block "normal_t0"
010643-010658 DataBlock
  ................ 00 00 00 00 00 00 00 00 00 00 00 00 00 00 00 00
010659-010669 T0Block "normal_t0"
010670-010705 DataBlock
  ................ 00 00 00 00 00 00 00 00 00 00 00 00 00 00 00 00
  ................ 00 00 00 00 00 00 00 00 00 00 00 00 00 00 00 00
  ....             10 d6 c4 0a
010706-010720 StringBlock "lost_prologue"
010721-010728 DataBlock
  ....l...         8f 01 00 00 6c 00 00 00
010729-010866 UnicodeBlock "You have lost, would you like to rematch or return to the main menu?"
010867-010885 DataBlock
  ................ 00 00 04 00 00 00 04 00 00 00 00 00 00 00 00 00
  ...              00 00 01
010886-010961 UnicodeBlock "tx_text_box_lost_prologue_Text_5a001d"
010962-010965 DataBlock
  ....             00 00 00 00
010966-010978 FontNameBlock "la_gioconda"
010979-010994 DataBlock
  ................ 0c 00 00 00 01 00 00 00 00 00 00 00 00 00 00 ff
010995-011010 StringBlock "parchment_text"
011011-011030 DataBlock
  ................ 0f 00 00 00 0f 00 00 00 00 00 00 00 00 00 00 00
  ....             01 00 00 00
011031-011041 T0Block "normal_t0"
011042-011057 DataBlock
  ................ 00 00 00 00 00 00 00 00 00 00 00 00 00 00 00 00
011058-011068 T0Block "normal_t0"
011069-011160 DataBlock
  ................ 00 00 00 00 00 00 00 00 00 00 00 00 00 00 00 00
  ................ 00 00 00 00 00 00 00 00 00 00 00 00 00 00 00 00
  ....#........... 00 00 00 00 23 00 00 00 00 00 00 00 00 00 00 00
  .............?.. 00 00 00 00 00 00 00 00 00 00 00 00 80 3f 00 00
  .?...?.......... 00 3f 00 00 00 3f 00 00 00 00 00 00 00 00 00 00
  ...?...?....     00 00 80 3f 00 00 00 3f 00 00 00 00
011161-011173 StringBlock "panel_title"
011174-011183 DataBlock
  .n.Q......       80 6e 1e 51 01 00 00 00 00 00
011184-011197 StringBlock "title_plaque"
011198-011244 DataBlock
  ................ 00 00 00 00 00 00 00 00 00 00 00 00 00 00 c8 c1
  ...C..lB....<... 00 00 fa 43 00 00 6c 42 02 00 00 00 3c 00 00 00
  ...............  01 02 00 00 00 00 00 00 00 00 00 00 00 00 00
011245-011254 NewStateBlock "NewState"
011255-011258 XSizeBlock 0
011259-011262 YSizeBlock 0
011263-011266 DataBlock
  ....             00 00 00 00
011267-011304 ImagePathListBlock 1 elements:
  011271-011304 ImagePathBlock "ui\\skins\\default\\panel_title.png"
011305-011384 DataBlock
  ..........DY_tex 01 00 00 00 b0 dd c4 0a 07 00 44 59 5f 74 65 78
  t......x........ 74 00 00 00 00 00 00 78 00 00 00 0c 00 00 00 01
  ................ 01 00 00 00 00 01 00 00 00 00 01 00 00 00 00 02
  ................ 00 00 00 00 00 00 00 0c 00 00 00 00 00 00 00 00
  ................ 00 00 00 00 00 00 00 00 01 00 00 00 80 e7 c4 0a
011385-011392 StringBlock "normal"
011393-011400 DataBlock
  ....$...         04 01 00 00 24 00 00 00
011401-011420 UnicodeBlock "dy_header"
011421-011439 DataBlock
  ................ 00 00 04 00 00 00 00 00 00 00 00 00 00 00 02 00
  ...              00 00 00
011440-011493 UnicodeBlock "DY_text_normal_Text_150048"
011494-011497 DataBlock
  ....             00 00 00 00
011498-011520 FontNameBlock "la_gioconda_uppercase"
011521-011536 DataBlock
  ................ 12 00 00 00 01 00 00 00 00 00 00 00 d7 f8 ff ff
011537-011556 StringBlock "fe_section_heading"
011557-011576 DataBlock
  ................ 0f 00 00 00 00 00 00 00 07 00 00 00 00 00 00 00
  ....             01 00 00 00
011577-011587 T0Block "normal_t0"
011588-011603 DataBlock
  ................ 00 00 00 00 00 00 00 00 00 00 00 00 00 00 00 00
011604-011619 T0Block "drop_shadow_t0"
011620-011655 DataBlock
  .......?...@.... 00 00 00 00 00 00 80 3f 00 00 00 40 00 00 00 00
  ................ 00 00 00 00 00 00 00 00 00 00 00 00 00 00 00 00
  ....             02 00 00 00
011656-011670 StringBlock "dynamic_child"
011671-011673 DataBlock
  ..1              01 00 31
011674-011695 StringBlock "dynamic_child_parent"
011696-011709 StringBlock "title_plaque"
011710-011809 DataBlock
  ................ 0a 00 00 00 00 00 00 00 00 00 00 00 00 00 00 00
  .........?...?.. 00 00 00 00 00 00 00 00 80 3f 00 00 00 3f 00 00
  ...............? 00 00 00 00 00 00 00 00 00 00 00 00 00 00 80 3f
  ...?...?........ 00 00 00 3f 00 00 80 3f 00 00 00 00 00 00 00 00
  .....?...?...?.. 00 00 00 00 80 3f 00 00 00 3f 00 00 00 3f 00 00
  ...........?.... 00 00 00 00 00 00 00 00 00 00 80 3f 00 00 00 00
  ....             00 00 00 00
