000000-000009 VersionBlock 119
000010-000013 RootIDBlock 427855296
000014-000019 StringBlock "root"
000020-000097 DataBlock
  ................ 00 00 00 00 00 00 00 00 00 00 00 00 00 00 01 01
  ................ 00 00 00 00 01 00 00 00 00 01 00 00 00 00 00 00
  ........... .... 00 00 00 00 00 00 00 00 00 00 00 20 9b 80 19 01
  ................ 00 00 00 a0 ca 80 19 00 00 a0 05 00 00 84 03 00
  .......... ...   00 00 00 00 00 00 01 00 00 00 20 9b 80 19
000098-000107 NewStateBlock "NewState"
000108-000142 DataBlock
  ................ a0 05 00 00 84 03 00 00 00 00 00 00 02 00 00 00
  ................ 00 00 00 00 00 00 00 00 01 00 00 00 00 00 00 00
  ...              00 00 00
000143-000154 FontNameBlock "Norse-Bold"
000155-000170 DataBlock
  ................ 0a 00 00 00 02 00 00 00 00 00 00 00 dd da fa ff
000171-000193 StringBlock "Default Font Category"
000194-000213 DataBlock
  ................ 00 00 00 00 00 00 00 00 00 00 00 00 00 00 00 00
  ....             01 00 00 00
000214-000224 T0Block "normal_t0"
000225-000240 DataBlock
  ................ 00 00 00 00 00 00 00 00 00 00 00 00 00 00 00 00
000241-000251 T0Block "normal_t0"
000252-000406 DataBlock
  ................ 00 00 00 00 00 00 00 00 00 00 00 00 00 00 00 00
  ................ 01 00 00 00 a0 ca 80 19 00 00 00 00 00 00 00 00
  ................ a0 05 00 00 84 03 00 00 f0 f0 f0 ff 00 00 00 00
  ................ 00 00 00 00 00 00 00 00 00 00 00 00 00 01 01 00
  ................ 00 00 00 00 00 00 00 00 00 00 00 00 00 00 00 00
  ......?......... 00 00 00 00 00 80 3f 00 00 00 00 00 00 00 00 00
  ................ 00 00 00 00 00 00 00 00 00 00 00 00 00 00 00 00
  ................ 00 00 00 00 00 00 00 00 00 00 00 00 00 00 00 00
  ................ 00 00 00 00 00 00 00 00 00 00 00 00 00 00 00 00
  ...........      00 01 00 00 00 00 00 e0 c1 80 19
000407-000421 StringBlock "parchment_row"
000422-000472 DataBlock
  ......K......... 00 00 00 00 00 00 4b 02 00 00 8b 01 00 00 01 01
  ................ 00 00 00 00 01 00 00 00 00 01 00 00 00 00 00 00
  ...........`b... 00 00 00 00 00 00 00 00 00 00 00 60 62 80 19 08
  ...              00 00 00
000473-000539 ImageBlock id=427869440 xsize=233 ysize=31 path="ui\\skins\\default\\parchment_row_selected_hover.png" unknown=2158534656
000540-000540 DataBlock
  .                19
000541-000582 ImagePathBlock "ui\\skins\\default\\parchment_row_hover.png"
000583-000591 DataBlock
  .........        e9 00 00 00 1f 00 00 00 00
000592-000652 ImageBlock id=427870080 xsize=233 ysize=31 path="ui\\skins\\default\\parchment_row_selected.png" unknown=2364686336
000653-000653 DataBlock
  .                10
000654-000714 ImagePathBlock "ui\\skins\\default\\parchment_row_selected_hover_underline.png"
000715-000723 DataBlock
  .........        e9 00 00 00 1f 00 00 00 00
000724-000794 ImageBlock id=206618640 xsize=233 ysize=31 path="ui\\skins\\default\\parchment_row_selected_underline.png" unknown=1527611392
000795-000795 DataBlock
  .                10
000796-000847 ImagePathBlock "ui\\skins\\default\\parchment_row_hover_underline.png"
000848-000856 DataBlock
  .........        e9 00 00 00 1f 00 00 00 00
000857-000916 ImageBlock id=273834944 xsize=233 ysize=31 path="ui\\skins\\default\\parchment_row_pressed.png" unknown=2366570496
000917-000917 DataBlock
  .                10
000918-000971 ImagePathBlock "ui\\skins\\default\\parchment_row_pressed_underline.png"
000972-000992 DataBlock
  ................ e9 00 00 00 1f 00 00 00 00 00 00 00 00 07 00 00
  .`...            00 60 a2 8f 10
000993-000998 StringBlock "down"
000999-001033 DataBlock
  ................ 0e 01 00 00 1c 00 00 00 00 00 00 00 02 00 00 00
  ................ 00 00 00 00 00 00 00 00 01 00 00 00 00 00 00 00
  ...              00 00 00
001034-001045 FontNameBlock "Norse-Bold"
001046-001061 DataBlock
  ................ 0a 00 00 00 02 00 00 00 00 00 00 00 dd da fa ff
001062-001084 StringBlock "Default Font Category"
001085-001104 DataBlock
  ................ 00 00 00 00 00 00 00 00 00 00 00 00 00 00 00 00
  ....             01 00 00 00
001105-001115 T0Block "normal_t0"
001116-001131 DataBlock
  ................ 00 00 00 00 00 00 00 00 00 00 00 00 00 00 00 00
001132-001142 T0Block "normal_t0"
001143-001420 DataBlock
  ................ 00 00 00 00 00 00 00 00 00 00 00 00 00 00 00 00
  .....cR......... 02 00 00 00 c0 63 52 10 00 00 00 00 fd ff ff ff
  ................ 0e 01 00 00 1f 00 00 00 ff ff ff ff 00 00 00 00
  ................ 00 08 00 00 00 00 00 00 00 00 00 00 00 01 01 00
  ................ 00 00 00 00 00 00 00 00 00 00 00 00 00 00 00 00
  ......?......... 00 00 00 00 00 80 3f 00 00 00 00 00 00 00 00 00
  ..............., 00 00 00 00 00 00 00 00 00 00 00 00 00 00 00 2c
  B......,B....... 42 00 00 00 00 00 00 2c 42 00 0f 8d 10 00 00 00
  ................ 00 03 00 00 00 0e 01 00 00 1f 00 00 00 ff ff ff
  ................ ff 00 00 01 00 00 08 00 00 00 00 00 00 00 06 00
  ................ 00 00 01 00 00 00 00 00 00 00 00 00 00 00 00 00
  ...........?.... 00 00 00 00 00 00 00 00 00 00 80 3f 00 00 00 00
  ................ 00 00 00 00 00 00 00 00 00 00 00 00 00 00 00 00
  ....,B......,Bk. 00 00 00 00 2c 42 00 00 00 00 00 00 2c 42 6b 00
  ../...........`. 00 00 2f 01 00 00 02 00 00 00 03 00 00 00 60 b2
  ......@......... 80 19 00 00 00 00 40 00 00 00 00 00 00 00 01 00
  ...q......@..... 00 00 e0 71 80 19 00 00 00 00 40 00 00 00 00 00
  ...q..           00 00 e0 71 80 19
001421-001430 StringBlock "down_off"
001431-001465 DataBlock
  ................ 0e 01 00 00 1c 00 00 00 00 00 00 00 02 00 00 00
  ................ 00 00 00 00 00 00 00 00 01 00 00 00 00 00 00 00
  ...              00 00 00
001466-001477 FontNameBlock "Norse-Bold"
001478-001493 DataBlock
  ................ 0a 00 00 00 02 00 00 00 00 00 00 00 dd da fa ff
001494-001516 StringBlock "Default Font Category"
001517-001536 DataBlock
  ................ 00 00 00 00 00 00 00 00 00 00 00 00 00 00 00 00
  ....             01 00 00 00
001537-001547 T0Block "normal_t0"
001548-001563 DataBlock
  ................ 00 00 00 00 00 00 00 00 00 00 00 00 00 00 00 00
001564-001574 T0Block "normal_t0"
001575-001852 DataBlock
  ................ 00 00 00 00 00 00 00 00 00 00 00 00 00 00 00 00
  ................ 02 00 00 00 a0 a8 80 19 00 00 00 00 fd ff ff ff
  ................ 0e 01 00 00 1f 00 00 00 ff ff ff ff 00 00 00 00
  ................ 00 08 00 00 00 00 00 00 00 00 00 00 00 01 01 00
  ................ 00 00 00 00 00 00 00 00 00 00 00 00 00 00 00 00
  ......?......... 00 00 00 00 00 80 3f 00 00 00 00 00 00 00 00 00
  ..............., 00 00 00 00 00 00 00 00 00 00 00 00 00 00 00 2c
  B......,B..[.... 42 00 00 00 00 00 00 2c 42 80 0d 5b 10 00 00 00
  ................ 00 03 00 00 00 0e 01 00 00 1f 00 00 00 ff ff ff
  ................ ff 00 00 01 00 00 08 00 00 00 00 00 00 00 06 00
  ................ 00 00 01 00 00 00 00 00 00 00 00 00 00 00 00 00
  ...........?.... 00 00 00 00 00 00 00 00 00 00 80 3f 00 00 00 00
  ................ 00 00 00 00 00 00 00 00 00 00 00 00 00 00 00 00
  ....,B......,B.. 00 00 00 00 2c 42 00 00 00 00 00 00 2c 42 ba 00
  ..............`. 00 00 d7 00 00 00 02 00 00 00 00 00 00 00 60 a2
  ......@......... 8f 10 00 00 00 00 40 00 00 00 00 00 00 00 08 00
  ..`b............ 00 00 60 62 80 19 00 00 00 00 00 00 00 00 00 00
  ..`...           00 00 60 b2 80 19
001853-001859 StringBlock "hover"
001860-001894 DataBlock
  ................ 0e 01 00 00 1c 00 00 00 00 00 00 00 02 00 00 00
  ................ 00 00 00 00 00 00 00 00 01 00 00 00 00 00 00 00
  ...              00 00 00
001895-001906 FontNameBlock "Norse-Bold"
001907-001922 DataBlock
  ................ 0a 00 00 00 02 00 00 00 00 00 00 00 dd da fa ff
001923-001945 StringBlock "Default Font Category"
001946-001965 DataBlock
  ................ 00 00 00 00 00 00 00 00 00 00 00 00 00 00 00 00
  ....             01 00 00 00
001966-001976 T0Block "normal_t0"
001977-001992 DataBlock
  ................ 00 00 00 00 00 00 00 00 00 00 00 00 00 00 00 00
001993-002003 T0Block "normal_t0"
002004-002483 DataBlock
  ................ 00 00 00 00 00 00 00 00 00 00 00 00 00 00 00 00
  ................ 04 00 00 00 a0 a8 80 19 00 00 00 00 fd ff ff ff
  ................ 0e 01 00 00 1f 00 00 00 ff ff ff 00 00 00 00 00
  ................ 00 08 00 00 00 00 00 00 00 00 00 00 00 01 01 00
  ................ 00 00 00 00 00 00 00 00 00 00 00 00 00 00 00 00
  ......?......... 00 00 00 00 00 80 3f 00 00 00 00 00 00 00 00 00
  ..............., 00 00 00 00 00 00 00 00 00 00 00 00 00 00 00 2c
  B......,B....... 42 00 00 00 00 00 00 2c 42 a0 a8 80 19 00 00 00
  ................ 00 fd ff ff ff 0e 01 00 00 1f 00 00 00 ff ff ff
  ................ ff 00 00 00 00 00 08 00 00 00 00 00 00 00 00 00
  ................ 00 00 01 01 00 00 00 00 00 00 00 00 00 00 00 00
  ...........?.... 00 00 00 00 00 00 00 00 00 00 80 3f 00 00 00 00
  ................ 00 00 00 00 00 00 00 00 00 00 00 00 00 00 00 00
  ....,B......,B.. 00 00 00 00 2c 42 00 00 00 00 00 00 2c 42 80 0d
  [............... 5b 10 00 00 00 00 03 00 00 00 0e 01 00 00 1f 00
  ................ 00 00 ff ff ff 00 00 00 01 00 00 08 00 00 00 00
  ................ 00 00 00 06 00 00 00 01 00 00 00 00 00 00 00 00
  ................ 00 00 00 00 00 00 00 00 00 00 00 00 00 00 00 80
  ?............... 3f 00 00 00 00 00 00 00 00 00 00 00 00 00 00 00
  .........,B..... 00 00 00 00 00 00 00 00 00 2c 42 00 00 00 00 00
  .,B..[.......... 00 2c 42 80 0d 5b 10 00 00 00 00 03 00 00 00 0e
  ................ 01 00 00 1f 00 00 00 ff ff ff ff 00 00 01 00 00
  ................ 08 00 00 00 00 00 00 00 06 00 00 00 01 00 00 00
  ................ 00 00 00 00 00 00 00 00 00 00 00 00 00 00 00 00
  .....?.......... 00 00 00 00 80 3f 00 00 00 00 00 00 00 00 00 00
  ..............,B 00 00 00 00 00 00 00 00 00 00 00 00 00 00 2c 42
  ......,B........ 00 00 00 00 00 00 2c 42 1e 00 00 00 cf 00 00 00
  ........`b..d... 02 00 00 00 01 00 00 00 60 62 80 19 64 00 00 00
  @...........`... 40 00 00 00 00 00 00 00 02 00 00 00 60 a2 8f 10
  ....@.........<8 00 00 00 00 40 00 00 00 00 00 00 00 80 fb 3c 38
002484-002492 StringBlock "invalid"
002493-002527 DataBlock
  ................ 0e 01 00 00 1c 00 00 00 00 00 00 00 02 00 00 00
  ................ 00 00 00 00 00 00 00 00 01 00 00 00 00 00 00 00
  ...              00 00 00
002528-002539 FontNameBlock "Norse-Bold"
002540-002555 DataBlock
  ................ 0a 00 00 00 02 00 00 00 00 00 00 00 dd da fa ff
002556-002578 StringBlock "Default Font Category"
002579-002598 DataBlock
  ................ 00 00 00 00 00 00 00 00 00 00 00 00 00 00 00 00
  ....             01 01 00 00
002599-002609 T0Block "normal_t0"
002610-002625 DataBlock
  ................ 00 00 00 00 00 00 00 00 00 00 00 00 00 00 00 00
002626-002636 T0Block "normal_t0"
002637-002672 DataBlock
  ................ 00 00 00 00 00 00 00 00 00 00 00 00 00 00 00 00
  ....p...[....... 00 00 00 00 70 00 00 00 5b 00 00 00 00 00 00 00
  .x..             c0 78 80 19
002673-002682 StringBlock "selected"
002683-002717 DataBlock
  ................ 0e 01 00 00 1c 00 00 00 00 00 00 00 02 00 00 00
  ................ 00 00 00 00 00 00 00 00 01 00 00 00 00 00 00 00
  ...              00 00 00
002718-002729 FontNameBlock "Norse-Bold"
002730-002745 DataBlock
  ................ 0a 00 00 00 02 00 00 00 00 00 00 00 dd da fa ff
002746-002768 StringBlock "Default Font Category"
002769-002788 DataBlock
  ................ 00 00 00 00 00 00 00 00 00 00 00 00 00 00 00 00
  ....             01 00 00 00
002789-002799 T0Block "normal_t0"
002800-002815 DataBlock
  ................ 00 00 00 00 00 00 00 00 00 00 00 00 00 00 00 00
002816-002826 T0Block "normal_t0"
002827-003286 DataBlock
  ................ 00 00 00 00 00 00 00 00 00 00 00 00 00 00 00 00
  ................ 04 00 00 00 80 c7 80 19 00 00 00 00 fd ff ff ff
  ................ 0e 01 00 00 1f 00 00 00 ff ff ff ff 00 00 00 00
  ................ 00 08 00 00 00 00 00 00 00 00 00 00 00 01 01 00
  ................ 00 00 00 00 00 00 00 00 00 00 00 00 00 00 00 00
  ......?......... 00 00 00 00 00 80 3f 00 00 00 00 00 00 00 00 00
  ..............., 00 00 00 00 00 00 00 00 00 00 00 00 00 00 00 2c
  B......,B....... 42 00 00 00 00 00 00 2c 42 00 c5 80 19 00 00 00
  ................ 00 fd ff ff ff 0e 01 00 00 1f 00 00 00 ff ff ff
  ................ 00 00 00 00 00 00 08 00 00 00 00 00 00 00 00 00
  ................ 00 00 01 01 00 00 00 00 00 00 00 00 00 00 00 00
  ...........?.... 00 00 00 00 00 00 00 00 00 00 80 3f 00 00 00 00
  ................ 00 00 00 00 00 00 00 00 00 00 00 00 00 00 00 00
  ....,B......,B.. 00 00 00 00 2c 42 00 00 00 00 00 00 2c 42 10 c0
  P............... 50 0c 00 00 00 00 03 00 00 00 0e 01 00 00 1f 00
  ................ 00 00 ff ff ff ff 00 00 01 00 00 08 00 00 00 00
  ................ 00 00 00 06 00 00 00 01 00 00 00 00 00 00 00 00
  ................ 00 00 00 00 00 00 00 00 00 00 00 00 00 00 00 80
  ?............... 3f 00 00 00 00 00 00 00 00 00 00 00 00 00 00 00
  .........,B..... 00 00 00 00 00 00 00 00 00 2c 42 00 00 00 00 00
  .,B@............ 00 2c 42 40 f2 8c 10 00 00 00 00 03 00 00 00 0e
  ................ 01 00 00 1f 00 00 00 ff ff ff 00 00 00 01 00 00
  ................ 08 00 00 00 00 00 00 00 06 00 00 00 01 00 00 00
  ................ 00 00 00 00 00 00 00 00 00 00 00 00 00 00 00 00
  .....?.......... 00 00 00 00 80 3f 00 00 00 00 00 00 00 00 00 00
  ..............,B 00 00 00 00 00 00 00 00 00 00 00 00 00 00 2c 42
  ......,B........ 00 00 00 00 00 00 2c 42 03 01 00 00 cc 00 00 00
  ........`...d... 01 00 00 00 00 00 00 00 60 cd 80 19 64 00 00 00
  @.......`...     40 00 00 00 00 00 00 00 60 cd 80 19
003287-003302 StringBlock "selected_hover"
003303-003337 DataBlock
  ................ 0e 01 00 00 1c 00 00 00 00 00 00 00 02 00 00 00
  ................ 00 00 00 00 00 00 00 00 01 00 00 00 00 00 00 00
  ...              00 00 00
003338-003349 FontNameBlock "Norse-Bold"
003350-003365 DataBlock
  ................ 0a 00 00 00 02 00 00 00 00 00 00 00 dd da fa ff
003366-003388 StringBlock "Default Font Category"
003389-003408 DataBlock
  ................ 00 00 00 00 00 00 00 00 00 00 00 00 00 00 00 00
  ....             01 00 00 00
003409-003419 T0Block "normal_t0"
003420-003435 DataBlock
  ................ 00 00 00 00 00 00 00 00 00 00 00 00 00 00 00 00
003436-003446 T0Block "normal_t0"
003447-003906 DataBlock
  ................ 00 00 00 00 00 00 00 00 00 00 00 00 00 00 00 00
  ................ 04 00 00 00 80 c7 80 19 00 00 00 00 fd ff ff ff
  ................ 0e 01 00 00 1f 00 00 00 ff ff ff 00 00 00 00 00
  ................ 00 08 00 00 00 00 00 00 00 00 00 00 00 01 01 00
  ................ 00 00 00 00 00 00 00 00 00 00 00 00 00 00 00 00
  ......?......... 00 00 00 00 00 80 3f 00 00 00 00 00 00 00 00 00
  ..............., 00 00 00 00 00 00 00 00 00 00 00 00 00 00 00 2c
  B......,B....... 42 00 00 00 00 00 00 2c 42 00 c5 80 19 00 00 00
  ................ 00 fd ff ff ff 0e 01 00 00 1f 00 00 00 ff ff ff
  ................ ff 00 00 00 00 00 08 00 00 00 00 00 00 00 00 00
  ................ 00 00 01 01 00 00 00 00 00 00 00 00 00 00 00 00
  ...........?.... 00 00 00 00 00 00 00 00 00 00 80 3f 00 00 00 00
  ................ 00 00 00 00 00 00 00 00 00 00 00 00 00 00 00 00
  ....,B......,B.. 00 00 00 00 2c 42 00 00 00 00 00 00 2c 42 10 c0
  P............... 50 0c 00 00 00 00 03 00 00 00 0e 01 00 00 1f 00
  ................ 00 00 ff ff ff ff 00 00 01 00 00 08 00 00 00 00
  ................ 00 00 00 06 00 00 00 01 00 00 00 00 00 00 00 00
  ................ 00 00 00 00 00 00 00 00 00 00 00 00 00 00 00 80
  ?............... 3f 00 00 00 00 00 00 00 00 00 00 00 00 00 00 00
  .........,B..... 00 00 00 00 00 00 00 00 00 2c 42 00 00 00 00 00
  .,B@............ 00 2c 42 40 f2 8c 10 00 00 00 00 03 00 00 00 0e
  ................ 01 00 00 1f 00 00 00 ff ff ff ff 00 00 01 00 00
  ................ 08 00 00 00 00 00 00 00 06 00 00 00 01 00 00 00
  ................ 00 00 00 00 00 00 00 00 00 00 00 00 00 00 00 00
  .....?.......... 00 00 00 00 80 3f 00 00 00 00 00 00 00 00 00 00
  ..............,B 00 00 00 00 00 00 00 00 00 00 00 00 00 00 2c 42
  ......,B....2... 00 00 00 00 00 00 2c 42 fe 00 00 00 32 00 00 00
  .........x..d... 01 00 00 00 01 00 00 00 c0 78 80 19 64 00 00 00
  @.......`b..     40 00 00 00 00 00 00 00 60 62 80 19
003907-003918 StringBlock "unselected"
003919-003953 DataBlock
  ................ 0e 01 00 00 1c 00 00 00 00 00 00 00 02 00 00 00
  ................ 00 00 00 00 00 00 00 00 01 00 00 00 00 00 00 00
  ...              00 00 00
003954-003965 FontNameBlock "Norse-Bold"
003966-003981 DataBlock
  ................ 0a 00 00 00 02 00 00 00 00 00 00 00 dd da fa ff
003982-004004 StringBlock "Default Font Category"
004005-004024 DataBlock
  ................ 00 00 00 00 00 00 00 00 00 00 00 00 00 00 00 00
  ....             01 00 00 00
004025-004035 T0Block "normal_t0"
004036-004051 DataBlock
  ................ 00 00 00 00 00 00 00 00 00 00 00 00 00 00 00 00
004052-004062 T0Block "normal_t0"
004063-004522 DataBlock
  ................ 00 00 00 00 00 00 00 00 00 00 00 00 00 00 00 00
  ................ 04 00 00 00 a0 a8 80 19 00 00 00 00 fd ff ff ff
  ................ 0e 01 00 00 1f 00 00 00 ff ff ff 00 00 00 00 00
  ................ 00 08 00 00 00 00 00 00 00 00 00 00 00 01 01 00
  ................ 00 00 00 00 00 00 00 00 00 00 00 00 00 00 00 00
  ......?......... 00 00 00 00 00 80 3f 00 00 00 00 00 00 00 00 00
  ..............., 00 00 00 00 00 00 00 00 00 00 00 00 00 00 00 2c
  B......,B....... 42 00 00 00 00 00 00 2c 42 a0 a8 80 19 00 00 00
  ................ 00 fd ff ff ff 0e 01 00 00 1f 00 00 00 ff ff ff
  ................ 00 00 00 00 00 00 08 00 00 00 00 00 00 00 00 00
  ................ 00 00 01 01 00 00 00 00 00 00 00 00 00 00 00 00
  ...........?.... 00 00 00 00 00 00 00 00 00 00 80 3f 00 00 00 00
  ................ 00 00 00 00 00 00 00 00 00 00 00 00 00 00 00 00
  ....,B......,B.. 00 00 00 00 2c 42 00 00 00 00 00 00 2c 42 80 0d
  [............... 5b 10 00 00 00 00 03 00 00 00 0e 01 00 00 1f 00
  ................ 00 00 ff ff ff 00 00 00 01 00 00 08 00 00 00 00
  ................ 00 00 00 06 00 00 00 01 00 00 00 00 00 00 00 00
  ................ 00 00 00 00 00 00 00 00 00 00 00 00 00 00 00 80
  ?............... 3f 00 00 00 00 00 00 00 00 00 00 00 00 00 00 00
  .........,B..... 00 00 00 00 00 00 00 00 00 2c 42 00 00 00 00 00
  .,B..[.......... 00 2c 42 80 0d 5b 10 00 00 00 00 03 00 00 00 0e
  ................ 01 00 00 1f 00 00 00 ff ff ff 00 00 00 01 00 00
  ................ 08 00 00 00 00 00 00 00 06 00 00 00 01 00 00 00
  ................ 00 00 00 00 00 00 00 00 00 00 00 00 00 00 00 00
  .....?.......... 00 00 00 00 80 3f 00 00 00 00 00 00 00 00 00 00
  ..............,B 00 00 00 00 00 00 00 00 00 00 00 00 00 00 2c 42
  ......,Bp...[... 00 00 00 00 00 00 2c 42 70 00 00 00 5b 00 00 00
  ........`...d... 01 00 00 00 00 00 00 00 60 b2 80 19 64 00 00 00
  @...........     40 00 00 00 00 00 00 00 01 00 00 00
004523-004540 StringBlock "disable_override"
004541-004551 StringBlock "resizable"
004552-004564 DataBlock
  .............    0a 00 00 00 00 00 00 00 00 00 00 00 00
004565-004590 StringBlock "UI_GBL_TMP_Parchment_Row"
004591-004631 DataBlock
  ..........?..... 00 00 00 00 00 00 00 00 00 80 3f 00 00 00 00 00
  ................ 00 00 00 00 00 00 00 00 00 00 00 00 00 00 00 80
  ?........        3f 00 00 00 00 00 00 00 00
