000000-000009 VersionBlock 119
000010-000013 RootIDBlock 179685648
000014-000019 StringBlock "root"
000020-000097 DataBlock
  ................ 00 00 00 00 00 00 00 00 00 00 00 00 00 00 01 01
  ................ 00 00 00 00 01 00 00 00 00 01 00 00 00 00 00 00
  ................ 00 00 00 00 00 00 00 00 00 00 00 b0 e9 b5 0a 01
  ...0.K...@...... 00 00 00 30 f4 4b 0b 00 00 40 06 00 00 84 03 00
  ..............   00 00 00 00 00 00 01 00 00 00 b0 e9 b5 0a
000098-000107 NewStateBlock "NewState"
000108-000111 XSizeBlock 1600
000112-000115 YSizeBlock 900
000116-000142 DataBlock
  ................ 00 00 00 00 02 00 00 00 00 00 00 00 00 00 00 00
  ...........      02 00 00 00 00 00 00 00 00 00 00
000143-000154 FontNameBlock "Norse-Bold"
000155-000170 DataBlock
  ................ 0a 00 00 00 02 00 00 00 00 00 00 00 dd da fa ff
000171-000193 StringBlock "Default Font Category"
000194-000213 DataBlock
  ................ 00 00 00 00 00 00 00 00 00 00 00 00 00 00 00 00
  ....             01 00 00 00
000214-000224 T0Block "normal_t0"
000225-000240 DataBlock
  ................ 00 00 00 00 00 00 00 00 00 00 00 00 00 00 00 00
000241-000251 T0Block "normal_t0"
000252-000406 DataBlock
  ................ 00 00 00 00 00 00 00 00 00 00 00 00 00 00 00 00
  ....0.K......... 01 00 00 00 30 f4 4b 0b 00 00 00 00 00 00 00 00
  @............... 40 06 00 00 84 03 00 00 f0 f0 f0 ff 00 00 00 00
  ................ 00 00 00 00 00 00 00 00 00 00 00 00 00 01 01 00
  ................ 00 00 00 00 00 00 00 00 00 00 00 00 00 00 00 00
  ......?......... 00 00 00 00 00 80 3f 00 00 00 00 00 00 00 00 00
  ................ 00 00 00 00 00 00 00 00 00 00 00 00 00 00 00 00
  ................ 00 00 00 00 00 00 00 00 00 00 00 00 00 00 00 00
  ................ 00 00 00 00 00 00 00 00 00 00 00 00 00 00 00 00
  .......@...      00 01 00 00 00 00 00 40 c4 b5 0a
000407-000421 StringBlock "pointer_arrow"
000422-000427 DataBlock
  ......           00 00 01 00 00 00
000428-000442 StringBlock "PingIndicator"
000443-000503 DataBlock
  ....w........... 00 00 00 00 77 02 00 00 ff 00 00 00 00 00 00 00
  ................ 00 00 01 00 00 00 00 01 00 00 00 00 00 00 00 00
  ................ 00 00 00 00 00 00 00 00 00 10 fa b5 0a 00 00 00
  .............    00 00 00 00 00 01 00 00 00 10 fa b5 0a
000504-000513 NewStateBlock "NewState"
000514-000517 XSizeBlock 40
000518-000521 YSizeBlock 160
000522-000548 DataBlock
  ................ 00 00 00 00 02 00 00 00 00 00 00 00 00 00 00 00
  ...........      02 00 00 00 00 00 00 00 00 00 00
000549-000560 FontNameBlock "Norse-Bold"
000561-000576 DataBlock
  ................ 0a 00 00 00 02 00 00 00 00 00 00 00 dd da fa ff
000577-000599 StringBlock "Default Font Category"
000600-000619 DataBlock
  ................ 00 00 00 00 00 00 00 00 00 00 00 00 00 00 00 00
  ....             00 00 00 00
000620-000630 T0Block "normal_t0"
000631-000646 DataBlock
  ................ 00 00 00 00 00 00 00 00 00 00 00 00 00 00 00 00
000647-000657 T0Block "normal_t0"
000658-000693 DataBlock
  ................ 00 00 00 00 00 00 00 00 00 00 00 00 00 00 00 00
  ................ 00 00 00 00 00 00 00 00 00 00 00 00 00 00 00 00
  ....             02 00 00 00
000694-000713 StringBlock "height_over_target"
000714-000716 DataBlock
  ..0              01 00 30
000717-000728 StringBlock "rot_offset"
000729-000736 StringBlock "-180.0"
000737-000823 DataBlock
  ..........Bob... 00 00 00 00 01 00 00 00 03 00 42 6f 62 00 00 02
  ..........D..C( 00 00 00 00 00 00 00 00 c0 1d 44 00 00 7f 43 28
  ...(............ 00 00 00 28 00 00 00 ff ff ff ff 00 00 00 00 00
  ................ 00 00 00 00 00 00 00 00 00 00 00 00 00 00 00 ff
  ..........?..... ff ff ff ff ff ff ff 00 00 80 3f 00 00 00 00 00
  ......?          00 00 00 00 00 80 3f
000824-000831 StringBlock "Linear"
000832-000839 DataBlock
  .....WJ.         02 00 00 00 00 57 4a 19
000840-000845 StringBlock "play"
000846-000847 DataBlock
  ..               00 00
000848-000864 StringBlock "Visibility true"
000865-000872 DataBlock
  `.c.....         60 8e 63 19 00 00 00 00
000873-000890 StringBlock "Visibility false"
000891-000960 DataBlock
  .........D..C(. 00 00 00 00 00 00 00 c0 1d 44 00 00 7f 43 28 00
  ..(............. 00 00 28 00 00 00 ff ff ff ff 00 00 00 00 00 00
  ................ 00 00 00 00 00 00 00 00 00 00 00 00 00 00 ff ff
  .........? ..... ff ff ff ff ff ff 00 00 80 3f 20 03 00 00 00 00
  .....?           00 00 00 00 80 3f
000961-000968 StringBlock "Linear"
000969-000976 DataBlock
  ....`.c.         01 00 00 00 60 8e 63 19
000977-000982 StringBlock "play"
000983-000984 DataBlock
  ..               00 00
000985-001001 StringBlock "Visibility true"
001002-001017 DataBlock
  .............WJ. 00 00 00 00 00 00 02 00 00 00 00 00 00 57 4a 19
001018-001024 StringBlock "arrow"
001025-001071 DataBlock
  ................ 00 00 00 00 00 00 00 00 00 00 00 00 00 00 00 00
  ................ 00 00 00 00 01 00 00 00 00 01 00 00 00 00 01 00
  ............pJ.  00 00 00 00 00 00 00 00 00 00 00 c0 70 4a 19
001072-001127 ImageListBlock 1 elements:
  001076-001127 ImageBlock id=571469120 xsize=40 ysize=42 path="ui\\skins\\default\\pointer_arrow.png" unknown=0
001128-001181 DataBlock
  ......pJ...NewSt 00 01 00 00 00 c0 70 4a 19 08 00 4e 65 77 53 74
  ate(...*........ 61 74 65 28 00 00 00 2a 00 00 00 00 00 00 00 02
  ................ 00 00 00 00 00 00 00 00 00 00 00 02 00 00 00 00
  ......           00 00 00 00 00 00
001182-001193 FontNameBlock "Norse-Bold"
001194-001209 DataBlock
  ................ 0a 00 00 00 02 00 00 00 00 00 00 00 dd da fa ff
001210-001232 StringBlock "Default Font Category"
001233-001252 DataBlock
  ................ 00 00 00 00 00 00 00 00 00 00 00 00 00 00 00 00
  ....             00 00 00 00
001253-001265 T0Block "brighten_t0"
001266-001281 DataBlock
  ................ 00 00 00 00 00 00 00 00 00 00 00 00 00 00 00 00
001282-001292 T0Block "normal_t0"
001293-001312 DataBlock
  ................ 00 00 00 00 00 00 00 00 00 00 00 00 00 00 00 00
  ....             01 00 00 00
001313-001336 ImageUseBlock id=571469120 xofs=0 yofs=0 xsize=40 ysize=42 brga=4294956800
001337-001437 DataBlock
  ................ 00 00 00 00 00 00 00 00 00 00 00 00 00 00 00 00
  ................ 00 01 01 00 00 00 00 00 00 00 00 00 00 00 00 00
  ..........?..... 00 00 00 00 00 00 00 00 00 80 3f 00 00 00 00 00
  ................ 00 00 00 00 00 00 00 00 00 00 00 00 00 00 00 00
  ................ 00 00 00 00 00 00 00 00 00 00 00 00 00 00 00 00
  ................ 00 00 00 00 00 00 00 00 00 00 00 00 00 00 00 00
  .....            00 01 00 00 00
001438-001443 StringBlock "play"
001444-001517 DataBlock
  ................ 00 00 03 00 00 00 00 00 00 00 00 00 00 00 00 00
  ..(...*......... 00 00 28 00 00 00 2a 00 00 00 ff d7 00 00 00 00
  ................ 00 00 00 00 00 00 00 00 00 00 00 00 00 00 00 00
  .............?.. 00 00 ff ff ff ff ff ff ff ff 00 00 80 3f 00 00
  ..J......?       00 00 4a 00 00 00 00 00 80 3f
001518-001525 StringBlock "Linear"
001526-001599 DataBlock
  ................ 00 00 00 00 01 00 00 00 00 00 00 00 00 00 00 00
   B(...*......... 20 42 28 00 00 00 2a 00 00 00 ff d7 00 ff 00 00
  .@.............. 00 40 00 00 00 00 00 00 00 00 00 00 00 00 00 00
  .............? . 00 00 ff ff ff ff ff ff ff ff 00 00 80 3f 20 03
  ..J......?       00 00 4a 00 00 00 00 00 80 3f
001600-001607 StringBlock "Linear"
001608-001681 DataBlock
  ................ 00 00 00 00 01 00 00 00 00 00 00 00 00 00 00 00
  .B(...*......... a0 42 28 00 00 00 2a 00 00 00 ff d7 00 00 00 00
  ................ 00 00 00 00 00 00 00 00 00 00 00 00 00 00 00 00
  .............? . 00 00 ff ff ff ff ff ff ff ff 00 00 80 3f 20 03
  ..J......?       00 00 4a 00 00 00 00 00 80 3f
001682-001689 StringBlock "Linear"
001690-001697 DataBlock
  .....WJ.         01 00 00 00 00 57 4a 19
001698-001703 StringBlock "play"
001704-001745 DataBlock
  ................ 00 00 00 00 01 00 00 00 00 00 00 00 00 00 00 00
  ...........?.... 00 00 00 00 00 00 00 00 00 00 80 3f 00 00 00 00
  ......`.c.       00 00 00 00 00 00 60 8e 63 19
001746-001753 StringBlock "arrow2"
001754-001800 DataBlock
  ................ 00 00 00 00 00 00 00 00 00 00 00 00 00 00 00 00
  ................ 00 00 00 00 01 00 00 00 00 01 00 00 00 00 01 00
  .............c.  00 00 00 00 00 00 00 00 00 00 00 80 1a 63 19
001801-001856 ImageListBlock 1 elements:
  001805-001856 ImageBlock id=425955840 xsize=40 ysize=42 path="ui\\skins\\default\\pointer_arrow.png" unknown=0
001857-001910 DataBlock
  .......c...NewSt 00 01 00 00 00 80 1a 63 19 08 00 4e 65 77 53 74
  ate(...*........ 61 74 65 28 00 00 00 2a 00 00 00 00 00 00 00 02
  ................ 00 00 00 00 00 00 00 00 00 00 00 02 00 00 00 00
  ......           00 00 00 00 00 00
001911-001922 FontNameBlock "Norse-Bold"
001923-001938 DataBlock
  ................ 0a 00 00 00 02 00 00 00 00 00 00 00 dd da fa ff
001939-001961 StringBlock "Default Font Category"
001962-001981 DataBlock
  ................ 00 00 00 00 00 00 00 00 00 00 00 00 00 00 00 00
  ....             00 00 00 00
001982-001994 T0Block "brighten_t0"
001995-002010 DataBlock
  ................ 00 00 00 00 00 00 00 00 00 00 00 00 00 00 00 00
002011-002021 T0Block "normal_t0"
002022-002041 DataBlock
  ................ 00 00 00 00 00 00 00 00 00 00 00 00 00 00 00 00
  ....             01 00 00 00
002042-002065 ImageUseBlock id=425955840 xofs=0 yofs=0 xsize=40 ysize=42 brga=4294956800
002066-002166 DataBlock
  ................ 00 00 00 00 00 00 00 00 00 00 00 00 00 00 00 00
  ................ 00 01 01 00 00 00 00 00 00 00 00 00 00 00 00 00
  ..........?..... 00 00 00 00 00 00 00 00 00 80 3f 00 00 00 00 00
  ................ 00 00 00 00 00 00 00 00 00 00 00 00 00 00 00 00
  ................ 00 00 00 00 00 00 00 00 00 00 00 00 00 00 00 00
  ................ 00 00 00 00 00 00 00 00 00 00 00 00 00 00 00 00
  .....            00 01 00 00 00
002167-002172 StringBlock "play"
002173-002246 DataBlock
  ................ 00 00 03 00 00 00 00 00 00 00 00 00 00 00 00 00
  ..(...*......... 00 00 28 00 00 00 2a 00 00 00 ff d7 00 00 00 00
  ................ 00 00 00 00 00 00 00 00 00 00 00 00 00 00 00 00
  .............?.. 00 00 ff ff ff ff ff ff ff ff 00 00 80 3f 00 00
  ..J......?       00 00 4a 00 00 00 00 00 80 3f
002247-002254 StringBlock "Linear"
002255-002328 DataBlock
  ................ 00 00 00 00 01 00 00 00 00 00 00 00 00 00 00 00
   B(...*......... 20 42 28 00 00 00 2a 00 00 00 ff d7 00 ff 00 00
  .@.............. 00 40 00 00 00 00 00 00 00 00 00 00 00 00 00 00
  .............? . 00 00 ff ff ff ff ff ff ff ff 00 00 80 3f 20 03
  ..J......?       00 00 4a 00 00 00 00 00 80 3f
002329-002336 StringBlock "Linear"
002337-002410 DataBlock
  ................ 00 00 00 00 01 00 00 00 00 00 00 00 00 00 00 00
  .B(...*......... a0 42 28 00 00 00 2a 00 00 00 ff d7 00 00 00 00
  ................ 00 00 00 00 00 00 00 00 00 00 00 00 00 00 00 00
  .............? . 00 00 ff ff ff ff ff ff ff ff 00 00 80 3f 20 03
  ..J......?       00 00 4a 00 00 00 00 00 80 3f
002411-002418 StringBlock "Linear"
002419-002426 DataBlock
  ....`.c.         01 00 00 00 60 8e 63 19
002427-002432 StringBlock "play"
002433-002512 DataBlock
  ................ 00 00 00 00 01 00 00 00 00 00 00 00 00 00 00 00
  ...........?.... 00 00 00 00 00 00 00 00 00 00 80 3f 00 00 00 00
  ................ 00 00 00 00 00 00 00 00 00 00 00 01 00 00 00 00
  .?.............. 80 3f 00 00 00 00 00 00 00 00 00 00 00 00 00 00
  .......?........ 00 00 00 00 00 00 80 3f 00 00 00 00 00 00 00 00
