000000-000009 VersionBlock 119
000010-000013 RootIDBlock 977861632
000014-000019 StringBlock "root"
000020-000097 DataBlock
  ................ 00 00 00 00 00 00 00 00 00 00 00 00 00 00 01 01
  ................ 00 00 00 00 01 00 00 00 00 01 00 00 00 00 00 00
  ...........`.... 00 00 00 00 00 00 00 00 00 00 00 60 ad 2e 08 01
  ...@9H:..@...... 00 00 00 40 39 48 3a 00 00 40 06 00 00 84 03 00
  ..........`...   00 00 00 00 00 00 01 00 00 00 60 ad 2e 08
000098-000107 NewStateBlock "NewState"
000108-000111 XSizeBlock 1600
000112-000115 YSizeBlock 900
000116-000142 DataBlock
  ................ 00 00 00 00 02 00 00 00 00 00 00 00 00 00 00 00
  ...........      02 00 00 00 00 00 00 00 00 00 00
000143-000154 FontNameBlock "Norse-Bold"
000155-000170 DataBlock
  ................ 0a 00 00 00 02 00 00 00 00 00 00 00 dd da fa ff
000171-000193 StringBlock "Default Font Category"
000194-000213 DataBlock
  ................ 00 00 00 00 00 00 00 00 00 00 00 00 00 00 00 00
  ....             01 00 00 00
000214-000224 T0Block "normal_t0"
000225-000240 DataBlock
  ................ 00 00 00 00 00 00 00 00 00 00 00 00 00 00 00 00
000241-000251 T0Block "normal_t0"
000252-000406 DataBlock
  ................ 00 00 00 00 00 00 00 00 00 00 00 00 00 00 00 00
  ....@9H:........ 01 00 00 00 40 39 48 3a 00 00 00 00 00 00 00 00
  @............... 40 06 00 00 84 03 00 00 f0 f0 f0 ff 00 00 00 00
  ................ 00 00 00 00 00 00 00 00 00 00 00 00 00 01 01 00
  ................ 00 00 00 00 00 00 00 00 00 00 00 00 00 00 00 00
  ......?......... 00 00 00 00 00 80 3f 00 00 00 00 00 00 00 00 00
  ................ 00 00 00 00 00 00 00 00 00 00 00 00 00 00 00 00
  ................ 00 00 00 00 00 00 00 00 00 00 00 00 00 00 00 00
  ................ 00 00 00 00 00 00 00 00 00 00 00 00 00 00 00 00
  ........e..      00 01 00 00 00 00 00 10 65 2e 08
000407-000436 StringBlock "tooltip_campaign_select_lord"
000437-000442 DataBlock
  ......           00 00 01 00 00 00
000443-000457 StringBlock "CustomTooltip"
000458-000502 DataBlock
  ................ 00 00 00 00 0a 00 00 00 0a 00 00 00 01 01 00 00
  ................ 00 00 01 00 00 00 00 01 00 00 00 00 00 00 00 00
  ..........<.%    00 00 00 00 00 00 00 00 00 00 3c f1 25
000503-000558 ImageListBlock 1 elements:
  000507-000558 ImageBlock id=640390400 xsize=256 ysize=256 path="ui\\skins\\default\\tooltip_frame.png" unknown=0
000559-000612 DataBlock
  ......<.%..NewSt 00 01 00 00 00 00 3c f1 25 08 00 4e 65 77 53 74
  ate....`........ 61 74 65 d3 00 00 00 60 00 00 00 00 00 00 00 02
  ................ 00 00 00 00 00 00 00 00 00 00 00 01 00 00 00 00
  ......           00 00 00 00 00 00
000613-000624 FontNameBlock "Norse-Bold"
000625-000640 DataBlock
  ................ 0a 00 00 00 02 00 00 00 00 00 00 00 dd da fa ff
000641-000663 StringBlock "Default Font Category"
000664-000683 DataBlock
  ................ 00 00 00 00 00 00 00 00 00 00 00 00 00 00 00 00
  ....             00 00 00 00
000684-000694 T0Block "normal_t0"
000695-000710 DataBlock
  ................ 00 00 00 00 00 00 00 00 00 00 00 00 00 00 00 00
000711-000721 T0Block "normal_t0"
000722-000741 DataBlock
  ................ 00 00 00 00 00 00 00 00 00 00 00 00 00 00 00 00
  ....             01 00 00 00
000742-000765 ImageUseBlock id=640390400 xofs=0 yofs=0 xsize=211 ysize=96 brga=4294967295
000766-000866 DataBlock
  ................ 00 00 01 00 00 00 00 00 00 00 00 00 00 00 00 00
  ................ 00 01 01 00 00 00 00 00 00 00 00 00 00 00 00 00
  ..........?..... 00 00 00 00 00 00 00 00 00 80 3f 00 00 00 00 00
  ................ 00 00 00 00 00 00 00 00 00 00 00 00 00 00 00 80
  A...A...A...A... 41 00 00 a0 41 00 00 80 41 00 00 a0 41 00 00 00
  ................ 00 00 00 00 00 00 00 00 00 00 00 00 00 00 00 00
  .....            00 02 00 00 00
000867-000872 StringBlock "show"
000873-000946 DataBlock
  .............C.. 01 00 02 00 00 00 00 00 00 00 00 80 c2 43 00 80
  .C....O......... 8f 43 ce 00 00 00 4f 00 00 00 ff ff ff ff 00 00
  ................ 00 00 00 00 00 00 00 00 00 00 00 00 00 00 00 00
  .............?.. 00 00 ff ff ff ff ff ff ff ff 00 00 80 3f 96 00
  .........?       00 00 00 00 00 00 00 00 80 3f
000947-000954 StringBlock "Linear"
000955-001028 DataBlock
  .............C.. 00 00 00 00 00 00 00 00 00 00 00 80 c2 43 00 80
  .C....O......... 8f 43 ce 00 00 00 4f 00 00 00 ff ff ff ff 00 00
  ................ 00 00 00 00 00 00 00 00 00 00 00 00 00 00 00 00
  .............?.. 00 00 ff ff ff ff ff ff ff ff 00 00 80 3f 96 00
  ..@......?       00 00 40 00 00 00 00 00 80 3f
001029-001036 StringBlock "Linear"
001037-001046 DataBlock
  ..........       00 00 00 00 00 00 00 00 00 00
001047-001052 StringBlock "hide"
001053-001126 DataBlock
  .............C.. 01 00 01 00 00 00 00 00 00 00 00 80 c2 43 00 80
  .C....O......... 8f 43 ce 00 00 00 4f 00 00 00 ff ff ff 00 00 00
  ................ 00 00 00 00 00 00 00 00 00 00 00 00 00 00 00 00
  .............?.. 00 00 ff ff ff ff ff ff ff ff 00 00 80 3f 00 00
  ..@......?       00 00 40 00 00 00 00 00 80 3f
001127-001134 StringBlock "Linear"
001135-001146 DataBlock
  .....e......     01 00 00 00 10 65 2e 08 00 00 00 00
001147-001164 StringBlock "Visibility false"
001165-001180 DataBlock
  .............<_. 00 00 00 00 00 00 06 00 00 00 00 00 d4 3c 5f 00
001181-001193 StringBlock "header_lord"
001194-001256 DataBlock
  ................ 00 00 00 00 00 00 0c 00 00 00 06 00 00 00 00 01
  ................ 00 00 00 00 01 00 00 00 00 01 00 00 00 00 00 00
  ............~... 00 00 00 00 00 00 00 00 00 00 00 80 7e c3 05 00
  ............~..  00 00 00 00 00 00 00 01 00 00 00 80 7e c3 05
001257-001266 NewStateBlock "NewState"
001267-001270 XSizeBlock 1
001271-001274 YSizeBlock 30
001275-001301 DataBlock
  ................ 00 00 00 00 02 00 00 00 04 00 00 00 00 00 00 00
  ...........      02 00 00 00 00 00 00 00 00 00 00
001302-001324 FontNameBlock "la_gioconda_uppercase"
001325-001340 DataBlock
  ................ 0e 00 00 00 01 00 00 00 00 00 00 00 d7 f8 ff ff
001341-001357 StringBlock "FE_header_small"
001358-001377 DataBlock
  ................ 00 00 00 00 04 00 00 00 00 00 00 00 00 00 00 00
  ....             00 00 00 00
001378-001388 T0Block "normal_t0"
001389-001404 DataBlock
  ................ 00 00 00 00 00 00 00 00 00 00 00 00 00 00 00 00
001405-001415 T0Block "normal_t0"
001416-001491 DataBlock
  ................ 00 00 00 00 00 00 00 00 00 00 00 00 00 00 00 00
  ................ 00 00 00 00 00 00 00 00 00 00 00 00 00 00 00 00
  ................ 00 00 00 00 00 00 00 00 00 00 00 00 00 00 00 00
  .............?.. 00 00 00 00 00 00 00 00 00 00 00 00 80 3f 00 00
  .........._.     00 00 00 00 00 00 00 00 d4 a6 5f 00
001492-001503 StringBlock "label_lord"
001504-001566 DataBlock
  ................ 00 00 00 00 00 00 0d 00 00 00 06 00 00 00 01 00
  ................ 00 00 00 00 01 00 00 00 00 01 00 00 00 00 00 00
  ............._.. 00 00 00 00 00 00 00 00 00 00 00 bc aa 5f 00 00
  ............._.  00 00 00 00 00 00 00 01 00 00 00 bc aa 5f 00
001567-001576 NewStateBlock "NewState"
001577-001580 XSizeBlock 127
001581-001584 YSizeBlock 36
001585-001614 UnicodeBlock "[PH] Lord name"
001615-001633 DataBlock
  ................ 00 00 02 00 00 00 00 00 00 00 00 00 00 00 03 00
  ...              00 00 00
001634-001697 UnicodeBlock "label_lord_NewState_Text_17003b"
001698-001701 DataBlock
  ....             00 00 00 00
001702-001724 FontNameBlock "la_gioconda_uppercase"
001725-001740 DataBlock
  ................ 0e 00 00 00 01 00 00 00 00 00 00 00 d7 f8 ff ff
001741-001757 StringBlock "FE_header_small"
001758-001777 DataBlock
  ................ 00 00 00 00 00 00 00 00 04 00 00 00 00 00 00 00
  ....             00 00 00 00
001778-001788 T0Block "normal_t0"
001789-001804 DataBlock
  ................ 00 00 00 00 00 00 00 00 00 00 00 00 00 00 00 00
001805-001815 T0Block "normal_t0"
001816-001891 DataBlock
  ................ 00 00 00 00 00 00 00 00 00 00 00 00 00 00 00 00
  ................ 00 00 00 00 00 00 00 00 00 00 00 00 00 00 00 00
  ................ 00 00 00 00 00 00 00 00 00 00 00 00 00 00 00 00
  .............?.. 00 00 00 00 00 00 00 00 00 00 00 00 80 3f 00 00
  ........@.{4     00 00 00 00 00 00 00 00 40 bc 7b 34
001892-001904 StringBlock "header_race"
001905-001967 DataBlock
  ..........*..... 00 00 00 00 00 00 0c 00 00 00 2a 00 00 00 00 00
  ................ 00 00 00 00 01 00 00 00 00 01 00 00 00 00 00 00
  ............J{4. 00 00 00 00 00 00 00 00 00 00 00 00 4a 7b 34 00
  ............J{4  00 00 00 00 00 00 00 01 00 00 00 00 4a 7b 34
001968-001977 NewStateBlock "NewState"
001978-001981 XSizeBlock 100
001982-001985 YSizeBlock 24
001986-001999 UnicodeBlock "Race: "
002000-002018 DataBlock
  ................ 00 00 02 00 00 00 04 00 00 00 00 00 00 00 02 00
  ...              00 00 01
002019-002084 UnicodeBlock "header_race_NewState_Text_24000b"
002085-002088 DataBlock
  ....             00 00 00 00
002089-002101 FontNameBlock "la_gioconda"
002102-002117 DataBlock
  ................ 0c 00 00 00 01 00 00 00 00 00 00 00 d7 f8 ff ff
002118-002126 StringBlock "fe_text"
002127-002146 DataBlock
  ................ 00 00 00 00 04 00 00 00 00 00 00 00 00 00 00 00
  ....             00 00 00 00
002147-002157 T0Block "normal_t0"
002158-002173 DataBlock
  ................ 00 00 00 00 00 00 00 00 00 00 00 00 00 00 00 00
002174-002184 T0Block "normal_t0"
002185-002260 DataBlock
  ................ 00 00 00 00 00 00 00 00 00 00 00 00 00 00 00 00
  ................ 00 00 00 00 00 00 00 00 00 00 00 00 00 00 00 00
  ................ 00 00 00 00 00 00 00 00 00 00 00 00 00 00 00 00
  .............?.. 00 00 00 00 00 00 00 00 00 00 00 00 80 3f 00 00
  ..........{4     00 00 00 00 00 00 00 00 00 e7 7b 34
002261-002272 StringBlock "label_race"
002273-002335 DataBlock
  ......p...*..... 00 00 00 00 00 00 70 00 00 00 2a 00 00 00 01 00
  ................ 00 00 00 00 01 00 00 00 00 01 00 00 00 00 00 00
  ............`{4. 00 00 00 00 00 00 00 00 00 00 00 c0 60 7b 34 00
  ............`{4  00 00 00 00 00 00 00 01 00 00 00 c0 60 7b 34
002336-002345 NewStateBlock "NewState"
002346-002349 XSizeBlock 70
002350-002353 YSizeBlock 24
002354-002373 UnicodeBlock "[PH] Race"
002374-002392 DataBlock
  ................ 00 00 02 00 00 00 04 00 00 00 00 00 00 00 03 00
  ...              00 00 00
002393-002456 UnicodeBlock "label_race_NewState_Text_3c0037"
002457-002460 DataBlock
  ....             00 00 00 00
002461-002473 FontNameBlock "la_gioconda"
002474-002489 DataBlock
  ................ 0c 00 00 00 01 00 00 00 00 00 00 00 d7 f8 ff ff
002490-002506 StringBlock "fe_default_text"
002507-002526 DataBlock
  ................ 00 00 00 00 00 00 00 00 00 00 00 00 00 00 00 00
  ....             00 00 00 00
002527-002537 T0Block "normal_t0"
002538-002553 DataBlock
  ................ 00 00 00 00 00 00 00 00 00 00 00 00 00 00 00 00
002554-002564 T0Block "normal_t0"
002565-002640 DataBlock
  ................ 00 00 00 00 00 00 00 00 00 00 00 00 00 00 00 00
  ................ 00 00 00 00 00 00 00 00 00 00 00 00 00 00 00 00
  ................ 00 00 00 00 00 00 00 00 00 00 00 00 00 00 00 00
  .............?.. 00 00 00 00 00 00 00 00 00 00 00 00 80 3f 00 00
  .........'..     00 00 00 00 00 00 00 00 04 27 9a 00
002641-002656 StringBlock "header_faction"
002657-002719 DataBlock
  ..........B..... 00 00 00 00 00 00 0c 00 00 00 42 00 00 00 00 00
  ................ 00 00 00 00 01 00 00 00 00 01 00 00 00 00 00 00
  ............#... 00 00 00 00 00 00 00 00 00 00 00 f4 23 9a 00 00
  ............#..  00 00 00 00 00 00 00 01 00 00 00 f4 23 9a 00
002720-002729 NewStateBlock "NewState"
002730-002733 XSizeBlock 100
002734-002737 YSizeBlock 24
002738-002757 UnicodeBlock "Faction: "
002758-002776 DataBlock
  ................ 00 00 02 00 00 00 04 00 00 00 00 00 00 00 02 00
  ...              00 00 01
002777-002848 UnicodeBlock "header_faction_NewState_Text_400002"
002849-002852 DataBlock
  ....             00 00 00 00
002853-002865 FontNameBlock "la_gioconda"
002866-002881 DataBlock
  ................ 0c 00 00 00 01 00 00 00 00 00 00 00 d7 f8 ff ff
002882-002898 StringBlock "fe_default_text"
002899-002918 DataBlock
  ................ 00 00 00 00 04 00 00 00 00 00 00 00 00 00 00 00
  ....             00 00 00 00
002919-002929 T0Block "normal_t0"
002930-002945 DataBlock
  ................ 00 00 00 00 00 00 00 00 00 00 00 00 00 00 00 00
002946-002956 T0Block "normal_t0"
002957-003032 DataBlock
  ................ 00 00 00 00 00 00 00 00 00 00 00 00 00 00 00 00
  ................ 00 00 00 00 00 00 00 00 00 00 00 00 00 00 00 00
  ................ 00 00 00 00 00 00 00 00 00 00 00 00 00 00 00 00
  .............?.. 00 00 00 00 00 00 00 00 00 00 00 00 80 3f 00 00
  ........T@..     00 00 00 00 00 00 00 00 54 40 9a 00
003033-003047 StringBlock "label_faction"
003048-003110 DataBlock
  ......p...B..... 00 00 00 00 00 00 70 00 00 00 42 00 00 00 01 00
  ................ 00 00 00 00 01 00 00 00 00 01 00 00 00 00 00 00
  ...........<D... 00 00 00 00 00 00 00 00 00 00 00 3c 44 9a 00 00
  ...........<D..  00 00 00 00 00 00 00 01 00 00 00 3c 44 9a 00
003111-003120 NewStateBlock "NewState"
003121-003124 XSizeBlock 87
003125-003128 YSizeBlock 24
003129-003154 UnicodeBlock "[PH] Faction"
003155-003173 DataBlock
  ................ 00 00 02 00 00 00 04 00 00 00 00 00 00 00 03 00
  ...              00 00 00
003174-003243 UnicodeBlock "label_faction_NewState_Text_2f0049"
003244-003247 DataBlock
  ....             00 00 00 00
003248-003260 FontNameBlock "la_gioconda"
003261-003276 DataBlock
  ................ 0c 00 00 00 01 00 00 00 00 00 00 00 d7 f8 ff ff
003277-003293 StringBlock "fe_default_text"
003294-003313 DataBlock
  ................ 00 00 00 00 00 00 00 00 00 00 00 00 00 00 00 00
  ....             00 00 00 00
003314-003324 T0Block "normal_t0"
003325-003340 DataBlock
  ................ 00 00 00 00 00 00 00 00 00 00 00 00 00 00 00 00
003341-003351 T0Block "normal_t0"
003352-003422 DataBlock
  ................ 00 00 00 00 00 00 00 00 00 00 00 00 00 00 00 00
  ................ 00 00 00 00 00 00 00 00 00 00 00 00 00 00 00 00
  ................ 00 00 00 00 00 00 00 00 00 00 00 00 00 00 00 00
  .............?.. 00 00 00 00 00 00 00 00 00 00 00 00 80 3f 00 00
  .......          00 00 00 00 00 00 01
003423-003428 StringBlock "List"
003429-003529 DataBlock
  .......C........ 01 00 00 00 00 00 17 43 00 00 00 00 00 00 00 00
  ................ 00 02 00 00 00 01 00 06 00 00 00 06 00 00 00 0c
  ................ 00 00 00 0c 00 00 00 00 00 00 00 00 00 00 00 00
  ................ 00 00 00 00 00 00 00 00 00 00 00 00 00 00 00 00
  ......?......... 00 00 00 00 00 80 3f 00 00 00 00 00 00 00 00 00
  ............?... 00 00 00 00 00 00 00 00 00 00 00 80 3f 00 00 00
  .....            00 00 00 00 00
