000000-000009 VersionBlock 119
000010-000013 RootIDBlock 238577984
000014-000019 StringBlock "root"
000020-000021 StringBlock ""
000022-000025 DataBlock
  ....             01 00 00 00
000026-000039 StringBlock "CampaignRoot"
000040-000111 DataBlock
  ................ 00 00 00 00 00 00 00 00 00 00 00 00 01 01 00 00
  ................ 00 00 01 00 00 00 00 01 00 00 00 00 00 00 00 00
  ................ 00 00 00 00 00 00 00 00 00 00 00 00 00 01 00 00
  ................ 00 00 e9 f9 0d 00 00 00 05 00 00 c0 03 00 00 00
  ........         00 00 00 00 01 00 00 00
000112-000115 StateIDBlock 270866752
000116-000125 NewStateBlock "NewState"
000126-000129 XSizeBlock 1280
000130-000133 YSizeBlock 1024
000134-000160 DataBlock
  ................ 00 00 00 00 02 00 00 00 00 00 00 00 00 00 00 00
  ...........      01 00 00 00 00 00 00 00 00 00 00
000161-000172 FontNameBlock "Norse-Bold"
000173-000188 DataBlock
  ................ 0a 00 00 00 02 00 00 00 00 00 00 00 dd da fa ff
000189-000211 StringBlock "Default Font Category"
000212-000231 DataBlock
  ................ 00 00 00 00 00 00 00 00 00 00 00 00 00 00 00 00
  ....             01 00 00 00
000232-000242 T0Block "normal_t0"
000243-000258 DataBlock
  ................ 00 00 00 00 00 00 00 00 00 00 00 00 00 00 00 00
000259-000269 T0Block "normal_t0"
000270-000424 DataBlock
  ................ 00 00 00 00 00 00 00 00 00 00 00 00 00 00 00 00
  ................ 01 00 00 00 00 e9 f9 0d 00 00 00 00 00 00 00 00
  ................ 00 05 00 00 c0 03 00 00 7f 7f 7f ff 00 00 00 00
  ................ 00 00 00 00 00 00 00 00 00 00 00 00 00 01 01 00
  ................ 00 00 00 00 00 00 00 00 00 00 00 00 00 00 00 00
  ......?......... 00 00 00 00 00 80 3f 00 00 00 00 00 00 00 00 00
  ................ 00 00 00 00 00 00 00 00 00 00 00 00 00 00 00 00
  ................ 00 00 00 00 00 00 00 00 00 00 00 00 00 00 00 00
  ................ 00 00 00 00 00 00 00 00 00 00 00 00 00 00 00 00
  .......@...      00 01 00 00 00 00 00 40 fc a0 14
000425-000450 StringBlock "template_candidate_frame"
000451-000456 DataBlock
  ......           00 00 01 00 00 00
000457-000482 StringBlock "AgentRecruitCardCallback"
000483-000504 StringBlock "CcoCampaignCharacter"
000505-000551 DataBlock
  ................ 00 00 9b 01 00 00 19 02 00 00 01 01 00 00 00 00
  ................ 01 00 00 00 00 01 00 00 00 00 00 00 00 00 00 00
  .........f.....  00 00 00 00 00 00 00 d0 84 66 08 05 00 00 00
000552-000624 ImageBlock id=536346432 xsize=513 ysize=139 path="ui\\skins\\default\\candidate_bloodlines_button_active.png" unknown=654262272
000625-000625 DataBlock
  .                1b
000626-000681 ImagePathBlock "ui\\skins\\default\\candidate_bloodlines_button_hover.png"
000682-000690 DataBlock
  .........        01 02 00 00 8b 00 00 00 00
000691-000764 ImageBlock id=571735872 xsize=513 ysize=139 path="ui\\skins\\default\\candidate_bloodlines_button_pressed.png" unknown=1824735232
000765-000765 DataBlock
  .                09
000766-000824 ImagePathBlock "ui\\skins\\default\\candidate_bloodlines_button_selected.png"
000825-000833 DataBlock
  .........        01 02 00 00 8b 00 00 00 00
000834-000908 ImageBlock id=266177984 xsize=513 ysize=139 path="ui\\skins\\default\\candidate_bloodlines_button_inactive.png" unknown=0
000909-000917 DataBlock
  ..... ...        00 06 00 00 00 20 fb f5 17
000918-000923 StringBlock "down"
000924-000958 DataBlock
  ................ 01 02 00 00 8b 00 00 00 00 00 00 00 02 00 00 00
  ................ 00 00 00 00 00 00 00 00 01 00 00 00 00 00 00 00
  ...              00 00 00
000959-000971 FontNameBlock "la_gioconda"
000972-000987 DataBlock
  ................ 0c 00 00 00 01 00 00 00 00 00 00 00 00 00 00 ff
000988-001000 StringBlock "ingame_text"
001001-001020 DataBlock
  ................ 00 00 00 00 00 00 00 00 00 00 00 00 00 00 00 00
  ....             01 00 00 00
001021-001033 T0Block "brighten_t0"
001034-001049 DataBlock
  ..L>............ cd cc 4c 3e 00 00 00 00 00 00 00 00 00 00 00 00
001050-001060 T0Block "normal_t0"
001061-001080 DataBlock
  ...>............ 9a 99 99 3e 00 00 00 00 00 00 00 00 00 00 00 00
  ....             01 00 00 00
001081-001104 ImageUseBlock id=571735872 xofs=0 yofs=0 xsize=513 ysize=139 brga=4294967295
001105-001237 DataBlock
  ................ 00 00 00 00 00 00 00 00 00 00 00 00 00 00 00 00
  ................ 00 01 01 00 00 00 00 00 00 00 00 00 00 00 00 00
  ..........?..... 00 00 00 00 00 00 00 00 00 80 3f 00 00 00 00 00
  ................ 00 00 00 00 00 00 00 00 00 00 00 00 00 00 00 00
  ................ 00 00 00 00 00 00 00 00 00 00 00 00 00 91 00 00
  ..............o# 00 db 00 00 00 02 00 00 00 03 00 00 00 a0 6f 23
  ................ 19 00 00 00 00 00 00 00 00 00 00 00 00 01 00 00
  ..%............. 00 a0 25 ab 15 00 00 00 00 00 00 00 00 00 00 00
  ..%..            00 a0 25 ab 15
001238-001247 StringBlock "down_off"
001248-001282 DataBlock
  ................ 01 02 00 00 8b 00 00 00 00 00 00 00 02 00 00 00
  ................ 00 00 00 00 00 00 00 00 01 00 00 00 00 00 00 00
  ...              00 00 00
001283-001295 FontNameBlock "la_gioconda"
001296-001311 DataBlock
  ................ 0c 00 00 00 01 00 00 00 00 00 00 00 00 00 00 ff
001312-001324 StringBlock "ingame_text"
001325-001344 DataBlock
  ................ 00 00 00 00 00 00 00 00 00 00 00 00 00 00 00 00
  ....             01 00 00 00
001345-001355 T0Block "normal_t0"
001356-001371 DataBlock
  ................ 00 00 00 00 00 00 00 00 00 00 00 00 00 00 00 00
001372-001382 T0Block "normal_t0"
001383-001402 DataBlock
  ................ 00 00 00 00 00 00 00 00 00 00 00 00 00 00 00 00
  ....             01 00 00 00
001403-001426 ImageUseBlock id=536346432 xofs=0 yofs=0 xsize=513 ysize=139 brga=4294967295
001427-001559 DataBlock
  ................ 00 00 00 00 00 00 00 00 00 00 00 00 00 00 00 00
  ................ 00 01 01 00 00 00 00 00 00 00 00 00 00 00 00 00
  ..........?..... 00 00 00 00 00 00 00 00 00 80 3f 00 00 00 00 00
  ................ 00 00 00 00 00 00 00 00 00 00 00 00 00 00 00 00
  ................ 00 00 00 00 00 00 00 00 00 00 00 00 00 1d 00 00
  .?........... .. 00 3f 01 00 00 02 00 00 00 00 00 00 00 20 fb f5
  ................ 17 00 00 00 00 00 00 00 00 00 00 00 00 08 00 00
  ...f............ 00 d0 84 66 08 00 00 00 00 00 00 00 00 00 00 00
  .....            00 a0 fd f7 16
001560-001566 StringBlock "hover"
001567-001601 DataBlock
  ................ 01 02 00 00 8b 00 00 00 00 00 00 00 02 00 00 00
  ................ 00 00 00 00 00 00 00 00 01 00 00 00 00 00 00 00
  ...              00 00 00
001602-001614 FontNameBlock "la_gioconda"
001615-001630 DataBlock
  ................ 0c 00 00 00 01 00 00 00 00 00 00 00 00 00 00 ff
001631-001643 StringBlock "ingame_text"
001644-001663 DataBlock
  ................ 00 00 00 00 00 00 00 00 00 00 00 00 00 00 00 00
  ....             01 00 00 00
001664-001676 T0Block "brighten_t0"
001677-001692 DataBlock
  ..L>............ cd cc 4c 3e 00 00 00 00 00 00 00 00 00 00 00 00
001693-001703 T0Block "normal_t0"
001704-001723 DataBlock
  ...>............ 9a 99 99 3e 00 00 00 00 00 00 00 00 00 00 00 00
  ....             03 00 00 00
001724-001747 ImageUseBlock id=536346432 xofs=0 yofs=0 xsize=513 ysize=139 brga=4294967295
001748-001824 DataBlock
  ................ 00 00 00 00 00 00 00 00 00 00 00 00 00 00 00 00
  ................ 00 01 01 00 00 00 00 00 00 00 00 00 00 00 00 00
  ..........?..... 00 00 00 00 00 00 00 00 00 80 3f 00 00 00 00 00
  ................ 00 00 00 00 00 00 00 00 00 00 00 00 00 00 00 00
  .............    00 00 00 00 00 00 00 00 00 00 00 00 00
001825-001848 ImageUseBlock id=536346432 xofs=0 yofs=0 xsize=513 ysize=139 brga=16777215
001849-002082 DataBlock
  ................ 00 00 00 00 00 00 00 00 00 00 00 00 00 00 00 00
  ................ 00 01 01 00 00 00 00 00 00 00 00 00 00 00 00 00
  ..........?..... 00 00 00 00 00 00 00 00 00 80 3f 00 00 00 00 00
  ................ 00 00 00 00 00 00 00 00 00 00 00 00 00 00 00 00
  .............@.& 00 00 00 00 00 00 00 00 00 00 00 00 00 40 ff 26
  ................ 1b 00 00 00 00 00 00 00 00 01 02 00 00 8b 00 00
  ................ 00 ff ff ff ff 00 00 00 00 00 00 00 00 00 00 00
  ................ 00 00 00 00 00 00 01 01 00 00 00 00 00 00 00 00
  ...............? 00 00 00 00 00 00 00 00 00 00 00 00 00 00 80 3f
  ................ 00 00 00 00 00 00 00 00 00 00 00 00 00 00 00 00
  ................ 00 00 00 00 00 00 00 00 00 00 00 00 00 00 00 00
  ......~......... 00 00 89 00 00 00 7e 00 00 00 02 00 00 00 01 00
  ....f.....@..... 00 00 d0 84 66 08 c8 00 00 00 40 00 00 00 00 00
  ...... ......... 00 00 02 00 00 00 20 fb f5 17 00 00 00 00 00 00
  ......@...       00 00 00 00 00 00 40 f8 96 18
002083-002092 StringBlock "inactive"
002093-002127 DataBlock
  ................ 01 02 00 00 8b 00 00 00 00 00 00 00 02 00 00 00
  ................ 00 00 00 00 00 00 00 00 01 00 00 00 00 00 00 00
  ...              00 00 00
002128-002140 FontNameBlock "la_gioconda"
002141-002156 DataBlock
  ................ 0c 00 00 00 01 00 00 00 00 00 00 00 00 00 00 ff
002157-002169 StringBlock "ingame_text"
002170-002189 DataBlock
  ................ 00 00 00 00 00 00 00 00 00 00 00 00 00 00 00 00
  ....             01 00 00 00
002190-002200 T0Block "normal_t0"
002201-002216 DataBlock
  ...?...?........ 00 00 80 3f 00 00 80 3f 00 00 00 00 00 00 00 00
002217-002227 T0Block "normal_t0"
002228-002247 DataBlock
  ................ 00 00 00 00 00 00 00 00 00 00 00 00 00 00 00 00
  ....             01 00 00 00
002248-002271 ImageUseBlock id=266177984 xofs=0 yofs=0 xsize=513 ysize=139 brga=4294967295
002272-002364 DataBlock
  ................ 00 00 00 00 00 00 00 00 00 00 00 00 00 00 00 00
  ................ 00 01 01 00 00 00 00 00 00 00 00 00 00 00 00 00
  ..........?..... 00 00 00 00 00 00 00 00 00 80 3f 00 00 00 00 00
  ................ 00 00 00 00 00 00 00 00 00 00 00 00 00 00 00 00
  ................ 00 00 00 00 00 00 00 00 00 00 00 00 00 00 00 00
  ..........o#.    00 00 00 00 00 00 00 00 00 a0 6f 23 19
002365-002374 StringBlock "selected"
002375-002409 DataBlock
  ................ 01 02 00 00 8b 00 00 00 00 00 00 00 02 00 00 00
  ................ 00 00 00 00 00 00 00 00 01 00 00 00 00 00 00 00
  ...              00 00 00
002410-002422 FontNameBlock "la_gioconda"
002423-002438 DataBlock
  ................ 0c 00 00 00 01 00 00 00 00 00 00 00 00 00 00 ff
002439-002451 StringBlock "ingame_text"
002452-002471 DataBlock
  ................ 00 00 00 00 00 00 00 00 00 00 00 00 00 00 00 00
  ....             01 00 00 00
002472-002482 T0Block "normal_t0"
002483-002498 DataBlock
  ...?............ 00 00 80 3f 00 00 00 00 00 00 00 00 00 00 00 00
002499-002509 T0Block "normal_t0"
002510-002529 DataBlock
  ................ 00 00 00 00 00 00 00 00 00 00 00 00 00 00 00 00
  ....             03 00 00 00
002530-002553 ImageUseBlock id=536346432 xofs=0 yofs=0 xsize=513 ysize=139 brga=4294967295
002554-002630 DataBlock
  ................ 00 00 00 00 00 00 00 00 00 00 00 00 00 00 00 00
  ................ 00 01 01 00 00 00 00 00 00 00 00 00 00 00 00 00
  ..........?..... 00 00 00 00 00 00 00 00 00 80 3f 00 00 00 00 00
  ................ 00 00 00 00 00 00 00 00 00 00 00 00 00 00 00 00
  .............    00 00 00 00 00 00 00 00 00 00 00 00 00
002631-002654 ImageUseBlock id=536346432 xofs=0 yofs=0 xsize=513 ysize=139 brga=4294967295
002655-002848 DataBlock
  ................ 00 00 00 00 00 00 00 00 00 00 00 00 00 00 00 00
  ................ 00 01 01 00 00 00 00 00 00 00 00 00 00 00 00 00
  ..........?..... 00 00 00 00 00 00 00 00 00 80 3f 00 00 00 00 00
  ................ 00 00 00 00 00 00 00 00 00 00 00 00 00 00 00 00
  .............@.l 00 00 00 00 00 00 00 00 00 00 00 00 00 40 c3 6c
  ................ 09 00 00 00 00 00 00 00 00 01 02 00 00 8b 00 00
  ................ 00 ff ff ff ff 00 00 00 00 00 00 00 00 00 00 00
  ................ 00 00 00 00 00 00 01 01 00 00 00 00 00 00 00 00
  ...............? 00 00 00 00 00 00 00 00 00 00 00 00 00 00 80 3f
  ................ 00 00 00 00 00 00 00 00 00 00 00 00 00 00 00 00
  ................ 00 00 00 00 00 00 00 00 00 00 00 00 00 00 00 00
  ......M......... 00 00 91 01 00 00 4d 01 00 00 00 00 00 00 d0 84
  f.               66 08
002849-002860 StringBlock "unselected"
002861-002895 DataBlock
  ................ 01 02 00 00 8b 00 00 00 00 00 00 00 02 00 00 00
  ................ 00 00 00 00 00 00 00 00 01 00 00 00 00 00 00 00
  ...              00 00 00
002896-002908 FontNameBlock "la_gioconda"
002909-002924 DataBlock
  ................ 0c 00 00 00 01 00 00 00 00 00 00 00 00 00 00 ff
002925-002937 StringBlock "ingame_text"
002938-002957 DataBlock
  ................ 00 00 00 00 00 00 00 00 00 00 00 00 00 00 00 00
  ....             01 00 00 00
002958-002970 T0Block "brighten_t0"
002971-002986 DataBlock
  ................ 00 00 00 00 00 00 00 00 00 00 00 00 00 00 00 00
002987-002997 T0Block "normal_t0"
002998-003017 DataBlock
  ................ 00 00 00 00 00 00 00 00 00 00 00 00 00 00 00 00
  ....             03 00 00 00
003018-003041 ImageUseBlock id=536346432 xofs=0 yofs=0 xsize=513 ysize=139 brga=4294967295
003042-003118 DataBlock
  ................ 00 00 00 00 00 00 00 00 00 00 00 00 00 00 00 00
  ................ 00 01 01 00 00 00 00 00 00 00 00 00 00 00 00 00
  ..........?..... 00 00 00 00 00 00 00 00 00 80 3f 00 00 00 00 00
  ................ 00 00 00 00 00 00 00 00 00 00 00 00 00 00 00 00
  .............    00 00 00 00 00 00 00 00 00 00 00 00 00
003119-003142 ImageUseBlock id=536346432 xofs=0 yofs=0 xsize=513 ysize=139 brga=4294967295
003143-003374 DataBlock
  ................ 00 00 00 00 00 00 00 00 00 00 00 00 00 00 00 00
  ................ 00 01 01 00 00 00 00 00 00 00 00 00 00 00 00 00
  ..........?..... 00 00 00 00 00 00 00 00 00 80 3f 00 00 00 00 00
  ................ 00 00 00 00 00 00 00 00 00 00 00 00 00 00 00 00
  .............@.& 00 00 00 00 00 00 00 00 00 00 00 00 00 40 ff 26
  ................ 1b 00 00 00 00 00 00 00 00 01 02 00 00 8b 00 00
  ................ 00 ff ff ff 00 00 00 00 00 00 00 00 00 00 00 00
  ................ 00 00 00 00 00 00 01 01 00 00 00 00 00 00 00 00
  ...............? 00 00 00 00 00 00 00 00 00 00 00 00 00 00 80 3f
  ................ 00 00 00 00 00 00 00 00 00 00 00 00 00 00 00 00
  ................ 00 00 00 00 00 00 00 00 00 00 00 00 00 00 00 00
  ................ 00 00 14 00 00 00 18 00 00 00 01 00 00 00 00 00
  ..........@..... 00 00 a0 fd f7 16 c8 00 00 00 40 00 00 00 00 00
  ................ 00 00 00 00 00 00 00 00 00 00 00 00 00 00 0e 00
  .....4..         00 00 00 00 00 34 9b 06
003375-003387 StringBlock "dy_portrait"
003388-003438 DataBlock
  ................ 00 00 00 00 00 00 1c 00 00 00 16 00 00 00 00 00
  ................ 00 00 00 00 01 00 01 00 00 01 00 00 00 00 04 00
  ...........0E... 00 00 1c 00 00 00 02 00 00 00 00 30 45 9b 06 06
  ...              00 00 00
003439-003488 ImageBlock id=772262720 xsize=60 ysize=130 path="ui\\skins\\default\\portrait_ph.png" unknown=4286754816
003489-003489 DataBlock
  .                06
003490-003550 ImagePathBlock "ui\\skins\\default\\candidate_bloodlines_portrait_inactive.png"
003551-003559 DataBlock
  :...b....        3a 00 00 00 62 00 00 00 00
003560-003636 ImageBlock id=749929856 xsize=58 ysize=98 path="ui\\skins\\default\\candidate_bloodlines_portrait_selected.png" unknown=1349509120
003637-003637 DataBlock
  .                0f
003638-003696 ImagePathBlock "ui\\skins\\default\\candidate_bloodlines_portrait_active.png"
003697-003705 DataBlock
  :...b....        3a 00 00 00 62 00 00 00 00
003706-003761 ImageBlock id=614098688 xsize=60 ysize=130 path="ui\\skins\\default\\mask_unit_primary.png" unknown=1996226560
003762-003762 DataBlock
  #                23
003763-003804 ImagePathBlock "ui\\skins\\default\\mask_unit_secondary.png"
003805-003825 DataBlock
  <............... 3c 00 00 00 82 00 00 00 00 00 00 00 00 06 00 00
  ..T..            00 e0 54 9b 06
003826-003831 StringBlock "down"
003832-003866 DataBlock
  :...b........... 3a 00 00 00 62 00 00 00 00 00 00 00 02 00 00 00
  ................ 00 00 00 00 00 00 00 00 01 00 00 00 00 00 00 00
  ...              00 00 00
003867-003879 FontNameBlock "la_gioconda"
003880-003895 DataBlock
  ................ 0c 00 00 00 01 00 00 00 00 00 00 00 00 00 00 ff
003896-003908 StringBlock "ingame_text"
003909-003928 DataBlock
  ................ 00 00 00 00 00 00 00 00 00 00 00 00 00 00 00 00
  ....             00 00 00 00
003929-003941 T0Block "brighten_t0"
003942-003957 DataBlock
  ..L>............ cd cc 4c 3e 00 00 00 00 00 00 00 00 00 00 00 00
003958-003968 T0Block "normal_t0"
003969-003988 DataBlock
  ...>............ 9a 99 99 3e 00 00 00 00 00 00 00 00 00 00 00 00
  ....             04 00 00 00
003989-004012 ImageUseBlock id=772262720 xofs=4294967295 yofs=4294967280 xsize=60 ysize=130 brga=4294967295
004013-004190 DataBlock
  ................ 00 00 00 00 00 05 00 00 00 00 00 00 00 00 00 00
  ................ 00 01 01 00 00 00 00 00 00 00 00 00 00 00 00 00
  ..........?..... 00 00 00 00 00 00 00 00 00 80 3f 00 00 00 00 00
  ................ 00 00 00 00 00 00 00 00 00 00 00 00 00 00 00 00
  ..............oP 00 00 00 00 00 00 00 00 00 00 00 00 00 e0 6f 50
  .........:...b.. 0f 00 00 00 00 00 00 00 00 3a 00 00 00 62 00 00
  ................ 00 ff ff ff ff 00 00 00 00 00 00 00 00 00 00 00
  ................ 00 00 00 00 00 00 01 01 00 00 00 00 00 00 00 00
  ...............? 00 00 00 00 00 00 00 00 00 00 00 00 00 00 80 3f
  ................ 00 00 00 00 00 00 00 00 00 00 00 00 00 00 00 00
  ................ 00 00 00 00 00 00 00 00 00 00 00 00 00 00 00 00
  ..               00 00
004191-004214 ImageUseBlock id=614098688 xofs=4294967295 yofs=4294967280 xsize=60 ysize=130 brga=4294967295
004215-004448 DataBlock
  ................ 00 00 00 00 00 05 00 00 00 00 00 00 00 00 00 00
  ................ 00 01 01 00 00 00 00 00 00 00 00 00 00 00 00 00
  ..........?..... 00 00 00 00 00 00 00 00 00 80 3f 00 00 00 00 00
  ................ 00 00 00 00 00 00 00 00 00 00 00 00 00 00 00 00
  ...............v 00 00 00 00 00 00 00 00 00 00 00 00 00 00 fc 76
  #........<...... 23 ff ff ff ff f0 ff ff ff 3c 00 00 00 82 00 00
  ................ 00 ff ff ff ff 00 00 00 00 00 05 00 00 00 00 00
  ................ 00 00 00 00 00 00 01 01 00 00 00 00 00 00 00 00
  ...............? 00 00 00 00 00 00 00 00 00 00 00 00 00 00 80 3f
  ................ 00 00 00 00 00 00 00 00 00 00 00 00 00 00 00 00
  ................ 00 00 00 00 00 00 00 00 00 00 00 00 00 00 00 00
  ................ 00 00 91 00 00 00 db 00 00 00 02 00 00 00 03 00
  ..PO............ 00 00 50 4f 9b 06 00 00 00 00 00 00 00 00 00 00
  ...... K........ 00 00 01 00 00 00 20 4b 9b 06 00 00 00 00 00 00
  ...... K..       00 00 00 00 00 00 20 4b 9b 06
004449-004458 StringBlock "down_off"
004459-004493 DataBlock
  :...b........... 3a 00 00 00 62 00 00 00 00 00 00 00 02 00 00 00
  ................ 00 00 00 00 00 00 00 00 01 00 00 00 00 00 00 00
  ...              00 00 00
004494-004506 FontNameBlock "la_gioconda"
004507-004522 DataBlock
  ................ 0c 00 00 00 01 00 00 00 00 00 00 00 00 00 00 ff
004523-004535 StringBlock "ingame_text"
004536-004555 DataBlock
  ................ 00 00 00 00 00 00 00 00 00 00 00 00 00 00 00 00
  ....             00 00 00 00
004556-004566 T0Block "normal_t0"
004567-004582 DataBlock
  ................ 00 00 00 00 00 00 00 00 00 00 00 00 00 00 00 00
004583-004593 T0Block "normal_t0"
004594-004613 DataBlock
  ................ 00 00 00 00 00 00 00 00 00 00 00 00 00 00 00 00
  ....             04 00 00 00
004614-004637 ImageUseBlock id=772262720 xofs=4294967295 yofs=4294967280 xsize=60 ysize=130 brga=4294967295
004638-004714 DataBlock
  ................ 00 00 00 00 00 05 00 00 00 00 00 00 00 00 00 00
  ................ 00 01 01 00 00 00 00 00 00 00 00 00 00 00 00 00
  ..........?..... 00 00 00 00 00 00 00 00 00 80 3f 00 00 00 00 00
  ................ 00 00 00 00 00 00 00 00 00 00 00 00 00 00 00 00
  .............    00 00 00 00 00 00 00 00 00 00 00 00 00
004715-004738 ImageUseBlock id=614098688 xofs=4294967295 yofs=4294967280 xsize=60 ysize=130 brga=4294967295
004739-005073 DataBlock
  ................ 00 00 00 00 00 05 00 00 00 00 00 00 00 00 00 00
  ................ 00 01 01 00 00 00 00 00 00 00 00 00 00 00 00 00
  ..........?..... 00 00 00 00 00 00 00 00 00 80 3f 00 00 00 00 00
  ................ 00 00 00 00 00 00 00 00 00 00 00 00 00 00 00 00
  ...............v 00 00 00 00 00 00 00 00 00 00 00 00 00 00 fc 76
  #........<...... 23 ff ff ff ff f0 ff ff ff 3c 00 00 00 82 00 00
  ................ 00 ff ff ff ff 00 00 00 00 00 05 00 00 00 00 00
  ................ 00 00 00 00 00 00 01 01 00 00 00 00 00 00 00 00
  ...............? 00 00 00 00 00 00 00 00 00 00 00 00 00 00 80 3f
  ................ 00 00 00 00 00 00 00 00 00 00 00 00 00 00 00 00
  ................ 00 00 00 00 00 00 00 00 00 00 00 00 00 00 00 00
  ...oP.........:. 00 00 e0 6f 50 0f 00 00 00 00 00 00 00 00 3a 00
  ..b............. 00 00 62 00 00 00 ff ff ff ff 00 00 00 00 00 00
  ................ 00 00 00 00 00 00 00 00 00 00 00 01 01 00 00 00
  ................ 00 00 00 00 00 00 00 00 00 00 00 00 00 00 00 00
  ....?........... 00 00 00 80 3f 00 00 00 00 00 00 00 00 00 00 00
  ................ 00 00 00 00 00 00 00 00 00 00 00 00 00 00 00 00
  ...........?.... 00 00 00 00 00 00 00 1d 00 00 00 3f 01 00 00 02
  ........T....... 00 00 00 00 00 00 00 e0 54 9b 06 00 00 00 00 00
  ...........0E... 00 00 00 00 00 00 00 08 00 00 00 30 45 9b 06 00
  ............;..  00 00 00 00 00 00 00 00 00 00 00 90 3b 9b 06
005074-005080 StringBlock "hover"
005081-005115 DataBlock
  :...b........... 3a 00 00 00 62 00 00 00 00 00 00 00 02 00 00 00
  ................ 00 00 00 00 00 00 00 00 01 00 00 00 00 00 00 00
  ...              00 00 00
005116-005128 FontNameBlock "la_gioconda"
005129-005144 DataBlock
  ................ 0c 00 00 00 01 00 00 00 00 00 00 00 00 00 00 ff
005145-005157 StringBlock "ingame_text"
005158-005177 DataBlock
  ................ 00 00 00 00 00 00 00 00 00 00 00 00 00 00 00 00
  ....             00 00 00 00
005178-005190 T0Block "brighten_t0"
005191-005206 DataBlock
  ..L>............ cd cc 4c 3e 00 00 00 00 00 00 00 00 00 00 00 00
005207-005217 T0Block "normal_t0"
005218-005237 DataBlock
  ...>............ 9a 99 99 3e 00 00 00 00 00 00 00 00 00 00 00 00
  ....             04 00 00 00
005238-005261 ImageUseBlock id=772262720 xofs=4294967295 yofs=4294967280 xsize=60 ysize=130 brga=4294967295
005262-005338 DataBlock
  ................ 00 00 00 00 00 05 00 00 00 00 00 00 00 00 00 00
  ................ 00 01 01 00 00 00 00 00 00 00 00 00 00 00 00 00
  ..........?..... 00 00 00 00 00 00 00 00 00 80 3f 00 00 00 00 00
  ................ 00 00 00 00 00 00 00 00 00 00 00 00 00 00 00 00
  .............    00 00 00 00 00 00 00 00 00 00 00 00 00
005339-005362 ImageUseBlock id=614098688 xofs=4294967295 yofs=4294967280 xsize=60 ysize=130 brga=4294967295
005363-005697 DataBlock
  ................ 00 00 00 00 00 05 00 00 00 00 00 00 00 00 00 00
  ................ 00 01 01 00 00 00 00 00 00 00 00 00 00 00 00 00
  ..........?..... 00 00 00 00 00 00 00 00 00 80 3f 00 00 00 00 00
  ................ 00 00 00 00 00 00 00 00 00 00 00 00 00 00 00 00
  ...............v 00 00 00 00 00 00 00 00 00 00 00 00 00 00 fc 76
  #........<...... 23 ff ff ff ff f0 ff ff ff 3c 00 00 00 82 00 00
  ................ 00 ff ff ff ff 00 00 00 00 00 05 00 00 00 00 00
  ................ 00 00 00 00 00 00 01 01 00 00 00 00 00 00 00 00
  ...............? 00 00 00 00 00 00 00 00 00 00 00 00 00 00 80 3f
  ................ 00 00 00 00 00 00 00 00 00 00 00 00 00 00 00 00
  ................ 00 00 00 00 00 00 00 00 00 00 00 00 00 00 00 00
  ...oP.........:. 00 00 e0 6f 50 0f 00 00 00 00 00 00 00 00 3a 00
  ..b............. 00 00 62 00 00 00 ff ff ff ff 00 00 00 00 00 00
  ................ 00 00 00 00 00 00 00 00 00 00 00 01 01 00 00 00
  ................ 00 00 00 00 00 00 00 00 00 00 00 00 00 00 00 00
  ....?........... 00 00 00 80 3f 00 00 00 00 00 00 00 00 00 00 00
  ................ 00 00 00 00 00 00 00 00 00 00 00 00 00 00 00 00
  ...........~.... 00 00 00 00 00 00 00 89 00 00 00 7e 00 00 00 02
  .......0E......@ 00 00 00 01 00 00 00 30 45 9b 06 00 00 00 00 40
  ............T... 00 00 00 00 00 00 00 02 00 00 00 e0 54 9b 06 00
  ............A..  00 00 00 00 00 00 00 00 00 00 00 d0 41 9b 06
005698-005707 StringBlock "inactive"
005708-005742 DataBlock
  :...b........... 3a 00 00 00 62 00 00 00 00 00 00 00 02 00 00 00
  ................ 00 00 00 00 00 00 00 00 01 00 00 00 00 00 00 00
  ...              00 00 00
005743-005755 FontNameBlock "la_gioconda"
005756-005771 DataBlock
  ................ 0c 00 00 00 01 00 00 00 00 00 00 00 00 00 00 ff
005772-005784 StringBlock "ingame_text"
005785-005804 DataBlock
  ................ 00 00 00 00 00 00 00 00 00 00 00 00 00 00 00 00
  ....             00 01 00 00
005805-005815 T0Block "normal_t0"
005816-005831 DataBlock
  ...?...?........ 00 00 80 3f 00 00 80 3f 00 00 00 00 00 00 00 00
005832-005842 T0Block "normal_t0"
005843-005862 DataBlock
  ................ 00 00 00 00 00 00 00 00 00 00 00 00 00 00 00 00
  ....             04 00 00 00
005863-005886 ImageUseBlock id=772262720 xofs=4294967295 yofs=4294967280 xsize=60 ysize=130 brga=4294967295
005887-005963 DataBlock
  ................ 00 00 00 00 00 05 00 00 00 00 00 00 00 00 00 00
  ................ 00 01 01 00 00 00 00 00 00 00 00 00 00 00 00 00
  ..........?..... 00 00 00 00 00 00 00 00 00 80 3f 00 00 00 00 00
  ................ 00 00 00 00 00 00 00 00 00 00 00 00 00 00 00 00
  .............    00 00 00 00 00 00 00 00 00 00 00 00 00
005964-005987 ImageUseBlock id=614098688 xofs=4294967295 yofs=4294967280 xsize=60 ysize=130 brga=4294967295
005988-006282 DataBlock
  ................ 00 00 00 00 00 05 00 00 00 00 00 00 00 00 00 00
  ................ 00 01 01 00 00 00 00 00 00 00 00 00 00 00 00 00
  ..........?..... 00 00 00 00 00 00 00 00 00 80 3f 00 00 00 00 00
  ................ 00 00 00 00 00 00 00 00 00 00 00 00 00 00 00 00
  ...............v 00 00 00 00 00 00 00 00 00 00 00 00 00 00 fc 76
  #........<...... 23 ff ff ff ff f0 ff ff ff 3c 00 00 00 82 00 00
  ................ 00 ff ff ff ff 00 00 00 00 00 05 00 00 00 00 00
  ................ 00 00 00 00 00 00 01 01 00 00 00 00 00 00 00 00
  ...............? 00 00 00 00 00 00 00 00 00 00 00 00 00 00 80 3f
  ................ 00 00 00 00 00 00 00 00 00 00 00 00 00 00 00 00
  ................ 00 00 00 00 00 00 00 00 00 00 00 00 00 00 00 00
  ..............:. 00 00 b0 82 ff 06 00 00 00 00 00 00 00 00 3a 00
  ..b............. 00 00 62 00 00 00 ff ff ff ff 00 00 00 00 00 00
  ................ 00 00 00 00 00 00 00 00 00 00 00 01 01 00 00 00
  ................ 00 00 00 00 00 00 00 00 00 00 00 00 00 00 00 00
  ....?........... 00 00 00 80 3f 00 00 00 00 00 00 00 00 00 00 00
  ................ 00 00 00 00 00 00 00 00 00 00 00 00 00 00 00 00
  ................ 00 00 00 00 00 00 00 00 00 00 00 00 00 00 00 00
  ...PO..          00 00 00 50 4f 9b 06
006283-006292 StringBlock "selected"
006293-006327 DataBlock
  :...b........... 3a 00 00 00 62 00 00 00 00 00 00 00 02 00 00 00
  ................ 00 00 00 00 00 00 00 00 01 00 00 00 00 00 00 00
  ...              00 00 00
006328-006340 FontNameBlock "la_gioconda"
006341-006356 DataBlock
  ................ 0c 00 00 00 01 00 00 00 00 00 00 00 00 00 00 ff
006357-006369 StringBlock "ingame_text"
006370-006389 DataBlock
  ................ 00 00 00 00 00 00 00 00 00 00 00 00 00 00 00 00
  ....             00 00 00 00
006390-006400 T0Block "normal_t0"
006401-006416 DataBlock
  ...?............ 00 00 80 3f 00 00 00 00 00 00 00 00 00 00 00 00
006417-006427 T0Block "normal_t0"
006428-006447 DataBlock
  ................ 00 00 00 00 00 00 00 00 00 00 00 00 00 00 00 00
  ....             05 00 00 00
006448-006471 ImageUseBlock id=772262720 xofs=4294967295 yofs=4294967280 xsize=60 ysize=130 brga=4294967295
006472-006514 DataBlock
  ................ 00 00 00 00 00 05 00 00 00 00 00 00 00 00 00 00
  ................ 00 01 01 00 00 00 00 00 00 00 00 00 00 00 00 00
  ..........?      00 00 00 00 00 00 00 00 00 80 3f
006515-006527 T0Block "brighten_t0"
006528-006559 DataBlock
  ...?............ 00 00 80 3f 00 00 00 00 00 00 00 00 00 00 00 00
  ................ 00 00 00 00 00 00 00 00 00 00 00 00 00 00 00 00
006560-006583 ImageUseBlock id=614098688 xofs=4294967295 yofs=4294967280 xsize=60 ysize=130 brga=4294967295
006584-006862 DataBlock
  ................ 00 00 00 00 00 05 00 00 00 00 00 00 00 00 00 00
  ................ 00 01 01 00 00 00 00 00 00 00 00 00 00 00 00 00
  ..........?..... 00 00 00 00 00 00 00 00 00 80 3f 00 00 00 00 00
  ................ 00 00 00 00 00 00 00 00 00 00 00 00 00 00 00 00
  ...............v 00 00 00 00 00 00 00 00 00 00 00 00 00 00 fc 76
  #........<...... 23 ff ff ff ff f0 ff ff ff 3c 00 00 00 82 00 00
  ................ 00 ff ff ff ff 00 00 00 00 00 05 00 00 00 00 00
  ................ 00 00 00 00 00 00 01 01 00 00 00 00 00 00 00 00
  ...............? 00 00 00 00 00 00 00 00 00 00 00 00 00 00 80 3f
  ................ 00 00 00 00 00 00 00 00 00 00 00 00 00 00 00 00
  ................ 00 00 00 00 00 00 00 00 00 00 00 00 00 00 00 00
  ...oP.........:. 00 00 e0 6f 50 0f 00 00 00 00 00 00 00 00 3a 00
  ..b............. 00 00 62 00 00 00 ff ff ff ff 00 00 00 00 00 00
  ................ 00 00 00 00 00 00 00 00 00 00 00 01 01 00 00 00
  ................ 00 00 00 00 00 00 00 00 00 00 00 00 00 00 00 00
  ....?........... 00 00 00 80 3f 00 00 00 00 00 00 00 00 00 00 00
  ................ 00 00 00 00 00 00 00 00 00 00 00 00 00 00 00 00
  .......          00 00 00 00 00 00 00
006863-006886 ImageUseBlock id=749929856 xofs=0 yofs=0 xsize=58 ysize=98 brga=4294967295
006887-006979 DataBlock
  ................ 00 00 00 00 00 00 00 00 00 00 00 00 00 00 00 00
  ................ 00 01 01 00 00 00 00 00 00 00 00 00 00 00 00 00
  ..........?..... 00 00 00 00 00 00 00 00 00 80 3f 00 00 00 00 00
  ................ 00 00 00 00 00 00 00 00 00 00 00 00 00 00 00 00
  ................ 00 00 00 00 00 00 00 00 00 00 00 00 00 91 01 00
  .M.......0E..    00 4d 01 00 00 00 00 00 00 30 45 9b 06
006980-006991 StringBlock "unselected"
006992-007026 DataBlock
  :...b........... 3a 00 00 00 62 00 00 00 00 00 00 00 02 00 00 00
  ................ 00 00 00 00 00 00 00 00 01 00 00 00 00 00 00 00
  ...              00 00 00
007027-007039 FontNameBlock "la_gioconda"
007040-007055 DataBlock
  ................ 0c 00 00 00 01 00 00 00 00 00 00 00 00 00 00 ff
007056-007068 StringBlock "ingame_text"
007069-007088 DataBlock
  ................ 00 00 00 00 00 00 00 00 00 00 00 00 00 00 00 00
  ....             00 00 00 00
007089-007101 T0Block "brighten_t0"
007102-007117 DataBlock
  ................ 00 00 00 00 00 00 00 00 00 00 00 00 00 00 00 00
007118-007128 T0Block "normal_t0"
007129-007148 DataBlock
  ................ 00 00 00 00 00 00 00 00 00 00 00 00 00 00 00 00
  ....             04 00 00 00
007149-007172 ImageUseBlock id=772262720 xofs=4294967295 yofs=4294967280 xsize=60 ysize=130 brga=4294967295
007173-007249 DataBlock
  ................ 00 00 00 00 00 05 00 00 00 00 00 00 00 00 00 00
  ................ 00 01 01 00 00 00 00 00 00 00 00 00 00 00 00 00
  ..........?..... 00 00 00 00 00 00 00 00 00 80 3f 00 00 00 00 00
  ................ 00 00 00 00 00 00 00 00 00 00 00 00 00 00 00 00
  .............    00 00 00 00 00 00 00 00 00 00 00 00 00
007250-007273 ImageUseBlock id=614098688 xofs=4294967295 yofs=4294967280 xsize=60 ysize=130 brga=4294967295
007274-007588 DataBlock
  ................ 00 00 00 00 00 05 00 00 00 00 00 00 00 00 00 00
  ................ 00 01 01 00 00 00 00 00 00 00 00 00 00 00 00 00
  ..........?..... 00 00 00 00 00 00 00 00 00 80 3f 00 00 00 00 00
  ................ 00 00 00 00 00 00 00 00 00 00 00 00 00 00 00 00
  ...............v 00 00 00 00 00 00 00 00 00 00 00 00 00 00 fc 76
  #........<...... 23 ff ff ff ff f0 ff ff ff 3c 00 00 00 82 00 00
  ................ 00 ff ff ff ff 00 00 00 00 00 05 00 00 00 00 00
  ................ 00 00 00 00 00 00 01 01 00 00 00 00 00 00 00 00
  ...............? 00 00 00 00 00 00 00 00 00 00 00 00 00 00 80 3f
  ................ 00 00 00 00 00 00 00 00 00 00 00 00 00 00 00 00
  ................ 00 00 00 00 00 00 00 00 00 00 00 00 00 00 00 00
  ...oP.........:. 00 00 e0 6f 50 0f 00 00 00 00 00 00 00 00 3a 00
  ..b............. 00 00 62 00 00 00 ff ff ff ff 00 00 00 00 00 00
  ................ 00 00 00 00 00 00 00 00 00 00 00 01 01 00 00 00
  ................ 00 00 00 00 00 00 00 00 00 00 00 00 00 00 00 00
  ....?........... 00 00 00 80 3f 00 00 00 00 00 00 00 00 00 00 00
  ................ 00 00 00 00 00 00 00 00 00 00 00 00 00 00 00 00
  ................ 00 00 00 00 00 00 00 14 00 00 00 18 00 00 00 01
  ........;......@ 00 00 00 00 00 00 00 90 3b 9b 06 c8 00 00 00 40
  ...........      00 00 00 00 00 00 00 02 00 00 00
007589-007599 StringBlock "main_mask"
007600-007602 DataBlock
  ..4              01 00 34
007603-007618 StringBlock "secondary_mask"
007619-007661 DataBlock
  ..5............. 01 00 35 00 00 00 00 00 00 00 00 00 00 00 00 00
  ............?... 00 00 00 00 00 00 00 00 00 00 00 80 3f 00 00 00
  ....?...:2.      00 00 00 00 3f 00 00 80 3a 32 2e
007662-007668 StringBlock "frame"
007669-007715 DataBlock
  ................ 00 00 00 00 00 00 00 00 00 00 00 00 00 00 00 01
  ................ 00 00 00 00 01 00 00 00 00 01 00 00 00 00 05 00
  ...........@-2.  00 00 00 00 00 00 00 00 00 00 00 40 2d 32 2e
007716-007791 ImageListBlock 1 elements:
  007720-007791 ImageBlock id=775048960 xsize=513 ysize=139 path="ui\\skins\\default\\candidate_bloodlines_button_frame.png" unknown=0
007792-007796 DataBlock
  .....            00 01 00 00 00
007797-007800 StateIDBlock 775040320
007801-007810 NewStateBlock "NewState"
007811-007814 XSizeBlock 513
007815-007818 YSizeBlock 139
007819-007845 DataBlock
  ................ 00 00 00 00 02 00 00 00 00 00 00 00 00 00 00 00
  ...........      02 00 00 00 00 00 00 00 00 00 00
007846-007857 FontNameBlock "Norse-Bold"
007858-007873 DataBlock
  ................ 0a 00 00 00 02 00 00 00 00 00 00 00 dd da fa ff
007874-007896 StringBlock "Default Font Category"
007897-007916 DataBlock
  ................ 00 00 00 00 00 00 00 00 00 00 00 00 00 00 00 00
  ....             00 00 00 00
007917-007927 T0Block "normal_t0"
007928-007943 DataBlock
  ................ 00 00 00 00 00 00 00 00 00 00 00 00 00 00 00 00
007944-007954 T0Block "normal_t0"
007955-007974 DataBlock
  ................ 00 00 00 00 00 00 00 00 00 00 00 00 00 00 00 00
  ....             01 00 00 00
007975-007998 ImageUseBlock id=775048960 xofs=0 yofs=0 xsize=513 ysize=139 brga=4294967295
007999-008131 DataBlock
  ................ 00 00 01 00 00 00 00 00 00 00 00 00 00 00 00 00
  ................ 00 01 01 00 00 00 00 00 00 00 00 00 00 00 00 00
  ..........?..... 00 00 00 00 00 00 00 00 00 80 3f 00 00 00 00 00
  ................ 00 00 00 00 00 00 00 00 00 00 00 00 00 00 00 00
  ... B.......B... 00 00 00 20 42 00 00 00 00 00 00 d2 42 00 00 00
  ................ 00 00 00 00 00 00 00 00 00 00 00 00 00 00 00 00
  ................ 00 00 00 00 00 00 00 00 00 00 00 00 00 00 00 00
  ......?...?...?. 00 00 00 00 00 80 3f 00 00 00 3f 00 00 00 3f 00
  .@;..            00 40 3b b6 0c
008132-008140 StringBlock "dy_name"
008141-008146 DataBlock
  ......           00 00 01 00 00 00
008147-008164 StringBlock "ContextTextLabel"
008165-008186 StringBlock "CcoCampaignCharacter"
008187-008192 StringBlock "Name"
008193-008245 DataBlock
  b............... 62 00 00 00 17 00 00 00 01 00 00 00 00 00 01 00
  ................ 00 00 00 01 00 00 00 00 00 00 00 00 00 00 00 00
  ......G......... 00 00 00 00 00 e0 47 a6 09 00 00 00 00 00 00 00
  .....            00 01 00 00 00
008246-008249 StateIDBlock 161892320
008250-008259 NewStateBlock "NewState"
008260-008263 XSizeBlock 337
008264-008267 YSizeBlock 24
008268-008283 UnicodeBlock "dy_name"
008284-008302 DataBlock
  ................ 00 00 02 00 00 00 04 00 00 00 00 00 00 00 02 00
  ...              00 00 00
008303-008360 UnicodeBlock "dy_name_NewState_Text_7a003f"
008361-008364 DataBlock
  ....             00 00 00 00
008365-008387 FontNameBlock "la_gioconda_uppercase"
008388-008403 DataBlock
  ................ 0e 00 00 00 01 00 00 00 00 00 00 00 d7 f8 ff ff
008404-008420 StringBlock "FE_header_small"
008421-008440 DataBlock
  ................ 00 00 00 00 00 00 00 00 00 00 00 00 00 00 00 00
  ....             00 00 00 00
008441-008451 T0Block "normal_t0"
008452-008467 DataBlock
  ................ 00 00 00 00 00 00 00 00 00 00 00 00 00 00 00 00
008468-008478 T0Block "normal_t0"
008479-008532 DataBlock
  ................ 00 00 00 00 00 00 00 00 00 00 00 00 00 00 00 00
  ................ 00 00 00 00 00 00 00 00 00 00 00 00 00 00 00 00
  ................ 00 00 00 00 00 00 00 00 00 00 00 00 01 00 00 00
  ....?)           00 00 80 ea 3f 29
008533-008541 StringBlock "divider"
008542-008588 DataBlock
  ................ 00 00 00 00 00 00 f8 ff ff ff 15 00 00 00 01 01
  ................ 00 00 00 00 01 00 00 00 00 01 00 00 00 00 07 00
  ...............  00 00 f8 ff ff ff 02 00 00 00 00 10 c1 ae 0f
008589-008659 ImageListBlock 1 elements:
  008593-008659 ImageBlock id=743184960 xsize=200 ysize=5 path="ui\\skins\\default\\candidate_bloodlines_divider.png" unknown=0
008660-008664 DataBlock
  .....            00 01 00 00 00
008665-008668 StateIDBlock 263110928
008669-008678 NewStateBlock "NewState"
008679-008682 XSizeBlock 200
008683-008686 YSizeBlock 5
008687-008713 DataBlock
  ................ 00 00 00 00 02 00 00 00 00 00 00 00 00 00 00 00
  ...........      02 00 00 00 00 00 00 00 00 00 00
008714-008725 FontNameBlock "Norse-Bold"
008726-008741 DataBlock
  ................ 0a 00 00 00 02 00 00 00 00 00 00 00 dd da fa ff
008742-008764 StringBlock "Default Font Category"
008765-008784 DataBlock
  ................ 00 00 00 00 00 00 00 00 00 00 00 00 00 00 00 00
  ....             00 00 00 00
008785-008795 T0Block "normal_t0"
008796-008811 DataBlock
  ................ 00 00 00 00 00 00 00 00 00 00 00 00 00 00 00 00
008812-008822 T0Block "normal_t0"
008823-008842 DataBlock
  ................ 00 00 00 00 00 00 00 00 00 00 00 00 00 00 00 00
  ....             01 00 00 00
008843-008866 ImageUseBlock id=743184960 xofs=0 yofs=0 xsize=200 ysize=5 brga=4294967295
008867-009021 DataBlock
  ................ 00 00 00 00 00 00 00 00 00 00 00 00 00 00 00 00
  ................ 00 01 01 00 00 00 00 00 00 00 00 00 00 00 00 00
  ..........?..... 00 00 00 00 00 00 00 00 00 80 3f 00 00 00 00 00
  ................ 00 00 00 00 00 00 00 00 00 00 00 00 00 00 00 00
  ................ 00 00 00 00 00 00 00 00 00 00 00 00 00 00 00 00
  ................ 00 00 00 00 00 00 00 00 00 00 00 00 00 00 00 00
  ................ 00 00 00 00 00 00 00 00 00 00 00 00 00 00 00 00
  ......?.......?. 00 00 00 00 00 80 3f 00 00 00 00 00 00 80 3f 00
  ............?... 00 00 00 00 00 00 00 00 00 00 00 80 3f 00 00 00
  ........_..      00 00 00 00 00 00 00 84 5f fb 02
009022-009034 StringBlock "icon_office"
009035-009081 DataBlock
  ..........d..... 00 00 00 00 00 00 0e 00 00 00 64 00 00 00 00 00
  ................ 00 00 00 00 00 00 00 00 00 01 00 00 00 00 07 00
  ............c..  00 00 0e 00 00 00 f9 ff ff ff 00 8c 63 fb 02
009082-009138 ImageListBlock 1 elements:
  009086-009138 ImageBlock id=50029236 xsize=36 ysize=32 path="ui\\skins\\default\\faction_leader.png" unknown=0
009139-009143 DataBlock
  .....            00 01 00 00 00
009144-009147 StateIDBlock 50029452
009148-009157 NewStateBlock "NewState"
009158-009161 XSizeBlock 36
009162-009165 YSizeBlock 32
009166-009192 DataBlock
  ................ 00 00 00 00 02 00 00 00 00 00 00 00 00 00 00 00
  ...........      01 00 00 00 00 00 00 00 00 00 00
009193-009204 FontNameBlock "Norse-Bold"
009205-009220 DataBlock
  ................ 0a 00 00 00 02 00 00 00 00 00 00 00 dd da fa ff
009221-009243 StringBlock "Default Font Category"
009244-009263 DataBlock
  ................ 00 00 00 00 00 00 00 00 00 00 00 00 00 00 00 00
  ....             01 01 00 00
009264-009274 T0Block "normal_t0"
009275-009290 DataBlock
  ................ 00 00 00 00 00 00 00 00 00 00 00 00 00 00 00 00
009291-009301 T0Block "normal_t0"
009302-009321 DataBlock
  ................ 00 00 00 00 00 00 00 00 00 00 00 00 00 00 00 00
  ....             01 00 00 00
009322-009345 ImageUseBlock id=50029236 xofs=0 yofs=0 xsize=36 ysize=32 brga=4294967295
009346-009478 DataBlock
  ................ 00 00 00 00 00 00 00 00 00 00 00 00 00 00 00 00
  ................ 00 01 01 00 00 00 00 00 00 00 00 00 00 00 00 00
  ..........?..... 00 00 00 00 00 00 00 00 00 80 3f 00 00 00 00 00
  ................ 00 00 00 00 00 00 00 00 00 00 00 00 00 00 00 00
  ................ 00 00 00 00 00 00 00 00 00 00 00 00 00 00 00 00
  ................ 00 00 00 00 00 00 00 00 00 00 00 00 00 00 00 00
  ................ 00 00 00 00 00 00 00 00 00 00 00 00 00 00 00 00
  ......?.......?. 00 00 00 00 00 80 3f 00 00 00 00 00 00 80 3f 00
  . @..            00 20 40 e5 13
009479-009501 StringBlock "icon_background_skill"
009502-009507 DataBlock
  ......           00 00 01 00 00 00
009508-009519 StringBlock "TraitsIcon"
009520-009564 DataBlock
  ....b...\....... 00 00 00 00 62 00 00 00 5c 00 00 00 01 00 00 00
  ................ 00 00 01 00 00 00 00 01 00 00 00 00 04 00 00 00
  b...#.....O..    62 00 00 00 23 00 00 00 00 00 4f e5 13
009565-009648 ImageListBlock 1 elements:
  009569-009648 ImageBlock id=195533120 xsize=53 ysize=53 path="ui\\skins\\default\\att_agent_skills_champion_personal_combat.png" unknown=0
009649-009653 DataBlock
  .....            00 01 00 00 00
009654-009657 StateIDBlock 333795072
009658-009667 NewStateBlock "NewState"
009668-009671 XSizeBlock 145
009672-009675 YSizeBlock 24
009676-009709 UnicodeBlock "Background skill"
009710-009728 DataBlock
  ................ 00 00 02 00 00 00 04 00 00 00 00 00 00 00 03 00
  ...              00 00 01
009729-009814 UnicodeBlock "icon_background_skill_NewState_Text_1f0060"
009815-009818 DataBlock
  ....             00 00 00 00
009819-009831 FontNameBlock "la_gioconda"
009832-009847 DataBlock
  ................ 0c 00 00 00 01 00 00 00 00 00 00 00 d7 f8 ff ff
009848-009856 StringBlock "fe_text"
009857-009876 DataBlock
  ................ 1a 00 00 00 04 00 00 00 00 00 00 00 00 00 00 00
  ....             01 01 00 00
009877-009887 T0Block "normal_t0"
009888-009903 DataBlock
  ................ 00 00 00 00 00 00 00 00 00 00 00 00 00 00 00 00
009904-009914 T0Block "normal_t0"
009915-009934 DataBlock
  ................ 00 00 00 00 00 00 00 00 00 00 00 00 00 00 00 00
  ....             01 00 00 00
009935-009958 ImageUseBlock id=195533120 xofs=0 yofs=0 xsize=24 ysize=24 brga=4294967295
009959-010085 DataBlock
  ................ 00 00 00 00 00 01 00 00 00 00 00 00 00 00 00 00
  ................ 00 00 00 00 00 00 00 00 00 00 00 00 00 00 00 00
  ..........?..... 00 00 00 00 00 00 00 00 00 80 3f 00 00 00 00 00
  ................ 00 00 00 00 00 00 00 00 00 00 00 00 00 00 00 00
  ................ 00 00 00 00 00 00 00 00 00 00 00 00 00 00 00 00
  ................ 00 00 00 00 00 00 00 00 00 00 00 00 00 14 00 00
  ................ 00 00 00 00 00 00 00 00 00 00 00 00 00 00 00 00
  ......?.......?  00 00 00 00 00 80 3f 00 00 00 00 00 00 00 3f
010086-010102 StringBlock "rank_dspl_small"
010103-010110 DataBlock
  ..V'....         80 d5 56 27 06 00 00 00
010111-010120 StringBlock "piechart"
010121-010130 StringBlock "piechart"
010131-010136 DataBlock
  ......           00 00 01 00 00 00
010137-010160 StringBlock "ShaderPieChartCallback"
010161-010201 DataBlock
  ................ 00 00 00 00 00 00 00 00 00 00 00 00 00 00 00 00
  .A...A....<..... a0 41 00 00 a0 41 05 00 00 00 3c 00 00 00 01 02
  .........        00 00 00 00 00 00 00 00 00
010202-010205 StateIDBlock 0
010206-010215 NewStateBlock "NewState"
010216-010219 XSizeBlock 0
010220-010223 YSizeBlock 0
010224-010227 DataBlock
  ....             00 00 00 00
010228-010262 ImagePathListBlock 1 elements:
  010232-010262 ImagePathBlock "ui/skins/default/pie_test.png"
010263-010269 StringBlock "frame"
010270-010276 StringBlock "frame"
010277-010319 DataBlock
  ................ 00 00 00 00 00 00 00 00 00 00 00 00 00 00 00 00
  ..0B..0B....<... 00 00 30 42 00 00 30 42 05 00 00 00 3c 00 00 00
  ...........      01 02 00 00 00 00 00 00 00 00 00
010320-010323 StateIDBlock 0
010324-010333 NewStateBlock "NewState"
010334-010337 XSizeBlock 0
010338-010341 YSizeBlock 0
010342-010345 DataBlock
  ....             00 00 00 00
010346-010393 ImagePathListBlock 1 elements:
  010350-010393 ImagePathBlock "ui/skins/default/rank_dspl_small_frame.png"
010394-010402 StringBlock "dy_rank"
010403-010411 StringBlock "dy_rank"
010412-010458 DataBlock
  ...............? 00 00 00 00 00 00 00 00 00 00 00 00 00 00 80 3f
  ...A...A....<... 00 00 a0 41 00 00 c0 41 05 00 00 00 3c 00 00 00
  ...............  01 02 00 00 00 00 00 00 00 00 00 00 00 00 00
010459-010468 NewStateBlock "NewState"
010469-010520 UnicodeBlock "dy_level_NewState_Text_34"
010521-010538 DataBlock
  ..1.0........... 02 00 31 00 30 00 00 00 00 00 00 00 00 00 00 00
  ..               00 00
010539-010550 StringBlock "experience"
010551-010562 StringBlock "experience"
010563-010568 DataBlock
  ......           00 00 01 00 00 00
010569-010592 StringBlock "ShaderPieChartCallback"
010593-010633 DataBlock
  ................ 00 00 00 00 00 00 00 00 00 00 00 00 00 00 00 00
  .A...A....<..... d0 41 00 00 d0 41 05 00 00 00 3c 00 00 00 01 02
  .........        00 00 00 00 00 00 00 00 00
010634-010637 StateIDBlock 0
010638-010647 NewStateBlock "NewState"
010648-010651 XSizeBlock 0
010652-010655 YSizeBlock 0
010656-010659 DataBlock
  ....             00 00 00 00
010660-010694 ImagePathListBlock 1 elements:
  010664-010694 ImagePathBlock "ui/skins/default/pie_test.png"
010695-010705 StringBlock "rank_zero"
010706-010716 StringBlock "rank_zero"
010717-010759 DataBlock
  ................ 00 00 00 00 00 00 00 00 00 00 00 00 00 00 00 00
  ..(B..(B....<... 00 00 28 42 00 00 28 42 05 00 00 00 3c 00 00 00
  ...........      01 02 00 00 00 00 00 00 00 00 00
010760-010763 StateIDBlock 0
010764-010773 NewStateBlock "NewState"
010774-010777 XSizeBlock 0
010778-010781 YSizeBlock 0
010782-010785 DataBlock
  ....             00 00 00 00
010786-010826 ImagePathListBlock 1 elements:
  010790-010826 ImagePathBlock "ui/skins/default/rank_dspl_zero.png"
010827-010828 DataBlock
  ..               00 00
010829-010834 StringBlock "rank"
010835-010840 DataBlock
  ......           00 00 01 00 00 00
010841-010863 StringBlock "CharacterRankCallback"
010864-010904 DataBlock
  ........lB...B.. 00 00 00 00 00 00 00 00 6c 42 00 00 bc 42 00 00
  0B..0B....<..... 30 42 00 00 30 42 01 00 00 00 3c 00 00 00 01 02
  .........        00 00 00 00 00 00 00 00 00
010905-010908 StateIDBlock 0
010909-010918 NewStateBlock "NewState"
010919-010922 XSizeBlock 0
010923-010926 YSizeBlock 0
010927-010930 DataBlock
  ....             00 00 00 00
010931-010977 ImagePathListBlock 1 elements:
  010935-010977 ImagePathBlock "ui/skins/default/rank_dspl_small_back.png"
010978-010987 DataBlock
  ......@.q.       00 00 00 00 00 00 40 c1 71 1a
010988-010999 StringBlock "dy_subtype"
011000-011005 DataBlock
  ......           00 00 01 00 00 00
011006-011023 StringBlock "ContextTextLabel"
011024-011045 StringBlock "CcoCampaignCharacter"
011046-011064 StringBlock "CharacterTypeName"
011065-011117 DataBlock
  b...0........... 62 00 00 00 30 00 00 00 01 00 00 00 00 00 01 00
  ................ 00 00 00 01 00 00 00 00 00 00 00 00 00 00 00 00
  .......q........ 00 00 00 00 00 80 c4 71 1a 00 00 00 00 00 00 00
  .....            00 01 00 00 00
011118-011121 StateIDBlock 443663488
011122-011131 NewStateBlock "NewState"
011132-011135 XSizeBlock 337
011136-011139 YSizeBlock 24
011140-011161 UnicodeBlock "dy_subtype"
011162-011180 DataBlock
  ................ 00 00 02 00 00 00 04 00 00 00 00 00 00 00 02 00
  ...              00 00 00
011181-011244 UnicodeBlock "dy_subtype_NewState_Text_74004a"
011245-011248 DataBlock
  ....             00 00 00 00
011249-011261 FontNameBlock "la_gioconda"
011262-011277 DataBlock
  ................ 0c 00 00 00 01 00 00 00 00 00 00 00 d7 f8 ff ff
011278-011286 StringBlock "fe_text"
011287-011306 DataBlock
  ................ 00 00 00 00 00 00 00 00 00 00 00 00 00 00 00 00
  ....             00 00 00 00
011307-011317 T0Block "normal_t0"
011318-011333 DataBlock
  ................ 00 00 00 00 00 00 00 00 00 00 00 00 00 00 00 00
011334-011344 T0Block "normal_t0"
011345-011420 DataBlock
  ................ 00 00 00 00 00 00 00 00 00 00 00 00 00 00 00 00
  ................ 00 00 00 00 00 00 00 00 00 00 00 00 00 00 00 00
  ................ 00 00 00 00 00 00 00 00 00 00 00 00 00 00 00 00
  .............?.. 00 00 00 00 00 00 00 00 00 00 00 00 80 3f 00 00
  ...........#     00 00 00 00 00 00 00 00 00 ed 9e 23
011421-011432 StringBlock "UpkeepCost"
011433-011458 DataBlock
  ..........j..... 00 00 00 00 00 00 c3 01 00 00 6a 00 00 00 00 00
  ..........       00 00 00 00 01 00 00 00 00 01
011459-011702 UnicodeBlock "Upkeep||This amount will be deducted from your {{tr:icon_treasury}}{{tr:treasury}} each turn while this character exists."
011703-011752 UnicodeBlock "UpkeepCost_Tooltip_c0048"
011753-011769 DataBlock
  ................ 09 00 00 00 08 00 00 00 fc ff ff ff 00 00 00 00
  .                00
011770-011823 ImageListBlock 1 elements:
  011774-011823 ImageBlock id=537082112 xsize=127 ysize=29 path="ui\\skins\\default\\coin_banner.png" unknown=0
011824-011828 DataBlock
  .....            00 01 00 00 00
011829-011832 StateIDBlock 516339488
011833-011842 NewStateBlock "NewState"
011843-011846 XSizeBlock 70
011847-011850 YSizeBlock 29
011851-011877 DataBlock
  ................ 00 00 00 00 02 00 00 00 00 00 00 00 00 00 00 00
  ...........      01 00 00 00 00 00 00 00 00 00 00
011878-011890 FontNameBlock "la_gioconda"
011891-011906 DataBlock
  ................ 0c 00 00 00 01 00 00 00 00 00 00 00 00 00 00 ff
011907-011919 StringBlock "ingame_text"
011920-011939 DataBlock
  ................ 00 00 00 00 00 00 00 00 00 00 00 00 00 00 00 00
  ....             01 01 00 00
011940-011950 T0Block "normal_t0"
011951-011966 DataBlock
  ................ 00 00 00 00 00 00 00 00 00 00 00 00 00 00 00 00
011967-011977 T0Block "normal_t0"
011978-011997 DataBlock
  ................ 00 00 00 00 00 00 00 00 00 00 00 00 00 00 00 00
  ....             01 00 00 00
011998-012021 ImageUseBlock id=537082112 xofs=0 yofs=0 xsize=70 ysize=29 brga=4294967295
012022-012132 DataBlock
  ................ 00 00 00 00 00 00 00 00 00 00 00 00 00 00 00 00
  ................ 00 01 01 00 00 00 00 00 00 00 00 00 00 00 00 00
  ..........?..... 00 00 00 00 00 00 00 00 00 80 3f 00 00 00 00 00
  ................ 00 00 00 00 00 00 00 00 00 00 00 00 00 00 00 00
  ....A.......A... 00 00 00 f0 41 00 00 00 00 00 00 f0 41 00 00 00
  ................ 00 00 00 00 00 00 00 00 00 00 00 00 00 00 00 00
  ...............  00 00 00 00 00 01 00 00 00 00 00 e0 f0 af 1f
012133-012140 StringBlock "Upkeep"
012141-012203 DataBlock
  ................ 00 00 00 00 00 00 18 00 00 00 06 00 00 00 01 00
  ................ 00 00 00 00 01 00 00 00 00 01 00 00 00 00 06 00
  ...........`.... 00 00 f7 ff ff ff 01 00 00 00 00 60 00 b2 1e 00
  ...........`...  00 00 00 00 00 00 00 02 00 00 00 60 00 b2 1e
012204-012211 StringBlock "Normal"
012212-012219 DataBlock
  %.......         25 00 00 00 12 00 00 00
012220-012229 UnicodeBlock "2000"
012230-012248 DataBlock
  ................ 00 00 03 00 00 00 04 00 00 00 00 00 00 00 02 00
  ...              00 00 00
012249-012294 UnicodeBlock "dy_cost_NewSate_Text_2"
012295-012298 DataBlock
  ....             00 00 00 00
012299-012311 FontNameBlock "la_gioconda"
012312-012327 DataBlock
  ................ 0c 00 00 00 01 00 00 00 00 00 00 00 00 00 00 ff
012328-012340 StringBlock "ingame_text"
012341-012360 DataBlock
  ................ 00 00 00 00 00 00 00 00 00 00 00 00 00 00 00 00
  ....             00 00 00 00
012361-012371 T0Block "normal_t0"
012372-012387 DataBlock
  ................ 00 00 00 00 00 00 00 00 00 00 00 00 00 00 00 00
012388-012398 T0Block "normal_t0"
012399-012447 DataBlock
  ................ 00 00 00 00 00 00 00 00 00 00 00 00 00 00 00 00
  ................ 00 00 00 00 00 00 00 00 00 00 00 00 00 00 00 00
  .h....Red%...... 00 68 b3 1e 03 00 52 65 64 25 00 00 00 12 00 00
  .                00
012448-012457 UnicodeBlock "2000"
012458-012476 DataBlock
  ................ 00 00 03 00 00 00 04 00 00 00 00 00 00 00 02 00
  ...              00 00 00
012477-012522 UnicodeBlock "dy_cost_NewSate_Text_2"
012523-012526 DataBlock
  ....             00 00 00 00
012527-012539 FontNameBlock "la_gioconda"
012540-012555 DataBlock
  ................ 0c 00 00 00 07 00 00 00 00 00 00 00 00 00 aa ff
012556-012568 StringBlock "fe_text_red"
012569-012588 DataBlock
  ................ 00 00 00 00 00 00 00 00 00 00 00 00 00 00 00 00
  ....             00 00 00 00
012589-012599 T0Block "normal_t0"
012600-012615 DataBlock
  ................ 00 00 00 00 00 00 00 00 00 00 00 00 00 00 00 00
012616-012626 T0Block "normal_t0"
012627-012724 DataBlock
  ................ 00 00 00 00 00 00 00 00 00 00 00 00 00 00 00 00
  ................ 00 00 00 00 00 00 00 00 00 00 00 00 00 00 00 00
  ....-........... 00 00 00 00 2d 00 00 00 00 00 00 00 00 00 00 00
  .............?.. 00 00 00 00 00 00 00 00 00 00 00 00 80 3f 00 00
  .?...?.......... 80 3f 00 00 00 3f 00 00 00 00 00 00 00 00 00 00
  ...?...?...?..@. 00 00 80 3f 00 00 80 3f 00 00 80 3f 00 00 40 ad
  .$               db 24
012725-012741 StringBlock "RecruitmentCost"
012742-012767 DataBlock
  ..........T..... 00 00 00 00 00 00 c3 01 00 00 54 00 00 00 00 00
  ..........       00 00 00 00 01 00 00 00 00 01
012768-013001 UnicodeBlock "Cost||This amount will be deducted from your {{tr:icon_treasury}}{{tr:treasury}} in order to recruit this character."
013002-013063 UnicodeBlock "RecruitmentCost_Tooltip_430063"
013064-013080 DataBlock
  ................ 09 00 00 00 08 00 00 00 e6 ff ff ff 00 00 00 00
  .                00
013081-013138 ImageListBlock 1 elements:
  013085-013138 ImageBlock id=536173440 xsize=127 ysize=29 path="ui\\skins\\default\\treasury_banner.png" unknown=0
013139-013143 DataBlock
  .....            00 01 00 00 00
013144-013147 StateIDBlock 618377472
013148-013157 NewStateBlock "NewState"
013158-013161 XSizeBlock 70
013162-013165 YSizeBlock 29
013166-013192 DataBlock
  ................ 00 00 00 00 02 00 00 00 00 00 00 00 00 00 00 00
  ...........      01 00 00 00 00 00 00 00 00 00 00
013193-013205 FontNameBlock "la_gioconda"
013206-013221 DataBlock
  ................ 0c 00 00 00 01 00 00 00 00 00 00 00 00 00 00 ff
013222-013234 StringBlock "ingame_text"
013235-013254 DataBlock
  ................ 00 00 00 00 00 00 00 00 00 00 00 00 00 00 00 00
  ....             01 01 00 00
013255-013265 T0Block "normal_t0"
013266-013281 DataBlock
  ................ 00 00 00 00 00 00 00 00 00 00 00 00 00 00 00 00
013282-013292 T0Block "normal_t0"
013293-013312 DataBlock
  ................ 00 00 00 00 00 00 00 00 00 00 00 00 00 00 00 00
  ....             01 00 00 00
013313-013336 ImageUseBlock id=536173440 xofs=0 yofs=0 xsize=70 ysize=29 brga=4294967295
013337-013447 DataBlock
  ................ 00 00 00 00 00 00 00 00 00 00 00 00 00 00 00 00
  ................ 00 01 01 00 00 00 00 00 00 00 00 00 00 00 00 00
  ..........?..... 00 00 00 00 00 00 00 00 00 80 3f 00 00 00 00 00
  ................ 00 00 00 00 00 00 00 00 00 00 00 00 00 00 00 00
  ....A.......A... 00 00 00 f0 41 00 00 00 00 00 00 f0 41 00 00 00
  ................ 00 00 00 00 00 00 00 00 00 00 00 00 00 00 00 00
  ...........@..$  00 00 00 00 00 01 00 00 00 00 00 40 b3 db 24
013448-013453 StringBlock "Cost"
013454-013516 DataBlock
  ................ 00 00 00 00 00 00 18 00 00 00 06 00 00 00 01 00
  ................ 00 00 00 00 01 00 00 00 00 01 00 00 00 00 06 00
  ..............$. 00 00 f7 ff ff ff 01 00 00 00 00 c0 b8 db 24 00
  ..............$  00 00 00 00 00 00 00 02 00 00 00 c0 b8 db 24
013517-013524 StringBlock "Normal"
013525-013532 DataBlock
  %.......         25 00 00 00 12 00 00 00
013533-013542 UnicodeBlock "2000"
013543-013561 DataBlock
  ................ 00 00 03 00 00 00 04 00 00 00 00 00 00 00 02 00
  ...              00 00 00
013562-013607 UnicodeBlock "dy_cost_NewSate_Text_2"
013608-013611 DataBlock
  ....             00 00 00 00
013612-013624 FontNameBlock "la_gioconda"
013625-013640 DataBlock
  ................ 0c 00 00 00 01 00 00 00 00 00 00 00 00 00 00 ff
013641-013653 StringBlock "ingame_text"
013654-013673 DataBlock
  ................ 00 00 00 00 00 00 00 00 00 00 00 00 00 00 00 00
  ....             00 00 00 00
013674-013684 T0Block "normal_t0"
013685-013700 DataBlock
  ................ 00 00 00 00 00 00 00 00 00 00 00 00 00 00 00 00
013701-013711 T0Block "normal_t0"
013712-013760 DataBlock
  ................ 00 00 00 00 00 00 00 00 00 00 00 00 00 00 00 00
  ................ 00 00 00 00 00 00 00 00 00 00 00 00 00 00 00 00
  ...$..Red%...... c0 bc db 24 03 00 52 65 64 25 00 00 00 12 00 00
  .                00
013761-013770 UnicodeBlock "2000"
013771-013789 DataBlock
  ................ 00 00 03 00 00 00 04 00 00 00 00 00 00 00 02 00
  ...              00 00 00
013790-013835 UnicodeBlock "dy_cost_NewSate_Text_2"
013836-013839 DataBlock
  ....             00 00 00 00
013840-013852 FontNameBlock "la_gioconda"
013853-013868 DataBlock
  ................ 0c 00 00 00 07 00 00 00 00 00 00 00 00 00 aa ff
013869-013881 StringBlock "fe_text_red"
013882-013901 DataBlock
  ................ 00 00 00 00 00 00 00 00 00 00 00 00 00 00 00 00
  ....             00 00 00 00
013902-013912 T0Block "normal_t0"
013913-013928 DataBlock
  ................ 00 00 00 00 00 00 00 00 00 00 00 00 00 00 00 00
013929-013939 T0Block "normal_t0"
013940-014037 DataBlock
  ................ 00 00 00 00 00 00 00 00 00 00 00 00 00 00 00 00
  ................ 00 00 00 00 00 00 00 00 00 00 00 00 00 00 00 00
  ....-........... 00 00 00 00 2d 00 00 00 00 00 00 00 00 00 00 00
  .............?.. 00 00 00 00 00 00 00 00 00 00 00 00 80 3f 00 00
  .?...?.......... 80 3f 00 00 00 3f 00 00 00 00 00 00 00 00 00 00
  ...?...?...?..`. 00 00 80 3f 00 00 80 3f 00 00 80 3f 00 00 60 01
   .               20 12
014038-014051 StringBlock "health_frame"
014052-014125 DataBlock
  ................ 00 00 00 00 00 00 1e 00 00 00 16 00 00 00 00 00
  ................ 00 00 00 00 00 01 00 00 00 01 00 00 00 00 01 00
  ...........`.1.. 00 00 1e 00 00 00 16 00 00 00 00 60 13 31 12 01
  .............(.. 00 00 00 c0 f3 b7 1a 00 00 09 00 00 00 28 00 00
  ..........       00 00 00 00 00 00 01 00 00 00
014126-014129 StateIDBlock 305206112
014130-014139 NewStateBlock "NewState"
014140-014143 XSizeBlock 56
014144-014147 YSizeBlock 14
014148-014174 DataBlock
  ................ 00 00 00 00 02 00 00 00 00 00 00 00 00 00 00 00
  ...........      01 00 00 00 00 00 00 00 00 00 00
014175-014187 FontNameBlock "la_gioconda"
014188-014203 DataBlock
  ................ 0a 00 00 00 01 00 00 00 00 00 00 00 00 00 00 ff
014204-014222 StringBlock "ingame_text_small"
014223-014242 DataBlock
  ................ 00 00 00 00 00 00 00 00 00 00 00 00 00 00 00 00
  ....             00 00 00 00
014243-014253 T0Block "normal_t0"
014254-014269 DataBlock
  ................ 00 00 00 00 00 00 00 00 00 00 00 00 00 00 00 00
014270-014280 T0Block "normal_t0"
014281-014435 DataBlock
  ................ 00 00 00 00 00 00 00 00 00 00 00 00 00 00 00 00
  ................ 01 00 00 00 c0 f3 b7 1a 00 00 00 00 00 00 00 00
  8............... 38 00 00 00 0e 00 00 00 00 00 00 ff 00 00 00 00
  ................ 00 00 00 00 00 00 00 00 00 00 00 00 00 01 01 00
  ................ 00 00 00 00 00 00 00 00 00 00 00 00 00 00 00 00
  ......?......... 00 00 00 00 00 80 3f 00 00 00 00 00 00 00 00 00
  ................ 00 00 00 00 00 00 00 00 00 00 00 00 00 00 00 00
  ................ 00 00 00 00 00 00 00 00 00 00 00 00 00 00 00 00
  ................ 00 00 00 00 00 00 00 00 00 00 00 00 00 00 00 00
  ..........6      00 02 00 00 00 00 00 c0 d0 14 36
014436-014448 StringBlock "health_back"
014449-014499 DataBlock
  ................ 00 00 00 00 00 00 00 00 00 00 00 00 00 00 01 01
  ................ 00 00 00 00 01 00 00 00 00 01 00 00 00 00 00 00
  ...........@.Y9. 00 00 00 00 00 00 00 00 00 00 00 40 81 59 39 02
  ...              00 00 00
014500-014552 ImageBlock id=905938048 xsize=52 ysize=11 path="ui\\skins\\default\\unit_card_back.png" unknown=1601454081
014553-014553 DataBlock
  4                34
014554-014596 ImagePathBlock "ui\\skins\\default\\unit_card_frame_ammo.png"
014597-014613 DataBlock
  :............... 3a 00 00 00 1f 00 00 00 00 00 00 00 00 01 00 00
  .                00
014614-014617 StateIDBlock 962167104
014618-014627 NewStateBlock "NewState"
014628-014631 XSizeBlock 56
014632-014635 YSizeBlock 14
014636-014662 DataBlock
  ................ 00 00 00 00 02 00 00 00 00 00 00 00 00 00 00 00
  ...........      02 00 00 00 00 00 00 00 00 00 00
014663-014674 FontNameBlock "Norse-Bold"
014675-014690 DataBlock
  ................ 0a 00 00 00 02 00 00 00 00 00 00 00 dd da fa ff
014691-014713 StringBlock "Default Font Category"
014714-014733 DataBlock
  ................ 00 00 00 00 00 00 00 00 00 00 00 00 00 00 00 00
  ....             00 00 00 00
014734-014744 T0Block "normal_t0"
014745-014760 DataBlock
  ................ 00 00 00 00 00 00 00 00 00 00 00 00 00 00 00 00
014761-014771 T0Block "normal_t0"
014772-014791 DataBlock
  ................ 00 00 00 00 00 00 00 00 00 00 00 00 00 00 00 00
  ....             02 00 00 00
014792-014815 ImageUseBlock id=905938048 xofs=0 yofs=0 xsize=56 ysize=12 brga=4294967295
014816-015049 DataBlock
  ................ 00 00 01 00 00 00 00 00 00 00 00 00 00 00 00 00
  ................ 00 01 01 00 00 00 00 00 00 00 00 00 00 00 00 00
  ..........?..... 00 00 00 00 00 00 00 00 00 80 3f 00 00 00 00 00
  ................ 00 00 00 00 00 00 00 00 00 00 00 00 00 00 00 00
  @...@...@...@@t_ 40 00 00 a0 40 00 00 00 40 00 00 a0 40 40 74 5f
  4........@...... 34 fc ff ff ff 05 00 00 00 40 00 00 00 1f 00 00
  ................ 00 ff ff ff ff 00 00 01 00 00 02 00 00 00 00 00
  ................ 00 00 05 00 00 00 01 00 00 00 00 00 00 00 00 00
  ...............? 00 00 00 00 00 00 00 00 00 00 00 00 00 00 80 3f
  ................ 00 00 00 00 00 00 00 00 00 00 00 00 00 00 00 00
  .........@...... 00 00 00 00 00 00 00 00 80 40 00 00 00 00 00 00
  .@.............. 80 40 00 00 00 00 00 00 00 00 00 00 00 00 00 00
  ................ 00 00 00 00 00 00 00 00 00 00 00 00 00 00 00 00
  ...........?.... 00 00 00 00 00 00 00 00 00 00 80 3f 00 00 00 00
  ........ .       00 00 00 00 00 00 c0 04 20 12
015050-015061 StringBlock "health_bar"
015062-015087 DataBlock
  ................ 00 00 00 00 00 00 00 00 00 00 00 00 00 00 01 01
  ..........       00 00 00 00 01 00 00 00 00 01
015088-015101 UnicodeBlock "Health"
015102-015153 UnicodeBlock "health_bar_Tooltip_610067"
015154-015182 DataBlock
  ................ 00 00 00 00 00 00 00 00 00 00 00 00 00 00 00 00
  .............    00 00 00 00 00 00 00 00 00 01 00 00 00
015183-015186 StateIDBlock 305206720
015187-015196 NewStateBlock "NewState"
015197-015200 XSizeBlock 56
015201-015204 YSizeBlock 12
015205-015231 DataBlock
  ................ 00 00 00 00 02 00 00 00 00 00 00 00 00 00 00 00
  ...........      01 00 00 00 00 00 00 00 00 00 00
015232-015244 FontNameBlock "la_gioconda"
015245-015260 DataBlock
  ................ 0a 00 00 00 01 00 00 00 00 00 00 00 00 00 00 ff
015261-015279 StringBlock "ingame_text_small"
015280-015299 DataBlock
  ................ 00 00 00 00 00 00 00 00 00 00 00 00 00 00 00 00
  ....             00 00 00 00
015300-015310 T0Block "normal_t0"
015311-015326 DataBlock
  ................ 00 00 00 00 00 00 00 00 00 00 00 00 00 00 00 00
015327-015337 T0Block "normal_t0"
015338-015373 DataBlock
  ................ 00 00 00 00 00 00 00 00 00 00 00 00 00 00 00 00
  ................ 00 00 00 00 00 00 00 00 00 00 00 00 00 00 00 00
  ....             01 00 00 00
015374-015384 StringBlock "parent_id"
015385-015394 StringBlock "UnitCard"
015395-015412 DataBlock
  .............. . 00 00 00 00 00 00 00 00 02 00 00 00 00 00 20 00
  ..               9e 0c
015413-015424 StringBlock "bar_regain"
015425-015471 DataBlock
  ................ 00 00 00 00 00 00 00 00 00 00 00 00 00 00 01 01
  ................ 00 00 00 00 00 00 01 00 00 01 00 00 00 00 04 00
  ........... ...  00 00 00 00 00 00 00 00 00 00 00 20 05 9e 0c
015472-015523 ImageListBlock 1 elements:
  015476-015523 ImageBlock id=251543952 xsize=52 ysize=11 path="ui\\skins\\default\\bar_white.png" unknown=0
015524-015532 DataBlock
  ..... ...        00 01 00 00 00 20 05 9e 0c
015533-015538 StringBlock "high"
015539-015573 DataBlock
  8............... 38 00 00 00 0c 00 00 00 00 00 00 00 02 00 00 00
  ................ 00 00 00 00 00 00 00 00 01 00 00 00 00 00 00 00
  ...              00 00 00
015574-015586 FontNameBlock "la_gioconda"
015587-015602 DataBlock
  ................ 0c 00 00 00 01 00 00 00 00 00 00 00 00 00 00 ff
015603-015615 StringBlock "ingame_text"
015616-015635 DataBlock
  ................ 00 00 00 00 00 00 00 00 00 00 00 00 00 00 00 00
  ....             00 00 00 00
015636-015646 T0Block "normal_t0"
015647-015662 DataBlock
  ................ 00 00 00 00 00 00 00 00 00 00 00 00 00 00 00 00
015663-015673 T0Block "normal_t0"
015674-015693 DataBlock
  ................ 00 00 00 00 00 00 00 00 00 00 00 00 00 00 00 00
  ....             01 00 00 00
015694-015717 ImageUseBlock id=251543952 xofs=0 yofs=0 xsize=56 ysize=12 brga=4294956800
015718-015850 DataBlock
  ................ 00 00 00 00 00 00 00 00 00 00 00 00 00 00 00 00
  ................ 00 00 00 00 00 00 00 00 00 00 00 00 00 00 00 00
  ..........?..... 00 00 00 00 00 00 00 00 00 80 3f 00 00 00 00 00
  ................ 00 00 00 00 00 00 00 00 00 00 00 00 00 00 00 00
  ....?.......?... 00 00 00 80 3f 00 00 00 00 00 00 80 3f 00 00 00
  ................ 00 00 00 00 00 00 00 00 00 00 00 00 00 00 00 00
  ................ 00 00 00 00 00 00 00 00 00 00 00 00 00 00 00 00
  ......?.......?. 00 00 00 00 00 80 3f 00 00 00 00 00 00 00 3f 00
  .@. .            00 40 08 20 12
015851-015863 StringBlock "health_fill"
015864-015910 DataBlock
  ................ 00 00 00 00 00 00 00 00 00 00 00 00 00 00 01 01
  ................ 00 00 00 00 01 00 01 00 00 01 00 00 00 00 04 00
  .............1.  00 00 00 00 00 00 00 00 00 00 00 00 18 31 12
015911-015962 ImageListBlock 1 elements:
  015915-015962 ImageBlock id=303648896 xsize=52 ysize=11 path="ui\\skins\\default\\bar_white.png" unknown=0
015963-015971 DataBlock
  .......1.        00 01 00 00 00 00 18 31 12
015972-015980 StringBlock "default"
015981-016015 DataBlock
  8............... 38 00 00 00 0c 00 00 00 00 00 00 00 02 00 00 00
  ................ 00 00 00 00 00 00 00 00 01 00 00 00 00 00 00 00
  ...              00 00 00
016016-016028 FontNameBlock "la_gioconda"
016029-016044 DataBlock
  ................ 0a 00 00 00 01 00 00 00 00 00 00 00 00 00 00 ff
016045-016063 StringBlock "ingame_text_small"
016064-016083 DataBlock
  ................ 00 00 00 00 00 00 00 00 00 00 00 00 00 00 00 00
  ....             00 00 00 00
016084-016094 T0Block "normal_t0"
016095-016110 DataBlock
  ................ 00 00 00 00 00 00 00 00 00 00 00 00 00 00 00 00
016111-016121 T0Block "normal_t0"
016122-016141 DataBlock
  ................ 00 00 00 00 00 00 00 00 00 00 00 00 00 00 00 00
  ....             01 00 00 00
016142-016165 ImageUseBlock id=303648896 xofs=0 yofs=0 xsize=56 ysize=12 brga=4288867351
016166-016342 DataBlock
  ................ 00 00 00 00 00 04 00 00 00 00 00 00 00 00 00 00
  ................ 00 00 00 00 00 00 00 00 00 00 00 00 00 00 00 00
  ..........?..... 00 00 00 00 00 00 00 00 00 80 3f 00 00 00 00 00
  ................ 00 00 00 00 00 00 00 00 00 00 00 00 00 00 00 00
  ....?.......?... 00 00 00 80 3f 00 00 00 00 00 00 80 3f 00 00 00
  ................ 00 00 00 00 00 00 00 00 00 00 00 00 00 00 00 00
  ................ 00 00 00 00 00 00 00 00 00 00 00 00 00 00 00 00
  ......?.......?. 00 00 00 00 00 80 3f 00 00 00 00 00 00 00 3f 00
  ............?... 00 00 00 00 00 00 00 00 00 00 00 80 3f 00 00 00
  ................ 00 00 00 00 00 00 00 00 00 00 00 00 00 00 00 00
  ..?...........s. 00 80 3f 00 00 00 00 00 00 00 00 00 00 80 73 a5
  %                25
016343-016354 StringBlock "GrowthCost"
016355-016380 DataBlock
  ..........4..... 00 00 00 00 00 00 de 01 00 00 34 00 00 00 00 00
  ..........       00 00 00 00 00 00 00 00 00 01
016381-016822 UnicodeBlock "Population surplus cost||This is the amount of [[img:icon_pop_surplus]][[/img]]population surplus required to recruit this character.||This amount will be subtracted from the horde where this character is recruited from."
016823-016874 UnicodeBlock "GrowthCost_Tooltip_46007d"
016875-016895 DataBlock
  ................ 06 00 00 00 05 00 00 00 03 00 00 00 00 80 01 8d
  %....            25 02 00 00 00
016896-016960 ImageBlock id=632217600 xsize=34 ysize=34 path="ui\\skins\\default\\unit_cat_holder_round_fill.png" unknown=1591332864
016961-016961 DataBlock
  .                0a
016962-017005 ImagePathBlock "ui\\skins\\default\\unit_cat_holder_round.png"
017006-017022 DataBlock
  "..."........... 22 00 00 00 22 00 00 00 00 00 00 00 00 01 00 00
  .                00
017023-017026 StateIDBlock 629997952
017027-017036 NewStateBlock "NewState"
017037-017040 XSizeBlock 40
017041-017044 YSizeBlock 40
017045-017071 DataBlock
  ................ 00 00 00 00 02 00 00 00 00 00 00 00 00 00 00 00
  ...........      01 00 00 00 00 00 00 00 00 00 00
017072-017083 FontNameBlock "Norse-Bold"
017084-017099 DataBlock
  ................ 0a 00 00 00 02 00 00 00 00 00 00 00 dd da fa ff
017100-017122 StringBlock "Default Font Category"
017123-017142 DataBlock
  ................ 00 00 00 00 00 00 00 00 00 00 00 00 00 00 00 00
  ....             01 00 00 00
017143-017153 T0Block "normal_t0"
017154-017169 DataBlock
  ................ 00 00 00 00 00 00 00 00 00 00 00 00 00 00 00 00
017170-017180 T0Block "normal_t0"
017181-017301 DataBlock
  ................ 00 00 00 00 00 00 00 00 00 00 00 00 00 00 00 00
  ......^......... 02 00 00 00 d0 d9 5e 0a 04 00 00 00 04 00 00 00
  ................ 1f 00 00 00 1f 00 00 00 ff ff ff ff 00 00 00 00
  ................ 00 05 00 00 00 00 00 00 00 00 00 00 00 01 01 00
  ................ 00 00 00 00 00 00 00 00 00 00 00 00 00 00 00 00
  ......?......... 00 00 00 00 00 80 3f 00 00 00 00 00 00 00 00 00
  ................ 00 00 00 00 00 00 00 00 00 00 00 00 00 00 00 00
  .........        00 00 00 00 00 00 00 00 00
017302-017325 ImageUseBlock id=632217600 xofs=4 yofs=4 xsize=31 ysize=31 brga=4281124783
017326-017436 DataBlock
  ................ 00 00 00 00 00 05 00 00 00 00 00 00 00 00 00 00
  ................ 00 01 01 00 00 00 00 00 00 00 00 00 00 00 00 00
  ..........?..... 00 00 00 00 00 00 00 00 00 80 3f 00 00 00 00 00
  ................ 00 00 00 00 00 00 00 00 00 00 00 00 00 00 00 00
  ................ 00 00 00 00 00 00 00 00 00 00 00 00 00 00 00 00
  ................ 00 00 00 00 00 00 00 00 00 00 00 00 00 00 00 00
  ............W..  00 00 00 00 00 01 00 00 00 00 00 a0 57 ef 09
017437-017442 StringBlock "Cost"
017443-017505 DataBlock
  ................ 00 00 00 00 00 00 00 00 00 00 00 00 00 00 00 00
  ................ 00 00 00 00 01 00 00 00 00 01 00 00 00 00 05 00
  .............b.. 00 00 00 00 00 00 00 00 00 00 00 90 93 62 0a 00
  .............b.  00 00 00 00 00 00 00 02 00 00 00 90 93 62 0a
017506-017513 StringBlock "normal"
017514-017544 DataBlock
  (...(.....8..... 28 00 00 00 28 00 00 00 01 00 38 00 00 00 04 00
  ...............  00 00 04 00 00 00 00 00 00 00 02 00 00 00 00
017545-017590 UnicodeBlock "dy_cost_NewSate_Text_2"
017591-017594 DataBlock
  ....             00 00 00 00
017595-017617 FontNameBlock "la_gioconda_uppercase"
017618-017633 DataBlock
  ................ 10 00 00 00 01 00 00 00 00 00 00 00 d7 f8 ff ff
017634-017655 StringBlock "fe_paragraph_heading"
017656-017675 DataBlock
  ................ 00 00 00 00 00 00 00 00 00 00 00 00 00 00 00 00
  ....             00 01 00 00
017676-017686 T0Block "normal_t0"
017687-017702 DataBlock
  ................ 00 00 00 00 00 00 00 00 00 00 00 00 00 00 00 00
017703-017718 T0Block "drop_shadow_t0"
017719-017790 DataBlock
  ...@...@...?.... 00 00 00 40 00 00 00 40 00 00 80 3f 00 00 00 00
  ................ 00 00 00 00 00 00 00 00 00 00 00 00 00 00 00 00
  P.:...red(...(.. 50 f1 3a 0a 03 00 72 65 64 28 00 00 00 28 00 00
  ...8............ 00 01 00 38 00 00 00 04 00 00 00 04 00 00 00 00
  ........         00 00 00 02 00 00 00 00
017791-017836 UnicodeBlock "dy_cost_NewSate_Text_2"
017837-017840 DataBlock
  ....             00 00 00 00
017841-017863 FontNameBlock "la_gioconda_uppercase"
017864-017879 DataBlock
  ............--.. 10 00 00 00 04 00 00 00 00 00 00 00 2d 2d ff ff
017880-017905 StringBlock "fe_paragraph_heading_red"
017906-017925 DataBlock
  ................ 00 00 00 00 00 00 00 00 00 00 00 00 00 00 00 00
  ....             00 01 00 00
017926-017936 T0Block "normal_t0"
017937-017952 DataBlock
  ................ 00 00 00 00 00 00 00 00 00 00 00 00 00 00 00 00
017953-017968 T0Block "drop_shadow_t0"
017969-018066 DataBlock
  ...@...@...?.... 00 00 00 40 00 00 00 40 00 00 80 3f 00 00 00 00
  ................ 00 00 00 00 00 00 00 00 00 00 00 00 00 00 00 00
  ....-........... 00 00 00 00 2d 00 00 00 00 00 00 00 00 00 00 00
  .............?.. 00 00 00 00 00 00 00 00 00 00 00 00 80 3f 00 00
  .?...?.......... 00 3f 00 00 00 3f 00 00 00 00 00 00 00 00 00 00
  ...?...?...?.... 00 00 80 3f 00 00 80 3f 00 00 00 3f 00 00 00 03
  ..               c8 1e
018067-018075 StringBlock "loyalty"
018076-018081 DataBlock
  ......           00 00 02 00 00 00
018082-018110 StringBlock "ContextComponentInitialiser"
018111-018132 StringBlock "CcoCampaignCharacter"
018133-018148 StringBlock "LoyaltyContext"
018149-018173 StringBlock "ContextVisibilitySetter"
018174-018202 StringBlock "CcoCampaignCharacterLoyalty"
018203-018223 StringBlock "IsLoyaltyApplicable"
018224-018276 DataBlock
  ................ b0 01 00 00 12 00 00 00 00 00 00 00 00 00 01 00
  ................ 00 00 00 01 00 00 00 00 03 00 00 00 c9 ff ff ff
  ......Z......... 12 00 00 00 00 80 5a f0 1d 00 00 00 00 00 00 00
  .....            00 01 00 00 00
018277-018280 StateIDBlock 502291072
018281-018290 NewStateBlock "NewState"
018291-018294 XSizeBlock 26
018295-018298 YSizeBlock 26
018299-018325 DataBlock
  ................ 00 00 00 00 02 00 00 00 00 00 00 00 00 00 00 00
  ...........      02 00 00 00 00 00 00 00 00 00 00
018326-018337 FontNameBlock "Norse-Bold"
018338-018353 DataBlock
  ................ 0a 00 00 00 02 00 00 00 00 00 00 00 dd da fa ff
018354-018376 StringBlock "Default Font Category"
018377-018396 DataBlock
  ................ 00 00 00 00 00 00 00 00 00 00 00 00 00 00 00 00
  ....             00 00 00 00
018397-018407 T0Block "normal_t0"
018408-018423 DataBlock
  ................ 00 00 00 00 00 00 00 00 00 00 00 00 00 00 00 00
018424-018434 T0Block "normal_t0"
018435-018488 DataBlock
  ................ 00 00 00 00 00 00 00 00 00 00 00 00 00 00 00 00
  ................ 00 00 00 00 00 00 00 00 00 00 00 00 00 00 00 00
  ................ 00 00 00 00 0a 00 00 00 00 00 00 00 02 00 00 00
  ....I.           00 00 80 e7 49 1e
018489-018500 StringBlock "dy_loyalty"
018501-018506 DataBlock
  ......           00 00 01 00 00 00
018507-018524 StringBlock "ContextTextLabel"
018525-018553 StringBlock "CcoCampaignCharacterLoyalty"
018554-018570 StringBlock "OnScreenLoyalty"
018571-018590 DataBlock
  ................ 0b 00 00 00 ff ff ff ff 01 00 00 00 00 00 01 00
  ....             00 00 00 00
018591-018656 UnicodeBlock "{{tr:candidate_loyalty_tooltip}}"
018657-018706 UnicodeBlock "dy_loyalty_Tooltip_b004d"
018707-018723 DataBlock
  ................ 00 00 00 00 00 00 00 00 00 00 00 00 00 e0 9c f2
  .                1d
018724-018782 ImageListBlock 1 elements:
  018728-018782 ImageBlock id=516612384 xsize=95 ysize=20 path="ui\\skins\\default\\bop_bar_underlay.png" unknown=0
018783-018787 DataBlock
  .....            00 01 00 00 00
018788-018791 StateIDBlock 502439136
018792-018801 NewStateBlock "NewState"
018802-018805 XSizeBlock 66
018806-018809 YSizeBlock 29
018810-018819 UnicodeBlock "9-10"
018820-018838 DataBlock
  ................ 00 00 04 00 00 00 00 00 00 00 00 00 00 00 02 00
  ...              00 00 00
018839-018902 UnicodeBlock "dy_loyalty_NewState_Text_1d0008"
018903-018906 DataBlock
  ....             00 00 00 00
018907-018919 FontNameBlock "la_gioconda"
018920-018935 DataBlock
  ................ 0c 00 00 00 01 00 00 00 00 00 00 00 d7 f8 ff ff
018936-018944 StringBlock "fe_text"
018945-018964 DataBlock
  ................ 0a 00 00 00 00 00 00 00 07 00 00 00 00 00 00 00
  ....             01 00 00 00
018965-018975 T0Block "normal_t0"
018976-018991 DataBlock
  ................ 00 00 00 00 00 00 00 00 00 00 00 00 00 00 00 00
018992-019002 T0Block "normal_t0"
019003-019022 DataBlock
  ................ 00 00 00 00 00 00 00 00 00 00 00 00 00 00 00 00
  ....             01 00 00 00
019023-019046 ImageUseBlock id=516612384 xofs=0 yofs=0 xsize=66 ysize=29 brga=4294967295
019047-019179 DataBlock
  ................ 00 00 00 00 00 00 00 00 00 00 00 00 00 00 00 00
  ................ 00 01 01 00 00 00 00 00 00 00 00 00 00 00 00 00
  ..........?..... 00 00 00 00 00 00 00 00 00 80 3f 00 00 00 00 00
  ................ 00 00 00 00 00 00 00 00 00 00 00 00 00 00 00 00
  A...A...A...A... 41 00 00 00 41 00 00 00 41 00 00 00 41 00 00 00
  ................ 00 00 00 00 00 00 00 00 00 00 00 00 00 0a 00 00
  ................ 00 00 00 00 00 00 00 00 00 00 00 00 00 00 00 00
  ......?......... 00 00 00 00 00 80 3f 00 00 00 00 00 00 00 00 00
  .@.X$            00 40 92 58 24
019180-019193 StringBlock "icon_loyalty"
019194-019199 DataBlock
  ......           00 00 01 00 00 00
019200-019219 StringBlock "ContextStateSetter"
019220-019248 StringBlock "CcoCampaignCharacterLoyalty"
019249-019260 StringBlock "RangeState"
019261-019305 DataBlock
  ................ 00 00 00 00 00 00 00 00 00 00 00 00 00 00 01 00
  ................ 00 00 00 01 00 00 00 00 05 00 00 00 00 00 00 00
  ........#....    00 00 00 00 00 00 e0 af 23 03 00 00 00
019306-019360 ImageBlock id=660128576 xsize=26 ysize=26 path="ui\\skins\\default\\icon_fealty_high.png" unknown=1465434112
019361-019361 DataBlock
  '                27
019362-019399 ImagePathBlock "ui\\skins\\default\\icon_fealty_low.png"
019400-019408 DataBlock
  .........        1a 00 00 00 1a 00 00 00 00
019409-019465 ImageBlock id=12770916 xsize=26 ysize=26 path="ui\\skins\\default\\icon_fealty_medium.png" unknown=0
019466-019512 DataBlock
  ......hZ$..0.... 00 03 00 00 00 c0 68 5a 24 01 00 30 1a 00 00 00
  ................ 1a 00 00 00 00 00 00 00 02 00 00 00 00 00 00 00
  ...............  00 00 00 00 02 00 00 00 00 00 00 00 00 00 00
019513-019524 FontNameBlock "Norse-Bold"
019525-019540 DataBlock
  ................ 0a 00 00 00 02 00 00 00 00 00 00 00 dd da fa ff
019541-019563 StringBlock "Default Font Category"
019564-019583 DataBlock
  ................ 00 00 00 00 00 00 00 00 00 00 00 00 00 00 00 00
  ....             01 01 00 00
019584-019594 T0Block "normal_t0"
019595-019610 DataBlock
  ................ 00 00 00 00 00 00 00 00 00 00 00 00 00 00 00 00
019611-019621 T0Block "normal_t0"
019622-019796 DataBlock
  ................ 00 00 00 00 00 00 00 00 00 00 00 00 00 00 00 00
  .....XW'........ 01 00 00 00 c0 58 57 27 00 00 00 00 00 00 00 00
  ................ 1a 00 00 00 1a 00 00 00 ff ff ff ff 00 00 00 00
  ................ 00 00 00 00 00 00 00 00 00 00 00 00 00 01 01 00
  ................ 00 00 00 00 00 00 00 00 00 00 00 00 00 00 00 00
  ......?......... 00 00 00 00 00 80 3f 00 00 00 00 00 00 00 00 00
  ................ 00 00 00 00 00 00 00 00 00 00 00 00 00 00 00 00
  ................ 00 00 00 00 00 00 00 00 00 00 00 00 00 00 00 00
  ........#..1.... 00 00 00 00 00 00 ea ef 23 01 00 31 1a 00 00 00
  ................ 1a 00 00 00 00 00 00 00 02 00 00 00 00 00 00 00
  ...............  00 00 00 00 02 00 00 00 00 00 00 00 00 00 00
019797-019808 FontNameBlock "Norse-Bold"
019809-019824 DataBlock
  ................ 0a 00 00 00 02 00 00 00 00 00 00 00 dd da fa ff
019825-019847 StringBlock "Default Font Category"
019848-019867 DataBlock
  ................ 00 00 00 00 00 00 00 00 00 00 00 00 00 00 00 00
  ....             01 01 00 00
019868-019878 T0Block "normal_t0"
019879-019894 DataBlock
  ................ 00 00 00 00 00 00 00 00 00 00 00 00 00 00 00 00
019895-019905 T0Block "normal_t0"
019906-019925 DataBlock
  ................ 00 00 00 00 00 00 00 00 00 00 00 00 00 00 00 00
  ....             01 00 00 00
019926-019949 ImageUseBlock id=12770916 xofs=0 yofs=0 xsize=26 ysize=26 brga=4294967295
019950-020080 DataBlock
  ................ 00 00 00 00 00 00 00 00 00 00 00 00 00 00 00 00
  ................ 00 01 01 00 00 00 00 00 00 00 00 00 00 00 00 00
  ..........?..... 00 00 00 00 00 00 00 00 00 80 3f 00 00 00 00 00
  ................ 00 00 00 00 00 00 00 00 00 00 00 00 00 00 00 00
  ................ 00 00 00 00 00 00 00 00 00 00 00 00 00 00 00 00
  ............#..2 00 00 00 00 00 00 00 00 00 00 e0 af 23 01 00 32
  ................ 1a 00 00 00 1a 00 00 00 00 00 00 00 02 00 00 00
  ................ 00 00 00 00 00 00 00 00 02 00 00 00 00 00 00 00
  ...              00 00 00
020081-020092 FontNameBlock "Norse-Bold"
020093-020108 DataBlock
  ................ 0a 00 00 00 02 00 00 00 00 00 00 00 dd da fa ff
020109-020131 StringBlock "Default Font Category"
020132-020151 DataBlock
  ................ 00 00 00 00 00 00 00 00 00 00 00 00 00 00 00 00
  ....             01 01 00 00
020152-020162 T0Block "normal_t0"
020163-020178 DataBlock
  ................ 00 00 00 00 00 00 00 00 00 00 00 00 00 00 00 00
020179-020189 T0Block "normal_t0"
020190-020209 DataBlock
  ................ 00 00 00 00 00 00 00 00 00 00 00 00 00 00 00 00
  ....             01 00 00 00
020210-020233 ImageUseBlock id=660128576 xofs=0 yofs=0 xsize=26 ysize=26 brga=4294967295
020234-020388 DataBlock
  ................ 00 00 00 00 00 00 00 00 00 00 00 00 00 00 00 00
  ................ 00 01 01 00 00 00 00 00 00 00 00 00 00 00 00 00
  ..........?..... 00 00 00 00 00 00 00 00 00 80 3f 00 00 00 00 00
  ................ 00 00 00 00 00 00 00 00 00 00 00 00 00 00 00 00
  ................ 00 00 00 00 00 00 00 00 00 00 00 00 00 00 00 00
  ................ 00 00 00 00 00 00 00 00 00 00 00 00 00 0a 00 00
  ................ 00 00 00 00 00 00 00 00 00 00 00 00 00 00 00 00
  ......?...?...?. 00 00 00 00 00 80 3f 00 00 00 3f 00 00 00 3f 00
  ............?... 00 00 00 00 00 00 00 00 00 00 00 80 3f 00 00 80
  ?..........      3f 00 00 00 00 00 00 00 a6 a9 1e
020389-020402 StringBlock "IntrigueCost"
020403-020428 DataBlock
  ..........>..... 00 00 00 00 00 00 c2 01 00 00 3e 00 00 00 00 00
  ..........       00 00 00 00 00 00 00 00 00 01
020429-020646 UnicodeBlock "Influence||This is the amount of [[img:icon_influence]][[/img]]influence required to recruit this character."
020647-020702 UnicodeBlock "IntrigueCost_Tooltip_1e0067"
020703-020719 DataBlock
  ................ 09 00 00 00 08 00 00 00 d0 ff ff ff 00 c0 a9 a9
  .                1e
020720-020777 ImageListBlock 1 elements:
  020724-020777 ImageBlock id=515520544 xsize=71 ysize=29 path="ui\\skins\\default\\intrigue_banner.png" unknown=0
020778-020782 DataBlock
  .....            00 01 00 00 00
020783-020786 StateIDBlock 514435520
020787-020796 NewStateBlock "NewState"
020797-020800 XSizeBlock 71
020801-020804 YSizeBlock 29
020805-020831 DataBlock
  ................ 00 00 00 00 02 00 00 00 00 00 00 00 00 00 00 00
  ...........      02 00 00 00 00 00 00 00 00 00 00
020832-020843 FontNameBlock "Norse-Bold"
020844-020859 DataBlock
  ................ 0a 00 00 00 02 00 00 00 00 00 00 00 dd da fa ff
020860-020882 StringBlock "Default Font Category"
020883-020902 DataBlock
  ................ 00 00 00 00 00 00 00 00 00 00 00 00 00 00 00 00
  ....             01 00 00 00
020903-020913 T0Block "normal_t0"
020914-020929 DataBlock
  ................ 00 00 00 00 00 00 00 00 00 00 00 00 00 00 00 00
020930-020940 T0Block "normal_t0"
020941-020960 DataBlock
  ................ 00 00 00 00 00 00 00 00 00 00 00 00 00 00 00 00
  ....             01 00 00 00
020961-020984 ImageUseBlock id=515520544 xofs=0 yofs=0 xsize=71 ysize=29 brga=4294967295
020985-021095 DataBlock
  ................ 00 00 00 00 00 00 00 00 00 00 00 00 00 00 00 00
  ................ 00 01 01 00 00 00 00 00 00 00 00 00 00 00 00 00
  ..........?..... 00 00 00 00 00 00 00 00 00 80 3f 00 00 00 00 00
  ................ 00 00 00 00 00 00 00 00 00 00 00 00 00 00 00 00
  ................ 00 00 00 00 00 00 00 00 00 00 00 00 00 00 00 00
  ................ 00 00 00 00 00 00 00 00 00 00 00 00 00 00 00 00
  ...............  00 00 00 00 00 01 00 00 00 00 00 80 00 bb 1e
021096-021101 StringBlock "Cost"
021102-021164 DataBlock
  ................ 00 00 00 00 00 00 19 00 00 00 06 00 00 00 01 00
  ................ 00 00 00 00 01 00 00 00 00 01 00 00 00 00 06 00
  ...........@.... 00 00 f7 ff ff ff 01 00 00 00 00 40 04 bb 1e 00
  ...........@...  00 00 00 00 00 00 00 02 00 00 00 40 04 bb 1e
021165-021172 StringBlock "Normal"
021173-021205 DataBlock
  %.........1.0... 25 00 00 00 12 00 00 00 02 00 31 00 30 00 00 00
  ................ 04 00 00 00 04 00 00 00 00 00 00 00 02 00 00 00
  .                01
021206-021253 UnicodeBlock "Cost_Normal_Text_300031"
021254-021257 DataBlock
  ....             00 00 00 00
021258-021270 FontNameBlock "la_gioconda"
021271-021286 DataBlock
  ................ 0c 00 00 00 01 00 00 00 00 00 00 00 00 00 00 ff
021287-021299 StringBlock "ingame_text"
021300-021319 DataBlock
  ................ 00 00 00 00 00 00 00 00 00 00 00 00 00 00 00 00
  ....             00 00 00 00
021320-021330 T0Block "normal_t0"
021331-021346 DataBlock
  ................ 00 00 00 00 00 00 00 00 00 00 00 00 00 00 00 00
021347-021357 T0Block "normal_t0"
021358-021431 DataBlock
  ................ 00 00 00 00 00 00 00 00 00 00 00 00 00 00 00 00
  ................ 00 00 00 00 00 00 00 00 00 00 00 00 00 00 00 00
  ......Red%...... 80 06 bb 1e 03 00 52 65 64 25 00 00 00 12 00 00
  ...1.0.......... 00 02 00 31 00 30 00 00 00 04 00 00 00 04 00 00
  ..........       00 00 00 00 00 02 00 00 00 01
021432-021473 UnicodeBlock "Cost_Red_Text_300031"
021474-021477 DataBlock
  ....             00 00 00 00
021478-021490 FontNameBlock "la_gioconda"
021491-021506 DataBlock
  ................ 0c 00 00 00 07 00 00 00 00 00 00 00 00 00 aa ff
021507-021519 StringBlock "fe_text_red"
021520-021539 DataBlock
  ................ 00 00 00 00 00 00 00 00 00 00 00 00 00 00 00 00
  ....             00 00 00 00
021540-021550 T0Block "normal_t0"
021551-021566 DataBlock
  ................ 00 00 00 00 00 00 00 00 00 00 00 00 00 00 00 00
021567-021577 T0Block "normal_t0"
021578-021675 DataBlock
  ................ 00 00 00 00 00 00 00 00 00 00 00 00 00 00 00 00
  ................ 00 00 00 00 00 00 00 00 00 00 00 00 00 00 00 00
  ....-........... 00 00 00 00 2d 00 00 00 00 00 00 00 00 00 00 00
  .............?.. 00 00 00 00 00 00 00 00 00 00 00 00 80 3f 00 00
  .?...?.......... 80 3f 00 00 00 3f 00 00 00 00 00 00 00 00 00 00
  ...?...?...?..P* 00 00 80 3f 00 00 80 3f 00 00 80 3f 00 00 50 2a
  ..               7f 0f
021676-021696 StringBlock "black_ark_buildings"
021697-021722 DataBlock
  ......d...\..... 00 00 00 00 00 00 64 00 00 00 5c 00 00 00 00 00
  ..........       00 00 00 00 00 00 00 00 00 01
021723-021870 UnicodeBlock "[[col:green]]This Black Ark has previously constructed buildings.[[/col]]"
021871-021940 UnicodeBlock "black_ark_buildings_Tooltip_2c003a"
021941-021957 DataBlock
  ....d.........9a 07 00 00 00 64 00 00 00 e9 ff ff ff 00 c0 39 61
                   20
021958-022019 ImageListBlock 1 elements:
  021962-022019 ImageBlock id=543182784 xsize=24 ysize=24 path="ui\\skins\\default\\black_ark_buildings.png" unknown=0
022020-022024 DataBlock
  .....            00 01 00 00 00
022025-022028 StateIDBlock 543242688
022029-022038 NewStateBlock "NewState"
022039-022042 XSizeBlock 24
022043-022046 YSizeBlock 24
022047-022073 DataBlock
  ................ 00 00 00 00 02 00 00 00 00 00 00 00 00 00 00 00
  ...........      01 00 00 00 00 00 00 00 00 00 00
022074-022085 FontNameBlock "Norse-Bold"
022086-022101 DataBlock
  ................ 0a 00 00 00 02 00 00 00 00 00 00 00 dd da fa ff
022102-022124 StringBlock "Default Font Category"
022125-022144 DataBlock
  ................ 00 00 00 00 00 00 00 00 00 00 00 00 00 00 00 00
  ....             01 01 00 00
022145-022155 T0Block "normal_t0"
022156-022171 DataBlock
  ................ 00 00 00 00 00 00 00 00 00 00 00 00 00 00 00 00
022172-022182 T0Block "normal_t0"
022183-022202 DataBlock
  ................ 00 00 00 00 00 00 00 00 00 00 00 00 00 00 00 00
  ....             01 00 00 00
022203-022226 ImageUseBlock id=543182784 xofs=0 yofs=0 xsize=24 ysize=24 brga=4294967295
022227-022354 DataBlock
  ................ 00 00 00 00 00 00 00 00 00 00 00 00 00 00 00 00
  ................ 00 00 00 00 00 00 00 00 00 00 00 00 00 00 00 00
  ..........?..... 00 00 00 00 00 00 00 00 00 80 3f 00 00 00 00 00
  ................ 00 00 00 00 00 00 00 00 00 00 00 00 00 00 00 00
  ................ 00 00 00 00 00 00 00 00 00 00 00 00 00 00 00 00
  ................ 00 00 00 00 00 00 00 00 00 00 00 00 00 00 00 00
  ................ 00 00 00 00 00 00 00 00 00 00 00 00 00 00 00 00
  ......?.......?. 00 00 00 00 00 80 3f 00 00 00 00 00 00 80 3f 00
022355-022380 StringBlock "UI_GBL_TMP_Generic_Click"
022381-022421 DataBlock
  ..........?..... 00 00 00 00 00 00 00 00 00 80 3f 00 00 00 00 00
  ................ 00 00 00 00 00 00 00 00 00 00 00 00 00 00 00 80
  ?........        3f 00 00 00 00 00 00 00 00
