000000-000009 VersionBlock 119
000010-000013 RootIDBlock 1070533120
000014-000019 StringBlock "root"
000020-000021 StringBlock ""
000022-000025 XOffsetBlock 0
000026-000029 YOffsetBlock 0
000030-000093 DataBlock
  ................ 00 00 00 00 01 01 00 00 00 00 01 00 00 00 00 01
  ................ 00 00 00 00 00 00 00 00 00 00 00 00 00 00 00 00
  .@.5.......!@..@ 00 40 0a 35 0e 01 00 00 00 00 1e 21 40 00 00 40
  ................ 06 00 00 84 03 00 00 00 00 00 00 00 01 00 00 00
000094-000097 StateIDBlock 238357056
000098-000107 NewStateBlock "NewState"
000108-000111 XSizeBlock 1600
000112-000115 YSizeBlock 900
000116-000142 DataBlock
  ................ 00 00 00 00 02 00 00 00 00 00 00 00 00 00 00 00
  ...........      02 00 00 00 00 00 00 00 00 00 00
000143-000154 FontNameBlock "Norse-Bold"
000155-000170 DataBlock
  ................ 0a 00 00 00 02 00 00 00 00 00 00 00 dd da fa ff
000171-000193 StringBlock "Default Font Category"
000194-000213 DataBlock
  ................ 00 00 00 00 00 00 00 00 00 00 00 00 00 00 00 00
  ....             01 00 00 00
000214-000224 T0Block "normal_t0"
000225-000240 DataBlock
  ................ 00 00 00 00 00 00 00 00 00 00 00 00 00 00 00 00
000241-000251 T0Block "normal_t0"
000252-000406 DataBlock
  ................ 00 00 00 00 00 00 00 00 00 00 00 00 00 00 00 00
  ......!@........ 01 00 00 00 00 1e 21 40 00 00 00 00 00 00 00 00
  @............... 40 06 00 00 84 03 00 00 f0 f0 f0 ff 00 00 00 00
  ................ 00 00 00 00 00 00 00 00 00 00 00 00 00 01 01 00
  ................ 00 00 00 00 00 00 00 00 00 00 00 00 00 00 00 00
  ......?......... 00 00 00 00 00 80 3f 00 00 00 00 00 00 00 00 00
  ................ 00 00 00 00 00 00 00 00 00 00 00 00 00 00 00 00
  ................ 00 00 00 00 00 00 00 00 00 00 00 00 00 00 00 00
  ................ 00 00 00 00 00 00 00 00 00 00 00 00 00 00 00 00
  .......`n@.      00 01 00 00 00 00 00 60 6e 40 0e
000407-000429 StringBlock "ikit_workshop_upgrade"
000430-000435 DataBlock
  ......           00 00 01 00 00 00
000436-000465 StringBlock "WorskhopRitualButtonCallback"
000466-000514 DataBlock
  ........J....... 00 00 00 00 87 02 00 00 4a 01 00 00 00 00 00 00
  ................ 00 00 01 00 00 00 00 01 00 00 00 00 00 00 00 00
  ............?... 00 00 00 00 00 00 00 00 00 00 81 d0 3f 08 00 00
  .                00
000515-000572 ImageBlock id=1071109760 xsize=40 ysize=40 path="ui\\skins\\default\\doomrocket_upgrades.png" unknown=889262080
000573-000573 DataBlock
  .                0e
000574-000603 ImagePathBlock "ui\\skins\\default\\padlock.png"
000604-000612 DataBlock
   ...(....        20 00 00 00 28 00 00 00 00
000613-000669 ImageBlock id=89546128 xsize=210 ysize=88 path="ui\\skins\\default\\ikit_upgrade_frame.png" unknown=2262073344
000670-000670 DataBlock
  P                50
000671-000719 ImagePathBlock "ui\\skins\\default\\ikit_upgrade_button_active.png"
000720-000728 DataBlock
  ....C....        b9 00 00 00 43 00 00 00 00
000729-000792 ImageBlock id=131330080 xsize=185 ysize=67 path="ui\\skins\\default\\ikit_upgrade_button_hover.png" unknown=956760064
000793-000793 DataBlock
  O                4f
000794-000844 ImagePathBlock "ui\\skins\\default\\ikit_upgrade_button_complete.png"
000845-000853 DataBlock
  ....C....        b9 00 00 00 43 00 00 00 00
000854-000916 ImageBlock id=1343588480 xsize=210 ysize=88 path="ui\\skins\\default\\ikit_upgrade_frame_hover.png" unknown=3845292032
000917-000917 DataBlock
  Q                51
000918-000964 ImagePathBlock "ui\\skins\\default\\ikit_upgrade_button_down.png"
000965-000985 DataBlock
  ....C........... b9 00 00 00 43 00 00 00 00 00 00 00 00 06 00 00
  ....?            00 00 81 d0 3f
000986-000996 StringBlock "available"
000997-001031 DataBlock
  ....C........... b9 00 00 00 43 00 00 00 00 00 00 00 02 00 00 00
  ................ 00 00 00 00 00 00 00 00 01 00 00 00 00 00 00 00
  ...              00 00 00
001032-001044 FontNameBlock "la_gioconda"
001045-001060 DataBlock
  ................ 0c 00 00 00 01 00 00 00 00 00 00 00 00 00 00 ff
001061-001073 StringBlock "ingame_text"
001074-001093 DataBlock
  ................ 00 00 00 00 00 00 00 00 00 00 00 00 00 00 00 00
  ....             01 00 00 00
001094-001104 T0Block "normal_t0"
001105-001120 DataBlock
  ................ 00 00 00 00 00 00 00 00 00 00 00 00 00 00 00 00
001121-001131 T0Block "normal_t0"
001132-001252 DataBlock
  ................ 00 00 00 00 00 00 00 00 00 00 00 00 00 00 00 00
  .......P........ 03 00 00 00 80 d4 86 50 00 00 00 00 00 00 00 00
  ....C........... b9 00 00 00 43 00 00 00 ff ff ff ff 00 00 01 00
  ................ 00 00 00 00 00 00 00 00 00 00 00 00 00 01 01 00
  ................ 00 00 00 00 00 00 00 00 00 00 00 00 00 00 00 00
  ......?......... 00 00 00 00 00 80 3f 00 00 00 00 00 00 00 00 00
  ................ 00 00 00 00 00 00 00 00 00 00 00 00 00 00 00 00
  ........B        00 00 00 00 00 00 00 82 42
001253-001276 ImageUseBlock id=89546128 xofs=4294967294 yofs=4294967288 xsize=210 ysize=88 brga=4294967295
001277-001353 DataBlock
  ................ 00 00 00 00 00 05 00 00 00 0a 00 00 00 02 00 00
  ................ 00 01 01 00 00 00 00 00 00 00 00 00 00 00 00 00
  ..........?..... 00 00 00 00 00 00 00 00 00 80 3f 00 00 00 00 00
  ................ 00 00 00 00 00 00 00 00 00 00 00 00 00 00 00 00
  .............    00 00 00 00 00 00 00 00 00 00 00 00 00
001354-001377 ImageUseBlock id=1071109760 xofs=13 yofs=12 xsize=40 ysize=40 brga=4294967295
001378-001490 DataBlock
  ................ 00 00 00 00 00 04 00 00 00 0d 00 00 00 ff ff ff
  ................ ff 01 01 00 00 00 00 00 00 00 00 00 00 00 00 00
  ..........?..... 00 00 00 00 00 00 00 00 00 80 3f 00 00 00 00 00
  ................ 00 00 00 00 00 00 00 00 00 00 00 00 00 00 00 00
  .............>.. 00 00 00 00 00 00 00 00 00 00 00 00 00 3e 00 00
  .8...........@.. 00 38 00 00 00 01 00 00 00 00 00 00 00 40 ce df
  ?....@.........4 3f c8 00 00 00 40 00 00 00 00 00 00 00 f0 f7 34
  .                0e
001491-001500 StringBlock "complete"
001501-001535 DataBlock
  ....C........... b9 00 00 00 43 00 00 00 00 00 00 00 02 00 00 00
  ................ 00 00 00 00 00 00 00 00 01 00 00 00 00 00 00 00
  ...              00 00 00
001536-001548 FontNameBlock "la_gioconda"
001549-001564 DataBlock
  ................ 0c 00 00 00 01 00 00 00 00 00 00 00 00 00 00 ff
001565-001577 StringBlock "ingame_text"
001578-001597 DataBlock
  ................ 00 00 00 00 00 00 00 00 00 00 00 00 00 00 00 00
  ....             01 00 00 00
001598-001610 T0Block "brighten_t0"
001611-001626 DataBlock
  ................ 00 00 00 00 00 00 00 00 00 00 00 00 00 00 00 00
001627-001637 T0Block "normal_t0"
001638-001758 DataBlock
  ...>............ 9a 99 99 3e 00 00 00 00 00 00 00 00 00 00 00 00
  ......9O........ 03 00 00 00 00 07 39 4f 00 00 00 00 00 00 00 00
  ....C........... b9 00 00 00 43 00 00 00 ff ff ff ff 00 00 01 00
  ................ 00 00 00 00 00 00 00 00 00 00 00 00 00 01 01 00
  ................ 00 00 00 00 00 00 00 00 00 00 00 00 00 00 00 00
  ......?......... 00 00 00 00 00 80 3f 00 00 00 00 00 00 00 00 00
  ................ 00 00 00 00 00 00 00 00 00 00 00 00 00 00 00 00
  ........B        00 00 00 00 00 00 00 82 42
001759-001782 ImageUseBlock id=1343588480 xofs=4294967294 yofs=4294967288 xsize=210 ysize=88 brga=4294967295
001783-001859 DataBlock
  ................ 00 00 00 00 00 05 00 00 00 0a 00 00 00 02 00 00
  ................ 00 01 01 00 00 00 00 00 00 00 00 00 00 00 00 00
  ..........?..... 00 00 00 00 00 00 00 00 00 80 3f 00 00 00 00 00
  ................ 00 00 00 00 00 00 00 00 00 00 00 00 00 00 00 00
  .............    00 00 00 00 00 00 00 00 00 00 00 00 00
001860-001883 ImageUseBlock id=1071109760 xofs=13 yofs=12 xsize=40 ysize=40 brga=4294967295
001884-001976 DataBlock
  ................ 00 00 00 00 00 04 00 00 00 0d 00 00 00 ff ff ff
  ................ ff 01 01 00 00 00 00 00 00 00 00 00 00 00 00 00
  ..........?..... 00 00 00 00 00 00 00 00 00 80 3f 00 00 00 00 00
  ................ 00 00 00 00 00 00 00 00 00 00 00 00 00 00 00 00
  ................ 00 00 00 00 00 00 00 00 00 00 00 00 00 8c 01 00
  .F......../JC    00 46 01 00 00 00 00 00 00 80 2f 4a 43
001977-001982 StringBlock "down"
001983-002017 DataBlock
  ....C........... b9 00 00 00 43 00 00 00 00 00 00 00 02 00 00 00
  ................ 00 00 00 00 00 00 00 00 01 00 00 00 00 00 00 00
  ...              00 00 00
002018-002030 FontNameBlock "la_gioconda"
002031-002046 DataBlock
  ................ 0c 00 00 00 01 00 00 00 00 00 00 00 00 00 00 ff
002047-002059 StringBlock "ingame_text"
002060-002079 DataBlock
  ................ 00 00 00 00 00 00 00 00 00 00 00 00 00 00 00 00
  ....             01 00 00 00
002080-002090 T0Block "normal_t0"
002091-002106 DataBlock
  ................ 00 00 00 00 00 00 00 00 00 00 00 00 00 00 00 00
002107-002117 T0Block "normal_t0"
002118-002238 DataBlock
  ................ 00 00 00 00 00 00 00 00 00 00 00 00 00 00 00 00
  .....2.Q........ 03 00 00 00 80 32 e5 51 00 00 00 00 00 00 00 00
  ....C........... b9 00 00 00 43 00 00 00 ff ff ff ff 00 00 00 00
  ................ 00 00 00 00 00 00 00 00 00 00 00 00 00 01 01 00
  ................ 00 00 00 00 00 00 00 00 00 00 00 00 00 00 00 00
  ......?......... 00 00 00 00 00 80 3f 00 00 00 00 00 00 00 00 00
  ................ 00 00 00 00 00 00 00 00 00 00 00 00 00 00 00 00
  ........B        00 00 00 00 00 00 00 82 42
002239-002262 ImageUseBlock id=89546128 xofs=4294967294 yofs=4294967288 xsize=210 ysize=88 brga=4294967295
002263-002339 DataBlock
  ................ 00 00 00 00 00 05 00 00 00 0a 00 00 00 02 00 00
  ................ 00 01 01 00 00 00 00 00 00 00 00 00 00 00 00 00
  ..........?..... 00 00 00 00 00 00 00 00 00 80 3f 00 00 00 00 00
  ................ 00 00 00 00 00 00 00 00 00 00 00 00 00 00 00 00
  .............    00 00 00 00 00 00 00 00 00 00 00 00 00
002340-002363 ImageUseBlock id=1071109760 xofs=13 yofs=12 xsize=40 ysize=40 brga=4294967295
002364-002476 DataBlock
  ................ 00 00 00 00 00 04 00 00 00 0d 00 00 00 ff ff ff
  ................ ff 01 01 00 00 00 00 00 00 00 00 00 00 00 00 00
  ..........?..... 00 00 00 00 00 00 00 00 00 80 3f 00 00 00 00 00
  ................ 00 00 00 00 00 00 00 00 00 00 00 00 00 00 00 00
  ................ 00 00 00 00 00 00 00 00 00 00 00 00 00 08 01 00
  ...............4 00 19 01 00 00 01 00 00 00 03 00 00 00 f0 f7 34
  .............@.. 0e 00 00 00 00 00 00 00 00 00 00 00 00 40 ce df
  ?                3f
002477-002483 StringBlock "hover"
002484-002518 DataBlock
  ....C........... b9 00 00 00 43 00 00 00 00 00 00 00 02 00 00 00
  ................ 00 00 00 00 00 00 00 00 01 00 00 00 00 00 00 00
  ...              00 00 00
002519-002531 FontNameBlock "la_gioconda"
002532-002547 DataBlock
  ................ 0c 00 00 00 01 00 00 00 00 00 00 00 00 00 00 ff
002548-002560 StringBlock "ingame_text"
002561-002580 DataBlock
  ................ 00 00 00 00 00 00 00 00 00 00 00 00 00 00 00 00
  ....             01 00 00 00
002581-002591 T0Block "normal_t0"
002592-002607 DataBlock
  ................ 00 00 00 00 00 00 00 00 00 00 00 00 00 00 00 00
002608-002618 T0Block "normal_t0"
002619-002638 DataBlock
  ...>............ 9a 99 99 3e 00 00 00 00 00 00 00 00 00 00 00 00
  ....             03 00 00 00
002639-002662 ImageUseBlock id=131330080 xofs=0 yofs=0 xsize=185 ysize=67 brga=4294967295
002663-002739 DataBlock
  ................ 00 00 01 00 00 00 00 00 00 00 00 00 00 00 00 00
  ................ 00 01 01 00 00 00 00 00 00 00 00 00 00 00 00 00
  ..........?..... 00 00 00 00 00 00 00 00 00 80 3f 00 00 00 00 00
  ................ 00 00 00 00 00 00 00 00 00 00 00 00 00 00 00 00
  ............B    00 00 00 00 00 00 00 00 00 00 00 82 42
002740-002763 ImageUseBlock id=89546128 xofs=4294967294 yofs=4294967288 xsize=210 ysize=88 brga=4294967295
002764-002840 DataBlock
  ................ 00 00 00 00 00 05 00 00 00 0a 00 00 00 02 00 00
  ................ 00 01 01 00 00 00 00 00 00 00 00 00 00 00 00 00
  ..........?..... 00 00 00 00 00 00 00 00 00 80 3f 00 00 00 00 00
  ................ 00 00 00 00 00 00 00 00 00 00 00 00 00 00 00 00
  .............    00 00 00 00 00 00 00 00 00 00 00 00 00
002841-002864 ImageUseBlock id=1071109760 xofs=13 yofs=12 xsize=40 ysize=40 brga=4294967295
002865-002997 DataBlock
  ................ 00 00 00 00 00 04 00 00 00 0d 00 00 00 ff ff ff
  ................ ff 01 01 00 00 00 00 00 00 00 00 00 00 00 00 00
  ..........?..... 00 00 00 00 00 00 00 00 00 80 3f 00 00 00 00 00
  ................ 00 00 00 00 00 00 00 00 00 00 00 00 00 00 00 00
  ................ 00 00 00 00 00 00 00 00 00 00 00 00 00 af 00 00
  ................ 00 98 00 00 00 02 00 00 00 01 00 00 00 00 81 d0
  ?....@.......... 3f c8 00 00 00 40 00 00 00 00 00 00 00 02 00 00
  ../JC........... 00 80 2f 4a 43 00 00 00 00 00 00 00 00 00 00 00
  ...3.            00 b0 bb 33 0e
002998-003011 StringBlock "locked_funds"
003012-003046 DataBlock
  ....C........... b9 00 00 00 43 00 00 00 00 00 00 00 02 00 00 00
  ................ 00 00 00 00 00 00 00 00 01 00 00 00 00 00 00 00
  ...              00 00 00
003047-003059 FontNameBlock "la_gioconda"
003060-003075 DataBlock
  ................ 0c 00 00 00 01 00 00 00 00 00 00 00 00 00 00 ff
003076-003088 StringBlock "ingame_text"
003089-003108 DataBlock
  ................ 00 00 00 00 00 00 00 00 00 00 00 00 00 00 00 00
  ....             01 00 00 00
003109-003126 T0Block "set_greyscale_t0"
003127-003142 DataBlock
  ...?...?........ 00 00 80 3f 00 00 80 3f 00 00 00 00 00 00 00 00
003143-003153 T0Block "normal_t0"
003154-003274 DataBlock
  ................ 00 00 00 00 00 00 00 00 00 00 00 00 00 00 00 00
  .......P........ 03 00 00 00 80 d4 86 50 00 00 00 00 00 00 00 00
  ....C........... b9 00 00 00 43 00 00 00 ff ff ff ff 00 00 01 00
  ................ 00 00 00 00 00 00 00 00 00 00 00 00 00 01 01 00
  ................ 00 00 00 00 00 00 00 00 00 00 00 00 00 00 00 00
  ......?......... 00 00 00 00 00 80 3f 00 00 00 00 00 00 00 00 00
  ................ 00 00 00 00 00 00 00 00 00 00 00 00 00 00 00 00
  ........B        00 00 00 00 00 00 00 82 42
003275-003298 ImageUseBlock id=89546128 xofs=4294967294 yofs=4294967288 xsize=210 ysize=88 brga=4294967295
003299-003375 DataBlock
  ................ 00 00 00 00 00 05 00 00 00 0a 00 00 00 02 00 00
  ................ 00 01 01 00 00 00 00 00 00 00 00 00 00 00 00 00
  ..........?..... 00 00 00 00 00 00 00 00 00 80 3f 00 00 00 00 00
  ................ 00 00 00 00 00 00 00 00 00 00 00 00 00 00 00 00
  .............    00 00 00 00 00 00 00 00 00 00 00 00 00
003376-003399 ImageUseBlock id=1071109760 xofs=13 yofs=12 xsize=40 ysize=40 brga=4294967295
003400-003492 DataBlock
  ................ 00 00 00 00 00 04 00 00 00 0d 00 00 00 ff ff ff
  ................ ff 01 01 00 00 00 00 00 00 00 00 00 00 00 00 00
  ..........?..... 00 00 00 00 00 00 00 00 00 80 3f 00 00 00 00 00
  ................ 00 00 00 00 00 00 00 00 00 00 00 00 00 00 00 00
  ................ 00 00 00 00 00 00 00 00 00 00 00 00 00 00 00 00
  .........P.2.    00 00 00 00 00 00 00 00 00 50 b3 32 0e
003493-003506 StringBlock "locked_level"
003507-003541 DataBlock
  ....C........... b9 00 00 00 43 00 00 00 00 00 00 00 02 00 00 00
  ................ 00 00 00 00 00 00 00 00 01 00 00 00 00 00 00 00
  ...              00 00 00
003542-003554 FontNameBlock "la_gioconda"
003555-003570 DataBlock
  ................ 0c 00 00 00 01 00 00 00 00 00 00 00 00 00 00 ff
003571-003583 StringBlock "ingame_text"
003584-003603 DataBlock
  ................ 00 00 00 00 00 00 00 00 00 00 00 00 00 00 00 00
  ....             01 00 00 00
003604-003614 T0Block "normal_t0"
003615-003630 DataBlock
  ...?...?........ 00 00 80 3f 00 00 80 3f 00 00 00 00 00 00 00 00
003631-003641 T0Block "normal_t0"
003642-003728 DataBlock
  ................ 00 00 00 00 00 00 00 00 00 00 00 00 00 00 00 00
  .......P........ 04 00 00 00 80 d4 86 50 00 00 00 00 00 00 00 00
  ....C........... b9 00 00 00 43 00 00 00 ff ff ff ff 00 00 01 00
  ................ 00 00 00 00 00 00 00 00 00 00 00 00 00 01 01 00
  ................ 00 00 00 00 00 00 00 00 00 00 00 00 00 00 00 00
  ......?          00 00 00 00 00 80 3f
003729-003746 T0Block "set_greyscale_t0"
003747-003778 DataBlock
  ...?...?........ 00 00 80 3f 00 00 80 3f 00 00 00 00 00 00 00 00
  ...............B 00 00 00 00 00 00 00 00 00 00 00 00 00 00 82 42
003779-003802 ImageUseBlock id=89546128 xofs=4294967294 yofs=4294967288 xsize=210 ysize=88 brga=4294967295
003803-003845 DataBlock
  ................ 00 00 00 00 00 05 00 00 00 0a 00 00 00 02 00 00
  ................ 00 01 01 00 00 00 00 00 00 00 00 00 00 00 00 00
  ..........?      00 00 00 00 00 00 00 00 00 80 3f
003846-003863 T0Block "set_greyscale_t0"
003864-003895 DataBlock
  ...?...?........ 00 00 80 3f 00 00 80 3f 00 00 00 00 00 00 00 00
  ................ 00 00 00 00 00 00 00 00 00 00 00 00 00 00 00 00
003896-003919 ImageUseBlock id=1071109760 xofs=13 yofs=12 xsize=40 ysize=40 brga=4294967295
003920-003962 DataBlock
  ................ 00 00 00 00 00 04 00 00 00 0d 00 00 00 ff ff ff
  ................ ff 01 01 00 00 00 00 00 00 00 00 00 00 00 00 00
  ..........?      00 00 00 00 00 00 00 00 00 80 3f
003963-003980 T0Block "set_greyscale_t0"
003981-004079 DataBlock
  ...?...?........ 00 00 80 3f 00 00 80 3f 00 00 00 00 00 00 00 00
  ................ 00 00 00 00 00 00 00 00 00 00 00 00 00 00 00 00
  ..5......... ... 10 01 35 0e 00 00 00 00 1b 00 00 00 20 00 00 00
  (............... 28 00 00 00 ff ff ff ff 00 00 00 00 00 07 00 00
  ................ 00 00 00 00 00 00 00 00 00 01 01 00 00 00 00 00
  ................ 00 00 00 00 00 00 00 00 00 00 00 00 00 00 00 00
  ..?              00 80 3f
004080-004097 T0Block "set_greyscale_t0"
004098-004145 DataBlock
  ...?...?........ 00 00 80 3f 00 00 80 3f 00 00 00 00 00 00 00 00
  ................ 00 00 00 00 00 00 00 00 00 00 00 00 00 00 00 00
  ................ 00 00 00 00 00 00 00 00 00 00 00 00 07 00 00 00
004146-004160 StringBlock "colour_index1"
004161-004163 DataBlock
  ..1              01 00 31
004164-004178 StringBlock "colour_index2"
004179-004181 DataBlock
  ..2              01 00 32
004182-004196 StringBlock "colour_index3"
004197-004199 DataBlock
  ..4              01 00 34
004200-004214 StringBlock "colour_index4"
004215-004217 DataBlock
  ..5              01 00 35
004218-004232 StringBlock "dynamic_image"
004233-004234 DataBlock
  ..               00 00
004235-004246 StringBlock "icon_index"
004247-004249 DataBlock
  ..0              01 00 30
004250-004265 StringBlock "override_sound"
004266-004275 DataBlock
  ..........       00 00 14 00 00 00 01 00 00 00
004276-004281 StringBlock "glow"
004282-004355 DataBlock
  ............!D.. 00 00 03 00 00 00 00 00 00 00 00 c0 21 44 00 00
  .C....C......... a5 43 b9 00 00 00 43 00 00 00 ff ff ff ff 00 00
  ................ 00 00 00 00 00 00 00 00 00 00 00 00 00 00 00 00
  .............?.. 00 00 ff ff ff ff ff ff ff ff 00 00 80 3f 00 00
  .........?       00 00 08 00 00 00 00 00 80 3f
004356-004363 StringBlock "Linear"
004364-004437 DataBlock
  ............!D.. 00 00 00 00 00 00 00 00 00 00 00 c0 21 44 00 00
  .C....C......... a5 43 b9 00 00 00 43 00 00 00 ff ff ff ff 00 00
  .@.............. a0 40 00 00 00 00 00 00 00 00 00 00 00 00 00 00
  .............?^. 00 00 ff ff ff ff ff ff ff ff 00 00 80 3f 5e 01
  .........?       00 00 08 00 00 00 00 00 80 3f
004438-004445 StringBlock "Linear"
004446-004519 DataBlock
  ............!D.. 00 00 00 00 00 00 00 00 00 00 00 c0 21 44 00 00
  .C....C......... a5 43 b9 00 00 00 43 00 00 00 ff ff ff ff 00 00
  ................ 00 00 00 00 00 00 00 00 00 00 00 00 00 00 00 00
  .............?^. 00 00 ff ff ff ff ff ff ff ff 00 00 80 3f 5e 01
  .........?       00 00 08 00 00 00 00 00 80 3f
004520-004527 StringBlock "Linear"
004528-004558 DataBlock
  ................ 00 00 00 00 00 00 00 00 00 00 04 00 00 00 00 00
  ..VC..VFX......  80 a3 56 43 03 00 56 46 58 00 00 01 00 00 00
004559-004575 StringBlock "SpriteAnimation"
004576-004647 DataBlock
  ................ 00 00 00 00 d0 ff ff ff cd ff ff ff 01 01 00 00
  ................ 00 00 00 00 00 00 00 01 00 00 00 00 05 00 00 00
  ...........TC... 09 00 00 00 00 00 00 00 00 80 cd 54 43 01 00 00
  .@..=..d...d.... 00 40 83 ba 3d 00 00 64 00 00 00 64 00 00 00 00
  ........         00 00 00 00 01 00 00 00
004648-004651 StateIDBlock 1129631104
004652-004661 NewStateBlock "NewState"
004662-004665 XSizeBlock 300
004666-004669 YSizeBlock 170
004670-004696 DataBlock
  ................ 00 00 00 00 02 00 00 00 00 00 00 00 00 00 00 00
  ...........      02 00 00 00 00 00 00 00 00 00 00
004697-004708 FontNameBlock "Norse-Bold"
004709-004724 DataBlock
  ................ 0a 00 00 00 02 00 00 00 00 00 00 00 dd da fa ff
004725-004747 StringBlock "Default Font Category"
004748-004767 DataBlock
  ................ 00 00 00 00 00 00 00 00 00 00 00 00 00 00 00 00
  ....             00 00 00 00
004768-004778 T0Block "normal_t0"
004779-004794 DataBlock
  ................ 00 00 00 00 00 00 00 00 00 00 00 00 00 00 00 00
004795-004805 T0Block "normal_t0"
004806-004942 DataBlock
  ................ 00 00 00 00 00 00 00 00 00 00 00 00 00 00 00 00
  ....@..=........ 01 00 00 00 40 83 ba 3d 00 00 00 00 00 00 00 00
  ,............... 2c 01 00 00 aa 00 00 00 ff ff ff ff 00 00 00 00
  ................ 00 00 00 00 00 00 00 00 00 00 00 00 00 01 01 00
  ................ 00 00 00 00 00 00 00 00 00 00 00 00 00 00 00 00
  ......?......... 00 00 00 00 00 80 3f 00 00 00 00 00 00 00 00 00
  ................ 00 00 00 00 00 00 00 00 00 00 00 00 00 00 00 00
  ................ 00 00 00 00 00 00 00 00 00 00 00 00 00 00 00 00
  .........        00 00 00 00 00 07 00 00 00
004943-004954 StringBlock "frame_name"
004955-005010 StringBlock "data/UI/sprite_anims/ikit_upgrade_crackle/ikit_upgrade"
005011-005022 StringBlock "last_frame"
005023-005026 DataBlock
  ..43             02 00 34 33
005027-005033 StringBlock "loops"
005034-005036 DataBlock
  ..0              01 00 30
005037-005047 StringBlock "pre_cache"
005048-005050 DataBlock
  ..0              01 00 30
005051-005073 StringBlock "randomise_start_frame"
005074-005076 DataBlock
  ..0              01 00 30
005077-005085 StringBlock "reverse"
005086-005088 DataBlock
  ..0              01 00 30
005089-005104 StringBlock "time_per_frame"
005105-005115 DataBlock
  ..0........      01 00 30 14 00 00 00 01 00 00 00
005116-005121 StringBlock "play"
005122-005195 DataBlock
  .............A.. 00 00 01 00 00 00 00 00 00 00 00 00 10 41 00 00
  ..,............. 00 00 2c 01 00 00 aa 00 00 00 ff ff ff ff 00 00
  ................ 00 00 00 00 00 00 00 00 00 00 00 00 00 00 00 00
  .............?.. 00 00 ff ff ff ff ff ff ff ff 00 00 80 3f 00 00
  .........?       00 00 00 00 00 00 00 00 80 3f
005196-005203 StringBlock "Linear"
005204-005215 DataBlock
  ......VC....     02 00 00 00 80 a3 56 43 00 00 00 00
005216-005232 StringBlock "Visibility true"
005233-005240 DataBlock
  ..VC....         80 a3 56 43 00 00 00 00
005241-005259 StringBlock "time_per_frame 10"
005260-005297 DataBlock
  ................ 00 00 00 00 00 00 00 00 00 00 00 00 00 00 00 00
  .......?...?...? 00 00 00 01 00 00 80 3f 00 00 00 3f 00 00 00 3f
  ...Y.?           00 00 c0 59 d5 3f
005298-005309 StringBlock "icon_check"
005310-005356 DataBlock
  ................ 00 00 00 00 00 00 96 00 00 00 01 00 00 00 01 01
  ................ 00 00 00 00 00 00 00 00 00 01 00 00 00 00 09 00
  ...........@./<  00 00 15 00 00 00 f6 ff ff ff 00 40 c8 2f 3c
005357-005409 ImageListBlock 1 elements:
  005361-005409 ImageBlock id=938079168 xsize=56 ysize=56 path="ui\\skins\\default\\icon_check.png" unknown=0
005410-005414 DataBlock
  .....            00 01 00 00 00
005415-005418 StateIDBlock 1009764416
005419-005428 NewStateBlock "NewState"
005429-005432 XSizeBlock 56
005433-005436 YSizeBlock 56
005437-005463 DataBlock
  ................ 00 00 00 00 02 00 00 00 00 00 00 00 00 00 00 00
  ...........      02 00 00 00 00 00 00 00 00 00 00
005464-005475 FontNameBlock "Norse-Bold"
005476-005491 DataBlock
  ................ 0a 00 00 00 02 00 00 00 00 00 00 00 dd da fa ff
005492-005514 StringBlock "Default Font Category"
005515-005534 DataBlock
  ................ 00 00 00 00 00 00 00 00 00 00 00 00 00 00 00 00
  ....             00 00 00 00
005535-005547 T0Block "brighten_t0"
005548-005563 DataBlock
  ................ 00 00 00 00 00 00 00 00 00 00 00 00 00 00 00 00
005564-005574 T0Block "normal_t0"
005575-005594 DataBlock
  ................ 00 00 00 00 00 00 00 00 00 00 00 00 00 00 00 00
  ....             01 00 00 00
005595-005618 ImageUseBlock id=938079168 xofs=0 yofs=0 xsize=56 ysize=56 brga=4294967295
005619-005719 DataBlock
  ................ 00 00 00 00 00 05 00 00 00 00 00 00 00 00 00 00
  ................ 00 01 01 00 00 00 00 00 00 00 00 00 00 00 00 00
  ..........?..... 00 00 00 00 00 00 00 00 00 80 3f 00 00 00 00 00
  ................ 00 00 00 00 00 00 00 00 00 00 00 00 00 00 00 00
  ................ 00 00 00 00 00 00 00 00 00 00 00 00 00 00 00 00
  ................ 00 00 00 00 00 00 00 00 00 00 00 00 00 14 00 00
  .....            00 01 00 00 00
005720-005725 StringBlock "show"
005726-005799 DataBlock
  ............*D.. 00 00 03 00 00 00 00 00 00 00 00 80 2a 44 00 80
  ................ f7 c3 00 00 00 00 00 00 00 00 ff ff ff 00 00 00
  ................ 00 00 00 00 00 00 00 00 00 00 00 00 00 00 00 00
  .............?.. 00 00 ff ff ff ff ff ff ff ff 00 00 80 3f 00 00
  ..L......?       00 00 4c 00 00 00 00 00 80 3f
005800-005807 StringBlock "Linear"
005808-005819 DataBlock
  .....Y.?....     01 00 00 00 c0 59 d5 3f 00 00 00 00
005820-005836 StringBlock "Visibility true"
005837-005906 DataBlock
  ........*D....V. 00 01 00 00 00 00 00 80 2a 44 00 80 f7 c3 56 00
  ..V......... A.. 00 00 56 00 00 00 ff ff ff ff 00 00 20 41 00 00
  ................ 00 00 00 00 00 00 00 00 00 00 00 00 00 00 ff ff
  .........?....L. ff ff ff ff ff ff 00 00 80 3f c8 00 00 00 4c 00
  .....?           00 00 00 00 80 3f
005907-005914 StringBlock "Linear"
005915-005988 DataBlock
  ............*D.. 00 00 00 00 00 01 00 00 00 00 00 80 2a 44 00 80
  ..8...8......... f7 c3 38 00 00 00 38 00 00 00 ff ff ff ff 00 00
  ................ 00 00 00 00 00 00 00 00 00 00 00 00 00 00 00 00
  .............?.. 00 00 ff ff ff ff ff ff ff ff 00 00 80 3f c8 00
  ..L......?       00 00 4c 00 00 00 00 00 80 3f
005989-005996 StringBlock "Linear"
005997-006038 DataBlock
  ................ 00 00 00 00 00 01 00 00 00 00 00 00 00 00 00 00
  ...........?...? 00 00 00 00 00 00 00 00 00 00 80 3f 00 00 80 3f
  ...?.....?       00 00 80 3f 00 00 c0 bd cf 3f
006039-006047 StringBlock "dy_name"
006048-006110 DataBlock
  ......;......... 00 00 00 00 00 00 3b 00 00 00 0d 00 00 00 01 01
  ................ 00 00 00 00 01 00 00 00 00 01 00 00 00 00 04 00
  ..;........`.... 00 00 3b 00 00 00 00 00 00 00 00 60 f0 ff 0c 00
  .............rD  00 00 00 00 00 00 00 02 00 00 00 00 f2 72 44
006111-006118 StringBlock "active"
006119-006126 DataBlock
  t...(...         74 00 00 00 28 00 00 00
006127-006148 UnicodeBlock "dy_upgrade"
006149-006167 DataBlock
  ................ 00 00 02 00 00 00 04 00 00 00 00 00 00 00 01 00
  ...              00 00 00
006168-006225 UnicodeBlock "dy_name_NewState_Text_6f005d"
006226-006229 DataBlock
  ....             00 00 00 00
006230-006242 FontNameBlock "la_gioconda"
006243-006258 DataBlock
  ................ 0c 00 00 00 01 00 00 00 00 00 00 00 d7 f8 ff ff
006259-006275 StringBlock "fe_default_text"
006276-006295 DataBlock
  ................ 00 00 00 00 00 00 00 00 00 00 00 00 00 00 00 00
  ....             00 00 00 00
006296-006306 T0Block "normal_t0"
006307-006322 DataBlock
  ................ 00 00 00 00 00 00 00 00 00 00 00 00 00 00 00 00
006323-006339 T0Block "text_outline_t0"
006340-006375 DataBlock
  ...............? 00 00 00 00 00 00 00 00 00 00 00 00 00 00 80 3f
  ................ 00 00 00 00 00 00 00 00 00 00 00 00 00 00 00 00
  `...             60 f0 ff 0c
006376-006385 StringBlock "inactive"
006386-006393 DataBlock
  t...(...         74 00 00 00 28 00 00 00
006394-006415 UnicodeBlock "dy_upgrade"
006416-006434 DataBlock
  ................ 00 00 02 00 00 00 04 00 00 00 00 00 00 00 01 00
  ...              00 00 00
006435-006492 UnicodeBlock "dy_name_NewState_Text_6f005d"
006493-006496 DataBlock
  ....             00 00 00 00
006497-006509 FontNameBlock "la_gioconda"
006510-006525 DataBlock
  ................ 0c 00 00 00 01 00 00 00 00 00 00 00 d7 f8 ff ff
006526-006542 StringBlock "fe_default_text"
006543-006562 DataBlock
  ................ 00 00 00 00 00 00 00 00 00 00 00 00 00 00 00 00
  ....             00 00 00 00
006563-006573 T0Block "normal_t0"
006574-006589 DataBlock
  ................ 00 00 00 00 00 00 00 00 00 00 00 00 00 00 00 00
006590-006607 T0Block "set_greyscale_t0"
006608-006643 DataBlock
  ...?...?.......? 00 00 80 3f 00 00 00 3f 00 00 00 00 00 00 80 3f
  ................ 00 00 00 00 00 00 00 00 00 00 00 00 00 00 00 00
  ....             02 00 00 00
006644-006658 StringBlock "dynamic_child"
006659-006661 DataBlock
  ..1              01 00 31
006662-006683 StringBlock "dynamic_child_parent"
006684-006704 StringBlock "template_slot_entry"
006705-006744 DataBlock
  ................ 14 00 00 00 00 00 00 00 00 00 00 00 00 00 00 00
  .........?...... 00 00 00 00 00 00 00 00 80 3f 00 00 00 00 00 00
  .?.....?         00 3f 00 00 00 91 fd 3f
006745-006750 StringBlock "cost"
006751-006809 DataBlock
  ......c...2..... 00 00 00 00 00 00 63 00 00 00 32 00 00 00 01 01
  ................ 00 00 00 00 01 00 00 00 00 01 00 00 00 00 09 00
  ............g.?. 00 00 13 00 00 00 05 00 00 00 00 80 67 d2 3f 00
  ...........      00 00 00 00 00 00 00 01 00 00 00
006810-006813 StateIDBlock 1070753664
006814-006823 NewStateBlock "NewState"
006824-006827 XSizeBlock 105
006828-006831 YSizeBlock 22
006832-006858 DataBlock
  ................ 00 00 00 00 02 00 00 00 00 00 00 00 00 00 00 00
  ...........      02 00 00 00 00 00 00 00 00 00 00
006859-006870 FontNameBlock "Norse-Bold"
006871-006886 DataBlock
  ................ 0a 00 00 00 02 00 00 00 00 00 00 00 dd da fa ff
006887-006909 StringBlock "Default Font Category"
006910-006929 DataBlock
  ................ 00 00 00 00 00 00 00 00 00 00 00 00 00 00 00 00
  ....             01 00 00 00
006930-006940 T0Block "normal_t0"
006941-006956 DataBlock
  ................ 00 00 00 00 00 00 00 00 00 00 00 00 00 00 00 00
006957-006967 T0Block "normal_t0"
006968-007021 DataBlock
  ................ 00 00 00 00 00 00 00 00 00 00 00 00 00 00 00 00
  ................ 00 00 00 00 00 00 00 00 00 00 00 00 00 00 00 00
  ....3........... 00 00 00 00 33 00 00 00 00 00 00 00 02 00 00 00
  ......           00 00 e4 a7 bd 00
007022-007039 StringBlock "dy_reactor_cores"
007040-007086 DataBlock
  ................ 00 00 00 00 00 00 00 00 00 00 00 00 00 00 00 00
  ................ 00 00 00 00 01 00 01 00 00 01 00 00 00 00 00 00
  ............v.?  00 00 00 00 00 00 00 00 00 00 00 c0 76 f0 3f
007087-007154 ImageListBlock 1 elements:
  007091-007154 ImageBlock id=1286445184 xsize=46 ysize=22 path="ui\\skins\\default\\ikit_upgrade_number_frame.png" unknown=0
007155-007163 DataBlock
  ......v.?        00 03 00 00 00 c0 76 f0 3f
007164-007171 StringBlock "normal"
007172-007204 DataBlock
  -.........5.0... 2d 00 00 00 16 00 00 00 02 00 35 00 30 00 00 00
  ................ 02 00 00 00 00 00 00 00 00 00 00 00 02 00 00 00
  .                00
007205-007280 UnicodeBlock "dy_reactor_cores_NewState_Text_300035"
007281-007284 DataBlock
  ....             00 00 00 00
007285-007297 FontNameBlock "la_gioconda"
007298-007313 DataBlock
  ................ 0c 00 00 00 01 00 00 00 00 00 00 00 d7 f8 ff ff
007314-007322 StringBlock "fe_text"
007323-007342 DataBlock
  ................ 0f 00 00 00 00 00 00 00 04 00 00 00 00 00 00 00
  ....             01 00 00 00
007343-007353 T0Block "normal_t0"
007354-007369 DataBlock
  ...?...?........ 00 00 80 3f 00 00 80 3f 00 00 00 00 00 00 00 00
007370-007380 T0Block "normal_t0"
007381-007400 DataBlock
  .......?...@.... 00 00 00 00 00 00 80 3f 00 00 00 40 00 00 00 00
  ....             01 00 00 00
007401-007424 ImageUseBlock id=1286445184 xofs=4294967295 yofs=0 xsize=46 ysize=22 brga=4294967295
007425-007517 DataBlock
  ................ 00 00 00 00 00 06 00 00 00 00 00 00 00 00 00 00
  ................ 00 01 01 00 00 00 00 00 00 00 00 00 00 00 00 00
  ..........?..... 00 00 00 00 00 00 00 00 00 80 3f 00 00 00 00 00
  ................ 00 00 00 00 00 00 00 00 00 00 00 00 00 00 00 00
  ................ 00 00 00 00 00 00 00 00 00 00 00 00 00 00 00 00
  .........@...    00 00 00 00 00 00 00 00 00 40 11 cc 04
007518-007532 StringBlock "normal_locked"
007533-007565 DataBlock
  -.........5.0... 2d 00 00 00 16 00 00 00 02 00 35 00 30 00 00 00
  ................ 02 00 00 00 00 00 00 00 00 00 00 00 02 00 00 00
  .                00
007566-007641 UnicodeBlock "dy_reactor_cores_NewState_Text_300035"
007642-007645 DataBlock
  ....             00 00 00 00
007646-007658 FontNameBlock "la_gioconda"
007659-007674 DataBlock
  ................ 0c 00 00 00 01 00 00 00 00 00 00 00 d7 f8 ff ff
007675-007683 StringBlock "fe_text"
007684-007703 DataBlock
  ................ 0f 00 00 00 00 00 00 00 04 00 00 00 00 00 00 00
  ....             01 00 00 00
007704-007721 T0Block "set_greyscale_t0"
007722-007737 DataBlock
  ...?...?........ 00 00 80 3f 00 00 80 3f 00 00 00 00 00 00 00 00
007738-007748 T0Block "normal_t0"
007749-007768 DataBlock
  .......?...@.... 00 00 00 00 00 00 80 3f 00 00 00 40 00 00 00 00
  ....             01 00 00 00
007769-007792 ImageUseBlock id=1286445184 xofs=4294967295 yofs=0 xsize=46 ysize=22 brga=4294967295
007793-007923 DataBlock
  ................ 00 00 00 00 00 06 00 00 00 00 00 00 00 00 00 00
  ................ 00 01 01 00 00 00 00 00 00 00 00 00 00 00 00 00
  ..........?..... 00 00 00 00 00 00 00 00 00 80 3f 00 00 00 00 00
  ................ 00 00 00 00 00 00 00 00 00 00 00 00 00 00 00 00
  ................ 00 00 00 00 00 00 00 00 00 00 00 00 00 00 00 00
  .........0.....r 00 00 00 00 00 00 00 00 00 30 c2 ff 0c 03 00 72
  ed-.........5.0. 65 64 2d 00 00 00 16 00 00 00 02 00 35 00 30 00
  ................ 00 00 02 00 00 00 00 00 00 00 00 00 00 00 02 00
  ...              00 00 00
007924-007999 UnicodeBlock "dy_reactor_cores_NewState_Text_300035"
008000-008003 DataBlock
  ....             00 00 00 00
008004-008016 FontNameBlock "la_gioconda"
008017-008032 DataBlock
  ............--.. 0c 00 00 00 07 00 00 00 00 00 00 00 2d 2d ff ff
008033-008049 StringBlock "ingame_text_red"
008050-008069 DataBlock
  ................ 0f 00 00 00 00 00 00 00 04 00 00 00 00 00 00 00
  ....             01 00 00 00
008070-008087 T0Block "set_greyscale_t0"
008088-008103 DataBlock
  ...?...?........ 00 00 80 3f 00 00 80 3f 00 00 00 00 00 00 00 00
008104-008114 T0Block "normal_t0"
008115-008134 DataBlock
  .......?...@.... 00 00 00 00 00 00 80 3f 00 00 00 40 00 00 00 00
  ....             01 00 00 00
008135-008158 ImageUseBlock id=1286445184 xofs=4294967295 yofs=0 xsize=46 ysize=22 brga=4294967295
008159-008269 DataBlock
  ................ 00 00 00 00 00 06 00 00 00 00 00 00 00 00 00 00
  ................ 00 01 01 00 00 00 00 00 00 00 00 00 00 00 00 00
  ..........?..... 00 00 00 00 00 00 00 00 00 80 3f 00 00 00 00 00
  ................ 00 00 00 00 00 00 00 00 00 00 00 00 00 00 00 00
  ................ 00 00 00 00 00 00 00 00 00 00 00 00 00 00 00 00
  .............3.. 00 00 00 00 00 00 00 00 00 00 00 00 00 33 00 00
  ............d.@  00 00 00 00 00 01 00 00 00 00 00 80 64 09 40
008270-008275 StringBlock "icon"
008276-008322 DataBlock
  ................ 00 00 00 00 00 00 f4 ff ff ff fe ff ff ff 00 00
  ................ 00 00 00 00 01 00 00 00 00 01 00 00 00 00 0d 00
  ...............  00 00 0e 00 00 00 00 00 00 00 00 bc cc bd 00
008323-008383 ImageListBlock 1 elements:
  008327-008383 ImageBlock id=1091406848 xsize=26 ysize=26 path="ui\\skins\\default\\icon_reactor_cores.png" unknown=0
008384-008388 DataBlock
  .....            00 01 00 00 00
008389-008392 StateIDBlock 12438716
008393-008402 NewStateBlock "NewState"
008403-008406 XSizeBlock 26
008407-008410 YSizeBlock 26
008411-008437 DataBlock
  ................ 00 00 00 00 02 00 00 00 00 00 00 00 00 00 00 00
  ...........      01 00 00 00 00 00 00 00 00 00 00
008438-008449 FontNameBlock "Norse-Bold"
008450-008465 DataBlock
  ................ 0a 00 00 00 02 00 00 00 00 00 00 00 dd da fa ff
008466-008488 StringBlock "Default Font Category"
008489-008508 DataBlock
  ................ 00 00 00 00 00 00 00 00 00 00 00 00 00 00 00 00
  ....             00 00 00 00
008509-008519 T0Block "normal_t0"
008520-008535 DataBlock
  ................ 00 00 00 00 00 00 00 00 00 00 00 00 00 00 00 00
008536-008546 T0Block "normal_t0"
008547-008566 DataBlock
  ................ 00 00 00 00 00 00 00 00 00 00 00 00 00 00 00 00
  ....             01 00 00 00
008567-008590 ImageUseBlock id=1091406848 xofs=0 yofs=0 xsize=26 ysize=26 brga=4294967295
008591-008745 DataBlock
  ................ 00 00 00 00 00 00 00 00 00 00 00 00 00 00 00 00
  ................ 00 01 01 00 00 00 00 00 00 00 00 00 00 00 00 00
  ..........?..... 00 00 00 00 00 00 00 00 00 80 3f 00 00 00 00 00
  ................ 00 00 00 00 00 00 00 00 00 00 00 00 00 00 00 00
  ................ 00 00 00 00 00 00 00 00 00 00 00 00 00 00 00 00
  .............3.. 00 00 00 00 00 00 00 00 00 00 00 00 00 33 00 00
  ................ 00 00 00 00 00 00 00 00 00 00 00 00 00 00 00 00
  ......?...?...?. 00 00 00 00 00 80 3f 00 00 80 3f 00 00 00 3f 00
  ............?... 00 00 00 00 00 00 00 00 00 00 00 80 3f 00 00 00
  ..........A      00 00 00 00 00 00 00 00 c0 12 41
008746-008754 StringBlock "dy_food"
008755-008801 DataBlock
  ......<......... 00 00 00 00 00 00 3c 00 00 00 00 00 00 00 00 00
  ................ 00 00 00 00 01 00 01 00 00 01 00 00 00 00 00 00
  ..............A  00 00 00 00 00 00 00 00 00 00 00 00 c4 12 41
008802-008869 ImageListBlock 1 elements:
  008806-008869 ImageBlock id=1351861248 xsize=46 ysize=22 path="ui\\skins\\default\\ikit_upgrade_number_frame.png" unknown=0
008870-008878 DataBlock
  ........A        00 03 00 00 00 00 c4 12 41
008879-008886 StringBlock "normal"
008887-008919 DataBlock
  -.........5.0... 2d 00 00 00 16 00 00 00 02 00 35 00 30 00 00 00
  ................ 02 00 00 00 00 00 00 00 00 00 00 00 02 00 00 00
  .                00
008920-008977 UnicodeBlock "dy_food_NewState_Text_300035"
008978-008981 DataBlock
  ....             00 00 00 00
008982-008994 FontNameBlock "la_gioconda"
008995-009010 DataBlock
  ................ 0c 00 00 00 01 00 00 00 00 00 00 00 d7 f8 ff ff
009011-009027 StringBlock "fe_default_text"
009028-009047 DataBlock
  ................ 0f 00 00 00 00 00 00 00 04 00 00 00 00 00 00 00
  ....             01 00 00 00
009048-009058 T0Block "normal_t0"
009059-009074 DataBlock
  ................ 00 00 00 00 00 00 00 00 00 00 00 00 00 00 00 00
009075-009085 T0Block "normal_t0"
009086-009105 DataBlock
  .......?...@.... 00 00 00 00 00 00 80 3f 00 00 00 40 00 00 00 00
  ....             01 00 00 00
009106-009129 ImageUseBlock id=1351861248 xofs=4294967293 yofs=0 xsize=48 ysize=22 brga=4294967295
009130-009222 DataBlock
  ................ 00 00 01 00 00 06 00 00 00 00 00 00 00 00 00 00
  ................ 00 01 01 00 00 00 00 00 00 00 00 00 00 00 00 00
  ..........?..... 00 00 00 00 00 00 00 00 00 80 3f 00 00 00 00 00
  ................ 00 00 00 00 00 00 00 00 00 00 00 00 00 00 00 00
  ...@A......@A... 00 00 00 40 41 00 00 00 00 00 00 40 41 00 00 00
  ..........c.B    00 00 00 00 00 00 00 00 00 80 63 a4 42
009223-009237 StringBlock "normal_locked"
009238-009270 DataBlock
  -.........5.0... 2d 00 00 00 16 00 00 00 02 00 35 00 30 00 00 00
  ................ 02 00 00 00 00 00 00 00 00 00 00 00 02 00 00 00
  .                00
009271-009328 UnicodeBlock "dy_food_NewState_Text_300035"
009329-009332 DataBlock
  ....             00 00 00 00
009333-009345 FontNameBlock "la_gioconda"
009346-009361 DataBlock
  ................ 0c 00 00 00 01 00 00 00 00 00 00 00 d7 f8 ff ff
009362-009378 StringBlock "fe_default_text"
009379-009398 DataBlock
  ................ 0f 00 00 00 00 00 00 00 04 00 00 00 00 00 00 00
  ....             01 00 00 00
009399-009416 T0Block "set_greyscale_t0"
009417-009432 DataBlock
  ...?...?........ 00 00 80 3f 00 00 80 3f 00 00 00 00 00 00 00 00
009433-009443 T0Block "normal_t0"
009444-009463 DataBlock
  .......?...@.... 00 00 00 00 00 00 80 3f 00 00 00 40 00 00 00 00
  ....             01 00 00 00
009464-009487 ImageUseBlock id=1351861248 xofs=4294967293 yofs=0 xsize=48 ysize=22 brga=4294967295
009488-009618 DataBlock
  ................ 00 00 01 00 00 06 00 00 00 00 00 00 00 00 00 00
  ................ 00 01 01 00 00 00 00 00 00 00 00 00 00 00 00 00
  ..........?..... 00 00 00 00 00 00 00 00 00 80 3f 00 00 00 00 00
  ................ 00 00 00 00 00 00 00 00 00 00 00 00 00 00 00 00
  ...@A......@A... 00 00 00 40 41 00 00 00 00 00 00 40 41 00 00 00
  ...............r 00 00 00 00 00 00 00 00 00 00 b2 1e 0d 03 00 72
  ed-.........5.0. 65 64 2d 00 00 00 16 00 00 00 02 00 35 00 30 00
  ................ 00 00 02 00 00 00 00 00 00 00 00 00 00 00 02 00
  ...              00 00 00
009619-009676 UnicodeBlock "dy_food_NewState_Text_300035"
009677-009680 DataBlock
  ....             00 00 00 00
009681-009693 FontNameBlock "la_gioconda"
009694-009709 DataBlock
  ............--.. 0c 00 00 00 07 00 00 00 00 00 00 00 2d 2d ff ff
009710-009726 StringBlock "ingame_text_red"
009727-009746 DataBlock
  ................ 0f 00 00 00 00 00 00 00 04 00 00 00 00 00 00 00
  ....             01 00 00 00
009747-009764 T0Block "set_greyscale_t0"
009765-009780 DataBlock
  ...?...?........ 00 00 80 3f 00 00 80 3f 00 00 00 00 00 00 00 00
009781-009791 T0Block "normal_t0"
009792-009811 DataBlock
  .......?...@.... 00 00 00 00 00 00 80 3f 00 00 00 40 00 00 00 00
  ....             01 00 00 00
009812-009835 ImageUseBlock id=1351861248 xofs=4294967293 yofs=0 xsize=48 ysize=22 brga=4294967295
009836-009946 DataBlock
  ................ 00 00 01 00 00 06 00 00 00 00 00 00 00 00 00 00
  ................ 00 01 01 00 00 00 00 00 00 00 00 00 00 00 00 00
  ..........?..... 00 00 00 00 00 00 00 00 00 80 3f 00 00 00 00 00
  ................ 00 00 00 00 00 00 00 00 00 00 00 00 00 00 00 00
  ...@A......@A... 00 00 00 40 41 00 00 00 00 00 00 40 41 00 00 00
  .............3.. 00 00 00 00 00 00 00 00 00 00 00 00 00 33 00 00
  ...........@$.?  00 00 00 00 00 01 00 00 00 00 00 40 24 f1 3f
009947-009952 StringBlock "icon"
009953-009999 DataBlock
  ................ 00 00 00 00 00 00 f1 ff ff ff 00 00 00 00 00 00
  ................ 00 00 00 00 01 00 00 00 00 01 00 00 00 00 0d 00
  ...........,...  00 00 0b 00 00 00 02 00 00 00 00 2c c5 bd 00
010000-010058 ImageListBlock 1 elements:
  010004-010058 ImageBlock id=1073519424 xsize=26 ysize=26 path="ui\\skins\\default\\skaven_food_icon.png" unknown=0
010059-010063 DataBlock
  .....            00 01 00 00 00
010064-010067 StateIDBlock 12436780
010068-010077 NewStateBlock "NewState"
010078-010081 XSizeBlock 26
010082-010085 YSizeBlock 26
010086-010112 DataBlock
  ................ 00 00 00 00 02 00 00 00 00 00 00 00 00 00 00 00
  ...........      01 00 00 00 00 00 00 00 00 00 00
010113-010124 FontNameBlock "Norse-Bold"
010125-010140 DataBlock
  ................ 0a 00 00 00 02 00 00 00 00 00 00 00 dd da fa ff
010141-010163 StringBlock "Default Font Category"
010164-010183 DataBlock
  ................ 00 00 00 00 00 00 00 00 00 00 00 00 00 00 00 00
  ....             00 00 00 00
010184-010194 T0Block "normal_t0"
010195-010210 DataBlock
  ................ 00 00 00 00 00 00 00 00 00 00 00 00 00 00 00 00
010211-010221 T0Block "normal_t0"
010222-010241 DataBlock
  ................ 00 00 00 00 00 00 00 00 00 00 00 00 00 00 00 00
  ....             01 00 00 00
010242-010265 ImageUseBlock id=1073519424 xofs=0 yofs=0 xsize=26 ysize=26 brga=4294967295
010266-010415 DataBlock
  ................ 00 00 00 00 00 00 00 00 00 00 00 00 00 00 00 00
  ................ 00 01 01 00 00 00 00 00 00 00 00 00 00 00 00 00
  ..........?..... 00 00 00 00 00 00 00 00 00 80 3f 00 00 00 00 00
  ................ 00 00 00 00 00 00 00 00 00 00 00 00 00 00 00 00
  ................ 00 00 00 00 00 00 00 00 00 00 00 00 00 00 00 00
  .............3.. 00 00 00 00 00 00 00 00 00 00 00 00 00 33 00 00
  ................ 00 00 00 00 00 00 00 00 00 00 00 00 00 00 00 00
  ......?...?...?. 00 00 00 00 00 80 3f 00 00 80 3f 00 00 00 3f 00
  ............?... 00 00 00 00 00 00 00 00 00 00 00 80 3f 00 00 00
  ......           00 00 00 00 00 01
010416-010431 StringBlock "HorizontalList"
010432-010507 DataBlock
  ................ 00 00 00 00 0f 00 00 00 00 00 00 00 00 01 00 00
  ................ 00 01 00 00 00 00 00 00 00 00 00 00 00 00 00 00
  ................ 00 00 00 00 00 00 00 00 00 00 00 00 00 00 00 00
  ................ 00 00 00 00 00 00 00 00 00 00 00 00 00 00 00 00
  ..?...?...?.     00 80 3f 00 00 80 3f 00 00 80 3f 00
010508-010538 StringBlock "UI_CAM_HUD_Upgrade_Technology"
010539-010579 DataBlock
  ..........?..... 00 00 00 00 00 00 00 00 00 80 3f 00 00 00 00 00
  ................ 00 00 00 00 00 00 00 00 00 00 00 00 00 00 00 80
  ?........        3f 00 00 00 00 00 00 00 00
