000000-000009 VersionBlock 119
000010-000013 RootIDBlock 485225312
000014-000019 StringBlock "root"
000020-000021 StringBlock ""
000022-000025 XOffsetBlock 0
000026-000029 YOffsetBlock 0
000030-000093 DataBlock
  ................ 00 00 00 00 01 01 00 00 00 00 01 00 00 00 00 01
  ................ 00 00 00 00 00 00 00 00 00 00 00 00 00 00 00 00
  ../......P.:.... 00 80 2f 0e 1c 01 00 00 00 50 f1 3a 0a 00 00 a0
  ................ 05 00 00 84 03 00 00 00 00 00 00 00 01 00 00 00
000094-000097 StateIDBlock 470691712
000098-000107 NewStateBlock "NewState"
000108-000111 XSizeBlock 1440
000112-000115 YSizeBlock 900
000116-000142 DataBlock
  ................ 00 00 00 00 02 00 00 00 00 00 00 00 00 00 00 00
  ...........      01 00 00 00 00 00 00 00 00 00 00
000143-000154 FontNameBlock "Norse-Bold"
000155-000170 DataBlock
  ................ 0a 00 00 00 02 00 00 00 00 00 00 00 dd da fa ff
000171-000193 StringBlock "Default Font Category"
000194-000213 DataBlock
  ................ 00 00 00 00 00 00 00 00 00 00 00 00 00 00 00 00
  ....             01 00 00 00
000214-000224 T0Block "normal_t0"
000225-000240 DataBlock
  ................ 00 00 00 00 00 00 00 00 00 00 00 00 00 00 00 00
000241-000251 T0Block "normal_t0"
000252-000406 DataBlock
  ................ 00 00 00 00 00 00 00 00 00 00 00 00 00 00 00 00
  ....P.:......... 01 00 00 00 50 f1 3a 0a 00 00 00 00 00 00 00 00
  ................ a0 05 00 00 84 03 00 00 f0 f0 f0 ff 00 00 00 00
  ................ 00 00 00 00 00 00 00 00 00 00 00 00 00 01 01 00
  ................ 00 00 00 00 00 00 00 00 00 00 00 00 00 00 00 00
  ......?......... 00 00 00 00 00 80 3f 00 00 00 00 00 00 00 00 00
  ................ 00 00 00 00 00 00 00 00 00 00 00 00 00 00 00 00
  ................ 00 00 00 00 00 00 00 00 00 00 00 00 00 00 00 00
  ................ 00 00 00 00 00 00 00 00 00 00 00 00 00 00 00 00
  .........v.      00 01 00 00 00 00 00 c0 15 76 0c
000407-000431 StringBlock "panel_slider_horizontal"
000432-000437 DataBlock
  ......           00 00 01 00 00 00
000438-000446 StringBlock "HSlider"
000447-000491 DataBlock
  ........]....... 00 00 00 00 ed 01 00 00 5d 01 00 00 01 00 00 00
  ................ 00 00 01 00 00 00 00 01 00 00 00 00 03 00 00 00
  ....]....p1m.    d5 fd ff ff 5d 01 00 00 00 70 31 6d 0c
000492-000555 ImageListBlock 1 elements:
  000496-000555 ImageBlock id=152766256 xsize=215 ysize=6 path="ui\\skins\\default\\slider_horizontal_mid.png" unknown=0
000556-000564 DataBlock
  .....p1m.        00 02 00 00 00 70 31 6d 0c
000565-000572 StringBlock "active"
000573-000607 DataBlock
  ................ 88 01 00 00 14 00 00 00 00 00 00 00 02 00 00 00
  ................ 00 00 00 00 00 00 00 00 01 00 00 00 00 00 00 00
  ...              00 00 00
000608-000620 FontNameBlock "la_gioconda"
000621-000636 DataBlock
  ................ 0c 00 00 00 01 00 00 00 00 00 00 00 00 00 00 ff
000637-000649 StringBlock "ingame_text"
000650-000669 DataBlock
  ................ 00 00 00 00 00 00 00 00 00 00 00 00 00 00 00 00
  ....             01 00 00 00
000670-000680 T0Block "normal_t0"
000681-000696 DataBlock
  ................ 00 00 00 00 00 00 00 00 00 00 00 00 00 00 00 00
000697-000707 T0Block "normal_t0"
000708-000727 DataBlock
  ................ 00 00 00 00 00 00 00 00 00 00 00 00 00 00 00 00
  ....             01 00 00 00
000728-000751 ImageUseBlock id=152766256 xofs=1 yofs=7 xsize=392 ysize=5 brga=4294967295
000752-000844 DataBlock
  ................ 00 00 01 00 00 05 00 00 00 01 00 00 00 00 00 00
  ................ 00 01 01 00 00 00 00 00 00 00 00 00 00 00 00 00
  ..........?..... 00 00 00 00 00 00 00 00 00 80 3f 00 00 00 00 00
  ................ 00 00 00 00 00 00 00 00 00 00 00 00 00 00 00 00
  ................ 00 00 00 00 00 00 00 00 00 00 00 00 00 c0 cd cd
  ............G    cd c0 cd cd cd 00 00 00 00 80 03 06 47
000845-000854 StringBlock "inactive"
000855-000889 DataBlock
  ................ 88 01 00 00 14 00 00 00 00 00 00 00 02 00 00 00
  ................ 00 00 00 00 00 00 00 00 01 00 00 00 00 00 00 00
  ...              00 00 00
000890-000902 FontNameBlock "la_gioconda"
000903-000918 DataBlock
  ................ 0c 00 00 00 01 00 00 00 00 00 00 00 00 00 00 ff
000919-000931 StringBlock "ingame_text"
000932-000951 DataBlock
  ................ 00 00 00 00 00 00 00 00 00 00 00 00 00 00 00 00
  ....             00 00 00 00
000952-000969 T0Block "set_greyscale_t0"
000970-000985 DataBlock
  ...?...?........ 00 00 80 3f 00 00 80 3f 00 00 00 00 00 00 00 00
000986-000996 T0Block "normal_t0"
000997-001016 DataBlock
  ................ 00 00 00 00 00 00 00 00 00 00 00 00 00 00 00 00
  ....             01 00 00 00
001017-001040 ImageUseBlock id=152766256 xofs=1 yofs=7 xsize=392 ysize=5 brga=4294967295
001041-001133 DataBlock
  ................ 00 00 01 00 00 05 00 00 00 01 00 00 00 00 00 00
  ................ 00 01 01 00 00 00 00 00 00 00 00 00 00 00 00 00
  ..........?..... 00 00 00 00 00 00 00 00 00 80 3f 00 00 00 00 00
  ................ 00 00 00 00 00 00 00 00 00 00 00 00 00 00 00 00
  ................ 00 00 00 00 00 00 00 00 00 00 00 00 00 c0 cd cd
  .............    cd c0 cd cd cd 00 00 00 00 06 00 00 00
001134-001140 StringBlock "Value"
001141-001143 DataBlock
  ..0              01 00 30
001144-001153 StringBlock "minValue"
001154-001156 DataBlock
  ..0              01 00 30
001157-001166 StringBlock "maxValue"
001167-001171 DataBlock
  ..100            03 00 31 30 30
001172-001179 StringBlock "Notify"
001180-001181 DataBlock
  ..               00 00
001182-001192 StringBlock "step_size"
001193-001194 DataBlock
  ..               00 00
001195-001208 StringBlock "SnapToValues"
001209-001228 DataBlock
  ..-............. 00 00 2d 00 00 00 00 00 00 00 05 00 00 00 00 00
   5m.             20 35 6d 0c
001229-001240 StringBlock "frame_left"
001241-001287 DataBlock
  ................ 00 00 00 00 00 00 dc ff ff ff fe ff ff ff 00 00
  ................ 00 00 00 00 01 00 00 00 00 01 00 00 00 00 01 00
  ............9m.  00 00 dc ff ff ff fe ff ff ff 00 90 39 6d 0c
001288-001358 ImageListBlock 1 elements:
  001292-001358 ImageBlock id=228955968 xsize=37 ysize=25 path="ui\\skins\\default\\panel_slider_horizontal_left.png" unknown=0
001359-001367 DataBlock
  ......9m.        00 02 00 00 00 90 39 6d 0c
001368-001375 StringBlock "active"
001376-001410 DataBlock
  %............... 25 00 00 00 19 00 00 00 00 00 00 00 02 00 00 00
  ................ 00 00 00 00 00 00 00 00 01 00 00 00 00 00 00 00
  ...              00 00 00
001411-001422 FontNameBlock "Norse-Bold"
001423-001438 DataBlock
  ................ 0a 00 00 00 02 00 00 00 00 00 00 00 dd da fa ff
001439-001461 StringBlock "Default Font Category"
001462-001481 DataBlock
  ................ 00 00 00 00 00 00 00 00 00 00 00 00 00 00 00 00
  ....             01 00 00 00
001482-001492 T0Block "normal_t0"
001493-001508 DataBlock
  ................ 00 00 00 00 00 00 00 00 00 00 00 00 00 00 00 00
001509-001519 T0Block "normal_t0"
001520-001539 DataBlock
  ................ 00 00 00 00 00 00 00 00 00 00 00 00 00 00 00 00
  ....             01 00 00 00
001540-001563 ImageUseBlock id=228955968 xofs=0 yofs=0 xsize=37 ysize=25 brga=4294967295
001564-001656 DataBlock
  ................ 00 00 00 00 00 00 00 00 00 00 00 00 00 00 00 00
  ................ 00 01 01 00 00 00 00 00 00 00 00 00 00 00 00 00
  ..........?..... 00 00 00 00 00 00 00 00 00 80 3f 00 00 00 00 00
  ................ 00 00 00 00 00 00 00 00 00 00 00 00 00 00 00 00
  ................ 00 00 00 00 00 00 00 00 00 00 00 00 00 00 00 00
  .........t`.G    00 00 00 00 00 00 00 00 00 74 60 e1 47
001657-001666 StringBlock "inactive"
001667-001701 DataBlock
  %............... 25 00 00 00 19 00 00 00 00 00 00 00 02 00 00 00
  ................ 00 00 00 00 00 00 00 00 01 00 00 00 00 00 00 00
  ...              00 00 00
001702-001713 FontNameBlock "Norse-Bold"
001714-001729 DataBlock
  ................ 0a 00 00 00 02 00 00 00 00 00 00 00 dd da fa ff
001730-001752 StringBlock "Default Font Category"
001753-001772 DataBlock
  ................ 00 00 00 00 00 00 00 00 00 00 00 00 00 00 00 00
  ....             01 00 00 00
001773-001790 T0Block "set_greyscale_t0"
001791-001806 DataBlock
  ...?...?........ 00 00 80 3f 00 00 80 3f 00 00 00 00 00 00 00 00
001807-001817 T0Block "normal_t0"
001818-001837 DataBlock
  ................ 00 00 00 00 00 00 00 00 00 00 00 00 00 00 00 00
  ....             01 00 00 00
001838-001861 ImageUseBlock id=228955968 xofs=0 yofs=0 xsize=37 ysize=25 brga=4294967295
001862-001994 DataBlock
  ................ 00 00 00 00 00 00 00 00 00 00 00 00 00 00 00 00
  ................ 00 01 01 00 00 00 00 00 00 00 00 00 00 00 00 00
  ..........?..... 00 00 00 00 00 00 00 00 00 80 3f 00 00 00 00 00
  ................ 00 00 00 00 00 00 00 00 00 00 00 00 00 00 00 00
  ................ 00 00 00 00 00 00 00 00 00 00 00 00 00 00 00 00
  .............-.. 00 00 00 00 00 00 00 00 00 00 00 00 00 2d 00 00
  ................ 00 00 00 00 00 00 00 00 00 00 00 00 00 00 00 00
  ......?......... 00 00 00 00 00 80 3f 00 00 00 00 00 00 00 00 00
  ..=m.            00 00 3d 6d 0c
001995-002007 StringBlock "frame_right"
002008-002054 DataBlock
  ................ 00 00 00 00 00 00 89 01 00 00 fe ff ff ff 00 00
  ................ 00 00 00 00 01 00 00 00 00 01 00 00 00 00 03 00
  ..'.........Am.  00 00 27 00 00 00 fe ff ff ff 00 b0 41 6d 0c
002055-002126 ImageListBlock 1 elements:
  002059-002126 ImageBlock id=228956976 xsize=38 ysize=25 path="ui\\skins\\default\\panel_slider_horizontal_right.png" unknown=0
002127-002135 DataBlock
  ......Am.        00 02 00 00 00 b0 41 6d 0c
002136-002143 StringBlock "active"
002144-002178 DataBlock
  &............... 26 00 00 00 19 00 00 00 00 00 00 00 02 00 00 00
  ................ 00 00 00 00 00 00 00 00 01 00 00 00 00 00 00 00
  ...              00 00 00
002179-002190 FontNameBlock "Norse-Bold"
002191-002206 DataBlock
  ................ 0a 00 00 00 02 00 00 00 00 00 00 00 dd da fa ff
002207-002229 StringBlock "Default Font Category"
002230-002249 DataBlock
  ................ 00 00 00 00 00 00 00 00 00 00 00 00 00 00 00 00
  ....             01 00 00 00
002250-002260 T0Block "normal_t0"
002261-002276 DataBlock
  ................ 00 00 00 00 00 00 00 00 00 00 00 00 00 00 00 00
002277-002287 T0Block "normal_t0"
002288-002307 DataBlock
  ................ 00 00 00 00 00 00 00 00 00 00 00 00 00 00 00 00
  ....             01 00 00 00
002308-002331 ImageUseBlock id=228956976 xofs=0 yofs=0 xsize=38 ysize=25 brga=4294967295
002332-002424 DataBlock
  ................ 00 00 00 00 00 00 00 00 00 00 00 00 00 00 00 00
  ................ 00 01 01 00 00 00 00 00 00 00 00 00 00 00 00 00
  ..........?..... 00 00 00 00 00 00 00 00 00 80 3f 00 00 00 00 00
  ................ 00 00 00 00 00 00 00 00 00 00 00 00 00 00 00 00
  ................ 00 00 00 00 00 00 00 00 00 00 00 00 00 00 00 00
  ............G    00 00 00 00 00 00 00 00 00 0c d4 e2 47
002425-002434 StringBlock "inactive"
002435-002469 DataBlock
  &............... 26 00 00 00 19 00 00 00 00 00 00 00 02 00 00 00
  ................ 00 00 00 00 00 00 00 00 01 00 00 00 00 00 00 00
  ...              00 00 00
002470-002481 FontNameBlock "Norse-Bold"
002482-002497 DataBlock
  ................ 0a 00 00 00 02 00 00 00 00 00 00 00 dd da fa ff
002498-002520 StringBlock "Default Font Category"
002521-002540 DataBlock
  ................ 00 00 00 00 00 00 00 00 00 00 00 00 00 00 00 00
  ....             01 00 00 00
002541-002558 T0Block "set_greyscale_t0"
002559-002574 DataBlock
  ...?...?........ 00 00 80 3f 00 00 80 3f 00 00 00 00 00 00 00 00
002575-002585 T0Block "normal_t0"
002586-002605 DataBlock
  ................ 00 00 00 00 00 00 00 00 00 00 00 00 00 00 00 00
  ....             01 00 00 00
002606-002629 ImageUseBlock id=228956976 xofs=0 yofs=0 xsize=38 ysize=25 brga=4294967295
002630-002762 DataBlock
  ................ 00 00 00 00 00 00 00 00 00 00 00 00 00 00 00 00
  ................ 00 01 01 00 00 00 00 00 00 00 00 00 00 00 00 00
  ..........?..... 00 00 00 00 00 00 00 00 00 80 3f 00 00 00 00 00
  ................ 00 00 00 00 00 00 00 00 00 00 00 00 00 00 00 00
  ................ 00 00 00 00 00 00 00 00 00 00 00 00 00 00 00 00
  .............-.. 00 00 00 00 00 00 00 00 00 00 00 00 00 2d 00 00
  ................ 00 00 00 00 00 00 00 00 00 00 00 00 00 00 00 00
  ......?...?..... 00 00 00 00 00 80 3f 00 00 80 3f 00 00 00 00 00
  ..V.9            00 80 56 10 39
002763-002770 StringBlock "handle"
002771-002776 DataBlock
  ......           00 00 01 00 00 00
002777-002791 StringBlock "HSliderHandle"
002792-002840 DataBlock
  ................ 00 00 00 00 b3 00 00 00 f9 ff ff ff 00 00 01 00
  ................ 00 00 01 00 00 00 00 01 00 00 00 00 00 00 00 00
  ..........$.5... 00 00 00 00 00 00 00 00 00 80 24 ef 35 02 00 00
  .                00
002841-002901 ImageBlock id=229539744 xsize=18 ysize=96 path="ui\\skins\\default\\slider_vertical_handle.png" unknown=2185003008
002902-002902 DataBlock
  '                27
002903-002956 ImagePathBlock "ui\\skins\\default\\slider_vertical_handle_underlay.png"
002957-002977 DataBlock
  ....`........... 12 00 00 00 60 00 00 00 00 00 00 00 00 04 00 00
  ....8            00 00 e1 07 38
002978-002984 StringBlock "hover"
002985-003019 DataBlock
  ....#........... 12 00 00 00 23 00 00 00 00 00 00 00 02 00 00 00
  ................ 00 00 00 00 00 00 00 00 01 00 00 00 00 00 00 00
  ...              00 00 00
003020-003032 FontNameBlock "la_gioconda"
003033-003048 DataBlock
  ................ 0c 00 00 00 01 00 00 00 00 00 00 00 00 00 00 ff
003049-003061 StringBlock "ingame_text"
003062-003081 DataBlock
  ................ 00 00 00 00 00 00 00 00 00 00 00 00 00 00 00 00
  ....             01 00 00 00
003082-003092 T0Block "normal_t0"
003093-003108 DataBlock
  ................ 00 00 00 00 00 00 00 00 00 00 00 00 00 00 00 00
003109-003119 T0Block "normal_t0"
003120-003240 DataBlock
  ................ 00 00 00 00 00 00 00 00 00 00 00 00 00 00 00 00
  .....<.'........ 03 00 00 00 80 3c 82 27 00 00 00 00 00 00 00 00
  ....#........... 12 00 00 00 23 00 00 00 ff ff ff ff 00 00 01 00
  ................ 00 00 00 00 00 00 00 00 00 00 00 00 00 01 01 00
  ................ 00 00 00 00 00 00 00 00 00 00 00 00 00 00 00 00
  ......?......... 00 00 00 00 00 80 3f 00 00 00 00 00 00 00 00 00
  ............A... 00 00 00 00 00 00 00 00 00 00 00 88 41 00 00 00
  ....A....        00 00 00 88 41 00 00 00 00
003241-003264 ImageUseBlock id=229539744 xofs=0 yofs=0 xsize=18 ysize=35 brga=16777215
003265-003307 DataBlock
  ................ 00 00 01 00 00 00 00 00 00 00 00 00 00 00 00 00
  ................ 00 01 01 00 00 00 00 00 00 00 00 00 00 00 00 00
  ..........?      00 00 00 00 00 00 00 00 00 80 3f
003308-003320 T0Block "brighten_t0"
003321-003352 DataBlock
  ................ 00 00 00 00 00 00 00 00 00 00 00 00 00 00 00 00
  ...A.......A.... 00 00 88 41 00 00 00 00 00 00 88 41 00 00 00 00
003353-003376 ImageUseBlock id=229539744 xofs=0 yofs=0 xsize=18 ysize=35 brga=4294967295
003377-003419 DataBlock
  ................ 00 00 01 00 00 00 00 00 00 00 00 00 00 00 00 00
  ................ 00 01 01 00 00 00 00 00 00 00 00 00 00 00 00 00
  ..........?      00 00 00 00 00 00 00 00 00 80 3f
003420-003432 T0Block "brighten_t0"
003433-003500 DataBlock
  ...>............ 9a 99 99 3e 00 00 00 00 00 00 00 00 00 00 00 00
  ...A.......A.... 00 00 88 41 00 00 00 00 00 00 88 41 00 00 00 00
  ....Z........... 8f 00 00 00 5a 00 00 00 01 00 00 00 01 00 00 00
  .$.5....h....... 80 24 ef 35 c8 00 00 00 68 00 00 00 00 00 00 00
  .A.G             00 41 1d 47
003501-003510 StringBlock "inactive"
003511-003545 DataBlock
  ....#........... 12 00 00 00 23 00 00 00 00 00 00 00 02 00 00 00
  ................ 00 00 00 00 00 00 00 00 01 00 00 00 00 00 00 00
  ...              00 00 00
003546-003558 FontNameBlock "la_gioconda"
003559-003574 DataBlock
  ................ 0c 00 00 00 01 00 00 00 00 00 00 00 00 00 00 ff
003575-003587 StringBlock "ingame_text"
003588-003607 DataBlock
  ................ 00 00 00 00 00 00 00 00 00 00 00 00 00 00 00 00
  ....             00 00 00 00
003608-003625 T0Block "set_greyscale_t0"
003626-003641 DataBlock
  ...?...?........ 00 00 80 3f 00 00 80 3f 00 00 00 00 00 00 00 00
003642-003652 T0Block "normal_t0"
003653-003773 DataBlock
  ................ 00 00 00 00 00 00 00 00 00 00 00 00 00 00 00 00
  .....<.'........ 03 00 00 00 80 3c 82 27 00 00 00 00 00 00 00 00
  ....#........... 12 00 00 00 23 00 00 00 ff ff ff ff 00 00 01 00
  ................ 00 00 00 00 00 00 00 00 00 00 00 00 00 01 01 00
  ................ 00 00 00 00 00 00 00 00 00 00 00 00 00 00 00 00
  ......?......... 00 00 00 00 00 80 3f 00 00 00 00 00 00 00 00 00
  ............A... 00 00 00 00 00 00 00 00 00 00 00 88 41 00 00 00
  ....A....        00 00 00 88 41 00 00 00 00
003774-003797 ImageUseBlock id=229539744 xofs=0 yofs=0 xsize=18 ysize=35 brga=4294967295
003798-003840 DataBlock
  ................ 00 00 01 00 00 00 00 00 00 00 00 00 00 00 00 00
  ................ 00 01 01 00 00 00 00 00 00 00 00 00 00 00 00 00
  ..........?      00 00 00 00 00 00 00 00 00 80 3f
003841-003853 T0Block "brighten_t0"
003854-003885 DataBlock
  ................ 00 00 00 00 00 00 00 00 00 00 00 00 00 00 00 00
  ...A.......A.... 00 00 88 41 00 00 00 00 00 00 88 41 00 00 00 00
003886-003909 ImageUseBlock id=229539744 xofs=0 yofs=0 xsize=18 ysize=35 brga=16777215
003910-003952 DataBlock
  ................ 00 00 01 00 00 00 00 00 00 00 00 00 00 00 00 00
  ................ 00 01 01 00 00 00 00 00 00 00 00 00 00 00 00 00
  ..........?      00 00 00 00 00 00 00 00 00 80 3f
003953-003965 T0Block "brighten_t0"
003966-004013 DataBlock
  ...>............ 9a 99 99 3e 00 00 00 00 00 00 00 00 00 00 00 00
  ...A.......A.... 00 00 88 41 00 00 00 00 00 00 88 41 00 00 00 00
  .............$.5 1c 00 00 00 1f 00 00 00 00 00 00 00 80 24 ef 35
004014-004021 StringBlock "active"
004022-004056 DataBlock
  ....#........... 12 00 00 00 23 00 00 00 00 00 00 00 02 00 00 00
  ................ 00 00 00 00 00 00 00 00 01 00 00 00 00 00 00 00
  ...              00 00 00
004057-004069 FontNameBlock "la_gioconda"
004070-004085 DataBlock
  ................ 0c 00 00 00 01 00 00 00 00 00 00 00 00 00 00 ff
004086-004098 StringBlock "ingame_text"
004099-004118 DataBlock
  ................ 00 00 00 00 00 00 00 00 00 00 00 00 00 00 00 00
  ....             01 00 00 00
004119-004129 T0Block "normal_t0"
004130-004145 DataBlock
  ................ 00 00 00 00 00 00 00 00 00 00 00 00 00 00 00 00
004146-004156 T0Block "normal_t0"
004157-004277 DataBlock
  ................ 00 00 00 00 00 00 00 00 00 00 00 00 00 00 00 00
  .....<.'........ 03 00 00 00 80 3c 82 27 00 00 00 00 00 00 00 00
  ....#........... 12 00 00 00 23 00 00 00 ff ff ff ff 00 00 01 00
  ................ 00 00 00 00 00 00 00 00 00 00 00 00 00 01 01 00
  ................ 00 00 00 00 00 00 00 00 00 00 00 00 00 00 00 00
  ......?......... 00 00 00 00 00 80 3f 00 00 00 00 00 00 00 00 00
  ............A... 00 00 00 00 00 00 00 00 00 00 00 88 41 00 00 00
  ....A....        00 00 00 88 41 00 00 00 00
004278-004301 ImageUseBlock id=229539744 xofs=0 yofs=0 xsize=18 ysize=35 brga=4294967295
004302-004344 DataBlock
  ................ 00 00 01 00 00 00 00 00 00 00 00 00 00 00 00 00
  ................ 00 01 01 00 00 00 00 00 00 00 00 00 00 00 00 00
  ..........?      00 00 00 00 00 00 00 00 00 80 3f
004345-004357 T0Block "brighten_t0"
004358-004389 DataBlock
  ................ 00 00 00 00 00 00 00 00 00 00 00 00 00 00 00 00
  ...A.......A.... 00 00 88 41 00 00 00 00 00 00 88 41 00 00 00 00
004390-004413 ImageUseBlock id=229539744 xofs=0 yofs=0 xsize=18 ysize=35 brga=16777215
004414-004456 DataBlock
  ................ 00 00 01 00 00 00 00 00 00 00 00 00 00 00 00 00
  ................ 00 01 01 00 00 00 00 00 00 00 00 00 00 00 00 00
  ..........?      00 00 00 00 00 00 00 00 00 80 3f
004457-004469 T0Block "brighten_t0"
004470-004537 DataBlock
  ...>............ 9a 99 99 3e 00 00 00 00 00 00 00 00 00 00 00 00
  ...A.......A.... 00 00 88 41 00 00 00 00 00 00 88 41 00 00 00 00
  ................ 1c 00 00 00 1f 00 00 00 01 00 00 00 00 00 00 00
  ...8....h....... 00 e1 07 38 c8 00 00 00 68 00 00 00 00 00 00 00
  ...9             c0 83 10 39
004538-004547 StringBlock "down_off"
004548-004582 DataBlock
  ....#........... 12 00 00 00 23 00 00 00 00 00 00 00 02 00 00 00
  ................ 00 00 00 00 00 00 00 00 01 00 00 00 00 00 00 00
  ...              00 00 00
004583-004595 FontNameBlock "la_gioconda"
004596-004611 DataBlock
  ................ 0c 00 00 00 01 00 00 00 00 00 00 00 00 00 00 ff
004612-004624 StringBlock "ingame_text"
004625-004644 DataBlock
  ................ 00 00 00 00 00 00 00 00 00 00 00 00 00 00 00 00
  ....             01 00 00 00
004645-004655 T0Block "normal_t0"
004656-004671 DataBlock
  ................ 00 00 00 00 00 00 00 00 00 00 00 00 00 00 00 00
004672-004682 T0Block "normal_t0"
004683-004803 DataBlock
  ................ 00 00 00 00 00 00 00 00 00 00 00 00 00 00 00 00
  .....<.'........ 02 00 00 00 80 3c 82 27 00 00 00 00 00 00 00 00
  ....#........... 12 00 00 00 23 00 00 00 ff ff ff ff 00 00 01 00
  ................ 00 00 00 00 00 00 00 00 00 00 00 00 00 01 01 00
  ................ 00 00 00 00 00 00 00 00 00 00 00 00 00 00 00 00
  ......?......... 00 00 00 00 00 80 3f 00 00 00 00 00 00 00 00 00
  ............A... 00 00 00 00 00 00 00 00 00 00 00 88 41 00 00 00
  ....A....        00 00 00 88 41 00 00 00 00
004804-004827 ImageUseBlock id=229539744 xofs=0 yofs=0 xsize=18 ysize=35 brga=4294967295
004828-004953 DataBlock
  ................ 00 00 01 00 00 00 00 00 00 00 00 00 00 00 00 00
  ................ 00 01 01 00 00 00 00 00 00 00 00 00 00 00 00 00
  ..........?..... 00 00 00 00 00 00 00 00 00 80 3f 00 00 00 00 00
  ................ 00 00 00 00 00 00 00 00 00 00 00 00 00 00 00 88
  A.......A....".. 41 00 00 00 00 00 00 88 41 00 00 00 00 22 00 00
  ..............$. 00 1b 01 00 00 01 00 00 00 08 00 00 00 80 24 ef
  5............... 35 00 00 00 00 00 00 00 00 00 00 00 00 00 00 00
  .<............   00 3c 00 00 00 00 00 00 00 00 00 00 00 00
004954-004979 StringBlock "UI_GBL_TMP_Slider_Handle"
004980-005004 DataBlock
  ..........?..... 00 00 00 00 00 00 00 00 00 80 3f 00 00 00 00 00
  ......\m.        00 00 00 00 00 c0 5c 6d 0c
005005-005010 StringBlock "left"
005011-005016 DataBlock
  ......           00 00 01 00 00 00
005017-005039 StringBlock "SliderDecrementButton"
005040-005088 DataBlock
  ................ 00 00 00 00 de ff ff ff ff ff ff ff 00 00 00 00
  ................ 00 00 01 00 00 00 00 01 00 00 00 00 04 00 00 00
  ..........gm.... de ff ff ff ff ff ff ff 00 90 67 6d 0c 03 00 00
  .                00
005089-005162 ImageBlock id=208494768 xsize=21 ysize=21 path="ui\\skins\\default\\panel_slider_vertical_bottom_active.png" unknown=1835126784
005163-005163 DataBlock
  .                0c
005164-005222 ImagePathBlock "ui\\skins\\default\\panel_slider_vertical_bottom_pressed.png"
005223-005231 DataBlock
  .........        15 00 00 00 15 00 00 00 00
005232-005304 ImageBlock id=208495360 xsize=21 ysize=21 path="ui\\skins\\default\\panel_slider_vertical_bottom_hover.png" unknown=0
005305-005313 DataBlock
  .......v.        00 05 00 00 00 e0 11 76 0c
005314-005320 StringBlock "hover"
005321-005355 DataBlock
  ................ 15 00 00 00 15 00 00 00 00 00 00 00 02 00 00 00
  ................ 00 00 00 00 00 00 00 00 01 00 00 00 00 00 00 00
  ...              00 00 00
005356-005368 FontNameBlock "la_gioconda"
005369-005384 DataBlock
  ................ 0c 00 00 00 01 00 00 00 00 00 00 00 00 00 00 ff
005385-005397 StringBlock "ingame_text"
005398-005417 DataBlock
  ................ 00 00 00 00 00 00 00 00 00 00 00 00 00 00 00 00
  ....             01 00 00 00
005418-005428 T0Block "normal_t0"
005429-005444 DataBlock
  ................ 00 00 00 00 00 00 00 00 00 00 00 00 00 00 00 00
005445-005455 T0Block "normal_t0"
005456-005475 DataBlock
  ................ 00 00 00 00 00 00 00 00 00 00 00 00 00 00 00 00
  ....             02 00 00 00
005476-005499 ImageUseBlock id=208494768 xofs=0 yofs=0 xsize=21 ysize=21 brga=16777215
005500-005576 DataBlock
  ................ 00 00 00 00 00 00 00 00 00 00 00 00 00 00 00 00
  ................ 00 01 01 00 00 00 00 00 00 00 00 00 00 00 00 00
  ..........?..... 00 00 00 00 00 00 00 00 00 80 3f 00 00 00 00 00
  ................ 00 00 00 00 00 00 00 00 00 00 00 00 00 00 00 00
  .............    00 00 00 00 00 00 00 00 00 00 00 00 00
005577-005600 ImageUseBlock id=208495360 xofs=0 yofs=0 xsize=21 ysize=21 brga=4294967295
005601-005733 DataBlock
  ................ 00 00 00 00 00 00 00 00 00 00 00 00 00 00 00 00
  ................ 00 01 01 00 00 00 00 00 00 00 00 00 00 00 00 00
  ..........?..... 00 00 00 00 00 00 00 00 00 80 3f 00 00 00 00 00
  ................ 00 00 00 00 00 00 00 00 00 00 00 00 00 00 00 00
  ................ 00 00 00 00 00 00 00 00 00 00 00 00 00 8c 00 00
  .t............gm 00 74 00 00 00 02 00 00 00 01 00 00 00 90 67 6d
  .....@.......... 0c c8 00 00 00 40 00 00 00 00 00 00 00 02 00 00
  .Plm............ 00 50 6c 6d 0c 00 00 00 00 00 00 00 00 00 00 00
  ....G            00 00 01 06 47
005734-005743 StringBlock "inactive"
005744-005778 DataBlock
  ................ 15 00 00 00 15 00 00 00 00 00 00 00 02 00 00 00
  ................ 00 00 00 00 00 00 00 00 01 00 00 00 00 00 00 00
  ...              00 00 00
005779-005791 FontNameBlock "la_gioconda"
005792-005807 DataBlock
  ................ 0c 00 00 00 01 00 00 00 00 00 00 00 00 00 00 ff
005808-005820 StringBlock "ingame_text"
005821-005840 DataBlock
  ................ 00 00 00 00 00 00 00 00 00 00 00 00 00 00 00 00
  ....             00 00 00 00
005841-005858 T0Block "set_greyscale_t0"
005859-005874 DataBlock
  ...?...?........ 00 00 80 3f 00 00 80 3f 00 00 00 00 00 00 00 00
005875-005885 T0Block "normal_t0"
005886-005905 DataBlock
  ................ 00 00 00 00 00 00 00 00 00 00 00 00 00 00 00 00
  ....             02 00 00 00
005906-005929 ImageUseBlock id=208494768 xofs=0 yofs=0 xsize=21 ysize=21 brga=4294967295
005930-006006 DataBlock
  ................ 00 00 00 00 00 00 00 00 00 00 00 00 00 00 00 00
  ................ 00 01 01 00 00 00 00 00 00 00 00 00 00 00 00 00
  ..........?..... 00 00 00 00 00 00 00 00 00 80 3f 00 00 00 00 00
  ................ 00 00 00 00 00 00 00 00 00 00 00 00 00 00 00 00
  .............    00 00 00 00 00 00 00 00 00 00 00 00 00
006007-006030 ImageUseBlock id=208495360 xofs=0 yofs=0 xsize=21 ysize=21 brga=16777215
006031-006123 DataBlock
  ................ 00 00 00 00 00 00 00 00 00 00 00 00 00 00 00 00
  ................ 00 01 01 00 00 00 00 00 00 00 00 00 00 00 00 00
  ..........?..... 00 00 00 00 00 00 00 00 00 80 3f 00 00 00 00 00
  ................ 00 00 00 00 00 00 00 00 00 00 00 00 00 00 00 00
  ................ 00 00 00 00 00 00 00 00 00 00 00 00 00 1e 00 00
  .)........gm.    00 29 00 00 00 00 00 00 00 90 67 6d 0c
006124-006131 StringBlock "active"
006132-006166 DataBlock
  ................ 15 00 00 00 15 00 00 00 00 00 00 00 02 00 00 00
  ................ 00 00 00 00 00 00 00 00 01 00 00 00 00 00 00 00
  ...              00 00 00
006167-006179 FontNameBlock "la_gioconda"
006180-006195 DataBlock
  ................ 0c 00 00 00 01 00 00 00 00 00 00 00 00 00 00 ff
006196-006208 StringBlock "ingame_text"
006209-006228 DataBlock
  ................ 00 00 00 00 00 00 00 00 00 00 00 00 00 00 00 00
  ....             01 00 00 00
006229-006239 T0Block "normal_t0"
006240-006255 DataBlock
  ................ 00 00 00 00 00 00 00 00 00 00 00 00 00 00 00 00
006256-006266 T0Block "normal_t0"
006267-006286 DataBlock
  ................ 00 00 00 00 00 00 00 00 00 00 00 00 00 00 00 00
  ....             02 00 00 00
006287-006310 ImageUseBlock id=208494768 xofs=0 yofs=0 xsize=21 ysize=21 brga=4294967295
006311-006387 DataBlock
  ................ 00 00 00 00 00 00 00 00 00 00 00 00 00 00 00 00
  ................ 00 01 01 00 00 00 00 00 00 00 00 00 00 00 00 00
  ..........?..... 00 00 00 00 00 00 00 00 00 80 3f 00 00 00 00 00
  ................ 00 00 00 00 00 00 00 00 00 00 00 00 00 00 00 00
  .............    00 00 00 00 00 00 00 00 00 00 00 00 00
006388-006411 ImageUseBlock id=208495360 xofs=0 yofs=0 xsize=21 ysize=21 brga=16777215
006412-006524 DataBlock
  ................ 00 00 00 00 00 00 00 00 00 00 00 00 00 00 00 00
  ................ 00 01 01 00 00 00 00 00 00 00 00 00 00 00 00 00
  ..........?..... 00 00 00 00 00 00 00 00 00 80 3f 00 00 00 00 00
  ................ 00 00 00 00 00 00 00 00 00 00 00 00 00 00 00 00
  ................ 00 00 00 00 00 00 00 00 00 00 00 00 00 1e 00 00
  .).............v 00 29 00 00 00 01 00 00 00 00 00 00 00 e0 11 76
  .....@.......Plm 0c c8 00 00 00 40 00 00 00 00 00 00 00 50 6c 6d
  .                0c
006525-006530 StringBlock "down"
006531-006565 DataBlock
  ................ 15 00 00 00 15 00 00 00 00 00 00 00 02 00 00 00
  ................ 00 00 00 00 00 00 00 00 01 00 00 00 00 00 00 00
  ...              00 00 00
006566-006578 FontNameBlock "la_gioconda"
006579-006594 DataBlock
  ................ 0c 00 00 00 01 00 00 00 00 00 00 00 00 00 00 ff
006595-006607 StringBlock "ingame_text"
006608-006627 DataBlock
  ................ 00 00 00 00 00 00 00 00 00 00 00 00 00 00 00 00
  ....             01 00 00 00
006628-006638 T0Block "normal_t0"
006639-006654 DataBlock
  ................ 00 00 00 00 00 00 00 00 00 00 00 00 00 00 00 00
006655-006665 T0Block "normal_t0"
006666-006842 DataBlock
  ................ 00 00 00 00 00 00 00 00 00 00 00 00 00 00 00 00
  .....am......... 01 00 00 00 d0 61 6d 0c 00 00 00 00 00 00 00 00
  ................ 15 00 00 00 15 00 00 00 ff ff ff ff 00 00 00 00
  ................ 00 00 00 00 00 00 00 00 00 00 00 00 00 01 01 00
  ................ 00 00 00 00 00 00 00 00 00 00 00 00 00 00 00 00
  ......?......... 00 00 00 00 00 80 3f 00 00 00 00 00 00 00 00 00
  ................ 00 00 00 00 00 00 00 00 00 00 00 00 00 00 00 00
  ................ 00 00 00 00 00 00 00 00 00 b2 00 00 00 c8 00 00
  ...........v.... 00 02 00 00 00 03 00 00 00 e0 11 76 0c 00 00 00
  ..............pm 00 00 00 00 00 00 00 00 00 01 00 00 00 90 70 6d
  .....@........pm 0c 00 00 00 00 40 00 00 00 00 00 00 00 90 70 6d
  .                0c
006843-006852 StringBlock "down_off"
006853-006887 DataBlock
  ................ 15 00 00 00 15 00 00 00 00 00 00 00 02 00 00 00
  ................ 00 00 00 00 00 00 00 00 01 00 00 00 00 00 00 00
  ...              00 00 00
006888-006900 FontNameBlock "la_gioconda"
006901-006916 DataBlock
  ................ 0c 00 00 00 01 00 00 00 00 00 00 00 00 00 00 ff
006917-006929 StringBlock "ingame_text"
006930-006949 DataBlock
  ................ 00 00 00 00 00 00 00 00 00 00 00 00 00 00 00 00
  ....             01 00 00 00
006950-006960 T0Block "normal_t0"
006961-006976 DataBlock
  ................ 00 00 00 00 00 00 00 00 00 00 00 00 00 00 00 00
006977-006987 T0Block "normal_t0"
006988-007007 DataBlock
  ................ 00 00 00 00 00 00 00 00 00 00 00 00 00 00 00 00
  ....             01 00 00 00
007008-007031 ImageUseBlock id=208494768 xofs=0 yofs=0 xsize=21 ysize=21 brga=4294967295
007032-007164 DataBlock
  ................ 00 00 00 00 00 00 00 00 00 00 00 00 00 00 00 00
  ................ 00 01 01 00 00 00 00 00 00 00 00 00 00 00 00 00
  ..........?..... 00 00 00 00 00 00 00 00 00 80 3f 00 00 00 00 00
  ................ 00 00 00 00 00 00 00 00 00 00 00 00 00 00 00 00
  ............. .. 00 00 00 00 00 00 00 00 00 00 00 00 00 20 00 00
  .............Plm 00 07 01 00 00 02 00 00 00 00 00 00 00 50 6c 6d
  .....@.......... 0c 00 00 00 00 40 00 00 00 00 00 00 00 08 00 00
  ..gm............ 00 90 67 6d 0c 00 00 00 00 00 00 00 00 00 00 00
  .....            00 02 00 00 00
007165-007174 StringBlock "stepSize"
007175-007177 DataBlock
  ..1              01 00 31
007178-007198 StringBlock "update_frequency_ms"
007199-007216 DataBlock
  ..200<.......... 03 00 32 30 30 3c 00 00 00 00 00 00 00 00 00 00
  ..               00 00
007217-007242 StringBlock "UI_GBL_TMP_Slider_Arrows"
007243-007267 DataBlock
  ..........?..... 00 00 00 00 00 00 00 00 00 80 3f 00 00 00 00 00
  ..?...tm.        00 00 3f 00 00 c0 74 6d 0c
007268-007274 StringBlock "right"
007275-007280 DataBlock
  ......           00 00 01 00 00 00
007281-007303 StringBlock "SliderIncrementButton"
007304-007352 DataBlock
  ................ 00 00 00 00 95 01 00 00 ff ff ff ff 00 00 00 00
  ................ 00 00 01 00 00 00 00 01 00 00 00 00 06 00 00 00
  "........ .m.... 22 00 00 00 ff ff ff ff 00 20 80 6d 0c 03 00 00
  .                00
007353-007423 ImageBlock id=208501008 xsize=21 ysize=21 path="ui\\skins\\default\\panel_slider_vertical_top_active.png" unknown=1836740608
007424-007424 DataBlock
  .                0c
007425-007480 ImagePathBlock "ui\\skins\\default\\panel_slider_vertical_top_pressed.png"
007481-007489 DataBlock
  .........        15 00 00 00 15 00 00 00 00
007490-007559 ImageBlock id=208501680 xsize=21 ysize=21 path="ui\\skins\\default\\panel_slider_vertical_top_hover.png" unknown=0
007560-007568 DataBlock
  .......v.        00 05 00 00 00 d0 13 76 0c
007569-007575 StringBlock "hover"
007576-007610 DataBlock
  ................ 15 00 00 00 15 00 00 00 00 00 00 00 02 00 00 00
  ................ 00 00 00 00 00 00 00 00 01 00 00 00 00 00 00 00
  ...              00 00 00
007611-007623 FontNameBlock "la_gioconda"
007624-007639 DataBlock
  ................ 0c 00 00 00 01 00 00 00 00 00 00 00 00 00 00 ff
007640-007652 StringBlock "ingame_text"
007653-007672 DataBlock
  ................ 00 00 00 00 00 00 00 00 00 00 00 00 00 00 00 00
  ....             01 00 00 00
007673-007683 T0Block "normal_t0"
007684-007699 DataBlock
  ................ 00 00 00 00 00 00 00 00 00 00 00 00 00 00 00 00
007700-007710 T0Block "normal_t0"
007711-007730 DataBlock
  ................ 00 00 00 00 00 00 00 00 00 00 00 00 00 00 00 00
  ....             02 00 00 00
007731-007754 ImageUseBlock id=208501008 xofs=0 yofs=0 xsize=21 ysize=21 brga=16777215
007755-007797 DataBlock
  ................ 00 00 00 00 00 00 00 00 00 00 00 00 00 00 00 00
  ................ 00 01 01 00 00 00 00 00 00 00 00 00 00 00 00 00
  ..........?      00 00 00 00 00 00 00 00 00 80 3f
007798-007810 T0Block "brighten_t0"
007811-007842 DataBlock
  ................ 00 00 00 00 00 00 00 00 00 00 00 00 00 00 00 00
  ................ 00 00 00 00 00 00 00 00 00 00 00 00 00 00 00 00
007843-007866 ImageUseBlock id=208501680 xofs=0 yofs=0 xsize=21 ysize=21 brga=4294967295
007867-007999 DataBlock
  ................ 00 00 00 00 00 00 00 00 00 00 00 00 00 00 00 00
  ................ 00 01 01 00 00 00 00 00 00 00 00 00 00 00 00 00
  ..........?..... 00 00 00 00 00 00 00 00 00 80 3f 00 00 00 00 00
  ................ 00 00 00 00 00 00 00 00 00 00 00 00 00 00 00 00
  ................ 00 00 00 00 00 00 00 00 00 00 00 00 00 8c 00 00
  .t........... .m 00 74 00 00 00 02 00 00 00 01 00 00 00 20 80 6d
  .....@.......... 0c c8 00 00 00 40 00 00 00 00 00 00 00 02 00 00
  ...m............ 00 e0 84 6d 0c 00 00 00 00 00 00 00 00 00 00 00
  ..G.G            00 80 47 1d 47
008000-008009 StringBlock "inactive"
008010-008044 DataBlock
  ................ 15 00 00 00 15 00 00 00 00 00 00 00 02 00 00 00
  ................ 00 00 00 00 00 00 00 00 01 00 00 00 00 00 00 00
  ...              00 00 00
008045-008057 FontNameBlock "la_gioconda"
008058-008073 DataBlock
  ................ 0c 00 00 00 01 00 00 00 00 00 00 00 00 00 00 ff
008074-008086 StringBlock "ingame_text"
008087-008106 DataBlock
  ................ 00 00 00 00 00 00 00 00 00 00 00 00 00 00 00 00
  ....             00 00 00 00
008107-008124 T0Block "set_greyscale_t0"
008125-008140 DataBlock
  ...?...?........ 00 00 80 3f 00 00 80 3f 00 00 00 00 00 00 00 00
008141-008151 T0Block "normal_t0"
008152-008171 DataBlock
  ................ 00 00 00 00 00 00 00 00 00 00 00 00 00 00 00 00
  ....             02 00 00 00
008172-008195 ImageUseBlock id=208501008 xofs=0 yofs=0 xsize=21 ysize=21 brga=4294967295
008196-008238 DataBlock
  ................ 00 00 00 00 00 00 00 00 00 00 00 00 00 00 00 00
  ................ 00 01 01 00 00 00 00 00 00 00 00 00 00 00 00 00
  ..........?      00 00 00 00 00 00 00 00 00 80 3f
008239-008251 T0Block "brighten_t0"
008252-008283 DataBlock
  ................ 00 00 00 00 00 00 00 00 00 00 00 00 00 00 00 00
  ................ 00 00 00 00 00 00 00 00 00 00 00 00 00 00 00 00
008284-008307 ImageUseBlock id=208501680 xofs=0 yofs=0 xsize=21 ysize=21 brga=16777215
008308-008400 DataBlock
  ................ 00 00 00 00 00 00 00 00 00 00 00 00 00 00 00 00
  ................ 00 01 01 00 00 00 00 00 00 00 00 00 00 00 00 00
  ..........?..... 00 00 00 00 00 00 00 00 00 80 3f 00 00 00 00 00
  ................ 00 00 00 00 00 00 00 00 00 00 00 00 00 00 00 00
  ................ 00 00 00 00 00 00 00 00 00 00 00 00 00 1e 00 00
  .)....... .m.    00 29 00 00 00 00 00 00 00 20 80 6d 0c
008401-008408 StringBlock "active"
008409-008443 DataBlock
  ................ 15 00 00 00 15 00 00 00 00 00 00 00 02 00 00 00
  ................ 00 00 00 00 00 00 00 00 01 00 00 00 00 00 00 00
  ...              00 00 00
008444-008456 FontNameBlock "la_gioconda"
008457-008472 DataBlock
  ................ 0c 00 00 00 01 00 00 00 00 00 00 00 00 00 00 ff
008473-008485 StringBlock "ingame_text"
008486-008505 DataBlock
  ................ 00 00 00 00 00 00 00 00 00 00 00 00 00 00 00 00
  ....             01 00 00 00
008506-008516 T0Block "normal_t0"
008517-008532 DataBlock
  ................ 00 00 00 00 00 00 00 00 00 00 00 00 00 00 00 00
008533-008543 T0Block "normal_t0"
008544-008563 DataBlock
  ................ 00 00 00 00 00 00 00 00 00 00 00 00 00 00 00 00
  ....             02 00 00 00
008564-008587 ImageUseBlock id=208501008 xofs=0 yofs=0 xsize=21 ysize=21 brga=4294967295
008588-008630 DataBlock
  ................ 00 00 00 00 00 00 00 00 00 00 00 00 00 00 00 00
  ................ 00 01 01 00 00 00 00 00 00 00 00 00 00 00 00 00
  ..........?      00 00 00 00 00 00 00 00 00 80 3f
008631-008643 T0Block "brighten_t0"
008644-008675 DataBlock
  ................ 00 00 00 00 00 00 00 00 00 00 00 00 00 00 00 00
  ................ 00 00 00 00 00 00 00 00 00 00 00 00 00 00 00 00
008676-008699 ImageUseBlock id=208501680 xofs=0 yofs=0 xsize=21 ysize=21 brga=16777215
008700-008812 DataBlock
  ................ 00 00 00 00 00 00 00 00 00 00 00 00 00 00 00 00
  ................ 00 01 01 00 00 00 00 00 00 00 00 00 00 00 00 00
  ..........?..... 00 00 00 00 00 00 00 00 00 80 3f 00 00 00 00 00
  ................ 00 00 00 00 00 00 00 00 00 00 00 00 00 00 00 00
  ................ 00 00 00 00 00 00 00 00 00 00 00 00 00 1e 00 00
  .).............v 00 29 00 00 00 01 00 00 00 00 00 00 00 d0 13 76
  .....@.........m 0c c8 00 00 00 40 00 00 00 00 00 00 00 e0 84 6d
  .                0c
008813-008818 StringBlock "down"
008819-008853 DataBlock
  ................ 15 00 00 00 15 00 00 00 00 00 00 00 02 00 00 00
  ................ 00 00 00 00 00 00 00 00 01 00 00 00 00 00 00 00
  ...              00 00 00
008854-008866 FontNameBlock "la_gioconda"
008867-008882 DataBlock
  ................ 0c 00 00 00 01 00 00 00 00 00 00 00 00 00 00 ff
008883-008895 StringBlock "ingame_text"
008896-008915 DataBlock
  ................ 00 00 00 00 00 00 00 00 00 00 00 00 00 00 00 00
  ....             01 00 00 00
008916-008926 T0Block "normal_t0"
008927-008942 DataBlock
  ................ 00 00 00 00 00 00 00 00 00 00 00 00 00 00 00 00
008943-008953 T0Block "normal_t0"
008954-009040 DataBlock
  ................ 00 00 00 00 00 00 00 00 00 00 00 00 00 00 00 00
  ....pzm......... 01 00 00 00 70 7a 6d 0c 00 00 00 00 00 00 00 00
  ................ 15 00 00 00 15 00 00 00 ff ff ff ff 00 00 00 00
  ................ 00 00 00 00 00 00 00 00 00 00 00 00 00 01 01 00
  ................ 00 00 00 00 00 00 00 00 00 00 00 00 00 00 00 00
  ......?          00 00 00 00 00 80 3f
009041-009053 T0Block "brighten_t0"
009054-009141 DataBlock
  ................ 00 00 00 00 00 00 00 00 00 00 00 00 00 00 00 00
  ................ 00 00 00 00 00 00 00 00 00 00 00 00 00 00 00 00
  ................ b2 00 00 00 c8 00 00 00 02 00 00 00 03 00 00 00
  ..v............. d0 13 76 0c 00 00 00 00 00 00 00 00 00 00 00 00
  .... .m.....@... 01 00 00 00 20 89 6d 0c 00 00 00 00 40 00 00 00
  .... .m.         00 00 00 00 20 89 6d 0c
009142-009151 StringBlock "down_off"
009152-009186 DataBlock
  ................ 15 00 00 00 15 00 00 00 00 00 00 00 02 00 00 00
  ................ 00 00 00 00 00 00 00 00 01 00 00 00 00 00 00 00
  ...              00 00 00
009187-009199 FontNameBlock "la_gioconda"
009200-009215 DataBlock
  ................ 0c 00 00 00 01 00 00 00 00 00 00 00 00 00 00 ff
009216-009228 StringBlock "ingame_text"
009229-009248 DataBlock
  ................ 00 00 00 00 00 00 00 00 00 00 00 00 00 00 00 00
  ....             01 00 00 00
009249-009259 T0Block "normal_t0"
009260-009275 DataBlock
  ................ 00 00 00 00 00 00 00 00 00 00 00 00 00 00 00 00
009276-009286 T0Block "normal_t0"
009287-009306 DataBlock
  ................ 00 00 00 00 00 00 00 00 00 00 00 00 00 00 00 00
  ....             01 00 00 00
009307-009330 ImageUseBlock id=208501008 xofs=0 yofs=0 xsize=21 ysize=21 brga=4294967295
009331-009463 DataBlock
  ................ 00 00 00 00 00 00 00 00 00 00 00 00 00 00 00 00
  ................ 00 01 01 00 00 00 00 00 00 00 00 00 00 00 00 00
  ..........?..... 00 00 00 00 00 00 00 00 00 80 3f 00 00 00 00 00
  ................ 00 00 00 00 00 00 00 00 00 00 00 00 00 00 00 00
  ............. .. 00 00 00 00 00 00 00 00 00 00 00 00 00 20 00 00
  ...............m 00 07 01 00 00 02 00 00 00 00 00 00 00 e0 84 6d
  .....@.......... 0c 00 00 00 00 40 00 00 00 00 00 00 00 08 00 00
  . .m............ 00 20 80 6d 0c 00 00 00 00 00 00 00 00 00 00 00
  .....            00 02 00 00 00
009464-009473 StringBlock "stepSize"
009474-009476 DataBlock
  ..1              01 00 31
009477-009497 StringBlock "update_frequency_ms"
009498-009515 DataBlock
  ..200<.......... 03 00 32 30 30 3c 00 00 00 00 00 00 00 00 00 00
  ..               00 00
009516-009541 StringBlock "UI_GBL_TMP_Slider_Arrows"
009542-009604 DataBlock
  ..........?...?. 00 00 00 00 00 00 00 00 00 80 3f 00 00 80 3f 00
  ..?............. 00 00 3f 00 00 00 00 00 00 00 00 00 00 00 00 80
  ?...?........... 3f 00 00 80 3f 00 00 00 00 00 00 00 00 00 00 00
  ......?........  00 00 00 00 00 80 3f 00 00 00 00 00 00 00 00
