000000-000009 VersionBlock 119
000010-000013 RootIDBlock 199613376
000014-000019 StringBlock "root"
000020-000097 DataBlock
  ................ 00 00 00 00 00 00 00 00 00 00 00 00 00 00 01 01
  ................ 00 00 00 00 01 00 00 00 00 01 00 00 00 00 00 00
  ........... .... 00 00 00 00 00 00 00 00 00 00 00 20 df e5 0b 01
  ...0............ 00 00 00 30 94 c5 0e 00 00 00 05 00 00 c0 03 00
  .......... ...   00 00 00 00 00 00 01 00 00 00 20 df e5 0b
000098-000107 StringBlock "NewState"
000108-000142 DataBlock
  ................ 00 05 00 00 00 04 00 00 00 00 00 00 02 00 00 00
  ................ 00 00 00 00 00 00 00 00 01 00 00 00 00 00 00 00
  ...              00 00 00
000143-000154 FontNameBlock "Norse-Bold"
000155-000170 DataBlock
  ................ 0a 00 00 00 02 00 00 00 00 00 00 00 dd da fa ff
000171-000193 StringBlock "Default Font Category"
000194-000213 DataBlock
  ................ 00 00 00 00 00 00 00 00 00 00 00 00 00 00 00 00
  ....             01 00 00 00
000214-000224 T0Block "normal_t0"
000225-000240 DataBlock
  ................ 00 00 00 00 00 00 00 00 00 00 00 00 00 00 00 00
000241-000251 T0Block "normal_t0"
000252-000406 DataBlock
  ................ 00 00 00 00 00 00 00 00 00 00 00 00 00 00 00 00
  ....0........... 01 00 00 00 30 94 c5 0e 00 00 00 00 00 00 00 00
  ................ 00 05 00 00 c0 03 00 00 c0 c0 c0 ff 00 00 00 00
  ................ 00 00 00 00 00 00 00 00 00 00 00 00 00 01 01 00
  ................ 00 00 00 00 00 00 00 00 00 00 00 00 00 00 00 00
  ......?......... 00 00 00 00 00 80 3f 00 00 00 00 00 00 00 00 00
  ................ 00 00 00 00 00 00 00 00 00 00 00 00 00 00 00 00
  ................ 00 00 00 00 00 00 00 00 00 00 00 00 00 00 00 00
  ................ 00 00 00 00 00 00 00 00 00 00 00 00 00 00 00 00
  ....... ...      00 01 00 00 00 00 00 20 e1 e5 0b
000407-000431 StringBlock "campaign_wealth_tooltip"
000432-000437 DataBlock
  ......           00 00 01 00 00 00
000438-000460 StringBlock "CampaignWealthTooltip"
000461-000505 DataBlock
  ........f....... 00 00 00 00 82 01 00 00 66 00 00 00 01 01 00 00
  ................ 00 00 01 01 00 00 00 01 00 00 00 00 00 00 00 00
  .............    00 00 00 00 00 00 00 00 00 00 00 00 00
000506-000561 ImageListBlock 1 elements:
  000510-000561 ImageBlock id=247829968 xsize=256 ysize=256 path="ui\\skins\\default\\tooltip_frame.png" unknown=0
000562-000615 DataBlock
  ...........NewSt 00 01 00 00 00 90 96 c5 0e 08 00 4e 65 77 53 74
  ateL............ 61 74 65 4c 01 00 00 9e 00 00 00 00 00 00 00 02
  ................ 00 00 00 00 00 00 00 00 00 00 00 01 00 00 00 00
  ......           00 00 00 00 00 00
000616-000628 FontNameBlock "la_gioconda"
000629-000644 DataBlock
  ................ 0c 00 00 00 01 00 00 00 00 00 00 00 d7 f8 ff ff
000645-000661 StringBlock "fe_tooltip_text"
000662-000681 DataBlock
  ................ 08 00 00 00 00 00 00 00 06 00 00 00 00 00 00 00
  ....             00 00 00 00
000682-000692 T0Block "normal_t0"
000693-000708 DataBlock
  ................ 00 00 00 00 00 00 00 00 00 00 00 00 00 00 00 00
000709-000719 T0Block "normal_t0"
000720-000874 DataBlock
  ................ 00 00 00 00 00 00 00 00 00 00 00 00 00 00 00 00
  ................ 01 00 00 00 d0 95 c5 0e 00 00 00 00 00 00 00 00
  L............... 4c 01 00 00 9e 00 00 00 ff ff ff ff 00 00 01 00
  ................ 00 00 00 00 00 00 00 00 00 00 00 00 00 01 01 00
  ................ 00 00 00 00 00 00 00 00 00 00 00 00 00 00 00 00
  ......?......... 00 00 00 00 00 80 3f 00 00 00 00 00 00 00 00 00
  ............A... 00 00 00 00 00 00 00 00 00 00 00 80 41 00 00 a0
  A...A...A....... 41 00 00 80 41 00 00 a0 41 00 00 00 00 00 00 00
  ................ 00 00 00 00 00 00 00 00 00 ff 00 00 00 00 00 00
  ...........      00 08 00 00 00 00 00 a0 c7 b5 0f
000875-000881 StringBlock "title"
000882-000944 DataBlock
  ................ 00 00 00 00 00 00 00 00 00 00 00 00 00 00 00 00
  ................ 00 00 00 00 01 00 00 00 00 01 00 00 00 00 00 00
  ................ 00 00 00 00 00 00 00 00 00 00 00 00 cb b5 0f 00
  ...............  00 00 00 00 00 00 00 01 00 00 00 00 cb b5 0f
000945-000954 StringBlock "NewState"
000955-000962 DataBlock
  L.......         4c 01 00 00 1e 00 00 00
000963-000994 UnicodeBlock "Wealth & Income"
000995-001013 DataBlock
  ................ 00 00 04 00 00 00 00 00 00 00 00 00 00 00 02 00
  ...              00 00 01
001014-001087 UnicodeBlock "tx_public_order_NewState_Text_610042"
001088-001091 DataBlock
  ....             00 00 00 00
001092-001114 FontNameBlock "la_gioconda_uppercase"
001115-001130 DataBlock
  ................ 10 00 00 00 01 00 00 00 00 00 00 00 d7 f8 ff ff
001131-001152 StringBlock "fe_paragraph_heading"
001153-001172 DataBlock
  ................ 00 00 00 00 00 00 00 00 08 00 00 00 00 00 00 00
  ....             01 00 00 00
001173-001183 T0Block "normal_t0"
001184-001199 DataBlock
  ................ 00 00 00 00 00 00 00 00 00 00 00 00 00 00 00 00
001200-001210 T0Block "normal_t0"
001211-001286 DataBlock
  .......@...?.... 00 00 00 00 00 00 00 40 00 00 80 3f 00 00 00 00
  ................ 00 00 00 00 00 00 00 00 00 00 00 00 00 00 00 00
  ................ 00 00 00 00 ff 00 00 00 00 00 00 00 00 00 00 00
  .............?.. 00 00 00 00 00 00 00 00 00 00 00 00 80 3f 00 00
  ........0k..     00 00 00 00 00 00 00 00 30 6b c5 0e
001287-001296 StringBlock "tx_local"
001297-001359 DataBlock
  ................ 00 00 00 00 00 00 00 00 00 00 1e 00 00 00 01 00
  ................ 00 00 00 00 01 00 00 00 00 01 00 00 00 00 00 00
  .............F.. 00 00 00 00 00 00 00 00 00 00 00 00 fc 46 10 00
  .............F.  00 00 00 00 00 00 00 01 00 00 00 00 fc 46 10
001360-001369 StringBlock "NewState"
001370-001377 DataBlock
  ........         f0 00 00 00 18 00 00 00
001378-001409 UnicodeBlock "Province wealth"
001410-001428 DataBlock
  ................ 00 00 02 00 00 00 04 00 00 00 00 00 00 00 01 00
  ...              00 00 01
001429-001494 UnicodeBlock "button_txt_NewState_Text_e0043jf"
001495-001498 DataBlock
  ....             00 00 00 00
001499-001511 FontNameBlock "la_gioconda"
001512-001527 DataBlock
  ................ 0c 00 00 00 01 00 00 00 00 00 00 00 d7 f8 ff ff
001528-001536 StringBlock "fe_text"
001537-001556 DataBlock
  ................ 0c 00 00 00 00 00 00 00 00 00 00 00 00 00 00 00
  ....             01 00 00 00
001557-001567 T0Block "normal_t0"
001568-001583 DataBlock
  ................ 00 00 00 00 00 00 00 00 00 00 00 00 00 00 00 00
001584-001594 T0Block "normal_t0"
001595-001648 DataBlock
  ................ 00 00 00 00 00 00 00 00 00 00 00 00 00 00 00 00
  ................ 00 00 00 00 00 00 00 00 00 00 00 00 00 00 00 00
  ................ 00 00 00 00 ff 00 00 00 00 00 00 00 01 00 00 00
  ...n..           00 00 90 6e c5 0e
001649-001658 StringBlock "dy_value"
001659-001721 DataBlock
  ................ 00 00 00 00 00 00 11 01 00 00 00 00 00 00 01 00
  ................ 00 00 00 00 01 00 00 00 00 01 00 00 00 00 00 00
  .............^.. 00 00 00 00 00 00 00 00 00 00 00 e0 d0 5e 1f 00
  .............^.  00 00 00 00 00 00 00 01 00 00 00 e0 d0 5e 1f
001722-001731 StringBlock "NewState"
001732-001739 DataBlock
  2.......         32 00 00 00 18 00 00 00
001740-001751 UnicodeBlock "50000"
001752-001770 DataBlock
  ................ 00 00 02 00 00 00 04 00 00 00 00 00 00 00 01 00
  ...              00 00 00
001771-001822 UnicodeBlock "dy_value_NewState_Text_35"
001823-001826 DataBlock
  ....             00 00 00 00
001827-001839 FontNameBlock "la_gioconda"
001840-001855 DataBlock
  ................ 0c 00 00 00 01 00 00 00 00 00 00 00 d7 f8 ff ff
001856-001864 StringBlock "fe_text"
001865-001884 DataBlock
  ................ 00 00 00 00 00 00 00 00 00 00 00 00 00 00 00 00
  ....             01 00 00 00
001885-001895 T0Block "normal_t0"
001896-001911 DataBlock
  ................ 00 00 00 00 00 00 00 00 00 00 00 00 00 00 00 00
001912-001922 T0Block "normal_t0"
001923-001976 DataBlock
  ................ 00 00 00 00 00 00 00 00 00 00 00 00 00 00 00 00
  ................ 00 00 00 00 00 00 00 00 00 00 00 00 00 00 00 00
  ................ 00 00 00 00 ff 00 00 00 00 00 00 00 01 00 00 00
  ...q..           00 00 f0 71 c5 0e
001977-001987 StringBlock "icon_coin"
001988-002034 DataBlock
  ................ 00 00 00 00 00 00 ea ff ff ff 02 00 00 00 00 00
  ................ 00 00 00 00 01 00 00 00 00 01 00 00 00 00 0d 00
  ............$..  00 00 fe ff ff ff 00 00 00 00 00 00 24 e7 0b
002035-002088 ImageListBlock 1 elements:
  002039-002088 ImageBlock id=278635040 xsize=26 ysize=26 path="ui\\skins\\default\\icon_income.png" unknown=0
002089-002142 DataBlock
  ......$....NewSt 00 01 00 00 00 00 24 e7 0b 08 00 4e 65 77 53 74
  ate............. 61 74 65 14 00 00 00 14 00 00 00 00 00 00 00 02
  ................ 00 00 00 00 00 00 00 00 00 00 00 01 00 00 00 00
  ......           00 00 00 00 00 00
002143-002158 StringBlock "georgia_italic"
002159-002174 DataBlock
  ................ 0c 00 00 00 01 00 00 00 00 00 00 00 b0 d7 df ff
002175-002185 StringBlock "fe_italic"
002186-002205 DataBlock
  ................ 00 00 00 00 00 00 00 00 00 00 00 00 00 00 00 00
  ....             01 00 00 00
002206-002216 T0Block "normal_t0"
002217-002232 DataBlock
  ................ 00 00 00 00 00 00 00 00 00 00 00 00 00 00 00 00
002233-002243 T0Block "normal_t0"
002244-002464 DataBlock
  ................ 00 00 00 00 00 00 00 00 00 00 00 00 00 00 00 00
  .... ........... 01 00 00 00 20 a2 9b 10 00 00 00 00 00 00 00 00
  ................ 14 00 00 00 14 00 00 00 ff ff ff ff 00 00 00 00
  ................ 00 00 00 00 00 00 00 00 00 00 00 00 00 01 01 00
  ................ 00 00 00 00 00 00 00 00 00 00 00 00 00 00 00 00
  ......?......... 00 00 00 00 00 80 3f 00 00 00 00 00 00 00 00 00
  ................ 00 00 00 00 00 00 00 00 00 00 00 00 00 00 00 00
  ................ 00 00 00 00 00 00 00 00 00 00 00 00 00 00 00 00
  ................ 00 00 00 00 00 00 00 00 00 ff 00 00 00 00 00 00
  ................ 00 00 00 00 00 00 00 00 00 00 00 00 00 00 00 00
  ..?...?...?..... 00 80 3f 00 00 80 3f 00 00 00 3f 00 00 00 00 00
  ........?....... 00 00 01 00 00 00 00 80 3f 00 00 00 00 00 00 00
  ..............?. 00 00 00 00 00 00 00 00 01 00 00 00 00 80 3f 00
  .........@f.>    00 00 00 00 00 00 00 00 00 40 66 d0 3e
002465-002488 StringBlock "settlement_list_parent"
002489-002551 DataBlock
  ..........6..... 00 00 00 00 00 00 00 00 00 00 36 00 00 00 00 01
  ................ 00 00 00 00 01 00 00 00 00 01 00 00 00 00 00 00
  ..............:. 00 00 00 00 00 00 00 00 00 00 00 80 d5 a9 3a 00
  ..............:  00 00 00 00 00 00 00 01 00 00 00 80 d5 a9 3a
002552-002561 StringBlock "NewState"
002562-002596 DataBlock
  L............... 4c 01 00 00 18 00 00 00 00 00 00 00 02 00 00 00
  ................ 00 00 00 00 00 00 00 00 02 00 00 00 00 00 00 00
  ...              00 00 00
002597-002608 FontNameBlock "Norse-Bold"
002609-002624 DataBlock
  ................ 0a 00 00 00 02 00 00 00 00 00 00 00 dd da fa ff
002625-002647 StringBlock "Default Font Category"
002648-002667 DataBlock
  ................ 00 00 00 00 00 00 00 00 00 00 00 00 00 00 00 00
  ....             00 00 00 00
002668-002678 T0Block "normal_t0"
002679-002694 DataBlock
  ................ 00 00 00 00 00 00 00 00 00 00 00 00 00 00 00 00
002695-002705 T0Block "normal_t0"
002706-002759 DataBlock
  ................ 00 00 00 00 00 00 00 00 00 00 00 00 00 00 00 00
  ................ 00 00 00 00 00 00 00 00 00 00 00 00 00 00 00 00
  ................ 00 00 00 00 ff 00 00 00 00 00 00 00 01 00 00 00
  .....:           00 00 80 cc c8 3a
002760-002786 StringBlock "template_settlement_entry"
002787-002849 DataBlock
  ................ 00 00 00 00 00 00 00 00 00 00 00 00 00 00 01 00
  ................ 00 00 00 00 01 00 00 00 00 01 00 00 00 00 00 00
  ..............>. 00 00 00 00 00 00 00 00 00 00 00 c0 e5 cc 3e 00
  ..............>  00 00 00 00 00 00 00 01 00 00 00 c0 e5 cc 3e
002850-002859 StringBlock "NewState"
002860-002867 DataBlock
  ........         d4 00 00 00 18 00 00 00
002868-002899 UnicodeBlock "Settlement name"
002900-002918 DataBlock
  ................ 00 00 02 00 00 00 04 00 00 00 00 00 00 00 01 00
  ...              00 00 01
002919-003012 UnicodeBlock "template_settlement_entry_NewState_Text_66006c"
003013-003016 DataBlock
  ....             00 00 00 00
003017-003029 FontNameBlock "la_gioconda"
003030-003045 DataBlock
  ................ 0a 00 00 00 01 00 00 00 00 00 00 00 d7 f8 ff ff
003046-003060 StringBlock "fe_text_small"
003061-003080 DataBlock
  ................ 16 00 00 00 00 00 00 00 00 00 00 00 00 00 00 00
  ....             01 00 00 00
003081-003091 T0Block "normal_t0"
003092-003107 DataBlock
  ................ 00 00 00 00 00 00 00 00 00 00 00 00 00 00 00 00
003108-003118 T0Block "normal_t0"
003119-003172 DataBlock
  ................ 00 00 00 00 00 00 00 00 00 00 00 00 00 00 00 00
  ................ 00 00 00 00 00 00 00 00 00 00 00 00 00 00 00 00
  ................ 00 00 00 00 ff 00 00 00 00 00 00 00 01 00 00 00
  .....>           00 00 00 e8 cc 3e
003173-003182 StringBlock "dy_value"
003183-003245 DataBlock
  ................ 00 00 00 00 00 00 f5 00 00 00 00 00 00 00 01 00
  ................ 00 00 00 00 01 00 00 00 00 01 00 00 00 00 00 00
  ...........@..>. 00 00 00 00 00 00 00 00 00 00 00 40 eb cc 3e 00
  ...........@..>  00 00 00 00 00 00 00 01 00 00 00 40 eb cc 3e
003246-003255 StringBlock "NewState"
003256-003263 DataBlock
  1.......         31 00 00 00 18 00 00 00
003264-003275 UnicodeBlock "50000"
003276-003294 DataBlock
  ................ 00 00 02 00 00 00 04 00 00 00 00 00 00 00 01 00
  ...              00 00 00
003295-003346 UnicodeBlock "dy_value_NewState_Text_35"
003347-003350 DataBlock
  ....             00 00 00 00
003351-003363 FontNameBlock "la_gioconda"
003364-003379 DataBlock
  ................ 0a 00 00 00 01 00 00 00 00 00 00 00 d7 f8 ff ff
003380-003394 StringBlock "fe_text_small"
003395-003414 DataBlock
  ................ 00 00 00 00 00 00 00 00 00 00 00 00 00 00 00 00
  ....             01 00 00 00
003415-003425 T0Block "normal_t0"
003426-003441 DataBlock
  ................ 00 00 00 00 00 00 00 00 00 00 00 00 00 00 00 00
003442-003452 T0Block "normal_t0"
003453-003506 DataBlock
  ................ 00 00 00 00 00 00 00 00 00 00 00 00 00 00 00 00
  ................ 00 00 00 00 00 00 00 00 00 00 00 00 00 00 00 00
  ................ 00 00 00 00 ff 00 00 00 00 00 00 00 01 00 00 00
  .....>           00 00 80 ed cc 3e
003507-003517 StringBlock "icon_coin"
003518-003564 DataBlock
  ................ 00 00 00 00 00 00 ea ff ff ff 02 00 00 00 00 00
  ................ 00 00 00 00 01 00 00 00 00 01 00 00 00 00 0d 00
  ..............>  00 00 fe ff ff ff 00 00 00 00 00 00 f1 cc 3e
003565-003618 ImageListBlock 1 elements:
  003569-003618 ImageBlock id=986238976 xsize=26 ysize=26 path="ui\\skins\\default\\icon_income.png" unknown=0
003619-003672 DataBlock
  ........>..NewSt 00 01 00 00 00 00 f1 cc 3e 08 00 4e 65 77 53 74
  ate............. 61 74 65 14 00 00 00 14 00 00 00 00 00 00 00 02
  ................ 00 00 00 00 00 00 00 00 00 00 00 01 00 00 00 00
  ......           00 00 00 00 00 00
003673-003688 StringBlock "georgia_italic"
003689-003704 DataBlock
  ................ 0c 00 00 00 01 00 00 00 00 00 00 00 b0 d7 df ff
003705-003715 StringBlock "fe_italic"
003716-003735 DataBlock
  ................ 00 00 00 00 00 00 00 00 00 00 00 00 00 00 00 00
  ....             01 00 00 00
003736-003746 T0Block "normal_t0"
003747-003762 DataBlock
  ................ 00 00 00 00 00 00 00 00 00 00 00 00 00 00 00 00
003763-003773 T0Block "normal_t0"
003774-003989 DataBlock
  ................ 00 00 00 00 00 00 00 00 00 00 00 00 00 00 00 00
  .......:........ 01 00 00 00 00 d0 c8 3a 00 00 00 00 00 00 00 00
  ................ 14 00 00 00 14 00 00 00 ff ff ff ff 00 00 00 00
  ................ 00 00 00 00 00 00 00 00 00 00 00 00 00 01 01 00
  ................ 00 00 00 00 00 00 00 00 00 00 00 00 00 00 00 00
  ......?......... 00 00 00 00 00 80 3f 00 00 00 00 00 00 00 00 00
  ................ 00 00 00 00 00 00 00 00 00 00 00 00 00 00 00 00
  ................ 00 00 00 00 00 00 00 00 00 00 00 00 00 00 00 00
  ................ 00 00 00 00 00 00 00 00 00 ff 00 00 00 00 00 00
  ................ 00 00 00 00 00 00 00 00 00 00 00 00 00 00 00 00
  ..?...?...?..... 00 80 3f 00 00 80 3f 00 00 00 3f 00 00 00 00 00
  ........?....... 00 00 01 00 00 00 00 80 3f 00 00 00 00 00 00 00
  ..............?. 00 00 00 00 00 00 00 00 01 00 00 00 00 80 3f 00
  ........         00 00 00 00 00 00 00 01
003990-003995 StringBlock "List"
003996-004080 DataBlock
  .......C........ 01 00 00 00 00 00 a6 43 00 00 00 00 00 00 00 00
  ................ 00 01 00 00 00 01 00 00 00 00 00 00 00 00 00 00
  ................ 00 00 00 00 00 00 00 00 00 00 00 00 00 00 00 00
  ................ 00 00 00 00 00 00 00 00 00 00 00 00 00 00 00 00
  ......?......... 00 00 00 00 00 80 3f 00 00 00 00 00 00 00 00 00
  ..x..            00 80 78 c5 0e
004081-004093 StringBlock "tx_tax_rate"
004094-004156 DataBlock
  ..........N..... 00 00 00 00 00 00 00 00 00 00 4e 00 00 00 01 00
  ................ 00 00 00 00 01 00 00 00 00 01 00 00 00 00 00 00
  ...........P.... 00 00 00 00 00 00 00 00 00 00 00 50 d9 e5 0b 00
  ...........P...  00 00 00 00 00 00 00 01 00 00 00 50 d9 e5 0b
004157-004166 StringBlock "NewState"
004167-004174 DataBlock
  ........         f0 00 00 00 18 00 00 00
004175-004200 UnicodeBlock "{{tr:taxes}}"
004201-004219 DataBlock
  ................ 00 00 02 00 00 00 04 00 00 00 00 00 00 00 02 00
  ...              00 00 01
004220-004283 UnicodeBlock "tx_tax_rate_NewState_Text_b004c"
004284-004287 DataBlock
  ....             00 00 00 00
004288-004300 FontNameBlock "la_gioconda"
004301-004316 DataBlock
  ................ 0c 00 00 00 01 00 00 00 00 00 00 00 d7 f8 ff ff
004317-004325 StringBlock "fe_text"
004326-004345 DataBlock
  ................ 0c 00 00 00 00 00 00 00 00 00 00 00 00 00 00 00
  ....             01 00 00 00
004346-004356 T0Block "normal_t0"
004357-004372 DataBlock
  ................ 00 00 00 00 00 00 00 00 00 00 00 00 00 00 00 00
004373-004383 T0Block "normal_t0"
004384-004437 DataBlock
  ................ 00 00 00 00 00 00 00 00 00 00 00 00 00 00 00 00
  ................ 00 00 00 00 00 00 00 00 00 00 00 00 00 00 00 00
  ................ 00 00 00 00 ff 00 00 00 00 00 00 00 02 00 00 00
  ...{..           00 00 e0 7b c5 0e
004438-004447 StringBlock "dy_value"
004448-004510 DataBlock
  ................ 00 00 00 00 00 00 11 01 00 00 00 00 00 00 01 00
  ................ 00 00 00 00 01 00 00 00 00 01 00 00 00 00 00 00
  ...........@... 00 00 00 00 00 00 00 00 00 00 00 40 7f c5 0e 00
  ...........@..  00 00 00 00 00 00 00 01 00 00 00 40 7f c5 0e
004511-004520 StringBlock "NewState"
004521-004528 DataBlock
  8.......         38 00 00 00 18 00 00 00
004529-004540 UnicodeBlock "+100%"
004541-004559 DataBlock
  ................ 00 00 02 00 00 00 04 00 00 00 00 00 00 00 01 00
  ...              00 00 00
004560-004617 UnicodeBlock "dy_value_NewState_Text_1003e"
004618-004621 DataBlock
  ....             00 00 00 00
004622-004634 FontNameBlock "la_gioconda"
004635-004650 DataBlock
  ................ 0c 00 00 00 01 00 00 00 00 00 00 00 d7 f8 ff ff
004651-004659 StringBlock "fe_text"
004660-004679 DataBlock
  ................ 00 00 00 00 00 00 00 00 00 00 00 00 00 00 00 00
  ....             01 00 00 00
004680-004690 T0Block "normal_t0"
004691-004706 DataBlock
  ................ 00 00 00 00 00 00 00 00 00 00 00 00 00 00 00 00
004707-004717 T0Block "normal_t0"
004718-004793 DataBlock
  ................ 00 00 00 00 00 00 00 00 00 00 00 00 00 00 00 00
  ................ 00 00 00 00 00 00 00 00 00 00 00 00 00 00 00 00
  ................ 00 00 00 00 ff 00 00 00 00 00 00 00 00 00 00 00
  .............?.. 00 00 00 00 00 00 00 01 00 00 00 00 80 3f 00 00
  ............     00 00 00 00 00 00 00 00 10 9f c5 0e
004794-004808 StringBlock "icon_tax_rate"
004809-004871 DataBlock
  ......(......... 00 00 00 00 00 00 28 01 00 00 00 00 00 00 00 00
  ................ 00 00 00 00 01 00 00 00 00 01 00 00 00 00 00 00
  ...........P.e.. 00 00 00 00 00 00 00 00 00 00 00 50 c3 65 0c 00
  ...........P.e.  00 00 00 00 00 00 00 01 00 00 00 50 c3 65 0c
004872-004881 StringBlock "NewState"
004882-004916 DataBlock
  ................ 18 00 00 00 18 00 00 00 00 00 00 00 02 00 00 00
  ................ 00 00 00 00 00 00 00 00 01 00 00 00 00 00 00 00
  ...              00 00 00
004917-004932 StringBlock "georgia_italic"
004933-004948 DataBlock
  ................ 0c 00 00 00 01 00 00 00 00 00 00 00 b0 d7 df ff
004949-004959 StringBlock "fe_italic"
004960-004979 DataBlock
  ................ 00 00 00 00 00 00 00 00 00 00 00 00 00 00 00 00
  ....             01 00 00 00
004980-004990 T0Block "normal_t0"
004991-005006 DataBlock
  ................ 00 00 00 00 00 00 00 00 00 00 00 00 00 00 00 00
005007-005017 T0Block "normal_t0"
005018-005115 DataBlock
  ................ 00 00 00 00 00 00 00 00 00 00 00 00 00 00 00 00
  ................ 00 00 00 00 00 00 00 00 00 00 00 00 00 00 00 00
  ................ 00 00 00 00 ff 00 00 00 00 00 00 00 00 00 00 00
  .............?.. 00 00 00 00 00 00 00 00 00 00 00 00 80 3f 00 00
  ................ 00 00 00 00 00 00 00 00 00 00 00 00 00 01 00 00
  ...?............ 00 00 80 3f 00 00 00 00 00 00 00 00 00 00 80 ab
  ..               c5 0e
005116-005131 StringBlock "tx_admin_costs"
005132-005194 DataBlock
  ..........N..... 00 00 00 00 00 00 00 00 00 00 4e 00 00 00 01 00
  ................ 00 00 00 00 00 00 00 00 00 01 00 00 00 00 00 00
  ........... .3.. 00 00 00 00 00 00 00 00 00 00 00 20 13 33 07 00
  ........... .3.  00 00 00 00 00 00 00 01 00 00 00 20 13 33 07
005195-005204 StringBlock "NewState"
005205-005212 DataBlock
  ........         f0 00 00 00 18 00 00 00
005213-005238 UnicodeBlock "> Corruption"
005239-005257 DataBlock
  ................ 00 00 02 00 00 00 04 00 00 00 00 00 00 00 02 00
  ...              00 00 01
005258-005331 UnicodeBlock "tx_admin_costs_NewState_Text_150063g"
005332-005335 DataBlock
  ....             00 00 00 00
005336-005348 FontNameBlock "la_gioconda"
005349-005364 DataBlock
  ................ 0c 00 00 00 01 00 00 00 00 00 00 00 d7 f8 ff ff
005365-005373 StringBlock "fe_text"
005374-005393 DataBlock
  ................ 12 00 00 00 00 00 00 00 00 00 00 00 00 00 00 00
  ....             01 00 00 00
005394-005404 T0Block "normal_t0"
005405-005420 DataBlock
  ................ 00 00 00 00 00 00 00 00 00 00 00 00 00 00 00 00
005421-005431 T0Block "normal_t0"
005432-005485 DataBlock
  ................ 00 00 00 00 00 00 00 00 00 00 00 00 00 00 00 00
  ................ 00 00 00 00 00 00 00 00 00 00 00 00 00 00 00 00
  ................ 00 00 00 00 ff 00 00 00 00 00 00 00 02 00 00 00
  ......           00 00 e0 ae c5 0e
005486-005495 StringBlock "dy_value"
005496-005558 DataBlock
  ................ 00 00 00 00 00 00 ef 00 00 00 00 00 00 00 01 00
  ................ 00 00 00 00 01 00 00 00 00 01 00 00 00 00 00 00
  ...........@.... 00 00 00 00 00 00 00 00 00 00 00 40 b2 c5 0e 00
  ...........@...  00 00 00 00 00 00 00 01 00 00 00 40 b2 c5 0e
005559-005568 StringBlock "NewState"
005569-005576 DataBlock
  3.......         33 00 00 00 18 00 00 00
005577-005586 UnicodeBlock "-25%"
005587-005605 DataBlock
  ................ 00 00 03 00 00 00 04 00 00 00 00 00 00 00 01 00
  ...              00 00 00
005606-005665 UnicodeBlock "dy_value_NewState_Text_350017"
005666-005669 DataBlock
  ....             00 00 00 00
005670-005682 FontNameBlock "la_gioconda"
005683-005698 DataBlock
  ................ 0c 00 00 00 07 00 00 00 00 00 00 00 00 00 aa ff
005699-005711 StringBlock "fe_text_red"
005712-005731 DataBlock
  ................ 00 00 00 00 00 00 00 00 00 00 00 00 00 00 00 00
  ....             01 00 00 00
005732-005742 T0Block "normal_t0"
005743-005758 DataBlock
  ................ 00 00 00 00 00 00 00 00 00 00 00 00 00 00 00 00
005759-005769 T0Block "normal_t0"
005770-005845 DataBlock
  ................ 00 00 00 00 00 00 00 00 00 00 00 00 00 00 00 00
  ................ 00 00 00 00 00 00 00 00 00 00 00 00 00 00 00 00
  ................ 00 00 00 00 ff 00 00 00 00 00 00 00 00 00 00 00
  .............?.. 00 00 00 00 00 00 00 01 00 00 00 00 80 3f 00 00
  ........P...     00 00 00 00 00 00 00 00 50 b4 c5 0e
005846-005860 StringBlock "icon_tax_rate"
005861-005907 DataBlock
  ......(......... 00 00 00 00 00 00 28 01 00 00 00 00 00 00 00 00
  ................ 00 00 00 00 01 00 00 00 00 01 00 00 00 00 00 00
  ...............  00 00 00 00 00 00 00 00 00 00 00 b0 b7 c5 0e
005908-005962 ImageListBlock 1 elements:
  005912-005962 ImageBlock id=278635840 xsize=24 ysize=24 path="ui\\skins\\default\\icon_records.png" unknown=0
005963-006016 DataBlock
  ...........NewSt 00 01 00 00 00 b0 b7 c5 0e 08 00 4e 65 77 53 74
  ate............. 61 74 65 18 00 00 00 18 00 00 00 00 00 00 00 02
  ................ 00 00 00 00 00 00 00 00 00 00 00 01 00 00 00 00
  ......           00 00 00 00 00 00
006017-006032 StringBlock "georgia_italic"
006033-006048 DataBlock
  ................ 0c 00 00 00 01 00 00 00 00 00 00 00 b0 d7 df ff
006049-006059 StringBlock "fe_italic"
006060-006079 DataBlock
  ................ 00 00 00 00 00 00 00 00 00 00 00 00 00 00 00 00
  ....             01 00 00 00
006080-006090 T0Block "normal_t0"
006091-006106 DataBlock
  ................ 00 00 00 00 00 00 00 00 00 00 00 00 00 00 00 00
006107-006117 T0Block "normal_t0"
006118-006316 DataBlock
  ................ 00 00 00 00 00 00 00 00 00 00 00 00 00 00 00 00
  ....@........... 01 00 00 00 40 a5 9b 10 00 00 00 00 00 00 00 00
  ................ 18 00 00 00 18 00 00 00 ff ff ff ff 00 00 00 00
  ................ 00 00 00 00 00 00 00 00 00 00 00 00 00 01 01 00
  ................ 00 00 00 00 00 00 00 00 00 00 00 00 00 00 00 00
  ......?......... 00 00 00 00 00 80 3f 00 00 00 00 00 00 00 00 00
  ................ 00 00 00 00 00 00 00 00 00 00 00 00 00 00 00 00
  ................ 00 00 00 00 00 00 00 00 00 00 00 00 00 00 00 00
  ................ 00 00 00 00 00 00 00 00 00 ff 00 00 00 00 00 00
  ................ 00 00 00 00 00 00 00 00 00 00 00 00 00 00 00 00
  ..?............. 00 80 3f 00 00 00 00 00 00 00 00 00 00 00 00 00
  ........?....... 00 00 01 00 00 00 00 80 3f 00 00 00 00 00 00 00
  .......          00 00 00 d0 f6 e5 0b
006317-006332 StringBlock "tx_slave_bonus"
006333-006395 DataBlock
  ..........N..... 00 00 00 00 00 00 00 00 00 00 4e 00 00 00 01 00
  ................ 00 00 00 00 00 00 00 00 00 01 00 00 00 00 00 00
  ...........0.... 00 00 00 00 00 00 00 00 00 00 00 30 fa e5 0b 00
  ...........0...  00 00 00 00 00 00 00 01 00 00 00 30 fa e5 0b
006396-006405 StringBlock "NewState"
006406-006413 DataBlock
  ........         f0 00 00 00 18 00 00 00
006414-006439 UnicodeBlock "> Immigrants"
006440-006458 DataBlock
  ................ 00 00 02 00 00 00 04 00 00 00 00 00 00 00 02 00
  ...              00 00 01
006459-006530 UnicodeBlock "tx_slave_bonus_NewState_Text_4b0068"
006531-006534 DataBlock
  ....             00 00 00 00
006535-006547 FontNameBlock "la_gioconda"
006548-006563 DataBlock
  ................ 0c 00 00 00 01 00 00 00 00 00 00 00 d7 f8 ff ff
006564-006572 StringBlock "fe_text"
006573-006592 DataBlock
  ................ 12 00 00 00 00 00 00 00 00 00 00 00 00 00 00 00
  ....             01 00 00 00
006593-006603 T0Block "normal_t0"
006604-006619 DataBlock
  ................ 00 00 00 00 00 00 00 00 00 00 00 00 00 00 00 00
006620-006630 T0Block "normal_t0"
006631-006684 DataBlock
  ................ 00 00 00 00 00 00 00 00 00 00 00 00 00 00 00 00
  ................ 00 00 00 00 00 00 00 00 00 00 00 00 00 00 00 00
  ................ 00 00 00 00 ff 00 00 00 00 00 00 00 02 00 00 00
  ..0...           00 00 30 fc e5 0b
006685-006694 StringBlock "dy_value"
006695-006757 DataBlock
  ................ 00 00 00 00 00 00 ef 00 00 00 00 00 00 00 01 00
  ................ 00 00 00 00 01 00 00 00 00 01 00 00 00 00 00 00
  ................ 00 00 00 00 00 00 00 00 00 00 00 90 ff e5 0b 00
  ...............  00 00 00 00 00 00 00 01 00 00 00 90 ff e5 0b
006758-006767 StringBlock "NewState"
006768-006775 DataBlock
  3.......         33 00 00 00 18 00 00 00
006776-006785 UnicodeBlock "+25%"
006786-006804 DataBlock
  ................ 00 00 03 00 00 00 04 00 00 00 00 00 00 00 01 00
  ...              00 00 00
006805-006864 UnicodeBlock "dy_value_NewState_Text_350017"
006865-006868 DataBlock
  ....             00 00 00 00
006869-006881 FontNameBlock "la_gioconda"
006882-006897 DataBlock
  ................ 0c 00 00 00 01 00 00 00 00 00 00 00 d7 f8 ff ff
006898-006906 StringBlock "fe_text"
006907-006926 DataBlock
  ................ 00 00 00 00 00 00 00 00 00 00 00 00 00 00 00 00
  ....             01 00 00 00
006927-006937 T0Block "normal_t0"
006938-006953 DataBlock
  ................ 00 00 00 00 00 00 00 00 00 00 00 00 00 00 00 00
006954-006964 T0Block "normal_t0"
006965-007040 DataBlock
  ................ 00 00 00 00 00 00 00 00 00 00 00 00 00 00 00 00
  ................ 00 00 00 00 00 00 00 00 00 00 00 00 00 00 00 00
  ................ 00 00 00 00 ff 00 00 00 00 00 00 00 00 00 00 00
  .............?.. 00 00 00 00 00 00 00 01 00 00 00 00 80 3f 00 00
  ............     00 00 00 00 00 00 00 00 a0 01 e6 0b
007041-007053 StringBlock "icon_slaves"
007054-007100 DataBlock
  ......(......... 00 00 00 00 00 00 28 01 00 00 00 00 00 00 00 00
  ................ 00 00 00 00 01 00 00 00 00 01 00 00 00 00 00 00
  ...............  00 00 00 00 00 00 00 00 00 00 00 c0 05 e6 0b
007101-007154 ImageListBlock 1 elements:
  007105-007154 ImageBlock id=199623936 xsize=24 ysize=24 path="ui\\skins\\default\\icon_slaves.png" unknown=0
007155-007208 DataBlock
  ...........NewSt 00 01 00 00 00 c0 05 e6 0b 08 00 4e 65 77 53 74
  ate............. 61 74 65 18 00 00 00 18 00 00 00 00 00 00 00 02
  ................ 00 00 00 00 00 00 00 00 00 00 00 01 00 00 00 00
  ......           00 00 00 00 00 00
007209-007224 StringBlock "georgia_italic"
007225-007240 DataBlock
  ................ 0c 00 00 00 01 00 00 00 00 00 00 00 b0 d7 df ff
007241-007251 StringBlock "fe_italic"
007252-007271 DataBlock
  ................ 1a 00 00 00 00 00 00 00 00 00 00 00 00 00 00 00
  ....             01 00 00 00
007272-007282 T0Block "normal_t0"
007283-007298 DataBlock
  ................ 00 00 00 00 00 00 00 00 00 00 00 00 00 00 00 00
007299-007309 T0Block "normal_t0"
007310-007508 DataBlock
  ................ 00 00 00 00 00 00 00 00 00 00 00 00 00 00 00 00
  ................ 01 00 00 00 00 05 e6 0b 00 00 00 00 00 00 00 00
  ................ 18 00 00 00 18 00 00 00 ff ff ff ff 00 00 00 00
  ................ 00 00 00 00 00 00 00 00 00 00 00 00 00 01 01 00
  ................ 00 00 00 00 00 00 00 00 00 00 00 00 00 00 00 00
  ......?......... 00 00 00 00 00 80 3f 00 00 00 00 00 00 00 00 00
  ................ 00 00 00 00 00 00 00 00 00 00 00 00 00 00 00 00
  ................ 00 00 00 00 00 00 00 00 00 00 00 00 00 00 00 00
  ................ 00 00 00 00 00 00 00 00 00 ff 00 00 00 00 00 00
  ................ 00 00 00 00 00 00 00 00 00 00 00 00 00 00 00 00
  ..?............. 00 80 3f 00 00 00 00 00 00 00 00 00 00 00 00 00
  ........?....... 00 00 01 00 00 00 00 80 3f 00 00 00 00 00 00 00
  .......          00 00 00 b0 b9 c5 0e
007509-007519 StringBlock "tx_income"
007520-007582 DataBlock
  ..........f..... 00 00 00 00 00 00 00 00 00 00 66 00 00 00 00 01
  ................ 00 00 00 00 01 00 00 00 00 01 00 00 00 00 00 00
  ................ 00 00 00 00 00 00 00 00 00 00 00 00 b0 9b 10 00
  ...............  00 00 00 00 00 00 00 01 00 00 00 00 b0 9b 10
007583-007592 StringBlock "NewState"
007593-007600 DataBlock
  ...."...         f0 00 00 00 22 00 00 00
007601-007614 UnicodeBlock "Income"
007615-007633 DataBlock
  ................ 00 00 02 00 00 00 00 00 00 00 00 00 00 00 02 00
  ...              00 00 01
007634-007687 UnicodeBlock "icon_income_Tooltip_640047"
007688-007691 DataBlock
  ....             00 00 00 00
007692-007704 FontNameBlock "la_gioconda"
007705-007720 DataBlock
  ................ 0c 00 00 00 01 00 00 00 00 00 00 00 d7 f8 ff ff
007721-007729 StringBlock "fe_text"
007730-007749 DataBlock
  ................ 0c 00 00 00 00 00 00 00 05 00 00 00 00 00 00 00
  ....             01 00 00 00
007750-007760 T0Block "normal_t0"
007761-007776 DataBlock
  ................ 00 00 00 00 00 00 00 00 00 00 00 00 00 00 00 00
007777-007787 T0Block "normal_t0"
007788-007841 DataBlock
  ................ 00 00 00 00 00 00 00 00 00 00 00 00 00 00 00 00
  ................ 00 00 00 00 00 00 00 00 00 00 00 00 00 00 00 00
  ................ 00 00 00 00 ff 00 00 00 00 00 00 00 01 00 00 00
  ......           00 00 00 b2 9b 10
007842-007851 StringBlock "dy_value"
007852-007914 DataBlock
  ................ 00 00 00 00 00 00 10 01 00 00 02 00 00 00 01 00
  ................ 00 00 00 00 01 00 00 00 00 01 00 00 00 00 00 00
  ...........`.... 00 00 00 00 00 00 00 00 00 00 00 60 b5 9b 10 00
  ...........`...  00 00 00 00 00 00 00 01 00 00 00 60 b5 9b 10
007915-007924 StringBlock "NewState"
007925-007932 DataBlock
  8.......         38 00 00 00 18 00 00 00
007933-007942 UnicodeBlock "1000"
007943-007961 DataBlock
  ................ 00 00 02 00 00 00 04 00 00 00 00 00 00 00 02 00
  ...              00 00 00
007962-008011 UnicodeBlock "dy_value_NewState_Text_1"
008012-008015 DataBlock
  ....             00 00 00 00
008016-008028 FontNameBlock "la_gioconda"
008029-008044 DataBlock
  ................ 0c 00 00 00 01 00 00 00 00 00 00 00 d7 f8 ff ff
008045-008053 StringBlock "fe_text"
008054-008073 DataBlock
  ................ 00 00 00 00 00 00 00 00 00 00 00 00 00 00 00 00
  ....             01 00 00 00
008074-008084 T0Block "normal_t0"
008085-008100 DataBlock
  ................ 00 00 00 00 00 00 00 00 00 00 00 00 00 00 00 00
008101-008111 T0Block "normal_t0"
008112-008165 DataBlock
  ................ 00 00 00 00 00 00 00 00 00 00 00 00 00 00 00 00
  ................ 00 00 00 00 00 00 00 00 00 00 00 00 00 00 00 00
  ................ 00 00 00 00 ff 00 00 00 00 00 00 00 01 00 00 00
  ..`...           00 00 60 b7 9b 10
008166-008178 StringBlock "icon_income"
008179-008225 DataBlock
  ................ 00 00 00 00 00 00 ea ff ff ff 02 00 00 00 00 00
  ................ 00 00 00 00 01 00 00 00 00 01 00 00 00 00 0d 00
  ............d..  00 00 fe ff ff ff 00 00 00 00 00 e0 64 ad 13
008226-008284 ImageListBlock 1 elements:
  008230-008284 ImageBlock id=278641344 xsize=26 ysize=26 path="ui\\skins\\default\\icon_income_plus.png" unknown=0
008285-008338 DataBlock
  ......d....NewSt 00 01 00 00 00 e0 64 ad 13 08 00 4e 65 77 53 74
  ate............. 61 74 65 14 00 00 00 14 00 00 00 00 00 00 00 02
  ................ 00 00 00 00 00 00 00 00 00 00 00 01 00 00 00 00
  ......           00 00 00 00 00 00
008339-008354 StringBlock "georgia_italic"
008355-008370 DataBlock
  ................ 0c 00 00 00 01 00 00 00 00 00 00 00 b0 d7 df ff
008371-008381 StringBlock "fe_italic"
008382-008401 DataBlock
  ................ 00 00 00 00 00 00 00 00 00 00 00 00 00 00 00 00
  ....             01 00 00 00
008402-008412 T0Block "normal_t0"
008413-008428 DataBlock
  ................ 00 00 00 00 00 00 00 00 00 00 00 00 00 00 00 00
008429-008439 T0Block "normal_t0"
008440-008660 DataBlock
  ................ 00 00 00 00 00 00 00 00 00 00 00 00 00 00 00 00
  ................ 01 00 00 00 c0 ba 9b 10 00 00 00 00 00 00 00 00
  ................ 14 00 00 00 14 00 00 00 ff ff ff ff 00 00 00 00
  ................ 00 00 00 00 00 00 00 00 00 00 00 00 00 01 01 00
  ................ 00 00 00 00 00 00 00 00 00 00 00 00 00 00 00 00
  ......?......... 00 00 00 00 00 80 3f 00 00 00 00 00 00 00 00 00
  ................ 00 00 00 00 00 00 00 00 00 00 00 00 00 00 00 00
  ................ 00 00 00 00 00 00 00 00 00 00 00 00 00 00 00 00
  ................ 00 00 00 00 00 00 00 00 00 ff 00 00 00 00 00 00
  ................ 00 00 00 00 00 00 00 00 00 00 00 00 00 00 00 00
  ..?...?...?..... 00 80 3f 00 00 80 3f 00 00 00 3f 00 00 00 00 00
  ........?....... 00 00 01 00 00 00 00 80 3f 00 00 00 00 00 00 00
  ..............?. 00 00 00 00 00 00 00 00 01 00 00 00 00 80 3f 00
  .............    00 00 00 00 00 00 00 00 00 00 86 c9 1f
008661-008676 StringBlock "tx_explanation"
008677-008739 DataBlock
  ................ 00 00 00 00 00 00 00 00 00 00 88 00 00 00 00 01
  ................ 00 00 00 00 01 00 00 00 00 01 00 00 00 00 00 00
  ...........`.... 00 00 00 00 00 00 00 00 00 00 00 60 89 c9 1f 00
  ...........`...  00 00 00 00 00 00 00 01 00 00 00 60 89 c9 1f
008740-008749 StringBlock "NewState"
008750-008757 DataBlock
  @.......         40 01 00 00 10 00 00 00
008758-008807 UnicodeBlock "{{tr:taxes_explanation}}"
008808-008826 DataBlock
  ................ 00 00 02 00 00 00 04 00 00 00 00 00 00 00 03 00
  ...              00 00 01
008827-008898 UnicodeBlock "tx_explanation_NewState_Text_190072"
008899-008902 DataBlock
  ....             00 00 00 00
008903-008915 FontNameBlock "la_gioconda"
008916-008931 DataBlock
  ................ 0c 00 00 00 01 00 00 00 00 00 00 00 d7 f8 ff ff
008932-008940 StringBlock "fe_text"
008941-008960 DataBlock
  ................ 0c 00 00 00 00 00 00 00 00 00 00 00 00 00 00 00
  ....             01 00 00 00
008961-008971 T0Block "normal_t0"
008972-008987 DataBlock
  ................ 00 00 00 00 00 00 00 00 00 00 00 00 00 00 00 00
008988-008998 T0Block "normal_t0"
008999-009069 DataBlock
  ................ 00 00 00 00 00 00 00 00 00 00 00 00 00 00 00 00
  ................ 00 00 00 00 00 00 00 00 00 00 00 00 00 00 00 00
  ................ 00 00 00 00 ff 00 00 00 00 00 00 00 00 00 00 00
  .............?.. 00 00 00 00 00 00 00 01 00 00 00 00 80 3f 00 00
  .......          00 00 00 00 00 00 01
009070-009075 StringBlock "List"
009076-009176 DataBlock
  .......C........ 01 00 00 00 00 00 ad 43 00 00 00 00 00 00 00 00
  ................ 00 01 00 00 00 01 00 00 00 00 00 06 00 00 00 00
  ................ 00 00 00 00 00 00 00 00 00 00 00 00 00 00 00 00
  ................ 00 00 00 00 00 00 00 00 00 00 00 00 00 00 00 00
  ......?......... 00 00 00 00 00 80 3f 00 00 00 00 00 00 00 00 00
  ............?... 00 00 00 00 00 00 00 00 00 00 00 80 3f 00 00 00
  .....            00 00 00 00 00
