000000-000009 VersionBlock 92
000010-000013 RootIDBlock 2005150244
000014-000019 StringBlock "root"
000020-000097 DataBlock
  ................ 00 00 00 00 00 00 00 00 00 00 01 01 00 00 00 00
  ................ 01 00 00 00 00 01 00 00 00 00 00 00 00 00 00 00
  ........-......, 00 00 00 00 00 00 00 0c 2d d3 84 01 00 00 00 2c
  ................ d3 f3 16 00 00 00 05 00 00 c0 03 00 00 00 00 00
  ...........-..   00 00 00 00 00 00 01 00 00 00 0c 2d d3 84
000098-000107 StringBlock "NewState"
000108-000146 DataBlock
  ................ 00 05 00 00 c0 03 00 00 00 00 00 00 02 00 00 00
  ................ 00 00 00 00 00 00 00 00 01 00 00 00 01 00 00 00
  .......          00 00 00 00 00 00 00
000147-000159 FontNameBlock "la_gioconda"
000160-000175 DataBlock
  ................ 0a 00 00 00 02 00 00 00 01 00 00 00 dd da fa ff
000176-000198 StringBlock "Default Font Category"
000199-000218 DataBlock
  ................ 00 00 00 00 00 00 00 00 00 00 00 00 00 00 00 00
  ....             01 00 00 00
000219-000229 T0Block "normal_t0"
000230-000245 DataBlock
  ................ 00 00 00 00 00 00 00 00 00 00 00 00 00 00 00 00
000246-000256 T0Block "normal_t0"
000257-000395 DataBlock
  ................ 00 00 00 00 00 00 00 00 00 00 00 00 00 00 00 00
  ....,........... 01 00 00 00 2c d3 f3 16 00 00 00 00 00 00 00 00
  ................ 00 05 00 00 c0 03 00 00 f0 f0 f0 ff 00 00 00 00
  ................ 00 00 00 00 00 00 00 00 00 00 00 01 01 00 00 00
  ................ 00 00 00 00 00 00 00 00 00 00 00 00 00 00 00 00
  ................ 00 00 00 00 00 00 00 00 00 00 00 00 00 00 00 00
  ................ 00 00 00 00 00 00 00 00 00 00 00 00 00 00 00 00
  ................ 00 00 00 00 00 00 00 00 00 00 00 00 00 00 00 00
  ........z..      00 00 00 01 00 00 00 04 7a f3 16
000396-000417 StringBlock "trade_agreement_icon"
000418-000445 StringBlock "CampaignTradeBreakdownIcon"
000446-000506 DataBlock
  t............... 74 02 00 00 d4 01 00 00 01 01 00 00 00 00 01 00
  ................ 00 00 00 01 00 00 00 00 05 00 00 00 00 00 00 00
  .....T'......... 00 00 00 00 00 54 27 d9 84 00 00 00 00 00 00 00
  .........T'..    00 00 00 00 00 01 00 00 00 54 27 d9 84
000507-000516 StringBlock "NewState"
000517-000555 DataBlock
  ................ 18 00 00 00 18 00 00 00 00 00 00 00 02 00 00 00
  ................ 00 00 00 00 00 00 00 00 01 00 00 00 01 00 00 00
  .......          00 00 00 00 00 00 00
000556-000568 FontNameBlock "la_gioconda"
000569-000584 DataBlock
  ................ 0a 00 00 00 02 00 00 00 01 00 00 00 dd da fa ff
000585-000607 StringBlock "Default Font Category"
000608-000627 DataBlock
  ................ 00 00 00 00 00 00 00 00 00 00 00 00 00 00 00 00
  ....             01 01 00 00
000628-000638 T0Block "normal_t0"
000639-000654 DataBlock
  ................ 00 00 00 00 00 00 00 00 00 00 00 00 00 00 00 00
000655-000665 T0Block "normal_t0"
000666-000731 DataBlock
  ................ 00 00 00 00 00 00 00 00 00 00 00 00 00 00 00 00
  ................ 00 00 00 00 00 00 00 00 00 00 00 00 00 00 00 00
  ................ 00 00 00 00 00 00 00 00 00 00 00 00 00 00 00 00
  ................ 00 00 00 00 00 00 00 00 00 00 00 00 00 00 00 00
  ..               00 00
