000000-000009 VersionBlock 121
000010-000013 RootIDBlock 1145478144
000014-000019 StringBlock "root"
000020-000097 DataBlock
  ................ 00 00 00 00 00 00 00 00 00 00 00 00 00 00 01 01
  ................ 00 00 00 00 01 00 00 00 00 01 00 00 00 00 00 00
  ............4FD. 00 00 00 00 00 00 00 00 00 00 00 00 34 46 44 01
  ...@W.?......... 00 00 00 40 57 81 3f 00 00 00 05 00 00 00 04 00
  ...........4FD   00 00 00 00 00 00 01 00 00 00 00 34 46 44
000098-000107 StringBlock "NewState"
000108-000144 DataBlock
  ................ 00 05 00 00 00 04 00 00 00 00 00 00 02 00 00 00
  ................ 00 00 00 00 00 00 00 00 02 00 00 00 00 00 00 00
  .....            00 00 00 00 00
000145-000156 FontNameBlock "Norse-Bold"
000157-000172 DataBlock
  ................ 0a 00 00 00 02 00 00 00 00 00 00 00 dd da fa ff
000173-000195 StringBlock "Default Font Category"
000196-000215 DataBlock
  ................ 00 00 00 00 00 00 00 00 00 00 00 00 00 00 00 00
  ....             01 00 00 00
000216-000226 T0Block "normal_t0"
000227-000242 DataBlock
  ................ 00 00 00 00 00 00 00 00 00 00 00 00 00 00 00 00
000243-000253 T0Block "normal_t0"
000254-000408 DataBlock
  ................ 00 00 00 00 00 00 00 00 00 00 00 00 00 00 00 00
  ....@W.?........ 01 00 00 00 40 57 81 3f 00 00 00 00 00 00 00 00
  ................ 00 05 00 00 00 04 00 00 f0 f0 f0 ff 00 00 00 00
  ................ 00 00 00 00 00 00 00 00 00 00 00 00 00 01 01 00
  ................ 00 00 00 00 00 00 00 00 00 00 00 00 00 00 00 00
  ......?......... 00 00 00 00 00 80 3f 00 00 00 00 00 00 00 00 00
  ................ 00 00 00 00 00 00 00 00 00 00 00 00 00 00 00 00
  ................ 00 00 00 00 00 00 00 00 00 00 00 00 00 00 00 00
  ................ 00 00 00 00 00 00 00 00 00 00 00 00 00 00 00 00
  ...........      00 01 00 00 00 00 00 f0 b2 c8 0f
000409-000439 StringBlock "tooltip_skaven_food_breakdown"
000440-000445 DataBlock
  ......           00 00 01 00 00 00
000446-000460 StringBlock "CustomTooltip"
000461-000513 DataBlock
  ............f... 00 00 00 00 00 00 00 00 82 01 00 00 66 00 00 00
  ................ 01 01 00 00 00 00 01 01 00 00 00 01 00 00 00 00
  ................ 00 00 00 00 00 00 00 00 00 00 00 00 00 00 00 00
  .....            00 01 00 00 00
000514-000565 ImageBlock id=131346880 xsize=256 ysize=256 path="ui\\skins\\default\\tooltip_frame.png" unknown=0
000566-000574 DataBlock
  ......2..        00 01 00 00 00 80 32 d4 07
000575-000584 StringBlock "NewState"
000585-000621 DataBlock
  H............... 48 01 00 00 f2 00 00 00 00 00 00 00 02 00 00 00
  ................ 00 00 00 00 00 00 00 00 01 00 00 00 00 00 00 00
  .....            00 00 00 00 00
000622-000634 FontNameBlock "la_gioconda"
000635-000650 DataBlock
  ................ 0c 00 00 00 01 00 00 00 00 00 00 00 d7 f8 ff ff
000651-000667 StringBlock "fe_tooltip_text"
000668-000687 DataBlock
  ................ 08 00 00 00 00 00 00 00 06 00 00 00 00 00 00 00
  ....             00 00 00 00
000688-000698 T0Block "normal_t0"
000699-000714 DataBlock
  ................ 00 00 00 00 00 00 00 00 00 00 00 00 00 00 00 00
000715-000725 T0Block "normal_t0"
000726-000870 DataBlock
  ................ 00 00 00 00 00 00 00 00 00 00 00 00 00 00 00 00
  .....1.......... 01 00 00 00 c0 31 d4 07 00 00 00 00 00 00 00 00
  H............... 48 01 00 00 f2 00 00 00 ff ff ff ff 00 00 01 00
  ................ 00 00 00 00 00 00 00 00 00 00 00 00 00 01 01 00
  ................ 00 00 00 00 00 00 00 00 00 00 00 00 00 00 00 00
  ......?......... 00 00 00 00 00 80 3f 00 00 00 00 00 00 00 00 00
  ............A... 00 00 00 00 00 00 00 00 00 00 00 80 41 00 00 a0
  A...A...A....... 41 00 00 80 41 00 00 a0 41 00 00 00 00 00 00 00
  ................ 00 00 00 00 00 00 00 00 00 ff 00 00 00 01 00 00
  .                00
000871-000878 StringBlock "expand"
000879-000952 DataBlock
  ................ 00 00 01 00 00 00 00 00 00 00 00 00 00 00 00 00
  ..Z...J......... 00 00 5a 01 00 00 4a 01 00 00 ff ff ff ff 00 00
  ................ 00 00 00 00 00 00 00 00 00 00 00 00 00 00 00 00
  .............?,. 00 00 ff ff ff ff ff ff ff ff 00 00 80 3f 2c 01
  .........?       00 00 04 00 00 00 00 00 80 3f
000953-000960 StringBlock "Linear"
000961-000980 DataBlock
  ................ 00 00 00 00 00 00 00 00 00 00 01 00 00 00 00 00
  .%!2             c0 25 21 32
000981-000993 StringBlock "list_parent"
000994-001056 DataBlock
  ................ 00 00 00 00 00 00 00 00 00 00 00 00 00 00 01 01
  ................ 00 00 00 00 01 01 00 00 00 01 00 00 00 00 00 00
  ................ 00 00 00 00 00 00 00 00 00 00 00 00 00 00 00 00
  ............)!2  00 00 00 00 00 00 00 01 00 00 00 c0 29 21 32
001057-001066 StringBlock "NewState"
001067-001103 DataBlock
  H............... 48 01 00 00 ee 00 00 00 00 00 00 00 02 00 00 00
  ................ 00 00 00 00 00 00 00 00 01 00 00 00 00 00 00 00
  .....            00 00 00 00 00
001104-001116 FontNameBlock "la_gioconda"
001117-001132 DataBlock
  ................ 0c 00 00 00 01 00 00 00 00 00 00 00 d7 f8 ff ff
001133-001141 StringBlock "fe_text"
001142-001161 DataBlock
  ................ 08 00 00 00 00 00 00 00 06 00 00 00 00 00 00 00
  ....             00 00 00 00
001162-001172 T0Block "normal_t0"
001173-001188 DataBlock
  ................ 00 00 00 00 00 00 00 00 00 00 00 00 00 00 00 00
001189-001199 T0Block "normal_t0"
001200-001243 DataBlock
  ................ 00 00 00 00 00 00 00 00 00 00 00 00 00 00 00 00
  ................ 00 00 00 00 00 00 00 00 00 00 00 00 00 00 00 00
  ............     00 00 00 00 ff 00 00 00 01 00 00 00
001244-001251 StringBlock "expand"
001252-001325 DataBlock
  ................ 00 00 01 00 00 00 00 00 00 00 00 00 00 00 00 00
  ..Z...J......... 00 00 5a 01 00 00 4a 01 00 00 ff ff ff ff 00 00
  ................ 00 00 00 00 00 00 00 00 00 00 00 00 00 00 00 00
  .............?,. 00 00 ff ff ff ff ff ff ff ff 00 00 80 3f 2c 01
  .........?       00 00 04 00 00 00 00 00 80 3f
001326-001333 StringBlock "Linear"
001334-001345 DataBlock
  .....>!2....     01 00 00 00 c0 3e 21 32 00 00 00 00
001346-001362 StringBlock "Visibility true"
001363-001378 DataBlock
  ..............!2 00 00 00 00 00 00 09 00 00 00 00 00 80 2e 21 32
001379-001398 StringBlock "dy_heading_textbox"
001399-001404 DataBlock
  ......           00 00 01 00 00 00
001405-001422 StringBlock "ContextTextLabel"
001423-001447 StringBlock "CcoCampaignResourcePool"
001448-001453 StringBlock "Name"
001454-001514 DataBlock
  ................ 00 00 00 00 00 00 00 00 00 00 00 00 00 01 00 00
  ................ 00 00 01 00 00 00 00 01 00 00 00 00 00 00 00 00
  ..........1!2... 00 00 00 00 00 00 00 00 00 c0 31 21 32 00 00 00
  ..........1!2    00 00 00 00 00 01 00 00 00 c0 31 21 32
001515-001524 StringBlock "NewState"
001525-001532 DataBlock
  A... ...         41 01 00 00 20 00 00 00
001533-001550 UnicodeBlock "dy_title"
001551-001569 DataBlock
  ................ 00 00 04 00 00 00 00 00 00 00 00 00 00 00 03 00
  ...              00 00 00
001570-001649 UnicodeBlock "dy_heading_textbox_NewState_Text_1c003e"
001650-001655 DataBlock
  ......           00 00 00 00 00 00
001656-001678 FontNameBlock "la_gioconda_uppercase"
001679-001694 DataBlock
  ................ 0e 00 00 00 01 00 00 00 00 00 00 00 d7 f8 ff ff
001695-001711 StringBlock "FE_header_small"
001712-001731 DataBlock
  ................ 00 00 00 00 00 00 00 00 08 00 00 00 06 00 00 00
  ....             01 00 00 00
001732-001742 T0Block "normal_t0"
001743-001758 DataBlock
  ................ 00 00 00 00 00 00 00 00 00 00 00 00 00 00 00 00
001759-001769 T0Block "normal_t0"
001770-001845 DataBlock
  ................ 00 00 00 00 00 00 00 00 00 00 00 00 00 00 00 00
  ................ 00 00 00 00 00 00 00 00 00 00 00 00 00 00 00 00
  ................ 00 00 00 00 ff 00 00 00 00 00 00 00 00 00 00 00
  .............?.. 00 00 00 00 00 00 00 01 00 00 00 00 80 3f 00 00
  .........(x.     00 00 00 00 00 00 00 00 00 28 78 17
001846-001859 StringBlock "instructions"
001860-001865 DataBlock
  ......           00 00 01 00 00 00
001866-001883 StringBlock "ContextTextLabel"
001884-001908 StringBlock "CcoCampaignResourcePool"
001909-001921 StringBlock "Description"
001922-001982 DataBlock
  ........ ....... 00 00 00 00 00 00 00 00 20 00 00 00 00 01 00 00
  ................ 00 00 01 00 00 00 00 01 00 00 00 00 00 00 00 00
  .........`+x.... 00 00 00 00 00 00 00 00 00 60 2b 78 17 00 00 00
  .........`+x.    00 00 00 00 00 01 00 00 00 60 2b 78 17
001983-001992 StringBlock "NewState"
001993-002000 DataBlock
  H.......         48 01 00 00 10 00 00 00
002001-002032 UnicodeBlock "dy_instructions"
002033-002051 DataBlock
  ................ 00 00 02 00 00 00 04 00 00 00 00 00 00 00 03 00
  ...              00 00 00
002052-002119 UnicodeBlock "instructions_NewState_Text_75003c"
002120-002125 DataBlock
  ......           00 00 00 00 00 00
002126-002141 StringBlock "georgia_italic"
002142-002157 DataBlock
  ................ 0c 00 00 00 01 00 00 00 00 00 00 00 b0 d7 df ff
002158-002168 StringBlock "fe_italic"
002169-002188 DataBlock
  ................ 0c 00 00 00 0c 00 00 00 00 00 00 00 04 00 00 00
  ....             01 00 00 00
002189-002199 T0Block "normal_t0"
002200-002215 DataBlock
  ................ 00 00 00 00 00 00 00 00 00 00 00 00 00 00 00 00
002216-002226 T0Block "normal_t0"
002227-002302 DataBlock
  ................ 00 00 00 00 00 00 00 00 00 00 00 00 00 00 00 00
  ................ 00 00 00 00 00 00 00 00 00 00 00 00 00 00 00 00
  ................ 00 00 00 00 ff 00 00 00 00 00 00 00 00 00 00 00
  .............?.. 00 00 00 00 00 00 00 01 00 00 00 00 80 3f 00 00
  .........b.#     00 00 00 00 00 00 00 00 80 62 b9 23
002303-002313 StringBlock "seperator"
002314-002364 DataBlock
  ..........0..... 00 00 00 00 00 00 00 00 00 00 30 00 00 00 01 01
  ................ 00 00 00 00 01 00 00 00 00 01 00 00 00 00 00 00
  ............f.#. 00 00 00 00 00 00 00 00 00 00 00 80 66 b9 23 01
  ...              00 00 00
002365-002418 ImageBlock id=532301760 xsize=169 ysize=14 path="ui\\skins\\default\\separator_skull.png" unknown=0
002419-002427 DataBlock
  ......f.#        00 01 00 00 00 80 66 b9 23
002428-002437 StringBlock "NewState"
002438-002474 DataBlock
  6............... 36 01 00 00 10 00 00 00 00 00 00 00 02 00 00 00
  ................ 00 00 00 00 00 00 00 00 02 00 00 00 00 00 00 00
  .....            00 00 00 00 00
002475-002486 FontNameBlock "Norse-Bold"
002487-002502 DataBlock
  ................ 0a 00 00 00 02 00 00 00 00 00 00 00 dd da fa ff
002503-002525 StringBlock "Default Font Category"
002526-002545 DataBlock
  ................ 00 00 00 00 00 00 00 00 00 00 00 00 00 00 00 00
  ....             00 00 00 01
002546-002556 T0Block "normal_t0"
002557-002572 DataBlock
  ................ 00 00 00 00 00 00 00 00 00 00 00 00 00 00 00 00
002573-002583 T0Block "normal_t0"
002584-002760 DataBlock
  ................ 00 00 00 00 00 00 00 00 00 00 00 00 00 00 00 00
  .....G.......... 01 00 00 00 c0 47 ba 1f 07 00 00 00 00 00 00 00
  -............... 2d 01 00 00 0e 00 00 00 ff ff ff ff 00 00 01 00
  ................ 00 00 00 00 00 00 00 00 00 00 00 00 00 01 01 00
  ................ 00 00 00 00 00 00 00 00 00 00 00 00 00 00 00 00
  ......?......... 00 00 00 00 00 80 3f 00 00 00 00 00 00 00 00 00
  ...............H 00 00 00 00 00 00 00 00 00 00 00 00 00 00 00 48
  B......4B....... 42 00 00 00 00 00 00 34 42 00 00 00 00 00 00 00
  ................ 00 00 00 00 00 00 00 00 00 ff 00 00 00 00 00 00
  ................ 00 00 00 00 00 00 00 00 00 00 00 00 00 00 00 00
  ..?...........zK 00 80 3f 00 00 00 00 00 00 00 00 00 00 00 7a 4b
  #                23
002761-002770 StringBlock "summarry"
002771-002776 DataBlock
  ......           00 00 02 00 00 00
002777-002794 StringBlock "ContextTextLabel"
002795-002819 StringBlock "CcoCampaignResourcePool"
002820-002825 DataBlock
  ......           00 00 00 00 00 00
002826-002850 StringBlock "ContextVisibilitySetter"
002851-002875 StringBlock "CcoCampaignResourcePool"
002876-002941 DataBlock
  ..Max........@.. 03 00 4d 61 78 00 00 00 00 00 00 00 00 40 00 00
  ................ 00 00 01 00 00 00 00 01 00 00 00 00 01 00 00 00
  ...............K 00 00 00 00 00 00 00 00 00 00 00 00 00 00 00 4b
  ./.............K 11 2f 00 00 00 00 00 00 00 00 01 00 00 00 00 4b
  ./               11 2f
002942-002951 StringBlock "NewState"
002952-002959 DataBlock
  B...0...         42 01 00 00 30 00 00 00
002960-003223 UnicodeBlock "{{CcoCampaignResourcePool:Total}} out of {{CcoCampaignResourcePool:Max}} ({{CcoCampaignResourcePool:PercentageOfCapacityDisplay}}%)"
003224-003242 DataBlock
  ................ 00 00 04 00 00 00 00 00 00 00 00 00 00 00 03 00
  ...              00 00 01
003243-003302 UnicodeBlock "summarry_NewState_Text_650012"
003303-003308 DataBlock
  ......           00 00 00 00 00 00
003309-003321 FontNameBlock "la_gioconda"
003322-003337 DataBlock
  ................ 0c 00 00 00 01 00 00 00 00 00 00 00 d7 f8 ff ff
003338-003354 StringBlock "fe_default_text"
003355-003374 DataBlock
  ................ 0c 00 00 00 08 00 00 00 02 00 00 00 05 00 00 00
  ....             01 00 00 00
003375-003385 T0Block "normal_t0"
003386-003401 DataBlock
  ................ 00 00 00 00 00 00 00 00 00 00 00 00 00 00 00 00
003402-003412 T0Block "normal_t0"
003413-003448 DataBlock
  ................ 00 00 00 00 00 00 00 00 00 00 00 00 00 00 00 00
  ................ 00 00 00 00 00 00 00 00 00 00 00 00 00 00 00 00
  ....             01 00 00 00
003449-003462 StringBlock "resource_key"
003463-003475 StringBlock "skaven_food"
003476-003515 DataBlock
  ................ ff 00 00 00 00 00 00 00 00 00 00 00 00 00 00 00
  .........?...... 00 00 00 01 00 00 00 00 80 3f 00 00 00 00 00 00
  .....>!2         00 00 00 00 c0 3e 21 32
003516-003530 StringBlock "positive_list"
003531-003536 DataBlock
  ......           00 00 01 00 00 00
003537-003561 StringBlock "ContextVisibilitySetter"
003562-003586 StringBlock "CcoCampaignResourcePool"
003587-003606 StringBlock "PositiveFactorList"
003607-003667 DataBlock
  ........p....... 00 00 00 00 00 00 00 00 70 00 00 00 01 01 00 00
  ................ 00 00 01 01 00 00 00 01 00 00 00 00 00 00 00 00
  ................ 00 00 00 00 00 00 00 00 00 00 00 00 00 00 00 00
  ..........B!2    00 00 00 00 00 01 00 00 00 00 42 21 32
003668-003677 StringBlock "NewState"
003678-003714 DataBlock
  6...3........... 36 01 00 00 33 00 00 00 00 00 00 00 02 00 00 00
  ................ 00 00 00 00 00 00 00 00 01 00 00 00 00 00 00 00
  .....            00 00 00 00 00
003715-003727 FontNameBlock "la_gioconda"
003728-003743 DataBlock
  ................ 0c 00 00 00 01 00 00 00 00 00 00 00 d7 f8 ff ff
003744-003752 StringBlock "fe_text"
003753-003772 DataBlock
  ................ 08 00 00 00 00 00 00 00 06 00 00 00 00 00 00 00
  ....             00 00 00 00
003773-003783 T0Block "normal_t0"
003784-003799 DataBlock
  ................ 00 00 00 00 00 00 00 00 00 00 00 00 00 00 00 00
003800-003810 T0Block "normal_t0"
003811-003864 DataBlock
  ................ 00 00 00 00 00 00 00 00 00 00 00 00 00 00 00 00
  ................ 00 00 00 00 00 00 00 00 00 00 00 00 00 00 00 00
  ................ 00 00 00 00 ff 00 00 00 00 00 00 00 03 00 00 00
  ...3!2           00 00 c0 33 21 32
003865-003877 StringBlock "list_header"
003878-003883 DataBlock
  ......           00 00 01 00 00 00
003884-003901 StringBlock "ContextTextLabel"
003902-003926 StringBlock "CcoCampaignResourcePool"
003927-003947 StringBlock "PositiveFactorsName"
003948-004008 DataBlock
  ................ 00 00 00 00 00 00 00 00 00 00 00 00 01 00 00 00
  ................ 00 00 01 00 00 00 00 01 00 00 00 00 00 00 00 00
  .........@7!2... 00 00 00 00 00 00 00 00 00 40 37 21 32 00 00 00
  .........@7!2    00 00 00 00 00 01 00 00 00 40 37 21 32
004009-004018 StringBlock "NewState"
004019-004026 DataBlock
  ........         97 00 00 00 17 00 00 00
004027-004066 UnicodeBlock "dy_positive_factors"
004067-004085 DataBlock
  ................ 00 00 02 00 00 00 00 00 00 00 00 00 00 00 03 00
  ...              00 00 00
004086-004151 UnicodeBlock "list_header_NewState_Text_400028"
004152-004157 DataBlock
  ......           00 00 00 00 00 00
004158-004170 FontNameBlock "la_gioconda"
004171-004186 DataBlock
  ................ 0c 00 00 00 01 00 00 00 00 00 00 00 d7 f8 ff ff
004187-004195 StringBlock "fe_text"
004196-004215 DataBlock
  ................ 0c 00 00 00 08 00 00 00 02 00 00 00 05 00 00 00
  ....             01 00 00 00
004216-004226 T0Block "normal_t0"
004227-004242 DataBlock
  ................ 00 00 00 00 00 00 00 00 00 00 00 00 00 00 00 00
004243-004253 T0Block "normal_t0"
004254-004329 DataBlock
  ................ 00 00 00 00 00 00 00 00 00 00 00 00 00 00 00 00
  ................ 00 00 00 00 00 00 00 00 00 00 00 00 00 00 00 00
  ................ 00 00 00 00 ff 00 00 00 00 00 00 00 00 00 00 00
  .............?.. 00 00 00 00 00 00 00 01 00 00 00 00 80 3f 00 00
  .........}..     00 00 00 00 00 00 00 00 a0 7d 01 1b
004330-004342 StringBlock "factor_list"
004343-004348 DataBlock
  ......           00 00 01 00 00 00
004349-004361 StringBlock "ContextList"
004362-004386 StringBlock "CcoCampaignResourcePool"
004387-004406 StringBlock "PositiveFactorList"
004407-004467 DataBlock
  ................ 00 00 00 00 00 00 00 00 17 00 00 00 01 01 00 00
  ................ 00 00 01 01 00 00 00 01 00 00 00 00 00 00 00 00
  ................ 00 00 00 00 00 00 00 00 00 00 00 00 00 00 00 00
  .............    00 00 00 00 00 01 00 00 00 a0 d6 f4 1e
004468-004477 StringBlock "NewState"
004478-004514 DataBlock
  6............... 36 01 00 00 1a 00 00 00 00 00 00 00 02 00 00 00
  ................ 00 00 00 00 00 00 00 00 01 00 00 00 00 00 00 00
  .....            00 00 00 00 00
004515-004527 FontNameBlock "la_gioconda"
004528-004543 DataBlock
  ................ 0c 00 00 00 01 00 00 00 00 00 00 00 d7 f8 ff ff
004544-004560 StringBlock "fe_default_text"
004561-004580 DataBlock
  ................ 08 00 00 00 00 00 00 00 06 00 00 00 00 00 00 00
  ....             00 00 00 00
004581-004591 T0Block "normal_t0"
004592-004607 DataBlock
  ................ 00 00 00 00 00 00 00 00 00 00 00 00 00 00 00 00
004608-004618 T0Block "normal_t0"
004619-004672 DataBlock
  ................ 00 00 00 00 00 00 00 00 00 00 00 00 00 00 00 00
  ................ 00 00 00 00 00 00 00 00 00 00 00 00 00 00 00 00
  ................ 00 00 00 00 ff 00 00 00 00 00 00 00 01 00 00 00
  ...u..           00 00 e0 75 d4 1a
004673-004688 StringBlock "template_entry"
004689-004694 DataBlock
  ......           00 00 01 00 00 00
004695-004712 StringBlock "ContextTextLabel"
004713-004739 StringBlock "CcoCampaignResourceFactor"
004740-004745 StringBlock "Name"
004746-004806 DataBlock
  ................ 00 00 00 00 00 00 00 00 00 00 00 00 00 00 00 00
  ................ 00 00 01 00 00 00 00 01 00 00 00 00 00 00 00 00
  ........... .... 00 00 00 00 00 00 00 00 00 e0 91 20 1a 00 00 00
  ........... .    00 00 00 00 00 01 00 00 00 e0 91 20 1a
004807-004816 StringBlock "NewState"
004817-004824 DataBlock
  6.......         36 01 00 00 18 00 00 00
004825-004854 UnicodeBlock "dy_factor_name"
004855-004873 DataBlock
  ................ 00 00 02 00 00 00 04 00 00 00 00 00 00 00 02 00
  ...              00 00 00
004874-004945 UnicodeBlock "template_entry_NewState_Text_48005f"
004946-004951 DataBlock
  ......           00 00 00 00 00 00
004952-004964 FontNameBlock "la_gioconda"
004965-004980 DataBlock
  ................ 0c 00 00 00 03 00 00 00 00 00 00 00 d7 f8 ff ff
004981-004996 StringBlock "ingame_tooltip"
004997-005016 DataBlock
  $............... 24 00 00 00 0c 00 00 00 00 00 00 00 04 00 00 00
  ....             01 00 00 00
005017-005027 T0Block "normal_t0"
005028-005043 DataBlock
  ................ 00 00 00 00 00 00 00 00 00 00 00 00 00 00 00 00
005044-005054 T0Block "normal_t0"
005055-005108 DataBlock
  ................ 00 00 00 00 00 00 00 00 00 00 00 00 00 00 00 00
  ................ 00 00 00 00 00 00 00 00 00 00 00 00 00 00 00 00
  ................ 00 00 00 00 ff 00 00 00 00 00 00 00 01 00 00 00
  ......           00 00 a0 82 c7 1a
005109-005118 StringBlock "dy_value"
005119-005124 DataBlock
  ......           00 00 02 00 00 00
005125-005142 StringBlock "ContextTextLabel"
005143-005169 StringBlock "CcoCampaignResourceFactor"
005170-005176 StringBlock "Value"
005177-005180 DataBlock
  ....             00 00 00 00
005181-005200 StringBlock "ContextStateSetter"
005201-005227 StringBlock "CcoCampaignResourceFactor"
005228-005234 StringBlock "Value"
005235-005331 DataBlock
  ................ 00 00 00 00 0e 01 00 00 00 00 00 00 00 00 00 00
  ................ 00 00 01 00 00 00 00 01 00 00 00 00 06 00 00 00
  ..........L..... 00 00 00 00 00 00 00 00 00 c0 4c 01 1f 00 00 00
  ..........L....0 00 00 00 00 00 02 00 00 00 c0 4c 01 1f 01 00 30
  (.........9.9... 28 00 00 00 18 00 00 00 02 00 39 00 39 00 00 00
  ................ 02 00 00 00 04 00 00 00 00 00 00 00 02 00 00 00
  .                01
005332-005399 UnicodeBlock "label_amount_NewState_Text_390039"
005400-005405 DataBlock
  ......           00 00 00 00 00 00
005406-005418 FontNameBlock "la_gioconda"
005419-005434 DataBlock
  ................ 0c 00 00 00 01 00 00 00 00 00 00 00 c0 c0 c0 ff
005435-005458 StringBlock "ingame_text_small_grey"
005459-005478 DataBlock
  ................ 00 00 00 00 00 00 00 00 00 00 00 00 00 00 00 00
  ....             01 00 00 00
005479-005489 T0Block "normal_t0"
005490-005505 DataBlock
  ................ 00 00 00 00 00 00 00 00 00 00 00 00 00 00 00 00
005506-005516 T0Block "normal_t0"
005517-005588 DataBlock
  ................ 00 00 00 00 00 00 00 00 00 00 00 00 00 00 00 00
  ................ 00 00 00 00 00 00 00 00 00 00 00 00 00 00 00 00
  T.....1(........ 54 f0 8a 00 01 00 31 28 00 00 00 18 00 00 00 02
  .9.9............ 00 39 00 39 00 00 00 02 00 00 00 04 00 00 00 00
  ........         00 00 00 02 00 00 00 01
005589-005656 UnicodeBlock "label_amount_NewState_Text_390039"
005657-005662 DataBlock
  ......           00 00 00 00 00 00
005663-005675 FontNameBlock "la_gioconda"
005676-005691 DataBlock
  ............7... 0c 00 00 00 01 00 00 00 00 00 00 00 37 ff a0 ff
005692-005709 StringBlock "fe_tooltip_green"
005710-005729 DataBlock
  ................ 00 00 00 00 00 00 00 00 00 00 00 00 00 00 00 00
  ....             01 00 00 00
005730-005740 T0Block "normal_t0"
005741-005756 DataBlock
  ................ 00 00 00 00 00 00 00 00 00 00 00 00 00 00 00 00
005757-005767 T0Block "normal_t0"
005768-005803 DataBlock
  ................ 00 00 00 00 00 00 00 00 00 00 00 00 00 00 00 00
  ................ 00 00 00 00 00 00 00 00 00 00 00 00 00 00 00 00
  ....             01 00 00 00
005804-005815 StringBlock "threshold0"
005816-005875 DataBlock
  ..0............. 01 00 30 ff 00 00 00 00 00 00 00 00 00 00 00 00
  ............?... 00 00 00 00 00 00 00 00 00 00 00 80 3f 00 00 80
  ?...?........... 3f 00 00 00 3f 00 00 00 00 00 00 00 01 00 00 00
  ..?.........     00 80 3f 00 00 00 00 00 00 00 00 01
005876-005881 StringBlock "List"
005882-005966 DataBlock
  .......C........ 01 00 00 00 00 00 aa 43 00 00 00 00 00 00 00 00
  ................ 00 01 00 00 00 01 00 00 00 00 00 02 00 00 00 00
  ................ 00 00 00 00 00 00 00 00 00 00 00 00 00 00 00 00
  ................ 00 00 00 00 00 00 00 00 00 00 00 00 00 00 00 00
  ......?......... 00 00 00 00 00 80 3f 00 00 00 00 00 00 00 00 00
  . ...            00 20 ca 12 07
005967-005973 StringBlock "total"
005974-006036 DataBlock
  ..........1..... 00 00 00 00 00 00 00 00 00 00 31 00 00 00 00 00
  ................ 00 00 00 00 00 00 00 00 00 01 00 00 00 00 00 00
  ................ 00 00 00 00 00 00 00 00 00 00 00 f0 cf 12 07 00
  ...............  00 00 00 00 00 00 00 01 00 00 00 f0 cf 12 07
006037-006046 StringBlock "NewState"
006047-006054 DataBlock
  6.......         36 01 00 00 18 00 00 00
006055-006066 UnicodeBlock "Total"
006067-006085 DataBlock
  ................ 00 00 02 00 00 00 04 00 00 00 00 00 00 00 02 00
  ...              00 00 01
006086-006137 UnicodeBlock "total_NewState_Text_e004c"
006138-006143 DataBlock
  ......           00 00 00 00 00 00
006144-006156 FontNameBlock "la_gioconda"
006157-006172 DataBlock
  ................ 0c 00 00 00 03 00 00 00 00 00 00 00 d7 f8 ff ff
006173-006188 StringBlock "ingame_tooltip"
006189-006208 DataBlock
  ................ 14 00 00 00 0c 00 00 00 00 00 00 00 04 00 00 00
  ....             01 00 00 00
006209-006219 T0Block "normal_t0"
006220-006235 DataBlock
  ................ 00 00 00 00 00 00 00 00 00 00 00 00 00 00 00 00
006236-006246 T0Block "normal_t0"
006247-006300 DataBlock
  ................ 00 00 00 00 00 00 00 00 00 00 00 00 00 00 00 00
  ................ 00 00 00 00 00 00 00 00 00 00 00 00 00 00 00 00
  ................ 00 00 00 00 ff 00 00 00 00 00 00 00 01 00 00 00
  ..@..!           00 00 40 86 db 21
006301-006310 StringBlock "dy_value"
006311-006316 DataBlock
  ......           00 00 01 00 00 00
006317-006334 StringBlock "ContextTextLabel"
006335-006359 StringBlock "CcoCampaignResourcePool"
006360-006380 StringBlock "PositiveFactorTotal"
006381-006441 DataBlock
  ................ 00 00 00 00 0e 01 00 00 00 00 00 00 00 00 00 00
  ................ 00 00 01 00 00 00 00 01 00 00 00 00 06 00 00 00
  .........@..!... 00 00 00 00 00 00 00 00 00 40 8a db 21 00 00 00
  .........@..!    00 00 00 00 00 01 00 00 00 40 8a db 21
006442-006451 StringBlock "NewState"
006452-006484 DataBlock
  (.........9.9... 28 00 00 00 18 00 00 00 02 00 39 00 39 00 00 00
  ................ 02 00 00 00 04 00 00 00 00 00 00 00 02 00 00 00
  .                01
006485-006552 UnicodeBlock "label_amount_NewState_Text_390039"
006553-006558 DataBlock
  ......           00 00 00 00 00 00
006559-006571 FontNameBlock "la_gioconda"
006572-006587 DataBlock
  ............7... 0c 00 00 00 01 00 00 00 00 00 00 00 37 ff a0 ff
006588-006605 StringBlock "fe_tooltip_green"
006606-006625 DataBlock
  ................ 00 00 00 00 00 00 00 00 00 00 00 00 00 00 00 00
  ....             01 00 00 00
006626-006636 T0Block "normal_t0"
006637-006652 DataBlock
  ................ 00 00 00 00 00 00 00 00 00 00 00 00 00 00 00 00
006653-006663 T0Block "normal_t0"
006664-006756 DataBlock
  ................ 00 00 00 00 00 00 00 00 00 00 00 00 00 00 00 00
  ................ 00 00 00 00 00 00 00 00 00 00 00 00 00 00 00 00
  ................ 00 00 00 00 ff 00 00 00 00 00 00 00 00 00 00 00
  .............?.. 00 00 00 00 00 00 00 00 00 00 00 00 80 3f 00 00
  .?...?.......... 80 3f 00 00 00 3f 00 00 00 00 00 00 00 01 00 00
  ...?.........    00 00 80 3f 00 00 00 00 00 00 00 00 01
006757-006762 StringBlock "List"
006763-006847 DataBlock
  .......C........ 01 00 00 00 00 00 aa 43 00 00 00 00 00 00 00 00
  ................ 00 01 00 00 00 01 00 00 00 00 00 02 00 00 00 00
  ................ 00 00 00 00 00 00 00 00 00 00 00 00 00 00 00 00
  ................ 00 00 00 00 00 00 00 00 00 00 00 00 00 00 00 00
  ......?......... 00 00 00 00 00 80 3f 00 00 00 00 00 00 00 00 00
  .....            00 00 8c cd 1e
006848-006861 StringBlock "pending_list"
006862-006924 DataBlock
  ..........s..... 00 00 00 00 00 00 00 00 00 00 73 00 00 00 01 01
  ................ 00 00 00 00 00 01 00 00 00 01 00 00 00 00 00 00
  ................ 00 00 00 00 00 00 00 00 00 00 00 00 00 00 00 00
  ...............  00 00 00 00 00 00 00 01 00 00 00 80 8f cd 1e
006925-006934 StringBlock "NewState"
006935-006971 DataBlock
  6...3........... 36 01 00 00 33 00 00 00 00 00 00 00 02 00 00 00
  ................ 00 00 00 00 00 00 00 00 01 00 00 00 00 00 00 00
  .....            00 00 00 00 00
006972-006984 FontNameBlock "la_gioconda"
006985-007000 DataBlock
  ................ 0c 00 00 00 01 00 00 00 00 00 00 00 d7 f8 ff ff
007001-007009 StringBlock "fe_text"
007010-007029 DataBlock
  ................ 08 00 00 00 00 00 00 00 06 00 00 00 00 00 00 00
  ....             00 00 00 00
007030-007040 T0Block "normal_t0"
007041-007056 DataBlock
  ................ 00 00 00 00 00 00 00 00 00 00 00 00 00 00 00 00
007057-007067 T0Block "normal_t0"
007068-007121 DataBlock
  ................ 00 00 00 00 00 00 00 00 00 00 00 00 00 00 00 00
  ................ 00 00 00 00 00 00 00 00 00 00 00 00 00 00 00 00
  ................ 00 00 00 00 ff 00 00 00 00 00 00 00 02 00 00 00
  .. !..           00 00 20 21 87 1e
007122-007134 StringBlock "list_header"
007135-007140 DataBlock
  ......           00 00 01 00 00 00
007141-007158 StringBlock "ContextTextLabel"
007159-007183 StringBlock "CcoCampaignResourcePool"
007184-007203 StringBlock "PendingFactorsName"
007204-007264 DataBlock
  ................ 00 00 00 00 00 00 00 00 00 00 00 00 01 01 00 00
  ................ 00 00 01 00 00 00 00 01 00 00 00 00 00 00 00 00
  ................ 00 00 00 00 00 00 00 00 00 00 80 92 14 00 00 00
  .............    00 00 00 00 00 01 00 00 00 00 80 92 14
007265-007274 StringBlock "NewState"
007275-007282 DataBlock
  ........         ec 00 00 00 17 00 00 00
007283-007342 UnicodeBlock "{{tr:food_breakdown_pending}}"
007343-007361 DataBlock
  ................ 00 00 02 00 00 00 00 00 00 00 00 00 00 00 03 00
  ...              00 00 00
007362-007449 UnicodeBlock "dy_description_textbox_NewState_Text_12003e"
007450-007455 DataBlock
  ......           00 00 00 00 00 00
007456-007468 FontNameBlock "la_gioconda"
007469-007484 DataBlock
  ................ 0c 00 00 00 01 00 00 00 00 00 00 00 d7 f8 ff ff
007485-007493 StringBlock "fe_text"
007494-007513 DataBlock
  ................ 0c 00 00 00 08 00 00 00 02 00 00 00 05 00 00 00
  ....             01 00 00 00
007514-007524 T0Block "normal_t0"
007525-007540 DataBlock
  ................ 00 00 00 00 00 00 00 00 00 00 00 00 00 00 00 00
007541-007551 T0Block "normal_t0"
007552-007627 DataBlock
  ................ 00 00 00 00 00 00 00 00 00 00 00 00 00 00 00 00
  ................ 00 00 00 00 00 00 00 00 00 00 00 00 00 00 00 00
  ................ 00 00 00 00 ff 00 00 00 00 00 00 00 00 00 00 00
  .............?.. 00 00 00 00 00 00 00 01 00 00 00 00 80 3f 00 00
  ............     00 00 00 00 00 00 00 00 e0 0f 05 1b
007628-007640 StringBlock "factor_list"
007641-007646 DataBlock
  ......           00 00 01 00 00 00
007647-007659 StringBlock "ContextList"
007660-007724 DataBlock
  ................ 00 00 00 00 00 00 00 00 00 00 00 00 17 00 00 00
  ................ 01 01 00 00 00 00 01 01 00 00 00 01 00 00 00 00
  ................ 00 00 00 00 00 00 00 00 00 00 00 00 00 00 00 00
  ..............fP 00 00 00 00 00 00 00 00 00 01 00 00 00 00 66 50
  +                2b
007725-007734 StringBlock "NewState"
007735-007771 DataBlock
  6............... 36 01 00 00 1a 00 00 00 00 00 00 00 02 00 00 00
  ................ 00 00 00 00 00 00 00 00 01 00 00 00 00 00 00 00
  .....            00 00 00 00 00
007772-007784 FontNameBlock "la_gioconda"
007785-007800 DataBlock
  ................ 0c 00 00 00 01 00 00 00 00 00 00 00 d7 f8 ff ff
007801-007817 StringBlock "fe_default_text"
007818-007837 DataBlock
  ................ 08 00 00 00 00 00 00 00 06 00 00 00 00 00 00 00
  ....             00 00 00 00
007838-007848 T0Block "normal_t0"
007849-007864 DataBlock
  ................ 00 00 00 00 00 00 00 00 00 00 00 00 00 00 00 00
007865-007875 T0Block "normal_t0"
007876-007929 DataBlock
  ................ 00 00 00 00 00 00 00 00 00 00 00 00 00 00 00 00
  ................ 00 00 00 00 00 00 00 00 00 00 00 00 00 00 00 00
  ................ 00 00 00 00 ff 00 00 00 00 00 00 00 01 00 00 00
  ..`s..           00 00 60 73 fa 1e
007930-007945 StringBlock "template_entry"
007946-007951 DataBlock
  ......           00 00 01 00 00 00
007952-007969 StringBlock "ContextTextLabel"
007970-007974 DataBlock
  ..any            03 00 61 6e 79
007975-007980 StringBlock "Name"
007981-008041 DataBlock
  ................ 00 00 00 00 00 00 00 00 00 00 00 00 00 00 00 00
  ................ 00 00 01 00 00 00 00 01 00 00 00 00 00 00 00 00
  ................ 00 00 00 00 00 00 00 00 00 c0 cc e8 1a 00 00 00
  .............    00 00 00 00 00 01 00 00 00 c0 cc e8 1a
008042-008051 StringBlock "NewState"
008052-008059 DataBlock
  6.......         36 01 00 00 18 00 00 00
008060-008079 UnicodeBlock "Buildings"
008080-008098 DataBlock
  ................ 00 00 02 00 00 00 04 00 00 00 00 00 00 00 02 00
  ...              00 00 01
008099-008184 UnicodeBlock "global_factional_pool_NewState_Text_170052"
008185-008190 DataBlock
  ......           00 00 00 00 00 00
008191-008203 FontNameBlock "la_gioconda"
008204-008219 DataBlock
  ................ 0c 00 00 00 03 00 00 00 00 00 00 00 d7 f8 ff ff
008220-008235 StringBlock "ingame_tooltip"
008236-008255 DataBlock
  $............... 24 00 00 00 0c 00 00 00 00 00 00 00 04 00 00 00
  ....             01 00 00 00
008256-008266 T0Block "normal_t0"
008267-008282 DataBlock
  ................ 00 00 00 00 00 00 00 00 00 00 00 00 00 00 00 00
008283-008293 T0Block "normal_t0"
008294-008347 DataBlock
  ................ 00 00 00 00 00 00 00 00 00 00 00 00 00 00 00 00
  ................ 00 00 00 00 00 00 00 00 00 00 00 00 00 00 00 00
  ................ 00 00 00 00 ff 00 00 00 00 00 00 00 01 00 00 00
  ...!..           00 00 80 21 d3 1a
008348-008357 StringBlock "dy_value"
008358-008363 DataBlock
  ......           00 00 01 00 00 00
008364-008381 StringBlock "ContextTextLabel"
008382-008386 DataBlock
  ..any            03 00 61 6e 79
008387-008393 StringBlock "Value"
008394-008454 DataBlock
  ................ 00 00 00 00 0e 01 00 00 00 00 00 00 00 00 00 00
  ................ 00 00 01 00 00 00 00 01 00 00 00 00 06 00 00 00
  ................ 00 00 00 00 00 00 00 00 00 c0 9a ec 1a 00 00 00
  .............    00 00 00 00 00 01 00 00 00 c0 9a ec 1a
008455-008464 StringBlock "NewState"
008465-008497 DataBlock
  (.........9.9... 28 00 00 00 18 00 00 00 02 00 39 00 39 00 00 00
  ................ 02 00 00 00 04 00 00 00 00 00 00 00 02 00 00 00
  .                01
008498-008565 UnicodeBlock "label_amount_NewState_Text_390039"
008566-008571 DataBlock
  ......           00 00 00 00 00 00
008572-008584 FontNameBlock "la_gioconda"
008585-008600 DataBlock
  ................ 0c 00 00 00 02 00 00 00 00 00 00 00 00 d7 ff ff
008601-008616 StringBlock "fe_text_yellow"
008617-008636 DataBlock
  ................ 00 00 00 00 00 00 00 00 00 00 00 00 00 00 00 00
  ....             01 00 00 00
008637-008647 T0Block "normal_t0"
008648-008663 DataBlock
  ................ 00 00 00 00 00 00 00 00 00 00 00 00 00 00 00 00
008664-008674 T0Block "normal_t0"
008675-008767 DataBlock
  ................ 00 00 00 00 00 00 00 00 00 00 00 00 00 00 00 00
  ................ 00 00 00 00 00 00 00 00 00 00 00 00 00 00 00 00
  ................ 00 00 00 00 ff 00 00 00 00 00 00 00 00 00 00 00
  .............?.. 00 00 00 00 00 00 00 00 00 00 00 00 80 3f 00 00
  .?...?.......... 80 3f 00 00 00 3f 00 00 00 00 00 00 00 01 00 00
  ...?.........    00 00 80 3f 00 00 00 00 00 00 00 00 01
008768-008773 StringBlock "List"
008774-008853 DataBlock
  .......C........ 01 00 00 00 00 00 aa 43 00 00 00 00 00 00 00 00
  ................ 00 01 00 00 00 01 00 00 00 00 00 02 00 00 00 00
  ................ 00 00 00 00 00 00 00 00 00 00 00 00 00 00 00 00
  ................ 00 00 00 00 00 00 00 00 00 00 00 00 00 00 00 00
  ......?......... 00 00 00 00 00 80 3f 00 00 00 00 00 00 00 00 01
008854-008859 StringBlock "List"
008860-008944 DataBlock
  .......C........ 01 00 00 00 00 00 aa 43 00 00 00 00 00 00 00 00
  ................ 00 01 00 00 00 01 00 00 00 00 00 02 00 00 00 00
  ................ 00 00 00 00 00 00 00 00 00 00 00 00 00 00 00 00
  ................ 00 00 00 00 00 00 00 00 00 00 00 00 00 00 00 00
  ......?......... 00 00 00 00 00 80 3f 00 00 00 00 00 00 00 00 00
  .@d..            00 40 64 cd 1e
008945-008959 StringBlock "negative_list"
008960-008965 DataBlock
  ......           00 00 01 00 00 00
008966-008990 StringBlock "ContextVisibilitySetter"
008991-009015 StringBlock "CcoCampaignResourcePool"
009016-009035 StringBlock "NegativeFactorList"
009036-009096 DataBlock
  ................ 00 00 00 00 00 00 00 00 a3 00 00 00 01 01 00 00
  ................ 00 00 01 01 00 00 00 01 00 00 00 00 00 00 00 00
  ................ 00 00 00 00 00 00 00 00 00 00 00 00 00 00 00 00
  ..........g..    00 00 00 00 00 01 00 00 00 c0 67 cd 1e
009097-009106 StringBlock "NewState"
009107-009143 DataBlock
  6...3........... 36 01 00 00 33 00 00 00 00 00 00 00 02 00 00 00
  ................ 00 00 00 00 00 00 00 00 01 00 00 00 00 00 00 00
  .....            00 00 00 00 00
009144-009156 FontNameBlock "la_gioconda"
009157-009172 DataBlock
  ................ 0c 00 00 00 01 00 00 00 00 00 00 00 d7 f8 ff ff
009173-009181 StringBlock "fe_text"
009182-009201 DataBlock
  ................ 08 00 00 00 00 00 00 00 06 00 00 00 00 00 00 00
  ....             00 00 00 00
009202-009212 T0Block "normal_t0"
009213-009228 DataBlock
  ................ 00 00 00 00 00 00 00 00 00 00 00 00 00 00 00 00
009229-009239 T0Block "normal_t0"
009240-009293 DataBlock
  ................ 00 00 00 00 00 00 00 00 00 00 00 00 00 00 00 00
  ................ 00 00 00 00 00 00 00 00 00 00 00 00 00 00 00 00
  ................ 00 00 00 00 ff 00 00 00 00 00 00 00 03 00 00 00
  ......           00 00 c0 f1 d5 1a
009294-009306 StringBlock "list_header"
009307-009312 DataBlock
  ......           00 00 01 00 00 00
009313-009330 StringBlock "ContextTextLabel"
009331-009355 StringBlock "CcoCampaignResourcePool"
009356-009376 StringBlock "NegativeFactorsName"
009377-009437 DataBlock
  ................ 00 00 00 00 00 00 00 00 00 00 00 00 01 00 00 00
  ................ 00 00 01 00 00 00 00 01 00 00 00 00 00 00 00 00
  .........@...... 00 00 00 00 00 00 00 00 00 40 80 ff 1a 00 00 00
  .........@...    00 00 00 00 00 01 00 00 00 40 80 ff 1a
009438-009447 StringBlock "NewState"
009448-009455 DataBlock
  ........         9b 00 00 00 17 00 00 00
009456-009495 UnicodeBlock "dy_negative_factors"
009496-009514 DataBlock
  ................ 00 00 02 00 00 00 00 00 00 00 00 00 00 00 03 00
  ...              00 00 00
009515-009580 UnicodeBlock "list_header_NewState_Text_4a002a"
009581-009586 DataBlock
  ......           00 00 00 00 00 00
009587-009599 FontNameBlock "la_gioconda"
009600-009615 DataBlock
  ................ 0c 00 00 00 01 00 00 00 00 00 00 00 d7 f8 ff ff
009616-009632 StringBlock "fe_default_text"
009633-009652 DataBlock
  ................ 0c 00 00 00 08 00 00 00 02 00 00 00 05 00 00 00
  ....             01 00 00 00
009653-009663 T0Block "normal_t0"
009664-009679 DataBlock
  ................ 00 00 00 00 00 00 00 00 00 00 00 00 00 00 00 00
009680-009690 T0Block "normal_t0"
009691-009766 DataBlock
  ................ 00 00 00 00 00 00 00 00 00 00 00 00 00 00 00 00
  ................ 00 00 00 00 00 00 00 00 00 00 00 00 00 00 00 00
  ................ 00 00 00 00 ff 00 00 00 00 00 00 00 00 00 00 00
  .............?.. 00 00 00 00 00 00 00 01 00 00 00 00 80 3f 00 00
  ............     00 00 00 00 00 00 00 00 c0 f0 f1 1a
009767-009779 StringBlock "factor_list"
009780-009785 DataBlock
  ......           00 00 01 00 00 00
009786-009798 StringBlock "ContextList"
009799-009823 StringBlock "CcoCampaignResourcePool"
009824-009843 StringBlock "NegativeFactorList"
009844-009904 DataBlock
  ................ 00 00 00 00 00 00 00 00 17 00 00 00 01 01 00 00
  ................ 00 00 01 01 00 00 00 01 00 00 00 00 00 00 00 00
  ................ 00 00 00 00 00 00 00 00 00 00 00 00 00 00 00 00
  ..........y..    00 00 00 00 00 01 00 00 00 80 79 f4 1e
009905-009914 StringBlock "NewState"
009915-009951 DataBlock
  6............... 36 01 00 00 1a 00 00 00 00 00 00 00 02 00 00 00
  ................ 00 00 00 00 00 00 00 00 01 00 00 00 00 00 00 00
  .....            00 00 00 00 00
009952-009964 FontNameBlock "la_gioconda"
009965-009980 DataBlock
  ................ 0c 00 00 00 01 00 00 00 00 00 00 00 d7 f8 ff ff
009981-009997 StringBlock "fe_default_text"
009998-010017 DataBlock
  ................ 08 00 00 00 00 00 00 00 06 00 00 00 00 00 00 00
  ....             00 00 00 00
010018-010028 T0Block "normal_t0"
010029-010044 DataBlock
  ................ 00 00 00 00 00 00 00 00 00 00 00 00 00 00 00 00
010045-010055 T0Block "normal_t0"
010056-010109 DataBlock
  ................ 00 00 00 00 00 00 00 00 00 00 00 00 00 00 00 00
  ................ 00 00 00 00 00 00 00 00 00 00 00 00 00 00 00 00
  ................ 00 00 00 00 ff 00 00 00 00 00 00 00 01 00 00 00
  ..@...           00 00 40 d9 f4 1e
010110-010125 StringBlock "template_entry"
010126-010131 DataBlock
  ......           00 00 01 00 00 00
010132-010149 StringBlock "ContextTextLabel"
010150-010176 StringBlock "CcoCampaignResourceFactor"
010177-010182 StringBlock "Name"
010183-010243 DataBlock
  ................ 00 00 00 00 00 00 00 00 00 00 00 00 00 00 00 00
  ................ 00 00 01 00 00 00 00 01 00 00 00 00 00 00 00 00
  ..........=A.... 00 00 00 00 00 00 00 00 00 c0 3d 41 1a 00 00 00
  ..........=A.    00 00 00 00 00 01 00 00 00 c0 3d 41 1a
010244-010253 StringBlock "NewState"
010254-010261 DataBlock
  6.......         36 01 00 00 18 00 00 00
010262-010291 UnicodeBlock "dy_factor_name"
010292-010310 DataBlock
  ................ 00 00 02 00 00 00 04 00 00 00 00 00 00 00 02 00
  ...              00 00 00
010311-010382 UnicodeBlock "template_entry_NewState_Text_48005f"
010383-010388 DataBlock
  ......           00 00 00 00 00 00
010389-010401 FontNameBlock "la_gioconda"
010402-010417 DataBlock
  ................ 0c 00 00 00 03 00 00 00 00 00 00 00 d7 f8 ff ff
010418-010433 StringBlock "ingame_tooltip"
010434-010453 DataBlock
  $............... 24 00 00 00 0c 00 00 00 00 00 00 00 04 00 00 00
  ....             01 00 00 00
010454-010464 T0Block "normal_t0"
010465-010480 DataBlock
  ................ 00 00 00 00 00 00 00 00 00 00 00 00 00 00 00 00
010481-010491 T0Block "normal_t0"
010492-010545 DataBlock
  ................ 00 00 00 00 00 00 00 00 00 00 00 00 00 00 00 00
  ................ 00 00 00 00 00 00 00 00 00 00 00 00 00 00 00 00
  ................ 00 00 00 00 ff 00 00 00 00 00 00 00 01 00 00 00
  ...E..           00 00 80 45 e2 1a
010546-010555 StringBlock "dy_value"
010556-010561 DataBlock
  ......           00 00 02 00 00 00
010562-010579 StringBlock "ContextTextLabel"
010580-010606 StringBlock "CcoCampaignResourceFactor"
010607-010613 StringBlock "Value"
010614-010617 DataBlock
  ....             00 00 00 00
010618-010637 StringBlock "ContextStateSetter"
010638-010664 StringBlock "CcoCampaignResourceFactor"
010665-010671 StringBlock "Value"
010672-010768 DataBlock
  ................ 00 00 00 00 0e 01 00 00 00 00 00 00 00 00 00 00
  ................ 00 00 01 00 00 00 00 01 00 00 00 00 06 00 00 00
  .........@...... 00 00 00 00 00 00 00 00 00 40 dc d6 1a 00 00 00
  .........@.....0 00 00 00 00 00 02 00 00 00 40 dc d6 1a 01 00 30
  (.........9.9... 28 00 00 00 18 00 00 00 02 00 39 00 39 00 00 00
  ................ 02 00 00 00 04 00 00 00 00 00 00 00 02 00 00 00
  .                01
010769-010836 UnicodeBlock "label_amount_NewState_Text_390039"
010837-010842 DataBlock
  ......           00 00 00 00 00 00
010843-010855 FontNameBlock "la_gioconda"
010856-010871 DataBlock
  ............--.. 0c 00 00 00 07 00 00 00 00 00 00 00 2d 2d ff ff
010872-010888 StringBlock "ingame_text_red"
010889-010908 DataBlock
  ................ 00 00 00 00 00 00 00 00 00 00 00 00 00 00 00 00
  ....             01 00 00 00
010909-010919 T0Block "normal_t0"
010920-010935 DataBlock
  ................ 00 00 00 00 00 00 00 00 00 00 00 00 00 00 00 00
010936-010946 T0Block "normal_t0"
010947-011018 DataBlock
  ................ 00 00 00 00 00 00 00 00 00 00 00 00 00 00 00 00
  ................ 00 00 00 00 00 00 00 00 00 00 00 00 00 00 00 00
  ......1(........ 84 1e 84 00 01 00 31 28 00 00 00 18 00 00 00 02
  .9.9............ 00 39 00 39 00 00 00 02 00 00 00 04 00 00 00 00
  ........         00 00 00 02 00 00 00 01
011019-011086 UnicodeBlock "label_amount_NewState_Text_390039"
011087-011092 DataBlock
  ......           00 00 00 00 00 00
011093-011105 FontNameBlock "la_gioconda"
011106-011121 DataBlock
  ................ 0c 00 00 00 01 00 00 00 00 00 00 00 c0 c0 c0 ff
011122-011145 StringBlock "ingame_text_small_grey"
011146-011165 DataBlock
  ................ 00 00 00 00 00 00 00 00 00 00 00 00 00 00 00 00
  ....             01 00 00 00
011166-011176 T0Block "normal_t0"
011177-011192 DataBlock
  ................ 00 00 00 00 00 00 00 00 00 00 00 00 00 00 00 00
011193-011203 T0Block "normal_t0"
011204-011239 DataBlock
  ................ 00 00 00 00 00 00 00 00 00 00 00 00 00 00 00 00
  ................ 00 00 00 00 00 00 00 00 00 00 00 00 00 00 00 00
  ....             01 00 00 00
011240-011251 StringBlock "threshold0"
011252-011312 DataBlock
  ..-1............ 02 00 2d 31 ff 00 00 00 00 00 00 00 00 00 00 00
  .............?.. 00 00 00 00 00 00 00 00 00 00 00 00 80 3f 00 00
  .?...?.......... 80 3f 00 00 00 3f 00 00 00 00 00 00 00 01 00 00
  ...?.........    00 00 80 3f 00 00 00 00 00 00 00 00 01
011313-011318 StringBlock "List"
011319-011403 DataBlock
  .......C........ 01 00 00 00 00 00 aa 43 00 00 00 00 00 00 00 00
  ................ 00 01 00 00 00 01 00 00 00 00 00 02 00 00 00 00
  ................ 00 00 00 00 00 00 00 00 00 00 00 00 00 00 00 00
  ................ 00 00 00 00 00 00 00 00 00 00 00 00 00 00 00 00
  ......?......... 00 00 00 00 00 80 3f 00 00 00 00 00 00 00 00 00
  ..../            00 c0 18 ec 2f
011404-011410 StringBlock "total"
011411-011473 DataBlock
  ..........1..... 00 00 00 00 00 00 00 00 00 00 31 00 00 00 00 00
  ................ 00 00 00 00 00 00 00 00 00 01 00 00 00 00 00 00
  ............../. 00 00 00 00 00 00 00 00 00 00 00 c0 1c ec 2f 00
  ............../  00 00 00 00 00 00 00 01 00 00 00 c0 1c ec 2f
011474-011483 StringBlock "NewState"
011484-011491 DataBlock
  6.......         36 01 00 00 18 00 00 00
011492-011503 UnicodeBlock "Total"
011504-011522 DataBlock
  ................ 00 00 02 00 00 00 04 00 00 00 00 00 00 00 02 00
  ...              00 00 01
011523-011574 UnicodeBlock "total_NewState_Text_e004c"
011575-011580 DataBlock
  ......           00 00 00 00 00 00
011581-011593 FontNameBlock "la_gioconda"
011594-011609 DataBlock
  ................ 0c 00 00 00 03 00 00 00 00 00 00 00 d7 f8 ff ff
011610-011625 StringBlock "ingame_tooltip"
011626-011645 DataBlock
  ................ 14 00 00 00 0c 00 00 00 00 00 00 00 04 00 00 00
  ....             01 00 00 00
011646-011656 T0Block "normal_t0"
011657-011672 DataBlock
  ................ 00 00 00 00 00 00 00 00 00 00 00 00 00 00 00 00
011673-011683 T0Block "normal_t0"
011684-011737 DataBlock
  ................ 00 00 00 00 00 00 00 00 00 00 00 00 00 00 00 00
  ................ 00 00 00 00 00 00 00 00 00 00 00 00 00 00 00 00
  ................ 00 00 00 00 ff 00 00 00 00 00 00 00 01 00 00 00
  ...../           00 00 c0 be eb 2f
011738-011747 StringBlock "dy_value"
011748-011753 DataBlock
  ......           00 00 01 00 00 00
011754-011771 StringBlock "ContextTextLabel"
011772-011796 StringBlock "CcoCampaignResourcePool"
011797-011817 StringBlock "NegativeFactorTotal"
011818-011878 DataBlock
  ................ 00 00 00 00 0e 01 00 00 00 00 00 00 00 00 00 00
  ................ 00 00 01 00 00 00 00 01 00 00 00 00 06 00 00 00
  ............/... 00 00 00 00 00 00 00 00 00 80 c2 eb 2f 00 00 00
  ............/    00 00 00 00 00 01 00 00 00 80 c2 eb 2f
011879-011888 StringBlock "NewState"
011889-011921 DataBlock
  (.........9.9... 28 00 00 00 18 00 00 00 02 00 39 00 39 00 00 00
  ................ 02 00 00 00 04 00 00 00 00 00 00 00 02 00 00 00
  .                01
011922-011989 UnicodeBlock "label_amount_NewState_Text_390039"
011990-011995 DataBlock
  ......           00 00 00 00 00 00
011996-012008 FontNameBlock "la_gioconda"
012009-012024 DataBlock
  ............--.. 0c 00 00 00 07 00 00 00 00 00 00 00 2d 2d ff ff
012025-012041 StringBlock "ingame_text_red"
012042-012061 DataBlock
  ................ 00 00 00 00 00 00 00 00 00 00 00 00 00 00 00 00
  ....             01 00 00 00
012062-012072 T0Block "normal_t0"
012073-012088 DataBlock
  ................ 00 00 00 00 00 00 00 00 00 00 00 00 00 00 00 00
012089-012099 T0Block "normal_t0"
012100-012192 DataBlock
  ................ 00 00 00 00 00 00 00 00 00 00 00 00 00 00 00 00
  ................ 00 00 00 00 00 00 00 00 00 00 00 00 00 00 00 00
  ................ 00 00 00 00 ff 00 00 00 00 00 00 00 00 00 00 00
  .............?.. 00 00 00 00 00 00 00 00 00 00 00 00 80 3f 00 00
  .?...?.......... 80 3f 00 00 00 3f 00 00 00 00 00 00 00 01 00 00
  ...?.........    00 00 80 3f 00 00 00 00 00 00 00 00 01
012193-012198 StringBlock "List"
012199-012283 DataBlock
  .......C........ 01 00 00 00 00 00 aa 43 00 00 00 00 00 00 00 00
  ................ 00 01 00 00 00 01 00 00 00 00 00 02 00 00 00 00
  ................ 00 00 00 00 00 00 00 00 00 00 00 00 00 00 00 00
  ................ 00 00 00 00 00 00 00 00 00 00 00 00 00 00 00 00
  ......?......... 00 00 00 00 00 80 3f 00 00 00 00 00 00 00 00 00
  .....            00 00 ca d7 1f
012284-012304 StringBlock "negative_total_text"
012305-012310 DataBlock
  ......           00 00 01 00 00 00
012311-012335 StringBlock "ContextVisibilitySetter"
012336-012360 StringBlock "CcoCampaignResourcePool"
012361-012367 StringBlock "Total"
012368-012428 DataBlock
  ................ 00 00 00 00 00 00 00 00 a6 00 00 00 01 01 00 00
  ................ 00 00 00 01 00 00 00 01 00 00 00 00 00 00 00 00
  ................ 00 00 00 00 00 00 00 00 00 00 00 00 00 00 00 00
  .............    00 00 00 00 00 01 00 00 00 c0 cd d7 1f
012429-012438 StringBlock "NewState"
012439-012475 DataBlock
  H...%........... 48 01 00 00 25 00 00 00 00 00 00 00 02 00 00 00
  ................ 00 00 00 00 00 00 00 00 01 00 00 00 00 00 00 00
  .....            00 00 00 00 00
012476-012488 FontNameBlock "la_gioconda"
012489-012504 DataBlock
  ................ 0c 00 00 00 01 00 00 00 00 00 00 00 d7 f8 ff ff
012505-012513 StringBlock "fe_text"
012514-012533 DataBlock
  ................ 08 00 00 00 00 00 00 00 06 00 00 00 00 00 00 00
  ....             00 00 00 00
012534-012544 T0Block "normal_t0"
012545-012560 DataBlock
  ................ 00 00 00 00 00 00 00 00 00 00 00 00 00 00 00 00
012561-012571 T0Block "normal_t0"
012572-012607 DataBlock
  ................ 00 00 00 00 00 00 00 00 00 00 00 00 00 00 00 00
  ................ 00 00 00 00 00 00 00 00 00 00 00 00 00 00 00 00
  ....             02 00 00 00
012608-012618 StringBlock "condition"
012619-012621 DataBlock
  ..<              01 00 3c
012622-012636 StringBlock "condition_val"
012637-012647 DataBlock
  ..0........      01 00 30 ff 00 00 00 01 00 00 00
012648-012655 StringBlock "expand"
012656-012729 DataBlock
  ................ 00 00 01 00 00 00 00 00 00 00 00 00 00 00 00 00
  ..Z...J......... 00 00 5a 01 00 00 4a 01 00 00 ff ff ff ff 00 00
  ................ 00 00 00 00 00 00 00 00 00 00 00 00 00 00 00 00
  .............?,. 00 00 ff ff ff ff ff ff ff ff 00 00 80 3f 2c 01
  .........?       00 00 04 00 00 00 00 00 80 3f
012730-012737 StringBlock "Linear"
012738-012757 DataBlock
  ................ 00 00 00 00 00 00 00 00 00 00 02 00 00 00 00 00
  .I..             e0 49 8a 1f
012758-012768 StringBlock "seperator"
012769-012819 DataBlock
  ................ 00 00 00 00 00 00 00 00 00 00 00 00 00 00 01 01
  ................ 00 00 00 00 01 00 00 00 00 01 00 00 00 00 00 00
  ............N... 00 00 00 00 00 00 00 00 00 00 00 a0 4e 8a 1f 01
  ...              00 00 00
012820-012873 ImageBlock id=529157504 xsize=169 ysize=14 path="ui\\skins\\default\\separator_skull.png" unknown=0
012874-012882 DataBlock
  ......N..        00 01 00 00 00 a0 4e 8a 1f
012883-012892 StringBlock "NewState"
012893-012929 DataBlock
  6............... 36 01 00 00 10 00 00 00 00 00 00 00 02 00 00 00
  ................ 00 00 00 00 00 00 00 00 02 00 00 00 00 00 00 00
  .....            00 00 00 00 00
012930-012941 FontNameBlock "Norse-Bold"
012942-012957 DataBlock
  ................ 0a 00 00 00 02 00 00 00 00 00 00 00 dd da fa ff
012958-012980 StringBlock "Default Font Category"
012981-013000 DataBlock
  ................ 00 00 00 00 00 00 00 00 00 00 00 00 00 00 00 00
  ....             00 00 00 01
013001-013011 T0Block "normal_t0"
013012-013027 DataBlock
  ................ 00 00 00 00 00 00 00 00 00 00 00 00 00 00 00 00
013028-013038 T0Block "normal_t0"
013039-013215 DataBlock
  ................ 00 00 00 00 00 00 00 00 00 00 00 00 00 00 00 00
  .....M.......... 01 00 00 00 80 4d 8a 1f 07 00 00 00 00 00 00 00
  -............... 2d 01 00 00 0f 00 00 00 ff ff ff ff 00 00 01 00
  ................ 00 00 00 00 00 00 00 00 00 00 00 00 00 01 01 00
  ................ 00 00 00 00 00 00 00 00 00 00 00 00 00 00 00 00
  ......?......... 00 00 00 00 00 80 3f 00 00 00 00 00 00 00 00 00
  ...............H 00 00 00 00 00 00 00 00 00 00 00 00 00 00 00 48
  B......4B....... 42 00 00 00 00 00 00 34 42 00 00 00 00 00 00 00
  ................ 00 00 00 00 00 00 00 00 00 ff 00 00 00 00 00 00
  ................ 00 00 00 00 00 00 00 00 00 00 00 00 00 00 00 00
  ..?...........R. 00 80 3f 00 00 00 00 00 00 00 00 00 00 00 52 8a
  .                1f
013216-013229 StringBlock "instructions"
013230-013292 DataBlock
  ................ 00 00 00 00 00 00 00 00 00 00 10 00 00 00 00 01
  ................ 00 00 00 00 01 00 00 00 00 01 00 00 00 00 00 00
  ............U... 00 00 00 00 00 00 00 00 00 00 00 c0 55 8a 1f 00
  ............U..  00 00 00 00 00 00 00 01 00 00 00 c0 55 8a 1f
013293-013302 StringBlock "NewState"
013303-013310 DataBlock
  H.......         48 01 00 00 10 00 00 00
013311-013388 UnicodeBlock "{{tr:food_breakdown_negative_details}}"
013389-013407 DataBlock
  ................ 00 00 02 00 00 00 04 00 00 00 00 00 00 00 03 00
  ...              00 00 00
013408-013475 UnicodeBlock "instructions_NewState_Text_7f0012"
013476-013481 DataBlock
  ......           00 00 00 00 00 00
013482-013494 FontNameBlock "la_gioconda"
013495-013510 DataBlock
  ............--.. 0c 00 00 00 07 00 00 00 00 00 00 00 2d 2d ff ff
013511-013527 StringBlock "ingame_text_red"
013528-013547 DataBlock
  ................ 0c 00 00 00 0c 00 00 00 00 00 00 00 00 00 00 00
  ....             01 00 00 00
013548-013558 T0Block "normal_t0"
013559-013574 DataBlock
  ................ 00 00 00 00 00 00 00 00 00 00 00 00 00 00 00 00
013575-013585 T0Block "normal_t0"
013586-013656 DataBlock
  ................ 00 00 00 00 00 00 00 00 00 00 00 00 00 00 00 00
  ................ 00 00 00 00 00 00 00 00 00 00 00 00 00 00 00 00
  ................ 00 00 00 00 ff 00 00 00 00 00 00 00 00 00 00 00
  .............?.. 00 00 00 00 00 00 00 01 00 00 00 00 80 3f 00 00
  .......          00 00 00 00 00 00 01
013657-013662 StringBlock "List"
013663-013747 DataBlock
  .......C........ 01 00 00 00 00 00 ad 43 00 00 00 00 00 00 00 00
  ................ 00 01 00 00 00 01 00 00 00 00 00 05 00 00 00 00
  ................ 00 00 00 00 00 00 00 00 00 00 00 00 00 00 00 00
  ................ 00 00 00 00 00 00 00 00 00 00 00 00 00 00 00 00
  ......?......... 00 00 00 00 00 80 3f 00 00 00 00 00 00 00 00 00
  ..Cf!            00 80 43 66 21
013748-013754 StringBlock "total"
013755-013817 DataBlock
  ................ 00 00 00 00 00 00 00 00 00 00 d6 00 00 00 00 00
  ................ 00 00 00 00 01 00 00 00 00 01 00 00 00 00 00 00
  .............e!. 00 00 00 00 00 00 00 00 00 00 00 c0 9f 65 21 00
  .............e!  00 00 00 00 00 00 00 01 00 00 00 c0 9f 65 21
013818-013827 StringBlock "NewState"
013828-013835 DataBlock
  6.......         36 01 00 00 18 00 00 00
013836-013869 UnicodeBlock "Change this turn"
013870-013888 DataBlock
  ................ 00 00 02 00 00 00 04 00 00 00 00 00 00 00 02 00
  ...              00 00 01
013889-013942 UnicodeBlock "total_NewState_Text_450078"
013943-013948 DataBlock
  ......           00 00 00 00 00 00
013949-013961 FontNameBlock "la_gioconda"
013962-013977 DataBlock
  ................ 0c 00 00 00 03 00 00 00 00 00 00 00 d7 f8 ff ff
013978-013993 StringBlock "ingame_tooltip"
013994-014013 DataBlock
  ................ 0c 00 00 00 0c 00 00 00 00 00 00 00 04 00 00 00
  ....             01 00 00 00
014014-014024 T0Block "normal_t0"
014025-014040 DataBlock
  ................ 00 00 00 00 00 00 00 00 00 00 00 00 00 00 00 00
014041-014051 T0Block "normal_t0"
014052-014105 DataBlock
  ................ 00 00 00 00 00 00 00 00 00 00 00 00 00 00 00 00
  ................ 00 00 00 00 00 00 00 00 00 00 00 00 00 00 00 00
  ................ 00 00 00 00 ff 00 00 00 00 00 00 00 01 00 00 00
  ..@Gf!           00 00 40 47 66 21
014106-014115 StringBlock "dy_value"
014116-014121 DataBlock
  ......           00 00 02 00 00 00
014122-014139 StringBlock "ContextTextLabel"
014140-014164 StringBlock "CcoCampaignResourcePool"
014165-014177 StringBlock "FactorTotal"
014178-014181 DataBlock
  ....             00 00 00 00
014182-014201 StringBlock "ContextStateSetter"
014202-014226 StringBlock "CcoCampaignResourcePool"
014227-014239 StringBlock "FactorTotal"
014240-014336 DataBlock
  ................ 00 00 00 00 0e 01 00 00 00 00 00 00 00 00 00 00
  ................ 00 00 01 00 00 00 00 01 00 00 00 00 06 00 00 00
  .........@Kf!... 00 00 00 00 00 00 00 00 00 40 4b 66 21 00 00 00
  .........@Kf!..0 00 00 00 00 00 03 00 00 00 40 4b 66 21 01 00 30
  (.........9.9... 28 00 00 00 18 00 00 00 02 00 39 00 39 00 00 00
  ................ 02 00 00 00 04 00 00 00 00 00 00 00 02 00 00 00
  .                01
014337-014404 UnicodeBlock "label_amount_NewState_Text_390039"
014405-014410 DataBlock
  ......           00 00 00 00 00 00
014411-014423 FontNameBlock "la_gioconda"
014424-014439 DataBlock
  ............--.. 0c 00 00 00 07 00 00 00 00 00 00 00 2d 2d ff ff
014440-014456 StringBlock "ingame_text_red"
014457-014476 DataBlock
  ................ 00 00 00 00 00 00 00 00 00 00 00 00 00 00 00 00
  ....             01 00 00 00
014477-014487 T0Block "normal_t0"
014488-014503 DataBlock
  ................ 00 00 00 00 00 00 00 00 00 00 00 00 00 00 00 00
014504-014514 T0Block "normal_t0"
014515-014586 DataBlock
  ................ 00 00 00 00 00 00 00 00 00 00 00 00 00 00 00 00
  ................ 00 00 00 00 00 00 00 00 00 00 00 00 00 00 00 00
  ......1(........ 80 06 ad 08 01 00 31 28 00 00 00 18 00 00 00 02
  .9.9............ 00 39 00 39 00 00 00 02 00 00 00 04 00 00 00 00
  ........         00 00 00 02 00 00 00 01
014587-014654 UnicodeBlock "label_amount_NewState_Text_390039"
014655-014660 DataBlock
  ......           00 00 00 00 00 00
014661-014673 FontNameBlock "la_gioconda"
014674-014689 DataBlock
  ................ 0c 00 00 00 01 00 00 00 00 00 00 00 c0 c0 c0 ff
014690-014713 StringBlock "ingame_text_small_grey"
014714-014733 DataBlock
  ................ 00 00 00 00 00 00 00 00 00 00 00 00 00 00 00 00
  ....             01 00 00 00
014734-014744 T0Block "normal_t0"
014745-014760 DataBlock
  ................ 00 00 00 00 00 00 00 00 00 00 00 00 00 00 00 00
014761-014771 T0Block "normal_t0"
014772-014843 DataBlock
  ................ 00 00 00 00 00 00 00 00 00 00 00 00 00 00 00 00
  ................ 00 00 00 00 00 00 00 00 00 00 00 00 00 00 00 00
  ...9..2(........ 00 8f c3 39 01 00 32 28 00 00 00 18 00 00 00 02
  .9.9............ 00 39 00 39 00 00 00 02 00 00 00 04 00 00 00 00
  ........         00 00 00 02 00 00 00 01
014844-014911 UnicodeBlock "label_amount_NewState_Text_390039"
014912-014917 DataBlock
  ......           00 00 00 00 00 00
014918-014930 FontNameBlock "la_gioconda"
014931-014946 DataBlock
  ............7... 0c 00 00 00 01 00 00 00 00 00 00 00 37 ff a0 ff
014947-014964 StringBlock "fe_tooltip_green"
014965-014984 DataBlock
  ................ 00 00 00 00 00 00 00 00 00 00 00 00 00 00 00 00
  ....             01 00 00 00
014985-014995 T0Block "normal_t0"
014996-015011 DataBlock
  ................ 00 00 00 00 00 00 00 00 00 00 00 00 00 00 00 00
015012-015022 T0Block "normal_t0"
015023-015058 DataBlock
  ................ 00 00 00 00 00 00 00 00 00 00 00 00 00 00 00 00
  ................ 00 00 00 00 00 00 00 00 00 00 00 00 00 00 00 00
  ....             02 00 00 00
015059-015070 StringBlock "threshold0"
015071-015074 DataBlock
  ..-1             02 00 2d 31
015075-015086 StringBlock "threshold1"
015087-015146 DataBlock
  ..0............. 01 00 30 ff 00 00 00 00 00 00 00 00 00 00 00 00
  ............?... 00 00 00 00 00 00 00 00 00 00 00 80 3f 00 00 80
  ?...?........... 3f 00 00 00 3f 00 00 00 00 00 00 00 01 00 00 00
  ..?.........     00 80 3f 00 00 00 00 00 00 00 00 01
015147-015152 StringBlock "List"
015153-015232 DataBlock
  .......C........ 01 00 00 00 00 00 ad 43 00 00 00 00 00 00 00 00
  ................ 00 01 00 00 00 01 00 00 00 00 00 00 00 00 00 00
  ................ 00 00 00 00 00 00 00 00 00 00 00 00 00 00 00 00
  ................ 00 00 00 00 00 00 00 00 00 00 00 00 00 00 00 00
  ......?......... 00 00 00 00 00 80 3f 00 00 00 00 00 00 00 00 01
015233-015238 StringBlock "List"
015239-015339 DataBlock
  .......C........ 01 00 00 00 00 00 ad 43 00 00 00 00 00 00 00 00
  ................ 00 01 00 00 00 01 00 00 00 00 00 04 00 00 00 00
  ................ 00 00 00 00 00 00 00 00 00 00 00 00 00 00 00 00
  ................ 00 00 00 00 00 00 00 00 00 00 00 00 00 00 00 00
  ......?......... 00 00 00 00 00 80 3f 00 00 00 00 00 00 00 00 00
  ............?... 00 00 00 00 00 00 00 00 00 00 00 80 3f 00 00 00
  .....            00 00 00 00 00
