000000-000009 VersionBlock 119
000010-000013 RootIDBlock 504375648
000014-000019 StringBlock "root"
000020-000097 DataBlock
  ................ 00 00 00 00 00 00 00 00 00 00 00 00 00 00 01 01
  ................ 00 00 00 00 01 00 00 00 00 01 00 00 00 00 00 00
  ...........@.... 00 00 00 00 00 00 00 00 00 00 00 40 d6 0b 1d 01
  ................ 00 00 00 b0 89 c4 0b 00 00 a0 05 00 00 84 03 00
  ..........@...   00 00 00 00 00 00 01 00 00 00 40 d6 0b 1d
000098-000107 StringBlock "NewState"
000108-000142 DataBlock
  ................ a0 05 00 00 84 03 00 00 00 00 00 00 02 00 00 00
  ................ 00 00 00 00 00 00 00 00 01 00 00 00 00 00 00 00
  ...              00 00 00
000143-000154 StringBlock "Norse-Bold"
000155-000170 DataBlock
  ................ 0a 00 00 00 02 00 00 00 00 00 00 00 dd da fa ff
000171-000193 StringBlock "Default Font Category"
000194-000213 DataBlock
  ................ 00 00 00 00 00 00 00 00 00 00 00 00 00 00 00 00
  ....             01 00 00 00
000214-000224 T0Block "normal_t0"
000225-000240 DataBlock
  ................ 00 00 00 00 00 00 00 00 00 00 00 00 00 00 00 00
000241-000251 T0Block "normal_t0"
000252-000406 DataBlock
  ................ 00 00 00 00 00 00 00 00 00 00 00 00 00 00 00 00
  ................ 01 00 00 00 b0 89 c4 0b 00 00 00 00 00 00 00 00
  ................ a0 05 00 00 84 03 00 00 f0 f0 f0 ff 00 00 00 00
  ................ 00 00 00 00 00 00 00 00 00 00 00 00 00 01 01 00
  ................ 00 00 00 00 00 00 00 00 00 00 00 00 00 00 00 00
  ......?......... 00 00 00 00 00 80 3f 00 00 00 00 00 00 00 00 00
  ................ 00 00 00 00 00 00 00 00 00 00 00 00 00 00 00 00
  ................ 00 00 00 00 00 00 00 00 00 00 00 00 00 00 00 00
  ................ 00 00 00 00 00 00 00 00 00 00 00 00 00 00 00 00
  ....... ...      00 01 00 00 00 00 00 20 a5 bd 1a
000407-000423 StringBlock "dropdown_button"
000424-000429 DataBlock
  ......           00 00 01 00 00 00
000430-000443 StringBlock "DropdownMenu"
000444-000496 DataBlock
  ....|........... 00 00 00 00 7c 02 00 00 82 01 00 00 01 01 00 00
  ................ 00 00 01 00 00 00 00 01 00 00 00 00 00 00 00 00
  ......... ...... 00 00 00 00 00 00 00 00 01 20 83 b2 1a 0a 00 00
  .....            00 c0 82 ba 1a
000497-000552 ImagePathBlock "ui\\skins\\default\\button_dropdown_selected_inactive.png"
000553-000565 DataBlock
  ...."........    bc 00 00 00 22 00 00 00 01 00 84 ba 1a
000566-000611 ImagePathBlock "ui\\skins\\default\\button_dropdown_pressed.png"
000612-000624 DataBlock
  ...."........    bc 00 00 00 22 00 00 00 01 80 a8 bd 1a
000625-000677 ImagePathBlock "ui\\skins\\default\\button_dropdown_selected_hover.png"
000678-000690 DataBlock
  ...."........    bc 00 00 00 22 00 00 00 01 80 a9 bd 1a
000691-000734 ImagePathBlock "ui\\skins\\default\\button_dropdown_hover.png"
000735-000747 DataBlock
  ...."....`...    bc 00 00 00 22 00 00 00 01 60 aa bd 1a
000748-000792 ImagePathBlock "ui\\skins\\default\\button_dropdown_active.png"
000793-000805 DataBlock
  ...."........    bc 00 00 00 22 00 00 00 01 80 ab bd 1a
000806-000852 ImagePathBlock "ui\\skins\\default\\button_dropdown_inactive.png"
000853-000865 DataBlock
  ...."........    bc 00 00 00 22 00 00 00 01 80 ac bd 1a
000866-000912 ImagePathBlock "ui\\skins\\default\\button_dropdown_selected.png"
000913-000925 DataBlock
  ...."....`...    bc 00 00 00 22 00 00 00 01 60 ad bd 1a
000926-000980 ImagePathBlock "ui\\skins\\default\\button_dropdown_selected_pressed.png"
000981-000993 DataBlock
  ...."....`o\.    bc 00 00 00 22 00 00 00 01 60 6f 5c 1a
000994-001049 ImagePathBlock "ui\\skins\\default\\button_dropdown_selected_underlay.png"
001050-001062 DataBlock
  ...."....@~\.    bc 00 00 00 22 00 00 00 00 40 7e 5c 1a
001063-001109 ImagePathBlock "ui\\skins\\default\\button_dropdown_underlay.png"
001110-001130 DataBlock
  ...."........... bc 00 00 00 22 00 00 00 00 00 00 00 00 0a 00 00
  . ...            00 20 83 b2 1a
001131-001138 StringBlock "active"
001139-001173 DataBlock
  ...."........... bc 00 00 00 22 00 00 00 00 00 00 00 02 00 00 00
  ................ 00 00 00 00 00 00 00 00 01 00 00 00 00 00 00 00
  ...              00 00 00
001174-001186 StringBlock "la_gioconda"
001187-001202 DataBlock
  ................ 0c 00 00 00 01 00 00 00 00 00 00 00 00 00 00 ff
001203-001215 StringBlock "ingame_text"
001216-001235 DataBlock
  ................ 00 00 00 00 00 00 00 00 00 00 00 00 00 00 00 00
  ....             01 00 00 00
001236-001246 T0Block "normal_t0"
001247-001262 DataBlock
  ................ 00 00 00 00 00 00 00 00 00 00 00 00 00 00 00 00
001263-001273 T0Block "normal_t0"
001274-001733 DataBlock
  ................ 00 00 00 00 00 00 00 00 00 00 00 00 00 00 00 00
  ....@~\......... 04 00 00 00 40 7e 5c 1a 00 00 00 00 00 00 00 00
  ...."........... bc 00 00 00 22 00 00 00 ff ff ff ff 00 00 01 00
  ................ 00 00 00 00 00 00 00 00 00 00 00 00 00 01 01 00
  ................ 00 00 00 00 00 00 00 00 00 00 00 00 00 00 00 00
  ......?......... 00 00 00 00 00 80 3f 00 00 00 00 00 00 00 00 00
  ................ 00 00 00 00 00 00 00 00 00 00 00 00 00 00 00 f0
  A.......@`...... 41 00 00 00 00 00 00 e0 40 60 aa bd 1a 00 00 00
  ........."...... 00 00 00 00 00 bc 00 00 00 22 00 00 00 ff ff ff
  ................ ff 00 00 01 00 00 00 00 00 00 00 00 00 00 00 00
  ................ 00 00 01 01 00 00 00 00 00 00 00 00 00 00 00 00
  ...........?.... 00 00 00 00 00 00 00 00 00 00 80 3f 00 00 00 00
  ................ 00 00 00 00 00 00 00 00 00 00 00 00 00 00 00 00
  .....A.......@`. 00 00 00 00 f0 41 00 00 00 00 00 00 e0 40 60 aa
  ..............". bd 1a 00 00 00 00 00 00 00 00 bc 00 00 00 22 00
  ................ 00 00 ff ff ff ff 00 00 01 00 00 00 00 00 00 00
  ................ 00 00 00 00 00 00 00 01 01 00 00 00 00 00 00 00
  ................ 00 00 00 00 00 00 00 00 00 00 00 00 00 00 00 80
  ?............... 3f 00 00 00 00 00 00 00 00 00 00 00 00 00 00 00
  ..........A..... 00 00 00 00 00 00 00 00 00 f0 41 00 00 00 00 00
  ..@............. 00 e0 40 80 a9 bd 1a 00 00 00 00 00 00 00 00 bc
  ..."............ 00 00 00 22 00 00 00 ff ff ff 00 00 00 01 00 00
  ................ 00 00 00 00 00 00 00 00 00 00 00 00 01 01 00 00
  ................ 00 00 00 00 00 00 00 00 00 00 00 00 00 00 00 00
  .....?.......... 00 00 00 00 80 3f 00 00 00 00 00 00 00 00 00 00
  ...............A 00 00 00 00 00 00 00 00 00 00 00 00 00 00 f0 41
  .......@........ 00 00 00 00 00 00 e0 40 14 00 00 00 18 00 00 00
  ........ ....... 01 00 00 00 00 00 00 00 20 af bd 1a c8 00 00 00
  @........DC.     40 00 00 00 00 00 00 00 b0 44 43 0c
001734-001739 StringBlock "down"
001740-001774 DataBlock
  ...."........... bc 00 00 00 22 00 00 00 00 00 00 00 02 00 00 00
  ................ 00 00 00 00 00 00 00 00 01 00 00 00 00 00 00 00
  ...              00 00 00
001775-001787 StringBlock "la_gioconda"
001788-001803 DataBlock
  ................ 0c 00 00 00 01 00 00 00 00 00 00 00 00 00 00 ff
001804-001816 StringBlock "ingame_text"
001817-001836 DataBlock
  ................ 00 00 00 00 00 00 00 00 00 00 00 00 00 00 00 00
  ....             01 00 00 00
001837-001847 T0Block "normal_t0"
001848-001863 DataBlock
  ................ 00 00 00 00 00 00 00 00 00 00 00 00 00 00 00 00
001864-001874 T0Block "normal_t0"
001875-002253 DataBlock
  ...>............ 9a 99 99 3e 00 00 00 00 00 00 00 00 00 00 00 00
  ....@~\......... 03 00 00 00 40 7e 5c 1a 00 00 00 00 00 00 00 00
  ...."........... bc 00 00 00 22 00 00 00 ff ff ff ff 00 00 01 00
  ................ 00 00 00 00 00 00 00 00 00 00 00 00 00 01 01 00
  ................ 00 00 00 00 00 00 00 00 00 00 00 00 00 00 00 00
  ......?......... 00 00 00 00 00 80 3f 00 00 00 00 00 00 00 00 00
  ................ 00 00 00 00 00 00 00 00 00 00 00 00 00 00 00 f0
  A.......@`...... 41 00 00 00 00 00 00 e0 40 60 aa bd 1a 00 00 00
  ........."...... 00 00 00 00 00 bc 00 00 00 22 00 00 00 ff ff ff
  ................ ff 00 00 01 00 00 00 00 00 00 00 00 00 00 00 00
  ................ 00 00 01 01 00 00 00 00 00 00 00 00 00 00 00 00
  ...........?.... 00 00 00 00 00 00 00 00 00 00 80 3f 00 00 00 00
  ................ 00 00 00 00 00 00 00 00 00 00 00 00 00 00 00 00
  .....A.......@.. 00 00 00 00 f0 41 00 00 00 00 00 00 e0 40 00 84
  ..............". ba 1a 00 00 00 00 00 00 00 00 bc 00 00 00 22 00
  ................ 00 00 ff ff ff ff 00 00 01 00 00 00 00 00 00 00
  ................ 00 00 00 00 00 00 00 01 01 00 00 00 00 00 00 00
  ................ 00 00 00 00 00 00 00 00 00 00 00 00 00 00 00 80
  ?............... 3f 00 00 00 00 00 00 00 00 00 00 00 00 00 00 00
  ..........A..... 00 00 00 00 00 00 00 00 00 f0 41 00 00 00 00 00
  ..@............. 00 e0 40 91 00 00 00 db 00 00 00 02 00 00 00 03
  ...@D........... 00 00 00 40 44 bb 1a 00 00 00 00 00 00 00 00 00
  ........t....... 00 00 00 01 00 00 00 e0 74 b1 1a 00 00 00 00 00
  ........t..      00 00 00 00 00 00 00 e0 74 b1 1a
002254-002263 StringBlock "down_off"
002264-002298 DataBlock
  ...."........... bc 00 00 00 22 00 00 00 00 00 00 00 02 00 00 00
  ................ 00 00 00 00 00 00 00 00 01 00 00 00 00 00 00 00
  ...              00 00 00
002299-002311 StringBlock "la_gioconda"
002312-002327 DataBlock
  ................ 0c 00 00 00 01 00 00 00 00 00 00 00 00 00 00 ff
002328-002340 StringBlock "ingame_text"
002341-002360 DataBlock
  ................ 00 00 00 00 00 00 00 00 00 00 00 00 00 00 00 00
  ....             01 00 00 00
002361-002371 T0Block "normal_t0"
002372-002387 DataBlock
  ................ 00 00 00 00 00 00 00 00 00 00 00 00 00 00 00 00
002388-002398 T0Block "normal_t0"
002399-002777 DataBlock
  ................ 00 00 00 00 00 00 00 00 00 00 00 00 00 00 00 00
  ....@~\......... 03 00 00 00 40 7e 5c 1a 00 00 00 00 00 00 00 00
  ...."........... bc 00 00 00 22 00 00 00 ff ff ff ff 00 00 01 00
  ................ 00 00 00 00 00 00 00 00 00 00 00 00 00 01 01 00
  ................ 00 00 00 00 00 00 00 00 00 00 00 00 00 00 00 00
  ......?......... 00 00 00 00 00 80 3f 00 00 00 00 00 00 00 00 00
  ................ 00 00 00 00 00 00 00 00 00 00 00 00 00 00 00 f0
  A.......@`...... 41 00 00 00 00 00 00 e0 40 60 aa bd 1a 00 00 00
  ........."...... 00 00 00 00 00 bc 00 00 00 22 00 00 00 ff ff ff
  ................ ff 00 00 01 00 00 00 00 00 00 00 00 00 00 00 00
  ................ 00 00 01 01 00 00 00 00 00 00 00 00 00 00 00 00
  ...........?.... 00 00 00 00 00 00 00 00 00 00 80 3f 00 00 00 00
  ................ 00 00 00 00 00 00 00 00 00 00 00 00 00 00 00 00
  .....A.......@`. 00 00 00 00 f0 41 00 00 00 00 00 00 e0 40 60 aa
  ..............". bd 1a 00 00 00 00 00 00 00 00 bc 00 00 00 22 00
  ................ 00 00 ff ff ff ff 00 00 01 00 00 00 00 00 00 00
  ................ 00 00 00 00 00 00 00 01 01 00 00 00 00 00 00 00
  ................ 00 00 00 00 00 00 00 00 00 00 00 00 00 00 00 80
  ?............... 3f 00 00 00 00 00 00 00 00 00 00 00 00 00 00 00
  ..........A..... 00 00 00 00 00 00 00 00 00 f0 41 00 00 00 00 00
  ..@....?........ 00 e0 40 1d 00 00 00 3f 01 00 00 02 00 00 00 00
  ....DC.......... 00 00 00 b0 44 43 0c 00 00 00 00 00 00 00 00 00
  ....... ........ 00 00 00 08 00 00 00 20 83 b2 1a 00 00 00 00 00
  ....... ...      00 00 00 00 00 00 00 20 af bd 1a
002778-002784 StringBlock "hover"
002785-002819 DataBlock
  ...."........... bc 00 00 00 22 00 00 00 00 00 00 00 02 00 00 00
  ................ 00 00 00 00 00 00 00 00 01 00 00 00 00 00 00 00
  ...              00 00 00
002820-002832 StringBlock "la_gioconda"
002833-002848 DataBlock
  ................ 0c 00 00 00 01 00 00 00 00 00 00 00 00 00 00 ff
002849-002861 StringBlock "ingame_text"
002862-002881 DataBlock
  ................ 00 00 00 00 00 00 00 00 00 00 00 00 00 00 00 00
  ....             01 00 00 00
002882-002892 T0Block "normal_t0"
002893-002908 DataBlock
  ................ 00 00 00 00 00 00 00 00 00 00 00 00 00 00 00 00
002909-002919 T0Block "normal_t0"
002920-003399 DataBlock
  ...>............ 9a 99 99 3e 00 00 00 00 00 00 00 00 00 00 00 00
  ....@~\......... 04 00 00 00 40 7e 5c 1a 00 00 00 00 00 00 00 00
  ...."........... bc 00 00 00 22 00 00 00 ff ff ff ff 00 00 01 00
  ................ 00 00 00 00 00 00 00 00 00 00 00 00 00 01 01 00
  ................ 00 00 00 00 00 00 00 00 00 00 00 00 00 00 00 00
  ......?......... 00 00 00 00 00 80 3f 00 00 00 00 00 00 00 00 00
  ................ 00 00 00 00 00 00 00 00 00 00 00 00 00 00 00 f0
  A.......@`...... 41 00 00 00 00 00 00 e0 40 60 aa bd 1a 00 00 00
  ........."...... 00 00 00 00 00 bc 00 00 00 22 00 00 00 ff ff ff
  ................ ff 00 00 01 00 00 00 00 00 00 00 00 00 00 00 00
  ................ 00 00 01 01 00 00 00 00 00 00 00 00 00 00 00 00
  ...........?.... 00 00 00 00 00 00 00 00 00 00 80 3f 00 00 00 00
  ................ 00 00 00 00 00 00 00 00 00 00 00 00 00 00 00 00
  .....A.......@`. 00 00 00 00 f0 41 00 00 00 00 00 00 e0 40 60 aa
  ..............". bd 1a 00 00 00 00 00 00 00 00 bc 00 00 00 22 00
  ................ 00 00 ff ff ff 00 00 00 01 00 00 00 00 00 00 00
  ................ 00 00 00 00 00 00 00 01 01 00 00 00 00 00 00 00
  ................ 00 00 00 00 00 00 00 00 00 00 00 00 00 00 00 80
  ?............... 3f 00 00 00 00 00 00 00 00 00 00 00 00 00 00 00
  ..........A..... 00 00 00 00 00 00 00 00 00 f0 41 00 00 00 00 00
  ..@............. 00 e0 40 80 a9 bd 1a 00 00 00 00 00 00 00 00 bc
  ..."............ 00 00 00 22 00 00 00 ff ff ff ff 00 00 01 00 00
  ................ 00 00 00 00 00 00 00 00 00 00 00 00 01 01 00 00
  ................ 00 00 00 00 00 00 00 00 00 00 00 00 00 00 00 00
  .....?.......... 00 00 00 00 80 3f 00 00 00 00 00 00 00 00 00 00
  ...............A 00 00 00 00 00 00 00 00 00 00 00 00 00 00 f0 41
  .......@....~... 00 00 00 00 00 00 e0 40 89 00 00 00 7e 00 00 00
  ........ ....... 02 00 00 00 01 00 00 00 20 83 b2 1a c8 00 00 00
  @............DC. 40 00 00 00 00 00 00 00 02 00 00 00 b0 44 43 0c
  .............JC. 00 00 00 00 00 00 00 00 00 00 00 00 b0 4a 43 0c
003400-003409 StringBlock "inactive"
003410-003444 DataBlock
  ...."........... bc 00 00 00 22 00 00 00 00 00 00 00 02 00 00 00
  ................ 00 00 00 00 00 00 00 00 01 00 00 00 00 00 00 00
  ...              00 00 00
003445-003457 StringBlock "la_gioconda"
003458-003473 DataBlock
  ................ 0c 00 00 00 01 00 00 00 00 00 00 00 00 00 00 ff
003474-003486 StringBlock "ingame_text"
003487-003506 DataBlock
  ................ 00 00 00 00 00 00 00 00 00 00 00 00 00 00 00 00
  ....             01 01 00 00
003507-003517 T0Block "normal_t0"
003518-003533 DataBlock
  ................ 00 00 00 00 00 00 00 00 00 00 00 00 00 00 00 00
003534-003544 T0Block "normal_t0"
003545-003883 DataBlock
  ................ 00 00 00 00 00 00 00 00 00 00 00 00 00 00 00 00
  ....@~\......... 03 00 00 00 40 7e 5c 1a 00 00 00 00 00 00 00 00
  ...."........... bc 00 00 00 22 00 00 00 ff ff ff ff 00 00 01 00
  ................ 00 00 00 00 00 00 00 00 00 00 00 00 00 01 01 00
  ................ 00 00 00 00 00 00 00 00 00 00 00 00 00 00 00 00
  ......?......... 00 00 00 00 00 80 3f 00 00 00 00 00 00 00 00 00
  ................ 00 00 00 00 00 00 00 00 00 00 00 00 00 00 00 f0
  A.......@`...... 41 00 00 00 00 00 00 e0 40 60 aa bd 1a 00 00 00
  ........."...... 00 00 00 00 00 bc 00 00 00 22 00 00 00 ff ff ff
  ................ ff 00 00 01 00 00 00 00 00 00 00 00 00 00 00 00
  ................ 00 00 01 01 00 00 00 00 00 00 00 00 00 00 00 00
  ...........?.... 00 00 00 00 00 00 00 00 00 00 80 3f 00 00 00 00
  ................ 00 00 00 00 00 00 00 00 00 00 00 00 00 00 00 00
  .....A.......@.. 00 00 00 00 f0 41 00 00 00 00 00 00 e0 40 80 ab
  ..............". bd 1a 00 00 00 00 00 00 00 00 bc 00 00 00 22 00
  ................ 00 00 ff ff ff ff 00 00 01 00 00 00 00 00 00 00
  ................ 00 00 00 00 00 00 00 01 01 00 00 00 00 00 00 00
  ................ 00 00 00 00 00 00 00 00 00 00 00 00 00 00 00 80
  ?............... 3f 00 00 00 00 00 00 00 00 00 00 00 00 00 00 00
  ..........A..... 00 00 00 00 00 00 00 00 00 f0 41 00 00 00 00 00
  ..@............` 00 e0 40 00 00 00 00 00 00 00 00 00 00 00 00 60
  L..              4c bb 1a
003884-003893 StringBlock "selected"
003894-003928 DataBlock
  ...."........... bc 00 00 00 22 00 00 00 00 00 00 00 02 00 00 00
  ................ 00 00 00 00 00 00 00 00 01 00 00 00 00 00 00 00
  ...              00 00 00
003929-003941 StringBlock "la_gioconda"
003942-003957 DataBlock
  ................ 0c 00 00 00 01 00 00 00 00 00 00 00 00 00 00 ff
003958-003970 StringBlock "ingame_text"
003971-003990 DataBlock
  ................ 00 00 00 00 00 00 00 00 00 00 00 00 00 00 00 00
  ....             01 00 00 00
003991-004001 T0Block "normal_t0"
004002-004017 DataBlock
  ................ 00 00 00 00 00 00 00 00 00 00 00 00 00 00 00 00
004018-004028 T0Block "normal_t0"
004029-004488 DataBlock
  ................ 00 00 00 00 00 00 00 00 00 00 00 00 00 00 00 00
  ....`o\......... 04 00 00 00 60 6f 5c 1a 00 00 00 00 00 00 00 00
  ...."........... bc 00 00 00 22 00 00 00 ff ff ff ff 00 00 01 00
  ................ 00 00 00 00 00 00 00 00 00 00 00 00 00 01 01 00
  ................ 00 00 00 00 00 00 00 00 00 00 00 00 00 00 00 00
  ......?......... 00 00 00 00 00 80 3f 00 00 00 00 00 00 00 00 00
  ................ 00 00 00 00 00 00 00 00 00 00 00 00 00 00 00 f0
  A.......@....... 41 00 00 00 00 00 00 e0 40 80 ac bd 1a 00 00 00
  ........."...... 00 00 00 00 00 bc 00 00 00 22 00 00 00 ff ff ff
  ................ ff 00 00 01 00 00 00 00 00 00 00 00 00 00 00 00
  ................ 00 00 01 01 00 00 00 00 00 00 00 00 00 00 00 00
  ...........?.... 00 00 00 00 00 00 00 00 00 00 80 3f 00 00 00 00
  ................ 00 00 00 00 00 00 00 00 00 00 00 00 00 00 00 00
  .....A.......@.. 00 00 00 00 f0 41 00 00 00 00 00 00 e0 40 80 ac
  ..............". bd 1a 00 00 00 00 00 00 00 00 bc 00 00 00 22 00
  ................ 00 00 ff ff ff ff 00 00 01 00 00 00 00 00 00 00
  ................ 00 00 00 00 00 00 00 01 01 00 00 00 00 00 00 00
  ................ 00 00 00 00 00 00 00 00 00 00 00 00 00 00 00 80
  ?............... 3f 00 00 00 00 00 00 00 00 00 00 00 00 00 00 00
  ..........A..... 00 00 00 00 00 00 00 00 00 f0 41 00 00 00 00 00
  ..@............. 00 e0 40 80 a8 bd 1a 00 00 00 00 00 00 00 00 bc
  ..."............ 00 00 00 22 00 00 00 ff ff ff 00 00 00 01 00 00
  ................ 00 00 00 00 00 00 00 00 00 00 00 00 01 01 00 00
  ................ 00 00 00 00 00 00 00 00 00 00 00 00 00 00 00 00
  .....?.......... 00 00 00 00 80 3f 00 00 00 00 00 00 00 00 00 00
  ...............A 00 00 00 00 00 00 00 00 00 00 00 00 00 00 f0 41
  .......@....M... 00 00 00 00 00 00 e0 40 91 01 00 00 4d 01 00 00
  ........@D...... 01 00 00 00 00 00 00 00 40 44 bb 1a c8 00 00 00
  @...........     40 00 00 00 00 00 00 00 00 81 b1 1a
004489-004503 StringBlock "selected_down"
004504-004538 DataBlock
  ...."........... bc 00 00 00 22 00 00 00 00 00 00 00 02 00 00 00
  ................ 00 00 00 00 00 00 00 00 01 00 00 00 00 00 00 00
  ...              00 00 00
004539-004551 StringBlock "la_gioconda"
004552-004567 DataBlock
  ................ 0c 00 00 00 01 00 00 00 00 00 00 00 00 00 00 ff
004568-004580 StringBlock "ingame_text"
004581-004600 DataBlock
  ................ 00 00 00 00 00 00 00 00 00 00 00 00 00 00 00 00
  ....             01 00 00 00
004601-004611 T0Block "normal_t0"
004612-004627 DataBlock
  ................ 00 00 00 00 00 00 00 00 00 00 00 00 00 00 00 00
004628-004638 T0Block "normal_t0"
004639-005017 DataBlock
  ...>............ 9a 99 99 3e 00 00 00 00 00 00 00 00 00 00 00 00
  ....`o\......... 03 00 00 00 60 6f 5c 1a 00 00 00 00 00 00 00 00
  ...."........... bc 00 00 00 22 00 00 00 ff ff ff ff 00 00 01 00
  ................ 00 00 00 00 00 00 00 00 00 00 00 00 00 01 01 00
  ................ 00 00 00 00 00 00 00 00 00 00 00 00 00 00 00 00
  ......?......... 00 00 00 00 00 80 3f 00 00 00 00 00 00 00 00 00
  ................ 00 00 00 00 00 00 00 00 00 00 00 00 00 00 00 f0
  A.......@....... 41 00 00 00 00 00 00 e0 40 80 ac bd 1a 00 00 00
  ........."...... 00 00 00 00 00 bc 00 00 00 22 00 00 00 ff ff ff
  ................ ff 00 00 01 00 00 00 00 00 00 00 00 00 00 00 00
  ................ 00 00 01 01 00 00 00 00 00 00 00 00 00 00 00 00
  ...........?.... 00 00 00 00 00 00 00 00 00 00 80 3f 00 00 00 00
  ................ 00 00 00 00 00 00 00 00 00 00 00 00 00 00 00 00
  .....A.......@`. 00 00 00 00 f0 41 00 00 00 00 00 00 e0 40 60 ad
  ..............". bd 1a 00 00 00 00 00 00 00 00 bc 00 00 00 22 00
  ................ 00 00 ff ff ff ff 00 00 01 00 00 00 00 00 00 00
  ................ 00 00 00 00 00 00 00 01 01 00 00 00 00 00 00 00
  ................ 00 00 00 00 00 00 00 00 00 00 00 00 00 00 00 80
  ?............... 3f 00 00 00 00 00 00 00 00 00 00 00 00 00 00 00
  ..........A..... 00 00 00 00 00 00 00 00 00 f0 41 00 00 00 00 00
  ..@....x........ 00 e0 40 0c 01 00 00 78 00 00 00 02 00 00 00 03
  ... ............ 00 00 00 20 af bd 1a 00 00 00 00 00 00 00 00 00
  ........|....... 00 00 00 01 00 00 00 e0 7c b2 1a 00 00 00 00 00
  ........|..      00 00 00 00 00 00 00 e0 7c b2 1a
005018-005036 StringBlock "selected_down_off"
005037-005071 DataBlock
  ...."........... bc 00 00 00 22 00 00 00 00 00 00 00 02 00 00 00
  ................ 00 00 00 00 00 00 00 00 01 00 00 00 00 00 00 00
  ...              00 00 00
005072-005084 StringBlock "la_gioconda"
005085-005100 DataBlock
  ................ 0c 00 00 00 01 00 00 00 00 00 00 00 00 00 00 ff
005101-005113 StringBlock "ingame_text"
005114-005133 DataBlock
  ................ 00 00 00 00 00 00 00 00 00 00 00 00 00 00 00 00
  ....             01 00 00 00
005134-005144 T0Block "normal_t0"
005145-005160 DataBlock
  ................ 00 00 00 00 00 00 00 00 00 00 00 00 00 00 00 00
005161-005171 T0Block "normal_t0"
005172-005550 DataBlock
  ................ 00 00 00 00 00 00 00 00 00 00 00 00 00 00 00 00
  ....`o\......... 03 00 00 00 60 6f 5c 1a 00 00 00 00 00 00 00 00
  ...."........... bc 00 00 00 22 00 00 00 ff ff ff ff 00 00 01 00
  ................ 00 00 00 00 00 00 00 00 00 00 00 00 00 01 01 00
  ................ 00 00 00 00 00 00 00 00 00 00 00 00 00 00 00 00
  ......?......... 00 00 00 00 00 80 3f 00 00 00 00 00 00 00 00 00
  ................ 00 00 00 00 00 00 00 00 00 00 00 00 00 00 00 f0
  A.......@....... 41 00 00 00 00 00 00 e0 40 80 ac bd 1a 00 00 00
  ........."...... 00 00 00 00 00 bc 00 00 00 22 00 00 00 ff ff ff
  ................ ff 00 00 01 00 00 00 00 00 00 00 00 00 00 00 00
  ................ 00 00 01 01 00 00 00 00 00 00 00 00 00 00 00 00
  ...........?.... 00 00 00 00 00 00 00 00 00 00 80 3f 00 00 00 00
  ................ 00 00 00 00 00 00 00 00 00 00 00 00 00 00 00 00
  .....A.......@.. 00 00 00 00 f0 41 00 00 00 00 00 00 e0 40 80 ac
  ..............". bd 1a 00 00 00 00 00 00 00 00 bc 00 00 00 22 00
  ................ 00 00 ff ff ff ff 00 00 01 00 00 00 00 00 00 00
  ................ 00 00 00 00 00 00 00 01 01 00 00 00 00 00 00 00
  ................ 00 00 00 00 00 00 00 00 00 00 00 00 00 00 00 80
  ?............... 3f 00 00 00 00 00 00 00 00 00 00 00 00 00 00 00
  ..........A..... 00 00 00 00 00 00 00 00 00 f0 41 00 00 00 00 00
  ..@............. 00 e0 40 80 01 00 00 15 00 00 00 02 00 00 00 00
  ................ 00 00 00 00 81 b1 1a 00 00 00 00 00 00 00 00 00
  .......`L....... 00 00 00 08 00 00 00 60 4c bb 1a 00 00 00 00 00
  .......@D..      00 00 00 00 00 00 00 40 44 bb 1a
005551-005566 StringBlock "selected_hover"
005567-005601 DataBlock
  ...."........... bc 00 00 00 22 00 00 00 00 00 00 00 02 00 00 00
  ................ 00 00 00 00 00 00 00 00 01 00 00 00 00 00 00 00
  ...              00 00 00
005602-005614 StringBlock "la_gioconda"
005615-005630 DataBlock
  ................ 0c 00 00 00 01 00 00 00 00 00 00 00 00 00 00 ff
005631-005643 StringBlock "ingame_text"
005644-005663 DataBlock
  ................ 00 00 00 00 00 00 00 00 00 00 00 00 00 00 00 00
  ....             01 00 00 00
005664-005674 T0Block "normal_t0"
005675-005690 DataBlock
  ................ 00 00 00 00 00 00 00 00 00 00 00 00 00 00 00 00
005691-005701 T0Block "normal_t0"
005702-006181 DataBlock
  ...>............ 9a 99 99 3e 00 00 00 00 00 00 00 00 00 00 00 00
  ....`o\......... 04 00 00 00 60 6f 5c 1a 00 00 00 00 00 00 00 00
  ...."........... bc 00 00 00 22 00 00 00 ff ff ff ff 00 00 01 00
  ................ 00 00 00 00 00 00 00 00 00 00 00 00 00 01 01 00
  ................ 00 00 00 00 00 00 00 00 00 00 00 00 00 00 00 00
  ......?......... 00 00 00 00 00 80 3f 00 00 00 00 00 00 00 00 00
  ................ 00 00 00 00 00 00 00 00 00 00 00 00 00 00 00 f0
  A.......@....... 41 00 00 00 00 00 00 e0 40 80 ac bd 1a 00 00 00
  ........."...... 00 00 00 00 00 bc 00 00 00 22 00 00 00 ff ff ff
  ................ ff 00 00 01 00 00 00 00 00 00 00 00 00 00 00 00
  ................ 00 00 01 01 00 00 00 00 00 00 00 00 00 00 00 00
  ...........?.... 00 00 00 00 00 00 00 00 00 00 80 3f 00 00 00 00
  ................ 00 00 00 00 00 00 00 00 00 00 00 00 00 00 00 00
  .....A.......@.. 00 00 00 00 f0 41 00 00 00 00 00 00 e0 40 80 ac
  ..............". bd 1a 00 00 00 00 00 00 00 00 bc 00 00 00 22 00
  ................ 00 00 ff ff ff 00 00 00 01 00 00 00 00 00 00 00
  ................ 00 00 00 00 00 00 00 01 01 00 00 00 00 00 00 00
  ................ 00 00 00 00 00 00 00 00 00 00 00 00 00 00 00 80
  ?............... 3f 00 00 00 00 00 00 00 00 00 00 00 00 00 00 00
  ..........A..... 00 00 00 00 00 00 00 00 00 f0 41 00 00 00 00 00
  ..@............. 00 e0 40 80 a8 bd 1a 00 00 00 00 00 00 00 00 bc
  ..."............ 00 00 00 22 00 00 00 ff ff ff ff 00 00 01 00 00
  ................ 00 00 00 00 00 00 00 00 00 00 00 00 01 01 00 00
  ................ 00 00 00 00 00 00 00 00 00 00 00 00 00 00 00 00
  .....?.......... 00 00 00 00 80 3f 00 00 00 00 00 00 00 00 00 00
  ...............A 00 00 00 00 00 00 00 00 00 00 00 00 00 00 f0 41
  .......@........ 00 00 00 00 00 00 e0 40 0d 01 00 00 d8 00 00 00
  ........`L...... 02 00 00 00 01 00 00 00 60 4c bb 1a c8 00 00 00
  @............... 40 00 00 00 00 00 00 00 02 00 00 00 00 81 b1 1a
  .............z.. 00 00 00 00 00 00 00 00 00 00 00 00 a0 7a b1 1a
006182-006200 StringBlock "selected_inactive"
006201-006235 DataBlock
  ...."........... bc 00 00 00 22 00 00 00 00 00 00 00 02 00 00 00
  ................ 00 00 00 00 00 00 00 00 01 00 00 00 00 00 00 00
  ...              00 00 00
006236-006248 StringBlock "la_gioconda"
006249-006264 DataBlock
  ................ 0c 00 00 00 01 00 00 00 00 00 00 00 00 00 00 ff
006265-006277 StringBlock "ingame_text"
006278-006297 DataBlock
  ................ 00 00 00 00 00 00 00 00 00 00 00 00 00 00 00 00
  ....             01 01 00 00
006298-006308 T0Block "normal_t0"
006309-006324 DataBlock
  ................ 00 00 00 00 00 00 00 00 00 00 00 00 00 00 00 00
006325-006335 T0Block "normal_t0"
006336-006692 DataBlock
  ................ 00 00 00 00 00 00 00 00 00 00 00 00 00 00 00 00
  ....`o\......... 03 00 00 00 60 6f 5c 1a 00 00 00 00 00 00 00 00
  ...."........... bc 00 00 00 22 00 00 00 ff ff ff ff 00 00 01 00
  ................ 00 00 00 00 00 00 00 00 00 00 00 00 00 01 01 00
  ................ 00 00 00 00 00 00 00 00 00 00 00 00 00 00 00 00
  ......?......... 00 00 00 00 00 80 3f 00 00 00 00 00 00 00 00 00
  ................ 00 00 00 00 00 00 00 00 00 00 00 00 00 00 00 f0
  A.......@....... 41 00 00 00 00 00 00 e0 40 80 ac bd 1a 00 00 00
  ........."...... 00 00 00 00 00 bc 00 00 00 22 00 00 00 ff ff ff
  ................ ff 00 00 01 00 00 00 00 00 00 00 00 00 00 00 00
  ................ 00 00 01 01 00 00 00 00 00 00 00 00 00 00 00 00
  ...........?.... 00 00 00 00 00 00 00 00 00 00 80 3f 00 00 00 00
  ................ 00 00 00 00 00 00 00 00 00 00 00 00 00 00 00 00
  .....A.......@.. 00 00 00 00 f0 41 00 00 00 00 00 00 e0 40 c0 82
  ..............". ba 1a 00 00 00 00 00 00 00 00 bc 00 00 00 22 00
  ................ 00 00 ff ff ff ff 00 00 01 00 00 00 00 00 00 00
  ................ 00 00 00 00 00 00 00 01 01 00 00 00 00 00 00 00
  ................ 00 00 00 00 00 00 00 00 00 00 00 00 00 00 00 80
  ?............... 3f 00 00 00 00 00 00 00 00 00 00 00 00 00 00 00
  ..........A..... 00 00 00 00 00 00 00 00 00 f0 41 00 00 00 00 00
  ..@............. 00 e0 40 00 00 00 00 00 00 00 00 00 00 00 00 00
  ................ 00 00 00 0a 00 00 00 00 00 00 00 02 00 00 00 00
  ....#            00 80 8d 9f 23
006693-006709 StringBlock "dy_selected_txt"
006710-006772 DataBlock
  ................ 00 00 00 00 00 00 04 00 00 00 04 00 00 00 01 00
  ................ 00 00 00 00 01 00 00 00 00 01 00 00 00 00 00 00
  ................ 00 00 00 00 00 00 00 00 00 00 00 00 00 00 00 00
  ..............#  00 00 00 00 00 00 00 01 00 00 00 c0 90 9f 23
006773-006782 StringBlock "NewState"
006783-006817 DataBlock
  ..........x.x.x. 9c 00 00 00 17 00 00 00 03 00 78 00 78 00 78 00
  ................ 00 00 02 00 00 00 04 00 00 00 01 00 00 00 02 00
  ...              00 00 00
006818-006891 UnicodeBlock "dy_selected_txt_NewState_Text_780000"
006892-006895 DataBlock
  ....             00 00 00 00
006896-006908 StringBlock "la_gioconda"
006909-006924 DataBlock
  ................ 0c 00 00 00 01 00 00 00 00 00 00 00 d7 f8 ff ff
006925-006933 StringBlock "fe_text"
006934-006953 DataBlock
  ................ 06 00 00 00 00 00 00 00 00 00 00 00 00 00 00 00
  ....             00 00 00 00
006954-006964 T0Block "normal_t0"
006965-006980 DataBlock
  ................ 00 00 00 00 00 00 00 00 00 00 00 00 00 00 00 00
006981-006991 T0Block "normal_t0"
006992-007027 DataBlock
  ................ 00 00 00 00 00 00 00 00 00 00 00 00 00 00 00 00
  ................ 00 00 00 00 00 00 00 00 00 00 00 00 00 00 00 00
  ....             02 00 00 00
007028-007045 StringBlock "disable_override"
007046-007055 StringBlock "position"
007056-007074 StringBlock "disable_override1"
007075-007091 StringBlock "instance_resize"
007092-007131 DataBlock
  A............... 41 00 00 00 00 00 00 00 00 00 00 00 00 00 00 00
  .........?...... 00 00 00 00 00 00 00 00 80 3f 00 00 00 00 00 00
  .......#         00 00 00 00 00 93 9f 23
007132-007143 StringBlock "popup_menu"
007144-007198 DataBlock
  ................ 00 00 00 00 00 00 00 00 00 00 1d 00 00 00 01 01
  ................ 00 00 00 00 00 00 00 00 00 01 00 00 00 00 00 00
  ................ 00 00 00 00 00 00 00 00 00 00 00 00 00 00 00 01
  ......!          00 00 00 00 d4 0a 21
007199-007242 ImagePathBlock "ui\\skins\\default\\button_dropdown_panel.png"
007243-007263 DataBlock
  ................ b9 00 00 00 1e 00 00 00 00 00 00 00 00 01 00 00
  ....#            00 c0 96 9f 23
007264-007273 StringBlock "NewState"
007274-007308 DataBlock
  ....3........... a6 00 00 00 33 00 00 00 00 00 00 00 02 00 00 00
  ................ 00 00 00 00 00 00 00 00 01 00 00 00 00 00 00 00
  ...              00 00 00
007309-007320 StringBlock "Norse-Bold"
007321-007336 DataBlock
  ................ 0a 00 00 00 02 00 00 00 00 00 00 00 dd da fa ff
007337-007359 StringBlock "Default Font Category"
007360-007379 DataBlock
  ................ 00 00 00 00 00 00 00 00 00 00 00 00 00 00 00 00
  ....             00 00 00 00
007380-007390 T0Block "normal_t0"
007391-007406 DataBlock
  ................ 00 00 00 00 00 00 00 00 00 00 00 00 00 00 00 00
007407-007417 T0Block "normal_t0"
007418-007554 DataBlock
  ................ 00 00 00 00 00 00 00 00 00 00 00 00 00 00 00 00
  .......!........ 01 00 00 00 00 d4 0a 21 00 00 00 00 00 00 00 00
  ....3........... a6 00 00 00 33 00 00 00 ff ff ff ff 00 00 01 00
  ................ 00 00 00 00 00 00 00 00 00 00 00 00 00 01 01 00
  ................ 00 00 00 00 00 00 00 00 00 00 00 00 00 00 00 00
  ......?......... 00 00 00 00 00 80 3f 00 00 00 00 00 00 00 00 00
  ............@... 00 00 00 00 00 00 00 00 00 00 00 a0 40 00 00 a0
  @..0A...@....... 40 00 00 30 41 00 00 a0 40 00 00 00 00 00 00 00
  .........        00 00 00 00 00 02 00 00 00
007555-007572 StringBlock "disable_override"
007573-007582 StringBlock "position"
007583-007601 StringBlock "disable_override1"
007602-007618 StringBlock "instance_resize"
007619-007636 DataBlock
  A..............d 41 00 00 00 00 00 00 00 03 00 00 00 00 00 80 64
  .&               1a 26
007637-007648 StringBlock "border_top"
007649-007711 DataBlock
  ................ 00 00 00 00 00 00 00 00 00 00 00 00 00 00 00 00
  ................ 00 00 00 00 00 00 00 00 00 01 00 00 00 00 02 00
  ................ 00 00 00 00 00 00 00 00 00 00 00 00 00 00 00 00
  ............g.&  00 00 00 00 00 00 00 01 00 00 00 c0 67 1a 26
007712-007721 StringBlock "NewState"
007722-007756 DataBlock
  ................ a6 00 00 00 0a 00 00 00 00 00 00 00 02 00 00 00
  ................ 00 00 00 00 00 00 00 00 01 00 00 00 00 00 00 00
  ...              00 00 00
007757-007768 StringBlock "Norse-Bold"
007769-007784 DataBlock
  ................ 0a 00 00 00 02 00 00 00 00 00 00 00 dd da fa ff
007785-007807 StringBlock "Default Font Category"
007808-007827 DataBlock
  ................ 00 00 00 00 00 00 00 00 00 00 00 00 00 00 00 00
  ....             00 00 00 00
007828-007838 T0Block "normal_t0"
007839-007854 DataBlock
  ................ 00 00 00 00 00 00 00 00 00 00 00 00 00 00 00 00
007855-007865 T0Block "normal_t0"
007866-007941 DataBlock
  ................ 00 00 00 00 00 00 00 00 00 00 00 00 00 00 00 00
  ................ 00 00 00 00 00 00 00 00 00 00 00 00 00 00 00 00
  ....A........... 00 00 00 00 41 00 00 00 00 00 00 00 00 00 00 00
  .............?.. 00 00 00 00 00 00 00 00 00 00 00 00 80 3f 00 00
  .?.......i.&     00 3f 00 00 00 00 00 00 c0 69 1a 26
007942-007956 StringBlock "border_bottom"
007957-008019 DataBlock
  ..........)..... 00 00 00 00 00 00 00 00 00 00 29 00 00 00 00 00
  ................ 00 00 00 00 00 00 00 00 00 01 00 00 00 00 08 00
  ................ 00 00 00 00 00 00 00 00 00 00 00 00 00 00 00 00
  ............m.&  00 00 00 00 00 00 00 01 00 00 00 00 6d 1a 26
008020-008029 StringBlock "NewState"
008030-008064 DataBlock
  ................ a6 00 00 00 0a 00 00 00 00 00 00 00 02 00 00 00
  ................ 00 00 00 00 00 00 00 00 01 00 00 00 00 00 00 00
  ...              00 00 00
008065-008076 StringBlock "Norse-Bold"
008077-008092 DataBlock
  ................ 0a 00 00 00 02 00 00 00 00 00 00 00 dd da fa ff
008093-008115 StringBlock "Default Font Category"
008116-008135 DataBlock
  ................ 00 00 00 00 00 00 00 00 00 00 00 00 00 00 00 00
  ....             00 00 00 00
008136-008146 T0Block "normal_t0"
008147-008162 DataBlock
  ................ 00 00 00 00 00 00 00 00 00 00 00 00 00 00 00 00
008163-008173 T0Block "normal_t0"
008174-008249 DataBlock
  ................ 00 00 00 00 00 00 00 00 00 00 00 00 00 00 00 00
  ................ 00 00 00 00 00 00 00 00 00 00 00 00 00 00 00 00
  ....A........... 00 00 00 00 41 00 00 00 00 00 00 00 00 00 00 00
  .............?.. 00 00 00 00 00 00 00 00 00 00 00 00 80 3f 00 00
  .?...?...o.&     00 3f 00 00 80 3f 00 00 00 6f 1a 26
008250-008261 StringBlock "popup_list"
008262-008324 DataBlock
  ................ 00 00 00 00 00 00 00 00 00 00 0c 00 00 00 01 01
  ................ 00 00 00 00 01 00 00 00 00 01 00 00 00 00 05 00
  ................ 00 00 00 00 00 00 00 00 00 00 00 00 00 00 00 00
  ...........@r.&  00 00 00 00 00 00 00 01 00 00 00 40 72 1a 26
008325-008334 StringBlock "NewState"
008335-008369 DataBlock
  ................ a6 00 00 00 1b 00 00 00 00 00 00 00 02 00 00 00
  ................ 00 00 00 00 01 00 00 00 01 00 00 00 00 00 00 00
  ...              00 00 00
008370-008381 StringBlock "Norse-Bold"
008382-008397 DataBlock
  ................ 0a 00 00 00 02 00 00 00 00 00 00 00 dd da fa ff
008398-008420 StringBlock "Default Font Category"
008421-008440 DataBlock
  ................ 00 00 00 00 00 00 00 00 00 00 00 00 00 00 00 00
  ....             00 00 00 00
008441-008451 T0Block "normal_t0"
008452-008467 DataBlock
  ................ 00 00 00 00 00 00 00 00 00 00 00 00 00 00 00 00
008468-008478 T0Block "normal_t0"
008479-008514 DataBlock
  ................ 00 00 00 00 00 00 00 00 00 00 00 00 00 00 00 00
  ................ 00 00 00 00 00 00 00 00 00 00 00 00 00 00 00 00
  ....             02 00 00 00
008515-008532 StringBlock "disable_override"
008533-008542 StringBlock "position"
008543-008561 StringBlock "disable_override1"
008562-008578 StringBlock "instance_resize"
008579-008596 DataBlock
  A............... 41 00 00 00 00 00 00 00 01 00 00 00 00 00 80 aa
  9&               39 26
008597-008609 StringBlock "row_example"
008610-008615 DataBlock
  ......           00 00 01 00 00 00
008616-008635 StringBlock "DropdownMenuOption"
008636-008688 DataBlock
  ................ 00 00 00 00 00 00 00 00 00 00 00 00 01 01 00 00
  ................ 00 00 01 00 01 00 00 01 00 00 00 00 00 00 00 00
  ...........9&... 00 00 00 00 00 00 00 00 00 80 b3 39 26 01 00 00
  .@t.&            00 40 74 1a 26
008689-008736 ImagePathBlock "ui\\skins\\default\\button_dropdown_highlight.png"
008737-008757 DataBlock
  ................ 8e 00 00 00 18 00 00 00 00 00 00 00 00 04 00 00
  ...9&            00 c0 ad 39 26
008758-008764 StringBlock "hover"
008765-008799 DataBlock
  ................ a1 00 00 00 1b 00 00 00 00 00 00 00 02 00 00 00
  ................ 00 00 00 00 01 00 00 00 01 00 00 00 00 00 00 00
  ...              00 00 00
008800-008811 StringBlock "Norse-Bold"
008812-008827 DataBlock
  ................ 0a 00 00 00 02 00 00 00 00 00 00 00 dd da fa ff
008828-008850 StringBlock "Default Font Category"
008851-008870 DataBlock
  ................ 00 00 00 00 00 00 00 00 00 00 00 00 00 00 00 00
  ....             01 00 00 00
008871-008881 T0Block "normal_t0"
008882-008897 DataBlock
  ................ 00 00 00 00 00 00 00 00 00 00 00 00 00 00 00 00
008898-008908 T0Block "normal_t0"
008909-009065 DataBlock
  ................ 00 00 00 00 00 00 00 00 00 00 00 00 00 00 00 00
  ....@t.&........ 01 00 00 00 40 74 1a 26 03 00 00 00 00 00 00 00
  ...........x.... a1 00 00 00 1b 00 00 00 ff ff ff 78 00 00 01 00
  ................ 00 01 00 00 00 03 00 00 00 00 00 00 00 01 01 00
  ................ 00 00 00 00 00 00 00 00 00 00 00 00 00 00 00 00
  ......?......... 00 00 00 00 00 80 3f 00 00 00 00 00 00 00 00 00
  ...........@@..@ 00 00 00 00 00 00 00 00 00 00 00 40 40 00 00 40
  @..@@..@@....u.. 40 00 00 40 40 00 00 40 40 ec 00 00 00 75 00 00
  ...........9&d.. 00 01 00 00 00 01 00 00 00 80 b3 39 26 64 00 00
  .].........9&    00 5d 00 00 00 00 00 00 00 80 b0 39 26
009066-009075 StringBlock "selected"
009076-009110 DataBlock
  ................ a1 00 00 00 1b 00 00 00 00 00 00 00 02 00 00 00
  ................ 00 00 00 00 01 00 00 00 01 00 00 00 00 00 00 00
  ...              00 00 00
009111-009122 StringBlock "Norse-Bold"
009123-009138 DataBlock
  ................ 0a 00 00 00 02 00 00 00 00 00 00 00 dd da fa ff
009139-009161 StringBlock "Default Font Category"
009162-009181 DataBlock
  ................ 00 00 00 00 00 00 00 00 00 00 00 00 00 00 00 00
  ....             01 00 00 00
009182-009192 T0Block "normal_t0"
009193-009208 DataBlock
  ................ 00 00 00 00 00 00 00 00 00 00 00 00 00 00 00 00
009209-009219 T0Block "normal_t0"
009220-009376 DataBlock
  ................ 00 00 00 00 00 00 00 00 00 00 00 00 00 00 00 00
  ....@t.&........ 01 00 00 00 40 74 1a 26 03 00 00 00 00 00 00 00
  ...........P.... a1 00 00 00 1b 00 00 00 ff ff ff 50 00 00 01 00
  ................ 00 01 00 00 00 03 00 00 00 00 00 00 00 01 01 00
  ................ 00 00 00 00 00 00 00 00 00 00 00 00 00 00 00 00
  ......?......... 00 00 00 00 00 80 3f 00 00 00 00 00 00 00 00 00
  ...........@@..@ 00 00 00 00 00 00 00 00 00 00 00 40 40 00 00 40
  @..@@..@@1...\.. 40 00 00 40 40 00 00 40 40 31 00 00 00 5c 01 00
  ...........9&d.. 00 01 00 00 00 00 00 00 00 80 b6 39 26 64 00 00
  .].........9&    00 5d 00 00 00 00 00 00 00 80 b6 39 26
009377-009392 StringBlock "selected_hover"
009393-009427 DataBlock
  ................ a1 00 00 00 1b 00 00 00 00 00 00 00 02 00 00 00
  ................ 00 00 00 00 01 00 00 00 01 00 00 00 00 00 00 00
  ...              00 00 00
009428-009439 StringBlock "Norse-Bold"
009440-009455 DataBlock
  ................ 0a 00 00 00 02 00 00 00 00 00 00 00 dd da fa ff
009456-009478 StringBlock "Default Font Category"
009479-009498 DataBlock
  ................ 00 00 00 00 00 00 00 00 00 00 00 00 00 00 00 00
  ....             01 00 00 00
009499-009509 T0Block "normal_t0"
009510-009525 DataBlock
  ................ 00 00 00 00 00 00 00 00 00 00 00 00 00 00 00 00
009526-009536 T0Block "normal_t0"
009537-009693 DataBlock
  ................ 00 00 00 00 00 00 00 00 00 00 00 00 00 00 00 00
  ....@t.&........ 01 00 00 00 40 74 1a 26 03 00 00 00 00 00 00 00
  ...........x.... a1 00 00 00 1b 00 00 00 ff ff ff 78 00 00 01 00
  ................ 00 01 00 00 00 03 00 00 00 00 00 00 00 01 01 00
  ................ 00 00 00 00 00 00 00 00 00 00 00 00 00 00 00 00
  ......?......... 00 00 00 00 00 80 3f 00 00 00 00 00 00 00 00 00
  ...........@@..@ 00 00 00 00 00 00 00 00 00 00 00 40 40 00 00 40
  @..@@..@@....... 40 00 00 40 40 00 00 40 40 93 00 00 00 07 01 00
  ...........9&d.. 00 01 00 00 00 01 00 00 00 80 b0 39 26 64 00 00
  .].........9&    00 5d 00 00 00 00 00 00 00 80 b3 39 26
009694-009705 StringBlock "unselected"
009706-009740 DataBlock
  ................ a1 00 00 00 1b 00 00 00 00 00 00 00 02 00 00 00
  ................ 00 00 00 00 01 00 00 00 01 00 00 00 00 00 00 00
  ...              00 00 00
009741-009752 StringBlock "Norse-Bold"
009753-009768 DataBlock
  ................ 0a 00 00 00 02 00 00 00 00 00 00 00 dd da fa ff
009769-009791 StringBlock "Default Font Category"
009792-009811 DataBlock
  ................ 00 00 00 00 00 00 00 00 00 00 00 00 00 00 00 00
  ....             01 00 00 00
009812-009822 T0Block "normal_t0"
009823-009838 DataBlock
  ................ 00 00 00 00 00 00 00 00 00 00 00 00 00 00 00 00
009839-009849 T0Block "normal_t0"
009850-010006 DataBlock
  ................ 00 00 00 00 00 00 00 00 00 00 00 00 00 00 00 00
  ....@t.&........ 01 00 00 00 40 74 1a 26 03 00 00 00 00 00 00 00
  ................ a1 00 00 00 1b 00 00 00 ff ff ff 00 00 00 01 00
  ................ 00 01 00 00 00 03 00 00 00 00 00 00 00 01 01 00
  ................ 00 00 00 00 00 00 00 00 00 00 00 00 00 00 00 00
  ......?......... 00 00 00 00 00 80 3f 00 00 00 00 00 00 00 00 00
  ...........@@..@ 00 00 00 00 00 00 00 00 00 00 00 40 40 00 00 40
  @..@@..@@5...... 40 00 00 40 40 00 00 40 40 35 00 00 00 2e 00 00
  ...........9&d.. 00 01 00 00 00 00 00 00 00 c0 ad 39 26 64 00 00
  .]...........    00 5d 00 00 00 00 00 00 00 02 00 00 00
010007-010024 StringBlock "disable_override"
010025-010034 StringBlock "position"
010035-010053 StringBlock "disable_override1"
010054-010070 StringBlock "instance_resize"
010071-010088 DataBlock
  A.............@. 41 00 00 00 00 00 00 00 01 00 00 00 00 00 40 b9
  9&               39 26
010089-010096 StringBlock "row_tx"
010097-010159 DataBlock
  ................ 00 00 00 00 00 00 00 00 00 00 00 00 00 00 01 01
  ................ 00 00 00 00 01 00 00 00 00 01 00 00 00 00 01 00
  ................ 00 00 00 00 00 00 00 00 00 00 00 00 00 00 00 00
  .............9&  00 00 00 00 00 00 00 01 00 00 00 00 00 39 26
010160-010169 StringBlock "NewState"
010170-010177 DataBlock
  ........         a1 00 00 00 1b 00 00 00
010178-010191 UnicodeBlock "Item 1"
010192-010210 DataBlock
  ................ 00 00 02 00 00 00 04 00 00 00 01 00 00 00 02 00
  ...              00 00 00
010211-010266 UnicodeBlock "row_tx_NewState_Text_28000c"
010267-010270 DataBlock
  ....             00 00 00 00
010271-010283 StringBlock "la_gioconda"
010284-010299 DataBlock
  ................ 0c 00 00 00 01 00 00 00 00 00 00 00 d7 f8 ff ff
010300-010308 StringBlock "fe_text"
010309-010328 DataBlock
  ................ 08 00 00 00 00 00 00 00 00 00 00 00 00 00 00 00
  ....             00 00 00 00
010329-010339 T0Block "normal_t0"
010340-010355 DataBlock
  ................ 00 00 00 00 00 00 00 00 00 00 00 00 00 00 00 00
010356-010366 T0Block "normal_t0"
010367-010437 DataBlock
  ................ 00 00 00 00 00 00 00 00 00 00 00 00 00 00 00 00
  ................ 00 00 00 00 00 00 00 00 00 00 00 00 00 00 00 00
  ....A........... 00 00 00 00 41 00 00 00 00 00 00 00 00 00 00 00
  .............?.. 00 00 00 00 00 00 00 00 00 00 00 00 80 3f 00 00
  .......          00 00 00 00 00 00 00
010438-010463 StringBlock "UI_GBL_TMP_DropDown_List"
010464-010527 DataBlock
  ..........?..... 00 00 00 00 00 00 01 00 00 80 3f 00 00 00 00 00
  ................ 00 00 00 00 00 00 00 00 00 00 00 00 00 00 00 80
  ?...?...?....... 3f 00 00 00 3f 00 00 00 3f 00 00 00 00 00 00 00
  ......?......... 00 00 00 00 00 80 3f 00 00 00 00 00 00 00 00 00
010528-010548 StringBlock "UI_GBL_TMP_DropDown"
010549-010589 DataBlock
  ..........?..... 00 00 00 00 00 00 00 00 00 80 3f 00 00 00 00 00
  ................ 00 00 00 00 00 00 00 00 00 00 00 00 00 00 00 80
  ?........        3f 00 00 00 00 00 00 00 00
