000000-000009 VersionBlock 119
000010-000013 DataBlock
   ...             20 a7 0f 11
000014-000019 StringBlock "root"
000020-000097 DataBlock
  ................ 00 00 00 00 00 00 00 00 00 00 00 00 00 00 01 01
  ................ 00 00 00 00 01 00 00 00 00 01 00 00 00 00 00 00
  ...........@.... 00 00 00 00 00 00 00 00 00 00 00 40 17 16 11 01
  ...@............ 00 00 00 40 cd 09 1d 00 00 00 05 00 00 c0 03 00
  ..........@...   00 00 00 00 00 00 01 00 00 00 40 17 16 11
000098-000107 StringBlock "NewState"
000108-000142 DataBlock
  ................ 00 05 00 00 00 04 00 00 00 00 00 00 02 00 00 00
  ................ 00 00 00 00 00 00 00 00 01 00 00 00 00 00 00 00
  ...              00 00 00
000143-000154 StringBlock "Norse-Bold"
000155-000170 DataBlock
  ................ 0a 00 00 00 02 00 00 00 00 00 00 00 dd da fa ff
000171-000193 StringBlock "Default Font Category"
000194-000213 DataBlock
  ................ 00 00 00 00 00 00 00 00 00 00 00 00 00 00 00 00
  ....             01 00 00 00
000214-000224 StringBlock "normal_t0"
000225-000240 DataBlock
  ................ 00 00 00 00 00 00 00 00 00 00 00 00 00 00 00 00
000241-000251 StringBlock "normal_t0"
000252-000406 DataBlock
  ................ 00 00 00 00 00 00 00 00 00 00 00 00 00 00 00 00
  ....@........... 01 00 00 00 40 cd 09 1d 00 00 00 00 00 00 00 00
  ................ 00 05 00 00 c0 03 00 00 be ff bb ff 00 00 00 00
  ................ 00 00 00 00 00 00 00 00 00 00 00 00 00 01 01 00
  ................ 00 00 00 00 00 00 00 00 00 00 00 00 00 00 00 00
  ......?......... 00 00 00 00 00 80 3f 00 00 00 00 00 00 00 00 00
  ................ 00 00 00 00 00 00 00 00 00 00 00 00 00 00 00 00
  ................ 00 00 00 00 00 00 00 00 00 00 00 00 00 00 00 00
  ................ 00 00 00 00 00 00 00 00 00 00 00 00 00 00 00 00
  ....... ...      00 01 00 00 00 00 00 20 b6 0f 11
000407-000436 StringBlock "campaign_text_pointer_docker"
000437-000442 DataBlock
  ......           00 00 01 00 00 00
000443-000463 StringBlock "WorldSpaceComponent"
000464-000524 DataBlock
  ....~........... 00 00 00 00 7e 02 00 00 fe 01 00 00 01 01 00 00
  ................ 00 00 01 00 00 00 00 01 00 00 00 00 00 00 00 00
  ................ 00 00 00 00 00 00 00 00 00 00 1d 16 11 00 00 00
  .............    00 00 00 00 00 01 00 00 00 00 1d 16 11
000525-000534 StringBlock "NewState"
000535-000569 DataBlock
  ................ 01 00 00 00 01 00 00 00 00 00 00 00 02 00 00 00
  ................ 00 00 00 00 00 00 00 00 01 00 00 00 00 00 00 00
  ...              00 00 00
000570-000581 StringBlock "Norse-Bold"
000582-000597 DataBlock
  ................ 0a 00 00 00 02 00 00 00 00 00 00 00 dd da fa ff
000598-000620 StringBlock "Default Font Category"
000621-000640 DataBlock
  ................ 00 00 00 00 00 00 00 00 00 00 00 00 00 00 00 00
  ....             00 00 00 00
000641-000651 StringBlock "normal_t0"
000652-000667 DataBlock
  ................ 00 00 00 00 00 00 00 00 00 00 00 00 00 00 00 00
000668-000678 StringBlock "normal_t0"
000679-000722 DataBlock
  ................ 00 00 00 00 00 00 00 00 00 00 00 00 00 00 00 00
  ................ 00 00 00 00 00 00 00 00 00 00 00 00 00 00 00 00
  ....(.......     00 00 00 00 28 00 00 00 02 00 00 00
000723-000728 StringBlock "show"
000729-000802 DataBlock
  ................ 01 00 02 00 00 00 00 00 00 00 00 00 00 00 00 00
  .@r............. a0 40 72 01 00 00 1e 00 00 00 ff ff ff 00 00 00
  ................ 00 00 00 00 00 00 00 00 00 00 00 00 00 00 00 00
  .............?.. 00 00 ff ff ff ff ff ff ff ff 00 00 80 3f 00 00
  ..@......?       00 00 40 00 00 00 00 00 80 3f
000803-000817 StringBlock "Quadratic Out"
000818-000891 DataBlock
  ................ 00 00 00 00 00 00 00 00 00 00 00 00 00 00 00 00
  .@r............. a0 40 72 01 00 00 1e 00 00 00 ff ff ff ff 00 00
  ................ 00 00 00 00 00 00 00 00 00 00 00 00 00 00 00 00
  .............?.. 00 00 ff ff ff ff ff ff ff ff 00 00 80 3f c8 00
  ..`......?       00 00 60 00 00 00 00 00 80 3f
000892-000899 StringBlock "Linear"
000900-000909 DataBlock
  ..........       00 00 00 00 00 00 00 00 00 00
000910-000915 StringBlock "hide"
000916-000989 DataBlock
  ................ 01 00 01 00 00 00 00 00 00 00 00 00 00 00 00 00
  .@r............. a0 40 72 01 00 00 1e 00 00 00 ff ff ff 00 00 00
  ................ 00 00 00 00 00 00 00 00 00 00 00 00 00 00 00 00
  .............?.. 00 00 ff ff ff ff ff ff ff ff 00 00 80 3f c8 00
  ..@......?       00 00 40 00 00 00 00 00 80 3f
000990-001004 StringBlock "Quadratic Out"
001005-001016 DataBlock
  .... .......     01 00 00 00 20 b6 0f 11 00 00 00 00
001017-001025 StringBlock "Destroy"
001026-001079 DataBlock
  ................ 00 00 00 00 00 00 00 00 00 00 00 00 00 00 00 00
  .......?........ 00 01 00 00 00 00 80 3f 00 00 00 00 00 00 00 00
  .............?.. 00 00 00 00 00 00 00 00 00 00 00 00 80 3f 00 00
  ......           00 00 00 00 00 00
