000000-000009 VersionBlock 122
000010-000013 RootIDBlock 117447904
000014-000019 StringBlock "root"
000020-000097 DataBlock
  ................ 00 00 00 00 00 00 00 00 00 00 00 00 00 00 01 01
  ................ 00 00 00 00 01 00 00 00 00 01 00 00 00 00 00 00
  ...........@$Q8. 00 00 00 00 00 00 00 00 00 00 00 40 24 51 38 01
  ...@C*:..@...... 00 00 00 40 43 2a 3a 00 00 40 06 00 00 84 03 00
  ..........@$Q8   00 00 00 00 00 00 01 00 00 00 40 24 51 38
000098-000107 StringBlock "NewState"
000108-000144 DataBlock
  @............... 40 06 00 00 84 03 00 00 00 00 00 00 02 00 00 00
  ................ 00 00 00 00 00 00 00 00 02 00 00 00 00 00 00 00
  .....            00 00 00 00 00
000145-000151 FontNameBlock "Norse"
000152-000167 DataBlock
  ................ 0a 00 00 00 02 00 00 00 00 00 00 00 dd da fa ff
000168-000190 StringBlock "Default Font Category"
000191-000210 DataBlock
  ................ 00 00 00 00 00 00 00 00 00 00 00 00 00 00 00 00
  ....             01 00 00 00
000211-000221 T0Block "normal_t0"
000222-000237 DataBlock
  ................ 00 00 00 00 00 00 00 00 00 00 00 00 00 00 00 00
000238-000248 T0Block "normal_t0"
000249-000403 DataBlock
  ................ 00 00 00 00 00 00 00 00 00 00 00 00 00 00 00 00
  ....@C*:........ 01 00 00 00 40 43 2a 3a 00 00 00 00 00 00 00 00
  @............... 40 06 00 00 84 03 00 00 f0 f0 f0 ff 00 00 00 00
  ................ 00 00 00 00 00 00 00 00 00 00 00 00 00 01 01 00
  ................ 00 00 00 00 00 00 00 00 00 00 00 00 00 00 00 00
  ......?......... 00 00 00 00 00 80 3f 00 00 00 00 00 00 00 00 00
  ................ 00 00 00 00 00 00 00 00 00 00 00 00 00 00 00 00
  ................ 00 00 00 00 00 00 00 00 00 00 00 00 00 00 00 00
  ................ 00 00 00 00 00 00 00 00 00 00 00 00 00 00 00 00
  ..........N      00 01 00 00 00 00 00 80 d9 e2 4e
000404-000431 StringBlock "dilemma_imperial_authority"
000432-000437 DataBlock
  ......           00 00 04 00 00 00
000438-000451 StringBlock "EventDilemma"
000452-000459 DataBlock
  ........         00 00 00 00 00 00 00 00
000460-000479 StringBlock "ContextObjectStore"
000480-000504 StringBlock "CcoCampaignEventDilemma"
000505-000510 DataBlock
  ......           00 00 00 00 00 00
000511-000530 StringBlock "ContextObjectStore"
000531-000549 StringBlock "CcoMessageDetails"
000550-000555 DataBlock
  ......           00 00 00 00 00 00
000556-000574 StringBlock "ContextPropagator"
000575-000593 StringBlock "CcoMessageDetails"
000594-000608 StringBlock "CustomContext"
000609-000657 DataBlock
  ....#...-....... 00 00 00 00 23 01 00 00 2d 00 00 00 01 01 00 00
  ................ 00 00 01 00 00 00 00 01 00 00 00 00 02 00 00 00
  ....-.......N... 00 00 00 00 2d 00 00 00 00 80 e0 f4 4e 07 00 00
  .                00
000658-000711 ImageBlock id=117448400 xsize=256 ysize=256 path="ui\\skins\\default\\panel_back_tile.png" unknown=3664183296
000712-000712 DataBlock
  N                4e
000713-000752 ImagePathBlock "ui\\skins\\default\\panel_back_border.png"
000753-000757 DataBlock
  .....            00 01 00 00 00
000758-000832 ImageListBlock 1 elements:
  000762-000832 ImageBlock id=4810708 xsize=115 ysize=47 path="ui\\skins\\default\\empire_event_ornament_top_centre.png" unknown=1238309888
000833-000896 DataBlock
  .4.ui\skins\defa 00 34 00 75 69 5c 73 6b 69 6e 73 5c 64 65 66 61
  ult\empire_event 75 6c 74 5c 65 6d 70 69 72 65 5f 65 76 65 6e 74
  _ornament_top_ri 5f 6f 72 6e 61 6d 65 6e 74 5f 74 6f 70 5f 72 69
  ght.png......... 67 68 74 2e 70 6e 67 90 00 00 00 a8 00 00 00 00
000897-000965 ImageBlock id=4795588 xsize=144 ysize=168 path="ui\\skins\\default\\empire_event_ornament_top_left.png" unknown=1241142272
000966-000966 DataBlock
  .                00
000967-001023 ImagePathBlock "ui\\skins\\default\\empire_event_ornament_bottom_right.png"
001024-001028 DataBlock
  ....T            bc 00 00 00 54
001029-001104 ImageListBlock 1 elements:
  001033-001104 ImageBlock id=4849132 xsize=188 ysize=340 path="ui\\skins\\default\\empire_event_ornament_bottom_left.png" unknown=0
001105-001160 DataBlock
  ........N..NewSt 00 01 00 00 00 80 e0 f4 4e 08 00 4e 65 77 53 74
  ate............. 61 74 65 f9 03 00 00 f8 01 00 00 00 00 00 00 02
  ................ 00 00 00 00 00 00 00 00 00 00 00 01 00 00 00 00
  ........         00 00 00 00 00 00 00 00
001161-001167 FontNameBlock "Norse"
001168-001183 DataBlock
  ................ 0a 00 00 00 02 00 00 00 00 00 00 00 dd da fa ff
001184-001206 StringBlock "Default Font Category"
001207-001226 DataBlock
  ................ 00 00 00 00 00 00 00 00 00 00 00 00 00 00 00 00
  ....             00 00 00 00
001227-001237 T0Block "normal_t0"
001238-001253 DataBlock
  ................ 00 00 00 00 00 00 00 00 00 00 00 00 00 00 00 00
001254-001264 T0Block "normal_t0"
001265-002007 DataBlock
  ................ 00 00 00 00 00 00 00 00 00 00 00 00 00 00 00 00
  ................ 07 00 00 00 d0 1e 00 07 00 00 00 00 00 00 00 00
  ................ f9 03 00 00 f8 01 00 00 ff ff ff ff 00 00 01 00
  ................ 00 00 00 00 00 00 00 00 00 00 00 00 00 01 01 00
  ................ 00 00 00 00 00 00 00 00 00 00 00 00 00 00 00 00
  ......?......... 00 00 00 00 00 80 3f 00 00 00 00 00 00 00 00 00
  ............@... 00 00 00 00 00 00 00 00 00 00 00 a0 40 00 00 a0
  @...@...@.g.N... 40 00 00 a0 40 00 00 a0 40 00 67 da 4e 00 00 00
  ................ 00 00 00 00 00 f9 03 00 00 f8 01 00 00 ff ff ff
  ................ ff 00 00 01 00 00 00 00 00 00 00 00 00 00 00 00
  ................ 00 00 01 01 00 00 00 00 00 00 00 00 00 00 00 00
  ...........?.... 00 00 00 00 00 00 00 00 00 00 80 3f 00 00 00 00
  ................ 00 00 00 00 00 00 00 00 00 00 00 00 00 00 00 00
   B.. B.. B.. B.g 20 42 00 00 20 42 00 00 20 42 00 00 20 42 d4 67
  I.........s.../. 49 00 c3 01 00 00 c4 ff ff ff 73 00 00 00 2f 00
  ................ 00 00 ff ff ff ff 00 00 00 00 00 0b 00 00 00 00
  ................ 00 00 00 f3 ff ff ff 00 00 00 00 00 00 00 00 00
  ................ 00 00 00 00 00 00 00 00 00 00 00 00 00 00 00 80
  ?............... 3f 00 00 00 00 00 00 00 00 00 00 00 00 00 00 00
  ................ 00 00 00 00 00 00 00 00 00 00 00 00 00 00 00 00
  ....,I.......... 00 00 00 c4 2c 49 00 e2 ff ff ff e9 ff ff ff 90
  ................ 00 00 00 94 00 00 00 ff ff ff ff 00 00 00 00 00
  ................ 01 00 00 00 e2 ff ff ff e9 ff ff ff 00 00 00 00
  ................ 00 00 00 00 00 00 00 00 00 00 00 00 00 00 00 00
  .....?.......... 00 00 00 00 80 3f 00 00 00 00 00 00 00 00 00 00
  ................ 00 00 00 00 00 00 00 00 00 00 00 00 00 00 00 00
  ..........I..... 00 00 00 00 00 00 00 00 1c cf 49 00 81 03 00 00
  ................ e8 ff ff ff 90 00 00 00 94 00 00 00 ff ff ff ff
  ................ 00 00 00 00 00 03 00 00 00 18 00 00 00 e8 ff ff
  ................ ff 00 00 00 00 00 00 00 00 00 00 00 00 00 00 00
  ..........?..... 00 00 00 00 00 00 00 00 00 80 3f 00 00 00 00 00
  ................ 00 00 00 00 00 00 00 00 00 00 00 00 00 00 00 00
  ...............I 00 00 00 00 00 00 00 00 00 00 00 00 00 ec fd 49
  .............G.. 00 df ff ff ff e8 00 00 00 bc 00 00 00 47 01 00
  ................ 00 ff ff ff ff 00 00 00 00 00 07 00 00 00 df ff
  ..7............. ff ff 37 00 00 00 00 00 00 00 00 00 00 00 00 00
  ...............? 00 00 00 00 00 00 00 00 00 00 00 00 00 00 80 3f
  ................ 00 00 00 00 00 00 00 00 00 00 00 00 00 00 00 00
  ................ 00 00 00 00 00 00 00 00 00 00 00 00 00 00 00 00
  ..T.I._......... 00 00 54 fa 49 00 5f 03 00 00 e8 00 00 00 bc 00
  ..G............. 00 00 47 01 00 00 ff ff ff ff 00 00 00 00 00 09
  ..."...7........ 00 00 00 22 00 00 00 37 00 00 00 00 00 00 00 00
  ................ 00 00 00 00 00 00 00 00 00 00 00 00 00 00 00 00
  ....?........... 00 00 00 80 3f 00 00 00 00 00 00 00 00 00 00 00
  ................ 00 00 00 00 00 00 00 00 00 00 00 00 00 00 00 00
  ................ 00 00 00 00 00 00 00 00 00 00 00 00 00 00 00 00
  .......          00 00 00 01 00 00 00
002008-002018 StringBlock "min_width"
002019-002041 DataBlock
  ..5402.......... 03 00 35 34 30 32 00 00 00 00 00 00 00 02 00 00
  ....;.N          00 00 00 80 3b e0 4e
002042-002054 StringBlock "main_holder"
002055-002117 DataBlock
  ................ 00 00 00 00 00 00 00 00 00 00 00 00 00 00 01 01
  ................ 00 00 00 00 01 00 00 00 00 01 00 00 00 00 00 00
  ..............N. 00 00 00 00 00 00 00 00 00 00 00 80 ef f2 4e 00
  ..............N  00 00 00 00 00 00 00 01 00 00 00 80 ef f2 4e
002118-002127 StringBlock "NewState"
002128-002164 DataBlock
  ....H........... f9 03 00 00 48 01 00 00 00 00 00 00 02 00 00 00
  ................ 00 00 00 00 00 00 00 00 02 00 00 00 00 00 00 00
  .....            00 00 00 00 00
002165-002171 FontNameBlock "Norse"
002172-002187 DataBlock
  ................ 0a 00 00 00 02 00 00 00 00 00 00 00 dd da fa ff
002188-002210 StringBlock "Default Font Category"
002211-002230 DataBlock
  ................ 00 00 00 00 00 00 00 00 00 00 00 00 00 00 00 00
  ....             01 00 00 00
002231-002241 T0Block "normal_t0"
002242-002257 DataBlock
  ................ 00 00 00 00 00 00 00 00 00 00 00 00 00 00 00 00
002258-002268 T0Block "normal_t0"
002269-002322 DataBlock
  ................ 00 00 00 00 00 00 00 00 00 00 00 00 00 00 00 00
  ................ 00 00 00 00 00 00 00 00 00 00 00 00 00 00 00 00
  ....2........... 00 00 00 00 32 00 00 00 00 00 00 00 03 00 00 00
  ..._.N           00 00 00 5f e3 4e
002323-002336 StringBlock "title_holder"
002337-002399 DataBlock
  ................ 00 00 00 00 00 00 00 00 00 00 00 00 00 00 01 00
  ................ 00 00 00 00 01 00 00 00 00 01 00 00 00 00 00 00
  ..............N. 00 00 00 00 00 00 00 00 00 00 00 80 fb f4 4e 00
  ..............N  00 00 00 00 00 00 00 01 00 00 00 80 fb f4 4e
002400-002409 StringBlock "NewState"
002410-002446 DataBlock
  ....#........... f9 03 00 00 23 00 00 00 00 00 00 00 02 00 00 00
  ................ 00 00 00 00 00 00 00 00 02 00 00 00 00 00 00 00
  .....            00 00 00 00 00
002447-002453 FontNameBlock "Norse"
002454-002469 DataBlock
  ................ 0a 00 00 00 02 00 00 00 00 00 00 00 dd da fa ff
002470-002492 StringBlock "Default Font Category"
002493-002512 DataBlock
  ................ 00 00 00 00 00 00 00 00 00 00 00 00 00 00 00 00
  ....             01 00 00 00
002513-002523 T0Block "normal_t0"
002524-002539 DataBlock
  ................ 00 00 00 00 00 00 00 00 00 00 00 00 00 00 00 00
002540-002550 T0Block "normal_t0"
002551-002604 DataBlock
  ................ 00 00 00 00 00 00 00 00 00 00 00 00 00 00 00 00
  ................ 00 00 00 00 00 00 00 00 00 00 00 00 00 00 00 00
  ....2........... 00 00 00 00 32 00 00 00 00 00 00 00 01 00 00 00
  .....N           00 00 00 f7 f4 4e
002605-002617 StringBlock "panel_title"
002618-002664 DataBlock
  ................ 00 00 00 00 00 00 bf 00 00 00 e7 ff ff ff 00 00
  ................ 00 00 00 00 01 00 00 00 00 01 00 00 00 00 02 00
  ............t.O  00 00 00 00 00 00 e7 ff ff ff 00 00 74 03 4f
002665-002718 ImageListBlock 1 elements:
  002669-002718 ImageBlock id=1020548416 xsize=544 ysize=59 path="ui\\skins\\default\\panel_title.png" unknown=0
002719-002774 DataBlock
  ......t.O..NewSt 00 01 00 00 00 00 74 03 4f 08 00 4e 65 77 53 74
  ate{...;........ 61 74 65 7b 02 00 00 3b 00 00 00 00 00 00 00 02
  ................ 00 00 00 00 00 00 00 00 00 00 00 01 00 00 00 00
  ........         00 00 00 00 00 00 00 00
002775-002781 FontNameBlock "Norse"
002782-002797 DataBlock
  ................ 0a 00 00 00 02 00 00 00 00 00 00 00 dd da fa ff
002798-002820 StringBlock "Default Font Category"
002821-002840 DataBlock
  ................ 00 00 00 00 00 00 00 00 00 00 00 00 00 00 00 00
  ....             00 00 00 00
002841-002851 T0Block "normal_t0"
002852-002867 DataBlock
  ................ 00 00 00 00 00 00 00 00 00 00 00 00 00 00 00 00
002868-002878 T0Block "normal_t0"
002879-003033 DataBlock
  ................ 00 00 00 00 00 00 00 00 00 00 00 00 00 00 00 00
  ....@U.<........ 01 00 00 00 40 55 d4 3c ec ff ff ff 00 00 00 00
  ....;........... a3 02 00 00 3b 00 00 00 ff ff ff ff 00 00 01 00
  ................ 00 05 00 00 00 00 00 00 00 00 00 00 00 01 01 00
  ................ 00 00 00 00 00 00 00 00 00 00 00 00 00 00 00 00
  ......?......... 00 00 00 00 00 80 3f 00 00 00 00 00 00 00 00 00
  ...............% 00 00 00 00 00 00 00 00 00 00 00 00 00 00 00 25
  C......%C....... 43 00 00 00 00 00 00 25 43 00 00 00 00 00 00 00
  .........<...... 00 00 00 00 00 00 00 00 00 3c 00 00 00 00 00 00
  ........C(8      00 01 00 00 00 00 00 80 43 28 38
003034-003045 StringBlock "button_txt"
003046-003051 DataBlock
  ......           00 00 01 00 00 00
003052-003069 StringBlock "ContextTextLabel"
003070-003088 StringBlock "CcoMessageDetails"
003089-003095 StringBlock "Title"
003096-003156 DataBlock
  ....}........... 00 00 00 00 7d 00 00 00 04 00 00 00 00 00 00 00
  ................ 00 00 01 00 00 00 00 01 00 00 00 00 05 00 00 00
  ............O... 00 00 00 00 00 00 00 00 00 80 1e 08 4f 00 00 00
  ............O    00 00 00 00 00 02 00 00 00 80 1e 08 4f
003157-003164 StringBlock "active"
003165-003172 DataBlock
  ....3...         80 01 00 00 33 00 00 00
003173-003190 UnicodeBlock "dy_title"
003191-003209 DataBlock
  ................ 00 00 04 00 00 00 04 00 00 00 00 00 00 00 02 00
  ...              00 00 00
003210-003269 UnicodeBlock "button_txt_active_Text_1c003e"
003270-003275 DataBlock
  ......           00 00 00 00 00 00
003276-003298 FontNameBlock "la_gioconda_uppercase"
003299-003314 DataBlock
  ................ 10 00 00 00 01 00 00 00 00 00 00 00 d7 f8 ff ff
003315-003336 StringBlock "fe_paragraph_heading"
003337-003356 DataBlock
  ................ 00 00 00 00 00 00 00 00 0c 00 00 00 00 00 00 00
  ....             00 00 00 00
003357-003367 T0Block "normal_t0"
003368-003383 DataBlock
  ................ 00 00 00 00 00 00 00 00 00 00 00 00 00 00 00 00
003384-003394 T0Block "normal_t0"
003395-003430 DataBlock
  ................ 00 00 00 00 00 00 00 00 00 00 00 00 00 00 00 00
  ................ 00 00 00 00 00 00 00 00 00 00 00 00 00 00 00 00
  .;.N             80 3b da 4e
003431-003440 StringBlock "inactive"
003441-003477 DataBlock
  ....3........... 80 01 00 00 33 00 00 00 00 00 00 00 04 00 00 00
  ................ 04 00 00 00 00 00 00 00 02 00 00 00 01 00 00 00
  .....            00 00 00 00 00
003478-003500 FontNameBlock "la_gioconda_uppercase"
003501-003516 DataBlock
  ............fff. 10 00 00 00 02 00 00 00 00 00 00 00 66 66 66 ff
003517-003547 StringBlock "fe_paragraph_heading_inactive"
003548-003567 DataBlock
  ................ 00 00 00 00 00 00 00 00 0c 00 00 00 00 00 00 00
  ....             00 00 00 00
003568-003578 T0Block "normal_t0"
003579-003594 DataBlock
  ................ 00 00 00 00 00 00 00 00 00 00 00 00 00 00 00 00
003595-003605 T0Block "normal_t0"
003606-003641 DataBlock
  ................ 00 00 00 00 00 00 00 00 00 00 00 00 00 00 00 00
  ................ 00 00 00 00 00 00 00 00 00 00 00 00 00 00 00 00
  ....             03 00 00 00
003642-003663 StringBlock "dynamic_child_parent"
003664-003676 StringBlock "panel_title"
003677-003691 StringBlock "dynamic_child"
003692-003694 DataBlock
  ..1              01 00 31
003695-003712 StringBlock "disable_override"
003713-003729 StringBlock "instance_resize"
003730-003813 DataBlock
  <............... 3c 00 00 00 00 00 00 00 00 00 00 00 00 00 00 00
  .........?...?.. 00 00 00 00 00 01 00 00 80 3f 00 00 00 3f 00 00
  .?.............? 00 3f 00 00 00 00 00 00 00 00 00 00 00 00 80 3f
  ...?............ 00 00 00 3f 00 00 00 00 00 00 00 00 00 00 00 00
  .....?.......... 00 00 00 00 80 3f 00 00 00 00 00 00 00 00 00 00
  .!.N             00 21 e3 4e
003814-003831 StringBlock "subheader_holder"
003832-003894 DataBlock
  ..........#..... 00 00 00 00 00 00 00 00 00 00 23 00 00 00 01 01
  ................ 00 00 00 00 01 00 00 00 00 01 00 00 00 00 00 00
  ..............N. 00 00 00 00 00 00 00 00 00 00 00 00 d9 f4 4e 00
  ..............N  00 00 00 00 00 00 00 01 00 00 00 00 d9 f4 4e
003895-003904 StringBlock "NewState"
003905-003941 DataBlock
  ....#........... f9 03 00 00 23 00 00 00 00 00 00 00 02 00 00 00
  ................ 00 00 00 00 00 00 00 00 02 00 00 00 00 00 00 00
  .....            00 00 00 00 00
003942-003948 FontNameBlock "Norse"
003949-003964 DataBlock
  ................ 0a 00 00 00 02 00 00 00 00 00 00 00 dd da fa ff
003965-003987 StringBlock "Default Font Category"
003988-004007 DataBlock
  ................ 00 00 00 00 00 00 00 00 00 00 00 00 00 00 00 00
  ....             01 00 00 00
004008-004018 T0Block "normal_t0"
004019-004034 DataBlock
  ................ 00 00 00 00 00 00 00 00 00 00 00 00 00 00 00 00
004035-004045 T0Block "normal_t0"
004046-004099 DataBlock
  ................ 00 00 00 00 00 00 00 00 00 00 00 00 00 00 00 00
  ................ 00 00 00 00 00 00 00 00 00 00 00 00 00 00 00 00
  ....2........... 00 00 00 00 32 00 00 00 00 00 00 00 01 00 00 00
  ...6.N           00 00 80 36 de 4e
004100-004113 StringBlock "dy_subheader"
004114-004160 DataBlock
  ......4......... 00 00 00 00 00 00 34 01 00 00 f4 ff ff ff 00 00
  ................ 00 00 00 00 01 00 00 00 00 01 00 00 00 00 08 00
  ............>(8  00 00 00 00 00 00 05 00 00 00 00 00 3e 28 38
004161-004217 ImageListBlock 1 elements:
  004165-004217 ImageBlock id=1323186816 xsize=320 ysize=52 path="ui\\skins\\default\\panel_subtitle.png" unknown=0
004218-004244 DataBlock
  ......>(8..NewSt 00 01 00 00 00 00 3e 28 38 08 00 4e 65 77 53 74
  ate....4...      61 74 65 90 01 00 00 34 00 00 00
004245-004270 UnicodeBlock "dy_subheader"
004271-004289 DataBlock
  ................ 00 00 04 00 00 00 04 00 00 00 00 00 00 00 02 00
  ...              00 00 00
004290-004357 UnicodeBlock "dy_subheader_NewState_Text_1b0022"
004358-004363 DataBlock
  ......           00 00 00 00 00 00
004364-004386 FontNameBlock "la_gioconda_uppercase"
004387-004402 DataBlock
  ................ 0e 00 00 00 01 00 00 00 00 00 00 00 d7 f8 ff ff
004403-004419 StringBlock "FE_header_small"
004420-004439 DataBlock
  <...<........... 3c 00 00 00 3c 00 00 00 00 00 00 00 00 00 00 00
  ....             01 00 00 00
004440-004450 T0Block "normal_t0"
004451-004466 DataBlock
  ................ 00 00 00 00 00 00 00 00 00 00 00 00 00 00 00 00
004467-004477 T0Block "normal_t0"
004478-004676 DataBlock
  ................ 00 00 00 00 00 00 00 00 00 00 00 00 00 00 00 00
  .....:.N........ 01 00 00 00 80 3a de 4e 00 00 00 00 00 00 00 00
  ....4........... 90 01 00 00 34 00 00 00 ff ff ff ff 00 00 01 00
  ................ 00 00 00 00 00 00 00 00 00 00 00 00 00 01 01 00
  ................ 00 00 00 00 00 00 00 00 00 00 00 00 00 00 00 00
  ......?......... 00 00 00 00 00 80 3f 00 00 00 00 00 00 00 00 00
  ................ 00 00 00 00 00 00 00 00 00 00 00 00 00 00 00 96
  B.......B....... 42 00 00 00 00 00 00 96 42 00 00 00 00 00 00 00
  .........2...... 00 00 00 00 00 00 00 00 00 32 00 00 00 00 00 00
  ................ 00 00 00 00 00 00 00 00 00 00 00 00 00 00 00 00
  ..?...?...?..... 00 80 3f 00 00 00 3f 00 00 80 3f 00 00 00 00 00
  ........?....... 00 00 00 00 00 00 00 80 3f 00 00 00 00 00 00 00
  ......N          00 00 00 80 8f d1 4e
004677-004688 StringBlock "mid_holder"
004689-004751 DataBlock
  ..........F..... 00 00 00 00 00 00 00 00 00 00 46 00 00 00 01 01
  ................ 00 00 00 00 01 00 00 00 00 01 00 00 00 00 02 00
  ..............N. 00 00 00 00 00 00 00 00 00 00 00 80 93 d1 4e 00
  ..............N  00 00 00 00 00 00 00 01 00 00 00 80 93 d1 4e
004752-004761 StringBlock "NewState"
004762-004798 DataBlock
  ................ f8 03 00 00 02 01 00 00 00 00 00 00 02 00 00 00
  ................ 00 00 00 00 00 00 00 00 02 00 00 00 00 00 00 00
  .....            00 00 00 00 00
004799-004805 FontNameBlock "Norse"
004806-004821 DataBlock
  ................ 0a 00 00 00 02 00 00 00 00 00 00 00 dd da fa ff
004822-004844 StringBlock "Default Font Category"
004845-004864 DataBlock
  ................ 00 00 00 00 00 00 00 00 00 00 00 00 00 00 00 00
  ....             01 00 00 00
004865-004875 T0Block "normal_t0"
004876-004891 DataBlock
  ................ 00 00 00 00 00 00 00 00 00 00 00 00 00 00 00 00
004892-004902 T0Block "normal_t0"
004903-004956 DataBlock
  ................ 00 00 00 00 00 00 00 00 00 00 00 00 00 00 00 00
  ................ 00 00 00 00 00 00 00 00 00 00 00 00 00 00 00 00
  ....2........... 00 00 00 00 32 00 00 00 00 00 00 00 02 00 00 00
  .....N           00 00 00 0d e3 4e
004957-004968 StringBlock "pic_holder"
004969-005031 DataBlock
  ......1......... 00 00 00 00 00 00 31 00 00 00 00 00 00 00 01 01
  ................ 00 00 00 00 01 00 00 00 00 01 00 00 00 00 02 00
  ............@(8. 00 00 fd fe ff ff 00 00 00 00 00 80 40 28 38 00
  ............@(8  00 00 00 00 00 00 00 01 00 00 00 80 40 28 38
005032-005041 StringBlock "NewState"
005042-005078 DataBlock
  ................ 8f 01 00 00 02 01 00 00 00 00 00 00 02 00 00 00
  ................ 00 00 00 00 00 00 00 00 02 00 00 00 00 00 00 00
  .....            00 00 00 00 00
005079-005085 FontNameBlock "Norse"
005086-005101 DataBlock
  ................ 0a 00 00 00 02 00 00 00 00 00 00 00 dd da fa ff
005102-005124 StringBlock "Default Font Category"
005125-005144 DataBlock
  ................ 00 00 00 00 00 00 00 00 00 00 00 00 00 00 00 00
  ....             01 00 00 00
005145-005155 T0Block "normal_t0"
005156-005171 DataBlock
  ................ 00 00 00 00 00 00 00 00 00 00 00 00 00 00 00 00
005172-005182 T0Block "normal_t0"
005183-005236 DataBlock
  ................ 00 00 00 00 00 00 00 00 00 00 00 00 00 00 00 00
  ................ 00 00 00 00 00 00 00 00 00 00 00 00 00 00 00 00
  ....2........... 00 00 00 00 32 00 00 00 00 00 00 00 01 00 00 00
  .....N           00 00 00 f0 dd 4e
005237-005254 StringBlock "dy_event_picture"
005255-005301 DataBlock
  ................ 00 00 00 00 00 00 09 00 00 00 16 00 00 00 00 00
  ................ 00 00 00 00 01 00 01 00 00 01 00 00 00 00 05 00
  ............&.N  00 00 00 00 00 00 00 00 00 00 00 00 26 e3 4e
005302-005365 ImageListBlock 1 elements:
  005306-005365 ImageBlock id=1323161216 xsize=1 ysize=0 path="ui\\skins\\default\\agent_pic_assassinate.png" unknown=0
005366-005421 DataBlock
  ......&.N..NewSt 00 01 00 00 00 00 26 e3 4e 08 00 4e 65 77 53 74
  ate|............ 61 74 65 7c 01 00 00 d6 00 00 00 00 00 00 00 02
  ................ 00 00 00 00 00 00 00 00 00 00 00 01 00 00 00 00
  ........         00 00 00 00 00 00 00 00
005422-005428 FontNameBlock "Norse"
005429-005444 DataBlock
  ................ 0a 00 00 00 02 00 00 00 00 00 00 00 dd da fa ff
005445-005467 StringBlock "Default Font Category"
005468-005487 DataBlock
  ................ 00 00 00 00 00 00 00 00 00 00 00 00 00 00 00 00
  ....             01 00 00 00
005488-005498 T0Block "normal_t0"
005499-005514 DataBlock
  ...@...@...@...@ 00 00 a0 40 00 00 a0 40 00 00 a0 40 00 00 a0 40
005515-005525 T0Block "normal_t0"
005526-005680 DataBlock
  ................ 00 00 00 00 00 00 00 00 00 00 00 00 00 00 00 00
  .......N........ 01 00 00 00 80 d6 dd 4e 00 00 00 00 00 00 00 00
  |............... 7c 01 00 00 d6 00 00 00 ff ff ff ff 00 00 00 00
  ................ 00 00 00 00 00 00 00 00 00 00 00 00 00 01 01 00
  ................ 00 00 00 00 00 00 00 00 00 00 00 00 00 00 00 00
  ......?......... 00 00 00 00 00 80 3f 00 00 00 00 00 00 00 00 00
  ................ 00 00 00 00 00 00 00 00 00 00 00 00 00 00 00 00
  ................ 00 00 00 00 00 00 00 00 00 00 00 00 00 00 00 00
  .........<...... 00 00 00 00 00 00 00 00 00 3c 00 00 00 00 00 00
  .........(8      00 01 00 00 00 00 00 00 13 28 38
005681-005691 StringBlock "pic_frame"
005692-005738 DataBlock
  ................ 00 00 00 00 00 00 ff ff ff ff ff ff ff ff 01 01
  ................ 00 00 00 00 01 01 00 00 00 01 00 00 00 00 05 00
  ...............  00 00 00 00 00 00 00 00 00 00 00 00 00 00 00
005739-005803 ImageListBlock 1 elements:
  005743-005803 ImageBlock id=1324560512 xsize=256 ysize=256 path="ui\\skins\\default\\panel_back_inner_frame.png" unknown=0
005804-005859 DataBlock
  ......(.N..NewSt 00 01 00 00 00 00 28 e3 4e 08 00 4e 65 77 53 74
  ate~............ 61 74 65 7e 01 00 00 d8 00 00 00 00 00 00 00 02
  ................ 00 00 00 00 00 00 00 00 00 00 00 01 00 00 00 00
  ........         00 00 00 00 00 00 00 00
005860-005872 FontNameBlock "la_gioconda"
005873-005888 DataBlock
  ................ 0c 00 00 00 01 00 00 00 00 00 00 00 00 00 00 ff
005889-005901 StringBlock "ingame_text"
005902-005921 DataBlock
  ................ 00 00 00 00 00 00 00 00 00 00 00 00 00 00 00 00
  ....             01 00 00 00
005922-005932 T0Block "normal_t0"
005933-005948 DataBlock
  ................ 00 00 00 00 00 00 00 00 00 00 00 00 00 00 00 00
005949-005959 T0Block "normal_t0"
005960-006096 DataBlock
  ................ 00 00 00 00 00 00 00 00 00 00 00 00 00 00 00 00
  .....0.N........ 01 00 00 00 80 30 f3 4e ff ff ff ff ff ff ff ff
  ................ 81 01 00 00 da 00 00 00 ff ff ff ff 00 00 01 00
  ................ 00 05 00 00 00 00 00 00 00 00 00 00 00 01 01 00
  ................ 00 00 00 00 00 00 00 00 00 00 00 00 00 00 00 00
  ......?......... 00 00 00 00 00 80 3f 00 00 00 00 00 00 00 00 00
  ............A..  00 00 00 00 00 00 00 00 00 00 00 f0 41 00 00 20
  B...A.. B....... 42 00 00 f0 41 00 00 20 42 00 00 00 00 00 00 00
  .........        00 00 00 00 00 01 00 00 00
006097-006104 StringBlock "Margin"
006105-006190 DataBlock
  ..<............. 00 00 3c 00 00 00 00 00 00 00 00 00 00 00 00 00
  ...........?...? 00 00 00 00 00 00 00 00 00 00 80 3f 00 00 00 3f
  ...?............ 00 00 00 3f 00 00 00 00 00 00 00 00 00 00 00 00
  .?...?...?...... 80 3f 00 00 00 3f 00 00 00 3f 00 00 00 00 00 00
  .......?...?.... 00 00 00 00 00 00 80 3f 00 00 00 3f 00 00 00 00
  ...3.N           00 00 80 33 da 4e
006191-006206 StringBlock "details_holder"
006207-006269 DataBlock
  ................ 00 00 00 00 00 00 c5 01 00 00 17 00 00 00 00 00
  ................ 00 00 00 00 01 00 00 00 00 01 00 00 00 00 02 00
  ............0(8. 00 00 c9 00 00 00 17 00 00 00 00 00 30 28 38 00
  ............0(8  00 00 00 00 00 00 00 01 00 00 00 00 30 28 38
006270-006279 StringBlock "NewState"
006280-006316 DataBlock
  ................ ff 01 00 00 d6 00 00 00 00 00 00 00 02 00 00 00
  ................ 00 00 00 00 00 00 00 00 02 00 00 00 00 00 00 00
  .....            00 00 00 00 00
006317-006323 FontNameBlock "Norse"
006324-006339 DataBlock
  ................ 0a 00 00 00 02 00 00 00 00 00 00 00 dd da fa ff
006340-006362 StringBlock "Default Font Category"
006363-006382 DataBlock
  ................ 00 00 00 00 00 00 00 00 00 00 00 00 00 00 00 00
  ....             01 00 00 00
006383-006393 T0Block "normal_t0"
006394-006409 DataBlock
  ................ 00 00 00 00 00 00 00 00 00 00 00 00 00 00 00 00
006410-006420 T0Block "normal_t0"
006421-006474 DataBlock
  ................ 00 00 00 00 00 00 00 00 00 00 00 00 00 00 00 00
  ................ 00 00 00 00 00 00 00 00 00 00 00 00 00 00 00 00
  ....2........... 00 00 00 00 32 00 00 00 00 00 00 00 01 00 00 00
  .....N           00 00 80 1c f5 4e
006475-006491 StringBlock "dy_details_text"
006492-006497 DataBlock
  ......           00 00 01 00 00 00
006498-006507 StringBlock "Textview"
006508-006532 StringBlock "CcoCampaignEventDilemma"
006533-006545 StringBlock "Description"
006546-006590 DataBlock
  ................ 00 00 00 00 00 00 00 00 00 00 00 00 00 00 00 00
  ................ 00 00 01 01 00 00 00 01 00 00 00 00 05 00 00 00
  .............    00 00 00 00 00 00 00 00 00 00 00 00 00
006591-006650 ImageListBlock 1 elements:
  006595-006650 ImageBlock id=942158400 xsize=256 ysize=256 path="ui\\skins\\default\\parchment_texture.png" unknown=0
006651-006707 DataBlock
  ......@.N..MainS 00 01 00 00 00 80 40 e5 4e 09 00 4d 61 69 6e 53
  tate............ 74 61 74 65 ff 01 00 00 d6 00 00 00 00 00 00 00
  ................ 02 00 00 00 00 00 00 00 00 00 00 00 01 00 00 00
  .........        00 00 00 00 00 00 00 00 00
006708-006720 FontNameBlock "la_gioconda"
006721-006736 DataBlock
  ................ 0c 00 00 00 01 00 00 00 00 00 00 00 d7 f8 ff ff
006737-006753 StringBlock "fe_default_text"
006754-006773 DataBlock
  ................ 00 00 00 00 00 00 00 00 00 00 00 00 00 00 00 00
  ....             01 00 00 00
006774-006784 T0Block "normal_t0"
006785-006800 DataBlock
  ................ 00 00 00 00 00 00 00 00 00 00 00 00 00 00 00 00
006801-006811 T0Block "normal_t0"
006812-006948 DataBlock
  ................ 00 00 00 00 00 00 00 00 00 00 00 00 00 00 00 00
  ....@2(8........ 01 00 00 00 40 32 28 38 00 00 00 00 00 00 00 00
  ................ ff 01 00 00 d6 00 00 00 ff ff ff ff 00 00 01 00
  ................ 00 00 00 00 00 00 00 00 00 00 00 00 00 01 01 00
  ................ 00 00 00 00 00 00 00 00 00 00 00 00 00 00 00 00
  ......?......... 00 00 00 00 00 80 3f 00 00 00 00 00 00 00 00 00
  ...........HB..H 00 00 00 00 00 00 00 00 00 00 00 48 42 00 00 48
  B..HB..HB....... 42 00 00 48 42 00 00 48 42 c0 cd cd cd c0 cd cd
  .........        cd 00 00 00 00 01 00 00 00
006949-006957 StringBlock "padding"
006958-006979 DataBlock
  ..15<........... 02 00 31 35 3c 00 00 00 00 00 00 00 02 00 00 00
  .....N           00 00 80 88 e5 4e
006980-006995 StringBlock "dy_description"
006996-007001 DataBlock
  ......           00 00 01 00 00 00
007002-007015 StringBlock "TextviewText"
007016-007080 DataBlock
  ................ 00 00 00 00 00 00 00 00 0e 00 00 00 09 00 00 00
  ................ 01 01 00 00 00 00 01 00 00 00 00 01 00 00 00 00
  ................ 05 00 00 00 f6 ff ff ff 00 00 00 00 00 00 00 00
  ................ 00 00 00 00 00 00 00 00 00 01 00 00 00 80 8c e5
  N                4e
007081-007091 StringBlock "MainState"
007092-007099 DataBlock
  ........         ce 01 00 00 c4 00 00 00
007100-007109 UnicodeBlock "Text"
007110-007128 DataBlock
  ................ 00 00 02 00 00 00 00 00 00 00 00 00 00 00 01 00
  ...              00 00 00
007129-007182 UnicodeBlock "Text_MainState_Text_11002c"
007183-007188 DataBlock
  ......           00 00 00 00 00 00
007189-007201 FontNameBlock "la_gioconda"
007202-007217 DataBlock
  ................ 0c 00 00 00 01 00 00 00 00 00 00 00 00 00 00 ff
007218-007230 StringBlock "ingame_text"
007231-007250 DataBlock
  ................ 0f 00 00 00 0f 00 00 00 0f 00 00 00 0f 00 00 00
  ....             01 00 00 00
007251-007261 T0Block "normal_t0"
007262-007277 DataBlock
  ................ 00 00 00 00 00 00 00 00 00 00 00 00 00 00 00 00
007278-007297 StringBlock "border_alpha_blend"
007298-007367 DataBlock
  ...... A...... A 00 00 00 00 00 00 20 41 00 00 00 00 00 00 20 41
  ................ 00 00 00 00 c0 cd cd cd c0 cd cd cd 00 00 00 00
  ....<........... 00 00 00 00 3c 00 00 00 00 00 00 00 00 00 00 00
  .............?.. 00 00 00 00 00 00 00 00 00 00 00 00 80 3f 00 00
  .?...?           00 3f 00 00 00 3f
007368-007394 StringBlock "parchment_slider_vertical"
007395-007402 DataBlock
  ...N....         00 c5 f4 4e 06 00 00 00
007403-007416 StringBlock "frame_bottom"
007417-007430 StringBlock "frame_bottom"
007431-007477 DataBlock
  ...........?...B 00 00 00 00 00 00 00 00 00 00 80 3f 00 00 10 42
  ...A...B....<... 00 00 98 41 00 00 14 42 08 00 00 00 3c 00 00 00
  ...............  01 02 00 00 00 00 00 00 00 00 00 00 00 00 00
007478-007487 StringBlock "NewState"
007488-007499 DataBlock
  ............     00 00 00 00 00 00 00 00 00 00 00 00
007500-007548 ImagePathListBlock 1 elements:
  007504-007548 ImagePathBlock "ui\\skins\\default\\slider_vertical_bottom.png"
007549-007556 DataBlock
  ..handle         06 00 68 61 6e 64 6c 65
007557-007564 StringBlock "handle"
007565-007570 DataBlock
  ......           00 00 01 00 00 00
007571-007585 StringBlock "VSliderHandle"
007586-007593 DataBlock
  ........         00 00 00 00 00 00 00 00
007594-007619 StringBlock "UI_GBL_TMP_Slider_Handle"
007620-007658 DataBlock
  ...@.......A...B 00 00 00 40 00 00 00 00 00 00 90 41 00 00 1c 42
  ....<........... 00 00 00 00 3c 00 00 00 01 05 00 00 00 00 00 00
  .......          00 00 00 00 00 00 00
007659-007666 StringBlock "active"
007667-007674 DataBlock
  ........         00 00 00 00 00 00 00 00
007675-007684 StringBlock "down_off"
007685-007692 DataBlock
  ........         00 00 00 00 00 00 00 00
007693-007699 StringBlock "hover"
007700-007707 DataBlock
  ........         00 00 00 00 00 00 00 00
007708-007717 StringBlock "inactive"
007718-007729 DataBlock
  ............     00 00 00 00 00 00 00 00 01 00 00 00
007730-007739 StringBlock "min_size"
007740-007743 DataBlock
  ..39             02 00 33 39
007744-007846 ImagePathListBlock 2 elements:
  007748-007792 ImagePathBlock "ui\\skins\\default\\slider_vertical_handle.png"
  007793-007846 ImagePathBlock "ui\\skins\\default\\slider_vertical_handle_underlay.png"
007847-007854 DataBlock
  ..bottom         06 00 62 6f 74 74 6f 6d
007855-007862 StringBlock "bottom"
007863-007868 DataBlock
  ......           00 00 01 00 00 00
007869-007891 StringBlock "SliderIncrementButton"
007892-007899 DataBlock
  ........         00 00 00 00 00 00 00 00
007900-007925 StringBlock "UI_GBL_TMP_Slider_Arrows"
007926-007964 DataBlock
  ..@@...B..pA...A 00 00 40 40 00 00 00 42 00 00 70 41 00 00 b0 41
  ....<........... 07 00 00 00 3c 00 00 00 01 06 00 00 00 00 00 00
  .......          00 00 00 00 00 00 00
007965-007972 StringBlock "active"
007973-007980 DataBlock
  ........         00 00 00 00 00 00 00 00
007981-007986 StringBlock "down"
007987-007994 DataBlock
  ........         00 00 00 00 00 00 00 00
007995-008004 StringBlock "down_off"
008005-008012 DataBlock
  ........         00 00 00 00 00 00 00 00
008013-008019 StringBlock "hover"
008020-008027 DataBlock
  ........         00 00 00 00 00 00 00 00
008028-008037 StringBlock "inactive"
008038-008049 DataBlock
  ............     00 00 00 00 00 00 00 00 01 00 00 00
008050-008059 StringBlock "stepSize"
008060-008063 DataBlock
  ..10             02 00 31 30
008064-008223 ImagePathListBlock 3 elements:
  008068-008119 ImagePathBlock "ui\\skins\\default\\slider_vertical_bottom_active.png"
  008120-008172 ImagePathBlock "ui\\skins\\default\\slider_vertical_bottom_pressed.png"
  008173-008223 ImagePathBlock "ui\\skins\\default\\slider_vertical_bottom_hover.png"
008224-008270 DataBlock
  ..top..top...... 03 00 74 6f 70 03 00 74 6f 70 00 00 01 00 00 00
  ..SliderDecremen 15 00 53 6c 69 64 65 72 44 65 63 72 65 6d 65 6e
  tButton........  74 42 75 74 74 6f 6e 00 00 00 00 00 00 00 00
008271-008296 StringBlock "UI_GBL_TMP_Slider_Arrows"
008297-008335 DataBlock
  ..@@......pA...A 00 00 40 40 00 00 04 c2 00 00 70 41 00 00 b0 41
  ....<........... 01 00 00 00 3c 00 00 00 01 06 00 00 00 00 00 00
  .......          00 00 00 00 00 00 00
008336-008343 StringBlock "active"
008344-008351 DataBlock
  ........         00 00 00 00 00 00 00 00
008352-008357 StringBlock "down"
008358-008365 DataBlock
  ........         00 00 00 00 00 00 00 00
008366-008375 StringBlock "down_off"
008376-008383 DataBlock
  ........         00 00 00 00 00 00 00 00
008384-008390 StringBlock "hover"
008391-008398 DataBlock
  ........         00 00 00 00 00 00 00 00
008399-008408 StringBlock "inactive"
008409-008420 DataBlock
  ............     00 00 00 00 00 00 00 00 01 00 00 00
008421-008430 StringBlock "stepSize"
008431-008434 DataBlock
  ..10             02 00 31 30
008435-008585 ImagePathListBlock 3 elements:
  008439-008487 ImagePathBlock "ui\\skins\\default\\slider_vertical_top_active.png"
  008488-008537 ImagePathBlock "ui\\skins\\default\\slider_vertical_top_pressed.png"
  008538-008585 ImagePathBlock "ui\\skins\\default\\slider_vertical_top_hover.png"
008586-008596 DataBlock
  ..frame_top      09 00 66 72 61 6d 65 5f 74 6f 70
008597-008607 StringBlock "frame_top"
008608-008654 DataBlock
  ...........?.... 00 00 00 00 00 00 00 00 00 00 80 3f 00 00 08 c2
  ...A...B....<... 00 00 a0 41 00 00 10 42 02 00 00 00 3c 00 00 00
  ...............  01 02 00 00 00 00 00 00 00 00 00 00 00 00 00
008655-008664 StringBlock "NewState"
008665-008676 DataBlock
  ............     00 00 00 00 00 00 00 00 00 00 00 00
008677-008722 ImagePathListBlock 1 elements:
  008681-008722 ImagePathBlock "ui\\skins\\default\\slider_vertical_top.png"
008723-008739 DataBlock
  ....vslider..... 00 00 07 00 76 73 6c 69 64 65 72 00 00 01 00 00
  .                00
008740-008748 StringBlock "VSlider"
008749-008797 DataBlock
  ................ 00 00 00 00 00 00 00 00 00 00 00 00 e0 c0 00 00
  .....A...C....<. 00 00 00 00 a0 41 00 00 06 43 06 00 00 00 3c 00
  ................ 00 00 01 03 00 00 00 00 00 00 00 00 00 00 00 00
  .                00
008798-008805 StringBlock "active"
008806-008813 DataBlock
  ........         00 00 00 00 00 00 00 00
008814-008823 StringBlock "inactive"
008824-008835 DataBlock
  ............     00 00 00 00 00 00 00 00 04 00 00 00
008836-008843 StringBlock "Notify"
008844-008845 DataBlock
  ..               00 00
008846-008852 StringBlock "Value"
008853-008855 DataBlock
  ..0              01 00 30
008856-008865 StringBlock "maxValue"
008866-008870 DataBlock
  ..100            03 00 31 30 30
008871-008880 StringBlock "minValue"
008881-008883 DataBlock
  ..0              01 00 30
008884-008941 ImageBlock id=1 xsize=0 ysize=0 path="ui\\skins\\default\\slider_vertical_mid.png" unknown=0
008942-009000 DataBlock
  .....?...?...?.. 00 00 00 00 80 3f 00 00 00 3f 00 00 00 3f 00 00
  ...........?...? 00 00 00 00 00 00 00 00 00 00 80 3f 00 00 00 3f
  ................ 00 00 00 00 00 00 00 00 00 00 00 00 00 00 00 00
  .?...?.....      80 3f 00 00 00 3f 00 00 00 00 01
009001-009006 StringBlock "List"
009007-009099 DataBlock
  .......D........ 01 00 00 00 00 00 07 44 16 00 00 00 00 00 00 00
  ................ 00 01 00 00 00 01 00 00 00 00 00 00 00 00 00 00
  ................ 00 00 00 00 00 00 00 00 00 00 00 00 00 00 00 00
  ................ 00 00 00 00 00 00 00 00 00 00 00 00 00 00 00 00
  ..............?. 00 00 00 00 00 00 00 00 00 00 00 00 00 80 3f 00
  ............N    00 00 00 00 00 00 00 00 00 00 2e da 4e
009100-009113 StringBlock "dilemma_list"
009114-009160 DataBlock
  ..........E..... 00 00 00 00 00 00 0b 00 00 00 45 01 00 00 01 01
  ................ 00 00 00 00 01 00 00 00 00 01 00 00 00 00 00 00
  ..............N  00 00 0b 00 00 00 fd ff ff ff 00 80 08 f5 4e
009161-009220 ImageListBlock 1 elements:
  009165-009220 ImageBlock id=1324681088 xsize=256 ysize=256 path="ui\\skins\\default\\panel_back_bottom.png" unknown=0
009221-009276 DataBlock
  ........N..NewSt 00 01 00 00 00 80 08 f5 4e 08 00 4e 65 77 53 74
  ate............. 61 74 65 e4 01 00 00 ac 00 00 00 00 00 00 00 02
  ................ 00 00 00 00 00 00 00 00 00 00 00 02 00 00 00 00
  ........         00 00 00 00 00 00 00 00
009277-009283 FontNameBlock "Norse"
009284-009299 DataBlock
  ................ 0a 00 00 00 02 00 00 00 00 00 00 00 dd da fa ff
009300-009322 StringBlock "Default Font Category"
009323-009342 DataBlock
  ................ 00 00 00 00 00 00 00 00 00 00 00 00 00 00 00 00
  ....             01 00 00 00
009343-009353 T0Block "normal_t0"
009354-009369 DataBlock
  ................ 00 00 00 00 00 00 00 00 00 00 00 00 00 00 00 00
009370-009380 T0Block "normal_t0"
009381-009535 DataBlock
  ................ 00 00 00 00 00 00 00 00 00 00 00 00 00 00 00 00
  .......N........ 01 00 00 00 80 07 f5 4e 00 00 00 00 00 00 00 00
  ................ e4 01 00 00 ac 00 00 00 ff ff ff ff 00 00 01 00
  ................ 00 00 00 00 00 00 00 00 00 00 00 00 00 01 01 00
  ................ 00 00 00 00 00 00 00 00 00 00 00 00 00 00 00 00
  ......?......... 00 00 00 00 00 80 3f 00 00 00 00 00 00 00 00 00
  ............A..  00 00 00 00 00 00 00 00 00 00 00 f0 41 00 00 20
  B...A.. B....... 42 00 00 f0 41 00 00 20 42 00 00 00 00 00 00 00
  .........<...... 00 00 00 00 00 00 00 00 00 3c 00 00 00 00 00 00
  ..........N      00 01 00 00 00 00 00 00 0e f5 4e
009536-009553 StringBlock "dilemma_template"
009554-009600 DataBlock
  ................ 00 00 00 00 00 00 0c 00 00 00 17 00 00 00 01 01
  ................ 00 00 00 00 01 00 00 00 00 01 00 00 00 00 00 00
  ..............N  00 00 00 00 00 00 00 00 00 00 00 00 fb f2 4e
009601-009660 ImageListBlock 1 elements:
  009605-009660 ImageBlock id=1324683904 xsize=212 ysize=213 path="ui\\skins\\default\\panel_leather_tab.png" unknown=0
009661-009716 DataBlock
  ........N..NewSt 00 01 00 00 00 00 fb f2 4e 08 00 4e 65 77 53 74
  ate............. 61 74 65 cc 01 00 00 87 00 00 00 00 00 00 00 02
  ................ 00 00 00 00 00 00 00 00 00 00 00 01 00 00 00 00
  ........         00 00 00 00 00 00 00 00
009717-009723 FontNameBlock "Norse"
009724-009739 DataBlock
  ................ 0a 00 00 00 02 00 00 00 00 00 00 00 dd da fa ff
009740-009762 StringBlock "Default Font Category"
009763-009782 DataBlock
  ................ 00 00 00 00 00 00 00 00 00 00 00 00 00 00 00 00
  ....             01 00 00 00
009783-009793 T0Block "normal_t0"
009794-009809 DataBlock
  ................ 00 00 00 00 00 00 00 00 00 00 00 00 00 00 00 00
009810-009820 T0Block "normal_t0"
009821-009969 DataBlock
  ................ 00 00 00 00 00 00 00 00 00 00 00 00 00 00 00 00
  .......N........ 01 00 00 00 80 12 f5 4e 06 00 00 00 f7 ff ff ff
  ................ c0 01 00 00 92 00 00 00 ff ff ff ff 00 00 01 00
  ................ 00 05 00 00 00 00 00 00 00 fc ff ff ff 01 01 00
  ................ 00 00 00 00 00 00 00 00 00 00 00 00 00 00 00 00
  ......?......... 00 00 00 00 00 80 3f 00 00 00 00 00 00 00 00 00
  ............@... 00 00 00 00 00 00 00 00 00 00 00 e0 40 00 00 10
  A..0A...@....... 41 00 00 30 41 00 00 e0 40 00 00 00 00 00 00 00
  .........<...... 00 00 00 00 00 00 00 00 00 3c 00 00 00 00 00 00
  .....            00 02 00 00 00
009970-010002 StringBlock "square_large_text_button_toggle"
010003-010010 DataBlock
  ...N....         80 00 f3 4e 04 00 00 00
010011-010022 StringBlock "button_txt"
010023-010034 StringBlock "button_txt"
010035-010040 DataBlock
  ......           00 00 01 00 00 00
010041-010058 StringBlock "ContextTextLabel"
010059-010083 StringBlock "CcoCampaignEventDilemma"
010084-010095 StringBlock "OptionText"
010096-010140 DataBlock
  ................ 00 00 00 00 00 00 00 00 00 00 00 00 00 00 00 80
  .C..0B....<..... a2 43 00 00 30 42 05 00 00 00 3c 00 00 00 01 03
  .............    00 00 00 00 00 00 00 00 00 00 00 00 00
010141-010148 StringBlock "active"
010149-010156 DataBlock
  ........         00 00 00 00 00 00 00 00
010157-010166 StringBlock "inactive"
010167-010182 DataBlock
  ................ 00 00 00 00 00 00 00 00 00 00 00 00 00 00 00 00
010183-010201 StringBlock "smoke_clip_parent"
010202-010220 StringBlock "smoke_clip_parent"
010221-010267 DataBlock
  ................ 00 00 00 00 00 00 00 00 00 00 00 00 00 00 00 c0
  ...C...B....<... 00 00 ac 43 00 00 04 42 05 00 00 00 3c 00 00 00
  ...............  01 02 00 00 00 00 00 00 00 00 00 00 00 00 00
010268-010277 StringBlock "NewState"
010278-010293 DataBlock
  ................ 00 00 00 00 00 00 00 00 00 00 00 00 00 00 00 00
010294-010308 StringBlock "smoke_overlay"
010309-010323 StringBlock "smoke_overlay"
010324-010400 DataBlock
  ..............@. 00 00 00 00 00 00 00 00 00 00 00 c0 00 00 40 c0
  ...C...C....<... 00 00 ac 43 00 00 ac 43 05 00 00 00 3c 00 00 00
  ................ 01 03 00 00 00 00 00 00 00 00 00 00 00 00 00 03
  .wh1..........wh 00 77 68 31 00 00 00 00 00 00 00 00 03 00 77 68
  2............    32 00 00 00 00 00 00 00 00 00 00 00 00
010401-010457 ImagePathListBlock 1 elements:
  010405-010457 ImagePathBlock "ui\\skins\\default\\button_square_large_text_hover.png"
010458-010480 DataBlock
  ....choice_butto 00 00 0d 00 63 68 6f 69 63 65 5f 62 75 74 74 6f
  n......          6e 00 00 03 00 00 00
010481-010492 StringBlock "TextButton"
010493-010500 DataBlock
  ........         00 00 00 00 00 00 00 00
010501-010522 StringBlock "ContextTooltipSetter"
010523-010547 StringBlock "CcoCampaignEventDilemma"
010548-010553 DataBlock
  ......           00 00 01 00 00 00
010554-010579 StringBlock "different_text_per_state"
010580-010581 DataBlock
  ..               00 00
010582-010600 StringBlock "ContextPropagator"
010601-010617 StringBlock "CcoStaticObject"
010618-010673 StringBlock "StoredContext(\"CcoMessageDetails\", \"^3\").CustomContext"
010674-010677 DataBlock
  ....             01 00 00 00
010678-010685 StringBlock "event0"
010686-010706 StringBlock "EventFeedRepopulate"
010707-010755 StringBlock "UI_CAM_HUD_DLC13_Event_Incident_Dilemma_Confirm"
010756-010794 DataBlock
  ...........C..LB 00 00 00 00 00 00 00 00 00 00 c8 43 00 00 4c 42
  ....<........... 05 00 00 00 3c 00 00 00 01 0b 00 00 00 00 00 00
  .......          00 00 00 00 00 00 00
010795-010802 StringBlock "active"
010803-010810 DataBlock
  ........         00 00 00 00 00 00 00 00
010811-010816 StringBlock "down"
010817-010824 DataBlock
  ........         00 00 00 00 00 00 00 00
010825-010834 StringBlock "down_off"
010835-010842 DataBlock
  ........         00 00 00 00 00 00 00 00
010843-010849 StringBlock "hover"
010850-010853 DataBlock
  ....             00 00 00 00
010854-010923 UnicodeBlock "choice_button_hover_Tooltip_73007a"
010924-011015 UnicodeBlock "{{CcoCampaignEventDilemma:OptionTooltipText}}"
011016-011025 StringBlock "inactive"
011026-011029 DataBlock
  ....             00 00 00 00
011030-011105 UnicodeBlock "choice_button_inactive_Tooltip_4d000d"
011106-011217 UnicodeBlock "[[col:red]]You can't afford the associated cost[[/col]]"
011218-011227 StringBlock "selected"
011228-011235 DataBlock
  ........         00 00 00 00 00 00 00 00
011236-011250 StringBlock "selected_down"
011251-011258 DataBlock
  ........         00 00 00 00 00 00 00 00
011259-011277 StringBlock "selected_down_off"
011278-011285 DataBlock
  ........         00 00 00 00 00 00 00 00
011286-011301 StringBlock "selected_hover"
011302-011309 DataBlock
  ........         00 00 00 00 00 00 00 00
011310-011328 StringBlock "selected_inactive"
011329-011340 DataBlock
  ............     00 00 00 00 00 00 00 00 02 00 00 00
011341-011356 StringBlock "override_sound"
011357-011358 DataBlock
  ..               00 00
011359-011384 StringBlock "different_text_per_state"
011385-011386 DataBlock
  ..               00 00
011387-011918 ImagePathListBlock 9 elements:
  011391-011445 ImagePathBlock "ui\\skins\\default\\button_square_large_text_pressed.png"
  011446-011502 ImagePathBlock "ui\\skins\\warhammer2\\button_square_large_text_active.png"
  011503-011555 ImagePathBlock "ui\\skins\\default\\button_square_large_text_hover.png"
  011556-011611 ImagePathBlock "ui\\skins\\default\\button_square_large_text_inactive.png"
  011612-011667 ImagePathBlock "ui\\skins\\default\\button_square_large_text_selected.png"
  011668-011729 ImagePathBlock "ui\\skins\\default\\button_square_large_text_selected_hover.png"
  011730-011794 ImagePathBlock "ui\\skins\\default\\button_square_large_text_selected_inactive.png"
  011795-011853 ImagePathBlock "ui\\skins\\warhammer2\\button_square_large_text_underlay.png"
  011854-011918 ImagePathBlock "ui\\skins\\default\\button_square_large_text_selected_underlay.png"
011919-012005 DataBlock
  .........N..payl 00 00 00 00 00 00 80 b1 d9 4e 0c 00 70 61 79 6c
  oad_list........ 6f 61 64 5f 6c 69 73 74 00 00 00 00 00 00 1e 00
  ..3............. 00 00 33 00 00 00 00 01 00 00 00 00 01 00 00 00
  ................ 00 01 00 00 00 00 00 00 00 00 00 00 00 00 00 00
  ......N......... 00 00 00 80 b5 d9 4e 00 00 00 00 00 00 00 00 01
  ......N          00 00 00 80 b5 d9 4e
012006-012015 StringBlock "NewState"
012016-012052 DataBlock
  ....O........... 90 01 00 00 4f 00 00 00 00 00 00 00 02 00 00 00
  ................ 00 00 00 00 00 00 00 00 01 00 00 00 00 00 00 00
  .....            00 00 00 00 00
012053-012059 FontNameBlock "Norse"
012060-012075 DataBlock
  ................ 0a 00 00 00 02 00 00 00 00 00 00 00 dd da fa ff
012076-012098 StringBlock "Default Font Category"
012099-012118 DataBlock
  ................ 00 00 00 00 00 00 00 00 00 00 00 00 00 00 00 00
  ....             01 00 00 00
012119-012129 T0Block "normal_t0"
012130-012145 DataBlock
  ................ 00 00 00 00 00 00 00 00 00 00 00 00 00 00 00 00
012146-012156 T0Block "normal_t0"
012157-012210 DataBlock
  ................ 00 00 00 00 00 00 00 00 00 00 00 00 00 00 00 00
  ................ 00 00 00 00 00 00 00 00 00 00 00 00 00 00 00 00
  ....<........... 00 00 00 00 3c 00 00 00 00 00 00 00 02 00 00 00
  .....N           00 00 80 b9 d9 4e
012211-012227 StringBlock "effect_template"
012228-012290 DataBlock
  ................ 00 00 00 00 00 00 00 00 00 00 00 00 00 00 00 00
  ................ 00 00 00 00 01 00 00 00 00 01 00 00 00 00 00 00
  ..............N. 00 00 00 00 00 00 00 00 00 00 00 00 f4 e2 4e 00
  ..............N  00 00 00 00 00 00 00 01 00 00 00 00 f4 e2 4e
012291-012300 StringBlock "NewState"
012301-012337 DataBlock
  ...."........... 90 01 00 00 22 00 00 00 00 00 00 00 02 00 00 00
  ................ 04 00 00 00 00 00 00 00 02 00 00 00 00 00 00 00
  .....            00 00 00 00 00
012338-012350 FontNameBlock "la_gioconda"
012351-012366 DataBlock
  ................ 0c 00 00 00 01 00 00 00 00 00 00 00 d7 f8 ff ff
012367-012383 StringBlock "fe_default_text"
012384-012403 DataBlock
  ................ 00 00 00 00 00 00 00 00 00 00 00 00 00 00 00 00
  ....             01 00 00 00
012404-012414 T0Block "normal_t0"
012415-012430 DataBlock
  ................ 00 00 00 00 00 00 00 00 00 00 00 00 00 00 00 00
012431-012441 T0Block "normal_t0"
012442-012495 DataBlock
  ................ 00 00 00 00 00 00 00 00 00 00 00 00 00 00 00 00
  ................ 00 00 00 00 00 00 00 00 00 00 00 00 00 00 00 00
  ....<........... 00 00 00 00 3c 00 00 00 00 00 00 00 03 00 00 00
  .....N           00 00 80 f6 e2 4e
012496-012509 StringBlock "payload_icon"
012510-012515 DataBlock
  ......           00 00 01 00 00 00
012516-012542 StringBlock "CampaignEffectsBundleIcon"
012543-012595 DataBlock
  ................ 00 00 00 00 00 00 00 00 00 00 00 00 02 00 00 00
  ................ 00 00 00 00 00 00 01 00 00 00 00 01 00 00 00 00
  ................ 04 00 00 00 00 00 00 00 00 00 00 00 00 80 0f e0
  N....            4e 06 00 00 00
012596-012639 ImageBlock id=1323498240 xsize=24 ysize=24 path="ui\\skins\\default\\agent.png" unknown=3808165888
012640-012640 DataBlock
  N                4e
012641-012700 ImagePathBlock "ui\\skins\\default\\equipment_items_frame_small_legendary.png"
012701-012709 DataBlock
  -...-....        2d 00 00 00 2d 00 00 00 00
012710-012782 ImageBlock id=1323498880 xsize=45 ysize=45 path="ui\\skins\\default\\equipment_items_frame_small_common.png" unknown=3808329728
012783-012783 DataBlock
  N                4e
012784-012841 ImagePathBlock "ui\\skins\\default\\equipment_items_frame_small_crafted.png"
012842-012850 DataBlock
  -...-....        2d 00 00 00 2d 00 00 00 00
012851-012921 ImageBlock id=1323499392 xsize=45 ysize=45 path="ui\\skins\\default\\equipment_items_frame_small_rare.png" unknown=3808460800
012922-012922 DataBlock
  N                4e
012923-012981 ImagePathBlock "ui\\skins\\default\\equipment_items_frame_small_uncommon.png"
012982-013002 DataBlock
  -...-........... 2d 00 00 00 2d 00 00 00 00 00 00 00 00 06 00 00
  ....N            00 00 07 e3 4e
013003-013011 StringBlock "crafted"
013012-013019 DataBlock
  ........         90 01 00 00 1e 00 00 00
013020-013045 UnicodeBlock "Payload text"
013046-013064 DataBlock
  ................ 00 00 02 00 00 00 04 00 00 00 00 00 00 00 02 00
  ...              00 00 00
013065-013132 UnicodeBlock "payload_icon_NewState_Text_5d002e"
013133-013138 DataBlock
  ......           00 00 00 00 00 00
013139-013151 FontNameBlock "la_gioconda"
013152-013167 DataBlock
  ................ 0c 00 00 00 01 00 00 00 00 00 00 00 d7 f8 ff ff
013168-013184 StringBlock "fe_default_text"
013185-013204 DataBlock
   ............... 20 00 00 00 04 00 00 00 04 00 00 00 04 00 00 00
  ....             01 00 00 00
013205-013215 T0Block "normal_t0"
013216-013231 DataBlock
  ................ 00 00 00 00 00 00 00 00 00 00 00 00 00 00 00 00
013232-013242 T0Block "normal_t0"
013243-013480 DataBlock
  ................ 00 00 00 00 00 00 00 00 00 00 00 00 00 00 00 00
  .......N........ 02 00 00 00 80 fe e2 4e fc ff ff ff 00 00 00 00
  ................ 1e 00 00 00 1e 00 00 00 ff ff ff ff 00 00 00 00
  ................ 00 04 00 00 00 fc ff ff ff 00 00 00 00 00 00 00
  ................ 00 00 00 00 00 00 00 00 00 00 00 00 00 00 00 00
  ......?......... 00 00 00 00 00 80 3f 00 00 00 00 00 00 00 00 00
  ................ 00 00 00 00 00 00 00 00 00 00 00 00 00 00 00 00
  ............N... 00 00 00 00 00 00 00 00 00 00 fb e2 4e 03 00 00
  ................ 00 07 00 00 00 10 00 00 00 10 00 00 00 ff ff ff
  ................ ff 00 00 00 00 00 04 00 00 00 03 00 00 00 00 00
  ................ 00 00 00 00 00 00 00 00 00 00 00 00 00 00 00 00
  ...........?.... 00 00 00 00 00 00 00 00 00 00 80 3f 00 00 00 00
  ................ 00 00 00 00 00 00 00 00 00 00 00 00 00 00 00 00
  ................ 00 00 00 00 00 00 00 00 00 00 00 00 00 00 00 00
  .............N   00 00 00 00 00 00 00 00 00 00 80 1d e0 4e
013481-013490 StringBlock "uncommon"
013491-013498 DataBlock
  ........         90 01 00 00 1e 00 00 00
013499-013524 UnicodeBlock "Payload text"
013525-013543 DataBlock
  ................ 00 00 02 00 00 00 04 00 00 00 00 00 00 00 02 00
  ...              00 00 00
013544-013611 UnicodeBlock "payload_icon_NewState_Text_5d002e"
013612-013617 DataBlock
  ......           00 00 00 00 00 00
013618-013630 FontNameBlock "la_gioconda"
013631-013646 DataBlock
  ................ 0c 00 00 00 01 00 00 00 00 00 00 00 d7 f8 ff ff
013647-013663 StringBlock "fe_default_text"
013664-013683 DataBlock
   ............... 20 00 00 00 04 00 00 00 04 00 00 00 04 00 00 00
  ....             01 00 00 00
013684-013694 T0Block "normal_t0"
013695-013710 DataBlock
  ................ 00 00 00 00 00 00 00 00 00 00 00 00 00 00 00 00
013711-013721 T0Block "normal_t0"
013722-013959 DataBlock
  ................ 00 00 00 00 00 00 00 00 00 00 00 00 00 00 00 00
  .......N........ 02 00 00 00 80 00 e3 4e fc ff ff ff 00 00 00 00
  ................ 1e 00 00 00 1e 00 00 00 ff ff ff ff 00 00 00 00
  ................ 00 04 00 00 00 fc ff ff ff 00 00 00 00 00 00 00
  ................ 00 00 00 00 00 00 00 00 00 00 00 00 00 00 00 00
  ......?......... 00 00 00 00 00 80 3f 00 00 00 00 00 00 00 00 00
  ................ 00 00 00 00 00 00 00 00 00 00 00 00 00 00 00 00
  ............N... 00 00 00 00 00 00 00 00 00 00 fb e2 4e 03 00 00
  ................ 00 07 00 00 00 10 00 00 00 10 00 00 00 ff ff ff
  ................ ff 00 00 00 00 00 04 00 00 00 03 00 00 00 00 00
  ................ 00 00 00 00 00 00 00 00 00 00 00 00 00 00 00 00
  ...........?.... 00 00 00 00 00 00 00 00 00 00 80 3f 00 00 00 00
  ................ 00 00 00 00 00 00 00 00 00 00 00 00 00 00 00 00
  ................ 00 00 00 00 00 00 00 00 00 00 00 00 00 00 00 00
  .............N   00 00 00 00 00 00 00 00 00 00 80 01 e3 4e
013960-013967 StringBlock "common"
013968-013975 DataBlock
  ........         90 01 00 00 1e 00 00 00
013976-014001 UnicodeBlock "Payload text"
014002-014020 DataBlock
  ................ 00 00 02 00 00 00 04 00 00 00 00 00 00 00 02 00
  ...              00 00 00
014021-014088 UnicodeBlock "payload_icon_NewState_Text_5d002e"
014089-014094 DataBlock
  ......           00 00 00 00 00 00
014095-014107 FontNameBlock "la_gioconda"
014108-014123 DataBlock
  ................ 0c 00 00 00 01 00 00 00 00 00 00 00 d7 f8 ff ff
014124-014140 StringBlock "fe_default_text"
014141-014160 DataBlock
   ............... 20 00 00 00 04 00 00 00 04 00 00 00 04 00 00 00
  ....             01 00 00 00
014161-014171 T0Block "normal_t0"
014172-014187 DataBlock
  ................ 00 00 00 00 00 00 00 00 00 00 00 00 00 00 00 00
014188-014198 T0Block "normal_t0"
014199-014436 DataBlock
  ................ 00 00 00 00 00 00 00 00 00 00 00 00 00 00 00 00
  .......N........ 02 00 00 00 80 fd e2 4e fc ff ff ff 00 00 00 00
  ................ 1e 00 00 00 1e 00 00 00 ff ff ff ff 00 00 00 00
  ................ 00 04 00 00 00 fc ff ff ff 00 00 00 00 00 00 00
  ................ 00 00 00 00 00 00 00 00 00 00 00 00 00 00 00 00
  ......?......... 00 00 00 00 00 80 3f 00 00 00 00 00 00 00 00 00
  ................ 00 00 00 00 00 00 00 00 00 00 00 00 00 00 00 00
  ............N... 00 00 00 00 00 00 00 00 00 00 fb e2 4e 03 00 00
  ................ 00 07 00 00 00 10 00 00 00 10 00 00 00 ff ff ff
  ................ ff 00 00 00 00 00 04 00 00 00 03 00 00 00 00 00
  ................ 00 00 00 00 00 00 00 00 00 00 00 00 00 00 00 00
  ...........?.... 00 00 00 00 00 00 00 00 00 00 80 3f 00 00 00 00
  ................ 00 00 00 00 00 00 00 00 00 00 00 00 00 00 00 00
  ................ 00 00 00 00 00 00 00 00 00 00 00 00 00 00 00 00
  .............N   00 00 00 00 00 00 00 00 00 00 00 13 e0 4e
014437-014447 StringBlock "legendary"
014448-014455 DataBlock
  ........         90 01 00 00 1e 00 00 00
014456-014481 UnicodeBlock "Payload text"
014482-014500 DataBlock
  ................ 00 00 02 00 00 00 04 00 00 00 00 00 00 00 02 00
  ...              00 00 00
014501-014568 UnicodeBlock "payload_icon_NewState_Text_5d002e"
014569-014574 DataBlock
  ......           00 00 00 00 00 00
014575-014587 FontNameBlock "la_gioconda"
014588-014603 DataBlock
  ................ 0c 00 00 00 01 00 00 00 00 00 00 00 d7 f8 ff ff
014604-014620 StringBlock "fe_default_text"
014621-014640 DataBlock
   ............... 20 00 00 00 04 00 00 00 04 00 00 00 04 00 00 00
  ....             01 00 00 00
014641-014651 T0Block "normal_t0"
014652-014667 DataBlock
  ................ 00 00 00 00 00 00 00 00 00 00 00 00 00 00 00 00
014668-014678 T0Block "normal_t0"
014679-014916 DataBlock
  ................ 00 00 00 00 00 00 00 00 00 00 00 00 00 00 00 00
  .......N........ 02 00 00 00 00 fc e2 4e fc ff ff ff 00 00 00 00
  ................ 1e 00 00 00 1e 00 00 00 ff ff ff ff 00 00 00 00
  ................ 00 04 00 00 00 fc ff ff ff 00 00 00 00 00 00 00
  ................ 00 00 00 00 00 00 00 00 00 00 00 00 00 00 00 00
  ......?......... 00 00 00 00 00 80 3f 00 00 00 00 00 00 00 00 00
  ................ 00 00 00 00 00 00 00 00 00 00 00 00 00 00 00 00
  ............N... 00 00 00 00 00 00 00 00 00 00 fb e2 4e 03 00 00
  ................ 00 07 00 00 00 10 00 00 00 10 00 00 00 ff ff ff
  ................ ff 00 00 00 00 00 04 00 00 00 03 00 00 00 00 00
  ................ 00 00 00 00 00 00 00 00 00 00 00 00 00 00 00 00
  ...........?.... 00 00 00 00 00 00 00 00 00 00 80 3f 00 00 00 00
  ................ 00 00 00 00 00 00 00 00 00 00 00 00 00 00 00 00
  ................ 00 00 00 00 00 00 00 00 00 00 00 00 00 00 00 00
  .............N   00 00 00 00 00 00 00 00 00 00 80 18 e0 4e
014917-014922 StringBlock "rare"
014923-014930 DataBlock
  ........         90 01 00 00 1e 00 00 00
014931-014956 UnicodeBlock "Payload text"
014957-014975 DataBlock
  ................ 00 00 02 00 00 00 04 00 00 00 00 00 00 00 02 00
  ...              00 00 00
014976-015043 UnicodeBlock "payload_icon_NewState_Text_5d002e"
015044-015049 DataBlock
  ......           00 00 00 00 00 00
015050-015062 FontNameBlock "la_gioconda"
015063-015078 DataBlock
  ................ 0c 00 00 00 01 00 00 00 00 00 00 00 d7 f8 ff ff
015079-015095 StringBlock "fe_default_text"
015096-015115 DataBlock
   ............... 20 00 00 00 04 00 00 00 04 00 00 00 04 00 00 00
  ....             01 00 00 00
015116-015126 T0Block "normal_t0"
015127-015142 DataBlock
  ................ 00 00 00 00 00 00 00 00 00 00 00 00 00 00 00 00
015143-015153 T0Block "normal_t0"
015154-015391 DataBlock
  ................ 00 00 00 00 00 00 00 00 00 00 00 00 00 00 00 00
  .......N........ 02 00 00 00 80 ff e2 4e fc ff ff ff 00 00 00 00
  ................ 1e 00 00 00 1e 00 00 00 ff ff ff ff 00 00 00 00
  ................ 00 04 00 00 00 fc ff ff ff 00 00 00 00 00 00 00
  ................ 00 00 00 00 00 00 00 00 00 00 00 00 00 00 00 00
  ......?......... 00 00 00 00 00 80 3f 00 00 00 00 00 00 00 00 00
  ................ 00 00 00 00 00 00 00 00 00 00 00 00 00 00 00 00
  ............N... 00 00 00 00 00 00 00 00 00 00 fb e2 4e 03 00 00
  ................ 00 07 00 00 00 10 00 00 00 10 00 00 00 ff ff ff
  ................ ff 00 00 00 00 00 04 00 00 00 03 00 00 00 00 00
  ................ 00 00 00 00 00 00 00 00 00 00 00 00 00 00 00 00
  ...........?.... 00 00 00 00 00 00 00 00 00 00 80 3f 00 00 00 00
  ................ 00 00 00 00 00 00 00 00 00 00 00 00 00 00 00 00
  ................ 00 00 00 00 00 00 00 00 00 00 00 00 00 00 00 00
  .............N   00 00 00 00 00 00 00 00 00 00 80 0f e0 4e
015392-015399 StringBlock "effect"
015400-015407 DataBlock
  ........         90 01 00 00 1e 00 00 00
015408-015433 UnicodeBlock "Payload text"
015434-015452 DataBlock
  ................ 00 00 02 00 00 00 04 00 00 00 00 00 00 00 02 00
  ...              00 00 00
015453-015520 UnicodeBlock "payload_icon_NewState_Text_5d002e"
015521-015526 DataBlock
  ......           00 00 00 00 00 00
015527-015539 FontNameBlock "la_gioconda"
015540-015555 DataBlock
  ................ 0c 00 00 00 01 00 00 00 00 00 00 00 d7 f8 ff ff
015556-015572 StringBlock "fe_default_text"
015573-015592 DataBlock
   ............... 20 00 00 00 04 00 00 00 04 00 00 00 04 00 00 00
  ....             01 00 00 00
015593-015603 T0Block "normal_t0"
015604-015619 DataBlock
  ................ 00 00 00 00 00 00 00 00 00 00 00 00 00 00 00 00
015620-015630 T0Block "normal_t0"
015631-015767 DataBlock
  ................ 00 00 00 00 00 00 00 00 00 00 00 00 00 00 00 00
  .......N........ 01 00 00 00 00 fb e2 4e 00 00 00 00 00 00 00 00
  ................ 18 00 00 00 18 00 00 00 ff ff ff ff 00 00 00 00
  ................ 00 00 00 00 00 00 00 00 00 00 00 00 00 00 00 00
  ................ 00 00 00 00 00 00 00 00 00 00 00 00 00 00 00 00
  ......?......... 00 00 00 00 00 80 3f 00 00 00 00 00 00 00 00 00
  ................ 00 00 00 00 00 00 00 00 00 00 00 00 00 00 00 00
  ................ 00 00 00 00 00 00 00 00 00 00 00 00 00 00 00 00
  .........        00 00 00 00 00 01 00 00 00
015768-015783 StringBlock "max_text_width"
015784-015828 DataBlock
  ..500<.......... 03 00 35 30 30 3c 00 00 00 00 00 00 00 00 00 00
  ..............?. 00 00 00 00 00 00 00 00 00 00 00 00 00 80 3f 00
  ......?.....N    00 00 00 00 00 00 3f 00 00 80 c9 e5 4e
015829-015840 StringBlock "trait_icon"
015841-015846 DataBlock
  ......           00 00 03 00 00 00
015847-015864 StringBlock "ContextTextLabel"
015865-015894 StringBlock "CcoCharacterTraitLevelRecord"
015895-015900 StringBlock "Name"
015901-015904 DataBlock
  ....             00 00 00 00
015905-015924 StringBlock "ContextImageSetter"
015925-015949 StringBlock "CcoCharacterTraitRecord"
015950-015959 StringBlock "IconPath"
015960-015963 DataBlock
  ....             00 00 00 00
015964-015982 StringBlock "ContextPropagator"
015983-016012 StringBlock "CcoCharacterTraitLevelRecord"
016013-016032 StringBlock "TraitRecordContext"
016033-016056 DataBlock
  ................ 00 00 00 00 00 00 00 00 02 00 00 00 00 00 00 00
  ........         00 00 00 00 00 00 00 00
016057-016148 UnicodeBlock "{{tt:ui/campaign ui/character_trait_tooltip}}"
016149-016198 UnicodeBlock "trait_icon_Tooltip_9007b"
016199-016215 DataBlock
  ................ 04 00 00 00 00 00 00 00 00 00 00 00 00 00 cf e5
  N                4e
016216-016263 ImageListBlock 1 elements:
  016220-016263 ImageBlock id=1323683456 xsize=24 ysize=24 path="ui\\skins\\default\\agent.png" unknown=0
016264-016289 DataBlock
  ........N..defau 00 01 00 00 00 00 cf e5 4e 07 00 64 65 66 61 75
  lt........       6c 74 90 01 00 00 1e 00 00 00
016290-016315 UnicodeBlock "Payload text"
016316-016334 DataBlock
  ................ 00 00 02 00 00 00 04 00 00 00 00 00 00 00 02 00
  ...              00 00 00
016335-016402 UnicodeBlock "payload_icon_NewState_Text_5d002e"
016403-016408 DataBlock
  ......           00 00 00 00 00 00
016409-016421 FontNameBlock "la_gioconda"
016422-016437 DataBlock
  ................ 0c 00 00 00 01 00 00 00 00 00 00 00 d7 f8 ff ff
016438-016454 StringBlock "fe_default_text"
016455-016474 DataBlock
   ............... 20 00 00 00 04 00 00 00 04 00 00 00 04 00 00 00
  ....             01 00 00 00
016475-016485 T0Block "normal_t0"
016486-016501 DataBlock
  ................ 00 00 00 00 00 00 00 00 00 00 00 00 00 00 00 00
016502-016512 T0Block "normal_t0"
016513-016649 DataBlock
  ................ 00 00 00 00 00 00 00 00 00 00 00 00 00 00 00 00
  .......N........ 01 00 00 00 80 ce e5 4e 00 00 00 00 00 00 00 00
  ................ 18 00 00 00 18 00 00 00 ff ff ff ff 00 00 00 00
  ................ 00 00 00 00 00 00 00 00 00 00 00 00 00 00 00 00
  ................ 00 00 00 00 00 00 00 00 00 00 00 00 00 00 00 00
  ......?......... 00 00 00 00 00 80 3f 00 00 00 00 00 00 00 00 00
  ................ 00 00 00 00 00 00 00 00 00 00 00 00 00 00 00 00
  ................ 00 00 00 00 00 00 00 00 00 00 00 00 00 00 00 00
  .........        00 00 00 00 00 02 00 00 00
016650-016660 StringBlock "init_self"
016661-016663 DataBlock
  ..1              01 00 31
016664-016679 StringBlock "max_text_width"
016680-016724 DataBlock
  ..500<.......... 03 00 35 30 30 3c 00 00 00 00 00 00 00 00 00 00
  ..............?. 00 00 00 00 00 00 00 00 00 00 00 00 00 80 3f 00
  ......?....,P    00 00 00 00 00 00 3f 00 00 80 a8 2c 50
016725-016735 StringBlock "text_icon"
016736-016741 DataBlock
  ......           00 00 01 00 00 00
016742-016751 StringBlock "Callback"
016752-016776 StringBlock "CcoCampaignEventDilemma"
016777-016827 DataBlock
  ................ 00 00 00 00 00 00 00 00 00 00 02 00 00 00 00 00
  ................ 00 00 00 00 00 00 00 00 00 01 00 00 00 00 04 00
  ............P.P. 00 00 00 00 00 00 00 00 00 00 00 80 50 0a 50 06
  ...              00 00 00
016828-016871 ImageBlock id=1215413632 xsize=24 ysize=24 path="ui\\skins\\default\\agent.png" unknown=4199546880
016872-016872 DataBlock
  F                46
016873-016932 ImagePathBlock "ui\\skins\\default\\equipment_items_frame_small_legendary.png"
016933-016941 DataBlock
  -...-....        2d 00 00 00 2d 00 00 00 00
016942-017014 ImageBlock id=1343746560 xsize=45 ysize=45 path="ui\\skins\\default\\equipment_items_frame_small_common.png" unknown=401670144
017015-017015 DataBlock
  P                50
017016-017073 ImagePathBlock "ui\\skins\\default\\equipment_items_frame_small_crafted.png"
017074-017082 DataBlock
  -...-....        2d 00 00 00 2d 00 00 00 00
017083-017153 ImageBlock id=1343743744 xsize=45 ysize=45 path="ui\\skins\\default\\equipment_items_frame_small_rare.png" unknown=4040451072
017154-017154 DataBlock
  .                02
017155-017213 ImagePathBlock "ui\\skins\\default\\equipment_items_frame_small_uncommon.png"
017214-017234 DataBlock
  -...-........... 2d 00 00 00 2d 00 00 00 00 00 00 00 00 06 00 00
  ..J.P            00 80 4a 0a 50
017235-017243 StringBlock "crafted"
017244-017251 DataBlock
  ........         90 01 00 00 1e 00 00 00
017252-017277 UnicodeBlock "Payload text"
017278-017296 DataBlock
  ................ 00 00 02 00 00 00 04 00 00 00 00 00 00 00 02 00
  ...              00 00 00
017297-017364 UnicodeBlock "payload_icon_NewState_Text_5d002e"
017365-017370 DataBlock
  ......           00 00 00 00 00 00
017371-017383 FontNameBlock "la_gioconda"
017384-017399 DataBlock
  ................ 0c 00 00 00 01 00 00 00 00 00 00 00 d7 f8 ff ff
017400-017416 StringBlock "fe_default_text"
017417-017436 DataBlock
   ............... 20 00 00 00 04 00 00 00 04 00 00 00 04 00 00 00
  ....             01 00 00 00
017437-017447 T0Block "normal_t0"
017448-017463 DataBlock
  ................ 00 00 00 00 00 00 00 00 00 00 00 00 00 00 00 00
017464-017474 T0Block "normal_t0"
017475-017712 DataBlock
  ................ 00 00 00 00 00 00 00 00 00 00 00 00 00 00 00 00
  .......P........ 02 00 00 00 00 f1 17 50 fc ff ff ff 00 00 00 00
  ................ 1e 00 00 00 1e 00 00 00 ff ff ff ff 00 00 00 00
  ................ 00 04 00 00 00 fc ff ff ff 00 00 00 00 00 00 00
  ................ 00 00 00 00 00 00 00 00 00 00 00 00 00 00 00 00
  ......?......... 00 00 00 00 00 80 3f 00 00 00 00 00 00 00 00 00
  ................ 00 00 00 00 00 00 00 00 00 00 00 00 00 00 00 00
  ...........qH... 00 00 00 00 00 00 00 00 00 80 bd 71 48 03 00 00
  ................ 00 07 00 00 00 10 00 00 00 10 00 00 00 ff ff ff
  ................ ff 00 00 00 00 00 04 00 00 00 03 00 00 00 00 00
  ................ 00 00 00 00 00 00 00 00 00 00 00 00 00 00 00 00
  ...........?.... 00 00 00 00 00 00 00 00 00 00 80 3f 00 00 00 00
  ................ 00 00 00 00 00 00 00 00 00 00 00 00 00 00 00 00
  ................ 00 00 00 00 00 00 00 00 00 00 00 00 00 00 00 00
  ............&H   00 00 00 00 00 00 00 00 00 00 80 86 26 48
017713-017722 StringBlock "uncommon"
017723-017730 DataBlock
  ........         90 01 00 00 1e 00 00 00
017731-017756 UnicodeBlock "Payload text"
017757-017775 DataBlock
  ................ 00 00 02 00 00 00 04 00 00 00 00 00 00 00 02 00
  ...              00 00 00
017776-017843 UnicodeBlock "payload_icon_NewState_Text_5d002e"
017844-017849 DataBlock
  ......           00 00 00 00 00 00
017850-017862 FontNameBlock "la_gioconda"
017863-017878 DataBlock
  ................ 0c 00 00 00 01 00 00 00 00 00 00 00 d7 f8 ff ff
017879-017895 StringBlock "fe_default_text"
017896-017915 DataBlock
   ............... 20 00 00 00 04 00 00 00 04 00 00 00 04 00 00 00
  ....             01 00 00 00
017916-017926 T0Block "normal_t0"
017927-017942 DataBlock
  ................ 00 00 00 00 00 00 00 00 00 00 00 00 00 00 00 00
017943-017953 T0Block "normal_t0"
017954-018191 DataBlock
  ................ 00 00 00 00 00 00 00 00 00 00 00 00 00 00 00 00
  ....d........... 02 00 00 00 64 d4 f0 02 fc ff ff ff 00 00 00 00
  ................ 1e 00 00 00 1e 00 00 00 ff ff ff ff 00 00 00 00
  ................ 00 04 00 00 00 fc ff ff ff 00 00 00 00 00 00 00
  ................ 00 00 00 00 00 00 00 00 00 00 00 00 00 00 00 00
  ......?......... 00 00 00 00 00 80 3f 00 00 00 00 00 00 00 00 00
  ................ 00 00 00 00 00 00 00 00 00 00 00 00 00 00 00 00
  ...........qH... 00 00 00 00 00 00 00 00 00 80 bd 71 48 03 00 00
  ................ 00 07 00 00 00 10 00 00 00 10 00 00 00 ff ff ff
  ................ ff 00 00 00 00 00 04 00 00 00 03 00 00 00 00 00
  ................ 00 00 00 00 00 00 00 00 00 00 00 00 00 00 00 00
  ...........?.... 00 00 00 00 00 00 00 00 00 00 80 3f 00 00 00 00
  ................ 00 00 00 00 00 00 00 00 00 00 00 00 00 00 00 00
  ................ 00 00 00 00 00 00 00 00 00 00 00 00 00 00 00 00
  .............P   00 00 00 00 00 00 00 00 00 00 00 d1 06 50
018192-018199 StringBlock "common"
018200-018207 DataBlock
  ........         90 01 00 00 1e 00 00 00
018208-018233 UnicodeBlock "Payload text"
018234-018252 DataBlock
  ................ 00 00 02 00 00 00 04 00 00 00 00 00 00 00 02 00
  ...              00 00 00
018253-018320 UnicodeBlock "payload_icon_NewState_Text_5d002e"
018321-018326 DataBlock
  ......           00 00 00 00 00 00
018327-018339 FontNameBlock "la_gioconda"
018340-018355 DataBlock
  ................ 0c 00 00 00 01 00 00 00 00 00 00 00 d7 f8 ff ff
018356-018372 StringBlock "fe_default_text"
018373-018392 DataBlock
   ............... 20 00 00 00 04 00 00 00 04 00 00 00 04 00 00 00
  ....             01 00 00 00
018393-018403 T0Block "normal_t0"
018404-018419 DataBlock
  ................ 00 00 00 00 00 00 00 00 00 00 00 00 00 00 00 00
018420-018430 T0Block "normal_t0"
018431-018668 DataBlock
  ................ 00 00 00 00 00 00 00 00 00 00 00 00 00 00 00 00
  .......P........ 02 00 00 00 00 f2 17 50 fc ff ff ff 00 00 00 00
  ................ 1e 00 00 00 1e 00 00 00 ff ff ff ff 00 00 00 00
  ................ 00 04 00 00 00 fc ff ff ff 00 00 00 00 00 00 00
  ................ 00 00 00 00 00 00 00 00 00 00 00 00 00 00 00 00
  ......?......... 00 00 00 00 00 80 3f 00 00 00 00 00 00 00 00 00
  ................ 00 00 00 00 00 00 00 00 00 00 00 00 00 00 00 00
  ...........qH... 00 00 00 00 00 00 00 00 00 80 bd 71 48 03 00 00
  ................ 00 07 00 00 00 10 00 00 00 10 00 00 00 ff ff ff
  ................ ff 00 00 00 00 00 04 00 00 00 03 00 00 00 00 00
  ................ 00 00 00 00 00 00 00 00 00 00 00 00 00 00 00 00
  ...........?.... 00 00 00 00 00 00 00 00 00 00 80 3f 00 00 00 00
  ................ 00 00 00 00 00 00 00 00 00 00 00 00 00 00 00 00
  ................ 00 00 00 00 00 00 00 00 00 00 00 00 00 00 00 00
  ...........;.P   00 00 00 00 00 00 00 00 00 00 00 3b 0a 50
018669-018679 StringBlock "legendary"
018680-018687 DataBlock
  ........         90 01 00 00 1e 00 00 00
018688-018713 UnicodeBlock "Payload text"
018714-018732 DataBlock
  ................ 00 00 02 00 00 00 04 00 00 00 00 00 00 00 02 00
  ...              00 00 00
018733-018800 UnicodeBlock "payload_icon_NewState_Text_5d002e"
018801-018806 DataBlock
  ......           00 00 00 00 00 00
018807-018819 FontNameBlock "la_gioconda"
018820-018835 DataBlock
  ................ 0c 00 00 00 01 00 00 00 00 00 00 00 d7 f8 ff ff
018836-018852 StringBlock "fe_default_text"
018853-018872 DataBlock
   ............... 20 00 00 00 04 00 00 00 04 00 00 00 04 00 00 00
  ....             01 00 00 00
018873-018883 T0Block "normal_t0"
018884-018899 DataBlock
  ................ 00 00 00 00 00 00 00 00 00 00 00 00 00 00 00 00
018900-018910 T0Block "normal_t0"
018911-019148 DataBlock
  ................ 00 00 00 00 00 00 00 00 00 00 00 00 00 00 00 00
  .....P.F........ 02 00 00 00 00 50 fa 46 fc ff ff ff 00 00 00 00
  ................ 1e 00 00 00 1e 00 00 00 ff ff ff ff 00 00 00 00
  ................ 00 04 00 00 00 fc ff ff ff 00 00 00 00 00 00 00
  ................ 00 00 00 00 00 00 00 00 00 00 00 00 00 00 00 00
  ......?......... 00 00 00 00 00 80 3f 00 00 00 00 00 00 00 00 00
  ................ 00 00 00 00 00 00 00 00 00 00 00 00 00 00 00 00
  ...........qH... 00 00 00 00 00 00 00 00 00 80 bd 71 48 03 00 00
  ................ 00 07 00 00 00 10 00 00 00 10 00 00 00 ff ff ff
  ................ ff 00 00 00 00 00 04 00 00 00 03 00 00 00 00 00
  ................ 00 00 00 00 00 00 00 00 00 00 00 00 00 00 00 00
  ...........?.... 00 00 00 00 00 00 00 00 00 00 80 3f 00 00 00 00
  ................ 00 00 00 00 00 00 00 00 00 00 00 00 00 00 00 00
  ................ 00 00 00 00 00 00 00 00 00 00 00 00 00 00 00 00
  .........../..   00 00 00 00 00 00 00 00 00 00 80 2f 0e 1c
019149-019154 StringBlock "rare"
019155-019162 DataBlock
  ........         90 01 00 00 1e 00 00 00
019163-019188 UnicodeBlock "Payload text"
019189-019207 DataBlock
  ................ 00 00 02 00 00 00 04 00 00 00 00 00 00 00 02 00
  ...              00 00 00
019208-019275 UnicodeBlock "payload_icon_NewState_Text_5d002e"
019276-019281 DataBlock
  ......           00 00 00 00 00 00
019282-019294 FontNameBlock "la_gioconda"
019295-019310 DataBlock
  ................ 0c 00 00 00 01 00 00 00 00 00 00 00 d7 f8 ff ff
019311-019327 StringBlock "fe_default_text"
019328-019347 DataBlock
   ............... 20 00 00 00 04 00 00 00 04 00 00 00 04 00 00 00
  ....             01 00 00 00
019348-019358 T0Block "normal_t0"
019359-019374 DataBlock
  ................ 00 00 00 00 00 00 00 00 00 00 00 00 00 00 00 00
019375-019385 T0Block "normal_t0"
019386-019623 DataBlock
  ................ 00 00 00 00 00 00 00 00 00 00 00 00 00 00 00 00
  .......P........ 02 00 00 00 00 e7 17 50 fc ff ff ff 00 00 00 00
  ................ 1e 00 00 00 1e 00 00 00 ff ff ff ff 00 00 00 00
  ................ 00 04 00 00 00 fc ff ff ff 00 00 00 00 00 00 00
  ................ 00 00 00 00 00 00 00 00 00 00 00 00 00 00 00 00
  ......?......... 00 00 00 00 00 80 3f 00 00 00 00 00 00 00 00 00
  ................ 00 00 00 00 00 00 00 00 00 00 00 00 00 00 00 00
  ...........qH... 00 00 00 00 00 00 00 00 00 80 bd 71 48 03 00 00
  ................ 00 07 00 00 00 10 00 00 00 10 00 00 00 ff ff ff
  ................ ff 00 00 00 00 00 04 00 00 00 03 00 00 00 00 00
  ................ 00 00 00 00 00 00 00 00 00 00 00 00 00 00 00 00
  ...........?.... 00 00 00 00 00 00 00 00 00 00 80 3f 00 00 00 00
  ................ 00 00 00 00 00 00 00 00 00 00 00 00 00 00 00 00
  ................ 00 00 00 00 00 00 00 00 00 00 00 00 00 00 00 00
  ...........P.P   00 00 00 00 00 00 00 00 00 00 80 50 0a 50
019624-019631 StringBlock "effect"
019632-019639 DataBlock
  ........         90 01 00 00 1e 00 00 00
019640-019665 UnicodeBlock "Payload text"
019666-019684 DataBlock
  ................ 00 00 02 00 00 00 04 00 00 00 00 00 00 00 02 00
  ...              00 00 00
019685-019752 UnicodeBlock "payload_icon_NewState_Text_5d002e"
019753-019758 DataBlock
  ......           00 00 00 00 00 00
019759-019771 FontNameBlock "la_gioconda"
019772-019787 DataBlock
  ................ 0c 00 00 00 01 00 00 00 00 00 00 00 d7 f8 ff ff
019788-019804 StringBlock "fe_default_text"
019805-019824 DataBlock
   ............... 20 00 00 00 04 00 00 00 04 00 00 00 04 00 00 00
  ....             01 00 00 00
019825-019835 T0Block "normal_t0"
019836-019851 DataBlock
  ................ 00 00 00 00 00 00 00 00 00 00 00 00 00 00 00 00
019852-019862 T0Block "normal_t0"
019863-019999 DataBlock
  ................ 00 00 00 00 00 00 00 00 00 00 00 00 00 00 00 00
  ......qH........ 01 00 00 00 80 bd 71 48 00 00 00 00 00 00 00 00
  ................ 18 00 00 00 18 00 00 00 ff ff ff ff 00 00 00 00
  ................ 00 00 00 00 00 00 00 00 00 00 00 00 00 00 00 00
  ................ 00 00 00 00 00 00 00 00 00 00 00 00 00 00 00 00
  ......?......... 00 00 00 00 00 80 3f 00 00 00 00 00 00 00 00 00
  ................ 00 00 00 00 00 00 00 00 00 00 00 00 00 00 00 00
  ................ 00 00 00 00 00 00 00 00 00 00 00 00 00 00 00 00
  .........        00 00 00 00 00 02 00 00 00
020000-020010 StringBlock "init_self"
020011-020013 DataBlock
  ..1              01 00 31
020014-020029 StringBlock "max_text_width"
020030-020096 DataBlock
  ..500<.......... 03 00 35 30 30 3c 00 00 00 00 00 00 00 00 00 00
  ..............?. 00 00 00 00 00 00 00 00 00 00 00 00 00 80 3f 00
  ......?......... 00 00 00 00 00 00 3f 00 00 00 00 00 00 00 00 00
  ....?........... 00 00 00 80 3f 00 00 00 00 00 00 00 00 00 00 fc
  .p@              9d 70 40
020097-020111 StringBlock "template_unit"
020112-020119 DataBlock
  ........         00 00 02 00 00 00 00 00
020120-020148 StringBlock "CcoCampaignPayloadInfoEntry"
020149-020163 StringBlock "IsUnitPayload"
020164-020167 DataBlock
  ....             00 00 00 00
020168-020185 StringBlock "ContextTextLabel"
020186-020214 StringBlock "CcoCampaignPayloadInfoEntry"
020215-020221 StringBlock "Title"
020222-020282 DataBlock
  ................ 00 00 00 00 00 00 00 00 1d 00 00 00 00 00 00 00
  ................ 00 00 01 00 00 00 00 01 00 00 00 00 00 00 00 00
  ..........)..... 00 00 00 00 00 00 00 00 00 e4 29 b6 0c 00 00 00
  ..........)..    00 00 00 00 00 01 00 00 00 e4 29 b6 0c
020283-020292 StringBlock "NewState"
020293-020300 DataBlock
  |...2...         7c 01 00 00 32 00 00 00
020301-020316 UnicodeBlock "dy_text"
020317-020335 DataBlock
  ................ 00 00 02 00 00 00 04 00 00 00 00 00 00 00 02 00
  ...              00 00 00
020336-020405 UnicodeBlock "template_unit_NewState_Text_75002a"
020406-020411 DataBlock
  ......           00 00 00 00 00 00
020412-020424 FontNameBlock "la_gioconda"
020425-020440 DataBlock
  ................ 0c 00 00 00 01 00 00 00 00 00 00 00 d7 f8 ff ff
020441-020449 StringBlock "fe_text"
020450-020469 DataBlock
   ............... 20 00 00 00 00 00 00 00 00 00 00 00 00 00 00 00
  ....             01 00 00 00
020470-020480 T0Block "normal_t0"
020481-020496 DataBlock
  ................ 00 00 00 00 00 00 00 00 00 00 00 00 00 00 00 00
020497-020507 T0Block "normal_t0"
020508-020561 DataBlock
  ................ 00 00 00 00 00 00 00 00 00 00 00 00 00 00 00 00
  ................ 00 00 00 00 00 00 00 00 00 00 00 00 00 00 00 00
  ....<........... 00 00 00 00 3c 00 00 00 00 00 00 00 01 00 00 00
  .....N           00 00 01 c5 f4 4e
020562-020572 StringBlock "unit_card"
020573-020578 DataBlock
  ......           00 00 03 00 00 00
020579-020600 StringBlock "EventMessageUnitIcon"
020601-020619 StringBlock "CcoMainUnitRecord"
020620-020625 DataBlock
  ......           00 00 01 00 00 00
020626-020644 StringBlock "dock_to_component"
020645-020646 DataBlock
  ..               00 00
020647-020666 StringBlock "ContextImageSetter"
020667-020685 StringBlock "CcoMainUnitRecord"
020686-020695 StringBlock "IconPath"
020696-020699 DataBlock
  ....             00 00 00 00
020700-020718 StringBlock "ContextPropagator"
020719-020747 StringBlock "CcoCampaignPayloadInfoEntry"
020748-020766 StringBlock "UnitRecordContext"
020767-020815 DataBlock
  ................ 00 00 00 00 00 00 00 00 00 00 00 00 00 00 00 00
  ................ 00 00 01 00 00 00 00 01 00 00 00 00 00 00 00 00
  .........l..4... 00 00 00 00 00 00 00 00 00 6c d0 c1 34 03 00 00
  .                00
020816-020866 ImageBlock id=1032375780 xsize=60 ysize=130 path="ui\\skins\\default\\unit_card_ph.png" unknown=3798856704
020867-020867 DataBlock
  .                0b
020868-020911 ImagePathBlock "ui\\skins\\default\\unit_card_build_frame.png"
020912-020920 DataBlock
  ....#....        19 00 00 00 23 00 00 00 00
020921-020966 ImageBlock id=199377676 xsize=32 ysize=40 path="ui\\skins\\default\\padlock.png" unknown=0
020967-020975 DataBlock
  .....l..4        00 05 00 00 00 6c d0 c1 34
020976-020983 StringBlock "active"
020984-021020 DataBlock
  ....2........... 17 00 00 00 32 00 00 00 00 00 00 00 02 00 00 00
  ................ 00 00 00 00 00 00 00 00 01 00 00 00 00 00 00 00
  .....            00 00 00 00 00
021021-021027 FontNameBlock "Norse"
021028-021043 DataBlock
  ................ 0a 00 00 00 02 00 00 00 00 00 00 00 dd da fa ff
021044-021066 StringBlock "Default Font Category"
021067-021086 DataBlock
  ................ 00 00 00 00 00 00 00 00 00 00 00 00 00 00 00 00
  ....             01 00 01 00
021087-021097 T0Block "normal_t0"
021098-021113 DataBlock
  ................ 00 00 00 00 00 00 00 00 00 00 00 00 00 00 00 00
021114-021124 T0Block "normal_t0"
021125-021382 DataBlock
  ................ 00 00 00 00 00 00 00 00 00 00 00 00 00 00 00 00
  .......=........ 02 00 00 00 e4 cd 88 3d 00 00 00 00 00 00 00 00
  ....2........... 17 00 00 00 32 00 00 00 ff ff ff ff 00 00 00 00
  ................ 00 05 00 00 00 00 00 00 00 00 00 00 00 01 01 00
  ................ 00 00 00 00 00 00 00 00 00 00 00 00 00 00 00 00
  ......?......... 00 00 00 00 00 80 3f 00 00 00 00 00 00 00 00 00
  ................ 00 00 00 00 00 00 00 00 00 00 00 00 00 00 00 00
  ..........m..... 00 00 00 00 00 00 00 00 00 f4 6d e2 0b 00 00 00
  .........2...... 00 00 00 00 00 17 00 00 00 32 00 00 00 ff ff ff
  ................ ff 00 00 00 00 00 00 00 00 00 00 00 00 00 00 00
  ................ 00 00 01 01 00 00 00 00 00 00 00 00 00 00 00 00
  ...........?.... 00 00 00 00 00 00 00 00 00 00 80 3f 00 00 00 00
  ................ 00 00 00 00 00 00 00 00 00 00 00 00 00 00 00 00
  .@...@...@...@D. a0 40 00 00 a0 40 00 00 a0 40 00 00 a0 40 44 00
  ..G............t 00 00 47 00 00 00 01 00 00 00 00 00 00 00 c4 74
  .8.............t f5 38 00 00 00 00 00 00 00 00 00 00 00 00 c4 74
  .8               f5 38
021383-021389 StringBlock "hover"
021390-021426 DataBlock
  ....2........... 17 00 00 00 32 00 00 00 00 00 00 00 02 00 00 00
  ................ 00 00 00 00 00 00 00 00 01 00 00 00 00 00 00 00
  .....            00 00 00 00 00
021427-021433 FontNameBlock "Norse"
021434-021449 DataBlock
  ................ 0a 00 00 00 02 00 00 00 00 00 00 00 dd da fa ff
021450-021472 StringBlock "Default Font Category"
021473-021492 DataBlock
  ................ 00 00 00 00 00 00 00 00 00 00 00 00 00 00 00 00
  ....             01 00 01 00
021493-021503 T0Block "normal_t0"
021504-021519 DataBlock
  ................ 00 00 00 00 00 00 00 00 00 00 00 00 00 00 00 00
021520-021530 T0Block "normal_t0"
021531-021788 DataBlock
  ................ 00 00 00 00 00 00 00 00 00 00 00 00 00 00 00 00
  .......=........ 02 00 00 00 e4 cd 88 3d 00 00 00 00 00 00 00 00
  ....A........... 1e 00 00 00 41 00 00 00 ff ff ff ff 00 00 00 00
  ................ 00 01 00 00 00 00 00 00 00 00 00 00 00 01 01 00
  ................ 00 00 00 00 00 00 00 00 00 00 00 00 00 00 00 00
  ......?......... 00 00 00 00 00 80 3f 00 00 00 00 00 00 00 00 00
  ................ 00 00 00 00 00 00 00 00 00 00 00 00 00 00 00 00
  ..........m..... 00 00 00 00 00 00 00 00 00 f4 6d e2 0b 00 00 00
  .........A...... 00 00 00 00 00 1e 00 00 00 41 00 00 00 ff ff ff
  ................ ff 00 00 00 00 00 01 00 00 00 00 00 00 00 00 00
  ................ 00 00 01 01 00 00 00 00 00 00 00 00 00 00 00 00
  ...........?.... 00 00 00 00 00 00 00 00 00 00 80 3f 00 00 00 00
  ................ 00 00 00 00 00 00 00 00 00 00 00 00 00 00 00 00
  .@...@...@...@.. a0 40 00 00 a0 40 00 00 a0 40 00 00 a0 40 02 01
  ..............l. 00 00 f2 00 00 00 01 00 00 00 01 00 00 00 6c d0
  .4.............\ c1 34 00 00 00 00 00 00 00 00 00 00 00 00 ec 5c
  .8               f5 38
021789-021796 StringBlock "locked"
021797-021833 DataBlock
  ....2........... 17 00 00 00 32 00 00 00 00 00 00 00 02 00 00 00
  ................ 00 00 00 00 00 00 00 00 01 00 00 00 00 00 00 00
  .....            00 00 00 00 00
021834-021840 FontNameBlock "Norse"
021841-021856 DataBlock
  ................ 0a 00 00 00 02 00 00 00 00 00 00 00 dd da fa ff
021857-021879 StringBlock "Default Font Category"
021880-021899 DataBlock
  ................ 00 00 00 00 00 00 00 00 00 00 00 00 00 00 00 00
  ....             01 00 00 00
021900-021917 T0Block "set_greyscale_t0"
021918-021933 DataBlock
  ...?...?........ 00 00 80 3f 00 00 80 3f 00 00 00 00 00 00 00 00
021934-021944 T0Block "normal_t0"
021945-022283 DataBlock
  ................ 00 00 00 00 00 00 00 00 00 00 00 00 00 00 00 00
  .......=........ 03 00 00 00 e4 cd 88 3d 00 00 00 00 00 00 00 00
  ....2........... 17 00 00 00 32 00 00 00 ff ff ff ff 00 00 00 00
  ................ 00 05 00 00 00 00 00 00 00 00 00 00 00 01 01 00
  ................ 00 00 00 00 00 00 00 00 00 00 00 00 00 00 00 00
  ......?......... 00 00 00 00 00 80 3f 00 00 00 00 00 00 00 00 00
  ................ 00 00 00 00 00 00 00 00 00 00 00 00 00 00 00 00
  ..........m..... 00 00 00 00 00 00 00 00 00 f4 6d e2 0b 00 00 00
  .........2...... 00 00 00 00 00 17 00 00 00 32 00 00 00 ff ff ff
  ................ ff 00 00 00 00 00 00 00 00 00 00 00 00 00 00 00
  ................ 00 00 01 01 00 00 00 00 00 00 00 00 00 00 00 00
  ...........?.... 00 00 00 00 00 00 00 00 00 00 80 3f 00 00 00 00
  ................ 00 00 00 00 00 00 00 00 00 00 00 00 00 00 00 00
  .@...@...@...@.C a0 40 00 00 a0 40 00 00 a0 40 00 00 a0 40 0c 43
  ................ e2 0b 00 00 00 00 0a 00 00 00 17 00 00 00 1d 00
  ................ 00 00 ff ff ff ff 00 00 00 00 00 05 00 00 00 00
  ................ 00 00 00 00 00 00 00 01 01 00 00 00 00 00 00 00
  ................ 00 00 00 00 00 00 00 00 00 00 00 00 00 00 00 80
  ?............... 3f 00 00 00 00 00 00 00 00 00 00 00 00 00 00 00
  ................ 00 00 00 00 00 00 00 00 00 00 00 00 00 00 00 00
  ...D...G........ 00 00 00 44 00 00 00 47 00 00 00 00 00 00 00 e4
  ...              f9 e2 0b
022284-022295 StringBlock "active_red"
022296-022332 DataBlock
  ....2........... 17 00 00 00 32 00 00 00 00 00 00 00 02 00 00 00
  ................ 00 00 00 00 00 00 00 00 01 00 00 00 00 00 00 00
  .....            00 00 00 00 00
022333-022339 FontNameBlock "Norse"
022340-022355 DataBlock
  ................ 0a 00 00 00 02 00 00 00 00 00 00 00 dd da fa ff
022356-022378 StringBlock "Default Font Category"
022379-022398 DataBlock
  ................ 00 00 00 00 00 00 00 00 00 00 00 00 00 00 00 00
  ....             01 00 01 00
022399-022409 T0Block "normal_t0"
022410-022425 DataBlock
  ................ 00 00 00 00 00 00 00 00 00 00 00 00 00 00 00 00
022426-022436 T0Block "normal_t0"
022437-022674 DataBlock
  ................ 00 00 00 00 00 00 00 00 00 00 00 00 00 00 00 00
  .......=........ 02 00 00 00 e4 cd 88 3d 00 00 00 00 00 00 00 00
  ....2........... 17 00 00 00 32 00 00 00 ff ff ff ff 00 00 00 00
  ................ 00 05 00 00 00 00 00 00 00 00 00 00 00 01 01 00
  ................ 00 00 00 00 00 00 00 00 00 00 00 00 00 00 00 00
  ......?......... 00 00 00 00 00 80 3f 00 00 00 00 00 00 00 00 00
  ................ 00 00 00 00 00 00 00 00 00 00 00 00 00 00 00 00
  ..........m..... 00 00 00 00 00 00 00 00 00 f4 6d e2 0b 00 00 00
  .........2...... 00 00 00 00 00 17 00 00 00 32 00 00 00 00 00 ff
  ................ ff 00 00 00 00 00 00 00 00 00 00 00 00 00 00 00
  ................ 00 00 01 01 00 00 00 00 00 00 00 00 00 00 00 00
  ...........?.... 00 00 00 00 00 00 00 00 00 00 80 3f 00 00 00 00
  ................ 00 00 00 00 00 00 00 00 00 00 00 00 00 00 00 00
  .@...@...@...@!. a0 40 00 00 a0 40 00 00 a0 40 00 00 a0 40 21 01
  .. ..........8   00 00 20 00 00 00 00 00 00 00 84 db a8 38
022675-022685 StringBlock "hover_red"
022686-022722 DataBlock
  ....2........... 17 00 00 00 32 00 00 00 00 00 00 00 02 00 00 00
  ................ 00 00 00 00 00 00 00 00 01 00 00 00 00 00 00 00
  .....            00 00 00 00 00
022723-022729 FontNameBlock "Norse"
022730-022745 DataBlock
  ................ 0a 00 00 00 02 00 00 00 00 00 00 00 dd da fa ff
022746-022768 StringBlock "Default Font Category"
022769-022788 DataBlock
  ................ 00 00 00 00 00 00 00 00 00 00 00 00 00 00 00 00
  ....             01 00 01 00
022789-022799 T0Block "normal_t0"
022800-022815 DataBlock
  ................ 00 00 00 00 00 00 00 00 00 00 00 00 00 00 00 00
022816-022826 T0Block "normal_t0"
022827-023064 DataBlock
  ................ 00 00 00 00 00 00 00 00 00 00 00 00 00 00 00 00
  .......=........ 02 00 00 00 e4 cd 88 3d 00 00 00 00 00 00 00 00
  ....A........... 1e 00 00 00 41 00 00 00 ff ff ff ff 00 00 00 00
  ................ 00 01 00 00 00 00 00 00 00 00 00 00 00 01 01 00
  ................ 00 00 00 00 00 00 00 00 00 00 00 00 00 00 00 00
  ......?......... 00 00 00 00 00 80 3f 00 00 00 00 00 00 00 00 00
  ................ 00 00 00 00 00 00 00 00 00 00 00 00 00 00 00 00
  ..........m..... 00 00 00 00 00 00 00 00 00 f4 6d e2 0b 00 00 00
  .........A...... 00 00 00 00 00 1e 00 00 00 41 00 00 00 00 00 ff
  ................ ff 00 00 00 00 00 01 00 00 00 00 00 00 00 00 00
  ................ 00 00 01 01 00 00 00 00 00 00 00 00 00 00 00 00
  ...........?.... 00 00 00 00 00 00 00 00 00 00 80 3f 00 00 00 00
  ................ 00 00 00 00 00 00 00 00 00 00 00 00 00 00 00 00
  .@...@...@...@.. a0 40 00 00 a0 40 00 00 a0 40 00 00 a0 40 a2 01
  ..w...........   00 00 77 00 00 00 00 00 00 00 01 00 00 00
023065-023077 StringBlock "offset_info"
023078-023137 DataBlock
  ..1<............ 01 00 31 3c 00 00 00 00 00 00 00 00 00 00 00 00
  ............?... 00 00 00 00 00 00 00 00 00 00 00 80 3f 00 00 00
  ................ 00 00 00 00 00 00 00 00 00 00 00 00 00 00 00 00
  ..?.........     00 80 3f 00 00 00 00 00 00 00 00 01
023138-023143 StringBlock "List"
023144-023231 DataBlock
  .......C........ 01 00 00 00 00 00 c8 43 00 00 00 00 fb ff ff ff
  ................ 00 01 00 00 00 01 00 00 00 00 00 00 00 00 00 00
  ................ 00 00 00 00 00 00 00 00 00 00 00 00 00 00 00 00
  ................ 00 00 00 00 00 00 00 00 00 00 00 00 00 00 00 00
  ..............?. 00 00 00 00 00 00 00 00 00 00 00 00 00 80 3f 00
  ........         00 00 00 00 00 00 00 01
023232-023237 StringBlock "List"
023238-023325 DataBlock
  .......C........ 01 00 00 00 00 00 af 43 00 00 00 00 fb ff ff ff
  ................ 00 01 00 00 00 01 00 05 00 00 00 05 00 00 00 1e
  ................ 00 00 00 1e 00 00 00 00 00 00 00 00 00 00 00 00
  ................ 00 00 00 00 00 00 00 00 00 00 00 00 00 00 00 00
  ..............?. 00 00 00 00 00 00 00 00 00 00 00 00 00 80 3f 00
  ........         00 00 00 00 00 00 00 01
023326-023331 StringBlock "List"
023332-023419 DataBlock
  .......D........ 01 00 00 00 00 00 82 44 05 00 00 00 00 00 00 00
  ................ 00 02 00 00 00 01 00 17 00 00 00 0e 00 00 00 0c
  ................ 00 00 00 0c 00 00 00 00 00 00 00 00 00 00 00 00
  ................ 00 00 00 00 00 00 00 00 00 00 00 00 00 00 00 00
  ..............?. 00 00 00 00 00 00 00 00 00 00 00 00 00 80 3f 00
  ........         00 00 00 00 00 00 00 01
023420-023425 StringBlock "List"
023426-023491 DataBlock
  .......D........ 01 00 00 00 00 00 07 44 00 00 00 00 00 00 00 00
  ................ 00 01 00 00 00 01 00 00 00 00 00 07 00 00 00 00
  ................ 00 00 00 00 00 00 00 00 00 00 00 00 00 00 00 00
  ................ 00 00 00 00 00 00 00 00 00 00 00 00 00 00 00 00
  ..               00 00
023492-023513 StringBlock "UI_CAM_POPUP_Generic"
023514-023554 DataBlock
  ..........?...?. 00 00 00 00 00 00 00 00 00 80 3f 00 00 00 3f 00
  ................ 00 00 00 00 00 00 00 00 00 00 00 00 00 00 00 80
  ?........        3f 00 00 00 00 00 00 00 00
