000000-000009 VersionBlock 119
000010-000013 RootIDBlock 454231776
000014-000019 StringBlock "root"
000020-000097 DataBlock
  ................ 00 00 00 00 00 00 00 00 00 00 00 00 00 00 01 01
  ................ 00 00 00 00 01 00 00 00 00 01 00 00 00 00 00 00
  ................ 00 00 00 00 00 00 00 00 00 00 00 00 00 00 00 01
  ................ 00 00 00 80 f9 1d 1b 00 00 00 05 00 00 c0 03 00
  ............&.   00 00 00 00 00 00 01 00 00 00 a0 fd 26 1b
000098-000107 StringBlock "NewState"
000108-000142 DataBlock
  ................ 00 05 00 00 c0 03 00 00 00 00 00 00 02 00 00 00
  ................ 00 00 00 00 00 00 00 00 01 00 00 00 00 00 00 00
  ...              00 00 00
000143-000154 FontNameBlock "Norse-Bold"
000155-000170 DataBlock
  ................ 0a 00 00 00 02 00 00 00 00 00 00 00 dd da fa ff
000171-000193 StringBlock "Default Font Category"
000194-000213 DataBlock
  ................ 00 00 00 00 00 00 00 00 00 00 00 00 00 00 00 00
  ....             01 00 00 00
000214-000224 T0Block "normal_t0"
000225-000240 DataBlock
  ................ 00 00 00 00 00 00 00 00 00 00 00 00 00 00 00 00
000241-000251 T0Block "normal_t0"
000252-000406 DataBlock
  ................ 00 00 00 00 00 00 00 00 00 00 00 00 00 00 00 00
  ................ 01 00 00 00 80 f9 1d 1b 00 00 00 00 00 00 00 00
  ........4&...... 00 05 00 00 c0 03 00 00 34 26 1b ff 00 00 00 00
  ................ 00 00 00 00 00 00 00 00 00 00 00 00 00 01 01 00
  ................ 00 00 00 00 00 00 00 00 00 00 00 00 00 00 00 00
  ......?......... 00 00 00 00 00 80 3f 00 00 00 00 00 00 00 00 00
  ................ 00 00 00 00 00 00 00 00 00 00 00 00 00 00 00 00
  ................ 00 00 00 00 00 00 00 00 00 00 00 00 00 00 00 00
  ................ 00 00 00 00 00 00 00 00 00 00 00 00 00 00 00 00
  ...........      00 01 00 00 00 00 00 00 fb 1d 1b
000407-000423 StringBlock "mp_leaderboards"
000424-000429 DataBlock
  ......           00 00 01 00 00 00
000430-000444 StringBlock "MPLeaderboard"
000445-000493 DataBlock
  ........H....... 00 00 00 00 de 00 00 00 48 00 00 00 00 00 00 00
  ................ 00 00 01 00 00 00 00 01 00 00 00 00 05 00 00 00
  ................ 00 00 00 00 00 00 00 00 00 00 00 00 00 03 00 00
  .                00
000494-000547 ImageBlock id=454950496 xsize=206 ysize=206 path="ui\\skins\\default\\panel_back_tile.png" unknown=1008508928
000548-000548 DataBlock
  .                0a
000549-000588 ImagePathBlock "ui\\skins\\default\\panel_back_border.png"
000589-000593 DataBlock
  .....            00 01 00 00 00
000594-000653 ImageListBlock 1 elements:
  000598-000653 ImageBlock id=481385920 xsize=256 ysize=256 path="ui\\skins\\default\\panel_back_bottom.png" unknown=0
000654-000707 DataBlock
  .....@.8...NewSt 00 01 00 00 00 40 f0 38 1b 08 00 4e 65 77 53 74
  ateD.../........ 61 74 65 44 03 00 00 2f 03 00 00 00 00 00 00 04
  ................ 00 00 00 04 00 00 00 00 00 00 00 01 00 00 00 00
  ......           00 00 00 00 00 00
000708-000719 FontNameBlock "Norse-Bold"
000720-000735 DataBlock
  ................ 0a 00 00 00 02 00 00 00 00 00 00 00 dd da fa ff
000736-000758 StringBlock "Default Font Category"
000759-000778 DataBlock
  ................ 00 00 00 00 00 00 00 00 00 00 00 00 00 00 00 00
  ....             00 00 00 00
000779-000789 T0Block "normal_t0"
000790-000805 DataBlock
  ................ 00 00 00 00 00 00 00 00 00 00 00 00 00 00 00 00
000806-000816 T0Block "normal_t0"
000817-001173 DataBlock
  ................ 00 00 00 00 00 00 00 00 00 00 00 00 00 00 00 00
  ....`........... 03 00 00 00 60 fe 1d 1b 05 00 00 00 05 00 00 00
  :...%........... 3a 03 00 00 25 03 00 00 ff ff ff ff 00 00 01 00
  ................ 00 05 00 00 00 00 00 00 00 00 00 00 00 01 01 00
  ................ 00 00 00 00 00 00 00 00 00 00 00 00 00 00 00 00
  ......?......... 00 00 00 00 00 80 3f 00 00 00 00 00 00 00 00 00
  ........... A..  00 00 00 00 00 00 00 00 00 00 00 20 41 00 00 20
  A.. A.. A..<.... 41 00 00 20 41 00 00 20 41 a0 1c 3c 0a 00 00 00
  .....D.../...... 00 00 00 00 00 44 03 00 00 2f 03 00 00 ff ff ff
  ................ ff 00 00 01 00 00 00 00 00 00 00 00 00 00 00 00
  ................ 00 00 01 01 00 00 00 00 00 00 00 00 00 00 00 00
  ...........?.... 00 00 00 00 00 00 00 00 00 00 80 3f 00 00 00 00
  ................ 00 00 00 00 00 00 00 00 00 00 00 00 00 00 00 00
   B.. B.. B.. B.] 20 42 00 00 20 42 00 00 20 42 00 00 20 42 c0 5d
  ..........D...K. b1 1c 00 00 00 00 e4 02 00 00 44 03 00 00 4b 00
  ................ 00 00 ff ff ff ff 00 00 01 00 00 08 00 00 00 00
  ................ 00 00 00 00 00 00 00 01 01 00 00 00 00 00 00 00
  ................ 00 00 00 00 00 00 00 00 00 00 00 00 00 00 00 80
  ?............... 3f 00 00 00 00 00 00 00 00 00 00 00 00 00 00 00
  ......A.. B...A. 00 00 00 00 00 f0 41 00 00 20 42 00 00 f0 41 00
  . B............. 00 20 42 00 00 00 00 00 00 00 00 00 00 00 00 00
  ................ 00 00 00 0a 00 00 00 00 00 00 00 08 00 00 00 00
  ...+.            00 80 8e 2b 1b
001174-001184 StringBlock "title_bar"
001185-001247 DataBlock
  ................ 00 00 00 00 00 00 da 00 00 00 00 00 00 00 00 00
  ................ 00 00 00 00 00 00 00 00 00 01 00 00 00 00 02 00
  .............+.. 00 00 00 00 00 00 00 00 00 00 00 e0 91 2b 1b 00
  .............+.  00 00 00 00 00 00 00 01 00 00 00 e0 91 2b 1b
001248-001257 StringBlock "NewState"
001258-001292 DataBlock
  ....6........... 90 01 00 00 36 00 00 00 00 00 00 00 02 00 00 00
  ................ 00 00 00 00 00 00 00 00 01 00 00 00 00 00 00 00
  ...              00 00 00
001293-001304 FontNameBlock "Norse-Bold"
001305-001320 DataBlock
  ................ 0a 00 00 00 02 00 00 00 00 00 00 00 dd da fa ff
001321-001343 StringBlock "Default Font Category"
001344-001363 DataBlock
  ................ 00 00 00 00 00 00 00 00 00 00 00 00 00 00 00 00
  ....             01 00 00 00
001364-001374 T0Block "normal_t0"
001375-001390 DataBlock
  ................ 00 00 00 00 00 00 00 00 00 00 00 00 00 00 00 00
001391-001401 T0Block "normal_t0"
001402-001455 DataBlock
  ................ 00 00 00 00 00 00 00 00 00 00 00 00 00 00 00 00
  ................ 00 00 00 00 00 00 00 00 00 00 00 00 00 00 00 00
  ................ 00 00 00 00 00 00 00 00 00 00 00 00 01 00 00 00
  ....+.           00 00 e0 93 2b 1b
001456-001465 StringBlock "tx_title"
001466-001528 DataBlock
  ................ 00 00 00 00 00 00 1d 00 00 00 02 00 00 00 00 00
  ................ 00 00 00 00 01 00 00 00 00 01 00 00 00 00 00 00
  ...........@.+.. 00 00 00 00 00 00 00 00 00 00 00 40 97 2b 1b 00
  ...........@.+.  00 00 00 00 00 00 00 01 00 00 00 40 97 2b 1b
001529-001538 StringBlock "NewState"
001539-001546 DataBlock
  X...2...         58 01 00 00 32 00 00 00
001547-001574 UnicodeBlock "Load Campaign"
001575-001593 DataBlock
  ................ 00 00 04 00 00 00 04 00 00 00 00 00 00 00 01 00
  ...              00 00 01
001594-001659 UnicodeBlock "button_txt_NewState_Text_23001bb"
001660-001663 DataBlock
  ....             00 00 00 00
001664-001686 FontNameBlock "la_gioconda_uppercase"
001687-001702 DataBlock
  ................ 18 00 00 00 04 00 00 00 00 00 00 00 d7 f8 ff ff
001703-001719 StringBlock "fe_page_heading"
001720-001739 DataBlock
  ................ 00 00 00 00 00 00 00 00 00 00 00 00 00 00 00 00
  ....             01 00 00 00
001740-001750 T0Block "normal_t0"
001751-001766 DataBlock
  ................ 00 00 00 00 00 00 00 00 00 00 00 00 00 00 00 00
001767-001777 T0Block "normal_t0"
001778-001875 DataBlock
  ................ 00 00 00 00 00 00 00 00 00 00 00 00 00 00 00 00
  ................ 00 00 00 00 00 00 00 00 00 00 00 00 00 00 00 00
  ................ 00 00 00 00 00 00 00 00 00 00 00 00 00 00 00 00
  .............?.. 00 00 00 00 00 00 00 00 00 00 00 00 80 3f 00 00
  ................ 00 00 00 00 00 00 00 00 00 00 00 00 00 00 00 00
  ...?...?......`. 00 00 80 3f 00 00 00 3f 00 00 00 00 00 00 60 99
  +.               2b 1b
001876-001887 StringBlock "list_panel"
001888-001893 DataBlock
  ......           00 00 01 00 00 00
001894-001912 StringBlock "MPLeaderboardList"
001913-001973 DataBlock
  ................ 00 00 00 00 07 00 00 00 90 00 00 00 01 01 00 00
  ................ 00 00 01 00 00 00 00 01 00 00 00 00 02 00 00 00
  ................ 00 00 00 00 90 00 00 00 00 00 00 00 00 00 00 00
  ...........+.    00 00 00 00 00 01 00 00 00 c0 9c 2b 1b
001974-001983 StringBlock "NewState"
001984-002018 DataBlock
  5...X........... 35 03 00 00 58 02 00 00 00 00 00 00 02 00 00 00
  ................ 00 00 00 00 00 00 00 00 01 00 00 00 00 00 00 00
  ...              00 00 00
002019-002030 FontNameBlock "Norse-Bold"
002031-002046 DataBlock
  ................ 0a 00 00 00 02 00 00 00 00 00 00 00 dd da fa ff
002047-002069 StringBlock "Default Font Category"
002070-002089 DataBlock
  ................ 00 00 00 00 00 00 00 00 00 00 00 00 00 00 00 00
  ....             00 00 00 00
002090-002100 T0Block "normal_t0"
002101-002116 DataBlock
  ................ 00 00 00 00 00 00 00 00 00 00 00 00 00 00 00 00
002117-002127 T0Block "normal_t0"
002128-002181 DataBlock
  ................ 00 00 00 00 00 00 00 00 00 00 00 00 00 00 00 00
  ................ 00 00 00 00 00 00 00 00 00 00 00 00 00 00 00 00
  ................ 00 00 00 00 0a 00 00 00 00 00 00 00 01 00 00 00
  ...q..           00 00 c0 71 89 1d
002182-002191 StringBlock "listview"
002192-002197 DataBlock
  ......           00 00 01 00 00 00
002198-002215 StringBlock "SortableListview"
002216-002260 DataBlock
  ................ 00 00 00 00 00 00 00 00 00 00 00 00 01 01 00 00
  ................ 00 00 01 00 00 00 00 01 00 00 00 00 00 00 00 00
  ..........x..    00 00 00 00 00 00 00 00 00 a0 78 89 1d
002261-002320 ImageListBlock 1 elements:
  002265-002320 ImageBlock id=336844128 xsize=256 ysize=256 path="ui\\skins\\default\\parchment_texture.png" unknown=0
002321-002374 DataBlock
  ......x....NewSt 00 01 00 00 00 a0 78 89 1d 08 00 4e 65 77 53 74
  ate5...X........ 61 74 65 35 03 00 00 58 02 00 00 00 00 00 00 02
  ................ 00 00 00 00 00 00 00 00 00 00 00 01 00 00 00 00
  ......           00 00 00 00 00 00
002375-002386 FontNameBlock "Norse-Bold"
002387-002402 DataBlock
  ................ 0a 00 00 00 02 00 00 00 00 00 00 00 dd da fa ff
002403-002425 StringBlock "Default Font Category"
002426-002445 DataBlock
  ................ 00 00 00 00 00 00 00 00 00 00 00 00 00 00 00 00
  ....             01 00 00 00
002446-002456 T0Block "normal_t0"
002457-002472 DataBlock
  ................ 00 00 00 00 00 00 00 00 00 00 00 00 00 00 00 00
002473-002483 T0Block "normal_t0"
002484-002638 DataBlock
  ................ 00 00 00 00 00 00 00 00 00 00 00 00 00 00 00 00
  ....`........... 01 00 00 00 60 d5 13 14 00 00 00 00 00 00 00 00
  5...X........... 35 03 00 00 58 02 00 00 ff ff ff ff 00 00 01 00
  ................ 00 00 00 00 00 00 00 00 00 00 00 00 00 01 01 00
  ................ 00 00 00 00 00 00 00 00 00 00 00 00 00 00 00 00
  ......?......... 00 00 00 00 00 80 3f 00 00 00 00 00 00 00 00 00
  ...........HB..H 00 00 00 00 00 00 00 00 00 00 00 48 42 00 00 48
  B..HB..HB....... 42 00 00 48 42 00 00 48 42 00 00 00 00 00 00 00
  ................ 00 00 00 00 00 00 00 00 00 0c 00 00 00 00 00 00
  ..........      00 03 00 00 00 00 00 80 7f 89 1d
002639-002649 StringBlock "list_clip"
002650-002712 DataBlock
  ..........!..... 00 00 00 00 00 00 14 00 00 00 21 00 00 00 01 01
  ................ 00 00 00 00 01 01 00 00 00 01 00 00 00 00 00 00
  ................ 00 00 00 00 00 00 00 00 00 00 00 00 00 00 00 00
  ...............  00 00 00 00 00 00 00 01 00 00 00 a0 82 89 1d
002713-002722 StringBlock "NewState"
002723-002757 DataBlock
  ....&........... fc 02 00 00 26 02 00 00 00 00 00 00 02 00 00 00
  ................ 00 00 00 00 00 00 00 00 01 00 00 00 00 00 00 00
  ...              00 00 00
002758-002770 FontNameBlock "la_gioconda"
002771-002786 DataBlock
  ................ 0c 00 00 00 01 00 00 00 00 00 00 00 00 00 00 ff
002787-002799 StringBlock "ingame_text"
002800-002819 DataBlock
  ................ 00 00 00 00 00 00 00 00 00 00 00 00 00 00 00 00
  ....             01 00 00 00
002820-002830 T0Block "normal_t0"
002831-002846 DataBlock
  ................ 00 00 00 00 00 00 00 00 00 00 00 00 00 00 00 00
002847-002857 T0Block "normal_t0"
002858-002911 DataBlock
  ................ 00 00 00 00 00 00 00 00 00 00 00 00 00 00 00 00
  ................ 00 00 00 00 00 00 00 00 00 00 00 00 00 00 00 00
  ................ 00 00 00 00 0c 00 00 00 00 00 00 00 01 00 00 00
  .. ...           00 00 20 85 89 1d
002912-002921 StringBlock "list_box"
002922-002927 DataBlock
  ......           00 00 01 00 00 00
002928-002933 StringBlock "List"
002934-002994 DataBlock
  ................ 00 00 00 00 00 00 00 00 00 00 00 00 01 01 00 00
  ................ 00 00 01 00 00 00 00 01 00 00 00 00 01 00 00 00
  ................ 00 00 00 00 00 00 00 00 00 00 00 00 00 00 00 00
  .............    00 00 00 00 00 01 00 00 00 e0 88 89 1d
002995-003004 StringBlock "NewState"
003005-003039 DataBlock
  ....&........... fc 02 00 00 26 02 00 00 00 00 00 00 02 00 00 00
  ................ 00 00 00 00 00 00 00 00 01 00 00 00 00 00 00 00
  ...              00 00 00
003040-003052 FontNameBlock "la_gioconda"
003053-003068 DataBlock
  ................ 0c 00 00 00 01 00 00 00 00 00 00 00 00 00 00 ff
003069-003081 StringBlock "ingame_text"
003082-003101 DataBlock
  ................ 00 00 00 00 00 00 00 00 00 00 00 00 00 00 00 00
  ....             01 00 00 00
003102-003112 T0Block "normal_t0"
003113-003128 DataBlock
  ................ 00 00 00 00 00 00 00 00 00 00 00 00 00 00 00 00
003129-003139 T0Block "normal_t0"
003140-003193 DataBlock
  ................ 00 00 00 00 00 00 00 00 00 00 00 00 00 00 00 00
  ................ 00 00 00 00 00 00 00 00 00 00 00 00 00 00 00 00
  ................ 00 00 00 00 0c 00 00 00 00 00 00 00 01 00 00 00
  ...Q0.           00 00 e0 51 30 1b
003194-003206 StringBlock "row_example"
003207-003212 DataBlock
  ......           00 00 01 00 00 00
003213-003231 StringBlock "MPLeaderboardInfo"
003232-003292 DataBlock
  ................ 00 00 00 00 00 00 00 00 00 00 00 00 01 01 00 00
  ................ 00 00 01 00 00 00 00 01 00 00 00 00 00 00 00 00
  ..........a0.... 00 00 00 00 00 00 00 00 00 c0 61 30 1b 00 00 00
  ..........W0.    00 00 00 00 00 04 00 00 00 e0 57 30 1b
003293-003299 StringBlock "hover"
003300-003334 DataBlock
  ................ f5 02 00 00 1f 00 00 00 00 00 00 00 02 00 00 00
  ................ 00 00 00 00 00 00 00 00 01 00 00 00 00 00 00 00
  ...              00 00 00
003335-003346 FontNameBlock "Norse-Bold"
003347-003362 DataBlock
  ................ 0a 00 00 00 02 00 00 00 00 00 00 00 dd da fa ff
003363-003385 StringBlock "Default Font Category"
003386-003405 DataBlock
  ................ 00 00 00 00 00 00 00 00 00 00 00 00 00 00 00 00
  ....             01 00 00 00
003406-003416 T0Block "normal_t0"
003417-003432 DataBlock
  ................ 00 00 00 00 00 00 00 00 00 00 00 00 00 00 00 00
003433-003443 T0Block "normal_t0"
003444-003499 DataBlock
  ................ 00 00 00 00 00 00 00 00 00 00 00 00 00 00 00 00
  ........u....... 00 00 00 00 ec 00 00 00 75 00 00 00 01 00 00 00
  .....a0.d...]... 01 00 00 00 c0 61 30 1b 64 00 00 00 5d 00 00 00
  ....`\0.         00 00 00 00 60 5c 30 1b
003500-003509 StringBlock "selected"
003510-003544 DataBlock
  ................ f5 02 00 00 1f 00 00 00 00 00 00 00 02 00 00 00
  ................ 00 00 00 00 01 00 00 00 01 00 00 00 00 00 00 00
  ...              00 00 00
003545-003556 FontNameBlock "Norse-Bold"
003557-003572 DataBlock
  ................ 0a 00 00 00 02 00 00 00 00 00 00 00 dd da fa ff
003573-003595 StringBlock "Default Font Category"
003596-003615 DataBlock
  ................ 00 00 00 00 00 00 00 00 00 00 00 00 00 00 00 00
  ....             01 00 00 00
003616-003626 T0Block "normal_t0"
003627-003642 DataBlock
  ................ 00 00 00 00 00 00 00 00 00 00 00 00 00 00 00 00
003643-003653 T0Block "normal_t0"
003654-003709 DataBlock
  ................ 00 00 00 00 00 00 00 00 00 00 00 00 00 00 00 00
  ....1...\....... 00 00 00 00 31 00 00 00 5c 01 00 00 01 00 00 00
  ....`f0.d...]... 00 00 00 00 60 66 30 1b 64 00 00 00 5d 00 00 00
  ....`f0.         00 00 00 00 60 66 30 1b
003710-003725 StringBlock "selected_hover"
003726-003760 DataBlock
  ................ f5 02 00 00 1f 00 00 00 00 00 00 00 02 00 00 00
  ................ 00 00 00 00 00 00 00 00 01 00 00 00 00 00 00 00
  ...              00 00 00
003761-003772 FontNameBlock "Norse-Bold"
003773-003788 DataBlock
  ................ 0a 00 00 00 02 00 00 00 00 00 00 00 dd da fa ff
003789-003811 StringBlock "Default Font Category"
003812-003831 DataBlock
  ................ 00 00 00 00 00 00 00 00 00 00 00 00 00 00 00 00
  ....             01 00 00 00
003832-003842 T0Block "normal_t0"
003843-003858 DataBlock
  ................ 00 00 00 00 00 00 00 00 00 00 00 00 00 00 00 00
003859-003869 T0Block "normal_t0"
003870-003925 DataBlock
  ................ 00 00 00 00 00 00 00 00 00 00 00 00 00 00 00 00
  ................ 00 00 00 00 93 00 00 00 07 01 00 00 01 00 00 00
  ....`\0.d...]... 01 00 00 00 60 5c 30 1b 64 00 00 00 5d 00 00 00
  .....a0.         00 00 00 00 c0 61 30 1b
003926-003937 StringBlock "unselected"
003938-003972 DataBlock
  ................ f5 02 00 00 1f 00 00 00 00 00 00 00 02 00 00 00
  ................ 00 00 00 00 00 00 00 00 01 00 00 00 00 00 00 00
  ...              00 00 00
003973-003984 FontNameBlock "Norse-Bold"
003985-004000 DataBlock
  ................ 0a 00 00 00 02 00 00 00 00 00 00 00 dd da fa ff
004001-004023 StringBlock "Default Font Category"
004024-004043 DataBlock
  ................ 00 00 00 00 00 00 00 00 00 00 00 00 00 00 00 00
  ....             01 00 00 00
004044-004054 T0Block "normal_t0"
004055-004070 DataBlock
  ................ 00 00 00 00 00 00 00 00 00 00 00 00 00 00 00 00
004071-004081 T0Block "normal_t0"
004082-004137 DataBlock
  ................ 00 00 00 00 00 00 00 00 00 00 00 00 00 00 00 00
  ....5........... 00 00 00 00 35 00 00 00 2e 00 00 00 01 00 00 00
  .....W0.d...]... 00 00 00 00 e0 57 30 1b 64 00 00 00 5d 00 00 00
  ........         00 00 00 00 01 00 00 00
004138-004153 StringBlock "override_sound"
004154-004173 DataBlock
  ................ 00 00 0a 00 00 00 00 00 00 00 04 00 00 00 00 00
  .k0.             c0 6b 30 1b
004174-004182 StringBlock "dy_rank"
004183-004245 DataBlock
  ................ 00 00 00 00 00 00 00 00 00 00 00 00 00 00 01 01
  ................ 00 00 00 00 01 00 00 00 00 01 00 00 00 00 00 00
  ................ 00 00 00 00 00 00 00 00 00 00 00 00 00 00 00 00
  ............o0.  00 00 00 00 00 00 00 01 00 00 00 80 6f 30 1b
004246-004255 StringBlock "NewState"
004256-004263 DataBlock
  ........         96 00 00 00 1f 00 00 00
004264-004279 UnicodeBlock "dy_rank"
004280-004298 DataBlock
  ................ 00 00 02 00 00 00 04 00 00 00 00 00 00 00 02 00
  ...              00 00 00
004299-004350 UnicodeBlock "turn_NewState_Text_300031"
004351-004354 DataBlock
  ....             00 00 00 00
004355-004367 FontNameBlock "la_gioconda"
004368-004383 DataBlock
  ................ 0c 00 00 00 01 00 00 00 00 00 00 00 00 00 00 ff
004384-004396 StringBlock "ingame_text"
004397-004416 DataBlock
  ................ 0a 00 00 00 00 00 00 00 00 00 00 00 00 00 00 00
  ....             00 00 00 00
004417-004427 T0Block "normal_t0"
004428-004443 DataBlock
  ................ 00 00 00 00 00 00 00 00 00 00 00 00 00 00 00 00
004444-004454 T0Block "normal_t0"
004455-004530 DataBlock
  ................ 00 00 00 00 00 00 00 00 00 00 00 00 00 00 00 00
  ................ 00 00 00 00 00 00 00 00 00 00 00 00 00 00 00 00
  ................ 00 00 00 00 0a 00 00 00 00 00 00 00 00 00 00 00
  .............?.. 00 00 00 00 00 00 00 00 00 00 00 00 80 3f 00 00
  .........q0.     00 00 00 00 00 00 00 00 e0 71 30 1b
004531-004539 StringBlock "dy_name"
004540-004602 DataBlock
  ................ 00 00 00 00 00 00 96 00 00 00 00 00 00 00 01 01
  ................ 00 00 00 00 01 00 00 00 00 01 00 00 00 00 00 00
  ................ 00 00 00 00 00 00 00 00 00 00 00 00 00 00 00 00
  ............u0.  00 00 00 00 00 00 00 01 00 00 00 c0 75 30 1b
004603-004612 StringBlock "NewState"
004613-004620 DataBlock
  ^.......         5e 01 00 00 1f 00 00 00
004621-004630 UnicodeBlock "name"
004631-004649 DataBlock
  ................ 00 00 02 00 00 00 04 00 00 00 00 00 00 00 02 00
  ...              00 00 00
004650-004699 UnicodeBlock "name_NewState_Text_40003"
004700-004703 DataBlock
  ....             00 00 00 00
004704-004716 FontNameBlock "la_gioconda"
004717-004732 DataBlock
  ................ 0c 00 00 00 01 00 00 00 00 00 00 00 00 00 00 ff
004733-004745 StringBlock "ingame_text"
004746-004765 DataBlock
  ................ 06 00 00 00 00 00 00 00 00 00 00 00 00 00 00 00
  ....             00 00 00 00
004766-004776 T0Block "normal_t0"
004777-004792 DataBlock
  ................ 00 00 00 00 00 00 00 00 00 00 00 00 00 00 00 00
004793-004803 T0Block "normal_t0"
004804-004879 DataBlock
  ................ 00 00 00 00 00 00 00 00 00 00 00 00 00 00 00 00
  ................ 00 00 00 00 00 00 00 00 00 00 00 00 00 00 00 00
  ................ 00 00 00 00 0a 00 00 00 00 00 00 00 00 00 00 00
  .............?.. 00 00 00 00 00 00 00 00 00 00 00 00 80 3f 00 00
  ........ x0.     00 00 00 00 00 00 00 00 20 78 30 1b
004880-004890 StringBlock "dy_rating"
004891-004953 DataBlock
  ................ 00 00 00 00 00 00 f4 01 00 00 00 00 00 00 01 01
  ................ 00 00 00 00 01 00 00 00 00 01 00 00 00 00 00 00
  ................ 00 00 00 00 00 00 00 00 00 00 00 00 00 00 00 00
  ............{0.  00 00 00 00 00 00 00 01 00 00 00 e0 7b 30 1b
004954-004963 StringBlock "NewState"
004964-004971 DataBlock
  ........         96 00 00 00 1f 00 00 00
004972-004991 UnicodeBlock "dy_rating"
004992-005010 DataBlock
  ................ 00 00 02 00 00 00 04 00 00 00 00 00 00 00 02 00
  ...              00 00 00
005011-005062 UnicodeBlock "turn_NewState_Text_300031"
005063-005066 DataBlock
  ....             00 00 00 00
005067-005079 FontNameBlock "la_gioconda"
005080-005095 DataBlock
  ................ 0c 00 00 00 01 00 00 00 00 00 00 00 00 00 00 ff
005096-005108 StringBlock "ingame_text"
005109-005128 DataBlock
  ................ 06 00 00 00 00 00 00 00 00 00 00 00 00 00 00 00
  ....             00 00 00 00
005129-005139 T0Block "normal_t0"
005140-005155 DataBlock
  ................ 00 00 00 00 00 00 00 00 00 00 00 00 00 00 00 00
005156-005166 T0Block "normal_t0"
005167-005242 DataBlock
  ................ 00 00 00 00 00 00 00 00 00 00 00 00 00 00 00 00
  ................ 00 00 00 00 00 00 00 00 00 00 00 00 00 00 00 00
  ................ 00 00 00 00 0a 00 00 00 00 00 00 00 00 00 00 00
  .............?.. 00 00 00 00 00 00 00 00 00 00 00 00 80 3f 00 00
  ........`~0.     00 00 00 00 00 00 00 00 60 7e 30 1b
005243-005251 StringBlock "dy_wins"
005252-005314 DataBlock
  ................ 00 00 00 00 00 00 8a 02 00 00 00 00 00 00 01 01
  ................ 00 00 00 00 01 00 00 00 00 01 00 00 00 00 00 00
  ................ 00 00 00 00 00 00 00 00 00 00 00 00 00 00 00 00
  ........... .0.  00 00 00 00 00 00 00 01 00 00 00 20 82 30 1b
005315-005324 StringBlock "NewState"
005325-005332 DataBlock
  ........         96 00 00 00 1f 00 00 00
005333-005348 UnicodeBlock "dy_wins"
005349-005367 DataBlock
  ................ 00 00 02 00 00 00 04 00 00 00 00 00 00 00 02 00
  ...              00 00 00
005368-005429 UnicodeBlock "dy_streak_NewState_Text_190041"
005430-005433 DataBlock
  ....             00 00 00 00
005434-005446 FontNameBlock "la_gioconda"
005447-005462 DataBlock
  ................ 0c 00 00 00 01 00 00 00 00 00 00 00 00 00 00 ff
005463-005475 StringBlock "ingame_text"
005476-005495 DataBlock
  ................ 06 00 00 00 00 00 00 00 00 00 00 00 00 00 00 00
  ....             00 00 00 00
005496-005506 T0Block "normal_t0"
005507-005522 DataBlock
  ................ 00 00 00 00 00 00 00 00 00 00 00 00 00 00 00 00
005523-005533 T0Block "normal_t0"
005534-005604 DataBlock
  ................ 00 00 00 00 00 00 00 00 00 00 00 00 00 00 00 00
  ................ 00 00 00 00 00 00 00 00 00 00 00 00 00 00 00 00
  ................ 00 00 00 00 0a 00 00 00 00 00 00 00 00 00 00 00
  .............?.. 00 00 00 00 00 00 00 00 00 00 00 00 80 3f 00 00
  .......          00 00 00 00 00 00 00
005605-005633 StringBlock "UI_GBL_TMP_Generic_Click_LR"
005634-005653 DataBlock
  ..........?..... 00 00 00 00 00 00 00 00 00 80 3f 00 00 00 00 00
  ....             00 00 00 01
005654-005659 StringBlock "List"
005660-005778 DataBlock
  .......C...C...C 04 00 00 00 00 00 16 43 00 00 af 43 00 00 16 43
  ...C............ 00 00 16 43 00 00 00 00 00 00 00 00 00 01 00 00
  ................ 00 00 00 00 00 00 00 00 00 00 00 00 00 00 00 00
  ................ 00 00 00 00 00 00 00 00 00 00 00 00 00 00 00 00
  ................ 00 00 00 00 00 00 00 00 00 00 00 00 00 00 00 00
  ..?............. 00 80 3f 00 00 00 00 00 00 00 00 00 00 00 00 00
  ........?....... 00 00 00 00 00 00 00 80 3f 00 00 00 00 00 00 00
  .....?"          00 00 00 80 8b 3f 22
005779-005787 StringBlock "headers"
005788-005850 DataBlock
  ................ 00 00 00 00 00 00 0a 00 00 00 ef ff ff ff 01 00
  ................ 00 00 00 00 01 00 00 00 00 01 00 00 00 00 02 00
  .............?". 00 00 00 00 00 00 ef ff ff ff 00 00 8f 3f 22 00
  .............?"  00 00 00 00 00 00 00 01 00 00 00 00 8f 3f 22
005851-005860 StringBlock "NewState"
005861-005895 DataBlock
   ...7........... 20 03 00 00 37 00 00 00 00 00 00 00 02 00 00 00
  ................ 00 00 00 00 00 00 00 00 01 00 00 00 00 00 00 00
  ...              00 00 00
005896-005907 FontNameBlock "Norse-Bold"
005908-005923 DataBlock
  ................ 0a 00 00 00 02 00 00 00 00 00 00 00 dd da fa ff
005924-005946 StringBlock "Default Font Category"
005947-005966 DataBlock
  ................ 00 00 00 00 00 00 00 00 00 00 00 00 00 00 00 00
  ....             01 00 00 00
005967-005977 T0Block "normal_t0"
005978-005993 DataBlock
  ................ 00 00 00 00 00 00 00 00 00 00 00 00 00 00 00 00
005994-006004 T0Block "normal_t0"
006005-006052 DataBlock
  ................ 00 00 00 00 00 00 00 00 00 00 00 00 00 00 00 00
  ................ 00 00 00 00 00 00 00 00 00 00 00 00 00 00 00 00
  ................ 00 00 00 00 0c 00 00 00 00 00 00 00 04 00 00 00
006053-006083 StringBlock "square_medium_text_tab_toggle"
006084-006093 DataBlock
  .E.8......       00 45 2e 38 01 00 00 00 00 00
006094-006099 StringBlock "rank"
006100-006105 DataBlock
  ......           00 00 01 00 00 00
006106-006113 StringBlock "Button"
006114-006117 DataBlock
  ....             00 00 00 00
006118-006159 StringBlock "UI_GBL_TMP_Square_Medium_Text_Tab_Toggle"
006160-006198 DataBlock
  ...........C..8B 00 00 00 00 00 00 00 00 00 00 16 43 00 00 38 42
  ................ 01 00 00 00 00 00 00 00 01 0b 00 00 00 00 00 00
  .......          00 00 00 00 00 00 00
006199-006206 StringBlock "active"
006207-006214 DataBlock
  ........         00 00 00 00 00 00 00 00
006215-006220 StringBlock "down"
006221-006228 DataBlock
  ........         00 00 00 00 00 00 00 00
006229-006238 StringBlock "down_off"
006239-006246 DataBlock
  ........         00 00 00 00 00 00 00 00
006247-006253 StringBlock "hover"
006254-006261 DataBlock
  ........         00 00 00 00 00 00 00 00
006262-006271 StringBlock "inactive"
006272-006279 DataBlock
  ........         00 00 00 00 00 00 00 00
006280-006289 StringBlock "selected"
006290-006297 DataBlock
  ........         00 00 00 00 00 00 00 00
006298-006312 StringBlock "selected_down"
006313-006320 DataBlock
  ........         00 00 00 00 00 00 00 00
006321-006339 StringBlock "selected_down_off"
006340-006347 DataBlock
  ........         00 00 00 00 00 00 00 00
006348-006363 StringBlock "selected_hover"
006364-006371 DataBlock
  ........         00 00 00 00 00 00 00 00
006372-006390 StringBlock "selected_inactive"
006391-006402 DataBlock
  ............     00 00 00 00 00 00 00 00 00 00 00 00
006403-006963 ImagePathListBlock 10 elements:
  006407-006459 ImagePathBlock "ui/skins/default/tab_square_medium_text_pressed.png"
  006460-006511 ImagePathBlock "ui/skins/default/tab_square_medium_text_active.png"
  006512-006562 ImagePathBlock "ui/skins/default/tab_square_medium_text_hover.png"
  006563-006616 ImagePathBlock "ui/skins/default/tab_square_medium_text_inactive.png"
  006617-006670 ImagePathBlock "ui/skins/default/tab_square_medium_text_selected.png"
  006671-006730 ImagePathBlock "ui/skins/default/tab_square_medium_text_selected_hover.png"
  006731-006793 ImagePathBlock "ui/skins/default/tab_square_medium_text_selected_inactive.png"
  006794-006847 ImagePathBlock "ui/skins/default/tab_square_medium_text_underlay.png"
  006848-006910 ImagePathBlock "ui/skins/default/tab_square_medium_text_selected_underlay.png"
  006911-006963 ImagePathBlock "ui/skins/default/tab_square_medium_text_overlay.png"
006964-007046 DataBlock
  ......+...button 01 00 00 00 80 c9 2b 1b 0a 00 62 75 74 74 6f 6e
  _txt............ 5f 74 78 74 00 00 00 00 00 00 1c 00 00 00 06 00
  ................ 00 00 01 01 00 00 00 00 01 00 00 00 00 01 00 00
  ................ 00 00 05 00 00 00 00 00 00 00 fb ff ff ff 00 00
  ................ 00 00 00 00 00 00 00 00 00 00 00 01 00 00 00 e0
  .+.              cc 2b 1b
007047-007056 StringBlock "NewState"
007057-007064 DataBlock
  ].......         5d 00 00 00 18 00 00 00
007065-007074 UnicodeBlock "Rank"
007075-007093 DataBlock
  ................ 00 00 04 00 00 00 04 00 00 00 00 00 00 00 02 00
  ...              00 00 01
007094-007155 UnicodeBlock "button_txt_NewState_Text_a003c"
007156-007159 DataBlock
  ....             00 00 00 00
007160-007172 FontNameBlock "la_gioconda"
007173-007188 DataBlock
  ................ 0c 00 00 00 01 00 00 00 00 00 00 00 d7 f8 ff ff
007189-007197 StringBlock "fe_text"
007198-007217 DataBlock
  ................ 12 00 00 00 00 00 00 00 00 00 00 00 00 00 00 00
  ....             00 00 00 00
007218-007228 T0Block "normal_t0"
007229-007244 DataBlock
  ................ 00 00 00 00 00 00 00 00 00 00 00 00 00 00 00 00
007245-007255 T0Block "normal_t0"
007256-007291 DataBlock
  ................ 00 00 00 00 00 00 00 00 00 00 00 00 00 00 00 00
  ................ 00 00 00 00 00 00 00 00 00 00 00 00 00 00 00 00
  ....             02 00 00 00
007292-007306 StringBlock "dynamic_child"
007307-007309 DataBlock
  ..1              01 00 31
007310-007331 StringBlock "dynamic_child_parent"
007332-007337 StringBlock "rank"
007338-007371 DataBlock
  ................ 0c 00 00 00 00 00 00 00 00 00 00 00 00 00 00 00
  .........?...?.. 00 00 00 00 00 00 00 00 80 3f 00 00 00 3f 00 00
  .?               00 3f
007372-007402 StringBlock "square_medium_text_tab_toggle"
007403-007412 DataBlock
  ..08......       00 cd 30 38 01 00 00 00 00 00
007413-007418 StringBlock "name"
007419-007424 DataBlock
  ......           00 00 01 00 00 00
007425-007432 StringBlock "Button"
007433-007436 DataBlock
  ....             00 00 00 00
007437-007478 StringBlock "UI_GBL_TMP_Square_Medium_Text_Tab_Toggle"
007479-007517 DataBlock
  ...C.......C..8B 00 00 16 43 00 00 00 00 00 00 af 43 00 00 38 42
  ................ 01 00 00 00 0c 00 00 00 01 0b 00 00 00 00 00 00
  .......          00 00 00 00 00 00 00
007518-007525 StringBlock "active"
007526-007533 DataBlock
  ........         00 00 00 00 00 00 00 00
007534-007539 StringBlock "down"
007540-007547 DataBlock
  ........         00 00 00 00 00 00 00 00
007548-007557 StringBlock "down_off"
007558-007565 DataBlock
  ........         00 00 00 00 00 00 00 00
007566-007572 StringBlock "hover"
007573-007580 DataBlock
  ........         00 00 00 00 00 00 00 00
007581-007590 StringBlock "inactive"
007591-007598 DataBlock
  ........         00 00 00 00 00 00 00 00
007599-007608 StringBlock "selected"
007609-007616 DataBlock
  ........         00 00 00 00 00 00 00 00
007617-007631 StringBlock "selected_down"
007632-007639 DataBlock
  ........         00 00 00 00 00 00 00 00
007640-007658 StringBlock "selected_down_off"
007659-007666 DataBlock
  ........         00 00 00 00 00 00 00 00
007667-007682 StringBlock "selected_hover"
007683-007690 DataBlock
  ........         00 00 00 00 00 00 00 00
007691-007709 StringBlock "selected_inactive"
007710-007721 DataBlock
  ............     00 00 00 00 00 00 00 00 00 00 00 00
007722-008282 ImagePathListBlock 10 elements:
  007726-007778 ImagePathBlock "ui/skins/default/tab_square_medium_text_pressed.png"
  007779-007830 ImagePathBlock "ui/skins/default/tab_square_medium_text_active.png"
  007831-007881 ImagePathBlock "ui/skins/default/tab_square_medium_text_hover.png"
  007882-007935 ImagePathBlock "ui/skins/default/tab_square_medium_text_inactive.png"
  007936-007989 ImagePathBlock "ui/skins/default/tab_square_medium_text_selected.png"
  007990-008049 ImagePathBlock "ui/skins/default/tab_square_medium_text_selected_hover.png"
  008050-008112 ImagePathBlock "ui/skins/default/tab_square_medium_text_selected_inactive.png"
  008113-008166 ImagePathBlock "ui/skins/default/tab_square_medium_text_underlay.png"
  008167-008229 ImagePathBlock "ui/skins/default/tab_square_medium_text_selected_underlay.png"
  008230-008282 ImagePathBlock "ui/skins/default/tab_square_medium_text_overlay.png"
008283-008365 DataBlock
  ......+...button 01 00 00 00 80 ef 2b 1b 0a 00 62 75 74 74 6f 6e
  _txt............ 5f 74 78 74 00 00 00 00 00 00 1c 00 00 00 07 00
  ................ 00 00 01 01 00 00 00 00 01 00 00 00 00 01 00 00
  ................ 00 00 05 00 00 00 00 00 00 00 fc ff ff ff 00 00
  ................ 00 00 00 00 00 00 00 00 00 00 00 01 00 00 00 e0
  .+.              f2 2b 1b
008366-008375 StringBlock "NewState"
008376-008383 DataBlock
  &.......         26 01 00 00 18 00 00 00
008384-008393 UnicodeBlock "Name"
008394-008412 DataBlock
  ................ 00 00 04 00 00 00 04 00 00 00 00 00 00 00 02 00
  ...              00 00 01
008413-008474 UnicodeBlock "button_txt_NewState_Text_40023"
008475-008478 DataBlock
  ....             00 00 00 00
008479-008491 FontNameBlock "la_gioconda"
008492-008507 DataBlock
  ................ 0c 00 00 00 01 00 00 00 00 00 00 00 d7 f8 ff ff
008508-008516 StringBlock "fe_text"
008517-008536 DataBlock
  ................ 12 00 00 00 00 00 00 00 00 00 00 00 00 00 00 00
  ....             00 00 00 00
008537-008547 T0Block "normal_t0"
008548-008563 DataBlock
  ................ 00 00 00 00 00 00 00 00 00 00 00 00 00 00 00 00
008564-008574 T0Block "normal_t0"
008575-008610 DataBlock
  ................ 00 00 00 00 00 00 00 00 00 00 00 00 00 00 00 00
  ................ 00 00 00 00 00 00 00 00 00 00 00 00 00 00 00 00
  ....             02 00 00 00
008611-008625 StringBlock "dynamic_child"
008626-008628 DataBlock
  ..1              01 00 31
008629-008650 StringBlock "dynamic_child_parent"
008651-008656 StringBlock "name"
008657-008690 DataBlock
  ................ 0c 00 00 00 00 00 00 00 00 00 00 00 00 00 00 00
  .........?...?.. 00 00 00 00 00 00 00 00 80 3f 00 00 00 3f 00 00
  .?               00 3f
008691-008721 StringBlock "square_medium_text_tab_toggle"
008722-008731 DataBlock
  ...8......       80 e8 2e 38 01 00 00 00 00 00
008732-008743 StringBlock "elo_rating"
008744-008749 DataBlock
  ......           00 00 01 00 00 00
008750-008757 StringBlock "Button"
008758-008761 DataBlock
  ....             00 00 00 00
008762-008803 StringBlock "UI_GBL_TMP_Square_Medium_Text_Tab_Toggle"
008804-008842 DataBlock
  ...C.......C..8B 00 00 fa 43 00 00 00 00 00 00 16 43 00 00 38 42
  ................ 01 00 00 00 0c 00 00 00 01 0b 00 00 00 00 00 00
  .......          00 00 00 00 00 00 00
008843-008850 StringBlock "active"
008851-008858 DataBlock
  ........         00 00 00 00 00 00 00 00
008859-008864 StringBlock "down"
008865-008872 DataBlock
  ........         00 00 00 00 00 00 00 00
008873-008882 StringBlock "down_off"
008883-008890 DataBlock
  ........         00 00 00 00 00 00 00 00
008891-008897 StringBlock "hover"
008898-008905 DataBlock
  ........         00 00 00 00 00 00 00 00
008906-008915 StringBlock "inactive"
008916-008923 DataBlock
  ........         00 00 00 00 00 00 00 00
008924-008933 StringBlock "selected"
008934-008941 DataBlock
  ........         00 00 00 00 00 00 00 00
008942-008956 StringBlock "selected_down"
008957-008964 DataBlock
  ........         00 00 00 00 00 00 00 00
008965-008983 StringBlock "selected_down_off"
008984-008991 DataBlock
  ........         00 00 00 00 00 00 00 00
008992-009007 StringBlock "selected_hover"
009008-009015 DataBlock
  ........         00 00 00 00 00 00 00 00
009016-009034 StringBlock "selected_inactive"
009035-009046 DataBlock
  ............     00 00 00 00 00 00 00 00 00 00 00 00
009047-009607 ImagePathListBlock 10 elements:
  009051-009103 ImagePathBlock "ui/skins/default/tab_square_medium_text_pressed.png"
  009104-009155 ImagePathBlock "ui/skins/default/tab_square_medium_text_active.png"
  009156-009206 ImagePathBlock "ui/skins/default/tab_square_medium_text_hover.png"
  009207-009260 ImagePathBlock "ui/skins/default/tab_square_medium_text_inactive.png"
  009261-009314 ImagePathBlock "ui/skins/default/tab_square_medium_text_selected.png"
  009315-009374 ImagePathBlock "ui/skins/default/tab_square_medium_text_selected_hover.png"
  009375-009437 ImagePathBlock "ui/skins/default/tab_square_medium_text_selected_inactive.png"
  009438-009491 ImagePathBlock "ui/skins/default/tab_square_medium_text_underlay.png"
  009492-009554 ImagePathBlock "ui/skins/default/tab_square_medium_text_selected_underlay.png"
  009555-009607 ImagePathBlock "ui/skins/default/tab_square_medium_text_overlay.png"
009608-009690 DataBlock
  ......0...button 01 00 00 00 e0 15 30 1b 0a 00 62 75 74 74 6f 6e
  _txt............ 5f 74 78 74 00 00 00 00 00 00 1b 00 00 00 06 00
  ................ 00 00 01 01 00 00 00 00 01 00 00 00 00 01 00 00
  ................ 00 00 05 00 00 00 00 00 00 00 fb ff ff ff 00 00
  ...............@ 00 00 00 00 00 00 00 00 00 00 00 01 00 00 00 40
  .0.              19 30 1b
009691-009700 StringBlock "NewState"
009701-009708 DataBlock
  `.......         60 00 00 00 18 00 00 00
009709-009722 UnicodeBlock "Rating"
009723-009736 UnicodeBlock "Rating"
009737-009753 DataBlock
  ................ 04 00 00 00 04 00 00 00 00 00 00 00 02 00 00 00
  .                01
009754-009819 UnicodeBlock "button_txt_NewState_Text_1a0039k"
009820-009889 UnicodeBlock "button_txt_NewState_Tooltip_6f0048"
009890-009891 DataBlock
  ..               00 00
009892-009904 FontNameBlock "la_gioconda"
009905-009920 DataBlock
  ................ 0c 00 00 00 01 00 00 00 00 00 00 00 d7 f8 ff ff
009921-009929 StringBlock "fe_text"
009930-009949 DataBlock
  ................ 12 00 00 00 00 00 00 00 00 00 00 00 00 00 00 00
  ....             01 01 00 00
009950-009960 T0Block "normal_t0"
009961-009976 DataBlock
  ................ 00 00 00 00 00 00 00 00 00 00 00 00 00 00 00 00
009977-009987 T0Block "normal_t0"
009988-010023 DataBlock
  ................ 00 00 00 00 00 00 00 00 00 00 00 00 00 00 00 00
  ................ 00 00 00 00 00 00 00 00 00 00 00 00 00 00 00 00
  ....             02 00 00 00
010024-010038 StringBlock "dynamic_child"
010039-010041 DataBlock
  ..1              01 00 31
010042-010063 StringBlock "dynamic_child_parent"
010064-010075 StringBlock "elo_rating"
010076-010109 DataBlock
  ................ 0c 00 00 00 00 00 00 00 00 00 00 00 00 00 00 00
  .........?...?.. 00 00 00 00 00 00 00 00 80 3f 00 00 00 3f 00 00
  .?               00 3f
010110-010140 StringBlock "square_medium_text_tab_toggle"
010141-010150 DataBlock
  ..08......       c0 17 30 38 01 00 00 00 00 00
010151-010156 StringBlock "wins"
010157-010162 DataBlock
  ......           00 00 01 00 00 00
010163-010170 StringBlock "Button"
010171-010174 DataBlock
  ....             00 00 00 00
010175-010216 StringBlock "UI_GBL_TMP_Square_Medium_Text_Tab_Toggle"
010217-010255 DataBlock
  .@"D...... C..8B 00 40 22 44 00 00 00 00 00 00 20 43 00 00 38 42
  ................ 01 00 00 00 0c 00 00 00 01 0b 00 00 00 00 00 00
  .......          00 00 00 00 00 00 00
010256-010263 StringBlock "active"
010264-010271 DataBlock
  ........         00 00 00 00 00 00 00 00
010272-010277 StringBlock "down"
010278-010285 DataBlock
  ........         00 00 00 00 00 00 00 00
010286-010295 StringBlock "down_off"
010296-010303 DataBlock
  ........         00 00 00 00 00 00 00 00
010304-010310 StringBlock "hover"
010311-010318 DataBlock
  ........         00 00 00 00 00 00 00 00
010319-010328 StringBlock "inactive"
010329-010336 DataBlock
  ........         00 00 00 00 00 00 00 00
010337-010346 StringBlock "selected"
010347-010354 DataBlock
  ........         00 00 00 00 00 00 00 00
010355-010369 StringBlock "selected_down"
010370-010377 DataBlock
  ........         00 00 00 00 00 00 00 00
010378-010396 StringBlock "selected_down_off"
010397-010404 DataBlock
  ........         00 00 00 00 00 00 00 00
010405-010420 StringBlock "selected_hover"
010421-010428 DataBlock
  ........         00 00 00 00 00 00 00 00
010429-010447 StringBlock "selected_inactive"
010448-010459 DataBlock
  ............     00 00 00 00 00 00 00 00 00 00 00 00
010460-011020 ImagePathListBlock 10 elements:
  010464-010516 ImagePathBlock "ui/skins/default/tab_square_medium_text_pressed.png"
  010517-010568 ImagePathBlock "ui/skins/default/tab_square_medium_text_active.png"
  010569-010619 ImagePathBlock "ui/skins/default/tab_square_medium_text_hover.png"
  010620-010673 ImagePathBlock "ui/skins/default/tab_square_medium_text_inactive.png"
  010674-010727 ImagePathBlock "ui/skins/default/tab_square_medium_text_selected.png"
  010728-010787 ImagePathBlock "ui/skins/default/tab_square_medium_text_selected_hover.png"
  010788-010850 ImagePathBlock "ui/skins/default/tab_square_medium_text_selected_inactive.png"
  010851-010904 ImagePathBlock "ui/skins/default/tab_square_medium_text_underlay.png"
  010905-010967 ImagePathBlock "ui/skins/default/tab_square_medium_text_selected_underlay.png"
  010968-011020 ImagePathBlock "ui/skins/default/tab_square_medium_text_overlay.png"
011021-011103 DataBlock
  ....@=0...button 01 00 00 00 40 3d 30 1b 0a 00 62 75 74 74 6f 6e
  _txt......!..... 5f 74 78 74 00 00 00 00 00 00 21 00 00 00 07 00
  ................ 00 00 01 01 00 00 00 00 01 00 00 00 00 01 00 00
  ................ 00 00 05 00 00 00 00 00 00 00 fc ff ff ff 00 00
  ................ 00 00 00 00 00 00 00 00 00 00 00 01 00 00 00 00
  A0.              41 30 1b
011104-011113 StringBlock "NewState"
011114-011121 DataBlock
  ^.......         5e 00 00 00 18 00 00 00
011122-011131 UnicodeBlock "Wins"
011132-011150 DataBlock
  ................ 00 00 04 00 00 00 04 00 00 00 00 00 00 00 02 00
  ...              00 00 01
011151-011214 UnicodeBlock "button_txt_NewState_Text_1a0039"
011215-011218 DataBlock
  ....             00 00 00 00
011219-011231 FontNameBlock "la_gioconda"
011232-011247 DataBlock
  ................ 0c 00 00 00 01 00 00 00 00 00 00 00 d7 f8 ff ff
011248-011256 StringBlock "fe_text"
011257-011276 DataBlock
  ................ 14 00 00 00 00 00 00 00 00 00 00 00 00 00 00 00
  ....             00 00 00 00
011277-011287 T0Block "normal_t0"
011288-011303 DataBlock
  ................ 00 00 00 00 00 00 00 00 00 00 00 00 00 00 00 00
011304-011314 T0Block "normal_t0"
011315-011350 DataBlock
  ................ 00 00 00 00 00 00 00 00 00 00 00 00 00 00 00 00
  ................ 00 00 00 00 00 00 00 00 00 00 00 00 00 00 00 00
  ....             02 00 00 00
011351-011365 StringBlock "dynamic_child"
011366-011368 DataBlock
  ..1              01 00 31
011369-011390 StringBlock "dynamic_child_parent"
011391-011396 StringBlock "wins"
011397-011452 DataBlock
  ................ 0c 00 00 00 00 00 00 00 00 00 00 00 00 00 00 00
  .........?...?.. 00 00 00 00 00 00 00 00 80 3f 00 00 00 3f 00 00
  .?.............? 00 3f 00 00 00 00 00 00 00 00 00 00 00 00 80 3f
  ...?....         00 00 00 3f 00 00 00 00
011453-011479 StringBlock "parchment_slider_vertical"
011480-011487 DataBlock
  @.-8....         40 cd 2d 38 06 00 00 00
011488-011501 StringBlock "frame_bottom"
011502-011515 StringBlock "frame_bottom"
011516-011562 DataBlock
  ...........?...B 00 00 00 00 00 00 00 00 00 00 80 3f 00 00 10 42
  ...A...B....-... 00 00 98 41 00 00 14 42 08 00 00 00 2d 00 00 00
  ...............  01 02 00 00 00 00 00 00 00 00 00 00 00 00 00
011563-011572 StringBlock "NewState"
011573-011584 DataBlock
  ............     00 00 00 00 00 00 00 00 00 00 00 00
011585-011633 ImagePathListBlock 1 elements:
  011589-011633 ImagePathBlock "ui/skins/default/slider_vertical_bottom.png"
011634-011676 DataBlock
  ..top..top...... 03 00 74 6f 70 03 00 74 6f 70 00 00 01 00 00 00
  ..SliderDecremen 15 00 53 6c 69 64 65 72 44 65 63 72 65 6d 65 6e
  tButton....      74 42 75 74 74 6f 6e 00 00 00 00
011677-011702 StringBlock "UI_GBL_TMP_Slider_Arrows"
011703-011741 DataBlock
  ..@@......pA...A 00 00 40 40 00 00 04 c2 00 00 70 41 00 00 b0 41
  ....<........... 01 00 00 00 3c 00 00 00 01 06 00 00 00 00 00 00
  .......          00 00 00 00 00 00 00
011742-011749 StringBlock "active"
011750-011757 DataBlock
  ........         00 00 00 00 00 00 00 00
011758-011763 StringBlock "down"
011764-011771 DataBlock
  ........         00 00 00 00 00 00 00 00
011772-011781 StringBlock "down_off"
011782-011789 DataBlock
  ........         00 00 00 00 00 00 00 00
011790-011796 StringBlock "hover"
011797-011804 DataBlock
  ........         00 00 00 00 00 00 00 00
011805-011814 StringBlock "inactive"
011815-011826 DataBlock
  ............     00 00 00 00 00 00 00 00 02 00 00 00
011827-011836 StringBlock "stepSize"
011837-011840 DataBlock
  ..10             02 00 31 30
011841-011850 StringBlock "stepSize"
011851-011854 DataBlock
  ..10             02 00 31 30
011855-012005 ImagePathListBlock 3 elements:
  011859-011907 ImagePathBlock "ui/skins/default/slider_vertical_top_active.png"
  011908-011957 ImagePathBlock "ui/skins/default/slider_vertical_top_pressed.png"
  011958-012005 ImagePathBlock "ui/skins/default/slider_vertical_top_hover.png"
012006-012016 DataBlock
  ..frame_top      09 00 66 72 61 6d 65 5f 74 6f 70
012017-012027 StringBlock "frame_top"
012028-012074 DataBlock
  ...........?.... 00 00 00 00 00 00 00 00 00 00 80 3f 00 00 08 c2
  ...A...B....-... 00 00 a0 41 00 00 10 42 02 00 00 00 2d 00 00 00
  ...............  01 02 00 00 00 00 00 00 00 00 00 00 00 00 00
012075-012084 StringBlock "NewState"
012085-012096 DataBlock
  ............     00 00 00 00 00 00 00 00 00 00 00 00
012097-012142 ImagePathListBlock 1 elements:
  012101-012142 ImagePathBlock "ui/skins/default/slider_vertical_top.png"
012143-012150 DataBlock
  ..handle         06 00 68 61 6e 64 6c 65
012151-012158 StringBlock "handle"
012159-012164 DataBlock
  ......           00 00 01 00 00 00
012165-012179 StringBlock "VSliderHandle"
012180-012183 DataBlock
  ....             00 00 00 00
012184-012209 StringBlock "UI_GBL_TMP_Slider_Handle"
012210-012248 DataBlock
  ...@.......A...B 00 00 00 40 00 00 00 00 00 00 90 41 00 00 1c 42
  ....<........... 00 00 00 00 3c 00 00 00 01 05 00 00 00 00 00 00
  .......          00 00 00 00 00 00 00
012249-012256 StringBlock "active"
012257-012264 DataBlock
  ........         00 00 00 00 00 00 00 00
012265-012274 StringBlock "down_off"
012275-012282 DataBlock
  ........         00 00 00 00 00 00 00 00
012283-012289 StringBlock "hover"
012290-012297 DataBlock
  ........         00 00 00 00 00 00 00 00
012298-012307 StringBlock "inactive"
012308-012319 DataBlock
  ............     00 00 00 00 00 00 00 00 02 00 00 00
012320-012329 StringBlock "min_size"
012330-012333 DataBlock
  ..39             02 00 33 39
012334-012343 StringBlock "min_size"
012344-012347 DataBlock
  ..39             02 00 33 39
012348-012450 ImagePathListBlock 2 elements:
  012352-012396 ImagePathBlock "ui/skins/default/slider_vertical_handle.png"
  012397-012450 ImagePathBlock "ui/skins/default/slider_vertical_handle_underlay.png"
012451-012458 DataBlock
  ..bottom         06 00 62 6f 74 74 6f 6d
012459-012466 StringBlock "bottom"
012467-012472 DataBlock
  ......           00 00 01 00 00 00
012473-012495 StringBlock "SliderIncrementButton"
012496-012499 DataBlock
  ....             00 00 00 00
012500-012525 StringBlock "UI_GBL_TMP_Slider_Arrows"
012526-012564 DataBlock
  ..@@...B..pA...A 00 00 40 40 00 00 00 42 00 00 70 41 00 00 b0 41
  ....<........... 07 00 00 00 3c 00 00 00 01 06 00 00 00 00 00 00
  .......          00 00 00 00 00 00 00
012565-012572 StringBlock "active"
012573-012580 DataBlock
  ........         00 00 00 00 00 00 00 00
012581-012586 StringBlock "down"
012587-012594 DataBlock
  ........         00 00 00 00 00 00 00 00
012595-012604 StringBlock "down_off"
012605-012612 DataBlock
  ........         00 00 00 00 00 00 00 00
012613-012619 StringBlock "hover"
012620-012627 DataBlock
  ........         00 00 00 00 00 00 00 00
012628-012637 StringBlock "inactive"
012638-012649 DataBlock
  ............     00 00 00 00 00 00 00 00 02 00 00 00
012650-012659 StringBlock "stepSize"
012660-012663 DataBlock
  ..10             02 00 31 30
012664-012673 StringBlock "stepSize"
012674-012677 DataBlock
  ..10             02 00 31 30
012678-012837 ImagePathListBlock 3 elements:
  012682-012733 ImagePathBlock "ui/skins/default/slider_vertical_bottom_active.png"
  012734-012786 ImagePathBlock "ui/skins/default/slider_vertical_bottom_pressed.png"
  012787-012837 ImagePathBlock "ui/skins/default/slider_vertical_bottom_hover.png"
012838-012854 DataBlock
  ....vslider..... 00 00 07 00 76 73 6c 69 64 65 72 00 00 01 00 00
  .                00
012855-012863 StringBlock "VSlider"
012864-012908 DataBlock
  .............B.. 00 00 00 00 00 00 00 00 88 c1 00 00 80 42 00 00
  .A...C....-..... a0 41 00 00 f4 43 03 00 00 00 2d 00 00 00 01 03
  .............    00 00 00 00 00 00 00 00 00 00 00 00 00
012909-012916 StringBlock "active"
012917-012924 DataBlock
  ........         00 00 00 00 00 00 00 00
012925-012934 StringBlock "inactive"
012935-012946 DataBlock
  ............     00 00 00 00 00 00 00 00 08 00 00 00
012947-012954 StringBlock "Notify"
012955-012956 DataBlock
  ..               00 00
012957-012963 StringBlock "Value"
012964-012966 DataBlock
  ..0              01 00 30
012967-012976 StringBlock "maxValue"
012977-012981 DataBlock
  ..100            03 00 31 30 30
012982-012991 StringBlock "minValue"
012992-012994 DataBlock
  ..0              01 00 30
012995-013002 StringBlock "Notify"
013003-013004 DataBlock
  ..               00 00
013005-013011 StringBlock "Value"
013012-013014 DataBlock
  ..0              01 00 30
013015-013024 StringBlock "maxValue"
013025-013029 DataBlock
  ..100            03 00 31 30 30
013030-013039 StringBlock "minValue"
013040-013042 DataBlock
  ..0              01 00 30
013043-013100 ImageBlock id=1 xsize=0 ysize=0 path="ui/skins/default/slider_vertical_mid.png" unknown=0
013101-013142 DataBlock
  .....?.......... 00 00 00 00 80 3f 00 00 00 00 00 00 00 00 00 00
  ...........?...? 00 00 00 00 00 00 00 00 00 00 80 3f 00 00 00 3f
  ......`.0.       00 00 00 00 00 00 60 a5 30 1b
013143-013154 StringBlock "page cycle"
013155-013217 DataBlock
  ......\......... 00 00 00 00 00 00 5c 01 00 00 fb 02 00 00 00 00
  ................ 00 00 00 00 01 00 00 00 00 01 00 00 00 00 08 00
  ................ 00 00 00 00 00 00 ea ff ff ff 00 00 00 00 00 00
  ...........@.0.  00 00 00 00 00 00 00 01 00 00 00 40 a9 30 1b
013218-013227 StringBlock "NewState"
013228-013262 DataBlock
  ................ 8c 00 00 00 1e 00 00 00 00 00 00 00 04 00 00 00
  ................ 04 00 00 00 00 00 00 00 01 00 00 00 00 00 00 00
  ...              00 00 00
013263-013274 FontNameBlock "Norse-Bold"
013275-013290 DataBlock
  ................ 0a 00 00 00 02 00 00 00 00 00 00 00 dd da fa ff
013291-013313 StringBlock "Default Font Category"
013314-013333 DataBlock
  ................ 00 00 00 00 00 00 00 00 00 00 00 00 00 00 00 00
  ....             00 00 00 00
013334-013344 T0Block "normal_t0"
013345-013360 DataBlock
  ................ 00 00 00 00 00 00 00 00 00 00 00 00 00 00 00 00
013361-013371 T0Block "normal_t0"
013372-013425 DataBlock
  ................ 00 00 00 00 00 00 00 00 00 00 00 00 00 00 00 00
  ................ 00 00 00 00 00 00 00 00 00 00 00 00 00 00 00 00
  ................ 00 00 00 00 0a 00 00 00 00 00 00 00 03 00 00 00
  ....0.           00 00 80 e0 30 1b
013426-013434 StringBlock "dy_page"
013435-013440 DataBlock
  ......           00 00 01 00 00 00
013441-013456 StringBlock "NumericalInput"
013457-013501 DataBlock
  ................ 00 00 00 00 00 00 00 00 00 00 00 00 00 00 00 00
  ................ 00 00 01 00 00 00 00 01 00 00 00 00 00 00 00 00
  .............    00 00 00 00 00 00 00 00 00 00 00 00 00
013502-013554 ImageListBlock 1 elements:
  013506-013554 ImageBlock id=456188992 xsize=183 ysize=27 path="ui\\skins\\default\\frame_text.png" unknown=0
013555-013608 DataBlock
  .......0...NewSt 00 01 00 00 00 00 e5 30 1b 08 00 4e 65 77 53 74
  ate..........0./ 61 74 65 8c 00 00 00 1e 00 00 00 03 00 30 00 2f
  .4.............. 00 34 00 00 00 04 00 00 00 04 00 00 00 01 00 00
  ......           00 02 00 00 00 00
013609-013684 UnicodeBlock "dy_spectator_cap_NewState_Text_2f0004"
013685-013688 DataBlock
  ....             00 00 00 00
013689-013701 FontNameBlock "la_gioconda"
013702-013717 DataBlock
  ................ 0c 00 00 00 01 00 00 00 00 00 00 00 d7 f8 ff ff
013718-013726 StringBlock "fe_text"
013727-013746 DataBlock
  ................ 00 00 00 00 00 00 00 00 00 00 00 00 00 00 00 00
  ....             01 00 00 00
013747-013757 T0Block "normal_t0"
013758-013773 DataBlock
  ................ 00 00 00 00 00 00 00 00 00 00 00 00 00 00 00 00
013774-013784 T0Block "normal_t0"
013785-013955 DataBlock
  ................ 00 00 00 00 00 00 00 00 00 00 00 00 00 00 00 00
  ....@.0......... 01 00 00 00 40 e4 30 1b 00 00 00 00 00 00 00 00
  ................ 8c 00 00 00 1e 00 00 00 ff ff ff ff 00 00 01 00
  ................ 00 00 00 00 00 00 00 00 00 00 00 00 00 01 01 00
  ................ 00 00 00 00 00 00 00 00 00 00 00 00 00 00 00 00
  ......?......... 00 00 00 00 00 80 3f 00 00 00 00 00 00 00 00 00
  ............@... 00 00 00 00 00 00 00 00 00 00 00 80 40 00 00 80
  @...@...@....... 40 00 00 80 40 00 00 80 40 00 00 00 00 00 00 00
  ................ 00 00 00 00 00 00 00 00 00 0a 00 00 00 00 00 00
  ................ 00 00 00 00 00 00 00 00 00 00 00 00 00 00 00 00
  ..?........      00 80 3f 00 00 00 00 00 00 00 00
013956-013984 StringBlock "cycle_button_arrow_previous"
013985-013994 DataBlock
  ..08......       80 92 30 38 01 00 00 00 00 00
013995-014004 StringBlock "button_L"
014005-014010 DataBlock
  ......           00 00 01 00 00 00
014011-014018 StringBlock "Button"
014019-014022 DataBlock
  ....             00 00 00 00
014023-014049 StringBlock "UI_GBL_TMP_Arrow_Previous"
014050-014084 DataBlock
  ..H.......DB..4B 00 00 48 c2 00 00 00 00 00 00 44 42 00 00 34 42
  ....2........... 04 00 00 00 32 00 00 00 01 06 00 00 00 00 00 00
  ...              00 00 00
014085-014150 UnicodeBlock "button_cycle_left_Tooltip_5d0064"
014151-014182 UnicodeBlock "Select Previous"
014183-014190 StringBlock "active"
014191-014198 DataBlock
  ........         00 00 00 00 00 00 00 00
014199-014204 StringBlock "down"
014205-014212 DataBlock
  ........         00 00 00 00 00 00 00 00
014213-014222 StringBlock "down_off"
014223-014230 DataBlock
  ........         00 00 00 00 00 00 00 00
014231-014237 StringBlock "hover"
014238-014245 DataBlock
  ........         00 00 00 00 00 00 00 00
014246-014255 StringBlock "inactive"
014256-014267 DataBlock
  ............     00 00 00 00 00 00 00 00 00 00 00 00
014268-014515 ImagePathListBlock 5 elements:
  014272-014321 ImagePathBlock "ui/skins/default/button_cycle_arrow_inactive.png"
  014322-014369 ImagePathBlock "ui/skins/default/button_cycle_arrow_active.png"
  014370-014416 ImagePathBlock "ui/skins/default/button_cycle_arrow_hover.png"
  014417-014465 ImagePathBlock "ui/skins/default/button_cycle_arrow_pressed.png"
  014466-014515 ImagePathBlock "ui/skins/default/button_cycle_arrow_underlay.png"
014516-014554 DataBlock
  ......cycle_butt 00 00 00 00 17 00 63 79 63 6c 65 5f 62 75 74 74
  on_arrow_next.p0 6f 6e 5f 61 72 72 6f 77 5f 6e 65 78 74 c0 70 30
  8......          38 01 00 00 00 00 00
014555-014564 StringBlock "button_R"
014565-014570 DataBlock
  ......           00 00 01 00 00 00
014571-014578 StringBlock "Button"
014579-014582 DataBlock
  ....             00 00 00 00
014583-014605 StringBlock "UI_GBL_TMP_Arrow_Next"
014606-014640 DataBlock
  ..HB......DB..4B 00 00 48 42 00 00 00 00 00 00 44 42 00 00 34 42
  ....2........... 06 00 00 00 32 00 00 00 01 06 00 00 00 00 00 00
  ...              00 00 00
014641-014708 UnicodeBlock "button_cycle_arrow_Tooltip_42006d"
014709-014732 UnicodeBlock "Select Next"
014733-014740 StringBlock "active"
014741-014748 DataBlock
  ........         00 00 00 00 00 00 00 00
014749-014754 StringBlock "down"
014755-014762 DataBlock
  ........         00 00 00 00 00 00 00 00
014763-014772 StringBlock "down_off"
014773-014780 DataBlock
  ........         00 00 00 00 00 00 00 00
014781-014787 StringBlock "hover"
014788-014795 DataBlock
  ........         00 00 00 00 00 00 00 00
014796-014805 StringBlock "inactive"
014806-014817 DataBlock
  ............     00 00 00 00 00 00 00 00 00 00 00 00
014818-015065 ImagePathListBlock 5 elements:
  014822-014871 ImagePathBlock "ui/skins/default/button_cycle_arrow_inactive.png"
  014872-014919 ImagePathBlock "ui/skins/default/button_cycle_arrow_active.png"
  014920-014966 ImagePathBlock "ui/skins/default/button_cycle_arrow_hover.png"
  014967-015015 ImagePathBlock "ui/skins/default/button_cycle_arrow_pressed.png"
  015016-015065 ImagePathBlock "ui/skins/default/button_cycle_arrow_underlay.png"
015066-015114 DataBlock
  ................ 00 00 00 00 00 00 00 00 00 00 00 00 00 00 00 00
  .?...?...?..pane 80 3f 00 00 00 3f 00 00 80 3f 0b 00 70 61 6e 65
  l_title@.08..... 6c 5f 74 69 74 6c 65 40 08 30 38 01 00 00 00 00
  .                00
015115-015127 StringBlock "panel_title"
015128-015174 DataBlock
  ................ 00 00 00 00 00 00 00 00 00 00 00 00 00 00 c8 c1
  ...C..lB....<... 00 00 fa 43 00 00 6c 42 02 00 00 00 3c 00 00 00
  ...............  01 02 00 00 00 00 00 00 00 00 00 00 00 00 00
015175-015184 StringBlock "NewState"
015185-015196 DataBlock
  ............     00 00 00 00 00 00 00 00 00 00 00 00
015197-015234 ImagePathListBlock 1 elements:
  015201-015234 ImagePathBlock "ui/skins/default/panel_title.png"
015235-015317 DataBlock
  .... .8...headin 01 00 00 00 20 f3 38 1b 0a 00 68 65 61 64 69 6e
  g_tx......u..... 67 5f 74 78 00 00 00 00 00 00 75 00 00 00 0d 00
  ................ 00 00 01 01 00 00 00 00 01 00 00 00 00 01 00 00
  ................ 00 00 05 00 00 00 00 00 00 00 ff ff ff ff 00 00
  ................ 00 00 00 00 00 00 00 00 00 00 00 01 00 00 00 80
  .8.              f6 38 1b
015318-015327 StringBlock "NewState"
015328-015335 DataBlock
  ........         09 01 00 00 1e 00 00 00
015336-015359 UnicodeBlock "Leaderboard"
015360-015378 DataBlock
  ................ 00 00 04 00 00 00 04 00 00 00 00 00 00 00 02 00
  ...              00 00 01
015379-015442 UnicodeBlock "heading_tx_NewState_Text_6e002f"
015443-015446 DataBlock
  ....             00 00 00 00
015447-015469 FontNameBlock "la_gioconda_uppercase"
015470-015485 DataBlock
  ................ 12 00 00 00 01 00 00 00 00 00 00 00 d7 f8 ff ff
015486-015505 StringBlock "fe_section_heading"
015506-015525 DataBlock
  ................ 00 00 00 00 00 00 00 00 00 00 00 00 00 00 00 00
  ....             01 01 00 00
015526-015536 T0Block "normal_t0"
015537-015552 DataBlock
  ................ 00 00 00 00 00 00 00 00 00 00 00 00 00 00 00 00
015553-015568 T0Block "drop_shadow_t0"
015569-015604 DataBlock
  .......?...@.... 00 00 00 00 00 00 80 3f 00 00 00 40 00 00 00 00
  ................ 00 00 00 00 00 00 00 00 00 00 00 00 00 00 00 00
  ....             02 00 00 00
015605-015619 StringBlock "dynamic_child"
015620-015622 DataBlock
  ..1              01 00 31
015623-015644 StringBlock "dynamic_child_parent"
015645-015657 StringBlock "panel_title"
015658-015691 DataBlock
  ................ 0a 00 00 00 00 00 00 00 00 00 00 00 00 00 00 00
  .........?...?.. 00 00 00 00 00 00 00 00 80 3f 00 00 00 3f 00 00
  .?               00 3f
015692-015717 StringBlock "square_large_text_button"
015718-015725 DataBlock
  ..-8....         00 9d 2d 38 04 00 00 00
015726-015737 StringBlock "button_txt"
015738-015749 StringBlock "button_txt"
015750-015796 DataBlock
  ................ 00 00 00 00 00 00 00 00 00 00 00 00 00 00 00 00
  ../C..LB........ 00 00 2f 43 00 00 4c 42 05 00 00 00 00 00 00 00
  ...............  01 03 00 00 00 00 00 00 00 00 00 00 00 00 00
015797-015804 StringBlock "active"
015805-015870 UnicodeBlock "button_txt_NewState_Text_5d0052g"
015871-015894 UnicodeBlock "Top Players"
015895-015898 DataBlock
  ....             00 00 00 00
015899-015908 StringBlock "inactive"
015909-015974 UnicodeBlock "button_txt_NewState_Text_5d0052g"
015975-015998 UnicodeBlock "Top Players"
015999-016010 DataBlock
  ............     00 00 00 00 00 00 00 00 00 00 00 00
016011-016025 StringBlock "smoke_overlay"
016026-016040 StringBlock "smoke_overlay"
016041-016117 DataBlock
  ..............@. 00 00 00 00 00 00 00 00 00 00 00 c0 00 00 40 c0
  ..BC..BC....<... 00 00 42 43 00 00 42 43 05 00 00 00 3c 00 00 00
  ................ 01 03 00 00 00 00 00 00 00 00 00 00 00 00 00 03
  .wh1..........wh 00 77 68 31 00 00 00 00 00 00 00 00 03 00 77 68
  2............    32 00 00 00 00 00 00 00 00 00 00 00 00
016118-016174 ImagePathListBlock 1 elements:
  016122-016174 ImagePathBlock "ui/skins/default/button_square_large_text_hover.png"
016175-016193 DataBlock
  ..smoke_clip_par 11 00 73 6d 6f 6b 65 5f 63 6c 69 70 5f 70 61 72
  ent              65 6e 74
016194-016212 StringBlock "smoke_clip_parent"
016213-016259 DataBlock
  ................ 00 00 00 00 00 00 00 00 00 00 00 00 00 00 00 c0
  ..BC...B....<... 00 00 42 43 00 00 04 42 05 00 00 00 3c 00 00 00
  ...............  01 02 00 00 00 00 00 00 00 00 00 00 00 00 00
016260-016269 StringBlock "NewState"
016270-016287 DataBlock
  ................ 00 00 00 00 00 00 00 00 00 00 00 00 00 00 00 00
  ..               00 00
016288-016307 StringBlock "button_top_players"
016308-016313 DataBlock
  ......           00 00 01 00 00 00
016314-016325 StringBlock "TextButton"
016326-016329 DataBlock
  ....             00 00 00 00
016330-016366 StringBlock "UI_GBL_TMP_Square_Large_Text_Button"
016367-016405 DataBlock
  ...A...A..zC..LB 00 00 c0 41 00 00 d8 41 00 00 7a 43 00 00 4c 42
  ................ 00 00 00 00 00 00 00 00 01 06 00 00 00 00 00 00
  .......          00 00 00 00 00 00 00
016406-016413 StringBlock "active"
016414-016421 DataBlock
  ........         00 00 00 00 00 00 00 00
016422-016427 StringBlock "down"
016428-016435 DataBlock
  ........         00 00 00 00 00 00 00 00
016436-016445 StringBlock "down_off"
016446-016453 DataBlock
  ........         00 00 00 00 00 00 00 00
016454-016460 StringBlock "hover"
016461-016468 DataBlock
  ........         00 00 00 00 00 00 00 00
016469-016478 StringBlock "inactive"
016479-016490 DataBlock
  ............     00 00 00 00 00 00 00 00 00 00 00 00
016491-016774 ImagePathListBlock 5 elements:
  016495-016549 ImagePathBlock "ui/skins/default/button_square_large_text_pressed.png"
  016550-016606 ImagePathBlock "ui/skins/warhammer2/button_square_large_text_active.png"
  016607-016659 ImagePathBlock "ui/skins/default/button_square_large_text_hover.png"
  016660-016715 ImagePathBlock "ui/skins/default/button_square_large_text_inactive.png"
  016716-016774 ImagePathBlock "ui/skins/warhammer2/button_square_large_text_underlay.png"
016775-016812 DataBlock
  ......square_lar 00 00 00 00 18 00 73 71 75 61 72 65 5f 6c 61 72
  ge_text_button@. 67 65 5f 74 65 78 74 5f 62 75 74 74 6f 6e 40 f9
  ,8....           2c 38 04 00 00 00
016813-016824 StringBlock "button_txt"
016825-016836 StringBlock "button_txt"
016837-016883 DataBlock
  ................ 00 00 00 00 00 00 00 00 00 00 00 00 00 00 00 00
  ../C..LB........ 00 00 2f 43 00 00 4c 42 05 00 00 00 00 00 00 00
  ...............  01 03 00 00 00 00 00 00 00 00 00 00 00 00 00
016884-016891 StringBlock "active"
016892-016957 UnicodeBlock "button_txt_NewState_Text_41006cr"
016958-016981 UnicodeBlock "My Position"
016982-016985 DataBlock
  ....             00 00 00 00
016986-016995 StringBlock "inactive"
016996-017061 UnicodeBlock "button_txt_NewState_Text_41006cr"
017062-017085 UnicodeBlock "My Position"
017086-017097 DataBlock
  ............     00 00 00 00 00 00 00 00 00 00 00 00
017098-017112 StringBlock "smoke_overlay"
017113-017127 StringBlock "smoke_overlay"
017128-017204 DataBlock
  ..............@. 00 00 00 00 00 00 00 00 00 00 00 c0 00 00 40 c0
  ..BC..BC....<... 00 00 42 43 00 00 42 43 05 00 00 00 3c 00 00 00
  ................ 01 03 00 00 00 00 00 00 00 00 00 00 00 00 00 03
  .wh1..........wh 00 77 68 31 00 00 00 00 00 00 00 00 03 00 77 68
  2............    32 00 00 00 00 00 00 00 00 00 00 00 00
017205-017261 ImagePathListBlock 1 elements:
  017209-017261 ImagePathBlock "ui/skins/default/button_square_large_text_hover.png"
017262-017280 DataBlock
  ..smoke_clip_par 11 00 73 6d 6f 6b 65 5f 63 6c 69 70 5f 70 61 72
  ent              65 6e 74
017281-017299 StringBlock "smoke_clip_parent"
017300-017346 DataBlock
  ................ 00 00 00 00 00 00 00 00 00 00 00 00 00 00 00 c0
  ..BC...B....<... 00 00 42 43 00 00 04 42 05 00 00 00 3c 00 00 00
  ...............  01 02 00 00 00 00 00 00 00 00 00 00 00 00 00
017347-017356 StringBlock "NewState"
017357-017374 DataBlock
  ................ 00 00 00 00 00 00 00 00 00 00 00 00 00 00 00 00
  ..               00 00
017375-017394 StringBlock "button_my_position"
017395-017400 DataBlock
  ......           00 00 01 00 00 00
017401-017412 StringBlock "TextButton"
017413-017416 DataBlock
  ....             00 00 00 00
017417-017453 StringBlock "UI_GBL_TMP_Square_Large_Text_Button"
017454-017492 DataBlock
  ...A...B..zC..LB 00 00 b8 41 00 00 9c 42 00 00 7a 43 00 00 4c 42
  ................ 00 00 00 00 0a 00 00 00 01 06 00 00 00 00 00 00
  .......          00 00 00 00 00 00 00
017493-017500 StringBlock "active"
017501-017508 DataBlock
  ........         00 00 00 00 00 00 00 00
017509-017514 StringBlock "down"
017515-017522 DataBlock
  ........         00 00 00 00 00 00 00 00
017523-017532 StringBlock "down_off"
017533-017540 DataBlock
  ........         00 00 00 00 00 00 00 00
017541-017547 StringBlock "hover"
017548-017555 DataBlock
  ........         00 00 00 00 00 00 00 00
017556-017565 StringBlock "inactive"
017566-017577 DataBlock
  ............     00 00 00 00 00 00 00 00 00 00 00 00
017578-017861 ImagePathListBlock 5 elements:
  017582-017636 ImagePathBlock "ui/skins/default/button_square_large_text_pressed.png"
  017637-017693 ImagePathBlock "ui/skins/warhammer2/button_square_large_text_active.png"
  017694-017746 ImagePathBlock "ui/skins/default/button_square_large_text_hover.png"
  017747-017802 ImagePathBlock "ui/skins/default/button_square_large_text_inactive.png"
  017803-017861 ImagePathBlock "ui/skins/warhammer2/button_square_large_text_underlay.png"
017862-017890 DataBlock
  ......dropdown_b 00 00 00 00 0f 00 64 72 6f 70 64 6f 77 6e 5f 62
  utton.g98....    75 74 74 6f 6e 00 67 39 38 08 00 00 00
017891-017902 StringBlock "border_top"
017903-017914 StringBlock "border_top"
017915-017961 DataBlock
  ................ 00 00 00 00 00 00 00 00 00 00 00 00 00 00 00 00
  ..&C.. A....A... 00 00 26 43 00 00 20 41 02 00 00 00 41 00 00 00
  ...............  00 02 00 00 00 00 00 00 00 00 00 00 00 00 00
017962-017971 StringBlock "NewState"
017972-017989 DataBlock
  ................ 00 00 00 00 00 00 00 00 00 00 00 00 00 00 00 00
  ..               00 00
017990-018006 StringBlock "dropdown_filter"
018007-018012 DataBlock
  ......           00 00 01 00 00 00
018013-018026 StringBlock "DropdownMenu"
018027-018030 DataBlock
  ....             00 00 00 00
018031-018051 StringBlock "UI_GBL_TMP_DropDown"
018052-018090 DataBlock
  ...D...B..<C...B 00 c0 1b 44 00 00 ae 42 00 00 3c 43 00 00 08 42
  ................ 00 00 00 00 0a 00 00 00 01 0b 00 00 00 00 00 00
  .......          00 00 00 00 00 00 00
018091-018098 StringBlock "active"
018099-018106 DataBlock
  ........         00 00 00 00 00 00 00 00
018107-018112 StringBlock "down"
018113-018120 DataBlock
  ........         00 00 00 00 00 00 00 00
018121-018130 StringBlock "down_off"
018131-018138 DataBlock
  ........         00 00 00 00 00 00 00 00
018139-018145 StringBlock "hover"
018146-018153 DataBlock
  ........         00 00 00 00 00 00 00 00
018154-018163 StringBlock "inactive"
018164-018171 DataBlock
  ........         00 00 00 00 00 00 00 00
018172-018181 StringBlock "selected"
018182-018189 DataBlock
  ........         00 00 00 00 00 00 00 00
018190-018204 StringBlock "selected_down"
018205-018212 DataBlock
  ........         00 00 00 00 00 00 00 00
018213-018231 StringBlock "selected_down_off"
018232-018239 DataBlock
  ........         00 00 00 00 00 00 00 00
018240-018255 StringBlock "selected_hover"
018256-018263 DataBlock
  ........         00 00 00 00 00 00 00 00
018264-018282 StringBlock "selected_inactive"
018283-018294 DataBlock
  ............     00 00 00 00 00 00 00 00 00 00 00 00
018295-018794 ImagePathListBlock 10 elements:
  018299-018354 ImagePathBlock "ui/skins/default/button_dropdown_selected_inactive.png"
  018355-018400 ImagePathBlock "ui/skins/default/button_dropdown_pressed.png"
  018401-018453 ImagePathBlock "ui/skins/default/button_dropdown_selected_hover.png"
  018454-018497 ImagePathBlock "ui/skins/default/button_dropdown_hover.png"
  018498-018542 ImagePathBlock "ui/skins/default/button_dropdown_active.png"
  018543-018589 ImagePathBlock "ui/skins/default/button_dropdown_inactive.png"
  018590-018636 ImagePathBlock "ui/skins/default/button_dropdown_selected.png"
  018637-018691 ImagePathBlock "ui/skins/default/button_dropdown_selected_pressed.png"
  018692-018747 ImagePathBlock "ui/skins/default/button_dropdown_selected_underlay.png"
  018748-018794 ImagePathBlock "ui/skins/default/button_dropdown_underlay.png"
018795-018811 DataBlock
  ..dy_selected_tx 0f 00 64 79 5f 73 65 6c 65 63 74 65 64 5f 74 78
  t                74
018812-018828 StringBlock "dy_selected_txt"
018829-018875 DataBlock
  ...........@...@ 00 00 00 00 00 00 00 00 00 00 80 40 00 00 80 40
  ...C...A....A... 00 00 1c 43 00 00 b8 41 00 00 00 00 41 00 00 00
  ...............  01 02 00 00 00 00 00 00 00 00 00 00 00 00 00
018876-018885 StringBlock "NewState"
018886-018959 UnicodeBlock "dy_selected_txt_NewState_Text_780000"
018960-018979 DataBlock
  ..x.x.x......... 03 00 78 00 78 00 78 00 00 00 00 00 00 00 00 00
  ....             00 00 00 00
018980-018994 StringBlock "border_bottom"
018995-019009 StringBlock "border_bottom"
019010-019056 DataBlock
  ................ 00 00 00 00 00 00 00 00 00 00 00 00 00 00 00 00
  ..&C.. A....A... 00 00 26 43 00 00 20 41 08 00 00 00 41 00 00 00
  ...............  00 02 00 00 00 00 00 00 00 00 00 00 00 00 00
019057-019066 StringBlock "NewState"
019067-019082 DataBlock
  ................ 00 00 00 00 00 00 00 00 00 00 00 00 00 00 00 00
019083-019095 StringBlock "row_example"
019096-019108 StringBlock "row_example"
019109-019114 DataBlock
  ......           00 00 01 00 00 00
019115-019134 StringBlock "DropdownMenuOption"
019135-019138 DataBlock
  ....             00 00 00 00
019139-019164 StringBlock "UI_GBL_TMP_DropDown_List"
019165-019203 DataBlock
  ..........!C...A 00 00 00 00 00 00 00 00 00 00 21 43 00 00 d8 41
  ....A........... 00 00 00 00 41 00 00 00 01 05 00 00 00 00 00 00
  .......          00 00 00 00 00 00 00
019204-019210 StringBlock "hover"
019211-019218 DataBlock
  ........         00 00 00 00 00 00 00 00
019219-019228 StringBlock "selected"
019229-019236 DataBlock
  ........         00 00 00 00 00 00 00 00
019237-019252 StringBlock "selected_hover"
019253-019260 DataBlock
  ........         00 00 00 00 00 00 00 00
019261-019272 StringBlock "unselected"
019273-019284 DataBlock
  ............     00 00 00 00 00 00 00 00 00 00 00 00
019285-019336 ImagePathListBlock 1 elements:
  019289-019336 ImagePathBlock "ui/skins/default/button_dropdown_highlight.png"
019337-019348 DataBlock
  ..popup_list     0a 00 70 6f 70 75 70 5f 6c 69 73 74
019349-019360 StringBlock "popup_list"
019361-019407 DataBlock
  ................ 00 00 00 00 00 00 00 00 00 00 00 00 00 00 00 00
  ..&C...A....A... 00 00 26 43 00 00 d8 41 05 00 00 00 41 00 00 00
  ...............  01 02 00 00 00 00 00 00 00 00 00 00 00 00 00
019408-019417 StringBlock "NewState"
019418-019433 DataBlock
  ................ 00 00 00 00 00 00 00 00 00 00 00 00 00 00 00 00
019434-019441 StringBlock "row_tx"
019442-019449 StringBlock "row_tx"
019450-019496 DataBlock
  ................ 00 00 00 00 00 00 00 00 00 00 00 00 00 00 00 00
  ..)C...A....A... 00 00 29 43 00 00 d8 41 01 00 00 00 41 00 00 00
  ...............  01 02 00 00 00 00 00 00 00 00 00 00 00 00 00
019497-019506 StringBlock "NewState"
019507-019562 UnicodeBlock "row_tx_NewState_Text_28000c"
019563-019576 UnicodeBlock "Item 1"
019577-019588 DataBlock
  ............     00 00 00 00 00 00 00 00 00 00 00 00
019589-019600 StringBlock "popup_menu"
019601-019612 StringBlock "popup_menu"
019613-019659 DataBlock
  ...............A 00 00 00 00 00 00 00 00 00 00 00 00 00 00 e8 41
  ..&C..LB....A... 00 00 26 43 00 00 4c 42 00 00 00 00 41 00 00 00
  ...............  00 02 00 00 00 00 00 00 00 00 00 00 00 00 00
019660-019669 StringBlock "NewState"
019670-019681 DataBlock
  ............     00 00 00 00 00 00 00 00 00 00 00 00
019682-019729 ImagePathListBlock 1 elements:
  019686-019729 ImagePathBlock "ui/skins/default/button_dropdown_panel.png"
019730-019811 DataBlock
  .... .9...label_ 01 00 00 00 20 9d 39 1b 09 00 6c 61 62 65 6c 5f
  txt......j...... 74 78 74 00 00 00 00 00 00 6a ff ff ff 03 00 00
  ................ 00 01 01 00 00 00 00 01 00 00 00 00 01 00 00 00
  .....j.......... 00 04 00 00 00 6a ff ff ff fe ff ff ff 00 00 00
  ................ 00 00 00 00 00 00 00 00 00 00 01 00 00 00 80 a0
  9.               39 1b
019812-019821 StringBlock "NewState"
019822-019829 DataBlock
  ........         96 00 00 00 18 00 00 00
019830-019847 UnicodeBlock "Filters:"
019848-019866 DataBlock
  ................ 00 00 03 00 00 00 04 00 00 00 00 00 00 00 02 00
  ...              00 00 01
019867-019928 UnicodeBlock "label_txt_NewState_Text_55003c"
019929-019932 DataBlock
  ....             00 00 00 00
019933-019945 FontNameBlock "la_gioconda"
019946-019961 DataBlock
  ................ 0c 00 00 00 01 00 00 00 00 00 00 00 d7 f8 ff ff
019962-019970 StringBlock "fe_text"
019971-019990 DataBlock
  ................ 00 00 00 00 08 00 00 00 00 00 00 00 00 00 00 00
  ....             01 01 00 00
019991-020001 T0Block "normal_t0"
020002-020017 DataBlock
  ................ 00 00 00 00 00 00 00 00 00 00 00 00 00 00 00 00
020018-020028 T0Block "normal_t0"
020029-020064 DataBlock
  ................ 00 00 00 00 00 00 00 00 00 00 00 00 00 00 00 00
  ................ 00 00 00 00 00 00 00 00 00 00 00 00 00 00 00 00
  ....             02 00 00 00
020065-020079 StringBlock "dynamic_child"
020080-020082 DataBlock
  ..1              01 00 31
020083-020104 StringBlock "dynamic_child_parent"
020105-020121 StringBlock "dropdown_filter"
020122-020155 DataBlock
  ................ 0a 00 00 00 00 00 00 00 00 00 00 00 00 00 00 00
  .........?...... 00 00 00 00 00 00 00 00 80 3f 00 00 00 00 00 00
  .?               00 3f
020156-020175 StringBlock "round_small_button"
020176-020185 DataBlock
  ... ......       c0 fc ff 20 01 00 00 00 00 00
020186-020200 StringBlock "button_search"
020201-020206 DataBlock
  ......           00 00 01 00 00 00
020207-020214 StringBlock "Button"
020215-020218 DataBlock
  ....             00 00 00 00
020219-020249 StringBlock "UI_GBL_TMP_Round_Small_Button"
020250-020288 DataBlock
  ..AD...B...B...B 00 c0 41 44 00 00 0c 42 00 00 18 42 00 00 18 42
  ................ 00 00 00 00 00 00 00 00 01 06 00 00 00 00 00 00
  .......          00 00 00 00 00 00 00
020289-020296 StringBlock "active"
020297-020304 DataBlock
  ........         00 00 00 00 00 00 00 00
020305-020310 StringBlock "down"
020311-020318 DataBlock
  ........         00 00 00 00 00 00 00 00
020319-020328 StringBlock "down_off"
020329-020336 DataBlock
  ........         00 00 00 00 00 00 00 00
020337-020343 StringBlock "hover"
020344-020351 DataBlock
  ........         00 00 00 00 00 00 00 00
020352-020361 StringBlock "inactive"
020362-020373 DataBlock
  ............     00 00 00 00 00 00 00 00 00 00 00 00
020374-020665 ImagePathListBlock 6 elements:
  020378-020421 ImagePathBlock "ui/skins/default/icon_province_details.png"
  020422-020470 ImagePathBlock "ui/skins/default/button_round_small_pressed.png"
  020471-020517 ImagePathBlock "ui/skins/default/button_round_small_hover.png"
  020518-020565 ImagePathBlock "ui/skins/default/button_round_small_active.png"
  020566-020615 ImagePathBlock "ui/skins/default/button_round_small_inactive.png"
  020616-020665 ImagePathBlock "ui/skins/default/button_round_small_underlay.png"
020666-020690 DataBlock
  ....`A9...search 02 00 00 00 60 41 39 1b 09 00 73 65 61 72 63 68
  box......        62 6f 78 00 00 01 00 00 00
020691-020701 StringBlock "TextInput"
020702-020746 DataBlock
  ....j........... 00 00 00 00 6a ff ff ff 02 00 00 00 01 01 00 00
  ................ 00 00 01 00 00 00 00 01 00 00 00 00 04 00 00 00
  j............    6a ff ff ff 00 00 00 00 00 00 00 00 00
020747-020799 ImageListBlock 1 elements:
  020751-020799 ImageBlock id=456737984 xsize=183 ysize=27 path="ui\\skins\\default\\frame_text.png" unknown=1
020800-020853 DataBlock
  ......E9...NewSt 00 01 00 00 00 80 45 39 1b 08 00 4e 65 77 53 74
  ate....!........ 61 74 65 8f 00 00 00 21 00 00 00 03 00 2e 00 2e
  ................ 00 2e 00 00 00 02 00 00 00 00 00 00 00 02 00 00
  ......           00 02 00 00 00 01
020854-020917 UnicodeBlock "text_field_NewState_Text_350007"
020918-020921 DataBlock
  ....             00 00 00 00
020922-020934 FontNameBlock "la_gioconda"
020935-020950 DataBlock
  ................ 0c 00 00 00 01 00 00 00 00 00 00 00 d7 f8 ff ff
020951-020959 StringBlock "fe_text"
020960-020979 DataBlock
  ................ 06 00 00 00 00 00 00 00 08 00 00 00 00 00 00 00
  ....             01 00 00 00
020980-020990 T0Block "normal_t0"
020991-021006 DataBlock
  ................ 00 00 00 00 00 00 00 00 00 00 00 00 00 00 00 00
021007-021017 T0Block "normal_t0"
021018-021154 DataBlock
  ................ 00 00 00 00 00 00 00 00 00 00 00 00 00 00 00 00
  .....D9......... 01 00 00 00 c0 44 39 1b 00 00 00 00 00 00 00 00
  ....!........... 8f 00 00 00 21 00 00 00 ff ff ff ff 00 00 01 00
  ................ 00 00 00 00 00 00 00 00 00 00 00 00 00 01 01 00
  ................ 00 00 00 00 00 00 00 00 00 00 00 00 00 00 00 00
  ......?......... 00 00 00 00 00 80 3f 00 00 00 00 00 00 00 00 00
  ............@... 00 00 00 00 00 00 00 00 00 00 00 80 40 00 00 80
  @...@...@....... 40 00 00 80 40 00 00 80 40 00 00 00 00 00 00 00
  .........        00 00 00 00 00 02 00 00 00
021155-021169 StringBlock "dynamic_child"
021170-021172 DataBlock
  ..1              01 00 31
021173-021194 StringBlock "dynamic_child_parent"
021195-021209 StringBlock "button_search"
021210-021227 DataBlock
  ..............`H 0c 00 00 00 00 00 00 00 01 00 00 00 00 00 60 48
  9.               39 1b
021228-021238 StringBlock "highlight"
021239-021316 DataBlock
  ................ 00 00 00 00 00 00 02 00 00 00 04 00 00 00 01 01
  ................ 00 00 00 00 01 00 00 00 00 01 00 00 00 00 00 00
  ............L9.. 00 00 00 00 00 00 00 00 00 00 00 80 4c 39 1b 01
  ....K9.......... 00 00 00 c0 4b 39 1b 00 00 c7 00 00 00 2e 00 00
  ...........L9.   00 00 00 00 00 00 01 00 00 00 80 4c 39 1b
021317-021326 StringBlock "NewState"
021327-021361 DataBlock
  ................ 0f 00 00 00 1a 00 00 00 00 00 00 00 02 00 00 00
  ................ 00 00 00 00 00 00 00 00 01 00 00 00 00 00 00 00
  ...              00 00 00
021362-021384 FontNameBlock "la_gioconda_uppercase"
021385-021400 DataBlock
  ................ 10 00 00 00 04 00 00 00 00 00 00 00 00 00 00 ff
021401-021416 StringBlock "fe_button_text"
021417-021436 DataBlock
  ................ 00 00 00 00 00 00 00 00 00 00 00 00 00 00 00 00
  ....             00 00 00 00
021437-021447 T0Block "normal_t0"
021448-021463 DataBlock
  ................ 00 00 00 00 00 00 00 00 00 00 00 00 00 00 00 00
021464-021474 T0Block "normal_t0"
021475-021671 DataBlock
  ................ 00 00 00 00 00 00 00 00 00 00 00 00 00 00 00 00
  .....K9......... 01 00 00 00 c0 4b 39 1b 00 00 00 00 00 00 00 00
  ................ 0f 00 00 00 1a 00 00 00 00 bf ff 80 00 00 00 00
  ................ 00 00 00 00 00 00 00 00 00 00 00 00 00 01 01 00
  ................ 00 00 00 00 00 00 00 00 00 00 00 00 00 00 00 00
  ......?......... 00 00 00 00 00 80 3f 00 00 00 00 00 00 00 00 00
  ................ 00 00 00 00 00 00 00 00 00 00 00 00 00 00 00 00
  ................ 00 00 00 00 00 00 00 00 00 00 00 00 00 00 00 00
  ................ 00 00 00 00 00 00 00 00 00 0c 00 00 00 00 00 00
  ................ 00 00 00 00 00 00 00 00 00 00 00 00 00 00 00 00
  ..?............. 00 80 3f 00 00 00 00 00 00 00 00 00 00 00 00 00
  ........?....... 00 00 00 00 00 00 00 80 3f 00 00 00 00 00 00 00
  ?..",            3f 80 8d 22 2c
021672-021681 StringBlock "tx_label"
021682-021744 DataBlock
  ......0......... 00 00 00 00 00 00 30 fe ff ff 06 00 00 00 01 01
  ................ 00 00 00 00 01 00 00 00 00 01 00 00 00 00 06 00
  ..E............. 00 00 45 ff ff ff ff ff ff ff 00 00 00 00 00 00
  ............q.+  00 00 00 00 00 00 00 01 00 00 00 80 71 d3 2b
021745-021754 StringBlock "NewState"
021755-021762 DataBlock
  ;.......         3b 01 00 00 18 00 00 00
021763-021804 UnicodeBlock "Steam Friend Search:"
021805-021823 DataBlock
  ................ 00 00 03 00 00 00 04 00 00 00 00 00 00 00 02 00
  ...              00 00 01
021824-021885 UnicodeBlock "tx_label_NewState_Text_2d0045p"
021886-021889 DataBlock
  ....             00 00 00 00
021890-021902 FontNameBlock "la_gioconda"
021903-021918 DataBlock
  ................ 0c 00 00 00 01 00 00 00 00 00 00 00 d7 f8 ff ff
021919-021927 StringBlock "fe_text"
021928-021947 DataBlock
  ................ 00 00 00 00 08 00 00 00 00 00 00 00 00 00 00 00
  ....             00 00 00 00
021948-021958 T0Block "normal_t0"
021959-021974 DataBlock
  ................ 00 00 00 00 00 00 00 00 00 00 00 00 00 00 00 00
021975-021985 T0Block "normal_t0"
021986-022021 DataBlock
  ................ 00 00 00 00 00 00 00 00 00 00 00 00 00 00 00 00
  ................ 00 00 00 00 00 00 00 00 00 00 00 00 00 00 00 00
  ....             02 00 00 00
022022-022036 StringBlock "dynamic_child"
022037-022039 DataBlock
  ..1              01 00 31
022040-022061 StringBlock "dynamic_child_parent"
022062-022076 StringBlock "button_search"
022077-022111 DataBlock
  ................ 00 00 00 00 00 00 00 00 00 00 00 00 00 00 00 00
  .........?...?.. 00 00 00 00 00 00 00 00 80 3f 00 00 80 3f 00 00
  .?.              00 3f 00
022112-022132 StringBlock "UI_FE_POPUP_Generic"
022133-022173 DataBlock
  ..........?...?. 00 00 00 00 00 00 00 00 00 80 3f 00 00 00 3f 00
  ..?............. 00 00 3f 00 00 00 00 00 00 00 00 00 00 00 00 80
  ?........        3f 00 00 00 00 00 00 00 00
