000000-000009 VersionBlock 104
000010-000013 RootIDBlock 439804704
000014-000019 StringBlock "root"
000020-000099 DataBlock
  ................ 00 00 00 00 00 00 00 00 00 00 00 00 01 01 00 00
  ................ 00 00 01 00 00 00 00 01 00 00 00 00 00 00 00 00
  ...........S.... 00 00 00 00 00 00 00 00 00 00 fe 53 1a 01 00 00
  ................ 00 b0 8f a2 0b 00 00 a0 05 00 00 84 03 00 00 00
  ..............S. 00 00 00 00 00 00 00 00 01 00 00 00 00 fe 53 1a
000100-000109 StringBlock "NewState"
000110-000148 DataBlock
  ................ a0 05 00 00 84 03 00 00 00 00 00 00 02 00 00 00
  ................ 00 00 00 00 00 00 00 00 01 00 00 00 01 00 00 00
  .......          00 00 00 00 00 00 00
000149-000164 StringBlock "georgia_italic"
000165-000180 DataBlock
  ................ 0a 00 00 00 02 00 00 00 01 00 00 00 dd da fa ff
000181-000203 StringBlock "Default Font Category"
000204-000223 DataBlock
  ................ 00 00 00 00 00 00 00 00 00 00 00 00 00 00 00 00
  ....             01 00 00 00
000224-000234 T0Block "normal_t0"
000235-000250 DataBlock
  ................ 00 00 00 00 00 00 00 00 00 00 00 00 00 00 00 00
000251-000261 T0Block "normal_t0"
000262-000414 DataBlock
  ................ 00 00 00 00 00 00 00 00 00 00 00 00 00 00 00 00
  ................ 01 00 00 00 b0 8f a2 0b 00 00 00 00 00 00 00 00
  ................ a0 05 00 00 84 03 00 00 f0 f0 f0 ff 00 00 00 00
  ................ 00 00 00 00 00 00 00 00 00 00 00 01 01 00 00 00
  ................ 00 00 00 00 00 00 00 00 00 00 00 00 00 00 00 00
  ....?........... 00 00 00 80 3f 00 00 00 00 00 00 00 00 00 00 00
  ................ 00 00 00 00 00 00 00 00 00 00 00 00 00 00 00 00
  ................ 00 00 00 00 00 00 00 00 00 00 00 00 00 00 00 00
  ................ 00 00 00 00 00 00 00 00 00 00 00 00 00 00 00 01
  .......6.        00 00 00 00 00 80 f3 36 1a
000415-000443 StringBlock "cycle_button_arrow_previous"
000444-000445 DataBlock
  ..               00 00
000446-000453 StringBlock "Button"
000454-000473 DataBlock
  ................ 00 00 00 00 ab 01 00 00 00 00 00 00 00 00 01 00
  ....             00 00 00 01
000474-000505 UnicodeBlock "Select Previous"
000506-000571 UnicodeBlock "button_cycle_left_Tooltip_5d0064"
000572-000596 DataBlock
  ...............S 04 00 00 00 00 00 00 00 00 00 00 00 00 a0 ba 53
  .....`1R.        1a 05 00 00 00 60 31 52 1a
000597-000646 ImagePathBlock "ui\\skins\\default\\button_cycle_arrow_inactive.png"
000647-000659 DataBlock
  (...(......x.    28 00 00 00 28 00 00 00 00 80 0b 78 05
000660-000707 ImagePathBlock "ui\\skins\\default\\button_cycle_arrow_active.png"
000708-000720 DataBlock
  (...(....`.M.    28 00 00 00 28 00 00 00 00 60 ad 4d 09
000721-000767 ImagePathBlock "ui\\skins\\default\\button_cycle_arrow_hover.png"
000768-000780 DataBlock
  1...-....p&..    31 00 00 00 2d 00 00 00 00 70 26 fb 09
000781-000829 ImagePathBlock "ui\\skins\\default\\button_cycle_arrow_pressed.png"
000830-000842 DataBlock
  1...-..... 1.    31 00 00 00 2d 00 00 00 00 10 20 31 0b
000843-000892 ImagePathBlock "ui\\skins\\default\\button_cycle_arrow_underlay.png"
000893-000917 DataBlock
  1...-........... 31 00 00 00 2d 00 00 00 00 00 00 00 00 00 00 00
  .......R.        00 05 00 00 00 e0 eb 52 19
000918-000924 StringBlock "hover"
000925-000963 DataBlock
  1...-........... 31 00 00 00 2d 00 00 00 00 00 00 00 02 00 00 00
  ................ 00 00 00 00 00 00 00 00 01 00 00 00 01 00 00 00
  .......          00 00 00 00 00 00 00
000964-000979 StringBlock "georgia_italic"
000980-000995 DataBlock
  ................ 0a 00 00 00 02 00 00 00 01 00 00 00 dd da fa ff
000996-001018 StringBlock "Default Font Category"
001019-001038 DataBlock
  ................ 00 00 00 00 00 00 00 00 00 00 00 00 00 00 00 00
  ....             01 00 00 00
001039-001049 T0Block "normal_t0"
001050-001065 DataBlock
  ................ 00 00 00 00 00 00 00 00 00 00 00 00 00 00 00 00
001066-001076 T0Block "normal_t0"
001077-001449 DataBlock
  ................ 00 00 00 00 00 00 00 00 00 00 00 00 00 00 00 00
  ..... 1......... 03 00 00 00 10 20 31 0b 00 00 00 00 00 00 00 00
  1...-........... 31 00 00 00 2d 00 00 00 ff ff ff ff 00 00 00 00
  ................ 00 00 00 00 00 00 00 00 00 00 00 01 01 00 00 00
  ................ 00 00 00 00 00 00 00 00 00 00 00 00 00 00 00 00
  ....?........... 00 00 00 80 3f 00 00 00 00 00 00 00 00 00 00 00
  ................ 00 00 00 00 00 00 00 00 00 00 00 00 00 00 00 00
  .........x...... 00 00 00 00 00 00 00 80 0b 78 05 00 00 00 00 00
  ...1...-........ 00 00 00 31 00 00 00 2d 00 00 00 ff ff ff 00 00
  ................ 00 00 00 00 00 00 00 00 00 00 00 00 00 00 01 01
  ................ 00 00 00 00 00 00 00 00 00 00 00 00 00 00 00 00
  .......?........ 00 00 00 00 00 00 80 3f 00 00 00 00 00 00 00 00
  ................ 00 00 00 00 00 00 00 00 00 00 00 00 00 00 00 00
  ..........`.M... 00 00 00 00 00 00 00 00 00 00 60 ad 4d 09 00 00
  ......1...-..... 00 00 00 00 00 00 31 00 00 00 2d 00 00 00 ff ff
  ................ ff ff 00 00 00 00 00 00 00 00 00 00 00 00 00 00
  ................ 00 01 01 00 00 00 00 00 00 00 00 00 00 00 00 00
  ..........?..... 00 00 00 00 00 00 00 00 00 80 3f 00 00 00 00 00
  ................ 00 00 00 00 00 00 00 00 00 00 00 00 00 00 00 00
  ................ 00 00 00 00 00 00 00 00 00 00 00 00 00 d5 00 00
  ...............S 00 11 00 00 00 02 00 00 00 01 00 00 00 a0 ba 53
  .....@.......... 1a c8 00 00 00 40 00 00 00 00 00 00 00 02 00 00
  . :q.....@...... 00 20 3a 71 19 0a 00 00 00 40 00 00 00 00 00 00
  . .6.            00 20 cd 36 1a
001450-001459 StringBlock "inactive"
001460-001498 DataBlock
  1...-........... 31 00 00 00 2d 00 00 00 00 00 00 00 02 00 00 00
  ................ 00 00 00 00 00 00 00 00 01 00 00 00 01 00 00 00
  .......          00 00 00 00 00 00 00
001499-001514 StringBlock "georgia_italic"
001515-001530 DataBlock
  ................ 0a 00 00 00 02 00 00 00 01 00 00 00 dd da fa ff
001531-001553 StringBlock "Default Font Category"
001554-001573 DataBlock
  ................ 00 00 00 00 00 00 00 00 00 00 00 00 00 00 00 00
  ....             01 01 00 00
001574-001584 T0Block "normal_t0"
001585-001600 DataBlock
  ................ 00 00 00 00 00 00 00 00 00 00 00 00 00 00 00 00
001601-001611 T0Block "normal_t0"
001612-001845 DataBlock
  ................ 00 00 00 00 00 00 00 00 00 00 00 00 00 00 00 00
  ..... 1......... 02 00 00 00 10 20 31 0b 00 00 00 00 00 00 00 00
  1...-........... 31 00 00 00 2d 00 00 00 ff ff ff ff 00 00 00 00
  ................ 00 00 00 00 00 00 00 00 00 00 00 01 01 00 00 00
  ................ 00 00 00 00 00 00 00 00 00 00 00 00 00 00 00 00
  ....?........... 00 00 00 80 3f 00 00 00 00 00 00 00 00 00 00 00
  ................ 00 00 00 00 00 00 00 00 00 00 00 00 00 00 00 00
  .......`1R...... 00 00 00 00 00 00 00 60 31 52 1a 00 00 00 00 00
  ...1...-........ 00 00 00 31 00 00 00 2d 00 00 00 ff ff ff ff 00
  ................ 00 00 00 00 00 00 00 00 00 00 00 00 00 00 01 01
  ................ 00 00 00 00 00 00 00 00 00 00 00 00 00 00 00 00
  .......?........ 00 00 00 00 00 00 80 3f 00 00 00 00 00 00 00 00
  ................ 00 00 00 00 00 00 00 00 00 00 00 00 00 00 00 00
  ................ 00 00 00 00 00 00 00 00 00 00 00 00 00 00 00 00
  ........S.       00 00 00 00 00 00 a0 ba 53 1a
001846-001853 StringBlock "active"
001854-001892 DataBlock
  1...-........... 31 00 00 00 2d 00 00 00 00 00 00 00 00 00 00 00
  ................ 02 00 00 00 00 00 00 00 01 00 00 00 01 00 00 00
  .......          00 00 00 00 00 00 00
001893-001908 StringBlock "georgia_italic"
001909-001924 DataBlock
  ................ 0a 00 00 00 02 00 00 00 01 00 00 00 dd da fa ff
001925-001947 StringBlock "Default Font Category"
001948-001967 DataBlock
  ................ 00 00 00 00 00 00 00 00 00 00 00 00 00 00 00 00
  ....             01 00 00 00
001968-001978 T0Block "normal_t0"
001979-001994 DataBlock
  ................ 00 00 00 00 00 00 00 00 00 00 00 00 00 00 00 00
001995-002005 T0Block "normal_t0"
002006-002398 DataBlock
  ................ 00 00 00 00 00 00 00 00 00 00 00 00 00 00 00 00
  ..... 1......... 03 00 00 00 10 20 31 0b 00 00 00 00 00 00 00 00
  1...-........... 31 00 00 00 2d 00 00 00 ff ff ff ff 00 00 00 00
  ................ 00 00 00 00 00 00 00 00 00 00 00 01 01 00 00 00
  ................ 00 00 00 00 00 00 00 00 00 00 00 00 00 00 00 00
  ....?........... 00 00 00 80 3f 00 00 00 00 00 00 00 00 00 00 00
  ................ 00 00 00 00 00 00 00 00 00 00 00 00 00 00 00 00
  .........x...... 00 00 00 00 00 00 00 80 0b 78 05 00 00 00 00 00
  ...1...-........ 00 00 00 31 00 00 00 2d 00 00 00 ff ff ff ff 00
  ................ 00 00 00 00 00 00 00 00 00 00 00 00 00 00 01 01
  ................ 00 00 00 00 00 00 00 00 00 00 00 00 00 00 00 00
  .......?........ 00 00 00 00 00 00 80 3f 00 00 00 00 00 00 00 00
  ................ 00 00 00 00 00 00 00 00 00 00 00 00 00 00 00 00
  ..........`.M... 00 00 00 00 00 00 00 00 00 00 60 ad 4d 09 00 00
  ......1...-..... 00 00 00 00 00 00 31 00 00 00 2d 00 00 00 ff ff
  ................ ff 00 00 00 00 00 00 00 00 00 00 00 00 00 00 00
  ................ 00 01 01 00 00 00 00 00 00 00 00 00 00 00 00 00
  ..........?..... 00 00 00 00 00 00 00 00 00 80 3f 00 00 00 00 00
  ................ 00 00 00 00 00 00 00 00 00 00 00 00 00 00 00 00
  .............5.. 00 00 00 00 00 00 00 00 00 00 00 00 00 35 00 00
  ...............R 00 95 00 00 00 03 00 00 00 00 00 00 00 e0 eb 52
  .....@.......... 19 c8 00 00 00 40 00 00 00 00 00 00 00 01 00 00
  .`.z............ 00 60 d6 7a 19 00 00 00 00 00 00 00 00 00 00 00
  ..... :q........ 00 02 00 00 00 20 3a 71 19 00 00 00 00 00 00 00
  ..... :q.        00 00 00 00 00 20 3a 71 19
002399-002404 StringBlock "down"
002405-002443 DataBlock
  1...-........... 31 00 00 00 2d 00 00 00 00 00 00 00 00 00 00 00
  ................ 02 00 00 00 00 00 00 00 01 00 00 00 01 00 00 00
  .......          00 00 00 00 00 00 00
002444-002459 StringBlock "georgia_italic"
002460-002475 DataBlock
  ................ 0a 00 00 00 02 00 00 00 01 00 00 00 dd da fa ff
002476-002498 StringBlock "Default Font Category"
002499-002518 DataBlock
  ................ 00 00 00 00 00 00 00 00 00 00 00 00 00 00 00 00
  ....             01 00 00 00
002519-002529 T0Block "normal_t0"
002530-002545 DataBlock
  ................ 00 00 00 00 00 00 00 00 00 00 00 00 00 00 00 00
002546-002556 T0Block "normal_t0"
002557-002830 DataBlock
  ................ 00 00 00 00 00 00 00 00 00 00 00 00 00 00 00 00
  ..... 1......... 02 00 00 00 10 20 31 0b 00 00 00 00 00 00 00 00
  1...-........... 31 00 00 00 2d 00 00 00 ff ff ff ff 00 00 00 00
  ................ 00 00 00 00 00 00 00 00 00 00 00 01 01 00 00 00
  ................ 00 00 00 00 00 00 00 00 00 00 00 00 00 00 00 00
  ....?........... 00 00 00 80 3f 00 00 00 00 00 00 00 00 00 00 00
  ................ 00 00 00 00 00 00 00 00 00 00 00 00 00 00 00 00
  .......p&....... 00 00 00 00 00 00 00 70 26 fb 09 00 00 00 00 00
  ...1...-........ 00 00 00 31 00 00 00 2d 00 00 00 ff ff ff ff 00
  ................ 00 00 00 00 00 00 00 00 00 00 00 00 00 00 01 01
  ................ 00 00 00 00 00 00 00 00 00 00 00 00 00 00 00 00
  .......?........ 00 00 00 00 00 00 80 3f 00 00 00 00 00 00 00 00
  ................ 00 00 00 00 00 00 00 00 00 00 00 00 00 00 00 00
  ..........h..... 00 00 00 00 00 00 00 00 00 00 68 01 00 00 93 00
  ............R... 00 00 02 00 00 00 03 00 00 00 e0 eb 52 19 00 00
  ..............`. 00 00 00 00 00 00 00 00 00 00 01 00 00 00 60 d6
  z.............`. 7a 19 00 00 00 00 00 00 00 00 00 00 00 00 60 d6
  z.               7a 19
002831-002840 StringBlock "down_off"
002841-002879 DataBlock
  1...-........... 31 00 00 00 2d 00 00 00 00 00 00 00 02 00 00 00
  ................ 00 00 00 00 00 00 00 00 01 00 00 00 01 00 00 00
  .......          00 00 00 00 00 00 00
002880-002895 StringBlock "georgia_italic"
002896-002911 DataBlock
  ................ 0a 00 00 00 02 00 00 00 01 00 00 00 dd da fa ff
002912-002934 StringBlock "Default Font Category"
002935-002954 DataBlock
  ................ 00 00 00 00 00 00 00 00 00 00 00 00 00 00 00 00
  ....             01 00 00 00
002955-002965 T0Block "normal_t0"
002966-002981 DataBlock
  ................ 00 00 00 00 00 00 00 00 00 00 00 00 00 00 00 00
002982-002992 T0Block "normal_t0"
002993-003378 DataBlock
  ................ 00 00 00 00 00 00 00 00 00 00 00 00 00 00 00 00
  ..... 1......... 03 00 00 00 10 20 31 0b 00 00 00 00 00 00 00 00
  1...-........... 31 00 00 00 2d 00 00 00 ff ff ff ff 00 00 00 00
  ................ 00 00 00 00 00 00 00 00 00 00 00 01 01 00 00 00
  ................ 00 00 00 00 00 00 00 00 00 00 00 00 00 00 00 00
  ....?........... 00 00 00 80 3f 00 00 00 00 00 00 00 00 00 00 00
  ................ 00 00 00 00 00 00 00 00 00 00 00 00 00 00 00 00
  .......p&....... 00 00 00 00 00 00 00 70 26 fb 09 00 00 00 00 00
  ...1...-........ 00 00 00 31 00 00 00 2d 00 00 00 ff ff ff 00 00
  ................ 00 00 00 00 00 00 00 00 00 00 00 00 00 00 01 01
  ................ 00 00 00 00 00 00 00 00 00 00 00 00 00 00 00 00
  .......?........ 00 00 00 00 00 00 80 3f 00 00 00 00 00 00 00 00
  ................ 00 00 00 00 00 00 00 00 00 00 00 00 00 00 00 00
  ............x... 00 00 00 00 00 00 00 00 00 00 80 0b 78 05 00 00
  ......1...-..... 00 00 01 00 00 00 31 00 00 00 2d 00 00 00 ff ff
  ................ ff ff 00 00 00 00 00 00 00 00 00 00 00 00 00 00
  ................ 00 01 01 00 00 00 00 00 00 00 00 00 00 00 00 00
  ..........?..... 00 00 00 00 00 00 00 00 00 80 3f 00 00 00 00 00
  ................ 00 00 00 00 00 00 00 00 00 00 00 00 00 00 00 00
  ................ 00 00 00 00 00 00 00 00 00 00 00 00 00 de 00 00
  ............. :q 00 0b 01 00 00 02 00 00 00 00 00 00 00 20 3a 71
  ................ 19 00 00 00 00 00 00 00 00 00 00 00 00 08 00 00
  ...S............ 00 a0 ba 53 1a 00 00 00 00 00 00 00 00 00 00 00
  .....2.......... 00 00 00 00 00 32 00 00 00 00 00 00 00 00 00 00
  ..               00 00
003379-003405 StringBlock "UI_GBL_TMP_Arrow_Previous"
003406-003422 DataBlock
  ................ 00 00 00 00 00 00 00 00 00 00 00 00 00 00 00 00
  .                00
