000000-000009 VersionBlock 32
000010-000013 RootIDBlock 181442080
000014-000019 StringBlock "root"
000020-000088 DataBlock
  ................ 00 00 00 00 00 00 00 00 01 01 00 01 00 00 00 00
  ................ 00 ff ff ff ff 00 00 00 00 00 00 00 00 00 00 01
  ...8............ 00 00 00 38 de a9 0a 00 00 00 05 00 00 c0 03 00
  .fff............ 00 66 66 66 ff 00 00 00 00 00 00 00 00 01 00 00
  ..+..            00 10 2b aa 0a
000089-000098 NewStateBlock "NewState"
000099-000102 XSizeBlock 1280
000103-000106 YSizeBlock 960
000107-000135 DataBlock
  ................ 00 00 00 00 02 00 00 00 00 00 00 00 00 00 00 00
  .............    01 00 00 00 01 00 00 00 00 00 00 00 00
000136-000154 FontNameBlock "Ingame 12, Normal"
000155-000181 DataBlock
  ................ 02 00 00 00 01 00 00 00 ff 00 00 00 00 00 00 00
  ...........      00 00 00 00 00 00 00 00 01 00 00
000182-000192 T0Block "normal_t0"
000193-000277 DataBlock
  ................ 00 00 00 00 00 00 00 00 00 00 00 00 00 00 00 00
  ........8....... 00 00 00 00 01 00 00 00 38 de a9 0a 00 00 00 00
  ............fff. 00 00 00 00 00 05 00 00 c0 03 00 00 66 66 66 ff
  ................ 00 00 00 00 00 00 00 01 01 00 00 00 00 00 00 00
  ................ 00 00 00 00 00 00 00 00 00 00 00 00 00 00 00 00
  .....            00 00 00 00 00
000278-000289 EventListBlock []
000290-000301 DataBlock
  ............     00 00 00 00 01 00 00 00 08 9b 95 04
000302-000324 StringBlock "faction_selection_big"
000325-000375 DataBlock
  ................ 19 00 00 00 a7 00 00 00 01 01 00 01 00 00 00 00
  ................ 00 ff ff ff ff 00 00 00 00 00 00 00 00 00 00 00
  ...............X 00 00 00 00 00 00 00 00 00 00 00 01 00 00 00 58
  ...              84 bf 0a
000376-000385 NewStateBlock "NewState"
000386-000389 XSizeBlock 1230
000390-000393 YSizeBlock 70
000394-000422 DataBlock
  ................ 00 00 00 00 02 00 00 00 00 00 00 00 00 00 00 00
  .............    01 00 00 00 01 00 00 00 00 00 00 00 00
000423-000441 FontNameBlock "Ingame 12, Normal"
000442-000468 DataBlock
  ................ 02 00 00 00 01 00 00 00 ff 00 00 00 00 00 00 00
  ...........      00 00 00 00 00 00 00 00 01 00 00
000469-000479 T0Block "normal_t0"
000480-000519 DataBlock
  ................ 00 00 00 00 00 00 00 00 00 00 00 00 00 00 00 00
  ................ 00 00 00 00 00 00 00 00 00 00 00 00 00 00 00 00
  ........         00 00 00 00 00 00 00 00
000520-000531 EventListBlock []
000532-000543 DataBlock
  ........p...     00 00 00 00 0b 00 00 00 70 ac ac 0a
000544-000551 StringBlock "flag_1"
000552-000566 DataBlock
  ...............  d3 00 00 00 09 00 00 00 01 01 00 01 00 00 00
000567-000583 StringBlock "button_standard"
000584-000595 DataBlock
  ............     00 00 00 00 00 00 00 00 00 00 00 00
000596-000755 StringBlock "-- The faction global is set via the script\r\n\r\nfunction OnSelect()\r\n\tUIComponent(UIComponent(Address):Parent()):LuaCall(\"NotifyFactionSelected\", Faction)\r\nend"
000756-000891 ImageListBlock 2 elements:
  000760-000825 ImageBlock id=178863584 xsize=200 ysize=100 path="data\\UI\\FrontEnd UI\\Skins\\flag_animation0000.tga" unknown=4294967295
  000826-000891 ImageBlock id=77044952 xsize=200 ysize=100 path="data\\UI\\FrontEnd UI\\Skins\\flag_animation0001.tga" unknown=4294967295
000892-000952 DataBlock
  ............(".. 00 00 00 00 00 00 00 00 05 00 00 00 28 22 a7 0a
  ..normalm...5... 06 00 6e 6f 72 6d 61 6c 6d 00 00 00 35 00 00 00
  ................ 00 00 00 00 00 00 00 00 02 00 00 00 00 00 00 00
  .............    01 00 00 00 01 00 00 00 00 00 00 00 00
000953-000971 FontNameBlock "Ingame 12, Normal"
000972-000998 DataBlock
  ................ 02 00 00 00 01 00 00 00 ff 00 00 00 00 00 00 00
  ...........      00 00 00 00 00 00 00 00 01 00 00
000999-001009 T0Block "normal_t0"
001010-001110 DataBlock
  ................ 00 00 00 00 00 00 00 00 00 00 00 00 00 00 00 00
  .........=...... 00 00 00 00 01 00 00 00 e0 3d a9 0a 00 00 00 00
  ....m...5....... 00 00 00 00 6d 00 00 00 35 00 00 00 ff ff ff ff
  ................ 00 00 00 00 00 00 00 01 01 00 00 00 00 00 00 00
  .....5.......... 00 00 00 00 00 35 00 00 00 95 00 00 00 02 00 00
  .............03. 00 00 00 00 00 b0 a0 ac 0a 02 00 00 00 30 33 cd
  .03..            0a 30 33 cd 0a
001111-001116 StringBlock "down"
001117-001153 DataBlock
  m...5........... 6d 00 00 00 35 00 00 00 00 00 00 00 00 00 00 00
  ................ 02 00 00 00 00 00 00 00 01 00 00 00 01 00 00 00
  .....            00 00 00 00 00
001154-001172 FontNameBlock "Ingame 12, Normal"
001173-001199 DataBlock
  ................ 02 00 00 00 01 00 00 00 ff 00 00 00 00 00 00 00
  ...........      00 00 00 00 00 00 00 00 01 00 00
001200-001212 T0Block "brighten_t0"
001213-001313 DataBlock
  ..L>...........? cd cc 4c 3e 00 00 00 00 00 00 00 00 00 00 80 3f
  ................ 00 00 00 00 01 00 00 00 d8 9c 97 04 fb ff ff ff
  ....v...9....... fe ff ff ff 76 00 00 00 39 00 00 00 ff ff ff ff
  ................ 00 00 00 00 00 00 00 01 01 00 00 00 00 00 00 00
  .....h.......... 00 00 00 00 00 68 01 00 00 93 00 00 00 02 00 00
  .....p.......... 00 01 00 00 00 70 c2 a7 0a 03 00 00 00 b0 a0 ac
  .....            0a b0 a0 ac 0a
001314-001319 StringBlock "roll"
001320-001356 DataBlock
  m...5........... 6d 00 00 00 35 00 00 00 00 00 00 00 02 00 00 00
  ................ 00 00 00 00 00 00 00 00 01 00 00 00 01 00 00 00
  .....            00 00 00 00 00
001357-001375 FontNameBlock "Ingame 12, Normal"
001376-001402 DataBlock
  ................ 02 00 00 00 01 00 00 00 ff 00 00 00 00 00 00 00
  ...........      00 00 00 00 00 00 00 00 01 00 00
001403-001415 T0Block "brighten_t0"
001416-001516 DataBlock
  ..L>...........? cd cc 4c 3e 00 00 00 00 00 00 00 00 00 00 80 3f
  .........=...... 00 00 00 00 01 00 00 00 e0 3d a9 0a 00 00 00 00
  ....m...5....... 00 00 00 00 6d 00 00 00 35 00 00 00 ff ff ff ff
  ................ 00 00 00 00 00 00 00 01 01 00 00 00 00 00 00 00
  ................ 00 00 00 00 00 d5 00 00 00 11 00 00 00 02 00 00
  .....("......03. 00 01 00 00 00 28 22 a7 0a 02 00 00 00 30 33 cd
  .0...            0a 30 e9 c6 0a
001517-001526 StringBlock "inactive"
001527-001563 DataBlock
  m...5........... 6d 00 00 00 35 00 00 00 00 00 00 00 02 00 00 00
  ................ 00 00 00 00 00 00 00 00 01 00 00 00 01 00 00 00
  .....            00 00 00 00 00
001564-001582 FontNameBlock "Ingame 12, Normal"
001583-001609 DataBlock
  ................ 02 00 00 00 01 00 00 00 ff 00 00 00 00 00 00 00
  ...........      00 00 00 00 00 00 00 00 01 01 00
001610-001620 T0Block "normal_t0"
001621-001705 DataBlock
  ................ 00 00 00 00 00 00 00 00 00 00 00 00 00 00 00 00
  .........=...... 00 00 00 00 01 00 00 00 e0 3d a9 0a 00 00 00 00
  ....m...5....... 00 00 00 00 6d 00 00 00 35 00 00 00 ff ff ff 80
  ................ 00 00 00 00 00 00 00 01 01 00 00 00 00 00 00 00
  ................ 00 00 00 00 00 00 00 00 00 00 00 00 00 00 00 00
  .p...            00 70 c2 a7 0a
001706-001716 StringBlock "mouse_off"
001717-001753 DataBlock
  m...5........... 6d 00 00 00 35 00 00 00 00 00 00 00 02 00 00 00
  ................ 00 00 00 00 00 00 00 00 01 00 00 00 01 00 00 00
  .....            00 00 00 00 00
001754-001772 FontNameBlock "Ingame 12, Normal"
001773-001799 DataBlock
  ................ 02 00 00 00 01 00 00 00 ff 00 00 00 00 00 00 00
  ...........      00 00 00 00 00 00 00 00 01 00 00
001800-001810 T0Block "normal_t0"
001811-001911 DataBlock
  ................ 00 00 00 00 00 00 00 00 00 00 00 00 00 00 00 00
  .........=...... 00 00 00 00 01 00 00 00 e0 3d a9 0a 00 00 00 00
  ....m...5....... 00 00 00 00 6d 00 00 00 35 00 00 00 ff ff ff ff
  ................ 00 00 00 00 00 00 00 01 01 00 00 00 00 00 00 00
  ................ 00 00 00 00 00 de 00 00 00 0b 01 00 00 02 00 00
  .....03......(". 00 00 00 00 00 30 33 cd 0a 0b 00 00 00 28 22 a7
  .....            0a 00 00 00 00
001912-001950 EventListBlock ["OnMouseLClickUp", "OnSelect"]
001951-001958 DataBlock
  ........         00 00 00 00 00 00 00 00
001959-001988 StringBlock "template.button_standard.lua"
001989-001992 DataBlock
  h...             68 97 c1 0a
001993-002000 StringBlock "flag_2"
002001-002015 DataBlock
  ...............  eb 00 00 00 06 00 00 00 01 01 00 01 00 00 00
002016-002024 StringBlock "flag_l4"
002025-002036 DataBlock
  ............     ff ff ff ff 00 00 00 00 00 00 00 00
002037-002198 StringBlock "-- The faction global is set via the script\r\n\r\nfunction OnSelect()\r\n\tUIComponent(UIComponent(Address):Parent()):LuaCall(\"NotifyFactionSelected\", Faction)\r\nend\r\n"
002199-002334 ImageListBlock 2 elements:
  002203-002268 ImageBlock id=181250240 xsize=200 ysize=100 path="data\\UI\\FrontEnd UI\\Skins\\flag_animation0000.tga" unknown=4294967295
  002269-002334 ImageBlock id=99997448 xsize=200 ysize=100 path="data\\UI\\FrontEnd UI\\Skins\\flag_animation0001.tga" unknown=4294967295
002335-002395 DataBlock
  ................ 00 00 00 00 00 00 00 00 05 00 00 00 f0 c9 bf 0a
  ..normalt...9... 06 00 6e 6f 72 6d 61 6c 74 00 00 00 39 00 00 00
  ................ 00 00 00 00 00 00 00 00 02 00 00 00 00 00 00 00
  .............    01 00 00 00 01 00 00 00 00 00 00 00 00
002396-002414 FontNameBlock "Ingame 12, Normal"
002415-002441 DataBlock
  ................ 02 00 00 00 01 00 00 00 ff 00 00 00 00 00 00 00
  ...........      00 00 00 00 00 00 00 00 01 00 00
002442-002452 T0Block "normal_t0"
002453-002553 DataBlock
  ................ 00 00 00 00 00 00 00 00 00 00 00 00 00 00 00 00
  ................ 00 00 00 00 01 00 00 00 c0 a8 cd 0a 00 00 00 00
  ....t...9....... 00 00 00 00 74 00 00 00 39 00 00 00 ff ff ff ff
  ................ 00 00 00 00 00 00 00 01 01 00 00 00 00 00 00 00
  .....5.......... 00 00 00 00 00 35 00 00 00 95 00 00 00 02 00 00
  .....0....... .. 00 00 00 00 00 30 ce c3 0a 02 00 00 00 20 d2 9b
  . ...            0a 20 d2 9b 0a
002554-002559 StringBlock "down"
002560-002596 DataBlock
  t...9........... 74 00 00 00 39 00 00 00 00 00 00 00 00 00 00 00
  ................ 02 00 00 00 00 00 00 00 01 00 00 00 01 00 00 00
  .....            00 00 00 00 00
002597-002615 FontNameBlock "Ingame 12, Normal"
002616-002642 DataBlock
  ................ 02 00 00 00 01 00 00 00 ff 00 00 00 00 00 00 00
  ...........      00 00 00 00 00 00 00 00 01 00 00
002643-002655 T0Block "brighten_t0"
002656-002756 DataBlock
  ..L>...........? cd cc 4c 3e 00 00 00 00 00 00 00 00 00 00 80 3f
  ................ 00 00 00 00 01 00 00 00 08 d7 f5 05 fa ff ff ff
  ....~...>....... fe ff ff ff 7e 00 00 00 3e 00 00 00 ff ff ff ff
  ................ 00 00 00 00 00 00 00 01 01 00 00 00 00 00 00 00
  .....h.......... 00 00 00 00 00 68 01 00 00 93 00 00 00 02 00 00
  .............0.. 00 01 00 00 00 b0 95 d5 0a 03 00 00 00 30 ce c3
  .0...            0a 30 ce c3 0a
002757-002762 StringBlock "roll"
002763-002799 DataBlock
  t...9........... 74 00 00 00 39 00 00 00 00 00 00 00 02 00 00 00
  ................ 00 00 00 00 00 00 00 00 01 00 00 00 01 00 00 00
  .....            00 00 00 00 00
002800-002818 FontNameBlock "Ingame 12, Normal"
002819-002845 DataBlock
  ................ 02 00 00 00 01 00 00 00 ff 00 00 00 00 00 00 00
  ...........      00 00 00 00 00 00 00 00 01 00 00
002846-002858 T0Block "brighten_t0"
002859-002959 DataBlock
  ..L>...........? cd cc 4c 3e 00 00 00 00 00 00 00 00 00 00 80 3f
  ................ 00 00 00 00 01 00 00 00 c0 a8 cd 0a 00 00 00 00
  ....t...9....... 00 00 00 00 74 00 00 00 39 00 00 00 ff ff ff ff
  ................ 00 00 00 00 00 00 00 01 01 00 00 00 00 00 00 00
  ................ 00 00 00 00 00 d5 00 00 00 11 00 00 00 02 00 00
  ............. .. 00 01 00 00 00 f0 c9 bf 0a 02 00 00 00 20 d2 9b
  .P...            0a 50 e3 cd 0a
002960-002969 StringBlock "inactive"
002970-003006 DataBlock
  t...9........... 74 00 00 00 39 00 00 00 00 00 00 00 02 00 00 00
  ................ 00 00 00 00 00 00 00 00 01 00 00 00 01 00 00 00
  .....            00 00 00 00 00
003007-003025 FontNameBlock "Ingame 12, Normal"
003026-003052 DataBlock
  ................ 02 00 00 00 01 00 00 00 ff 00 00 00 00 00 00 00
  ...........      00 00 00 00 00 00 00 00 01 01 00
003053-003063 T0Block "normal_t0"
003064-003148 DataBlock
  ................ 00 00 00 00 00 00 00 00 00 00 00 00 00 00 00 00
  ................ 00 00 00 00 01 00 00 00 c0 a8 cd 0a 00 00 00 00
  ....t...9....... 00 00 00 00 74 00 00 00 39 00 00 00 ff ff ff 80
  ................ 00 00 00 00 00 00 00 01 01 00 00 00 00 00 00 00
  ................ 00 00 00 00 00 00 00 00 00 00 00 00 00 00 00 00
  .....            00 b0 95 d5 0a
003149-003159 StringBlock "mouse_off"
003160-003196 DataBlock
  t...9........... 74 00 00 00 39 00 00 00 00 00 00 00 02 00 00 00
  ................ 00 00 00 00 00 00 00 00 01 00 00 00 01 00 00 00
  .....            00 00 00 00 00
003197-003215 FontNameBlock "Ingame 12, Normal"
003216-003242 DataBlock
  ................ 02 00 00 00 01 00 00 00 ff 00 00 00 00 00 00 00
  ...........      00 00 00 00 00 00 00 00 01 00 00
003243-003253 T0Block "normal_t0"
003254-003354 DataBlock
  ................ 00 00 00 00 00 00 00 00 00 00 00 00 00 00 00 00
  ................ 00 00 00 00 01 00 00 00 c0 a8 cd 0a 00 00 00 00
  ....t...9....... 00 00 00 00 74 00 00 00 39 00 00 00 ff ff ff ff
  ................ 00 00 00 00 00 00 00 01 01 00 00 00 00 00 00 00
  ................ 00 00 00 00 00 de 00 00 00 0b 01 00 00 02 00 00
  ..... .......... 00 00 00 00 00 20 d2 9b 0a 0b 00 00 00 f0 c9 bf
  .....            0a 00 00 00 00
003355-003393 EventListBlock ["OnMouseLClickUp", "OnSelect"]
003394-003401 DataBlock
  ........         00 00 00 00 00 00 00 00
003402-003431 StringBlock "template.button_standard.lua"
003432-003435 DataBlock
  0...             30 cc ae 0a
003436-003443 StringBlock "flag_3"
003444-003458 DataBlock
  "..............  22 01 00 00 04 00 00 00 01 01 00 01 00 00 00
003459-003467 StringBlock "flag_l4"
003468-003479 DataBlock
  ............     ff ff ff ff 00 00 00 00 00 00 00 00
003480-003641 StringBlock "-- The faction global is set via the script\r\n\r\nfunction OnSelect()\r\n\tUIComponent(UIComponent(Address):Parent()):LuaCall(\"NotifyFactionSelected\", Faction)\r\nend\r\n"
003642-003777 ImageListBlock 2 elements:
  003646-003711 ImageBlock id=178724768 xsize=200 ysize=100 path="data\\UI\\FrontEnd UI\\Skins\\flag_animation0000.tga" unknown=4294967295
  003712-003777 ImageBlock id=99860648 xsize=200 ysize=100 path="data\\UI\\FrontEnd UI\\Skins\\flag_animation0001.tga" unknown=4294967295
003778-003838 DataBlock
  ............`9.. 00 00 00 00 00 00 00 00 05 00 00 00 60 39 a7 0a
  ..normal}...=... 06 00 6e 6f 72 6d 61 6c 7d 00 00 00 3d 00 00 00
  ................ 00 00 00 00 00 00 00 00 02 00 00 00 00 00 00 00
  .............    01 00 00 00 01 00 00 00 00 00 00 00 00
003839-003857 FontNameBlock "Ingame 12, Normal"
003858-003884 DataBlock
  ................ 02 00 00 00 01 00 00 00 ff 00 00 00 00 00 00 00
  ...........      00 00 00 00 00 00 00 00 01 00 00
003885-003895 T0Block "normal_t0"
003896-003996 DataBlock
  ................ 00 00 00 00 00 00 00 00 00 00 00 00 00 00 00 00
  ................ 00 00 00 00 01 00 00 00 a0 1f a7 0a 00 00 00 00
  ....}...=....... 00 00 00 00 7d 00 00 00 3d 00 00 00 ff ff ff ff
  ................ 00 00 00 00 00 00 00 01 01 00 00 00 00 00 00 00
  .....5.......... 00 00 00 00 00 35 00 00 00 95 00 00 00 02 00 00
  .....@.......P.. 00 00 00 00 00 40 fd ac 0a 02 00 00 00 50 d6 af
  .P...            0a 50 d6 af 0a
003997-004002 StringBlock "down"
004003-004039 DataBlock
  }...=........... 7d 00 00 00 3d 00 00 00 00 00 00 00 00 00 00 00
  ................ 02 00 00 00 00 00 00 00 01 00 00 00 01 00 00 00
  .....            00 00 00 00 00
004040-004058 FontNameBlock "Ingame 12, Normal"
004059-004085 DataBlock
  ................ 02 00 00 00 01 00 00 00 ff 00 00 00 00 00 00 00
  ...........      00 00 00 00 00 00 00 00 01 00 00
004086-004098 T0Block "brighten_t0"
004099-004199 DataBlock
  ..L>...........? cd cc 4c 3e 00 00 00 00 00 00 00 00 00 00 80 3f
  ................ 00 00 00 00 01 00 00 00 a8 c0 f3 05 fb ff ff ff
  ........B....... fe ff ff ff 88 00 00 00 42 00 00 00 ff ff ff ff
  ................ 00 00 00 00 00 00 00 01 01 00 00 00 00 00 00 00
  .....h.......... 00 00 00 00 00 68 01 00 00 93 00 00 00 02 00 00
  ......Y......@.. 00 01 00 00 00 c8 59 c1 0a 03 00 00 00 40 fd ac
  .@...            0a 40 fd ac 0a
004200-004205 StringBlock "roll"
004206-004242 DataBlock
  }...=........... 7d 00 00 00 3d 00 00 00 00 00 00 00 02 00 00 00
  ................ 00 00 00 00 00 00 00 00 01 00 00 00 01 00 00 00
  .....            00 00 00 00 00
004243-004261 FontNameBlock "Ingame 12, Normal"
004262-004288 DataBlock
  ................ 02 00 00 00 01 00 00 00 ff 00 00 00 00 00 00 00
  ...........      00 00 00 00 00 00 00 00 01 00 00
004289-004301 T0Block "brighten_t0"
004302-004402 DataBlock
  ..L>...........? cd cc 4c 3e 00 00 00 00 00 00 00 00 00 00 80 3f
  ................ 00 00 00 00 01 00 00 00 a0 1f a7 0a 00 00 00 00
  ....}...=....... 00 00 00 00 7d 00 00 00 3d 00 00 00 ff ff ff ff
  ................ 00 00 00 00 00 00 00 01 01 00 00 00 00 00 00 00
  ................ 00 00 00 00 00 d5 00 00 00 11 00 00 00 02 00 00
  .....`9......P.. 00 01 00 00 00 60 39 a7 0a 02 00 00 00 50 d6 af
  ..i..            0a b0 69 aa 0a
004403-004412 StringBlock "inactive"
004413-004449 DataBlock
  }...=........... 7d 00 00 00 3d 00 00 00 00 00 00 00 02 00 00 00
  ................ 00 00 00 00 00 00 00 00 01 00 00 00 01 00 00 00
  .....            00 00 00 00 00
004450-004468 FontNameBlock "Ingame 12, Normal"
004469-004495 DataBlock
  ................ 02 00 00 00 01 00 00 00 ff 00 00 00 00 00 00 00
  ...........      00 00 00 00 00 00 00 00 01 01 00
004496-004506 T0Block "normal_t0"
004507-004591 DataBlock
  ................ 00 00 00 00 00 00 00 00 00 00 00 00 00 00 00 00
  ................ 00 00 00 00 01 00 00 00 a0 1f a7 0a 00 00 00 00
  ....}...=....... 00 00 00 00 7d 00 00 00 3d 00 00 00 ff ff ff 80
  ................ 00 00 00 00 00 00 00 01 01 00 00 00 00 00 00 00
  ................ 00 00 00 00 00 00 00 00 00 00 00 00 00 00 00 00
  ..Y..            00 c8 59 c1 0a
004592-004602 StringBlock "mouse_off"
004603-004639 DataBlock
  }...=........... 7d 00 00 00 3d 00 00 00 00 00 00 00 02 00 00 00
  ................ 00 00 00 00 00 00 00 00 01 00 00 00 01 00 00 00
  .....            00 00 00 00 00
004640-004658 FontNameBlock "Ingame 12, Normal"
004659-004685 DataBlock
  ................ 02 00 00 00 01 00 00 00 ff 00 00 00 00 00 00 00
  ...........      00 00 00 00 00 00 00 00 01 00 00
004686-004696 T0Block "normal_t0"
004697-004797 DataBlock
  ................ 00 00 00 00 00 00 00 00 00 00 00 00 00 00 00 00
  ................ 00 00 00 00 01 00 00 00 a0 1f a7 0a 00 00 00 00
  ....}...=....... 00 00 00 00 7d 00 00 00 3d 00 00 00 ff ff ff ff
  ................ 00 00 00 00 00 00 00 01 01 00 00 00 00 00 00 00
  ................ 00 00 00 00 00 de 00 00 00 0b 01 00 00 02 00 00
  .....P.......`9. 00 00 00 00 00 50 d6 af 0a 0b 00 00 00 60 39 a7
  .....            0a 00 00 00 00
004798-004836 EventListBlock ["OnMouseLClickUp", "OnSelect"]
004837-004844 DataBlock
  ........         00 00 00 00 00 00 00 00
004845-004874 StringBlock "template.button_standard.lua"
004875-004878 DataBlock
  x...             78 fa d5 0a
004879-004886 StringBlock "flag_4"
004887-004901 DataBlock
  s..............  73 01 00 00 01 00 00 00 01 01 00 01 00 00 00
004902-004910 StringBlock "flag_l4"
004911-004922 DataBlock
  ............     ff ff ff ff 00 00 00 00 00 00 00 00
004923-005084 StringBlock "-- The faction global is set via the script\r\n\r\nfunction OnSelect()\r\n\tUIComponent(UIComponent(Address):Parent()):LuaCall(\"NotifyFactionSelected\", Faction)\r\nend\r\n"
005085-005220 ImageListBlock 2 elements:
  005089-005154 ImageBlock id=179236544 xsize=200 ysize=100 path="data\\UI\\FrontEnd UI\\Skins\\flag_animation0000.tga" unknown=4294967295
  005155-005220 ImageBlock id=181776528 xsize=200 ysize=100 path="data\\UI\\FrontEnd UI\\Skins\\flag_animation0001.tga" unknown=4294967295
005221-005281 DataBlock
  ............X... 00 00 00 00 00 00 00 00 05 00 00 00 58 d1 a4 0a
  ..normal....C... 06 00 6e 6f 72 6d 61 6c 89 00 00 00 43 00 00 00
  ................ 00 00 00 00 00 00 00 00 02 00 00 00 00 00 00 00
  .............    01 00 00 00 01 00 00 00 00 00 00 00 00
005282-005300 FontNameBlock "Ingame 12, Normal"
005301-005327 DataBlock
  ................ 02 00 00 00 01 00 00 00 ff 00 00 00 00 00 00 00
  ...........      00 00 00 00 00 00 00 00 01 00 00
005328-005338 T0Block "normal_t0"
005339-005439 DataBlock
  ................ 00 00 00 00 00 00 00 00 00 00 00 00 00 00 00 00
  ................ 00 00 00 00 01 00 00 00 c0 ee ae 0a 00 00 00 00
  ........C....... 00 00 00 00 89 00 00 00 43 00 00 00 ff ff ff ff
  ................ 00 00 00 00 00 00 00 01 01 00 00 00 00 00 00 00
  .....5.......... 00 00 00 00 00 35 00 00 00 95 00 00 00 02 00 00
  ................ 00 00 00 00 00 c8 11 a7 0a 02 00 00 00 d8 ee a7
  .....            0a d8 ee a7 0a
005440-005445 StringBlock "down"
005446-005482 DataBlock
  ....C........... 89 00 00 00 43 00 00 00 00 00 00 00 00 00 00 00
  ................ 02 00 00 00 00 00 00 00 01 00 00 00 01 00 00 00
  .....            00 00 00 00 00
005483-005501 FontNameBlock "Ingame 12, Normal"
005502-005528 DataBlock
  ................ 02 00 00 00 01 00 00 00 ff 00 00 00 00 00 00 00
  ...........      00 00 00 00 00 00 00 00 01 00 00
005529-005541 T0Block "brighten_t0"
005542-005642 DataBlock
  ..L>...........? cd cc 4c 3e 00 00 00 00 00 00 00 00 00 00 80 3f
  ................ 00 00 00 00 01 00 00 00 90 b0 d5 0a fa ff ff ff
  ........I....... fe ff ff ff 94 00 00 00 49 00 00 00 ff ff ff ff
  ................ 00 00 00 00 00 00 00 01 01 00 00 00 00 00 00 00
  .....h.......... 00 00 00 00 00 68 01 00 00 93 00 00 00 02 00 00
  ................ 00 01 00 00 00 f0 0d da 0a 03 00 00 00 c8 11 a7
  .....            0a c8 11 a7 0a
005643-005648 StringBlock "roll"
005649-005685 DataBlock
  ....C........... 89 00 00 00 43 00 00 00 00 00 00 00 02 00 00 00
  ................ 00 00 00 00 00 00 00 00 01 00 00 00 01 00 00 00
  .....            00 00 00 00 00
005686-005704 FontNameBlock "Ingame 12, Normal"
005705-005731 DataBlock
  ................ 02 00 00 00 01 00 00 00 ff 00 00 00 00 00 00 00
  ...........      00 00 00 00 00 00 00 00 01 00 00
005732-005744 T0Block "brighten_t0"
005745-005845 DataBlock
  ..L>...........? cd cc 4c 3e 00 00 00 00 00 00 00 00 00 00 80 3f
  ................ 00 00 00 00 01 00 00 00 c0 ee ae 0a 00 00 00 00
  ........C....... 00 00 00 00 89 00 00 00 43 00 00 00 ff ff ff ff
  ................ 00 00 00 00 00 00 00 01 01 00 00 00 00 00 00 00
  ................ 00 00 00 00 00 d5 00 00 00 11 00 00 00 02 00 00
  .....X.......... 00 01 00 00 00 58 d1 a4 0a 02 00 00 00 d8 ee a7
  .....            0a 18 bb ae 0a
005846-005855 StringBlock "inactive"
005856-005892 DataBlock
  ....C........... 89 00 00 00 43 00 00 00 00 00 00 00 02 00 00 00
  ................ 00 00 00 00 00 00 00 00 01 00 00 00 01 00 00 00
  .....            00 00 00 00 00
005893-005911 FontNameBlock "Ingame 12, Normal"
005912-005938 DataBlock
  ................ 02 00 00 00 01 00 00 00 ff 00 00 00 00 00 00 00
  ...........      00 00 00 00 00 00 00 00 01 01 00
005939-005949 T0Block "normal_t0"
005950-006034 DataBlock
  ................ 00 00 00 00 00 00 00 00 00 00 00 00 00 00 00 00
  ................ 00 00 00 00 01 00 00 00 c0 ee ae 0a 00 00 00 00
  ........C....... 00 00 00 00 89 00 00 00 43 00 00 00 ff ff ff 80
  ................ 00 00 00 00 00 00 00 01 01 00 00 00 00 00 00 00
  ................ 00 00 00 00 00 00 00 00 00 00 00 00 00 00 00 00
  .....            00 f0 0d da 0a
006035-006045 StringBlock "mouse_off"
006046-006082 DataBlock
  ....C........... 89 00 00 00 43 00 00 00 00 00 00 00 02 00 00 00
  ................ 00 00 00 00 00 00 00 00 01 00 00 00 01 00 00 00
  .....            00 00 00 00 00
006083-006101 FontNameBlock "Ingame 12, Normal"
006102-006128 DataBlock
  ................ 02 00 00 00 01 00 00 00 ff 00 00 00 00 00 00 00
  ...........      00 00 00 00 00 00 00 00 01 00 00
006129-006139 T0Block "normal_t0"
006140-006240 DataBlock
  ................ 00 00 00 00 00 00 00 00 00 00 00 00 00 00 00 00
  ................ 00 00 00 00 01 00 00 00 c0 ee ae 0a 00 00 00 00
  ........C....... 00 00 00 00 89 00 00 00 43 00 00 00 ff ff ff ff
  ................ 00 00 00 00 00 00 00 01 01 00 00 00 00 00 00 00
  ................ 00 00 00 00 00 de 00 00 00 0b 01 00 00 02 00 00
  .............X.. 00 00 00 00 00 d8 ee a7 0a 0b 00 00 00 58 d1 a4
  .....            0a 00 00 00 00
006241-006279 EventListBlock ["OnMouseLClickUp", "OnSelect"]
006280-006287 DataBlock
  ........         00 00 00 00 00 00 00 00
006288-006317 StringBlock "template.button_standard.lua"
006318-006321 DataBlock
  @<..             40 3c ac 0a
006322-006340 StringBlock "button_flags_left"
006341-006355 DataBlock
  ...............  05 02 00 00 12 00 00 00 00 00 00 01 00 00 00
006356-006374 StringBlock "button_flags_left"
006375-006378 DataBlock
  ....             ff ff ff ff
006379-006956 UnicodeBlock "Scroll through playable nations.||Each nation has its own individual characteristics and occupies different areas on the map.||As you scroll through the national flags the information below will change.||You can browse each nation and their details before deciding upon which one to use. "
006957-007022 UnicodeBlock "button_flags_left_Tooltip_7e0070"
007023-007026 DataBlock
  ....             00 00 00 00
007027-007612 StringBlock "local clicked = false\r\nlocal over     = false\r\nlocal last_upate = 0\r\n\r\nfunction OnMouseOn()\r\n\tover = true\r\nend\r\n\r\nfunction OnMouseOff()\r\n\tover = false\r\nend\r\n\r\nfunction OnClickDown()\r\n\tclicked = true\r\n\tlast_update = 0\r\nend\r\n\r\nfunction OnClickUp()\r\n\tclicked = false\r\nend\r\n\r\nfunction OnUpdate(time)\r\n\tif over == true and clicked == true and time - last_update > 500 then\r\n\t\tlast_update = time\r\n\t\tOnSelect()\r\n\tend\r\nend\r\n\r\nfunction OnSelect()\r\n\r\n\tlocal this = UIComponent(Address)\r\n\tlocal panel = UIComponent(this:Parent(\"faction_selection\"))\r\n\r\n\tpanel:LuaCall(\"SelectNextFaction\")\r\n\r\nend\t"
007613-007851 ImageListBlock 4 elements:
  007617-007679 ImageBlock id=178748120 xsize=23 ysize=34 path="data\\UI\\FrontEnd UI\\Skins\\arrow_down_roll.tga" unknown=4294967295
  007680-007737 ImageBlock id=180494656 xsize=23 ysize=34 path="data\\UI\\FrontEnd UI\\Skins\\arrow_roll.tga" unknown=4294967295
  007738-007793 ImageBlock id=99861320 xsize=23 ysize=34 path="data\\UI\\FrontEnd UI\\Skins\\arrow_up.tga" unknown=4294967295
  007794-007851 ImageBlock id=179141688 xsize=23 ysize=34 path="data\\UI\\FrontEnd UI\\Skins\\arrow_down.tga" unknown=4294967295
007852-007912 DataBlock
  ............8... 00 00 00 00 00 00 00 00 05 00 00 00 38 bf cd 0a
  ..normal...."... 06 00 6e 6f 72 6d 61 6c 17 00 00 00 22 00 00 00
  ................ 00 00 00 00 00 00 00 00 02 00 00 00 00 00 00 00
  .............    01 00 00 00 01 00 00 00 00 00 00 00 00
007913-007931 FontNameBlock "Ingame 12, Normal"
007932-007958 DataBlock
  ................ 02 00 00 00 01 00 00 00 ff 00 00 00 00 00 00 00
  ...........      00 00 00 00 00 00 00 00 01 00 00
007959-007969 T0Block "normal_t0"
007970-008070 DataBlock
  ................ 00 00 00 00 00 00 00 00 00 00 00 00 00 00 00 00
  ........H....... 00 00 00 00 01 00 00 00 48 c3 f3 05 00 00 00 00
  ........"....... 00 00 00 00 17 00 00 00 22 00 00 00 ff ff ff ff
  ................ 00 01 00 00 00 00 00 01 01 00 00 00 00 00 00 00
  .....5.......... 00 00 00 00 00 35 00 00 00 95 00 00 00 02 00 00
  ....../......... 00 00 00 00 00 b8 2f ac 0a 02 00 00 00 b0 93 af
  .....            0a b0 93 af 0a
008071-008076 StringBlock "down"
008077-008113 DataBlock
  ...."........... 17 00 00 00 22 00 00 00 00 00 00 00 00 00 00 00
  ................ 02 00 00 00 00 00 00 00 01 00 00 00 01 00 00 00
  .....            00 00 00 00 00
008114-008132 FontNameBlock "Ingame 12, Normal"
008133-008159 DataBlock
  ................ 02 00 00 00 01 00 00 00 ff 00 00 00 00 00 00 00
  ...........      00 00 00 00 00 00 00 00 01 00 00
008160-008170 T0Block "normal_t0"
008171-008271 DataBlock
  ................ 00 00 00 00 00 00 00 00 00 00 00 00 00 00 00 00
  .........z...... 00 00 00 00 01 00 00 00 d8 7a a7 0a 00 00 00 00
  ........"....... 00 00 00 00 17 00 00 00 22 00 00 00 ff ff ff ff
  ................ 00 01 00 00 00 00 00 01 01 00 00 00 00 00 00 00
  .....h.......... 00 00 00 00 00 68 01 00 00 93 00 00 00 02 00 00
  ............../. 00 01 00 00 00 f8 b9 ce 0a 03 00 00 00 b8 2f ac
  ../..            0a b8 2f ac 0a
008272-008277 StringBlock "roll"
008278-008314 DataBlock
  ...."........... 17 00 00 00 22 00 00 00 00 00 00 00 02 00 00 00
  ................ 00 00 00 00 00 00 00 00 01 00 00 00 01 00 00 00
  .....            00 00 00 00 00
008315-008333 FontNameBlock "Ingame 12, Normal"
008334-008360 DataBlock
  ................ 02 00 00 00 01 00 00 00 ff 00 00 00 00 00 00 00
  ...........      00 00 00 00 00 00 00 00 01 00 00
008361-008371 T0Block "normal_t0"
008372-008472 DataBlock
  ................ 00 00 00 00 00 00 00 00 00 00 00 00 00 00 00 00
  ........@!...... 00 00 00 00 01 00 00 00 40 21 c2 0a 00 00 00 00
  ........"....... 00 00 00 00 17 00 00 00 22 00 00 00 ff ff ff ff
  ................ 00 01 00 00 00 00 00 01 01 00 00 00 00 00 00 00
  ................ 00 00 00 00 00 d5 00 00 00 11 00 00 00 02 00 00
  .....8.......... 00 01 00 00 00 38 bf cd 0a 02 00 00 00 b0 93 af
  .....            0a 08 ad ad 0a
008473-008482 StringBlock "inactive"
008483-008519 DataBlock
  ...."........... 17 00 00 00 22 00 00 00 00 00 00 00 02 00 00 00
  ................ 00 00 00 00 00 00 00 00 01 00 00 00 01 00 00 00
  .....            00 00 00 00 00
008520-008538 FontNameBlock "Ingame 12, Normal"
008539-008565 DataBlock
  ................ 02 00 00 00 01 00 00 00 ff 00 00 00 00 00 00 00
  ...........      00 00 00 00 00 00 00 00 01 01 00
008566-008576 T0Block "normal_t0"
008577-008661 DataBlock
  ................ 00 00 00 00 00 00 00 00 00 00 00 00 00 00 00 00
  ........H....... 00 00 00 00 01 00 00 00 48 c3 f3 05 00 00 00 00
  ........"......2 00 00 00 00 17 00 00 00 22 00 00 00 ff ff ff 32
  ................ 00 01 00 00 00 00 00 01 01 00 00 00 00 00 00 00
  ................ 00 00 00 00 00 00 00 00 00 00 00 00 00 00 00 00
  .....            00 f8 b9 ce 0a
008662-008672 StringBlock "mouse_off"
008673-008709 DataBlock
  ...."........... 17 00 00 00 22 00 00 00 00 00 00 00 02 00 00 00
  ................ 00 00 00 00 00 00 00 00 01 00 00 00 01 00 00 00
  .....            00 00 00 00 00
008710-008728 FontNameBlock "Ingame 12, Normal"
008729-008755 DataBlock
  ................ 02 00 00 00 01 00 00 00 ff 00 00 00 00 00 00 00
  ...........      00 00 00 00 00 00 00 00 01 00 00
008756-008766 T0Block "normal_t0"
008767-008867 DataBlock
  ................ 00 00 00 00 00 00 00 00 00 00 00 00 00 00 00 00
  ........8|...... 00 00 00 00 01 00 00 00 38 7c ad 0a 00 00 00 00
  ........"....... 00 00 00 00 17 00 00 00 22 00 00 00 ff ff ff ff
  ................ 00 01 00 00 00 00 00 01 01 00 00 00 00 00 00 00
  ................ 00 00 00 00 00 de 00 00 00 0b 01 00 00 02 00 00
  .............8.. 00 00 00 00 00 b0 93 af 0a 0b 00 00 00 38 bf cd
  .....            0a 00 00 00 00
008868-009010 EventListBlock ["OnMouseLClickDown", "OnClickDown", "OnMouseLClickUp", "OnClickUp", "OnUpdatePulse", "OnUpdate", "OnMouseOn", "OnMouseOn", "OnMouseOff", "OnMouseOff"]
009011-009024 DataBlock
  ..........x%..   00 00 00 00 00 00 00 00 00 00 78 25 ac 0a
009025-009032 StringBlock "flag_5"
009033-009047 DataBlock
  "..............  22 02 00 00 00 00 00 00 00 00 00 01 00 00 00
009048-009062 StringBlock "flag_selected"
009063-009076 DataBlock
  ..............   ff ff ff ff 00 00 00 00 00 00 00 00 00 00
009077-009872 ImageListBlock 12 elements:
  009081-009146 ImageBlock id=181782720 xsize=200 ysize=100 path="data\\UI\\FrontEnd UI\\Skins\\flag_animation0000.tga" unknown=4294967295
  009147-009212 ImageBlock id=178955504 xsize=200 ysize=100 path="data\\UI\\FrontEnd UI\\Skins\\flag_animation0001.tga" unknown=4294967295
  009213-009278 ImageBlock id=178371608 xsize=200 ysize=100 path="data\\UI\\FrontEnd UI\\Skins\\flag_animation0002.tga" unknown=4294967295
  009279-009344 ImageBlock id=178851032 xsize=200 ysize=100 path="data\\UI\\FrontEnd UI\\Skins\\flag_animation0003.tga" unknown=4294967295
  009345-009410 ImageBlock id=181090736 xsize=200 ysize=100 path="data\\UI\\FrontEnd UI\\Skins\\flag_animation0004.tga" unknown=4294967295
  009411-009476 ImageBlock id=178862320 xsize=200 ysize=100 path="data\\UI\\FrontEnd UI\\Skins\\flag_animation0005.tga" unknown=4294967295
  009477-009542 ImageBlock id=99858304 xsize=200 ysize=100 path="data\\UI\\FrontEnd UI\\Skins\\flag_animation0006.tga" unknown=4294967295
  009543-009608 ImageBlock id=180284464 xsize=200 ysize=100 path="data\\UI\\FrontEnd UI\\Skins\\flag_animation0007.tga" unknown=4294967295
  009609-009674 ImageBlock id=178730824 xsize=200 ysize=100 path="data\\UI\\FrontEnd UI\\Skins\\flag_animation0008.tga" unknown=4294967295
  009675-009740 ImageBlock id=181231096 xsize=200 ysize=100 path="data\\UI\\FrontEnd UI\\Skins\\flag_animation0009.tga" unknown=4294967295
  009741-009806 ImageBlock id=181231400 xsize=200 ysize=100 path="data\\UI\\FrontEnd UI\\Skins\\flag_animation0010.tga" unknown=4294967295
  009807-009872 ImageBlock id=179192696 xsize=200 ysize=100 path="data\\UI\\FrontEnd UI\\Skins\\flag_animation0011.tga" unknown=4294967295
009873-009974 DataBlock
  ............p... 00 00 00 00 00 00 00 00 0c 00 00 00 70 00 c1 0a
  ..0....F........ 01 00 30 8c 00 00 00 46 00 00 00 00 00 00 00 02
  ................ 00 00 00 00 00 00 00 00 00 00 00 01 00 00 00 01
  ..........Ingame 00 00 00 00 00 00 00 00 11 00 49 6e 67 61 6d 65
   12, Normal..... 20 31 32 2c 20 4e 6f 72 6d 61 6c 02 00 00 00 01
  ................ 00 00 00 ff 00 00 00 00 00 00 00 00 00 00 00 00
  ......           00 00 00 01 00 00
009975-009985 T0Block "normal_t0"
009986-010110 DataBlock
  ................ 00 00 00 00 00 00 00 00 00 00 00 00 00 00 00 00
  ................ 00 00 00 00 01 00 00 00 c0 c8 d5 0a 00 00 00 00
  ........F....... 00 00 00 00 8c 00 00 00 46 00 00 00 ff ff ff ff
  ................ 00 00 00 00 00 00 00 01 01 00 00 00 00 00 00 00
  ................ 00 00 00 00 00 00 00 00 00 00 00 00 00 00 00 00
  ..7....1....F... 00 d0 37 c2 0a 01 00 31 8c 00 00 00 46 00 00 00
  ................ 00 00 00 00 02 00 00 00 00 00 00 00 00 00 00 00
  .............    01 00 00 00 01 00 00 00 00 00 00 00 00
010111-010129 FontNameBlock "Ingame 12, Normal"
010130-010156 DataBlock
  ................ 02 00 00 00 01 00 00 00 ff 00 00 00 00 00 00 00
  ...........      00 00 00 00 00 00 00 00 01 00 00
010157-010167 T0Block "normal_t0"
010168-010292 DataBlock
  ................ 00 00 00 00 00 00 00 00 00 00 00 00 00 00 00 00
  ................ 00 00 00 00 01 00 00 00 f0 a4 aa 0a 00 00 00 00
  ........F....... 00 00 00 00 8c 00 00 00 46 00 00 00 ff ff ff ff
  ................ 00 00 00 00 00 00 00 01 01 00 00 00 00 00 00 00
  ................ 00 00 00 00 00 00 00 00 00 00 00 00 00 00 00 00
  .h.....2....F... 00 68 94 aa 0a 01 00 32 8c 00 00 00 46 00 00 00
  ................ 00 00 00 00 02 00 00 00 00 00 00 00 00 00 00 00
  .............    01 00 00 00 01 00 00 00 00 00 00 00 00
010293-010311 FontNameBlock "Ingame 12, Normal"
010312-010338 DataBlock
  ................ 02 00 00 00 01 00 00 00 ff 00 00 00 00 00 00 00
  ...........      00 00 00 00 00 00 00 00 01 00 00
010339-010349 T0Block "normal_t0"
010350-010474 DataBlock
  ................ 00 00 00 00 00 00 00 00 00 00 00 00 00 00 00 00
  ................ 00 00 00 00 01 00 00 00 18 bc a1 0a 00 00 00 00
  ........F....... 00 00 00 00 8c 00 00 00 46 00 00 00 ff ff ff ff
  ................ 00 00 00 00 00 00 00 01 01 00 00 00 00 00 00 00
  ................ 00 00 00 00 00 00 00 00 00 00 00 00 00 00 00 00
  .x\....3....F... 00 78 5c e6 0a 01 00 33 8c 00 00 00 46 00 00 00
  ................ 00 00 00 00 02 00 00 00 00 00 00 00 00 00 00 00
  .............    01 00 00 00 01 00 00 00 00 00 00 00 00
010475-010493 FontNameBlock "Ingame 12, Normal"
010494-010520 DataBlock
  ................ 02 00 00 00 01 00 00 00 ff 00 00 00 00 00 00 00
  ...........      00 00 00 00 00 00 00 00 01 00 00
010521-010531 T0Block "normal_t0"
010532-010656 DataBlock
  ................ 00 00 00 00 00 00 00 00 00 00 00 00 00 00 00 00
  ................ 00 00 00 00 01 00 00 00 d8 0c a9 0a 00 00 00 00
  ........F....... 00 00 00 00 8c 00 00 00 46 00 00 00 ff ff ff ff
  ................ 00 00 00 00 00 00 00 01 01 00 00 00 00 00 00 00
  ................ 00 00 00 00 00 00 00 00 00 00 00 00 00 00 00 00
  .......4....F... 00 00 a8 a7 0a 01 00 34 8c 00 00 00 46 00 00 00
  ................ 00 00 00 00 02 00 00 00 00 00 00 00 00 00 00 00
  .............    01 00 00 00 01 00 00 00 00 00 00 00 00
010657-010675 FontNameBlock "Ingame 12, Normal"
010676-010702 DataBlock
  ................ 02 00 00 00 01 00 00 00 ff 00 00 00 00 00 00 00
  ...........      00 00 00 00 00 00 00 00 01 00 00
010703-010713 T0Block "normal_t0"
010714-010838 DataBlock
  ................ 00 00 00 00 00 00 00 00 00 00 00 00 00 00 00 00
  .........9...... 00 00 00 00 01 00 00 00 b0 39 cb 0a 00 00 00 00
  ........F....... 00 00 00 00 8c 00 00 00 46 00 00 00 ff ff ff ff
  ................ 00 00 00 00 00 00 00 01 01 00 00 00 00 00 00 00
  ................ 00 00 00 00 00 00 00 00 00 00 00 00 00 00 00 00
  .H.....5....F... 00 48 a9 a7 0a 01 00 35 8c 00 00 00 46 00 00 00
  ................ 00 00 00 00 02 00 00 00 00 00 00 00 00 00 00 00
  .............    01 00 00 00 01 00 00 00 00 00 00 00 00
010839-010857 FontNameBlock "Ingame 12, Normal"
010858-010884 DataBlock
  ................ 02 00 00 00 01 00 00 00 ff 00 00 00 00 00 00 00
  ...........      00 00 00 00 00 00 00 00 01 00 00
010885-010895 T0Block "normal_t0"
010896-011020 DataBlock
  ................ 00 00 00 00 00 00 00 00 00 00 00 00 00 00 00 00
  .........8...... 00 00 00 00 01 00 00 00 f0 38 a9 0a 00 00 00 00
  ........F....... 00 00 00 00 8c 00 00 00 46 00 00 00 ff ff ff ff
  ................ 00 00 00 00 00 00 00 01 01 00 00 00 00 00 00 00
  ................ 00 00 00 00 00 00 00 00 00 00 00 00 00 00 00 00
  .P.....6....F... 00 50 bc ab 0a 01 00 36 8c 00 00 00 46 00 00 00
  ................ 00 00 00 00 02 00 00 00 00 00 00 00 00 00 00 00
  .............    01 00 00 00 01 00 00 00 00 00 00 00 00
011021-011039 FontNameBlock "Ingame 12, Normal"
011040-011066 DataBlock
  ................ 02 00 00 00 01 00 00 00 ff 00 00 00 00 00 00 00
  ...........      00 00 00 00 00 00 00 00 01 00 00
011067-011077 T0Block "normal_t0"
011078-011202 DataBlock
  ................ 00 00 00 00 00 00 00 00 00 00 00 00 00 00 00 00
  ................ 00 00 00 00 01 00 00 00 80 b7 f3 05 00 00 00 00
  ........F....... 00 00 00 00 8c 00 00 00 46 00 00 00 ff ff ff ff
  ................ 00 00 00 00 00 00 00 01 01 00 00 00 00 00 00 00
  ................ 00 00 00 00 00 00 00 00 00 00 00 00 00 00 00 00
  .......7....F... 00 98 bd ab 0a 01 00 37 8c 00 00 00 46 00 00 00
  ................ 00 00 00 00 02 00 00 00 00 00 00 00 00 00 00 00
  .............    01 00 00 00 01 00 00 00 00 00 00 00 00
011203-011221 FontNameBlock "Ingame 12, Normal"
011222-011248 DataBlock
  ................ 02 00 00 00 01 00 00 00 ff 00 00 00 00 00 00 00
  ...........      00 00 00 00 00 00 00 00 01 00 00
011249-011259 T0Block "normal_t0"
011260-011384 DataBlock
  ................ 00 00 00 00 00 00 00 00 00 00 00 00 00 00 00 00
  ........0....... 00 00 00 00 01 00 00 00 30 ec be 0a 00 00 00 00
  ........F....... 00 00 00 00 8c 00 00 00 46 00 00 00 ff ff ff ff
  ................ 00 00 00 00 00 00 00 01 01 00 00 00 00 00 00 00
  ................ 00 00 00 00 00 00 00 00 00 00 00 00 00 00 00 00
  .8.....8....F... 00 38 e9 cd 0a 01 00 38 8c 00 00 00 46 00 00 00
  ................ 00 00 00 00 02 00 00 00 00 00 00 00 00 00 00 00
  .............    01 00 00 00 01 00 00 00 00 00 00 00 00
011385-011403 FontNameBlock "Ingame 12, Normal"
011404-011430 DataBlock
  ................ 02 00 00 00 01 00 00 00 ff 00 00 00 00 00 00 00
  ...........      00 00 00 00 00 00 00 00 01 00 00
011431-011441 T0Block "normal_t0"
011442-011566 DataBlock
  ................ 00 00 00 00 00 00 00 00 00 00 00 00 00 00 00 00
  ........H7...... 00 00 00 00 01 00 00 00 48 37 a7 0a 00 00 00 00
  ........F....... 00 00 00 00 8c 00 00 00 46 00 00 00 ff ff ff ff
  ................ 00 00 00 00 00 00 00 01 01 00 00 00 00 00 00 00
  ................ 00 00 00 00 00 00 00 00 00 00 00 00 00 00 00 00
  .......9....F... 00 a8 c8 bf 0a 01 00 39 8c 00 00 00 46 00 00 00
  ................ 00 00 00 00 02 00 00 00 00 00 00 00 00 00 00 00
  .............    01 00 00 00 01 00 00 00 00 00 00 00 00
011567-011585 FontNameBlock "Ingame 12, Normal"
011586-011612 DataBlock
  ................ 02 00 00 00 01 00 00 00 ff 00 00 00 00 00 00 00
  ...........      00 00 00 00 00 00 00 00 01 00 00
011613-011623 T0Block "normal_t0"
011624-011749 DataBlock
  ................ 00 00 00 00 00 00 00 00 00 00 00 00 00 00 00 00
  .........]...... 00 00 00 00 01 00 00 00 f8 5d cd 0a 00 00 00 00
  ........F....... 00 00 00 00 8c 00 00 00 46 00 00 00 ff ff ff ff
  ................ 00 00 00 00 00 00 00 01 01 00 00 00 00 00 00 00
  ................ 00 00 00 00 00 00 00 00 00 00 00 00 00 00 00 00
  .8.....10....F.. 00 38 80 ab 0a 02 00 31 30 8c 00 00 00 46 00 00
  ................ 00 00 00 00 00 02 00 00 00 00 00 00 00 00 00 00
  ..............   00 01 00 00 00 01 00 00 00 00 00 00 00 00
011750-011768 FontNameBlock "Ingame 12, Normal"
011769-011795 DataBlock
  ................ 02 00 00 00 01 00 00 00 ff 00 00 00 00 00 00 00
  ...........      00 00 00 00 00 00 00 00 01 00 00
011796-011806 T0Block "normal_t0"
011807-011932 DataBlock
  ................ 00 00 00 00 00 00 00 00 00 00 00 00 00 00 00 00
  ........(_...... 00 00 00 00 01 00 00 00 28 5f cd 0a 00 00 00 00
  ........F....... 00 00 00 00 8c 00 00 00 46 00 00 00 ff ff ff ff
  ................ 00 00 00 00 00 00 00 01 01 00 00 00 00 00 00 00
  ................ 00 00 00 00 00 00 00 00 00 00 00 00 00 00 00 00
  .......11....F.. 00 80 81 ab 0a 02 00 31 31 8c 00 00 00 46 00 00
  ................ 00 00 00 00 00 02 00 00 00 00 00 00 00 00 00 00
  ..............   00 01 00 00 00 01 00 00 00 00 00 00 00 00
011933-011951 FontNameBlock "Ingame 12, Normal"
011952-011978 DataBlock
  ................ 02 00 00 00 01 00 00 00 ff 00 00 00 00 00 00 00
  ...........      00 00 00 00 00 00 00 00 01 00 00
011979-011989 T0Block "normal_t0"
011990-012074 DataBlock
  ................ 00 00 00 00 00 00 00 00 00 00 00 00 00 00 00 00
  ........xC...... 00 00 00 00 01 00 00 00 78 43 ae 0a 00 00 00 00
  ........F....... 00 00 00 00 8c 00 00 00 46 00 00 00 ff ff ff ff
  ................ 00 00 00 00 00 00 00 01 01 00 00 00 00 00 00 00
  ................ 00 00 00 00 00 00 00 00 00 00 00 00 00 00 00 00
  .....            00 00 00 00 00
012075-012086 EventListBlock []
012087-012100 DataBlock
  ...........r..   00 00 00 00 00 00 00 00 00 00 e0 72 a1 0a
012101-012120 StringBlock "button_flags_right"
012121-012135 DataBlock
  ...............  b3 02 00 00 12 00 00 00 00 00 00 01 00 00 00
012136-012155 StringBlock "button_flags_right"
012156-012159 DataBlock
  ....             ff ff ff ff
012160-012737 UnicodeBlock "Scroll through playable nations.||Each nation has its own individual characteristics and occupies different areas on the map.||As you scroll through the national flags the information below will change.||You can browse each nation and their details before deciding upon which one to use. "
012738-012805 UnicodeBlock "button_flags_right_Tooltip_7e0070"
012806-012809 DataBlock
  ....             00 00 00 00
012810-013397 StringBlock "local clicked = false\r\nlocal over     = false\r\nlocal last_upate = 0\r\n\r\nfunction OnMouseOn()\r\n\tover = true\r\nend\r\n\r\nfunction OnMouseOff()\r\n\tover = false\r\nend\r\n\r\nfunction OnClickDown()\r\n\tclicked = true\r\n\tlast_update = 0\r\nend\r\n\r\nfunction OnClickUp()\r\n\tclicked = false\r\nend\r\n\r\nfunction OnUpdate(time)\r\n\tif over == true and clicked == true and time - last_update > 500 then\r\n\t\tlast_update = time\r\n\t\tOnSelect()\r\n\tend\r\nend\r\n\r\n\r\nfunction OnSelect()\r\n\r\n\tlocal this = UIComponent(Address)\r\n\tlocal panel = UIComponent(this:Parent(\"faction_selection\"))\r\n\r\n\tpanel:LuaCall(\"SelectPrevFaction\")\r\n\r\nend\t"
013398-013636 ImageListBlock 4 elements:
  013402-013464 ImageBlock id=179193000 xsize=23 ysize=34 path="data\\UI\\FrontEnd UI\\Skins\\arrow_down_roll.tga" unknown=4294967295
  013465-013522 ImageBlock id=181232992 xsize=23 ysize=34 path="data\\UI\\FrontEnd UI\\Skins\\arrow_roll.tga" unknown=4294967295
  013523-013578 ImageBlock id=181233296 xsize=23 ysize=34 path="data\\UI\\FrontEnd UI\\Skins\\arrow_up.tga" unknown=4294967295
  013579-013636 ImageBlock id=180423200 xsize=23 ysize=34 path="data\\UI\\FrontEnd UI\\Skins\\arrow_down.tga" unknown=4294967295
013637-013697 DataBlock
  ................ 00 00 00 00 00 00 00 00 05 00 00 00 c8 82 ab 0a
  ..normal...."... 06 00 6e 6f 72 6d 61 6c 17 00 00 00 22 00 00 00
  ................ 00 00 00 00 00 00 00 00 02 00 00 00 00 00 00 00
  .............    01 00 00 00 01 00 00 00 00 00 00 00 00
013698-013716 FontNameBlock "Ingame 12, Normal"
013717-013743 DataBlock
  ................ 02 00 00 00 01 00 00 00 ff 00 00 00 00 00 00 00
  ...........      00 00 00 00 00 00 00 00 01 00 00
013744-013754 T0Block "normal_t0"
013755-013855 DataBlock
  ................ 00 00 00 00 00 00 00 00 00 00 00 00 00 00 00 00
  .........f...... 00 00 00 00 01 00 00 00 90 66 cd 0a 00 00 00 00
  ........"....... 00 00 00 00 17 00 00 00 22 00 00 00 ff ff ff ff
  ................ 00 00 00 00 00 00 00 01 01 00 00 00 00 00 00 00
  .....5.......... 00 00 00 00 00 35 00 00 00 95 00 00 00 02 00 00
  .....`.......... 00 00 00 00 00 60 c7 bf 0a 02 00 00 00 10 84 ab
  .....            0a 10 84 ab 0a
013856-013861 StringBlock "down"
013862-013898 DataBlock
  ...."........... 17 00 00 00 22 00 00 00 00 00 00 00 00 00 00 00
  ................ 02 00 00 00 00 00 00 00 01 00 00 00 01 00 00 00
  .....            00 00 00 00 00
013899-013917 FontNameBlock "Ingame 12, Normal"
013918-013944 DataBlock
  ................ 02 00 00 00 01 00 00 00 ff 00 00 00 00 00 00 00
  ...........      00 00 00 00 00 00 00 00 01 00 00
013945-013955 T0Block "normal_t0"
013956-014056 DataBlock
  ................ 00 00 00 00 00 00 00 00 00 00 00 00 00 00 00 00
  .........D...... 00 00 00 00 01 00 00 00 a8 44 ae 0a 00 00 00 00
  ........"....... 00 00 00 00 17 00 00 00 22 00 00 00 ff ff ff ff
  ................ 00 00 00 00 00 00 00 01 01 00 00 00 00 00 00 00
  .....h.......... 00 00 00 00 00 68 01 00 00 93 00 00 00 02 00 00
  .............`.. 00 01 00 00 00 10 83 bf 0a 03 00 00 00 60 c7 bf
  .`...            0a 60 c7 bf 0a
014057-014062 StringBlock "roll"
014063-014099 DataBlock
  ...."........... 17 00 00 00 22 00 00 00 00 00 00 00 02 00 00 00
  ................ 00 00 00 00 00 00 00 00 01 00 00 00 01 00 00 00
  .....            00 00 00 00 00
014100-014118 FontNameBlock "Ingame 12, Normal"
014119-014145 DataBlock
  ................ 02 00 00 00 01 00 00 00 ff 00 00 00 00 00 00 00
  ...........      00 00 00 00 00 00 00 00 01 00 00
014146-014156 T0Block "normal_t0"
014157-014257 DataBlock
  ................ 00 00 00 00 00 00 00 00 00 00 00 00 00 00 00 00
  ........`e...... 00 00 00 00 01 00 00 00 60 65 cd 0a 00 00 00 00
  ........"....... 00 00 00 00 17 00 00 00 22 00 00 00 ff ff ff ff
  ................ 00 00 00 00 00 00 00 01 01 00 00 00 00 00 00 00
  ................ 00 00 00 00 00 d5 00 00 00 11 00 00 00 02 00 00
  ................ 00 01 00 00 00 c8 82 ab 0a 02 00 00 00 10 84 ab
  .....            0a b0 95 aa 0a
014258-014267 StringBlock "inactive"
014268-014304 DataBlock
  ...."........... 17 00 00 00 22 00 00 00 00 00 00 00 02 00 00 00
  ................ 00 00 00 00 00 00 00 00 01 00 00 00 01 00 00 00
  .....            00 00 00 00 00
014305-014323 FontNameBlock "Ingame 12, Normal"
014324-014350 DataBlock
  ................ 02 00 00 00 01 00 00 00 ff 00 00 00 00 00 00 00
  ...........      00 00 00 00 00 00 00 00 01 01 00
014351-014361 T0Block "normal_t0"
014362-014446 DataBlock
  ................ 00 00 00 00 00 00 00 00 00 00 00 00 00 00 00 00
  .........f...... 00 00 00 00 01 00 00 00 90 66 cd 0a 00 00 00 00
  ........"......2 00 00 00 00 17 00 00 00 22 00 00 00 ff ff ff 32
  ................ 00 00 00 00 00 00 00 01 01 00 00 00 00 00 00 00
  ................ 00 00 00 00 00 00 00 00 00 00 00 00 00 00 00 00
  .....            00 10 83 bf 0a
014447-014457 StringBlock "mouse_off"
014458-014494 DataBlock
  ...."........... 17 00 00 00 22 00 00 00 00 00 00 00 02 00 00 00
  ................ 00 00 00 00 00 00 00 00 01 00 00 00 01 00 00 00
  .....            00 00 00 00 00
014495-014513 FontNameBlock "Ingame 12, Normal"
014514-014540 DataBlock
  ................ 02 00 00 00 01 00 00 00 ff 00 00 00 00 00 00 00
  ...........      00 00 00 00 00 00 00 00 01 00 00
014541-014551 T0Block "normal_t0"
014552-014652 DataBlock
  ................ 00 00 00 00 00 00 00 00 00 00 00 00 00 00 00 00
  ........ ....... 00 00 00 00 01 00 00 00 20 0a c1 0a 00 00 00 00
  ........"....... 00 00 00 00 17 00 00 00 22 00 00 00 ff ff ff ff
  ................ 00 00 00 00 00 00 00 01 01 00 00 00 00 00 00 00
  ................ 00 00 00 00 00 de 00 00 00 0b 01 00 00 02 00 00
  ................ 00 00 00 00 00 10 84 ab 0a 0b 00 00 00 c8 82 ab
  .....            0a 00 00 00 00
014653-014795 EventListBlock ["OnMouseLClickDown", "OnClickDown", "OnMouseLClickUp", "OnClickUp", "OnUpdatePulse", "OnUpdate", "OnMouseOn", "OnMouseOn", "OnMouseOff", "OnMouseOff"]
014796-014809 DataBlock
  ..............   00 00 00 00 00 00 00 00 00 00 a0 a6 a1 0a
014810-014817 StringBlock "flag_9"
014818-014832 DataBlock
  ...............  8e 03 00 00 09 00 00 00 01 01 00 01 00 00 00
014833-014841 StringBlock "flag_l4"
014842-014853 DataBlock
  ............     ff ff ff ff 00 00 00 00 00 00 00 00
014854-015015 StringBlock "-- The faction global is set via the script\r\n\r\nfunction OnSelect()\r\n\tUIComponent(UIComponent(Address):Parent()):LuaCall(\"NotifyFactionSelected\", Faction)\r\nend\r\n"
015016-015151 ImageListBlock 2 elements:
  015020-015085 ImageBlock id=180500864 xsize=200 ysize=100 path="data\\UI\\FrontEnd UI\\Skins\\flag_animation0000.tga" unknown=4294967295
  015086-015151 ImageBlock id=177993848 xsize=200 ysize=100 path="data\\UI\\FrontEnd UI\\Skins\\flag_animation0001.tga" unknown=4294967295
015152-015212 DataBlock
  ............8... 00 00 00 00 00 00 00 00 05 00 00 00 38 cb bf 0a
  ..normalm...5... 06 00 6e 6f 72 6d 61 6c 6d 00 00 00 35 00 00 00
  ................ 00 00 00 00 00 00 00 00 02 00 00 00 00 00 00 00
  .............    01 00 00 00 01 00 00 00 00 00 00 00 00
015213-015231 FontNameBlock "Ingame 12, Normal"
015232-015258 DataBlock
  ................ 02 00 00 00 01 00 00 00 ff 00 00 00 00 00 00 00
  ...........      00 00 00 00 00 00 00 00 01 00 00
015259-015269 T0Block "normal_t0"
015270-015370 DataBlock
  ................ 00 00 00 00 00 00 00 00 00 00 00 00 00 00 00 00
  .........9...... 00 00 00 00 01 00 00 00 80 39 c2 0a 00 00 00 00
  ....m...5....... 00 00 00 00 6d 00 00 00 35 00 00 00 ff ff ff ff
  ................ 00 00 00 00 00 00 00 01 01 00 00 00 00 00 00 00
  .....5.......... 00 00 00 00 00 35 00 00 00 95 00 00 00 02 00 00
  ................ 00 00 00 00 00 c8 81 bf 0a 02 00 00 00 80 80 bf
  .....            0a 80 80 bf 0a
015371-015376 StringBlock "down"
015377-015413 DataBlock
  m...5........... 6d 00 00 00 35 00 00 00 00 00 00 00 00 00 00 00
  ................ 02 00 00 00 00 00 00 00 01 00 00 00 01 00 00 00
  .....            00 00 00 00 00
015414-015432 FontNameBlock "Ingame 12, Normal"
015433-015459 DataBlock
  ................ 02 00 00 00 01 00 00 00 ff 00 00 00 00 00 00 00
  ...........      00 00 00 00 00 00 00 00 01 00 00
015460-015472 T0Block "brighten_t0"
015473-015573 DataBlock
  ..L>...........? cd cc 4c 3e 00 00 00 00 00 00 00 00 00 00 80 3f
  ........x....... 00 00 00 00 01 00 00 00 78 f8 9b 0a fb ff ff ff
  ....v...9....... fe ff ff ff 76 00 00 00 39 00 00 00 ff ff ff ff
  ................ 00 00 00 00 00 00 00 01 01 00 00 00 00 00 00 00
  .....h.......... 00 00 00 00 00 68 01 00 00 93 00 00 00 02 00 00
  .....x.......... 00 01 00 00 00 78 c4 a1 0a 03 00 00 00 c8 81 bf
  .....            0a c8 81 bf 0a
015574-015579 StringBlock "roll"
015580-015616 DataBlock
  m...5........... 6d 00 00 00 35 00 00 00 00 00 00 00 02 00 00 00
  ................ 00 00 00 00 00 00 00 00 01 00 00 00 01 00 00 00
  .....            00 00 00 00 00
015617-015635 FontNameBlock "Ingame 12, Normal"
015636-015662 DataBlock
  ................ 02 00 00 00 01 00 00 00 ff 00 00 00 00 00 00 00
  ...........      00 00 00 00 00 00 00 00 01 00 00
015663-015675 T0Block "brighten_t0"
015676-015776 DataBlock
  ..L>...........? cd cc 4c 3e 00 00 00 00 00 00 00 00 00 00 80 3f
  .........9...... 00 00 00 00 01 00 00 00 80 39 c2 0a 00 00 00 00
  ....m...5....... 00 00 00 00 6d 00 00 00 35 00 00 00 ff ff ff ff
  ................ 00 00 00 00 00 00 00 01 01 00 00 00 00 00 00 00
  ................ 00 00 00 00 00 d5 00 00 00 11 00 00 00 02 00 00
  .....8.......... 00 01 00 00 00 38 cb bf 0a 02 00 00 00 80 80 bf
  ..f#.            0a 18 66 23 00
015777-015786 StringBlock "inactive"
015787-015823 DataBlock
  m...5........... 6d 00 00 00 35 00 00 00 00 00 00 00 02 00 00 00
  ................ 00 00 00 00 00 00 00 00 01 00 00 00 01 00 00 00
  .....            00 00 00 00 00
015824-015842 FontNameBlock "Ingame 12, Normal"
015843-015869 DataBlock
  ................ 02 00 00 00 01 00 00 00 ff 00 00 00 00 00 00 00
  ...........      00 00 00 00 00 00 00 00 01 01 00
015870-015880 T0Block "normal_t0"
015881-015965 DataBlock
  ................ 00 00 00 00 00 00 00 00 00 00 00 00 00 00 00 00
  .........9...... 00 00 00 00 01 00 00 00 80 39 c2 0a 00 00 00 00
  ....m...5....... 00 00 00 00 6d 00 00 00 35 00 00 00 ff ff ff 80
  ................ 00 00 00 00 00 00 00 01 01 00 00 00 00 00 00 00
  ................ 00 00 00 00 00 00 00 00 00 00 00 00 00 00 00 00
  .x...            00 78 c4 a1 0a
015966-015976 StringBlock "mouse_off"
015977-016013 DataBlock
  m...5........... 6d 00 00 00 35 00 00 00 00 00 00 00 02 00 00 00
  ................ 00 00 00 00 00 00 00 00 01 00 00 00 01 00 00 00
  .....            00 00 00 00 00
016014-016032 FontNameBlock "Ingame 12, Normal"
016033-016059 DataBlock
  ................ 02 00 00 00 01 00 00 00 ff 00 00 00 00 00 00 00
  ...........      00 00 00 00 00 00 00 00 01 00 00
016060-016070 T0Block "normal_t0"
016071-016171 DataBlock
  ................ 00 00 00 00 00 00 00 00 00 00 00 00 00 00 00 00
  .........9...... 00 00 00 00 01 00 00 00 80 39 c2 0a 00 00 00 00
  ....m...5....... 00 00 00 00 6d 00 00 00 35 00 00 00 ff ff ff ff
  ................ 00 00 00 00 00 00 00 01 01 00 00 00 00 00 00 00
  ................ 00 00 00 00 00 de 00 00 00 0b 01 00 00 02 00 00
  .............8.. 00 00 00 00 00 80 80 bf 0a 0b 00 00 00 38 cb bf
  .....            0a 00 00 00 00
016172-016210 EventListBlock ["OnMouseLClickUp", "OnSelect"]
016211-016218 DataBlock
  ........         00 00 00 00 00 00 00 00
016219-016248 StringBlock "template.button_standard.lua"
016249-016252 DataBlock
   ...             20 ae d5 0a
016253-016260 StringBlock "flag_8"
016261-016275 DataBlock
  p..............  70 03 00 00 06 00 00 00 01 01 00 01 00 00 00
016276-016284 StringBlock "flag_l4"
016285-016296 DataBlock
  ............     ff ff ff ff 00 00 00 00 00 00 00 00
016297-016458 StringBlock "-- The faction global is set via the script\r\n\r\nfunction OnSelect()\r\n\tUIComponent(UIComponent(Address):Parent()):LuaCall(\"NotifyFactionSelected\", Faction)\r\nend\r\n"
016459-016594 ImageListBlock 2 elements:
  016463-016528 ImageBlock id=179171168 xsize=200 ysize=100 path="data\\UI\\FrontEnd UI\\Skins\\flag_animation0000.tga" unknown=4294967295
  016529-016594 ImageBlock id=181316032 xsize=200 ysize=100 path="data\\UI\\FrontEnd UI\\Skins\\flag_animation0001.tga" unknown=4294967295
016595-016655 DataBlock
  ............8... 00 00 00 00 00 00 00 00 05 00 00 00 38 90 d0 0a
  ..normalt...9... 06 00 6e 6f 72 6d 61 6c 74 00 00 00 39 00 00 00
  ................ 00 00 00 00 00 00 00 00 02 00 00 00 00 00 00 00
  .............    01 00 00 00 01 00 00 00 00 00 00 00 00
016656-016674 FontNameBlock "Ingame 12, Normal"
016675-016701 DataBlock
  ................ 02 00 00 00 01 00 00 00 ff 00 00 00 00 00 00 00
  ...........      00 00 00 00 00 00 00 00 01 00 00
016702-016712 T0Block "normal_t0"
016713-016813 DataBlock
  ................ 00 00 00 00 00 00 00 00 00 00 00 00 00 00 00 00
  ........`....... 00 00 00 00 01 00 00 00 60 ef ad 0a 00 00 00 00
  ....t...9....... 00 00 00 00 74 00 00 00 39 00 00 00 ff ff ff ff
  ................ 00 00 00 00 00 00 00 01 01 00 00 00 00 00 00 00
  .....5.......... 00 00 00 00 00 35 00 00 00 95 00 00 00 02 00 00
  ................ 00 00 00 00 00 10 93 18 00 02 00 00 00 c8 84 ad
  .....            0a c8 84 ad 0a
016814-016819 StringBlock "down"
016820-016856 DataBlock
  t...9........... 74 00 00 00 39 00 00 00 00 00 00 00 00 00 00 00
  ................ 02 00 00 00 00 00 00 00 01 00 00 00 01 00 00 00
  .....            00 00 00 00 00
016857-016875 FontNameBlock "Ingame 12, Normal"
016876-016902 DataBlock
  ................ 02 00 00 00 01 00 00 00 ff 00 00 00 00 00 00 00
  ...........      00 00 00 00 00 00 00 00 01 00 00
016903-016915 T0Block "brighten_t0"
016916-017016 DataBlock
  ..L>...........? cd cc 4c 3e 00 00 00 00 00 00 00 00 00 00 80 3f
  ................ 00 00 00 00 01 00 00 00 c0 a9 ce 0a fb ff ff ff
  ....~...>....... fe ff ff ff 7e 00 00 00 3e 00 00 00 ff ff ff ff
  ................ 00 00 00 00 00 00 00 01 01 00 00 00 00 00 00 00
  .....h.......... 00 00 00 00 00 68 01 00 00 93 00 00 00 02 00 00
  ......6......... 00 01 00 00 00 d8 36 cd 0a 03 00 00 00 10 93 18
  .....            00 10 93 18 00
017017-017022 StringBlock "roll"
017023-017059 DataBlock
  t...9........... 74 00 00 00 39 00 00 00 00 00 00 00 02 00 00 00
  ................ 00 00 00 00 00 00 00 00 01 00 00 00 01 00 00 00
  .....            00 00 00 00 00
017060-017078 FontNameBlock "Ingame 12, Normal"
017079-017105 DataBlock
  ................ 02 00 00 00 01 00 00 00 ff 00 00 00 00 00 00 00
  ...........      00 00 00 00 00 00 00 00 01 00 00
017106-017118 T0Block "brighten_t0"
017119-017219 DataBlock
  ..L>...........? cd cc 4c 3e 00 00 00 00 00 00 00 00 00 00 80 3f
  ........`....... 00 00 00 00 01 00 00 00 60 ef ad 0a 00 00 00 00
  ....t...9....... 00 00 00 00 74 00 00 00 39 00 00 00 ff ff ff ff
  ................ 00 00 00 00 00 00 00 01 01 00 00 00 00 00 00 00
  ................ 00 00 00 00 00 d5 00 00 00 11 00 00 00 02 00 00
  .....8.......... 00 01 00 00 00 38 90 d0 0a 02 00 00 00 c8 84 ad
  .`...            0a 60 95 c1 0a
017220-017229 StringBlock "inactive"
017230-017266 DataBlock
  t...9........... 74 00 00 00 39 00 00 00 00 00 00 00 02 00 00 00
  ................ 00 00 00 00 00 00 00 00 01 00 00 00 01 00 00 00
  .....            00 00 00 00 00
017267-017285 FontNameBlock "Ingame 12, Normal"
017286-017312 DataBlock
  ................ 02 00 00 00 01 00 00 00 ff 00 00 00 00 00 00 00
  ...........      00 00 00 00 00 00 00 00 01 01 00
017313-017323 T0Block "normal_t0"
017324-017408 DataBlock
  ................ 00 00 00 00 00 00 00 00 00 00 00 00 00 00 00 00
  ........`....... 00 00 00 00 01 00 00 00 60 ef ad 0a 00 00 00 00
  ....t...9....... 00 00 00 00 74 00 00 00 39 00 00 00 ff ff ff 80
  ................ 00 00 00 00 00 00 00 01 01 00 00 00 00 00 00 00
  ................ 00 00 00 00 00 00 00 00 00 00 00 00 00 00 00 00
  ..6..            00 d8 36 cd 0a
017409-017419 StringBlock "mouse_off"
017420-017456 DataBlock
  t...9........... 74 00 00 00 39 00 00 00 00 00 00 00 02 00 00 00
  ................ 00 00 00 00 00 00 00 00 01 00 00 00 01 00 00 00
  .....            00 00 00 00 00
017457-017475 FontNameBlock "Ingame 12, Normal"
017476-017502 DataBlock
  ................ 02 00 00 00 01 00 00 00 ff 00 00 00 00 00 00 00
  ...........      00 00 00 00 00 00 00 00 01 00 00
017503-017513 T0Block "normal_t0"
017514-017614 DataBlock
  ................ 00 00 00 00 00 00 00 00 00 00 00 00 00 00 00 00
  ........`....... 00 00 00 00 01 00 00 00 60 ef ad 0a 00 00 00 00
  ....t...9....... 00 00 00 00 74 00 00 00 39 00 00 00 ff ff ff ff
  ................ 00 00 00 00 00 00 00 01 01 00 00 00 00 00 00 00
  ................ 00 00 00 00 00 de 00 00 00 0b 01 00 00 02 00 00
  .............8.. 00 00 00 00 00 c8 84 ad 0a 0b 00 00 00 38 90 d0
  .....            0a 00 00 00 00
017615-017653 EventListBlock ["OnMouseLClickUp", "OnSelect"]
017654-017661 DataBlock
  ........         00 00 00 00 00 00 00 00
017662-017691 StringBlock "template.button_standard.lua"
017692-017695 DataBlock
  Hk..             48 6b aa 0a
017696-017703 StringBlock "flag_7"
017704-017718 DataBlock
  0..............  30 03 00 00 04 00 00 00 01 01 00 01 00 00 00
017719-017727 StringBlock "flag_l4"
017728-017739 DataBlock
  ............     ff ff ff ff 00 00 00 00 00 00 00 00
017740-017901 StringBlock "-- The faction global is set via the script\r\n\r\nfunction OnSelect()\r\n\tUIComponent(UIComponent(Address):Parent()):LuaCall(\"NotifyFactionSelected\", Faction)\r\nend\r\n"
017902-018037 ImageListBlock 2 elements:
  017906-017971 ImageBlock id=179308888 xsize=200 ysize=100 path="data\\UI\\FrontEnd UI\\Skins\\flag_animation0000.tga" unknown=4294967295
  017972-018037 ImageBlock id=179310008 xsize=200 ysize=100 path="data\\UI\\FrontEnd UI\\Skins\\flag_animation0001.tga" unknown=4294967295
018038-018098 DataBlock
  ............(... 00 00 00 00 00 00 00 00 05 00 00 00 28 d9 c2 0a
  ..normal}...=... 06 00 6e 6f 72 6d 61 6c 7d 00 00 00 3d 00 00 00
  ................ 00 00 00 00 00 00 00 00 02 00 00 00 00 00 00 00
  .............    01 00 00 00 01 00 00 00 00 00 00 00 00
018099-018117 FontNameBlock "Ingame 12, Normal"
018118-018144 DataBlock
  ................ 02 00 00 00 01 00 00 00 ff 00 00 00 00 00 00 00
  ...........      00 00 00 00 00 00 00 00 01 00 00
018145-018155 T0Block "normal_t0"
018156-018256 DataBlock
  ................ 00 00 00 00 00 00 00 00 00 00 00 00 00 00 00 00
  ........X....... 00 00 00 00 01 00 00 00 58 09 b0 0a 00 00 00 00
  ....}...=....... 00 00 00 00 7d 00 00 00 3d 00 00 00 ff ff ff ff
  ................ 00 00 00 00 00 00 00 01 01 00 00 00 00 00 00 00
  .....5.......... 00 00 00 00 00 35 00 00 00 95 00 00 00 02 00 00
  ......]......... 00 00 00 00 00 80 5d a7 0a 02 00 00 00 98 bb d5
  .....            0a 98 bb d5 0a
018257-018262 StringBlock "down"
018263-018299 DataBlock
  }...=........... 7d 00 00 00 3d 00 00 00 00 00 00 00 00 00 00 00
  ................ 02 00 00 00 00 00 00 00 01 00 00 00 01 00 00 00
  .....            00 00 00 00 00
018300-018318 FontNameBlock "Ingame 12, Normal"
018319-018345 DataBlock
  ................ 02 00 00 00 01 00 00 00 ff 00 00 00 00 00 00 00
  ...........      00 00 00 00 00 00 00 00 01 00 00
018346-018358 T0Block "brighten_t0"
018359-018459 DataBlock
  ..L>...........? cd cc 4c 3e 00 00 00 00 00 00 00 00 00 00 80 3f
  ................ 00 00 00 00 01 00 00 00 b8 0d b0 0a fb ff ff ff
  ........B....... fe ff ff ff 87 00 00 00 42 00 00 00 ff ff ff ff
  ................ 00 00 00 00 00 00 00 01 01 00 00 00 00 00 00 00
  .....h.......... 00 00 00 00 00 68 01 00 00 93 00 00 00 02 00 00
  ..............]. 00 01 00 00 00 a8 e9 9a 0a 03 00 00 00 80 5d a7
  ..]..            0a 80 5d a7 0a
018460-018465 StringBlock "roll"
018466-018502 DataBlock
  }...=........... 7d 00 00 00 3d 00 00 00 00 00 00 00 02 00 00 00
  ................ 00 00 00 00 00 00 00 00 01 00 00 00 01 00 00 00
  .....            00 00 00 00 00
018503-018521 FontNameBlock "Ingame 12, Normal"
018522-018548 DataBlock
  ................ 02 00 00 00 01 00 00 00 ff 00 00 00 00 00 00 00
  ...........      00 00 00 00 00 00 00 00 01 00 00
018549-018561 T0Block "brighten_t0"
018562-018662 DataBlock
  ..L>...........? cd cc 4c 3e 00 00 00 00 00 00 00 00 00 00 80 3f
  ........X....... 00 00 00 00 01 00 00 00 58 09 b0 0a 00 00 00 00
  ....}...=....... 00 00 00 00 7d 00 00 00 3d 00 00 00 ff ff ff ff
  ................ 00 00 00 00 00 00 00 01 01 00 00 00 00 00 00 00
  ................ 00 00 00 00 00 d5 00 00 00 11 00 00 00 02 00 00
  .....(.......... 00 01 00 00 00 28 d9 c2 0a 02 00 00 00 98 bb d5
  .....            0a b0 fb a4 0a
018663-018672 StringBlock "inactive"
018673-018709 DataBlock
  }...=........... 7d 00 00 00 3d 00 00 00 00 00 00 00 02 00 00 00
  ................ 00 00 00 00 00 00 00 00 01 00 00 00 01 00 00 00
  .....            00 00 00 00 00
018710-018728 FontNameBlock "Ingame 12, Normal"
018729-018755 DataBlock
  ................ 02 00 00 00 01 00 00 00 ff 00 00 00 00 00 00 00
  ...........      00 00 00 00 00 00 00 00 01 01 00
018756-018766 T0Block "normal_t0"
018767-018851 DataBlock
  ................ 00 00 00 00 00 00 00 00 00 00 00 00 00 00 00 00
  ........X....... 00 00 00 00 01 00 00 00 58 09 b0 0a 00 00 00 00
  ....}...=....... 00 00 00 00 7d 00 00 00 3d 00 00 00 ff ff ff 80
  ................ 00 00 00 00 00 00 00 01 01 00 00 00 00 00 00 00
  ................ 00 00 00 00 00 00 00 00 00 00 00 00 00 00 00 00
  .....            00 a8 e9 9a 0a
018852-018862 StringBlock "mouse_off"
018863-018899 DataBlock
  }...=........... 7d 00 00 00 3d 00 00 00 00 00 00 00 02 00 00 00
  ................ 00 00 00 00 00 00 00 00 01 00 00 00 01 00 00 00
  .....            00 00 00 00 00
018900-018918 FontNameBlock "Ingame 12, Normal"
018919-018945 DataBlock
  ................ 02 00 00 00 01 00 00 00 ff 00 00 00 00 00 00 00
  ...........      00 00 00 00 00 00 00 00 01 00 00
018946-018956 T0Block "normal_t0"
018957-019057 DataBlock
  ................ 00 00 00 00 00 00 00 00 00 00 00 00 00 00 00 00
  ........X....... 00 00 00 00 01 00 00 00 58 09 b0 0a 00 00 00 00
  ....}...=....... 00 00 00 00 7d 00 00 00 3d 00 00 00 ff ff ff ff
  ................ 00 00 00 00 00 00 00 01 01 00 00 00 00 00 00 00
  ................ 00 00 00 00 00 de 00 00 00 0b 01 00 00 02 00 00
  .............(.. 00 00 00 00 00 98 bb d5 0a 0b 00 00 00 28 d9 c2
  .....            0a 00 00 00 00
019058-019096 EventListBlock ["OnMouseLClickUp", "OnSelect"]
019097-019104 DataBlock
  ........         00 00 00 00 00 00 00 00
019105-019134 StringBlock "template.button_standard.lua"
019135-019138 DataBlock
  `'..             60 27 a9 0a
019139-019146 StringBlock "flag_6"
019147-019161 DataBlock
  ...............  d4 02 00 00 02 00 00 00 01 01 00 01 00 00 00
019162-019170 StringBlock "flag_l4"
019171-019182 DataBlock
  ............     ff ff ff ff 00 00 00 00 00 00 00 00
019183-019344 StringBlock "-- The faction global is set via the script\r\n\r\nfunction OnSelect()\r\n\tUIComponent(UIComponent(Address):Parent()):LuaCall(\"NotifyFactionSelected\", Faction)\r\nend\r\n"
019345-019480 ImageListBlock 2 elements:
  019349-019414 ImageBlock id=179309104 xsize=200 ysize=100 path="data\\UI\\FrontEnd UI\\Skins\\flag_animation0000.tga" unknown=4294967295
  019415-019480 ImageBlock id=182604504 xsize=200 ysize=100 path="data\\UI\\FrontEnd UI\\Skins\\flag_animation0001.tga" unknown=4294967295
019481-019541 DataBlock
  .............5.. 00 00 00 00 00 00 00 00 05 00 00 00 a8 35 9c 0a
  ..normal....C... 06 00 6e 6f 72 6d 61 6c 89 00 00 00 43 00 00 00
  ................ 00 00 00 00 00 00 00 00 02 00 00 00 00 00 00 00
  .............    01 00 00 00 01 00 00 00 00 00 00 00 00
019542-019560 FontNameBlock "Ingame 12, Normal"
019561-019587 DataBlock
  ................ 02 00 00 00 01 00 00 00 ff 00 00 00 00 00 00 00
  ...........      00 00 00 00 00 00 00 00 01 00 00
019588-019598 T0Block "normal_t0"
019599-019699 DataBlock
  ................ 00 00 00 00 00 00 00 00 00 00 00 00 00 00 00 00
  ........0....... 00 00 00 00 01 00 00 00 30 0a b0 0a 00 00 00 00
  ........C....... 00 00 00 00 89 00 00 00 43 00 00 00 ff ff ff ff
  ................ 00 00 00 00 00 00 00 01 01 00 00 00 00 00 00 00
  .....5.......... 00 00 00 00 00 35 00 00 00 95 00 00 00 02 00 00
  ......N.......&. 00 00 00 00 00 c8 4e a9 0a 02 00 00 00 90 26 af
  ..&..            0a 90 26 af 0a
019700-019705 StringBlock "down"
019706-019742 DataBlock
  ....C........... 89 00 00 00 43 00 00 00 00 00 00 00 00 00 00 00
  ................ 02 00 00 00 00 00 00 00 01 00 00 00 01 00 00 00
  .....            00 00 00 00 00
019743-019761 FontNameBlock "Ingame 12, Normal"
019762-019788 DataBlock
  ................ 02 00 00 00 01 00 00 00 ff 00 00 00 00 00 00 00
  ...........      00 00 00 00 00 00 00 00 01 00 00
019789-019801 T0Block "brighten_t0"
019802-019902 DataBlock
  ..L>...........? cd cc 4c 3e 00 00 00 00 00 00 00 00 00 00 80 3f
  .........R...... 00 00 00 00 01 00 00 00 d8 52 e2 0a fa ff ff ff
  ........I....... fe ff ff ff 94 00 00 00 49 00 00 00 ff ff ff ff
  ................ 00 00 00 00 00 00 00 01 01 00 00 00 00 00 00 00
  .....h.......... 00 00 00 00 00 68 01 00 00 93 00 00 00 02 00 00
  ..............N. 00 01 00 00 00 a8 ef ab 0a 03 00 00 00 c8 4e a9
  ..N..            0a c8 4e a9 0a
019903-019908 StringBlock "roll"
019909-019945 DataBlock
  ....C........... 89 00 00 00 43 00 00 00 00 00 00 00 02 00 00 00
  ................ 00 00 00 00 00 00 00 00 01 00 00 00 01 00 00 00
  .....            00 00 00 00 00
019946-019964 FontNameBlock "Ingame 12, Normal"
019965-019991 DataBlock
  ................ 02 00 00 00 01 00 00 00 ff 00 00 00 00 00 00 00
  ...........      00 00 00 00 00 00 00 00 01 00 00
019992-020004 T0Block "brighten_t0"
020005-020105 DataBlock
  ..L>...........? cd cc 4c 3e 00 00 00 00 00 00 00 00 00 00 80 3f
  ........0....... 00 00 00 00 01 00 00 00 30 0a b0 0a 00 00 00 00
  ........C....... 00 00 00 00 89 00 00 00 43 00 00 00 ff ff ff ff
  ................ 00 00 00 00 00 00 00 01 01 00 00 00 00 00 00 00
  ................ 00 00 00 00 00 d5 00 00 00 11 00 00 00 02 00 00
  ......5.......&. 00 01 00 00 00 a8 35 9c 0a 02 00 00 00 90 26 af
  .....            0a 90 a9 18 00
020106-020115 StringBlock "inactive"
020116-020152 DataBlock
  ....C........... 89 00 00 00 43 00 00 00 00 00 00 00 02 00 00 00
  ................ 00 00 00 00 00 00 00 00 01 00 00 00 01 00 00 00
  .....            00 00 00 00 00
020153-020171 FontNameBlock "Ingame 12, Normal"
020172-020198 DataBlock
  ................ 02 00 00 00 01 00 00 00 ff 00 00 00 00 00 00 00
  ...........      00 00 00 00 00 00 00 00 01 01 00
020199-020209 T0Block "normal_t0"
020210-020294 DataBlock
  ................ 00 00 00 00 00 00 00 00 00 00 00 00 00 00 00 00
  ........0....... 00 00 00 00 01 00 00 00 30 0a b0 0a 00 00 00 00
  ........C....... 00 00 00 00 89 00 00 00 43 00 00 00 ff ff ff 80
  ................ 00 00 00 00 00 00 00 01 01 00 00 00 00 00 00 00
  ................ 00 00 00 00 00 00 00 00 00 00 00 00 00 00 00 00
  .....            00 a8 ef ab 0a
020295-020305 StringBlock "mouse_off"
020306-020342 DataBlock
  ....C........... 89 00 00 00 43 00 00 00 00 00 00 00 02 00 00 00
  ................ 00 00 00 00 00 00 00 00 01 00 00 00 01 00 00 00
  .....            00 00 00 00 00
020343-020361 FontNameBlock "Ingame 12, Normal"
020362-020388 DataBlock
  ................ 02 00 00 00 01 00 00 00 ff 00 00 00 00 00 00 00
  ...........      00 00 00 00 00 00 00 00 01 00 00
020389-020399 T0Block "normal_t0"
020400-020500 DataBlock
  ................ 00 00 00 00 00 00 00 00 00 00 00 00 00 00 00 00
  ........0....... 00 00 00 00 01 00 00 00 30 0a b0 0a 00 00 00 00
  ........C....... 00 00 00 00 89 00 00 00 43 00 00 00 ff ff ff ff
  ................ 00 00 00 00 00 00 00 01 01 00 00 00 00 00 00 00
  ................ 00 00 00 00 00 de 00 00 00 0b 01 00 00 02 00 00
  ......&.......5. 00 00 00 00 00 90 26 af 0a 0b 00 00 00 a8 35 9c
  .....            0a 00 00 00 00
020501-020539 EventListBlock ["OnMouseLClickUp", "OnSelect"]
020540-020547 DataBlock
  ........         00 00 00 00 00 00 00 00
020548-020577 StringBlock "template.button_standard.lua"
020578-020605 StringBlock "..\\common\\faction_list.lua"
020606-020607 DataBlock
  ..               00 00
