000000-000009 VersionBlock 95
000010-000013 RootIDBlock 105304064
000014-000019 StringBlock "root"
000020-000021 StringBlock ""
000022-000025 XOffsetBlock 0
000026-000029 YOffsetBlock 0
000030-000093 DataBlock
  ................ 01 01 00 00 00 00 01 00 00 00 00 01 00 00 00 00
  ..............)G 00 00 00 00 00 00 00 00 00 00 00 00 00 d0 29 47
  ......@7........ 06 01 00 00 00 c0 40 37 07 00 00 00 05 00 00 00
  ................ 04 00 00 00 00 00 00 00 00 00 00 00 01 00 00 00
000094-000097 StateIDBlock 105327056
000098-000107 StateNameBlock "NewState"
000108-000111 XSizeBlock 1280
000112-000115 YSizeBlock 1024
000116-000146 DataBlock
  ................ 00 00 00 00 02 00 00 00 00 00 00 00 00 00 00 00
  ...............  01 00 00 00 01 00 00 00 00 00 00 00 00 00 00
000147-000159 FontNameBlock "la_gioconda"
000160-000163 LineHeightBlock 10
000164-000167 FontLeadingBlock 2
000168-000171 FontTrailingBlock 1
000172-000175 FontBGRABlock bgra(221,218,250,255)
000176-000198 FontCategoryBlock "Default Font Category"
000199-000218 DataBlock
  ................ 00 00 00 00 00 00 00 00 00 00 00 00 00 00 00 00
  ....             01 00 00 00
000219-000229 ShaderNameBlock "normal_t0"
000230-000233 ShaderVariableBlock 0.0 (0)
000234-000237 ShaderVariableBlock 0.0 (0)
000238-000241 ShaderVariableBlock 0.0 (0)
000242-000245 ShaderVariableBlock 0.0 (0)
000246-000256 ShaderNameBlock "normal_t0"
000257-000260 ShaderVariableBlock 0.0 (0)
000261-000264 ShaderVariableBlock 0.0 (0)
000265-000268 ShaderVariableBlock 0.0 (0)
000269-000272 ShaderVariableBlock 0.0 (0)
000273-000395 DataBlock
  .....@7......... 01 00 00 00 c0 40 37 07 00 00 00 00 00 00 00 00
  ................ 00 05 00 00 00 04 00 00 f0 f0 f0 ff 00 00 00 00
  ................ 00 00 00 00 00 00 00 00 00 00 00 01 01 00 00 00
  ................ 00 00 00 00 00 00 00 00 00 00 00 00 00 00 00 00
  ................ 00 00 00 00 00 00 00 00 00 00 00 00 00 00 00 00
  ................ 00 00 00 00 00 00 00 00 00 00 00 00 00 00 00 00
  ................ 00 00 00 00 00 00 00 00 00 00 00 00 00 00 00 00
  ........ B.      00 00 00 01 00 00 00 10 20 42 06
000396-000416 StringBlock "scripted_black_fade"
000417-000490 DataBlock
  ................ 00 00 a4 fc ff ff 18 fe ff ff 01 01 00 00 00 00
  ................ 01 00 00 00 00 01 00 00 00 00 05 00 00 00 00 00
  .......@.......  00 00 00 00 00 00 00 40 0d 9c 05 01 00 00 00 20
  7<...l.......... 37 3c 06 00 00 6c 07 00 00 b0 04 00 00 00 00 00
  ..........       00 00 00 00 00 00 01 00 00 00
000491-000494 StateIDBlock 94113088
000495-000504 StateNameBlock "NewState"
000505-000508 XSizeBlock 3000
000509-000512 YSizeBlock 2000
000513-000543 DataBlock
  ................ 00 00 00 00 02 00 00 00 00 00 00 00 00 00 00 00
  ...............  01 00 00 00 01 00 00 00 00 00 00 00 00 00 00
000544-000556 FontNameBlock "la_gioconda"
000557-000560 LineHeightBlock 10
000561-000564 FontLeadingBlock 2
000565-000568 FontTrailingBlock 1
000569-000572 FontBGRABlock bgra(221,218,250,255)
000573-000595 FontCategoryBlock "Default Font Category"
000596-000615 DataBlock
  ................ 00 00 00 00 00 00 00 00 00 00 00 00 00 00 00 00
  ....             00 00 00 00
000616-000626 ShaderNameBlock "normal_t0"
000627-000630 ShaderVariableBlock 0.0 (0)
000631-000634 ShaderVariableBlock 0.0 (0)
000635-000638 ShaderVariableBlock 0.0 (0)
000639-000642 ShaderVariableBlock 0.0 (0)
000643-000653 ShaderNameBlock "normal_t0"
000654-000657 ShaderVariableBlock 0.0 (0)
000658-000661 ShaderVariableBlock 0.0 (0)
000662-000665 ShaderVariableBlock 0.0 (0)
000666-000669 ShaderVariableBlock 0.0 (0)
000670-000784 DataBlock
  .... 7<......... 01 00 00 00 20 37 3c 06 00 00 00 00 00 00 00 00
  ................ b8 0b 00 00 d0 07 00 00 00 00 00 ff 00 00 00 00
  ................ 00 00 00 00 00 00 00 00 00 00 00 01 01 00 00 00
  ................ 00 00 00 00 00 00 00 00 00 00 00 00 00 00 00 00
  ................ 00 00 00 00 00 00 00 00 00 00 00 00 00 00 00 00
  ................ 00 00 00 00 00 00 00 00 00 00 00 00 00 00 00 00
  ...........(.... 00 00 00 00 00 00 00 00 00 00 00 28 00 00 00 01
  ...              00 00 00
000785-000794 StringBlock "OnCreate"
000795-000860 DataBlock
  ................ 00 00 02 00 00 00 00 00 00 00 00 00 00 00 b8 0b
  ................ 00 00 d0 07 00 00 00 00 00 00 00 00 00 00 00 00
  ................ 00 00 00 00 00 00 00 00 00 00 00 00 00 00 ff ff
  ..........@..... ff ff ff ff ff ff 00 00 00 00 40 00 00 00 00 00
  .?               80 3f
000861-000868 StringBlock "Linear"
000869-000880 DataBlock
  ..... B.....     01 00 00 00 10 20 42 06 00 00 00 00
000881-000889 StringBlock "destroy"
000890-000950 DataBlock
  ................ 00 00 00 00 00 00 00 00 00 b8 0b 00 00 d0 07 00
  ................ 00 00 00 00 ff 00 00 00 00 00 00 00 00 00 00 00
  ................ 00 00 00 00 00 00 00 00 00 ff ff ff ff ff ff ff
  .d...@......?    ff 64 00 00 00 40 00 00 00 00 00 80 3f
000951-000958 StringBlock "Linear"
000959-000989 DataBlock
  ................ 00 00 00 00 00 00 00 00 00 00 00 00 00 00 00 00
  ...............  00 00 01 00 00 00 00 00 00 00 00 00 00 00 00
