000000-000009 VersionBlock 95
000010-000013 RootIDBlock 309697056
000014-000019 StringBlock "root"
000020-000097 DataBlock
  ................ 00 00 00 00 00 00 00 00 00 00 01 01 00 00 00 00
  ................ 01 00 00 00 00 01 00 00 00 00 00 00 00 00 00 00
  .........y.....  00 00 00 00 00 00 00 e0 a3 79 12 01 00 00 00 20
  zl.............. 7a 6c 12 00 00 00 05 00 00 c0 03 00 00 00 00 00
  ............y.   00 00 00 00 00 00 01 00 00 00 e0 a3 79 12
000098-000107 NewStateBlock "NewState"
000108-000146 DataBlock
  ................ 00 05 00 00 00 04 00 00 00 00 00 00 02 00 00 00
  ................ 00 00 00 00 00 00 00 00 01 00 00 00 01 00 00 00
  .......          00 00 00 00 00 00 00
000147-000159 FontNameBlock "la_gioconda"
000160-000175 DataBlock
  ................ 0c 00 00 00 07 00 00 00 00 00 00 00 d7 f8 ff ff
000176-000191 StringBlock "ingame_tooltip"
000192-000211 DataBlock
  ................ 00 00 00 00 00 00 00 00 00 00 00 00 00 00 00 00
  ....             01 00 00 00
000212-000222 T0Block "normal_t0"
000223-000238 DataBlock
  ................ 00 00 00 00 00 00 00 00 00 00 00 00 00 00 00 00
000239-000249 T0Block "normal_t0"
000250-000388 DataBlock
  ................ 00 00 00 00 00 00 00 00 00 00 00 00 00 00 00 00
  .... zl......... 01 00 00 00 20 7a 6c 12 00 00 00 00 00 00 00 00
  ................ 00 05 00 00 c0 03 00 00 be ff bb ff 00 00 00 00
  ................ 00 00 00 00 00 00 00 00 00 00 00 01 01 00 00 00
  ................ 00 00 00 00 00 00 00 00 00 00 00 00 00 00 00 00
  ................ 00 00 00 00 00 00 00 00 00 00 00 00 00 00 00 00
  ................ 00 00 00 00 00 00 00 00 00 00 00 00 00 00 00 00
  ................ 00 00 00 00 00 00 00 00 00 00 00 00 00 00 00 00
  .........v.      00 00 00 01 00 00 00 e0 1f 76 12
000389-000401 StringBlock "breach_icon"
000402-000422 StringBlock "WorldSpaceComponent"
000423-000463 DataBlock
  \...X........... 5c 02 00 00 58 01 00 00 01 01 00 00 00 00 01 00
  ................ 00 00 00 01 00 00 00 00 00 00 00 00 00 00 00 00
  .......y.        00 00 00 00 00 80 ab 79 12
000464-000517 ImageListBlock 1 elements:
  000468-000517 ImageBlock id=196714784 xsize=60 ysize=60 path="ui\\skins\\default\\breach_icon.png" unknown=0
000518-000579 DataBlock
  ...........y...N 00 00 00 00 00 01 00 00 00 80 ab 79 12 08 00 4e
  ewState<...<.... 65 77 53 74 61 74 65 3c 00 00 00 3c 00 00 00 00
  ................ 00 00 00 02 00 00 00 00 00 00 00 00 00 00 00 01
  ..............   00 00 00 01 00 00 00 00 00 00 00 00 00 00
000580-000592 FontNameBlock "la_gioconda"
000593-000608 DataBlock
  ................ 0c 00 00 00 07 00 00 00 00 00 00 00 d7 f8 ff ff
000609-000624 StringBlock "ingame_tooltip"
000625-000644 DataBlock
  ................ 00 00 00 00 00 00 00 00 00 00 00 00 00 00 00 00
  ....             00 00 01 00
000645-000657 T0Block "brighten_t0"
000658-000673 DataBlock
  ................ 00 00 00 00 00 00 00 00 00 00 00 00 00 00 00 00
000674-000684 T0Block "normal_t0"
000685-000807 DataBlock
  ................ 00 00 00 00 00 00 00 00 00 00 00 00 00 00 00 00
  .... ........... 01 00 00 00 20 a1 b9 0b 00 00 00 00 00 00 00 00
  <...<........... 3c 00 00 00 3c 00 00 00 ff ff ff ff 00 00 00 00
  ................ 00 00 00 00 00 00 00 00 00 00 00 01 01 00 00 00
  ................ 00 00 00 00 00 00 00 00 00 00 00 00 00 00 00 00
  ................ 00 00 00 00 00 00 00 00 00 00 00 00 00 00 00 00
  ...............L 00 00 00 00 00 00 00 00 00 00 00 9d 00 00 00 4c
  ...........      00 00 00 00 00 00 00 02 00 00 00
000808-000818 StringBlock "min_scale"
000819-000823 DataBlock
  ..0.5            03 00 30 2e 35
000824-000839 StringBlock "depth_disabled"
000840-000845 StringBlock "true"
000846-000877 DataBlock
  ................ ff ff ff ff 00 00 00 00 00 00 00 00 00 00 00 00
  ................ 00 00 00 01 00 00 00 00 00 00 00 00 00 00 00 00
