000000-000009 VersionBlock 95
000010-000013 RootIDBlock 283469440
000014-000019 StringBlock "root"
000020-000021 StringBlock ""
000022-000025 XOffsetBlock 0
000026-000029 YOffsetBlock 0
000030-000093 DataBlock
  ................ 01 01 00 00 00 00 01 00 00 00 00 01 00 00 00 00
  ................ 00 00 00 00 00 00 00 00 00 00 00 00 00 00 00 00
  ......gp........ 00 01 00 00 00 10 67 70 09 00 00 00 05 00 00 00
  ................ 04 00 00 00 00 00 00 00 00 00 00 00 01 00 00 00
000094-000097 StateIDBlock 284682592
000098-000107 NewStateBlock "NewState"
000108-000111 XSizeBlock 1280
000112-000115 YSizeBlock 1024
000116-000146 DataBlock
  ................ 00 00 00 00 02 00 00 00 00 00 00 00 00 00 00 00
  ...............  01 00 00 00 01 00 00 00 00 00 00 00 00 00 00
000147-000159 FontNameBlock "la_gioconda"
000160-000175 DataBlock
  ................ 0a 00 00 00 02 00 00 00 01 00 00 00 dd da fa ff
000176-000198 StringBlock "Default Font Category"
000199-000218 DataBlock
  ................ 00 00 00 00 00 00 00 00 00 00 00 00 00 00 00 00
  ....             01 00 00 00
000219-000229 T0Block "normal_t0"
000230-000245 DataBlock
  ................ 00 00 00 00 00 00 00 00 00 00 00 00 00 00 00 00
000246-000256 T0Block "normal_t0"
000257-000395 DataBlock
  ................ 00 00 00 00 00 00 00 00 00 00 00 00 00 00 00 00
  .....gp......... 01 00 00 00 10 67 70 09 00 00 00 00 00 00 00 00
  ................ 00 05 00 00 00 04 00 00 bb ff be ff 00 00 00 00
  ................ 00 00 00 00 00 00 00 00 00 00 00 01 01 00 00 00
  ................ 00 00 00 00 00 00 00 00 00 00 00 00 00 00 00 00
  ................ 00 00 00 00 00 00 00 00 00 00 00 00 00 00 00 00
  ................ 00 00 00 00 00 00 00 00 00 00 00 00 00 00 00 00
  ................ 00 00 00 00 00 00 00 00 00 00 00 00 00 00 00 00
  .......<...      00 00 00 01 00 00 00 3c fa bc 00
000396-000405 StringBlock "mp_timer"
000406-000414 StringBlock "MPTimer"
000415-000459 DataBlock
  R...+........... 52 02 00 00 2b 00 00 00 00 00 00 00 00 00 01 00
  ................ 00 00 00 01 00 00 00 00 02 00 00 00 00 00 00 00
  +............    2b 00 00 00 00 00 00 00 00 02 00 00 00
000460-000554 ImageBlock id=646356992 xsize=52 ysize=52 path="e:/branches/attila/dev/rome2/working_data/ui/skins/default/tooltip_frame2.png" unknown=3189235712
000555-000555 DataBlock
  .                19
000556-000630 ImagePathBlock "e:/branches/attila/dev/rome2/working_data/ui/skins/default/timer_icon.png"
000631-000651 DataBlock
  ................ 0a 00 00 00 0e 00 00 00 00 00 00 00 00 00 00 00
  .....            00 01 00 00 00
000652-000655 StateIDBlock 280917792
000656-000665 NewStateBlock "NewState"
000666-000669 XSizeBlock 91
000670-000673 YSizeBlock 24
000674-000685 UnicodeBlock "00:00"
000686-000708 DataBlock
  ................ 00 00 04 00 00 00 00 00 00 00 00 00 00 00 01 00
  .......          00 00 01 00 00 00 00
000709-000770 UnicodeBlock "time_label_NewState_Text_80041"
000771-000774 DataBlock
  ....             00 00 00 00
000775-000787 FontNameBlock "la_gioconda"
000788-000803 DataBlock
  ................ 0c 00 00 00 07 00 00 00 00 00 00 00 d7 f8 ff ff
000804-000812 StringBlock "fe_text"
000813-000832 DataBlock
  ................ 12 00 00 00 00 00 00 00 07 00 00 00 00 00 00 00
  ....             00 01 00 00
000833-000843 T0Block "normal_t0"
000844-000859 DataBlock
  ................ 00 00 00 00 00 00 00 00 00 00 00 00 00 00 00 00
000860-000870 T0Block "normal_t0"
000871-000890 DataBlock
  ................ 00 00 00 00 00 00 00 00 00 00 00 00 00 00 00 00
  ....             02 00 00 00
000891-000914 ImageUseBlock id=646356992 xofs=0 yofs=0 xsize=91 ysize=24 brga=4294967295
000915-001112 DataBlock
  ................ 00 00 00 00 00 00 00 00 00 00 00 00 00 00 00 01
  ................ 01 00 00 00 00 00 00 00 00 00 00 00 00 00 00 00
  ................ 00 00 00 00 00 00 00 00 00 00 00 00 00 00 00 00
  . A.. A.. A.. A. 00 20 41 00 00 20 41 00 00 20 41 00 00 20 41 e0
  ................ 17 be 19 0d 00 00 00 05 00 00 00 0a 00 00 00 0e
  ................ 00 00 00 ff ff ff ff 00 00 00 04 00 00 00 06 00
  ................ 00 00 00 00 00 00 01 01 00 00 00 00 00 00 00 00
  ................ 00 00 00 00 00 00 00 00 00 00 00 00 00 00 00 00
  ................ 00 00 00 00 00 00 00 00 00 00 00 00 00 00 00 00
  ................ 00 00 00 00 00 00 00 00 00 00 00 00 00 00 00 00
  ......2......... 00 00 00 00 00 00 32 00 00 00 00 00 00 00 00 00
  ................ 00 00 00 00 00 00 00 00 00 01 00 00 00 00 00 00
  ......           00 00 00 00 00 00
