000000-000009 VersionBlock 106
000010-000013 RootIDBlock 309697056
000014-000019 StringBlock "root"
000020-000099 DataBlock
  ................ 00 00 00 00 00 00 00 00 00 00 00 00 01 01 00 00
  ................ 00 00 01 00 00 00 00 01 00 00 00 00 00 00 00 00
  ...........y.... 00 00 00 00 00 00 00 00 00 e0 a3 79 12 01 00 00
  . zl............ 00 20 7a 6c 12 00 00 00 05 00 00 c0 03 00 00 00
  ..............y. 00 00 00 00 00 00 00 00 01 00 00 00 e0 a3 79 12
000100-000109 NewStateBlock "NewState"
000110-000113 XSizeBlock 1280
000114-000117 YSizeBlock 1024
000118-000148 DataBlock
  ................ 00 00 00 00 02 00 00 00 00 00 00 00 00 00 00 00
  ...............  01 00 00 00 01 00 00 00 00 00 00 00 00 00 00
000149-000161 FontNameBlock "la_gioconda"
000162-000177 DataBlock
  ................ 0c 00 00 00 01 00 00 00 00 00 00 00 d7 f8 ff ff
000178-000186 StringBlock "fe_text"
000187-000206 DataBlock
  ................ 00 00 00 00 00 00 00 00 00 00 00 00 00 00 00 00
  ....             01 00 00 00
000207-000217 T0Block "normal_t0"
000218-000233 DataBlock
  ................ 00 00 00 00 00 00 00 00 00 00 00 00 00 00 00 00
000234-000244 T0Block "normal_t0"
000245-000397 DataBlock
  ................ 00 00 00 00 00 00 00 00 00 00 00 00 00 00 00 00
  .... zl......... 01 00 00 00 20 7a 6c 12 00 00 00 00 00 00 00 00
  ................ 00 05 00 00 c0 03 00 00 be ff bb ff 00 00 00 00
  ................ 00 00 00 00 00 00 00 00 00 00 00 01 01 00 00 00
  ................ 00 00 00 00 00 00 00 00 00 00 00 00 00 00 00 00
  ....?........... 00 00 00 80 3f 00 00 00 00 00 00 00 00 00 00 00
  ................ 00 00 00 00 00 00 00 00 00 00 00 00 00 00 00 00
  ................ 00 00 00 00 00 00 00 00 00 00 00 00 00 00 00 00
  ................ 00 00 00 00 00 00 00 00 00 00 00 00 00 00 00 01
  .........        00 00 00 00 00 90 e9 f6 0a
000398-000423 StringBlock "character_map_path_icons"
000424-000425 DataBlock
  ..               00 00
000426-000456 StringBlock "CharacterMapPathIconsCallback"
000457-000517 DataBlock
  ................ 00 00 00 00 00 00 00 00 01 01 00 00 00 00 01 00
  ................ 00 00 00 01 00 00 00 00 00 00 00 00 00 00 00 00
  ................ 00 00 00 00 00 a0 de f6 0a 00 00 00 00 00 00 00
  .............    00 00 00 00 00 01 00 00 00 a0 de f6 0a
000518-000527 NewStateBlock "NewState"
000528-000531 XSizeBlock 1
000532-000535 YSizeBlock 1
000536-000566 DataBlock
  ................ 00 00 00 00 02 00 00 00 00 00 00 00 00 00 00 00
  ...............  01 00 00 00 01 00 00 00 00 00 00 00 00 00 00
000567-000578 FontNameBlock "Norse-Bold"
000579-000594 DataBlock
  ................ 0a 00 00 00 02 00 00 00 01 00 00 00 dd da fa ff
000595-000617 StringBlock "Default Font Category"
000618-000637 DataBlock
  ................ 00 00 00 00 00 00 00 00 00 00 00 00 00 00 00 00
  ....             01 00 00 00
000638-000648 T0Block "normal_t0"
000649-000664 DataBlock
  ................ 00 00 00 00 00 00 00 00 00 00 00 00 00 00 00 00
000665-000675 T0Block "normal_t0"
000676-000729 DataBlock
  ................ 00 00 00 00 00 00 00 00 00 00 00 00 00 00 00 00
  ................ 00 00 00 00 00 00 00 00 00 00 00 00 00 00 00 00
  ................ 00 00 00 00 00 00 00 00 00 00 00 00 01 00 00 00
  ....v.           00 00 e0 1f 76 12
000730-000735 StringBlock "icon"
000736-000737 DataBlock
  ..               00 00
000738-000758 StringBlock "WorldSpaceComponent"
000759-000803 DataBlock
  ................ 00 00 00 00 00 00 00 00 00 00 00 00 00 00 01 00
  ................ 00 00 00 01 00 00 00 00 00 00 00 00 00 00 00 00
  ......P......    00 00 00 00 00 90 50 1e 0b 02 00 00 00
000804-000856 ImageBlock id=192263056 xsize=30 ysize=30 path="ui\\skins\\default\\icon_attrition.png" unknown=660451328
000857-000857 DataBlock
  .                0a
000858-000899 ImagePathBlock "ui\\skins\\default\\icon_diplomacy_path.png"
000900-000924 DataBlock
  ................ 1a 00 00 00 1a 00 00 00 00 00 00 00 00 00 00 00
  .....@.%.        00 02 00 00 00 40 a1 25 0a
000925-000934 StringBlock "trespass"
000935-000973 DataBlock
  ................ 1a 00 00 00 1a 00 00 00 00 00 00 00 02 00 00 00
  ................ 00 00 00 00 00 00 00 00 01 00 00 00 01 00 00 00
  .......          00 00 00 00 00 00 00
000974-000985 FontNameBlock "Norse-Bold"
000986-001001 DataBlock
  ................ 0a 00 00 00 02 00 00 00 01 00 00 00 dd da fa ff
001002-001024 StringBlock "Default Font Category"
001025-001044 DataBlock
  ................ 00 00 00 00 00 00 00 00 00 00 00 00 00 00 00 00
  ....             00 00 00 00
001045-001055 T0Block "normal_t0"
001056-001071 DataBlock
  ................ 00 00 00 00 00 00 00 00 00 00 00 00 00 00 00 00
001072-001082 T0Block "normal_t0"
001083-001217 DataBlock
  ................ 00 00 00 00 00 00 00 00 00 00 00 00 00 00 00 00
  .....]'......... 01 00 00 00 b0 5d 27 0a 00 00 00 00 00 00 00 00
  ................ 1a 00 00 00 1a 00 00 00 ff ff ff ff 00 00 00 00
  ................ 00 00 00 00 00 00 00 00 00 00 00 01 01 00 00 00
  ................ 00 00 00 00 00 00 00 00 00 00 00 00 00 00 00 00
  ....?........... 00 00 00 80 3f 00 00 00 00 00 00 00 00 00 00 00
  ................ 00 00 00 00 00 00 00 00 00 00 00 00 00 00 00 00
  ................ 00 00 00 00 00 00 00 00 00 00 00 00 00 00 00 00
  ....P..          00 00 00 90 50 1e 0b
001218-001228 StringBlock "attrition"
001229-001267 DataBlock
  ................ 1a 00 00 00 1a 00 00 00 00 00 00 00 02 00 00 00
  ................ 00 00 00 00 00 00 00 00 01 00 00 00 01 00 00 00
  .......          00 00 00 00 00 00 00
001268-001279 FontNameBlock "Norse-Bold"
001280-001295 DataBlock
  ................ 0a 00 00 00 02 00 00 00 01 00 00 00 dd da fa ff
001296-001318 StringBlock "Default Font Category"
001319-001338 DataBlock
  ................ 00 00 00 00 00 00 00 00 00 00 00 00 00 00 00 00
  ....             00 00 00 00
001339-001349 T0Block "normal_t0"
001350-001365 DataBlock
  ................ 00 00 00 00 00 00 00 00 00 00 00 00 00 00 00 00
001366-001376 T0Block "normal_t0"
001377-001396 DataBlock
  ................ 00 00 00 00 00 00 00 00 00 00 00 00 00 00 00 00
  ....             01 00 00 00
001397-001420 ImageUseBlock id=192263056 xofs=4294967294 yofs=4294967294 xsize=30 ysize=30 brga=4294967295
001421-001511 DataBlock
  ................ 00 00 00 05 00 00 00 00 00 00 00 00 00 00 00 01
  ................ 01 00 00 00 00 00 00 00 00 00 00 00 00 00 00 00
  ........?....... 00 00 00 00 00 00 00 80 3f 00 00 00 00 00 00 00
  ................ 00 00 00 00 00 00 00 00 00 00 00 00 00 00 00 00
  ................ 00 00 00 00 00 00 00 00 00 00 00 00 00 00 00 00
  ...........      00 00 00 00 00 00 00 01 00 00 00
001512-001522 StringBlock "min_scale"
001523-001569 DataBlock
  ..0.5........... 03 00 30 2e 35 ff ff ff ff 00 00 00 00 00 00 00
  ................ 00 00 00 00 00 00 00 00 01 00 00 00 00 00 00 00
  ...............  00 00 00 00 00 00 00 00 00 00 00 00 00 00 00
