000000-000009 VersionBlock 106
000010-000013 RootIDBlock 112802056
000014-000019 StringBlock "root"
000020-000099 DataBlock
  ................ 00 00 00 00 00 00 00 00 00 00 00 00 01 01 00 00
  ................ 00 00 01 00 00 00 00 01 00 00 00 00 00 00 00 00
  ..........M..... 00 00 00 00 00 00 00 00 00 e0 4d c3 1d 01 00 00
  ....,........... 00 c0 c6 be 2c 00 00 00 05 00 00 c0 03 00 00 00
  .............M.. 00 00 00 00 00 00 00 00 01 00 00 00 e0 4d c3 1d
000100-000109 NewStateBlock "NewState"
000110-000113 XSizeBlock 1280
000114-000117 YSizeBlock 1024
000118-000148 DataBlock
  ................ 00 00 00 00 02 00 00 00 00 00 00 00 00 00 00 00
  ...............  01 00 00 00 01 00 00 00 00 00 00 00 00 00 00
000149-000160 FontNameBlock "Norse-Bold"
000161-000176 DataBlock
  ................ 0a 00 00 00 02 00 00 00 01 00 00 00 dd da fa ff
000177-000199 StringBlock "Default Font Category"
000200-000219 DataBlock
  ................ 00 00 00 00 00 00 00 00 00 00 00 00 00 00 00 00
  ....             01 00 00 00
000220-000230 T0Block "normal_t0"
000231-000246 DataBlock
  ................ 00 00 00 00 00 00 00 00 00 00 00 00 00 00 00 00
000247-000257 T0Block "normal_t0"
000258-000410 DataBlock
  ................ 00 00 00 00 00 00 00 00 00 00 00 00 00 00 00 00
  .......,........ 01 00 00 00 c0 c6 be 2c 00 00 00 00 00 00 00 00
  ................ 00 05 00 00 c0 03 00 00 c0 c0 c0 ff 00 00 00 00
  ................ 00 00 00 00 00 00 00 00 00 00 00 01 01 00 00 00
  ................ 00 00 00 00 00 00 00 00 00 00 00 00 00 00 00 00
  ....?........... 00 00 00 80 3f 00 00 00 00 00 00 00 00 00 00 00
  ................ 00 00 00 00 00 00 00 00 00 00 00 00 00 00 00 00
  ................ 00 00 00 00 00 00 00 00 00 00 00 00 00 00 00 00
  ................ 00 00 00 00 00 00 00 00 00 00 00 00 00 00 00 01
  .....p<..        00 00 00 00 00 70 3c b9 06
000411-000435 StringBlock "campaign_growth_tooltip"
000436-000437 DataBlock
  ..               00 00
000438-000460 StringBlock "CampaignGrowthTooltip"
000461-000501 DataBlock
  ....f........... 82 01 00 00 66 00 00 00 01 01 00 00 00 00 01 00
  ................ 00 00 00 01 00 00 00 00 00 00 00 00 00 00 00 00
  .........        00 00 00 00 00 00 00 00 00
000502-000557 ImageListBlock 1 elements:
  000506-000557 ImageBlock id=802914752 xsize=256 ysize=256 path="ui/skins/default/tooltip_frame.png" unknown=0
000558-000619 DataBlock
  ..........J....N 00 00 00 00 00 01 00 00 00 00 4a c3 1d 08 00 4e
  ewStateC........ 65 77 53 74 61 74 65 43 01 00 00 ee 00 00 00 00
  ................ 00 00 00 02 00 00 00 00 00 00 00 00 00 00 00 01
  ..............   00 00 00 01 00 00 00 00 00 00 00 00 00 00
000620-000632 FontNameBlock "la_gioconda"
000633-000648 DataBlock
  ................ 0c 00 00 00 01 00 00 00 00 00 00 00 d7 f8 ff ff
000649-000665 StringBlock "fe_tooltip_text"
000666-000685 DataBlock
  ................ 08 00 00 00 00 00 00 00 06 00 00 00 00 00 00 00
  ....             00 00 00 00
000686-000696 T0Block "normal_t0"
000697-000712 DataBlock
  ................ 00 00 00 00 00 00 00 00 00 00 00 00 00 00 00 00
000713-000723 T0Block "normal_t0"
000724-000743 DataBlock
  ................ 00 00 00 00 00 00 00 00 00 00 00 00 00 00 00 00
  ....             01 00 00 00
000744-000767 ImageUseBlock id=802914752 xofs=0 yofs=0 xsize=323 ysize=238 brga=4294967295
000768-000876 DataBlock
  ................ 01 00 00 00 00 00 00 00 00 00 00 00 00 00 00 01
  ................ 01 00 00 00 00 00 00 00 00 00 00 00 00 00 00 00
  ........?....... 00 00 00 00 00 00 00 80 3f 00 00 00 00 00 00 00
  ..............A. 00 00 00 00 00 00 00 00 00 00 00 00 00 80 41 00
  ..A...A...A..... 00 a0 41 00 00 80 41 00 00 a0 41 00 00 00 00 00
  ................ 00 00 00 00 00 00 00 00 00 00 00 ff 00 00 00 00
  .............    00 00 00 08 00 00 00 00 00 b0 8b b7 0f
000877-000891 StringBlock "labour_header"
000892-000956 DataBlock
  ................ 00 00 00 00 00 00 00 00 00 00 00 00 01 00 00 00
  ................ 00 00 01 00 00 00 00 01 00 00 00 00 00 00 00 00
  ................ 00 00 00 00 00 00 00 00 00 00 00 00 00 00 00 00
  .............06. 00 00 00 00 00 00 00 00 00 01 00 00 00 30 36 d4
  .                07
000957-000966 NewStateBlock "NewState"
000967-000970 XSizeBlock 323
000971-000974 YSizeBlock 29
000975-000988 UnicodeBlock "Growth"
000989-001011 DataBlock
  ................ 00 00 04 00 00 00 00 00 00 00 00 00 00 00 02 00
  .......          00 00 01 00 00 00 01
001012-001081 UnicodeBlock "labour_header_NewState_Text_20001a"
001082-001085 DataBlock
  ....             00 00 00 00
001086-001108 FontNameBlock "la_gioconda_uppercase"
001109-001124 DataBlock
  ................ 10 00 00 00 01 00 00 00 00 00 00 00 d7 f8 ff ff
001125-001146 StringBlock "fe_paragraph_heading"
001147-001166 DataBlock
  ................ 00 00 00 00 00 00 00 00 08 00 00 00 00 00 00 00
  ....             00 00 00 00
001167-001177 T0Block "normal_t0"
001178-001193 DataBlock
  ................ 00 00 00 00 00 00 00 00 00 00 00 00 00 00 00 00
001194-001204 T0Block "normal_t0"
001205-001268 DataBlock
  ................ 00 00 00 00 00 00 00 00 00 00 00 00 00 00 00 00
  ................ 00 00 00 00 00 00 00 00 00 00 00 00 00 00 00 00
  ................ 00 00 00 00 ff 00 00 00 00 00 00 00 00 00 00 00
  .............Dn. 00 00 00 00 00 00 00 00 00 00 00 00 80 44 6e 0d
001269-001282 StringBlock "details_info"
001283-001347 DataBlock
  ................ 00 00 00 00 00 00 00 00 1d 00 00 00 00 01 00 00
  ................ 00 00 01 00 00 00 00 01 00 00 00 00 00 00 00 00
  ..........Gn.... 00 00 00 00 00 00 00 00 00 e0 47 6e 0d 00 00 00
  ..............Gn 00 00 00 00 00 00 00 00 00 02 00 00 00 e0 47 6e
  .                0d
001348-001356 StringBlock "default"
001357-001364 DataBlock
  C...U...         43 01 00 00 55 00 00 00
001365-001740 UnicodeBlock "[[img:icon_growth]][[/img]]Growth creates [[img:icon_pop_surplus]][[/img]]population surplus, which is required to upgrade your settlement, allowing you to construct additional buildings."
001741-001763 DataBlock
  ................ 00 00 02 00 00 00 00 00 00 00 00 00 00 00 03 00
  .......          00 00 01 00 00 00 01
001764-001829 UnicodeBlock "details_info_default_Text_4d007e"
001830-001833 DataBlock
  ....             00 00 00 00
001834-001846 FontNameBlock "la_gioconda"
001847-001862 DataBlock
  ................ 0c 00 00 00 01 00 00 00 00 00 00 00 d7 f8 ff ff
001863-001871 StringBlock "fe_text"
001872-001891 DataBlock
  ................ 0c 00 00 00 08 00 00 00 0a 00 00 00 08 00 00 00
  ....             00 00 00 00
001892-001902 T0Block "normal_t0"
001903-001918 DataBlock
  ................ 00 00 00 00 00 00 00 00 00 00 00 00 00 00 00 00
001919-001929 T0Block "normal_t0"
001930-001965 DataBlock
  ................ 00 00 00 00 00 00 00 00 00 00 00 00 00 00 00 00
  ................ 00 00 00 00 00 00 00 00 00 00 00 00 00 00 00 00
  .O..             c0 4f dd 0b
001966-001972 StringBlock "horde"
001973-001980 DataBlock
  C...D...         43 01 00 00 44 00 00 00
001981-002242 UnicodeBlock "As the horde grows, its [[img:icon_pop_surplus]][[/img]]population surplus can be used to make it stronger or to raise new hordes."
002243-002265 DataBlock
  ................ 00 00 02 00 00 00 00 00 00 00 00 00 00 00 03 00
  .......          00 00 01 00 00 00 01
002266-002327 UnicodeBlock "details_info_horde_Text_630049"
002328-002331 DataBlock
  ....             00 00 00 00
002332-002344 FontNameBlock "la_gioconda"
002345-002360 DataBlock
  ................ 0c 00 00 00 01 00 00 00 00 00 00 00 d7 f8 ff ff
002361-002369 StringBlock "fe_text"
002370-002389 DataBlock
  ................ 0c 00 00 00 08 00 00 00 0a 00 00 00 08 00 00 00
  ....             00 00 00 00
002390-002400 T0Block "normal_t0"
002401-002416 DataBlock
  ................ 00 00 00 00 00 00 00 00 00 00 00 00 00 00 00 00
002417-002427 T0Block "normal_t0"
002428-002471 DataBlock
  ................ 00 00 00 00 00 00 00 00 00 00 00 00 00 00 00 00
  ................ 00 00 00 00 00 00 00 00 00 00 00 00 00 00 00 00
  ............     00 00 00 00 ff 00 00 00 01 00 00 00
002472-002477 StringBlock "move"
002478-002543 DataBlock
  .............BC. 00 00 01 00 00 00 00 00 00 00 00 00 a0 42 43 01
  ..(............. 00 00 28 00 00 00 ff ff ff ff 00 00 00 00 00 00
  ................ 00 00 00 00 00 00 00 00 00 00 00 00 00 00 ff ff
  ................ ff ff ff ff ff ff 00 00 00 00 02 00 00 00 00 00
  .?               80 3f
002544-002551 StringBlock "Linear"
002552-002581 DataBlock
  ................ 00 00 00 00 00 00 00 00 00 00 00 00 00 00 00 00
  ..............   00 00 00 00 00 00 00 00 00 00 b0 1a 1a 0f
002582-002602 StringBlock "current_growth_rate"
002603-002667 DataBlock
  ........p....... 00 00 00 00 00 00 00 00 70 00 00 00 01 00 00 00
  ................ 00 00 00 00 00 00 00 01 00 00 00 00 00 00 00 00
  ................ 00 00 00 00 00 00 00 00 00 00 00 00 00 00 00 00
  ................ 00 00 00 00 00 00 00 00 00 01 00 00 00 10 1e 1a
  .                0f
002668-002677 NewStateBlock "NewState"
002678-002681 XSizeBlock 323
002682-002685 YSizeBlock 24
002686-002716 DataBlock
  ................ 00 00 00 00 02 00 00 00 04 00 00 00 00 00 00 00
  ...............  01 00 00 00 01 00 00 00 00 00 00 00 00 00 00
002717-002729 FontNameBlock "la_gioconda"
002730-002745 DataBlock
  ................ 0c 00 00 00 01 00 00 00 00 00 00 00 d7 f8 ff ff
002746-002754 StringBlock "fe_text"
002755-002774 DataBlock
  ................ 00 00 00 00 00 00 00 00 00 00 00 00 00 00 00 00
  ....             00 00 00 00
002775-002785 T0Block "normal_t0"
002786-002801 DataBlock
  ................ 00 00 00 00 00 00 00 00 00 00 00 00 00 00 00 00
002802-002812 T0Block "normal_t0"
002813-002866 DataBlock
  ................ 00 00 00 00 00 00 00 00 00 00 00 00 00 00 00 00
  ................ 00 00 00 00 00 00 00 00 00 00 00 00 00 00 00 00
  ................ 00 00 00 00 ff 00 00 00 00 00 00 00 02 00 00 00
  ......           00 00 00 c2 88 08
002867-002873 StringBlock "title"
002874-002938 DataBlock
  ................ 00 00 00 00 00 00 00 00 00 00 00 00 01 01 00 00
  ................ 00 00 01 00 00 00 00 01 00 00 00 00 04 00 00 00
  ................ 00 00 00 00 00 00 00 00 00 00 00 00 00 00 00 00
  .............  . 00 00 00 00 00 00 00 00 00 01 00 00 00 20 20 1a
  .                0f
002939-002948 NewStateBlock "NewState"
002949-002952 XSizeBlock 286
002953-002956 YSizeBlock 24
002957-003044 UnicodeBlock "[[img:icon_growth]][[/img]]Growth next turn"
003045-003067 DataBlock
  ................ 00 00 02 00 00 00 04 00 00 00 00 00 00 00 02 00
  .......          00 00 01 00 00 00 01
003068-003119 UnicodeBlock "title_NewState_Text_f0074"
003120-003123 DataBlock
  ....             00 00 00 00
003124-003136 FontNameBlock "la_gioconda"
003137-003152 DataBlock
  ................ 0c 00 00 00 01 00 00 00 00 00 00 00 d7 f8 ff ff
003153-003161 StringBlock "fe_text"
003162-003181 DataBlock
  ................ 0c 00 00 00 00 00 00 00 00 00 00 00 00 00 00 00
  ....             00 00 00 00
003182-003192 T0Block "normal_t0"
003193-003208 DataBlock
  ................ 00 00 00 00 00 00 00 00 00 00 00 00 00 00 00 00
003209-003219 T0Block "normal_t0"
003220-003283 DataBlock
  ................ 00 00 00 00 00 00 00 00 00 00 00 00 00 00 00 00
  ................ 00 00 00 00 00 00 00 00 00 00 00 00 00 00 00 00
  ................ 00 00 00 00 ff 00 00 00 00 00 00 00 00 00 00 00
  ............`... 00 00 00 00 00 00 00 00 00 00 00 00 60 c5 88 08
003284-003290 StringBlock "value"
003291-003355 DataBlock
  ................ 00 00 00 00 11 01 00 00 02 00 00 00 00 00 00 00
  ................ 00 00 01 00 00 00 00 01 00 00 00 00 06 00 00 00
  ................ f3 ff ff ff 00 00 00 00 00 00 00 00 00 00 00 00
  ................ 00 00 00 00 00 00 00 00 00 02 00 00 00 c0 c8 88
  .                08
003356-003365 StringBlock "negative"
003366-003402 DataBlock
  %.........x.x... 25 00 00 00 14 00 00 00 02 00 78 00 78 00 00 00
  ................ 03 00 00 00 04 00 00 00 00 00 00 00 01 00 00 00
  .....            01 00 00 00 00
003403-003456 UnicodeBlock "value_negative_Text_7d005a"
003457-003460 DataBlock
  ....             00 00 00 00
003461-003473 FontNameBlock "la_gioconda"
003474-003489 DataBlock
  ............7K.. 0c 00 00 00 01 00 00 00 00 00 00 00 37 4b ff ff
003490-003505 StringBlock "fe_tooltip_red"
003506-003525 DataBlock
  ................ 00 00 00 00 00 00 00 00 00 00 00 00 00 00 00 00
  ....             00 00 00 00
003526-003536 T0Block "normal_t0"
003537-003552 DataBlock
  ................ 00 00 00 00 00 00 00 00 00 00 00 00 00 00 00 00
003553-003563 T0Block "normal_t0"
003564-003599 DataBlock
  ................ 00 00 00 00 00 00 00 00 00 00 00 00 00 00 00 00
  ................ 00 00 00 00 00 00 00 00 00 00 00 00 00 00 00 00
  ....             c0 ca 88 08
003600-003609 StringBlock "positive"
003610-003646 DataBlock
  %.........x.x... 25 00 00 00 14 00 00 00 02 00 78 00 78 00 00 00
  ................ 03 00 00 00 04 00 00 00 00 00 00 00 01 00 00 00
  .....            01 00 00 00 00
003647-003700 UnicodeBlock "value_positive_Text_780078"
003701-003704 DataBlock
  ....             00 00 00 00
003705-003717 FontNameBlock "la_gioconda"
003718-003733 DataBlock
  ............&.d. 0c 00 00 00 01 00 00 00 00 00 00 00 26 b7 64 ff
003734-003751 StringBlock "fe_tooltip_green"
003752-003771 DataBlock
  ................ 00 00 00 00 00 00 00 00 00 00 00 00 00 00 00 00
  ....             00 00 00 00
003772-003782 T0Block "normal_t0"
003783-003798 DataBlock
  ................ 00 00 00 00 00 00 00 00 00 00 00 00 00 00 00 00
003799-003809 T0Block "normal_t0"
003810-003883 DataBlock
  ................ 00 00 00 00 00 00 00 00 00 00 00 00 00 00 00 00
  ................ 00 00 00 00 00 00 00 00 00 00 00 00 00 00 00 00
  ................ 00 00 00 00 ff 00 00 00 00 00 00 00 00 00 00 00
  ................ 00 00 00 00 00 00 00 00 00 00 00 00 00 00 00 00
  ...... ...       00 00 00 00 00 00 20 19 0f 09
003884-003898 StringBlock "factors_total"
003899-003963 DataBlock
  ........r....... 00 00 00 00 00 00 00 00 72 00 00 00 01 00 00 00
  ................ 00 00 01 00 00 00 00 01 00 00 00 00 00 00 00 00
  ................ 00 00 00 00 00 00 00 00 00 00 00 00 00 00 00 00
  .............0.. 00 00 00 00 00 00 00 00 00 01 00 00 00 30 1c 0f
  .                09
003964-003973 NewStateBlock "NewState"
003974-003977 XSizeBlock 323
003978-003981 YSizeBlock 24
003982-004012 DataBlock
  ................ 00 00 00 00 02 00 00 00 04 00 00 00 00 00 00 00
  ...............  01 00 00 00 01 00 00 00 00 00 00 00 00 00 00
004013-004025 FontNameBlock "la_gioconda"
004026-004041 DataBlock
  ................ 0c 00 00 00 01 00 00 00 00 00 00 00 d7 f8 ff ff
004042-004050 StringBlock "fe_text"
004051-004070 DataBlock
  ................ 00 00 00 00 00 00 00 00 00 00 00 00 00 00 00 00
  ....             00 00 00 00
004071-004081 T0Block "normal_t0"
004082-004097 DataBlock
  ................ 00 00 00 00 00 00 00 00 00 00 00 00 00 00 00 00
004098-004108 T0Block "normal_t0"
004109-004162 DataBlock
  ................ 00 00 00 00 00 00 00 00 00 00 00 00 00 00 00 00
  ................ 00 00 00 00 00 00 00 00 00 00 00 00 00 00 00 00
  ................ 00 00 00 00 ff 00 00 00 00 00 00 00 02 00 00 00
  .. ...           00 00 20 1e 0f 09
004163-004169 StringBlock "title"
004170-004234 DataBlock
  ................ 00 00 00 00 00 00 00 00 00 00 00 00 01 01 00 00
  ................ 00 00 01 00 00 00 00 01 00 00 00 00 04 00 00 00
  ................ 00 00 00 00 00 00 00 00 00 00 00 00 00 00 00 00
  .............@!. 00 00 00 00 00 00 00 00 00 01 00 00 00 40 21 0f
  .                09
004235-004244 NewStateBlock "NewState"
004245-004248 XSizeBlock 286
004249-004252 YSizeBlock 24
004253-004284 UnicodeBlock "Change per turn"
004285-004307 DataBlock
  ................ 00 00 02 00 00 00 04 00 00 00 00 00 00 00 02 00
  .......          00 00 01 00 00 00 01
004308-004361 UnicodeBlock "title_NewState_Text_67003b"
004362-004365 DataBlock
  ....             00 00 00 00
004366-004378 FontNameBlock "la_gioconda"
004379-004394 DataBlock
  ................ 0c 00 00 00 01 00 00 00 00 00 00 00 d7 f8 ff ff
004395-004403 StringBlock "fe_text"
004404-004423 DataBlock
  ................ 0c 00 00 00 00 00 00 00 00 00 00 00 00 00 00 00
  ....             00 00 00 00
004424-004434 T0Block "normal_t0"
004435-004450 DataBlock
  ................ 00 00 00 00 00 00 00 00 00 00 00 00 00 00 00 00
004451-004461 T0Block "normal_t0"
004462-004525 DataBlock
  ................ 00 00 00 00 00 00 00 00 00 00 00 00 00 00 00 00
  ................ 00 00 00 00 00 00 00 00 00 00 00 00 00 00 00 00
  ................ 00 00 00 00 ff 00 00 00 00 00 00 00 00 00 00 00
  ............0#.. 00 00 00 00 00 00 00 00 00 00 00 00 30 23 0f 09
004526-004532 StringBlock "value"
004533-004597 DataBlock
  ................ 00 00 00 00 11 01 00 00 02 00 00 00 00 00 00 00
  ................ 00 00 01 00 00 00 00 01 00 00 00 00 06 00 00 00
  ................ f3 ff ff ff 00 00 00 00 00 00 00 00 00 00 00 00
  .............@&. 00 00 00 00 00 00 00 00 00 02 00 00 00 40 26 0f
  .                09
004598-004607 StringBlock "negative"
004608-004644 DataBlock
  %.........x.x... 25 00 00 00 14 00 00 00 02 00 78 00 78 00 00 00
  ................ 03 00 00 00 04 00 00 00 00 00 00 00 01 00 00 00
  .....            01 00 00 00 00
004645-004698 UnicodeBlock "value_negative_Text_7d005a"
004699-004702 DataBlock
  ....             00 00 00 00
004703-004715 FontNameBlock "la_gioconda"
004716-004731 DataBlock
  ............7K.. 0c 00 00 00 01 00 00 00 00 00 00 00 37 4b ff ff
004732-004747 StringBlock "fe_tooltip_red"
004748-004767 DataBlock
  ................ 00 00 00 00 00 00 00 00 00 00 00 00 00 00 00 00
  ....             00 00 00 00
004768-004778 T0Block "normal_t0"
004779-004794 DataBlock
  ................ 00 00 00 00 00 00 00 00 00 00 00 00 00 00 00 00
004795-004805 T0Block "normal_t0"
004806-004841 DataBlock
  ................ 00 00 00 00 00 00 00 00 00 00 00 00 00 00 00 00
  ................ 00 00 00 00 00 00 00 00 00 00 00 00 00 00 00 00
  0(..             30 28 0f 09
004842-004851 StringBlock "positive"
004852-004888 DataBlock
  %.........x.x... 25 00 00 00 14 00 00 00 02 00 78 00 78 00 00 00
  ................ 03 00 00 00 04 00 00 00 00 00 00 00 01 00 00 00
  .....            01 00 00 00 00
004889-004942 UnicodeBlock "value_positive_Text_780078"
004943-004946 DataBlock
  ....             00 00 00 00
004947-004959 FontNameBlock "la_gioconda"
004960-004975 DataBlock
  ............&.d. 0c 00 00 00 01 00 00 00 00 00 00 00 26 b7 64 ff
004976-004993 StringBlock "fe_tooltip_green"
004994-005013 DataBlock
  ................ 00 00 00 00 00 00 00 00 00 00 00 00 00 00 00 00
  ....             00 00 00 00
005014-005024 T0Block "normal_t0"
005025-005040 DataBlock
  ................ 00 00 00 00 00 00 00 00 00 00 00 00 00 00 00 00
005041-005051 T0Block "normal_t0"
005052-005125 DataBlock
  ................ 00 00 00 00 00 00 00 00 00 00 00 00 00 00 00 00
  ................ 00 00 00 00 00 00 00 00 00 00 00 00 00 00 00 00
  ................ 00 00 00 00 ff 00 00 00 00 00 00 00 00 00 00 00
  ................ 00 00 00 00 00 00 00 00 00 00 00 00 00 00 00 00
  ........=.       00 00 00 00 00 00 e0 12 3d 0f
005126-005141 StringBlock "list_for_items"
005142-005206 DataBlock
  ................ 00 00 00 00 00 00 00 00 8a 00 00 00 01 01 00 00
  ................ 00 00 01 01 00 00 00 01 00 00 00 00 00 00 00 00
  ................ 00 00 00 00 00 00 00 00 00 00 00 00 00 00 00 00
  .............@.= 00 00 00 00 00 00 00 00 00 01 00 00 00 40 16 3d
  .                0f
005207-005216 NewStateBlock "NewState"
005217-005220 XSizeBlock 323
005221-005224 YSizeBlock 24
005225-005255 DataBlock
  ................ 00 00 00 00 02 00 00 00 00 00 00 00 00 00 00 00
  ...............  01 00 00 00 01 00 00 00 00 00 00 00 00 00 00
005256-005268 FontNameBlock "la_gioconda"
005269-005284 DataBlock
  ................ 0c 00 00 00 01 00 00 00 00 00 00 00 d7 f8 ff ff
005285-005301 StringBlock "fe_tooltip_text"
005302-005321 DataBlock
  ................ 08 00 00 00 00 00 00 00 06 00 00 00 00 00 00 00
  ....             00 00 00 00
005322-005332 T0Block "normal_t0"
005333-005348 DataBlock
  ................ 00 00 00 00 00 00 00 00 00 00 00 00 00 00 00 00
005349-005359 T0Block "normal_t0"
005360-005413 DataBlock
  ................ 00 00 00 00 00 00 00 00 00 00 00 00 00 00 00 00
  ................ 00 00 00 00 00 00 00 00 00 00 00 00 00 00 00 00
  ................ 00 00 00 00 ff 00 00 00 00 00 00 00 01 00 00 00
  ..`.C.           00 00 60 a3 43 12
005414-005428 StringBlock "item_template"
005429-005493 DataBlock
  ................ 00 00 00 00 00 00 00 00 00 00 00 00 01 01 00 00
  ................ 00 00 01 00 00 00 00 01 00 00 00 00 00 00 00 00
  ................ 00 00 00 00 00 00 00 00 00 00 00 00 00 00 00 00
  ................ 00 00 00 00 00 00 00 00 00 01 00 00 00 80 eb af
  .                11
005494-005503 NewStateBlock "NewState"
005504-005507 XSizeBlock 323
005508-005511 YSizeBlock 24
005512-005542 DataBlock
  ................ 00 00 00 00 02 00 00 00 04 00 00 00 00 00 00 00
  ...............  01 00 00 00 01 00 00 00 00 00 00 00 00 00 00
005543-005555 FontNameBlock "la_gioconda"
005556-005571 DataBlock
  ................ 0c 00 00 00 01 00 00 00 00 00 00 00 d7 f8 ff ff
005572-005580 StringBlock "fe_text"
005581-005600 DataBlock
  ................ 00 00 00 00 00 00 00 00 00 00 00 00 00 00 00 00
  ....             00 00 00 00
005601-005611 T0Block "normal_t0"
005612-005627 DataBlock
  ................ 00 00 00 00 00 00 00 00 00 00 00 00 00 00 00 00
005628-005638 T0Block "normal_t0"
005639-005692 DataBlock
  ................ 00 00 00 00 00 00 00 00 00 00 00 00 00 00 00 00
  ................ 00 00 00 00 00 00 00 00 00 00 00 00 00 00 00 00
  ................ 00 00 00 00 ff 00 00 00 00 00 00 00 02 00 00 00
  ....C.           00 00 c0 91 43 12
005693-005699 StringBlock "title"
005700-005764 DataBlock
  ................ 00 00 00 00 1c 00 00 00 00 00 00 00 01 01 00 00
  ................ 00 00 01 00 00 00 00 01 00 00 00 00 04 00 00 00
  ................ 1c 00 00 00 00 00 00 00 00 00 00 00 00 00 00 00
  ................ 00 00 00 00 00 00 00 00 00 01 00 00 00 80 d2 af
  .                11
005765-005774 NewStateBlock "NewState"
005775-005778 XSizeBlock 285
005779-005782 YSizeBlock 24
005783-005798 UnicodeBlock "dy_text"
005799-005821 DataBlock
  ................ 00 00 02 00 00 00 04 00 00 00 00 00 00 00 02 00
  .......          00 00 01 00 00 00 00
005822-005875 UnicodeBlock "title_NewState_Text_75002a"
005876-005879 DataBlock
  ....             00 00 00 00
005880-005892 FontNameBlock "la_gioconda"
005893-005908 DataBlock
  ................ 0a 00 00 00 01 00 00 00 01 00 00 00 d7 f8 ff ff
005909-005923 StringBlock "fe_text_small"
005924-005943 DataBlock
  ................ 0c 00 00 00 00 00 00 00 00 00 00 00 00 00 00 00
  ....             00 00 00 00
005944-005954 T0Block "normal_t0"
005955-005970 DataBlock
  ................ 00 00 00 00 00 00 00 00 00 00 00 00 00 00 00 00
005971-005981 T0Block "normal_t0"
005982-006045 DataBlock
  ................ 00 00 00 00 00 00 00 00 00 00 00 00 00 00 00 00
  ................ 00 00 00 00 00 00 00 00 00 00 00 00 00 00 00 00
  ................ 00 00 00 00 ff 00 00 00 00 00 00 00 00 00 00 00
  ..............C. 00 00 00 00 00 00 00 00 00 00 00 00 80 aa 43 12
006046-006052 StringBlock "value"
006053-006117 DataBlock
  ................ 00 00 00 00 f5 00 00 00 00 00 00 00 00 00 00 00
  ................ 00 00 01 00 00 00 00 01 00 00 00 00 06 00 00 00
  ................ d7 ff ff ff 00 00 00 00 00 00 00 00 00 00 00 00
  ................ 00 00 00 00 00 00 00 00 00 02 00 00 00 00 fc ae
  .                11
006118-006127 StringBlock "negative"
006128-006164 DataBlock
  %.........x.x... 25 00 00 00 18 00 00 00 02 00 78 00 78 00 00 00
  ................ 03 00 00 00 04 00 00 00 00 00 00 00 02 00 00 00
  .....            01 00 00 00 00
006165-006218 UnicodeBlock "value_negative_Text_780078"
006219-006222 DataBlock
  ....             00 00 00 00
006223-006235 FontNameBlock "la_gioconda"
006236-006251 DataBlock
  ............7K.. 0a 00 00 00 01 00 00 00 01 00 00 00 37 4b ff ff
006252-006273 StringBlock "fe_tooltip_small_red"
006274-006293 DataBlock
  ................ 00 00 00 00 00 00 00 00 00 00 00 00 00 00 00 00
  ....             00 00 00 00
006294-006304 T0Block "normal_t0"
006305-006320 DataBlock
  ................ 00 00 00 00 00 00 00 00 00 00 00 00 00 00 00 00
006321-006331 T0Block "normal_t0"
006332-006367 DataBlock
  ................ 00 00 00 00 00 00 00 00 00 00 00 00 00 00 00 00
  ................ 00 00 00 00 00 00 00 00 00 00 00 00 00 00 00 00
  ....             c0 f4 af 11
006368-006377 StringBlock "positive"
006378-006414 DataBlock
  %.........x.x... 25 00 00 00 18 00 00 00 02 00 78 00 78 00 00 00
  ................ 03 00 00 00 04 00 00 00 00 00 00 00 02 00 00 00
  .....            01 00 00 00 00
006415-006468 UnicodeBlock "value_positive_Text_780078"
006469-006472 DataBlock
  ....             00 00 00 00
006473-006485 FontNameBlock "la_gioconda"
006486-006501 DataBlock
  ............&.d. 0a 00 00 00 01 00 00 00 01 00 00 00 26 b7 64 ff
006502-006525 StringBlock "fe_tooltip_small_green"
006526-006545 DataBlock
  ................ 00 00 00 00 00 00 00 00 00 00 00 00 00 00 00 00
  ....             00 00 00 00
006546-006556 T0Block "normal_t0"
006557-006572 DataBlock
  ................ 00 00 00 00 00 00 00 00 00 00 00 00 00 00 00 00
006573-006583 T0Block "normal_t0"
006584-006652 DataBlock
  ................ 00 00 00 00 00 00 00 00 00 00 00 00 00 00 00 00
  ................ 00 00 00 00 00 00 00 00 00 00 00 00 00 00 00 00
  ................ 00 00 00 00 ff 00 00 00 00 00 00 00 00 00 00 00
  ................ 00 00 00 00 00 00 00 00 00 00 00 00 00 00 00 00
  .....            00 00 00 00 01
006653-006658 StringBlock "List"
006659-006722 DataBlock
  .......C........ 01 00 00 00 00 00 aa 43 00 00 00 00 00 00 00 00
  ................ 00 01 00 00 00 01 00 00 00 00 00 00 00 00 00 00
  ................ 00 00 00 00 00 00 00 00 00 00 00 00 00 00 00 00
  ................ 00 00 00 00 00 00 00 00 00 00 00 00 d0 f1 f9 0d
006723-006749 StringBlock "accumalated_growth_points"
006750-006814 DataBlock
  ................ 00 00 00 00 00 00 00 00 a2 00 00 00 01 00 00 00
  ................ 00 00 01 00 00 00 00 01 00 00 00 00 00 00 00 00
  ................ 00 00 00 00 00 00 00 00 00 00 00 00 00 00 00 00
  .............0.. 00 00 00 00 00 00 00 00 00 01 00 00 00 30 f5 f9
  .                0d
006815-006824 NewStateBlock "NewState"
006825-006828 XSizeBlock 323
006829-006832 YSizeBlock 24
006833-006863 DataBlock
  ................ 00 00 00 00 02 00 00 00 04 00 00 00 00 00 00 00
  ...............  01 00 00 00 01 00 00 00 00 00 00 00 00 00 00
006864-006876 FontNameBlock "la_gioconda"
006877-006892 DataBlock
  ................ 0c 00 00 00 01 00 00 00 00 00 00 00 d7 f8 ff ff
006893-006901 StringBlock "fe_text"
006902-006921 DataBlock
  ................ 00 00 00 00 00 00 00 00 00 00 00 00 00 00 00 00
  ....             00 00 00 00
006922-006932 T0Block "normal_t0"
006933-006948 DataBlock
  ................ 00 00 00 00 00 00 00 00 00 00 00 00 00 00 00 00
006949-006959 T0Block "normal_t0"
006960-007013 DataBlock
  ................ 00 00 00 00 00 00 00 00 00 00 00 00 00 00 00 00
  ................ 00 00 00 00 00 00 00 00 00 00 00 00 00 00 00 00
  ................ 00 00 00 00 ff 00 00 00 00 00 00 00 02 00 00 00
  ..0...           00 00 30 f7 f9 0d
007014-007020 StringBlock "title"
007021-007085 DataBlock
  ................ 00 00 00 00 00 00 00 00 00 00 00 00 01 01 00 00
  ................ 00 00 01 00 00 00 00 01 00 00 00 00 04 00 00 00
  ................ 00 00 00 00 00 00 00 00 00 00 00 00 00 00 00 00
  ............. .. 00 00 00 00 00 00 00 00 00 01 00 00 00 20 8f 8f
  .                10
007086-007095 NewStateBlock "NewState"
007096-007099 XSizeBlock 286
007100-007103 YSizeBlock 24
007104-007141 UnicodeBlock "Accumulated growth"
007142-007164 DataBlock
  ................ 00 00 02 00 00 00 04 00 00 00 00 00 00 00 02 00
  .......          00 00 01 00 00 00 01
007165-007218 UnicodeBlock "title_NewState_Text_2a004f"
007219-007222 DataBlock
  ....             00 00 00 00
007223-007235 FontNameBlock "la_gioconda"
007236-007251 DataBlock
  ................ 0c 00 00 00 01 00 00 00 00 00 00 00 d7 f8 ff ff
007252-007260 StringBlock "fe_text"
007261-007280 DataBlock
  ................ 0c 00 00 00 00 00 00 00 00 00 00 00 00 00 00 00
  ....             00 00 00 00
007281-007291 T0Block "normal_t0"
007292-007307 DataBlock
  ................ 00 00 00 00 00 00 00 00 00 00 00 00 00 00 00 00
007308-007318 T0Block "normal_t0"
007319-007382 DataBlock
  ................ 00 00 00 00 00 00 00 00 00 00 00 00 00 00 00 00
  ................ 00 00 00 00 00 00 00 00 00 00 00 00 00 00 00 00
  ................ 00 00 00 00 ff 00 00 00 00 00 00 00 00 00 00 00
  ............ ... 00 00 00 00 00 00 00 00 00 00 00 00 20 91 8f 10
007383-007389 StringBlock "value"
007390-007454 DataBlock
  ................ 00 00 00 00 11 01 00 00 02 00 00 00 00 00 00 00
  ................ 00 00 01 00 00 00 00 01 00 00 00 00 06 00 00 00
  ................ f3 ff ff ff 00 00 00 00 00 00 00 00 00 00 00 00
  ................ 00 00 00 00 00 00 00 00 00 02 00 00 00 80 94 8f
  .                10
007455-007464 StringBlock "negative"
007465-007501 DataBlock
  %.........x.x... 25 00 00 00 14 00 00 00 02 00 78 00 78 00 00 00
  ................ 03 00 00 00 04 00 00 00 00 00 00 00 01 00 00 00
  .....            01 00 00 00 00
007502-007555 UnicodeBlock "value_negative_Text_780078"
007556-007559 DataBlock
  ....             00 00 00 00
007560-007572 FontNameBlock "la_gioconda"
007573-007588 DataBlock
  ............7K.. 0c 00 00 00 01 00 00 00 00 00 00 00 37 4b ff ff
007589-007604 StringBlock "fe_tooltip_red"
007605-007624 DataBlock
  ................ 00 00 00 00 00 00 00 00 00 00 00 00 00 00 00 00
  ....             00 00 00 00
007625-007635 T0Block "normal_t0"
007636-007651 DataBlock
  ................ 00 00 00 00 00 00 00 00 00 00 00 00 00 00 00 00
007652-007662 T0Block "normal_t0"
007663-007698 DataBlock
  ................ 00 00 00 00 00 00 00 00 00 00 00 00 00 00 00 00
  ................ 00 00 00 00 00 00 00 00 00 00 00 00 00 00 00 00
  ....             80 96 8f 10
007699-007708 StringBlock "positive"
007709-007745 DataBlock
  %.........x.x... 25 00 00 00 14 00 00 00 02 00 78 00 78 00 00 00
  ................ 03 00 00 00 04 00 00 00 00 00 00 00 01 00 00 00
  .....            01 00 00 00 00
007746-007799 UnicodeBlock "value_positive_Text_780078"
007800-007803 DataBlock
  ....             00 00 00 00
007804-007816 FontNameBlock "la_gioconda"
007817-007832 DataBlock
  ............&.d. 0c 00 00 00 01 00 00 00 00 00 00 00 26 b7 64 ff
007833-007850 StringBlock "fe_tooltip_green"
007851-007870 DataBlock
  ................ 00 00 00 00 00 00 00 00 00 00 00 00 00 00 00 00
  ....             00 00 00 00
007871-007881 T0Block "normal_t0"
007882-007897 DataBlock
  ................ 00 00 00 00 00 00 00 00 00 00 00 00 00 00 00 00
007898-007908 T0Block "normal_t0"
007909-007982 DataBlock
  ................ 00 00 00 00 00 00 00 00 00 00 00 00 00 00 00 00
  ................ 00 00 00 00 00 00 00 00 00 00 00 00 00 00 00 00
  ................ 00 00 00 00 ff 00 00 00 00 00 00 00 00 00 00 00
  ................ 00 00 00 00 00 00 00 00 00 00 00 00 00 00 00 00
  ..........       00 00 00 00 00 00 a0 98 8f 10
007983-008006 StringBlock "growth_for_next_points"
008007-008071 DataBlock
  ................ 00 00 00 00 00 00 00 00 ba 00 00 00 01 00 00 00
  ................ 00 00 01 00 00 00 00 01 00 00 00 00 00 00 00 00
  ................ 00 00 00 00 00 00 00 00 00 00 00 00 00 00 00 00
  ................ 00 00 00 00 00 00 00 00 00 01 00 00 00 00 9c 8f
  .                10
008072-008081 NewStateBlock "NewState"
008082-008085 XSizeBlock 323
008086-008089 YSizeBlock 24
008090-008120 DataBlock
  ................ 00 00 00 00 02 00 00 00 04 00 00 00 00 00 00 00
  ...............  01 00 00 00 01 00 00 00 00 00 00 00 00 00 00
008121-008133 FontNameBlock "la_gioconda"
008134-008149 DataBlock
  ................ 0c 00 00 00 01 00 00 00 00 00 00 00 d7 f8 ff ff
008150-008158 StringBlock "fe_text"
008159-008178 DataBlock
  ................ 00 00 00 00 00 00 00 00 00 00 00 00 00 00 00 00
  ....             00 00 00 00
008179-008189 T0Block "normal_t0"
008190-008205 DataBlock
  ................ 00 00 00 00 00 00 00 00 00 00 00 00 00 00 00 00
008206-008216 T0Block "normal_t0"
008217-008270 DataBlock
  ................ 00 00 00 00 00 00 00 00 00 00 00 00 00 00 00 00
  ................ 00 00 00 00 00 00 00 00 00 00 00 00 00 00 00 00
  ................ 00 00 00 00 ff 00 00 00 00 00 00 00 02 00 00 00
  ......           00 00 00 9e 8f 10
008271-008277 StringBlock "title"
008278-008342 DataBlock
  ................ 00 00 00 00 00 00 00 00 00 00 00 00 01 01 00 00
  ................ 00 00 01 00 00 00 00 01 00 00 00 00 04 00 00 00
  ................ 00 00 00 00 00 00 00 00 00 00 00 00 00 00 00 00
  ...............7 00 00 00 00 00 00 00 00 00 01 00 00 00 a0 b7 37
  .                0d
008343-008352 NewStateBlock "NewState"
008353-008356 XSizeBlock 286
008357-008360 YSizeBlock 24
008361-008476 UnicodeBlock "Growth needed for [[img:icon_pop_surplus]][[/img]]surplus"
008477-008499 DataBlock
  ................ 00 00 02 00 00 00 04 00 00 00 00 00 00 00 02 00
  .......          00 00 01 00 00 00 01
008500-008553 UnicodeBlock "title_NewState_Text_560046"
008554-008557 DataBlock
  ....             00 00 00 00
008558-008570 FontNameBlock "la_gioconda"
008571-008586 DataBlock
  ................ 0c 00 00 00 01 00 00 00 00 00 00 00 d7 f8 ff ff
008587-008595 StringBlock "fe_text"
008596-008615 DataBlock
  ................ 0c 00 00 00 00 00 00 00 00 00 00 00 00 00 00 00
  ....             00 00 00 00
008616-008626 T0Block "normal_t0"
008627-008642 DataBlock
  ................ 00 00 00 00 00 00 00 00 00 00 00 00 00 00 00 00
008643-008653 T0Block "normal_t0"
008654-008717 DataBlock
  ................ 00 00 00 00 00 00 00 00 00 00 00 00 00 00 00 00
  ................ 00 00 00 00 00 00 00 00 00 00 00 00 00 00 00 00
  ................ 00 00 00 00 ff 00 00 00 00 00 00 00 00 00 00 00
  ..............7. 00 00 00 00 00 00 00 00 00 00 00 00 b0 b9 37 0d
008718-008724 StringBlock "value"
008725-008789 DataBlock
  ................ 00 00 00 00 11 01 00 00 02 00 00 00 00 00 00 00
  ................ 00 00 01 00 00 00 00 01 00 00 00 00 06 00 00 00
  ................ f3 ff ff ff 00 00 00 00 00 00 00 00 00 00 00 00
  ...............7 00 00 00 00 00 00 00 00 00 02 00 00 00 10 bd 37
  .                0d
008790-008799 StringBlock "negative"
008800-008836 DataBlock
  %.........x.x... 25 00 00 00 14 00 00 00 02 00 78 00 78 00 00 00
  ................ 03 00 00 00 04 00 00 00 00 00 00 00 01 00 00 00
  .....            01 00 00 00 00
008837-008890 UnicodeBlock "value_negative_Text_780078"
008891-008894 DataBlock
  ....             00 00 00 00
008895-008907 FontNameBlock "la_gioconda"
008908-008923 DataBlock
  ............7K.. 0c 00 00 00 01 00 00 00 00 00 00 00 37 4b ff ff
008924-008939 StringBlock "fe_tooltip_red"
008940-008959 DataBlock
  ................ 00 00 00 00 00 00 00 00 00 00 00 00 00 00 00 00
  ....             00 00 00 00
008960-008970 T0Block "normal_t0"
008971-008986 DataBlock
  ................ 00 00 00 00 00 00 00 00 00 00 00 00 00 00 00 00
008987-008997 T0Block "normal_t0"
008998-009033 DataBlock
  ................ 00 00 00 00 00 00 00 00 00 00 00 00 00 00 00 00
  ................ 00 00 00 00 00 00 00 00 00 00 00 00 00 00 00 00
  ..7.             10 bf 37 0d
009034-009043 StringBlock "positive"
009044-009080 DataBlock
  %.........x.x... 25 00 00 00 14 00 00 00 02 00 78 00 78 00 00 00
  ................ 03 00 00 00 04 00 00 00 00 00 00 00 01 00 00 00
  .....            01 00 00 00 00
009081-009134 UnicodeBlock "value_positive_Text_780078"
009135-009138 DataBlock
  ....             00 00 00 00
009139-009151 FontNameBlock "la_gioconda"
009152-009167 DataBlock
  ............&.d. 0c 00 00 00 01 00 00 00 00 00 00 00 26 b7 64 ff
009168-009185 StringBlock "fe_tooltip_green"
009186-009205 DataBlock
  ................ 00 00 00 00 00 00 00 00 00 00 00 00 00 00 00 00
  ....             00 00 00 00
009206-009216 T0Block "normal_t0"
009217-009232 DataBlock
  ................ 00 00 00 00 00 00 00 00 00 00 00 00 00 00 00 00
009233-009243 T0Block "normal_t0"
009244-009317 DataBlock
  ................ 00 00 00 00 00 00 00 00 00 00 00 00 00 00 00 00
  ................ 00 00 00 00 00 00 00 00 00 00 00 00 00 00 00 00
  ................ 00 00 00 00 ff 00 00 00 00 00 00 00 00 00 00 00
  ................ 00 00 00 00 00 00 00 00 00 00 00 00 00 00 00 00
  .......Q.G       00 00 00 00 00 00 00 51 ed 47
009318-009336 StringBlock "turns_until_point"
009337-009401 DataBlock
  ................ 00 00 00 00 00 00 00 00 d2 00 00 00 01 00 00 00
  ................ 00 00 01 00 00 00 00 01 00 00 00 00 00 00 00 00
  ................ 00 00 00 00 00 00 00 00 00 00 00 00 00 00 00 00
  ................ 00 00 00 00 00 00 00 00 00 01 00 00 00 80 90 e9
  G                47
009402-009411 NewStateBlock "NewState"
009412-009415 XSizeBlock 323
009416-009419 YSizeBlock 24
009420-009450 DataBlock
  ................ 00 00 00 00 02 00 00 00 04 00 00 00 00 00 00 00
  ...............  01 00 00 00 01 00 00 00 00 00 00 00 00 00 00
009451-009463 FontNameBlock "la_gioconda"
009464-009479 DataBlock
  ................ 0c 00 00 00 01 00 00 00 00 00 00 00 d7 f8 ff ff
009480-009488 StringBlock "fe_text"
009489-009508 DataBlock
  ................ 00 00 00 00 00 00 00 00 00 00 00 00 00 00 00 00
  ....             00 00 00 00
009509-009519 T0Block "normal_t0"
009520-009535 DataBlock
  ................ 00 00 00 00 00 00 00 00 00 00 00 00 00 00 00 00
009536-009546 T0Block "normal_t0"
009547-009600 DataBlock
  ................ 00 00 00 00 00 00 00 00 00 00 00 00 00 00 00 00
  ................ 00 00 00 00 00 00 00 00 00 00 00 00 00 00 00 00
  ................ 00 00 00 00 ff 00 00 00 00 00 00 00 02 00 00 00
  .....G           00 00 80 a4 e7 47
009601-009607 StringBlock "title"
009608-009672 DataBlock
  ................ 00 00 00 00 00 00 00 00 00 00 00 00 01 01 00 00
  ................ 00 00 01 00 00 00 00 01 00 00 00 00 04 00 00 00
  ................ 00 00 00 00 00 00 00 00 00 00 00 00 00 00 00 00
  ................ 00 00 00 00 00 00 00 00 00 01 00 00 00 00 c3 e8
  G                47
009673-009682 NewStateBlock "NewState"
009683-009686 XSizeBlock 286
009687-009690 YSizeBlock 24
009691-009742 UnicodeBlock "Turns until surplus point"
009743-009765 DataBlock
  ................ 00 00 02 00 00 00 04 00 00 00 00 00 00 00 02 00
  .......          00 00 01 00 00 00 01
009766-009819 UnicodeBlock "title_NewState_Text_4d004b"
009820-009823 DataBlock
  ....             00 00 00 00
009824-009836 FontNameBlock "la_gioconda"
009837-009852 DataBlock
  ................ 0c 00 00 00 01 00 00 00 00 00 00 00 d7 f8 ff ff
009853-009861 StringBlock "fe_text"
009862-009881 DataBlock
  ................ 0c 00 00 00 00 00 00 00 00 00 00 00 00 00 00 00
  ....             00 00 00 00
009882-009892 T0Block "normal_t0"
009893-009908 DataBlock
  ................ 00 00 00 00 00 00 00 00 00 00 00 00 00 00 00 00
009909-009919 T0Block "normal_t0"
009920-009983 DataBlock
  ................ 00 00 00 00 00 00 00 00 00 00 00 00 00 00 00 00
  ................ 00 00 00 00 00 00 00 00 00 00 00 00 00 00 00 00
  ................ 00 00 00 00 ff 00 00 00 00 00 00 00 00 00 00 00
  ...............G 00 00 00 00 00 00 00 00 00 00 00 00 00 db e0 47
009984-009990 StringBlock "value"
009991-010055 DataBlock
  ................ 00 00 00 00 11 01 00 00 02 00 00 00 00 00 00 00
  ................ 00 00 01 00 00 00 00 01 00 00 00 00 06 00 00 00
  ............G... f3 ff ff ff 00 00 00 00 00 80 97 e9 47 00 00 00
  ................ 00 00 00 00 00 00 00 00 00 02 00 00 00 80 bd ef
  G                47
010056-010065 StringBlock "negative"
010066-010102 DataBlock
  %.........x.x... 25 00 00 00 14 00 00 00 02 00 78 00 78 00 00 00
  ................ 03 00 00 00 04 00 00 00 00 00 00 00 01 00 00 00
  .....            01 00 00 00 00
010103-010156 UnicodeBlock "value_negative_Text_780078"
010157-010160 DataBlock
  ....             00 00 00 00
010161-010173 FontNameBlock "la_gioconda"
010174-010189 DataBlock
  ............7K.. 0c 00 00 00 01 00 00 00 00 00 00 00 37 4b ff ff
010190-010205 StringBlock "fe_tooltip_red"
010206-010225 DataBlock
  ................ 00 00 00 00 00 00 00 00 00 00 00 00 00 00 00 00
  ....             00 00 00 00
010226-010236 T0Block "normal_t0"
010237-010252 DataBlock
  ................ 00 00 00 00 00 00 00 00 00 00 00 00 00 00 00 00
010253-010263 T0Block "normal_t0"
010264-010299 DataBlock
  ................ 00 00 00 00 00 00 00 00 00 00 00 00 00 00 00 00
  ................ 00 00 00 00 00 00 00 00 00 00 00 00 00 00 00 00
  ...G             80 97 e9 47
010300-010309 StringBlock "positive"
010310-010346 DataBlock
  %.........x.x... 25 00 00 00 14 00 00 00 02 00 78 00 78 00 00 00
  ................ 03 00 00 00 04 00 00 00 00 00 00 00 01 00 00 00
  .....            01 00 00 00 00
010347-010400 UnicodeBlock "value_positive_Text_780078"
010401-010404 DataBlock
  ....             00 00 00 00
010405-010417 FontNameBlock "la_gioconda"
010418-010433 DataBlock
  ............&.d. 0c 00 00 00 01 00 00 00 00 00 00 00 26 b7 64 ff
010434-010451 StringBlock "fe_tooltip_green"
010452-010471 DataBlock
  ................ 00 00 00 00 00 00 00 00 00 00 00 00 00 00 00 00
  ....             00 00 00 00
010472-010482 T0Block "normal_t0"
010483-010498 DataBlock
  ................ 00 00 00 00 00 00 00 00 00 00 00 00 00 00 00 00
010499-010509 T0Block "normal_t0"
010510-010578 DataBlock
  ................ 00 00 00 00 00 00 00 00 00 00 00 00 00 00 00 00
  ................ 00 00 00 00 00 00 00 00 00 00 00 00 00 00 00 00
  ................ 00 00 00 00 ff 00 00 00 00 00 00 00 00 00 00 00
  ................ 00 00 00 00 00 00 00 00 00 00 00 00 00 00 00 00
  .....            00 00 00 00 01
010579-010584 StringBlock "List"
010585-010652 DataBlock
  .......C........ 01 00 00 00 00 00 ad 43 00 00 00 00 00 00 00 00
  ................ 00 01 00 00 00 01 00 00 00 00 00 04 00 00 00 00
  ................ 00 00 00 00 00 00 00 00 00 00 00 00 00 00 00 00
  ................ 00 00 00 00 00 00 00 00 00 00 00 00 00 00 00 00
  ....             00 00 00 00
