000000-000009 VersionBlock 106
000010-000013 RootIDBlock 325901376
000014-000019 StringBlock "root"
000020-000021 StringBlock ""
000022-000025 XOffsetBlock 0
000026-000029 YOffsetBlock 0
000030-000095 DataBlock
  ................ 00 00 01 01 00 00 00 00 01 00 00 00 00 01 00 00
  ................ 00 00 00 00 00 00 00 00 00 00 00 00 00 00 00 00
  .......`........ 00 00 00 01 00 00 00 60 93 ff 14 00 00 00 05 00
  ................ 00 c0 03 00 00 00 00 00 00 00 00 00 00 00 01 00
  ..               00 00
000096-000099 StateIDBlock 261040544
000100-000109 NewStateBlock "NewState"
000110-000113 XSizeBlock 1280
000114-000117 YSizeBlock 960
000118-000148 DataBlock
  ................ 00 00 00 00 02 00 00 00 00 00 00 00 00 00 00 00
  ...............  01 00 00 00 01 00 00 00 00 00 00 00 00 00 00
000149-000160 FontNameBlock "Norse-Bold"
000161-000176 DataBlock
  ................ 0a 00 00 00 02 00 00 00 01 00 00 00 dd da fa ff
000177-000199 StringBlock "Default Font Category"
000200-000219 DataBlock
  ................ 00 00 00 00 00 00 00 00 00 00 00 00 00 00 00 00
  ....             01 00 00 00
000220-000230 T0Block "normal_t0"
000231-000246 DataBlock
  ................ 00 00 00 00 00 00 00 00 00 00 00 00 00 00 00 00
000247-000257 T0Block "normal_t0"
000258-000410 DataBlock
  ................ 00 00 00 00 00 00 00 00 00 00 00 00 00 00 00 00
  ....`........... 01 00 00 00 60 93 ff 14 00 00 00 00 00 00 00 00
  ........4&...... 00 05 00 00 c0 03 00 00 34 26 1b ff 00 00 00 00
  ................ 00 00 00 00 00 00 00 00 00 00 00 01 01 00 00 00
  ................ 00 00 00 00 00 00 00 00 00 00 00 00 00 00 00 00
  ....?........... 00 00 00 80 3f 00 00 00 00 00 00 00 00 00 00 00
  ................ 00 00 00 00 00 00 00 00 00 00 00 00 00 00 00 00
  ................ 00 00 00 00 00 00 00 00 00 00 00 00 00 00 00 00
  ................ 00 00 00 00 00 00 00 00 00 00 00 00 00 00 00 01
  ..... ...        00 00 00 00 00 20 95 ff 14
000411-000428 StringBlock "popup_text_input"
000429-000430 DataBlock
  ..               00 00
000431-000446 StringBlock "PopupTextInput"
000447-000491 DataBlock
  ................ b8 01 00 00 7f 01 00 00 00 00 00 00 00 00 01 00
  ................ 00 00 00 01 00 00 00 00 05 00 00 00 00 00 00 00
  .............    f4 ff ff ff 00 00 00 00 00 03 00 00 00
000492-000545 ImageBlock id=318181152 xsize=206 ysize=206 path="ui\\skins\\default\\panel_back_tile.png" unknown=2593177600
000546-000546 DataBlock
  +                2b
000547-000586 ImagePathBlock "ui\\skins\\default\\panel_back_border.png"
000587-000591 DataBlock
  .....            00 01 00 00 00
000592-000651 ImageListBlock 1 elements:
  000596-000651 ImageBlock id=780065152 xsize=256 ysize=256 path="ui\\skins\\default\\panel_back_bottom.png" unknown=0
000652-000660 DataBlock
  .........        00 00 00 00 00 01 00 00 00
000661-000664 StateIDBlock 316390720
000665-000674 NewStateBlock "NewState"
000675-000678 XSizeBlock 400
000679-000682 YSizeBlock 169
000683-000713 DataBlock
  ................ 00 00 00 00 04 00 00 00 04 00 00 00 00 00 00 00
  ...............  01 00 00 00 01 00 00 00 00 00 00 00 00 00 00
000714-000725 FontNameBlock "Norse-Bold"
000726-000741 DataBlock
  ................ 0a 00 00 00 02 00 00 00 01 00 00 00 dd da fa ff
000742-000764 StringBlock "Default Font Category"
000765-000784 DataBlock
  ................ 00 00 00 00 00 00 00 00 00 00 00 00 00 00 00 00
  ....             00 00 00 00
000785-000795 T0Block "normal_t0"
000796-000811 DataBlock
  ................ 00 00 00 00 00 00 00 00 00 00 00 00 00 00 00 00
000812-000822 T0Block "normal_t0"
000823-000842 DataBlock
  ................ 00 00 00 00 00 00 00 00 00 00 00 00 00 00 00 00
  ....             03 00 00 00
000843-000866 ImageUseBlock id=318181152 xofs=0 yofs=0 xsize=400 ysize=169 brga=4294967295
000867-001040 DataBlock
  ................ 01 00 00 05 00 00 00 00 00 00 00 00 00 00 00 01
  ................ 01 00 00 00 00 00 00 00 00 00 00 00 00 00 00 00
  ........?....... 00 00 00 00 00 00 00 80 3f 00 00 00 00 00 00 00
  ............. A. 00 00 00 00 00 00 00 00 00 00 00 00 00 20 41 00
  . A.. A.. A...+. 00 20 41 00 00 20 41 00 00 20 41 c0 90 9a 2b 00
  ................ 00 00 00 00 00 00 00 90 01 00 00 a9 00 00 00 ff
  ................ ff ff ff 01 00 00 00 00 00 00 00 00 00 00 00 00
  ................ 00 00 01 01 00 00 00 00 00 00 00 00 00 00 00 00
  ...........?.... 00 00 00 00 00 00 00 00 00 00 80 3f 00 00 00 00
  ................ 00 00 00 00 00 00 00 00 00 00 00 00 00 00 00 00
   B.. B.. B.. B   20 42 00 00 20 42 00 00 20 42 00 00 20 42
001041-001064 ImageUseBlock id=780065152 xofs=0 yofs=94 xsize=400 ysize=75 brga=4294967295
001065-001173 DataBlock
  ................ 01 00 00 08 00 00 00 00 00 00 00 00 00 00 00 01
  ................ 00 00 00 00 00 00 00 00 00 00 00 00 00 00 00 00
  ........?....... 00 00 00 00 00 00 00 80 3f 00 00 00 00 00 00 00
  ..............A. 00 00 00 00 00 00 00 00 00 00 00 00 00 f0 41 00
  . B...A.. B..... 00 20 42 00 00 f0 41 00 00 20 42 00 00 00 00 00
  ................ 00 00 00 00 00 00 00 00 00 00 00 c8 00 00 00 00
  ............+    00 00 00 03 00 00 00 00 00 c0 ee a0 2b
001174-001197 StringBlock "text_input_list_parent"
001198-001258 DataBlock
  ....2.../....... 00 00 00 00 32 00 00 00 2f 00 00 00 00 01 00 00
  ................ 00 00 01 00 00 00 00 01 00 00 00 00 02 00 00 00
  ..../.....l..... 00 00 00 00 2f 00 00 00 00 80 6c 90 18 00 00 00
  .............    00 00 00 00 00 00 00 00 00 01 00 00 00
001259-001262 StateIDBlock 412118144
001263-001272 NewStateBlock "NewState"
001273-001276 XSizeBlock 300
001277-001280 YSizeBlock 33
001281-001311 DataBlock
  ................ 00 00 00 00 02 00 00 00 00 00 00 00 00 00 00 00
  ...............  02 00 00 00 01 00 00 00 00 00 00 00 00 00 00
001312-001323 FontNameBlock "Norse-Bold"
001324-001339 DataBlock
  ................ 0a 00 00 00 02 00 00 00 01 00 00 00 dd da fa ff
001340-001362 StringBlock "Default Font Category"
001363-001382 DataBlock
  ................ 00 00 00 00 00 00 00 00 00 00 00 00 00 00 00 00
  ....             00 00 00 00
001383-001393 T0Block "normal_t0"
001394-001409 DataBlock
  ................ 00 00 00 00 00 00 00 00 00 00 00 00 00 00 00 00
001410-001420 T0Block "normal_t0"
001421-001474 DataBlock
  ................ 00 00 00 00 00 00 00 00 00 00 00 00 00 00 00 00
  ................ 00 00 00 00 00 00 00 00 00 00 00 00 00 00 00 00
  ................ 00 00 00 00 c8 00 00 00 00 00 00 00 01 00 00 00
  .. R..           00 00 20 52 9e 13
001475-001486 StringBlock "text_input"
001487-001488 DataBlock
  ..               00 00
001489-001499 StringBlock "TextInput"
001500-001540 DataBlock
  ................ 00 00 00 00 00 00 00 00 00 00 00 00 00 00 01 00
  ................ 00 00 00 01 00 00 00 00 00 00 00 00 00 00 00 00
  .........        00 00 00 00 00 00 00 00 00
001541-001593 ImageListBlock 1 elements:
  001545-001593 ImageBlock id=794620672 xsize=183 ysize=27 path="ui\\skins\\default\\frame_text.png" unknown=0
001594-001602 DataBlock
  .........        00 00 00 00 00 01 00 00 00
001603-001606 StateIDBlock 346526976
001607-001616 NewStateBlock "NewState"
001617-001620 XSizeBlock 300
001621-001624 YSizeBlock 33
001625-001655 DataBlock
  ................ 03 00 2e 00 2e 00 2e 00 00 00 04 00 00 00 04 00
  ...............  00 00 02 00 00 00 02 00 00 00 01 00 00 00 01
001656-001719 UnicodeBlock "text_field_NewState_Text_350007"
001720-001723 DataBlock
  ....             00 00 00 00
001724-001746 FontNameBlock "la_gioconda_uppercase"
001747-001762 DataBlock
  ................ 0e 00 00 00 01 00 00 00 01 00 00 00 d7 f8 ff ff
001763-001779 StringBlock "FE_header_small"
001780-001799 DataBlock
  ................ 06 00 00 00 00 00 00 00 00 00 00 00 00 00 00 00
  ....             01 00 00 00
001800-001810 T0Block "normal_t0"
001811-001826 DataBlock
  ................ 00 00 00 00 00 00 00 00 00 00 00 00 00 00 00 00
001827-001837 T0Block "normal_t0"
001838-001857 DataBlock
  ................ 00 00 00 00 00 00 00 00 00 00 00 00 00 00 00 00
  ....             01 00 00 00
001858-001881 ImageUseBlock id=794620672 xofs=0 yofs=0 xsize=300 ysize=33 brga=4294967295
001882-001972 DataBlock
  ................ 01 00 00 00 00 00 00 00 00 00 00 00 00 00 00 01
  ................ 01 00 00 00 00 00 00 00 00 00 00 00 00 00 00 00
  ........?....... 00 00 00 00 00 00 00 80 3f 00 00 00 00 00 00 00
  ..............@. 00 00 00 00 00 00 00 00 00 00 00 00 00 80 40 00
  ..@...@...@..... 00 80 40 00 00 80 40 00 00 80 40 00 00 00 00 00
  ...........      00 00 00 00 00 00 00 01 00 00 00
001973-001983 StringBlock "HideInput"
001984-002004 DataBlock
  ..0............. 01 00 30 c8 00 00 00 00 00 00 00 01 00 00 00 00
  .....            00 c0 1d b4 14
002005-002015 StringBlock "highlight"
002016-002091 DataBlock
  ................ 00 00 00 00 03 00 00 00 03 00 00 00 01 01 00 00
  ................ 00 00 01 00 00 00 00 01 00 00 00 00 00 00 00 00
  ..........&..... 00 00 00 00 00 00 00 00 00 c0 26 05 14 01 00 00
  .@4^............ 00 40 34 5e 13 00 00 c7 00 00 00 2e 00 00 00 00
  ............     00 00 00 00 00 00 00 00 01 00 00 00
002092-002095 StateIDBlock 335881920
002096-002105 NewStateBlock "NewState"
002106-002109 XSizeBlock 294
002110-002113 YSizeBlock 26
002114-002144 DataBlock
  ................ 00 00 00 00 02 00 00 00 00 00 00 00 00 00 00 00
  ...............  01 00 00 00 01 00 00 00 00 00 00 00 00 00 00
002145-002167 FontNameBlock "la_gioconda_uppercase"
002168-002183 DataBlock
  ................ 0e 00 00 00 01 00 00 00 01 00 00 00 d7 f8 ff ff
002184-002200 StringBlock "FE_header_small"
002201-002220 DataBlock
  ................ 00 00 00 00 00 00 00 00 00 00 00 00 00 00 00 00
  ....             00 00 00 00
002221-002231 T0Block "normal_t0"
002232-002247 DataBlock
  ................ 00 00 00 00 00 00 00 00 00 00 00 00 00 00 00 00
002248-002258 T0Block "normal_t0"
002259-002426 DataBlock
  ................ 00 00 00 00 00 00 00 00 00 00 00 00 00 00 00 00
  ....@4^......... 01 00 00 00 40 34 5e 13 00 00 00 00 00 00 00 00
  &..........2.... 26 01 00 00 1a 00 00 00 00 bf ff 32 00 00 00 00
  ................ 00 00 00 00 00 00 00 00 00 00 00 01 01 00 00 00
  ................ 00 00 00 00 00 00 00 00 00 00 00 00 00 00 00 00
  ....?........... 00 00 00 80 3f 00 00 00 00 00 00 00 00 00 00 00
  ................ 00 00 00 00 00 00 00 00 00 00 00 00 00 00 00 00
  ................ 00 00 00 00 00 00 00 00 00 00 00 00 00 00 00 00
  ................ 00 00 00 00 00 00 00 c8 00 00 00 00 00 00 00 00
  ................ 00 00 00 00 00 00 00 00 00 00 00 00 00 00 00 00
  ........         00 00 00 00 00 00 00 01
002427-002432 StringBlock "List"
002433-002490 DataBlock
  .......C........ 01 00 00 00 00 00 96 43 00 00 00 00 0e 00 00 00
  ................ 00 01 00 00 00 01 00 00 00 00 00 00 00 00 00 00
  ................ 00 00 00 00 00 00 00 00 00 00 00 00 00 00 00 00
  ..........       00 00 00 00 00 00 00 00 00 00
002491-002503 StringBlock "panel_title"
002504-002509 DataBlock
  ......           01 00 00 00 00 00
002510-002522 StringBlock "panel_title"
002523-002563 DataBlock
  ................ 00 00 00 00 00 00 00 00 00 00 00 00 c8 c1 00 00
  .C..lB....<..... fb 43 00 00 6c 42 02 00 00 00 3c 00 00 00 01 02
  .........        00 00 00 00 00 00 00 00 00
002564-002567 StateIDBlock 0
002568-002577 NewStateBlock "NewState"
002578-002581 XSizeBlock 0
002582-002585 YSizeBlock 0
002586-002589 DataBlock
  ....             00 00 00 00
002590-002627 ImagePathListBlock 1 elements:
  002594-002627 ImagePathBlock "ui\\skins\\default\\panel_title.png"
002628-002635 DataBlock
  ........         01 00 00 00 e0 e5 09 14
002636-002648 StringBlock "heading_txt"
002649-002726 DataBlock
  ....}........... 00 00 00 00 7d 00 00 00 0e 00 00 00 01 01 00 00
  ................ 00 00 01 00 00 00 00 01 00 00 00 00 05 00 00 00
  ................ 00 00 00 00 00 00 00 00 00 00 00 00 00 00 00 00
  ..............G. 00 00 00 00 00 00 00 00 00 01 00 00 00 e0 47 c2
  ...txt........   13 03 00 74 78 74 fb 00 00 00 1e 00 00 00
002727-002740 UnicodeBlock "Rename"
002741-002763 DataBlock
  ................ 00 00 04 00 00 00 04 00 00 00 00 00 00 00 02 00
  .......          00 00 01 00 00 00 01
002764-002819 UnicodeBlock "heading_txt_txt_Text_610051"
002820-002823 DataBlock
  ....             00 00 00 00
002824-002846 FontNameBlock "la_gioconda_uppercase"
002847-002862 DataBlock
  ................ 12 00 00 00 01 00 00 00 00 00 00 00 d7 f8 ff ff
002863-002882 StringBlock "fe_section_heading"
002883-002902 DataBlock
  ................ 00 00 00 00 00 00 00 00 00 00 00 00 00 00 00 00
  ....             00 00 00 00
002903-002913 T0Block "normal_t0"
002914-002929 DataBlock
  ................ 00 00 00 00 00 00 00 00 00 00 00 00 00 00 00 00
002930-002940 T0Block "normal_t0"
002941-002976 DataBlock
  ................ 00 00 00 00 00 00 00 00 00 00 00 00 00 00 00 00
  ................ 00 00 00 00 00 00 00 00 00 00 00 00 00 00 00 00
  ....             02 00 00 00
002977-002991 StringBlock "dynamic_child"
002992-002994 DataBlock
  ..1              01 00 31
002995-003016 StringBlock "dynamic_child_parent"
003017-003029 StringBlock "panel_title"
003030-003057 DataBlock
  ................ c8 00 00 00 00 00 00 00 00 00 00 00 00 00 00 00
  ..........F.     00 00 00 00 00 00 00 00 d0 a4 46 0d
003058-003080 StringBlock "ok_cancel_buttongroup"
003081-003141 DataBlock
  ........w....... 00 00 00 00 87 00 00 00 77 00 00 00 00 00 00 00
  ................ 00 00 01 00 00 00 00 01 00 00 00 00 08 00 00 00
  ...........F.... 00 00 00 00 00 00 00 00 00 e0 a7 46 0d 00 00 00
  .............    00 00 00 00 00 00 00 00 00 01 00 00 00
003142-003145 StateIDBlock 222734304
003146-003155 NewStateBlock "NewState"
003156-003159 XSizeBlock 130
003160-003163 YSizeBlock 50
003164-003194 DataBlock
  ................ 00 00 00 00 02 00 00 00 00 00 00 00 00 00 00 00
  ...............  01 00 00 00 01 00 00 00 00 00 00 00 00 00 00
003195-003206 FontNameBlock "Norse-Bold"
003207-003222 DataBlock
  ................ 0a 00 00 00 02 00 00 00 01 00 00 00 dd da fa ff
003223-003245 StringBlock "Default Font Category"
003246-003265 DataBlock
  ................ 00 00 00 00 00 00 00 00 00 00 00 00 00 00 00 00
  ....             00 00 00 00
003266-003276 T0Block "normal_t0"
003277-003292 DataBlock
  ................ 00 00 00 00 00 00 00 00 00 00 00 00 00 00 00 00
003293-003303 T0Block "normal_t0"
003304-003351 DataBlock
  ................ 00 00 00 00 00 00 00 00 00 00 00 00 00 00 00 00
  ................ 00 00 00 00 00 00 00 00 00 00 00 00 00 00 00 00
  ....<........... 00 00 00 00 3c 00 00 00 00 00 00 00 02 00 00 00
003352-003372 StringBlock "round_medium_button"
003373-003378 DataBlock
  ......           01 00 00 00 00 00
003379-003389 StringBlock "button_ok"
003390-003391 DataBlock
  ..               00 00
003392-003399 StringBlock "Button"
003400-003434 StringBlock "UI_GBL_HUD_Generic_Accept_Confirm"
003435-003469 DataBlock
  ...... ...`B..`B 00 00 f0 c1 00 00 20 c1 00 00 60 42 00 00 60 42
  ....<........... 08 00 00 00 3c 00 00 00 01 06 00 00 00 00 00 00
  ...              00 00 00
003470-003527 UnicodeBlock "button_accept_Tooltip_720052"
003528-003541 UnicodeBlock "Accept"
003542-003548 StringBlock "hover"
003549-003556 DataBlock
  ........         00 00 00 00 00 00 00 00
003557-003566 StringBlock "inactive"
003567-003574 DataBlock
  ........         00 00 00 00 00 00 00 00
003575-003582 StringBlock "active"
003583-003590 DataBlock
  ........         00 00 00 00 00 00 00 00
003591-003596 StringBlock "down"
003597-003604 DataBlock
  ........         00 00 00 00 00 00 00 00
003605-003614 StringBlock "down_off"
003615-003626 DataBlock
  ............     00 00 00 00 00 00 00 00 01 00 00 00
003627-003642 StringBlock "override_sound"
003643-003644 DataBlock
  ..               00 00
003645-003930 ImagePathListBlock 6 elements:
  003649-003681 ImagePathBlock "ui\\skins\\default\\icon_check.png"
  003682-003731 ImagePathBlock "ui\\skins\\default\\button_round_medium_pressed.png"
  003732-003779 ImagePathBlock "ui\\skins\\default\\button_round_medium_hover.png"
  003780-003828 ImagePathBlock "ui\\skins\\default\\button_round_medium_active.png"
  003829-003879 ImagePathBlock "ui\\skins\\default\\button_round_medium_inactive.png"
  003880-003930 ImagePathBlock "ui\\skins\\default\\button_round_medium_underlay.png"
003931-003934 DataBlock
  ....             00 00 00 00
003935-003955 StringBlock "round_medium_button"
003956-003961 DataBlock
  ......           01 00 00 00 00 00
003962-003976 StringBlock "button_cancel"
003977-003978 DataBlock
  ..               00 00
003979-003986 StringBlock "Button"
003987-004021 StringBlock "UI_GBL_HUD_Generic_Cancel_Decline"
004022-004056 DataBlock
  ...A.. ...`B..`B 00 00 f0 41 00 00 20 c1 00 00 60 42 00 00 60 42
  ....<........... 08 00 00 00 3c 00 00 00 01 06 00 00 00 00 00 00
  ...              00 00 00
004057-004116 UnicodeBlock "_button_cancel_Tooltip_1f006a"
004117-004130 UnicodeBlock "Cancel"
004131-004137 StringBlock "hover"
004138-004145 DataBlock
  ........         00 00 00 00 00 00 00 00
004146-004155 StringBlock "inactive"
004156-004163 DataBlock
  ........         00 00 00 00 00 00 00 00
004164-004171 StringBlock "active"
004172-004179 DataBlock
  ........         00 00 00 00 00 00 00 00
004180-004185 StringBlock "down"
004186-004193 DataBlock
  ........         00 00 00 00 00 00 00 00
004194-004203 StringBlock "down_off"
004204-004215 DataBlock
  ............     00 00 00 00 00 00 00 00 01 00 00 00
004216-004231 StringBlock "override_sound"
004232-004233 DataBlock
  ..               00 00
004234-004519 ImagePathListBlock 6 elements:
  004238-004270 ImagePathBlock "ui\\skins\\default\\icon_cross.png"
  004271-004320 ImagePathBlock "ui\\skins\\default\\button_round_medium_pressed.png"
  004321-004368 ImagePathBlock "ui\\skins\\default\\button_round_medium_hover.png"
  004369-004417 ImagePathBlock "ui\\skins\\default\\button_round_medium_active.png"
  004418-004468 ImagePathBlock "ui\\skins\\default\\button_round_medium_inactive.png"
  004469-004519 ImagePathBlock "ui\\skins\\default\\button_round_medium_underlay.png"
004520-004534 DataBlock
  ...............  00 00 00 00 00 00 00 00 00 00 00 00 00 00 00
004535-004556 StringBlock "UI_GBL_POPUP_Generic"
004557-004573 DataBlock
  ................ 00 00 00 00 00 00 00 00 00 00 00 00 00 00 00 00
  .                00
