000000-000009 VersionBlock 106
000010-000013 RootIDBlock 177021440
000014-000019 StringBlock "root"
000020-000099 DataBlock
  ................ 00 00 00 00 00 00 00 00 00 00 00 00 01 01 00 00
  ................ 00 00 01 00 00 00 00 01 00 00 00 00 00 00 00 00
  ...........1.... 00 00 00 00 00 00 00 00 00 00 9c 31 0a 01 00 00
  .P?,............ 00 50 3f 2c 0a 00 00 00 05 00 00 c0 03 00 00 00
  ..............1. 00 00 00 00 00 00 00 00 01 00 00 00 00 9c 31 0a
000100-000109 NewStateBlock "NewState"
000110-000113 XSizeBlock 1280
000114-000117 YSizeBlock 1024
000118-000148 DataBlock
  ................ 00 00 00 00 02 00 00 00 00 00 00 00 00 00 00 00
  ...............  01 00 00 00 01 00 00 00 00 00 00 00 00 00 00
000149-000160 FontNameBlock "Norse-Bold"
000161-000176 DataBlock
  ................ 0a 00 00 00 02 00 00 00 01 00 00 00 dd da fa ff
000177-000199 StringBlock "Default Font Category"
000200-000219 DataBlock
  ................ 00 00 00 00 00 00 00 00 00 00 00 00 00 00 00 00
  ....             01 00 00 00
000220-000230 T0Block "normal_t0"
000231-000246 DataBlock
  ................ 00 00 00 00 00 00 00 00 00 00 00 00 00 00 00 00
000247-000257 T0Block "normal_t0"
000258-000410 DataBlock
  ................ 00 00 00 00 00 00 00 00 00 00 00 00 00 00 00 00
  ....P?,......... 01 00 00 00 50 3f 2c 0a 00 00 00 00 00 00 00 00
  ................ 00 05 00 00 c0 03 00 00 c0 c0 c0 ff 00 00 00 00
  ................ 00 00 00 00 00 00 00 00 00 00 00 01 01 00 00 00
  ................ 00 00 00 00 00 00 00 00 00 00 00 00 00 00 00 00
  ....?........... 00 00 00 80 3f 00 00 00 00 00 00 00 00 00 00 00
  ................ 00 00 00 00 00 00 00 00 00 00 00 00 00 00 00 00
  ................ 00 00 00 00 00 00 00 00 00 00 00 00 00 00 00 00
  ................ 00 00 00 00 00 00 00 00 00 00 00 00 00 00 00 01
  ......E".        00 00 00 00 00 80 45 22 18
000411-000432 StringBlock "campaign_map_tooltip"
000433-000434 DataBlock
  ..               00 00
000435-000454 StringBlock "CampaignMapTooltip"
000455-000495 DataBlock
  =............... 3d 02 00 00 c0 01 00 00 01 01 00 00 00 00 01 01
  ................ 00 00 00 01 00 00 00 00 00 00 00 00 00 00 00 00
  .........        00 00 00 00 00 00 00 00 00
000496-000551 ImageListBlock 1 elements:
  000500-000551 ImageBlock id=343803136 xsize=256 ysize=256 path="ui/skins/default/tooltip_frame.png" unknown=0
000552-000613 DataBlock
  .........._!...N 00 00 00 00 00 01 00 00 00 c0 5f 21 18 08 00 4e
  ewState^...d.... 65 77 53 74 61 74 65 5e 01 00 00 64 00 00 00 00
  ................ 00 00 00 02 00 00 00 00 00 00 00 00 00 00 00 00
  ..............   00 00 00 01 00 00 00 00 00 00 00 00 00 00
000614-000626 FontNameBlock "la_gioconda"
000627-000642 DataBlock
  ................ 0c 00 00 00 03 00 00 00 00 00 00 00 d7 f8 ff ff
000643-000658 StringBlock "ingame_tooltip"
000659-000678 DataBlock
  ........$....... 08 00 00 00 00 00 00 00 24 00 00 00 00 00 00 00
  ....             00 00 00 00
000679-000689 T0Block "normal_t0"
000690-000705 DataBlock
  ................ 00 00 00 00 00 00 00 00 00 00 00 00 00 00 00 00
000706-000716 T0Block "normal_t0"
000717-000736 DataBlock
  ................ 00 00 00 00 00 00 00 00 00 00 00 00 00 00 00 00
  ....             01 00 00 00
000737-000760 ImageUseBlock id=343803136 xofs=0 yofs=0 xsize=350 ysize=100 brga=4294967295
000761-000851 DataBlock
  ................ 01 00 00 00 00 00 00 00 00 00 00 00 00 00 00 01
  ................ 01 00 00 00 00 00 00 00 00 00 00 00 00 00 00 00
  ........?....... 00 00 00 00 00 00 00 80 3f 00 00 00 00 00 00 00
  ..............A. 00 00 00 00 00 00 00 00 00 00 00 00 00 80 41 00
  ..A...A...A..... 00 a0 41 00 00 80 41 00 00 a0 41 00 00 00 00 00
  ...........      00 00 00 00 00 00 00 03 00 00 00
000852-000863 StringBlock "min_height"
000864-000867 DataBlock
  ..48             02 00 34 38
000868-000878 StringBlock "min_width"
000879-000883 DataBlock
  ..280            03 00 32 38 30
000884-000897 StringBlock "expand_delay"
000898-000910 DataBlock
  ..0.0........    03 00 30 2e 30 0a 00 00 00 04 00 00 00
000911-000918 StringBlock "expand"
000919-000984 DataBlock
  ................ 00 00 02 00 00 00 00 00 00 00 00 00 00 00 c8 00
  ................ 00 00 c8 00 00 00 ff ff ff ff 00 00 00 00 00 00
  ................ 00 00 00 00 00 00 00 00 00 00 00 00 00 00 ff ff
  ................ ff ff ff ff ff ff 00 00 00 00 00 00 00 00 00 00
  .?               80 3f
000985-000992 StringBlock "Linear"
000993-001000 DataBlock
  ....@l..         01 00 00 00 40 6c b7 10
001001-001008 StringBlock "expand"
001009-001010 DataBlock
  ..               00 00
001011-001028 StringBlock "Visibility false"
001029-001094 DataBlock
  ................ 00 00 00 00 00 00 00 00 00 00 00 00 00 00 c8 00
  ................ 00 00 c8 00 00 00 ff ff ff ff 00 00 00 00 00 00
  ................ 00 00 00 00 00 00 00 00 00 00 00 00 00 00 ff ff
  ................ ff ff ff ff ff ff c8 00 00 00 04 00 00 00 00 00
  .?               80 3f
001095-001102 StringBlock "Linear"
001103-001112 DataBlock
  ..........       00 00 00 00 00 00 00 00 00 00
001113-001129 StringBlock "fade_in_partial"
001130-001195 DataBlock
  ................ 01 00 01 00 00 00 00 00 00 00 00 00 00 00 8b 00
  ..X............. 00 00 58 00 00 00 ff ff ff ff 00 00 00 00 00 00
  ................ 00 00 00 00 00 00 00 00 00 00 00 00 00 00 ff ff
  ..........@..... ff ff ff ff ff ff f4 01 00 00 40 00 00 00 00 00
  .?               80 3f
001196-001203 StringBlock "Linear"
001204-001213 DataBlock
  ..........       00 00 00 00 00 00 00 00 00 00
001214-001222 StringBlock "fade_in"
001223-001288 DataBlock
  ................ 01 00 03 00 00 00 00 00 00 00 00 00 00 00 8b 00
  ..X............. 00 00 58 00 00 00 ff ff ff 00 00 00 00 00 00 00
  ................ 00 00 00 00 00 00 00 00 00 00 00 00 00 00 ff ff
  ..........@..... ff ff ff ff ff ff 00 00 00 00 40 00 00 00 00 00
  .?               80 3f
001289-001296 StringBlock "Linear"
001297-001366 DataBlock
  ................ 00 00 00 00 00 00 00 00 00 00 00 00 00 00 00 00
  ......X......... 00 00 8b 00 00 00 58 00 00 00 ff ff ff ff 00 00
  ................ 00 00 00 00 00 00 00 00 00 00 00 00 00 00 00 00
  ................ 00 00 ff ff ff ff ff ff ff ff 00 00 00 00 00 00
  .....?           00 00 00 00 80 3f
001367-001374 StringBlock "Linear"
001375-001444 DataBlock
  ................ 00 00 00 00 00 00 00 00 00 00 00 00 00 00 00 00
  ......X......... 00 00 8b 00 00 00 58 00 00 00 ff ff ff ff 00 00
  ................ 00 00 00 00 00 00 00 00 00 00 00 00 00 00 00 00
  ..............@. 00 00 ff ff ff ff ff ff ff ff f4 01 00 00 40 00
  .....?           00 00 00 00 80 3f
001445-001452 StringBlock "Linear"
001453-001462 DataBlock
  ..........       00 00 00 00 00 00 00 00 00 00
001463-001472 StringBlock "fade_out"
001473-001538 DataBlock
  ................ 01 00 02 00 00 00 00 00 00 00 00 00 00 00 8b 00
  ..X............. 00 00 58 00 00 00 ff ff ff ff 00 00 00 00 00 00
  ................ 00 00 00 00 00 00 00 00 00 00 00 00 00 00 ff ff
  ..........D..... ff ff ff ff ff ff 00 00 00 00 44 00 00 00 00 00
  .?               80 3f
001539-001546 StringBlock "Linear"
001547-001616 DataBlock
  ................ 00 00 00 00 00 00 00 00 00 00 00 00 00 00 00 00
  ......X......... 00 00 8b 00 00 00 58 00 00 00 ff ff ff 00 00 00
  ................ 00 00 00 00 00 00 00 00 00 00 00 00 00 00 00 00
  ..............@. 00 00 ff ff ff ff ff ff ff ff 00 00 00 00 40 00
  .....?           00 00 00 00 80 3f
001617-001624 StringBlock "Linear"
001625-001644 DataBlock
  ................ 00 00 00 00 00 00 00 00 00 00 03 00 00 00 00 00
  @l..             40 6c b7 10
001645-001659 StringBlock "expanded_text"
001660-001724 DataBlock
  ................ 00 00 00 00 00 00 00 00 00 00 00 00 01 01 00 00
  ................ 00 00 01 00 00 00 00 01 00 00 00 00 01 00 00 00
  .........`.w.... 00 00 00 00 00 00 00 00 00 60 94 77 10 00 00 00
  .............`.w 00 00 00 00 00 00 00 00 00 01 00 00 00 60 94 77
  .                10
001725-001734 NewStateBlock "NewState"
001735-001738 XSizeBlock 348
001739-001742 YSizeBlock 100
001743-001773 DataBlock
  ................ 00 00 00 00 02 00 00 00 00 00 00 00 00 00 00 00
  ...............  00 00 00 00 01 00 00 00 00 00 00 00 00 00 00
001774-001786 FontNameBlock "la_gioconda"
001787-001802 DataBlock
  ................ 0c 00 00 00 03 00 00 00 00 00 00 00 d7 f8 ff ff
001803-001818 StringBlock "ingame_tooltip"
001819-001838 DataBlock
  ................ 08 00 00 00 00 00 00 00 00 00 00 00 00 00 00 00
  ....             00 00 00 00
001839-001849 T0Block "normal_t0"
001850-001865 DataBlock
  ................ 00 00 00 00 00 00 00 00 00 00 00 00 00 00 00 00
001866-001876 T0Block "normal_t0"
001877-001920 DataBlock
  ................ 00 00 00 00 00 00 00 00 00 00 00 00 00 00 00 00
  ................ 00 00 00 00 00 00 00 00 00 00 00 00 00 00 00 00
  ............     00 00 00 00 00 00 00 00 01 00 00 00
001921-001928 StringBlock "expand"
001929-001994 DataBlock
  ..............\. 00 00 02 00 00 00 00 00 00 00 00 00 00 00 5c 01
  ..d............. 00 00 64 00 00 00 ff ff ff 00 00 00 00 00 00 00
  ................ 00 00 00 00 00 00 00 00 00 00 00 00 00 00 ff ff
  ..........@..... ff ff ff ff ff ff 00 00 00 00 40 00 00 00 00 00
  .?               80 3f
001995-002002 StringBlock "Linear"
002003-002014 DataBlock
  ....@l......     01 00 00 00 40 6c b7 10 00 00 00 00
002015-002031 StringBlock "Visibility true"
002032-002097 DataBlock
  ..............\. 00 00 00 00 00 00 00 00 00 00 00 00 00 00 5c 01
  ..d............. 00 00 64 00 00 00 ff ff ff ff 00 00 00 00 00 00
  ................ 00 00 00 00 00 00 00 00 00 00 00 00 00 00 ff ff
  ..........@..... ff ff ff ff ff ff c8 00 00 00 40 00 00 00 00 00
  .?               80 3f
002098-002105 StringBlock "Linear"
002106-002135 DataBlock
  ................ 00 00 00 00 00 00 00 00 00 00 00 00 00 00 00 00
  ..........0.X.   00 00 00 00 00 01 00 00 00 00 30 88 58 0e
002136-002143 StringBlock "header"
002144-002188 DataBlock
  ................ 00 00 00 00 00 00 00 00 00 00 00 00 01 00 00 00
  ................ 00 00 01 00 00 00 00 01 00 00 00 00 02 00 00 00
  ..........:g.    00 00 00 00 00 00 00 00 00 f0 3a 67 0f
002189-002245 ImageListBlock 1 elements:
  002193-002245 ImageBlock id=262253040 xsize=256 ysize=39 path="ui/skins/default/tooltip_header.png" unknown=0
002246-002306 DataBlock
  ..........4g...n 00 00 00 00 00 04 00 00 00 d0 34 67 0f 07 00 6e
  eutral^...'..... 65 75 74 72 61 6c 5e 01 00 00 27 00 00 00 00 00
  ................ 00 00 02 00 00 00 00 00 00 00 00 00 00 00 01 00
  .............    00 00 01 00 00 00 00 00 00 00 00 00 00
002307-002318 FontNameBlock "Norse-Bold"
002319-002334 DataBlock
  ................ 0a 00 00 00 02 00 00 00 01 00 00 00 dd da fa ff
002335-002357 StringBlock "Default Font Category"
002358-002377 DataBlock
  ................ 00 00 00 00 00 00 00 00 00 00 00 00 00 00 00 00
  ....             00 00 00 00
002378-002388 T0Block "normal_t0"
002389-002404 DataBlock
  ................ 00 00 00 00 00 00 00 00 00 00 00 00 00 00 00 00
002405-002415 T0Block "normal_t0"
002416-002435 DataBlock
  ................ 00 00 00 00 00 00 00 00 00 00 00 00 00 00 00 00
  ....             01 00 00 00
002436-002459 ImageUseBlock id=262253040 xofs=0 yofs=0 xsize=350 ysize=39 brga=2164260863
002460-002550 DataBlock
  ................ 01 00 00 00 00 00 00 00 00 00 00 00 00 00 00 01
  ................ 00 00 00 00 00 00 00 00 00 00 00 00 00 00 00 00
  ........?....... 00 00 00 00 00 00 00 80 3f 00 00 00 00 00 00 00
  ................ 00 00 00 00 00 00 00 00 00 00 00 00 00 00 00 00
  ..A.......B..... 00 f0 41 00 00 00 00 00 00 a0 42 00 00 00 00 00
  ........:g.      00 00 00 00 00 00 00 f0 3a 67 0f
002551-002558 StringBlock "player"
002559-002597 DataBlock
  ^...'........... 5e 01 00 00 27 00 00 00 00 00 00 00 02 00 00 00
  ................ 04 00 00 00 00 00 00 00 01 00 00 00 01 00 00 00
  .......          00 00 00 00 00 00 00
002598-002609 FontNameBlock "Norse-Bold"
002610-002625 DataBlock
  ................ 0a 00 00 00 02 00 00 00 01 00 00 00 dd da fa ff
002626-002648 StringBlock "Default Font Category"
002649-002668 DataBlock
  ................ 00 00 00 00 00 00 00 00 00 00 00 00 00 00 00 00
  ....             00 00 00 00
002669-002679 T0Block "normal_t0"
002680-002695 DataBlock
  ................ 00 00 00 00 00 00 00 00 00 00 00 00 00 00 00 00
002696-002706 T0Block "normal_t0"
002707-002726 DataBlock
  ................ 00 00 00 00 00 00 00 00 00 00 00 00 00 00 00 00
  ....             01 00 00 00
002727-002750 ImageUseBlock id=262253040 xofs=0 yofs=0 xsize=350 ysize=39 brga=2164180525
002751-002841 DataBlock
  ................ 01 00 00 00 00 00 00 00 00 00 00 00 00 00 00 01
  ................ 00 00 00 00 00 00 00 00 00 00 00 00 00 00 00 00
  ........?....... 00 00 00 00 00 00 00 80 3f 00 00 00 00 00 00 00
  ................ 00 00 00 00 00 00 00 00 00 00 00 00 00 00 00 00
  ..A.......B..... 00 f0 41 00 00 00 00 00 00 a0 42 00 00 00 00 00
  ........8g.      00 00 00 00 00 00 00 e0 38 67 0f
002842-002847 StringBlock "ally"
002848-002886 DataBlock
  ^...'........... 5e 01 00 00 27 00 00 00 00 00 00 00 02 00 00 00
  ................ 00 00 00 00 00 00 00 00 01 00 00 00 01 00 00 00
  .......          00 00 00 00 00 00 00
002887-002898 FontNameBlock "Norse-Bold"
002899-002914 DataBlock
  ................ 0a 00 00 00 02 00 00 00 01 00 00 00 dd da fa ff
002915-002937 StringBlock "Default Font Category"
002938-002957 DataBlock
  ................ 00 00 00 00 00 00 00 00 00 00 00 00 00 00 00 00
  ....             00 00 00 00
002958-002968 T0Block "normal_t0"
002969-002984 DataBlock
  ................ 00 00 00 00 00 00 00 00 00 00 00 00 00 00 00 00
002985-002995 T0Block "normal_t0"
002996-003015 DataBlock
  ................ 00 00 00 00 00 00 00 00 00 00 00 00 00 00 00 00
  ....             01 00 00 00
003016-003039 ImageUseBlock id=262253040 xofs=0 yofs=0 xsize=350 ysize=39 brga=2152771812
003040-003130 DataBlock
  ................ 01 00 00 00 00 00 00 00 00 00 00 00 00 00 00 01
  ................ 00 00 00 00 00 00 00 00 00 00 00 00 00 00 00 00
  ........?....... 00 00 00 00 00 00 00 80 3f 00 00 00 00 00 00 00
  ................ 00 00 00 00 00 00 00 00 00 00 00 00 00 00 00 00
  ..A.......B..... 00 f0 41 00 00 00 00 00 00 a0 42 00 00 00 00 00
  .......0Kg.      00 00 00 00 00 00 00 30 4b 67 0f
003131-003137 StringBlock "enemy"
003138-003176 DataBlock
  ^...'........... 5e 01 00 00 27 00 00 00 00 00 00 00 02 00 00 00
  ................ 00 00 00 00 00 00 00 00 01 00 00 00 01 00 00 00
  .......          00 00 00 00 00 00 00
003177-003188 FontNameBlock "Norse-Bold"
003189-003204 DataBlock
  ................ 0a 00 00 00 02 00 00 00 01 00 00 00 dd da fa ff
003205-003227 StringBlock "Default Font Category"
003228-003247 DataBlock
  ................ 00 00 00 00 00 00 00 00 00 00 00 00 00 00 00 00
  ....             00 00 00 00
003248-003258 T0Block "normal_t0"
003259-003274 DataBlock
  ................ 00 00 00 00 00 00 00 00 00 00 00 00 00 00 00 00
003275-003285 T0Block "normal_t0"
003286-003305 DataBlock
  ................ 00 00 00 00 00 00 00 00 00 00 00 00 00 00 00 00
  ....             01 00 00 00
003306-003329 ImageUseBlock id=262253040 xofs=0 yofs=0 xsize=350 ysize=39 brga=2160472344
003330-003438 DataBlock
  ................ 01 00 00 00 00 00 00 00 00 00 00 00 00 00 00 01
  ................ 00 00 00 00 00 00 00 00 00 00 00 00 00 00 00 00
  ........?....... 00 00 00 00 00 00 00 80 3f 00 00 00 00 00 00 00
  ................ 00 00 00 00 00 00 00 00 00 00 00 00 00 00 00 00
  ..A.......B..... 00 f0 41 00 00 00 00 00 00 a0 42 00 00 00 00 00
  ................ 00 00 00 00 00 00 00 00 00 00 00 0a 00 00 00 00
  ..........+?.    00 00 00 02 00 00 00 00 00 80 2b 3f 11
003439-003449 StringBlock "type_icon"
003450-003498 DataBlock
  ................ 00 00 00 00 05 00 00 00 04 00 00 00 00 00 00 00
  ................ 00 00 01 00 00 00 00 01 00 00 00 00 04 00 00 00
  .........@...... 05 00 00 00 00 00 00 00 00 40 04 f5 11 07 00 00
  .                00
003499-003546 ImageBlock id=248991536 xsize=22 ysize=22 path="ui/skins/default/icon_army.png" unknown=3612241920
003547-003547 DataBlock
  .                0e
003548-003579 ImagePathBlock "ui/skins/default/icon_navy.png"
003580-003588 DataBlock
  .........        16 00 00 00 16 00 00 00 00
003589-003641 ImageBlock id=217783392 xsize=38 ysize=38 path="ui/skins/default/icon_provinces.png" unknown=2249900032
003642-003642 DataBlock
  .                0d
003643-003684 ImagePathBlock "ui/skins/default/tooltip_icon_hidden.png"
003685-003693 DataBlock
  .........        1a 00 00 00 1a 00 00 00 00
003694-003763 ImageBlock id=180229552 xsize=20 ysize=20 path="ui/campaign ui/terrain_pips/terrain_light_forest.png" unknown=3171262464
003764-003764 DataBlock
  .                17
003765-003797 ImagePathBlock "ui/skins/default/icon_agent.png"
003798-003806 DataBlock
  7...7....        37 00 00 00 37 00 00 00 00
003807-003858 ImageBlock id=1064400128 xsize=56 ysize=56 path="ui/skins/default/icon_missions.png" unknown=0
003859-003871 DataBlock
  .............    00 00 00 00 00 09 00 00 00 c0 13 01 0e
003872-003877 StringBlock "navy"
003878-003916 DataBlock
  ................ 1f 00 00 00 1f 00 00 00 00 00 00 00 02 00 00 00
  ................ 00 00 00 00 00 00 00 00 01 00 00 00 01 00 00 00
  .......          00 00 00 00 00 00 00
003917-003928 FontNameBlock "Norse-Bold"
003929-003944 DataBlock
  ................ 0a 00 00 00 02 00 00 00 01 00 00 00 dd da fa ff
003945-003967 StringBlock "Default Font Category"
003968-003987 DataBlock
  ................ 00 00 00 00 00 00 00 00 00 00 00 00 00 00 00 00
  ....             00 00 00 00
003988-003998 T0Block "normal_t0"
003999-004014 DataBlock
  ................ 00 00 00 00 00 00 00 00 00 00 00 00 00 00 00 00
004015-004025 T0Block "normal_t0"
004026-004160 DataBlock
  ................ 00 00 00 00 00 00 00 00 00 00 00 00 00 00 00 00
  ....pN.......... 01 00 00 00 70 4e d7 0e 06 00 00 00 04 00 00 00
  ................ 16 00 00 00 16 00 00 00 ff ff ff ff 00 00 00 05
  ................ 00 00 00 02 00 00 00 00 00 00 00 01 01 00 00 00
  ................ 00 00 00 00 00 00 00 00 00 00 00 00 00 00 00 00
  ....?........... 00 00 00 80 3f 00 00 00 00 00 00 00 00 00 00 00
  ................ 00 00 00 00 00 00 00 00 00 00 00 00 00 00 00 00
  ................ 00 00 00 00 00 00 00 00 00 00 00 00 00 00 00 00
  .......          00 00 00 00 b2 a0 11
004161-004172 StringBlock "settlement"
004173-004211 DataBlock
  ................ 1f 00 00 00 1f 00 00 00 00 00 00 00 02 00 00 00
  ................ 00 00 00 00 00 00 00 00 01 00 00 00 01 00 00 00
  .......          00 00 00 00 00 00 00
004212-004223 FontNameBlock "Norse-Bold"
004224-004239 DataBlock
  ................ 0a 00 00 00 02 00 00 00 01 00 00 00 dd da fa ff
004240-004262 StringBlock "Default Font Category"
004263-004282 DataBlock
  ................ 00 00 00 00 00 00 00 00 00 00 00 00 00 00 00 00
  ....             00 00 00 00
004283-004293 T0Block "normal_t0"
004294-004309 DataBlock
  ................ 00 00 00 00 00 00 00 00 00 00 00 00 00 00 00 00
004310-004320 T0Block "normal_t0"
004321-004340 DataBlock
  ................ 00 00 00 00 00 00 00 00 00 00 00 00 00 00 00 00
  ....             01 00 00 00
004341-004364 ImageUseBlock id=217783392 xofs=4294967295 yofs=4294967293 xsize=38 ysize=38 brga=4294967295
004365-004455 DataBlock
  ................ 00 00 00 05 00 00 00 02 00 00 00 00 00 00 00 01
  ................ 01 00 00 00 00 00 00 00 00 00 00 00 00 00 00 00
  ........?....... 00 00 00 00 00 00 00 80 3f 00 00 00 00 00 00 00
  ................ 00 00 00 00 00 00 00 00 00 00 00 00 00 00 00 00
  ................ 00 00 00 00 00 00 00 00 00 00 00 00 00 00 00 00
  ...........      00 00 00 00 00 00 00 e0 0c f4 1a
004456-004475 StringBlock "escorted_transport"
004476-004514 DataBlock
  ................ 1f 00 00 00 1f 00 00 00 00 00 00 00 02 00 00 00
  ................ 00 00 00 00 00 00 00 00 01 00 00 00 01 00 00 00
  .......          00 00 00 00 00 00 00
004515-004526 FontNameBlock "Norse-Bold"
004527-004542 DataBlock
  ................ 0a 00 00 00 02 00 00 00 01 00 00 00 dd da fa ff
004543-004565 StringBlock "Default Font Category"
004566-004585 DataBlock
  ................ 00 00 00 00 00 00 00 00 00 00 00 00 00 00 00 00
  ....             00 00 00 00
004586-004596 T0Block "normal_t0"
004597-004612 DataBlock
  ................ 00 00 00 00 00 00 00 00 00 00 00 00 00 00 00 00
004613-004623 T0Block "normal_t0"
004624-004758 DataBlock
  ................ 00 00 00 00 00 00 00 00 00 00 00 00 00 00 00 00
  ....pN.......... 01 00 00 00 70 4e d7 0e 04 00 00 00 04 00 00 00
  ................ 16 00 00 00 16 00 00 00 ff ff ff ff 00 00 00 05
  ................ 00 00 00 00 00 00 00 00 00 00 00 01 01 00 00 00
  ................ 00 00 00 00 00 00 00 00 00 00 00 00 00 00 00 00
  ....?........... 00 00 00 80 3f 00 00 00 00 00 00 00 00 00 00 00
  ................ 00 00 00 00 00 00 00 00 00 00 00 00 00 00 00 00
  ................ 00 00 00 00 00 00 00 00 00 00 00 00 00 00 00 00
  ...@...          00 00 00 40 04 f5 11
004759-004764 StringBlock "army"
004765-004803 DataBlock
  ................ 1f 00 00 00 1f 00 00 00 00 00 00 00 02 00 00 00
  ................ 00 00 00 00 00 00 00 00 01 00 00 00 01 00 00 00
  .......          00 00 00 00 00 00 00
004804-004815 FontNameBlock "Norse-Bold"
004816-004831 DataBlock
  ................ 0a 00 00 00 02 00 00 00 01 00 00 00 dd da fa ff
004832-004854 StringBlock "Default Font Category"
004855-004874 DataBlock
  ................ 00 00 00 00 00 00 00 00 00 00 00 00 00 00 00 00
  ....             00 00 00 00
004875-004885 T0Block "normal_t0"
004886-004901 DataBlock
  ................ 00 00 00 00 00 00 00 00 00 00 00 00 00 00 00 00
004902-004912 T0Block "normal_t0"
004913-004932 DataBlock
  ................ 00 00 00 00 00 00 00 00 00 00 00 00 00 00 00 00
  ....             01 00 00 00
004933-004956 ImageUseBlock id=248991536 xofs=6 yofs=4 xsize=22 ysize=22 brga=4294967295
004957-005047 DataBlock
  ................ 00 00 00 05 00 00 00 02 00 00 00 00 00 00 00 01
  ................ 01 00 00 00 00 00 00 00 00 00 00 00 00 00 00 00
  ........?....... 00 00 00 00 00 00 00 80 3f 00 00 00 00 00 00 00
  ................ 00 00 00 00 00 00 00 00 00 00 00 00 00 00 00 00
  ................ 00 00 00 00 00 00 00 00 00 00 00 00 00 00 00 00
  ...........      00 00 00 00 00 00 00 00 db fd 0e
005048-005055 StringBlock "hidden"
005056-005094 DataBlock
  ................ 1f 00 00 00 1f 00 00 00 00 00 00 00 02 00 00 00
  ................ 00 00 00 00 00 00 00 00 01 00 00 00 01 00 00 00
  .......          00 00 00 00 00 00 00
005095-005106 FontNameBlock "Norse-Bold"
005107-005122 DataBlock
  ................ 0a 00 00 00 02 00 00 00 01 00 00 00 dd da fa ff
005123-005145 StringBlock "Default Font Category"
005146-005165 DataBlock
  ................ 00 00 00 00 00 00 00 00 00 00 00 00 00 00 00 00
  ....             00 00 00 00
005166-005176 T0Block "normal_t0"
005177-005192 DataBlock
  ................ 00 00 00 00 00 00 00 00 00 00 00 00 00 00 00 00
005193-005203 T0Block "normal_t0"
005204-005338 DataBlock
  ................ 00 00 00 00 00 00 00 00 00 00 00 00 00 00 00 00
  ................ 01 00 00 00 c0 1a 86 0d 04 00 00 00 02 00 00 00
  ................ 1a 00 00 00 1a 00 00 00 ff ff ff ff 00 00 00 05
  ................ 00 00 00 02 00 00 00 00 00 00 00 01 01 00 00 00
  ................ 00 00 00 00 00 00 00 00 00 00 00 00 00 00 00 00
  ....?........... 00 00 00 80 3f 00 00 00 00 00 00 00 00 00 00 00
  ................ 00 00 00 00 00 00 00 00 00 00 00 00 00 00 00 00
  ................ 00 00 00 00 00 00 00 00 00 00 00 00 00 00 00 00
  ...@.(.          00 00 00 40 02 28 0d
005339-005347 StringBlock "terrain"
005348-005386 DataBlock
  ................ 1f 00 00 00 1f 00 00 00 00 00 00 00 02 00 00 00
  ................ 00 00 00 00 00 00 00 00 01 00 00 00 01 00 00 00
  .......          00 00 00 00 00 00 00
005387-005398 FontNameBlock "Norse-Bold"
005399-005414 DataBlock
  ................ 0a 00 00 00 02 00 00 00 01 00 00 00 dd da fa ff
005415-005437 StringBlock "Default Font Category"
005438-005457 DataBlock
  ................ 00 00 00 00 00 00 00 00 00 00 00 00 00 00 00 00
  ....             00 00 00 00
005458-005468 T0Block "normal_t0"
005469-005484 DataBlock
  ................ 00 00 00 00 00 00 00 00 00 00 00 00 00 00 00 00
005485-005495 T0Block "normal_t0"
005496-005515 DataBlock
  ................ 00 00 00 00 00 00 00 00 00 00 00 00 00 00 00 00
  ....             01 00 00 00
005516-005539 ImageUseBlock id=180229552 xofs=5 yofs=5 xsize=20 ysize=20 brga=4294967295
005540-005630 DataBlock
  ................ 00 00 00 05 00 00 00 00 00 00 00 00 00 00 00 01
  ................ 01 00 00 00 00 00 00 00 00 00 00 00 00 00 00 00
  ........?....... 00 00 00 00 00 00 00 80 3f 00 00 00 00 00 00 00
  ................ 00 00 00 00 00 00 00 00 00 00 00 00 00 00 00 00
  ................ 00 00 00 00 00 00 00 00 00 00 00 00 00 00 00 00
  .......@...      00 00 00 00 00 00 00 40 08 f5 11
005631-005637 StringBlock "agent"
005638-005676 DataBlock
  ................ 1f 00 00 00 1f 00 00 00 00 00 00 00 02 00 00 00
  ................ 00 00 00 00 00 00 00 00 01 00 00 00 01 00 00 00
  .......          00 00 00 00 00 00 00
005677-005688 FontNameBlock "Norse-Bold"
005689-005704 DataBlock
  ................ 0a 00 00 00 02 00 00 00 01 00 00 00 dd da fa ff
005705-005727 StringBlock "Default Font Category"
005728-005747 DataBlock
  ................ 00 00 00 00 00 00 00 00 00 00 00 00 00 00 00 00
  ....             00 00 00 00
005748-005758 T0Block "normal_t0"
005759-005774 DataBlock
  ................ 00 00 00 00 00 00 00 00 00 00 00 00 00 00 00 00
005775-005785 T0Block "normal_t0"
005786-005920 DataBlock
  ................ 00 00 00 00 00 00 00 00 00 00 00 00 00 00 00 00
  ................ 01 00 00 00 a0 05 bd 17 f9 ff ff ff f9 ff ff ff
  -...-........... 2d 00 00 00 2d 00 00 00 ff ff ff ff 00 00 00 05
  ................ 00 00 00 00 00 00 00 00 00 00 00 01 01 00 00 00
  ................ 00 00 00 00 00 00 00 00 00 00 00 00 00 00 00 00
  ....?........... 00 00 00 80 3f 00 00 00 00 00 00 00 00 00 00 00
  ................ 00 00 00 00 00 00 00 00 00 00 00 00 00 00 00 00
  ................ 00 00 00 00 00 00 00 00 00 00 00 00 00 00 00 00
  ......(          00 00 00 c0 0c fb 28
005921-005927 StringBlock "quest"
005928-005966 DataBlock
  ................ 1f 00 00 00 1f 00 00 00 00 00 00 00 02 00 00 00
  ................ 00 00 00 00 00 00 00 00 01 00 00 00 01 00 00 00
  .......          00 00 00 00 00 00 00
005967-005978 FontNameBlock "Norse-Bold"
005979-005994 DataBlock
  ................ 0a 00 00 00 02 00 00 00 01 00 00 00 dd da fa ff
005995-006017 StringBlock "Default Font Category"
006018-006037 DataBlock
  ................ 00 00 00 00 00 00 00 00 00 00 00 00 00 00 00 00
  ....             00 00 00 00
006038-006048 T0Block "normal_t0"
006049-006064 DataBlock
  ................ 00 00 00 00 00 00 00 00 00 00 00 00 00 00 00 00
006065-006075 T0Block "normal_t0"
006076-006095 DataBlock
  ................ 00 00 00 00 00 00 00 00 00 00 00 00 00 00 00 00
  ....             01 00 00 00
006096-006119 ImageUseBlock id=1064400128 xofs=0 yofs=0 xsize=31 ysize=31 brga=4294967295
006120-006210 DataBlock
  ................ 00 00 00 00 00 00 00 00 00 00 00 00 00 00 00 01
  ................ 01 00 00 00 00 00 00 00 00 00 00 00 00 00 00 00
  ........?....... 00 00 00 00 00 00 00 80 3f 00 00 00 00 00 00 00
  ................ 00 00 00 00 00 00 00 00 00 00 00 00 00 00 00 00
  ................ 00 00 00 00 00 00 00 00 00 00 00 00 00 00 00 00
  .......@r9.      00 00 00 00 00 00 00 40 72 39 1c
006211-006227 StringBlock "transport_fleet"
006228-006266 DataBlock
  ................ 1f 00 00 00 1f 00 00 00 00 00 00 00 02 00 00 00
  ................ 00 00 00 00 00 00 00 00 01 00 00 00 01 00 00 00
  .......          00 00 00 00 00 00 00
006267-006278 FontNameBlock "Norse-Bold"
006279-006294 DataBlock
  ................ 0a 00 00 00 02 00 00 00 01 00 00 00 dd da fa ff
006295-006317 StringBlock "Default Font Category"
006318-006337 DataBlock
  ................ 00 00 00 00 00 00 00 00 00 00 00 00 00 00 00 00
  ....             00 00 00 00
006338-006348 T0Block "normal_t0"
006349-006364 DataBlock
  ................ 00 00 00 00 00 00 00 00 00 00 00 00 00 00 00 00
006365-006375 T0Block "normal_t0"
006376-006510 DataBlock
  ................ 00 00 00 00 00 00 00 00 00 00 00 00 00 00 00 00
  ....pN.......... 01 00 00 00 70 4e d7 0e 04 00 00 00 04 00 00 00
  ................ 16 00 00 00 16 00 00 00 ff ff ff ff 00 00 00 05
  ................ 00 00 00 00 00 00 00 00 00 00 00 01 01 00 00 00
  ................ 00 00 00 00 00 00 00 00 00 00 00 00 00 00 00 00
  ....?........... 00 00 00 80 3f 00 00 00 00 00 00 00 00 00 00 00
  ................ 00 00 00 00 00 00 00 00 00 00 00 00 00 00 00 00
  ................ 00 00 00 00 00 00 00 00 00 00 00 00 00 00 00 00
  .......          00 00 00 02 00 00 00
006511-006522 StringBlock "agent_icon"
006523-006526 DataBlock
  ..10             02 00 31 30
006527-006540 StringBlock "terrain_icon"
006541-006561 DataBlock
  ..4............. 01 00 34 0a 00 00 00 00 00 00 00 01 00 00 00 00
  .....            00 80 8d de 0e
006562-006570 StringBlock "dy_left"
006571-006650 DataBlock
  .... ........... 00 00 00 00 20 00 00 00 02 00 00 00 01 00 00 00
  ................ 00 00 01 00 00 00 00 01 00 00 00 00 04 00 00 00
   ........0...... 20 00 00 00 02 00 00 00 00 30 84 93 0c 01 00 00
  .P.%...\........ 00 50 a8 25 0c 00 00 5c 00 00 00 1d 00 00 00 00
  ............0... 00 00 00 00 00 00 00 00 01 00 00 00 30 84 93 0c
006651-006660 NewStateBlock "NewState"
006661-006664 XSizeBlock 62
006665-006668 YSizeBlock 31
006669-006684 UnicodeBlock "dy_name"
006685-006707 DataBlock
  ................ 00 00 02 00 00 00 04 00 00 00 00 00 00 00 03 00
  .......          00 00 01 00 00 00 00
006708-006765 UnicodeBlock "dy_left_NewState_Text_7a003f"
006766-006769 DataBlock
  ....             00 00 00 00
006770-006782 FontNameBlock "la_gioconda"
006783-006798 DataBlock
  ................ 0c 00 00 00 01 00 00 00 00 00 00 00 d7 f8 ff ff
006799-006807 StringBlock "fe_text"
006808-006827 DataBlock
  ................ 00 00 00 00 00 00 00 00 00 00 00 00 00 00 00 00
  ....             00 00 00 00
006828-006838 T0Block "normal_t0"
006839-006854 DataBlock
  ................ 00 00 00 00 00 00 00 00 00 00 00 00 00 00 00 00
006855-006865 T0Block "normal_t0"
006866-007038 DataBlock
  ................ 00 00 00 00 00 00 00 00 00 00 00 00 00 00 00 00
  ....P.%......... 01 00 00 00 50 a8 25 0c 00 00 00 00 00 00 00 00
  >............... 3e 00 00 00 1f 00 00 00 ff ff ff 00 00 00 00 00
  ................ 00 00 00 00 00 00 00 00 00 00 00 01 01 00 00 00
  ................ 00 00 00 00 00 00 00 00 00 00 00 00 00 00 00 00
  ....?........... 00 00 00 80 3f 00 00 00 00 00 00 00 00 00 00 00
  ................ 00 00 00 00 00 00 00 00 00 00 00 00 00 00 00 00
  ................ 00 00 00 00 00 00 00 00 00 00 00 00 00 00 00 00
  ................ 00 00 00 00 00 00 00 0a 00 00 00 00 00 00 00 00
  ................ 00 00 00 00 00 00 00 00 00 00 00 00 00 00 00 00
  ...........O.    00 00 00 00 00 00 00 00 00 a0 0b 4f 0d
007039-007046 StringBlock "mon_dy"
007047-007091 DataBlock
  ....@........... 00 00 00 00 40 01 00 00 08 00 00 00 00 00 00 00
  ................ 00 00 01 00 00 00 00 01 00 00 00 00 06 00 00 00
  ......... ...    fa ff ff ff 01 00 00 00 00 20 8c f6 10
007092-007140 ImageListBlock 1 elements:
  007096-007140 ImageBlock id=224200416 xsize=24 ysize=24 path="ui/skins/default/mon_24.png" unknown=0
007141-007202 DataBlock
  ......... .....N 00 00 00 00 00 01 00 00 00 20 8c f6 10 08 00 4e
  ewState......... 65 77 53 74 61 74 65 18 00 00 00 18 00 00 00 00
  ................ 00 00 00 02 00 00 00 00 00 00 00 00 00 00 00 01
  ..............   00 00 00 01 00 00 00 00 00 00 00 00 00 00
007203-007214 FontNameBlock "Norse-Bold"
007215-007230 DataBlock
  ................ 0a 00 00 00 02 00 00 00 01 00 00 00 dd da fa ff
007231-007253 StringBlock "Default Font Category"
007254-007273 DataBlock
  ................ 00 00 00 00 00 00 00 00 00 00 00 00 00 00 00 00
  ....             00 00 00 00
007274-007284 T0Block "normal_t0"
007285-007300 DataBlock
  ................ 00 00 00 00 00 00 00 00 00 00 00 00 00 00 00 00
007301-007311 T0Block "normal_t0"
007312-007331 DataBlock
  ................ 00 00 00 00 00 00 00 00 00 00 00 00 00 00 00 00
  ....             01 00 00 00
007332-007355 ImageUseBlock id=224200416 xofs=0 yofs=0 xsize=24 ysize=24 brga=4294967295
007356-007464 DataBlock
  ................ 00 00 00 00 00 00 00 00 00 00 00 00 00 00 00 01
  ................ 01 00 00 00 00 00 00 00 00 00 00 00 00 00 00 00
  ........?....... 00 00 00 00 00 00 00 80 3f 00 00 00 00 00 00 00
  ................ 00 00 00 00 00 00 00 00 00 00 00 00 00 00 00 00
  ................ 00 00 00 00 00 00 00 00 00 00 00 00 00 00 00 00
  ................ 00 00 00 00 00 00 00 00 00 00 00 0a 00 00 00 00
  ...........p.    00 00 00 01 00 00 00 00 00 00 05 70 11
007465-007474 StringBlock "dy_right"
007475-007554 DataBlock
  ................ 00 00 00 00 b4 ff ff ff fd ff ff ff 01 00 00 00
  ................ 00 00 01 00 00 00 00 01 00 00 00 00 06 00 00 00
  ................ e8 ff ff ff 00 00 00 00 00 d0 14 89 0d 01 00 00
  ...#...\........ 00 e0 fe 23 11 00 00 5c 00 00 00 1d 00 00 00 00
  ................ 00 00 00 00 00 00 00 00 01 00 00 00 d0 14 89 0d
007555-007564 NewStateBlock "NewState"
007565-007568 XSizeBlock 76
007569-007572 YSizeBlock 31
007573-007594 UnicodeBlock "dy_faction"
007595-007617 DataBlock
  ................ 00 00 03 00 00 00 04 00 00 00 00 00 00 00 03 00
  .......          00 00 01 00 00 00 00
007618-007675 UnicodeBlock "dy_left_NewState_Text_7a003f"
007676-007679 DataBlock
  ....             00 00 00 00
007680-007692 FontNameBlock "la_gioconda"
007693-007708 DataBlock
  ................ 0c 00 00 00 01 00 00 00 00 00 00 00 d7 f8 ff ff
007709-007717 StringBlock "fe_text"
007718-007737 DataBlock
  ................ 00 00 00 00 04 00 00 00 00 00 00 00 00 00 00 00
  ....             00 00 00 00
007738-007748 T0Block "normal_t0"
007749-007764 DataBlock
  ................ 00 00 00 00 00 00 00 00 00 00 00 00 00 00 00 00
007765-007775 T0Block "normal_t0"
007776-007958 DataBlock
  ................ 00 00 00 00 00 00 00 00 00 00 00 00 00 00 00 00
  ......#......... 01 00 00 00 e0 fe 23 11 00 00 00 00 00 00 00 00
  L............... 4c 00 00 00 1f 00 00 00 ff ff ff 00 00 00 00 00
  ................ 00 00 00 00 00 00 00 00 00 00 00 01 01 00 00 00
  ................ 00 00 00 00 00 00 00 00 00 00 00 00 00 00 00 00
  ....?........... 00 00 00 80 3f 00 00 00 00 00 00 00 00 00 00 00
  ................ 00 00 00 00 00 00 00 00 00 00 00 00 00 00 00 00
  ................ 00 00 00 00 00 00 00 00 00 00 00 00 00 00 00 00
  ................ 00 00 00 00 00 00 00 0a 00 00 00 00 00 00 00 00
  ................ 00 00 00 00 00 00 00 00 00 00 00 00 00 00 00 00
  ................ 00 00 00 00 00 00 00 00 00 00 00 00 00 00 00 00
  ...@p..          00 00 00 40 70 f0 0b
007959-007966 StringBlock "bottom"
007967-008031 DataBlock
  ........H....... 00 00 00 00 00 00 00 00 48 00 00 00 01 01 00 00
  ................ 00 00 01 00 00 00 00 01 00 00 00 00 08 00 00 00
  .........`t..... 00 00 00 00 00 00 00 00 00 60 74 f0 0b 00 00 00
  .............`t. 00 00 00 00 00 00 00 00 00 01 00 00 00 60 74 f0
  .                0b
008032-008040 StringBlock "neutral"
008041-008079 DataBlock
  ^............... 5e 01 00 00 1c 00 00 00 00 00 00 00 02 00 00 00
  ................ 00 00 00 00 00 00 00 00 01 00 00 00 01 00 00 00
  .......          00 00 00 00 00 00 00
008080-008091 FontNameBlock "Norse-Bold"
008092-008107 DataBlock
  ................ 0a 00 00 00 02 00 00 00 01 00 00 00 dd da fa ff
008108-008130 StringBlock "Default Font Category"
008131-008150 DataBlock
  ................ 00 00 00 00 00 00 00 00 00 00 00 00 00 00 00 00
  ....             00 00 00 00
008151-008161 T0Block "normal_t0"
008162-008177 DataBlock
  ................ 00 00 00 00 00 00 00 00 00 00 00 00 00 00 00 00
008178-008188 T0Block "normal_t0"
008189-008242 DataBlock
  ................ 00 00 00 00 00 00 00 00 00 00 00 00 00 00 00 00
  ................ 00 00 00 00 00 00 00 00 00 00 00 00 00 00 00 00
  ................ 00 00 00 00 0a 00 00 00 00 00 00 00 02 00 00 00
  ..0...           00 00 30 e1 bc 08
008243-008254 StringBlock "dy_actions"
008255-008319 DataBlock
  ................ 00 00 00 00 00 00 00 00 fc ff ff ff 00 01 00 00
  ................ 00 00 01 00 00 00 00 01 00 00 00 00 07 00 00 00
  .........P...... 00 00 00 00 00 00 00 00 00 50 e5 bc 08 00 00 00
  .............P.. 00 00 00 00 00 00 00 00 00 01 00 00 00 50 e5 bc
  .                08
008320-008329 NewStateBlock "NewState"
008330-008333 XSizeBlock 318
008334-008337 YSizeBlock 32
008338-008371 UnicodeBlock "dy_name dy_name2"
008372-008394 DataBlock
  ................ 00 00 02 00 00 00 04 00 00 00 00 00 00 00 03 00
  .......          00 00 01 00 00 00 00
008395-008452 UnicodeBlock "dy_left_NewState_Text_7a003f"
008453-008456 DataBlock
  ....             00 00 00 00
008457-008469 FontNameBlock "la_gioconda"
008470-008485 DataBlock
  ................ 0c 00 00 00 01 00 00 00 00 00 00 00 d7 f8 ff ff
008486-008494 StringBlock "fe_text"
008495-008514 DataBlock
  ................ 08 00 00 00 00 00 00 00 08 00 00 00 00 00 00 00
  ....             00 00 00 00
008515-008525 T0Block "normal_t0"
008526-008541 DataBlock
  ................ 00 00 00 00 00 00 00 00 00 00 00 00 00 00 00 00
008542-008552 T0Block "normal_t0"
008553-008616 DataBlock
  ................ 00 00 00 00 00 00 00 00 00 00 00 00 00 00 00 00
  ................ 00 00 00 00 00 00 00 00 00 00 00 00 00 00 00 00
  ................ 00 00 00 00 0a 00 00 00 00 00 00 00 00 00 00 00
  ............ ... 00 00 00 00 00 00 00 00 00 00 00 00 20 f5 82 1d
008617-008629 StringBlock "icon_expand"
008630-008674 DataBlock
  ....E........... 00 00 00 00 45 01 00 00 03 00 00 00 00 00 00 00
  ................ 00 00 01 00 00 00 00 01 00 00 00 00 09 00 00 00
  .............    fb ff ff ff fb ff ff ff 00 c0 9c 05 11
008675-008732 ImageListBlock 1 elements:
  008679-008732 ImageBlock id=273509504 xsize=20 ysize=20 path="ui/skins/default/icon_plus_small.png" unknown=0
008733-008794 DataBlock
  ...............N 00 00 00 00 00 01 00 00 00 c0 9c 05 11 08 00 4e
  ewState......... 65 77 53 74 61 74 65 14 00 00 00 14 00 00 00 00
  ................ 00 00 00 02 00 00 00 00 00 00 00 00 00 00 00 01
  ..............   00 00 00 01 00 00 00 00 00 00 00 00 00 00
008795-008806 FontNameBlock "Norse-Bold"
008807-008822 DataBlock
  ................ 0a 00 00 00 02 00 00 00 01 00 00 00 dd da fa ff
008823-008845 StringBlock "Default Font Category"
008846-008865 DataBlock
  ................ 00 00 00 00 00 00 00 00 00 00 00 00 00 00 00 00
  ....             00 00 00 00
008866-008876 T0Block "normal_t0"
008877-008892 DataBlock
  ................ 00 00 00 00 00 00 00 00 00 00 00 00 00 00 00 00
008893-008903 T0Block "normal_t0"
008904-008923 DataBlock
  ................ 00 00 00 00 00 00 00 00 00 00 00 00 00 00 00 00
  ....             01 00 00 00
008924-008947 ImageUseBlock id=273509504 xofs=0 yofs=0 xsize=20 ysize=20 brga=4294967295
008948-009038 DataBlock
  ................ 00 00 00 00 00 00 00 00 00 00 00 00 00 00 00 01
  ................ 01 00 00 00 00 00 00 00 00 00 00 00 00 00 00 00
  ........?....... 00 00 00 00 00 00 00 80 3f 00 00 00 00 00 00 00
  ................ 00 00 00 00 00 00 00 00 00 00 00 00 00 00 00 00
  ................ 00 00 00 00 00 00 00 00 00 00 00 00 00 00 00 00
  ...........      00 00 00 00 00 00 00 01 00 00 00
009039-009054 StringBlock "override_sound"
009055-009069 DataBlock
  ...............  00 00 00 00 00 00 00 00 00 00 00 00 00 00 00
009070-009095 StringBlock "UI_CAM_HUD_Generic_Click"
009096-009132 DataBlock
  ................ 00 00 00 00 00 00 00 00 00 00 00 00 00 00 00 00
  ................ 00 00 00 00 00 00 00 00 01 00 00 00 00 00 00 00
  .....            00 00 00 00 00
