000000-000009 VersionBlock 106
000010-000013 RootIDBlock 304472832
000014-000019 StringBlock "root"
000020-000021 StringBlock ""
000022-000025 XOffsetBlock 0
000026-000029 YOffsetBlock 0
000030-000095 DataBlock
  ................ 00 00 01 01 00 00 00 00 01 00 00 00 00 01 00 00
  ................ 00 00 00 00 00 00 00 00 00 00 00 00 00 00 00 00
  .......@E....... 00 00 00 01 00 00 00 40 45 fb 11 00 00 00 05 00
  ................ 00 c0 03 00 00 00 00 00 00 00 00 00 00 00 01 00
  ..               00 00
000096-000099 StateIDBlock 306232416
000100-000109 NewStateBlock "NewState"
000110-000113 XSizeBlock 1280
000114-000117 YSizeBlock 1024
000118-000148 DataBlock
  ................ 00 00 00 00 02 00 00 00 00 00 00 00 00 00 00 00
  ...............  01 00 00 00 01 00 00 00 00 00 00 00 00 00 00
000149-000161 FontNameBlock "la_gioconda"
000162-000177 DataBlock
  ................ 0c 00 00 00 01 00 00 00 00 00 00 00 d7 f8 ff ff
000178-000194 StringBlock "fe_tooltip_text"
000195-000214 DataBlock
  ................ 00 00 00 00 00 00 00 00 00 00 00 00 00 00 00 00
  ....             01 00 00 00
000215-000225 T0Block "normal_t0"
000226-000241 DataBlock
  ................ 00 00 00 00 00 00 00 00 00 00 00 00 00 00 00 00
000242-000252 T0Block "normal_t0"
000253-000405 DataBlock
  ................ 00 00 00 00 00 00 00 00 00 00 00 00 00 00 00 00
  ....@E.......... 01 00 00 00 40 45 fb 11 00 00 00 00 00 00 00 00
  ............. 00 05 00 00 c0 03 00 00 7f 7f 7f ff 00 00 00 00
  ................ 00 00 00 00 00 00 00 00 00 00 00 01 01 00 00 00
  ................ 00 00 00 00 00 00 00 00 00 00 00 00 00 00 00 00
  ....?........... 00 00 00 80 3f 00 00 00 00 00 00 00 00 00 00 00
  ................ 00 00 00 00 00 00 00 00 00 00 00 00 00 00 00 00
  ................ 00 00 00 00 00 00 00 00 00 00 00 00 00 00 00 00
  ................ 00 00 00 00 00 00 00 00 00 00 00 00 00 00 00 01
  .......%.        00 00 00 00 00 00 e8 25 12
000406-000422 StringBlock "vehicle_tooltip"
000423-000424 DataBlock
  ..               00 00
000425-000446 StringBlock "BattleVehicleTooltip"
000447-000487 DataBlock
  ?............... 3f 02 00 00 de 00 00 00 01 01 00 00 00 00 01 00
  ................ 00 00 00 01 00 00 00 00 00 00 00 00 00 00 00 00
  .........        00 00 00 00 00 00 00 00 00
000488-000543 ImageListBlock 1 elements:
  000492-000543 ImageBlock id=749140992 xsize=256 ysize=256 path="ui\\skins\\default\\tooltip_frame.png" unknown=0
000544-000552 DataBlock
  .........        00 00 00 00 00 01 00 00 00
000553-000556 StateIDBlock 306232928
000557-000566 NewStateBlock "NewState"
000567-000570 XSizeBlock 278
000571-000574 YSizeBlock 86
000575-000605 DataBlock
  ................ 00 00 00 00 02 00 00 00 00 00 00 00 00 00 00 00
  ...............  01 00 00 00 01 00 00 00 00 00 00 00 00 00 00
000606-000618 FontNameBlock "la_gioconda"
000619-000634 DataBlock
  ................ 0c 00 00 00 01 00 00 00 00 00 00 00 d7 f8 ff ff
000635-000651 StringBlock "fe_tooltip_text"
000652-000671 DataBlock
  ................ 00 00 00 00 00 00 00 00 00 00 00 00 00 00 00 00
  ....             01 00 00 00
000672-000682 T0Block "normal_t0"
000683-000698 DataBlock
  ................ 00 00 00 00 00 00 00 00 00 00 00 00 00 00 00 00
000699-000709 T0Block "normal_t0"
000710-000729 DataBlock
  ................ 00 00 00 00 00 00 00 00 00 00 00 00 00 00 00 00
  ....             01 00 00 00
000730-000753 ImageUseBlock id=749140992 xofs=0 yofs=0 xsize=278 ysize=86 brga=4294967295
000754-000852 DataBlock
  ................ 01 00 00 00 00 00 00 00 00 00 00 00 00 00 00 01
  ................ 01 00 00 00 00 00 00 00 00 00 00 00 00 00 00 00
  ........?....... 00 00 00 00 00 00 00 80 3f 00 00 00 00 00 00 00
  ..............A. 00 00 00 00 00 00 00 00 00 00 00 00 00 a0 41 00
  ..A...A...A..... 00 a0 41 00 00 a0 41 00 00 a0 41 00 00 00 00 00
  ................ 00 00 00 00 00 00 00 00 00 00 00 1e 00 00 00 02
  ...              00 00 00
000853-000861 StringBlock "fade_in"
000862-000927 DataBlock
  ................ 01 00 03 00 00 00 00 00 00 00 00 00 00 00 10 01
  ..H............. 00 00 48 00 00 00 ff ff ff 00 00 00 00 00 00 00
  ................ 00 00 00 00 00 00 00 00 00 00 00 00 00 00 ff ff
  ..........@..... ff ff ff ff ff ff 00 00 00 00 40 00 00 00 00 00
  .?               80 3f
000928-000935 StringBlock "Linear"
000936-001005 DataBlock
  ................ 00 00 00 00 00 00 00 00 00 00 00 00 00 00 00 00
  ......H......... 00 00 10 01 00 00 48 00 00 00 ff ff ff ff 00 00
  ................ 00 00 00 00 00 00 00 00 00 00 00 00 00 00 00 00
  ..........d..... 00 00 ff ff ff ff ff ff ff ff 64 00 00 00 00 00
  .....?           00 00 00 00 80 3f
001006-001013 StringBlock "Linear"
001014-001083 DataBlock
  ................ 00 00 00 00 00 00 00 00 00 00 00 00 00 00 00 00
  ......H......... 00 00 10 01 00 00 48 00 00 00 ff ff ff ff 00 00
  ................ 00 00 00 00 00 00 00 00 00 00 00 00 00 00 00 00
  ..............@. 00 00 ff ff ff ff ff ff ff ff c8 00 00 00 40 00
  .....?           00 00 00 00 80 3f
001084-001091 StringBlock "Linear"
001092-001101 DataBlock
  ..........       00 00 00 00 00 00 00 00 00 00
001102-001111 StringBlock "fade_out"
001112-001177 DataBlock
  ................ 01 00 02 00 00 00 00 00 00 00 00 00 00 00 10 01
  ..H............. 00 00 48 00 00 00 ff ff ff ff 00 00 00 00 00 00
  ................ 00 00 00 00 00 00 00 00 00 00 00 00 00 00 ff ff
  ..........@..... ff ff ff ff ff ff 00 00 00 00 40 00 00 00 00 00
  .?               80 3f
001178-001185 StringBlock "Linear"
001186-001255 DataBlock
  ................ 00 00 00 00 00 00 00 00 00 00 00 00 00 00 00 00
  ......H......... 00 00 10 01 00 00 48 00 00 00 ff ff ff 00 00 00
  ................ 00 00 00 00 00 00 00 00 00 00 00 00 00 00 00 00
  ..............@. 00 00 ff ff ff ff ff ff ff ff 00 00 00 00 40 00
  .....?           00 00 00 00 80 3f
001256-001263 StringBlock "Linear"
001264-001283 DataBlock
  ................ 00 00 00 00 00 00 00 00 00 00 03 00 00 00 00 00
  `$&.             60 24 26 12
001284-001293 StringBlock "txt_name"
001294-001354 DataBlock
  ................ 00 00 00 00 00 00 00 00 00 00 00 00 01 00 00 00
  ................ 00 00 01 00 00 00 00 01 00 00 00 00 00 00 00 00
  ................ 00 00 00 00 00 00 00 00 00 00 00 00 00 00 00 00
  .............    00 00 00 00 00 00 00 00 00 01 00 00 00
001355-001358 StateIDBlock 306234944
001359-001368 NewStateBlock "NewState"
001369-001372 XSizeBlock 115
001373-001376 YSizeBlock 32
001377-001402 UnicodeBlock "Vehicle Name"
001403-001425 DataBlock
  ................ 00 00 02 00 00 00 00 00 00 00 00 00 00 00 03 00
  .......          00 00 01 00 00 00 00
001426-001485 UnicodeBlock "txt_name_NewState_Text_240036"
001486-001489 DataBlock
  ....             00 00 00 00
001490-001502 FontNameBlock "la_gioconda"
001503-001518 DataBlock
  ................ 0c 00 00 00 03 00 00 00 00 00 00 00 d7 f8 ff ff
001519-001534 StringBlock "ingame_tooltip"
001535-001554 DataBlock
  ................ 0c 00 00 00 08 00 00 00 0c 00 00 00 00 00 00 00
  ....             00 00 00 00
001555-001565 T0Block "normal_t0"
001566-001581 DataBlock
  ................ 00 00 00 00 00 00 00 00 00 00 00 00 00 00 00 00
001582-001592 T0Block "normal_t0"
001593-001656 DataBlock
  ................ 00 00 00 00 00 00 00 00 00 00 00 00 00 00 00 00
  ................ 00 00 00 00 00 00 00 00 00 00 00 00 00 00 00 00
  ................ 00 00 00 00 1e 00 00 00 00 00 00 00 00 00 00 00
  ............._.. 00 00 00 00 00 00 00 00 00 00 00 00 00 5f 18 15
001657-001668 StringBlock "txt_damage"
001669-001729 DataBlock
  ........ ....... 00 00 00 00 00 00 00 00 20 00 00 00 01 00 00 00
  ................ 00 00 01 00 00 00 00 01 00 00 00 00 00 00 00 00
  ................ 00 00 00 00 00 00 00 00 00 00 00 00 00 00 00 00
  .............    00 00 00 00 00 00 00 00 00 01 00 00 00
001730-001733 StateIDBlock 353886592
001734-001743 NewStateBlock "NewState"
001744-001747 XSizeBlock 203
001748-001751 YSizeBlock 22
001752-001767 UnicodeBlock "Damage:"
001768-001790 DataBlock
  ................ 00 00 02 00 00 00 04 00 00 00 00 00 00 00 02 00
  .......          00 00 01 00 00 00 01
001791-001846 UnicodeBlock "damage_NewState_Text_65004e"
001847-001850 DataBlock
  ....             00 00 00 00
001851-001863 FontNameBlock "la_gioconda"
001864-001879 DataBlock
  ................ 0c 00 00 00 01 00 00 00 00 00 00 00 d7 f8 ff ff
001880-001896 StringBlock "fe_tooltip_text"
001897-001916 DataBlock
  ................ 0c 00 00 00 00 00 00 00 00 00 00 00 00 00 00 00
  ....             00 00 00 00
001917-001927 T0Block "normal_t0"
001928-001943 DataBlock
  ................ 00 00 00 00 00 00 00 00 00 00 00 00 00 00 00 00
001944-001954 T0Block "normal_t0"
001955-002008 DataBlock
  ................ 00 00 00 00 00 00 00 00 00 00 00 00 00 00 00 00
  ................ 00 00 00 00 00 00 00 00 00 00 00 00 00 00 00 00
  ................ 00 00 00 00 1e 00 00 00 00 00 00 00 01 00 00 00
  .. i..           00 00 20 69 18 15
002009-002019 StringBlock "dy_damage"
002020-002080 DataBlock
  ................ 00 00 00 00 8f 00 00 00 00 00 00 00 00 00 00 00
  ................ 00 00 01 00 00 00 00 01 00 00 00 00 06 00 00 00
  ................ f2 ff ff ff 00 00 00 00 00 00 00 00 00 00 00 00
  .............    00 00 00 00 00 00 00 00 00 01 00 00 00
002081-002084 StateIDBlock 353886016
002085-002094 NewStateBlock "NewState"
002095-002098 XSizeBlock 46
002099-002102 YSizeBlock 22
002103-002131 DataBlock
  ..0.%........... 02 00 30 00 25 00 00 00 03 00 00 00 04 00 00 00
  .............    00 00 00 00 01 00 00 00 01 00 00 00 00
002132-002193 UnicodeBlock "dy_damage_NewState_Text_250030"
002194-002197 DataBlock
  ....             00 00 00 00
002198-002210 FontNameBlock "la_gioconda"
002211-002226 DataBlock
  ................ 0c 00 00 00 01 00 00 00 00 00 00 00 d7 f8 ff ff
002227-002243 StringBlock "fe_tooltip_text"
002244-002263 DataBlock
  ................ 00 00 00 00 00 00 00 00 00 00 00 00 00 00 00 00
  ....             00 00 00 00
002264-002274 T0Block "normal_t0"
002275-002290 DataBlock
  ................ 00 00 00 00 00 00 00 00 00 00 00 00 00 00 00 00
002291-002301 T0Block "normal_t0"
002302-002375 DataBlock
  ................ 00 00 00 00 00 00 00 00 00 00 00 00 00 00 00 00
  ................ 00 00 00 00 00 00 00 00 00 00 00 00 00 00 00 00
  ................ 00 00 00 00 1e 00 00 00 00 00 00 00 00 00 00 00
  ................ 00 00 00 00 00 00 00 00 00 00 00 00 00 00 00 00
  ...... .&.       00 00 00 00 00 00 20 01 26 12
002376-002392 StringBlock "txt_description"
002393-002453 DataBlock
  ........6....... 00 00 00 00 00 00 00 00 36 00 00 00 00 01 00 00
  ................ 00 00 01 00 00 00 00 01 00 00 00 00 00 00 00 00
  .........@.@.... 00 00 00 00 00 00 00 00 00 40 c8 40 12 00 00 00
  .............    00 00 00 00 00 00 00 00 00 01 00 00 00
002454-002457 StateIDBlock 306235456
002458-002467 NewStateBlock "NewState"
002468-002471 XSizeBlock 278
002472-002475 YSizeBlock 28
002476-002499 UnicodeBlock "Description"
002500-002522 DataBlock
  ................ 00 00 02 00 00 00 00 00 00 00 00 00 00 00 03 00
  .......          00 00 01 00 00 00 00
002523-002596 UnicodeBlock "txt_description_NewState_Text_740032"
002597-002600 DataBlock
  ....             00 00 00 00
002601-002613 FontNameBlock "la_gioconda"
002614-002629 DataBlock
  ................ 0c 00 00 00 01 00 00 00 00 00 00 00 d7 f8 ff ff
002630-002646 StringBlock "fe_tooltip_text"
002647-002666 DataBlock
  ................ 0c 00 00 00 08 00 00 00 04 00 00 00 08 00 00 00
  ....             01 00 00 00
002667-002677 T0Block "normal_t0"
002678-002693 DataBlock
  ................ 00 00 00 00 00 00 00 00 00 00 00 00 00 00 00 00
002694-002704 T0Block "normal_t0"
002705-002763 DataBlock
  ................ 00 00 00 00 00 00 00 00 00 00 00 00 00 00 00 00
  ................ 00 00 00 00 00 00 00 00 00 00 00 00 00 00 00 00
  ................ 00 00 00 00 1e 00 00 00 00 00 00 00 00 00 00 00
  ...........      00 00 00 00 00 00 00 00 00 00 01
002764-002769 StringBlock "List"
002770-002837 DataBlock
  ......<C........ 01 00 00 00 00 00 3c 43 00 00 00 00 00 00 00 00
  ................ 00 01 00 00 00 01 00 00 00 00 00 04 00 00 00 00
  ................ 00 00 00 00 00 00 00 00 00 00 00 00 00 00 00 00
  ................ 00 00 00 00 00 00 00 00 00 00 00 00 00 00 00 00
  ....             00 00 00 00
