000000-000009 VersionBlock 50
000010-000013 DataBlock
  ..R.             e4 87 52 16
000014-000019 StringBlock "root"
000020-000099 DataBlock
  ................ 00 00 00 00 00 00 00 00 00 00 00 01 01 00 00 00
  ................ 00 01 00 00 00 00 00 ff ff ff ff 00 00 00 00 00
  ......g......... 00 00 00 00 fc b2 67 16 00 00 01 00 00 00 c4 8c
  R............... 52 16 00 00 00 05 00 00 c0 03 00 00 be ff bb ff
  ..............g. 00 00 00 00 00 00 00 00 01 00 00 00 fc b2 67 16
000100-000109 StringBlock "NewState"
000110-000146 DataBlock
  ................ 00 05 00 00 c0 03 00 00 00 00 00 00 02 00 00 00
  ................ 00 00 00 00 00 00 00 00 01 00 00 00 01 00 00 00
  .....            00 00 00 00 00
000147-000165 StringBlock "Ingame 10, Normal"
000166-000177 DataBlock
  ............     02 00 00 00 01 00 00 00 00 00 00 ff
000178-000200 StringBlock "Default Font Category"
000201-000215 DataBlock
  ...............  00 00 00 00 00 00 00 00 00 00 00 00 01 00 00
000216-000226 StringBlock "normal_t0"
000227-000311 DataBlock
  ................ 00 00 00 00 00 00 00 00 00 00 00 00 00 00 00 00
  ..........R..... 00 00 00 00 01 00 00 00 c4 8c 52 16 00 00 00 00
  ................ 00 00 00 00 00 05 00 00 c0 03 00 00 be ff bb ff
  ................ 00 00 00 00 00 00 00 01 01 00 00 00 00 00 00 00
  ................ 00 00 00 00 00 00 00 00 00 00 00 00 00 00 00 00
  .....            00 00 00 00 00
000312-000323 StringBlock "events_end"
000324-000339 DataBlock
  ............l+U. 00 00 00 00 00 00 00 00 01 00 00 00 6c 2b 55 16
000340-000355 StringBlock "FamilyTreeCard"
000356-000376 DataBlock
  ..p............. 00 00 70 02 00 00 ff 00 00 00 00 00 00 00 00 00
  .....            00 01 00 00 00
000377-000392 StringBlock "FamilyTreeCard"
000393-000419 DataBlock
  ................ 06 00 00 00 00 00 00 00 00 00 00 00 00 00 00 00
  .......L0U.      00 00 00 03 00 00 00 4c 30 55 16
000420-000459 ImagePathBlock "data\\UI\\Campaign UI/Skins/portrait.tga"
000460-000475 DataBlock
  B...X........1U. 42 00 00 00 58 00 00 00 ff ff ff ff 84 31 55 16
000476-000515 ImagePathBlock "data\\UI\\Campaign UI/Skins/frame_x2.tga"
000516-000531 DataBlock
  B...X.........d. 42 00 00 00 58 00 00 00 ff ff ff ff e4 e1 64 16
000532-000576 ImagePathBlock "data\\UI\\Campaign UI/Skins/frame_x2_roll.tga"
000577-000604 DataBlock
  B...X........... 42 00 00 00 58 00 00 00 ff ff ff ff 00 00 00 00
  ..........d.     00 00 00 00 02 00 00 00 ac e6 64 16
000605-000613 StringBlock "Default"
000614-000650 DataBlock
  B...X........... 42 00 00 00 58 00 00 00 00 00 00 00 02 00 00 00
  ................ 00 00 00 00 00 00 00 00 01 00 00 00 01 00 00 00
  .....            00 00 00 00 00
000651-000669 StringBlock "Ingame 12, Normal"
000670-000681 DataBlock
  ............     02 00 00 00 01 00 00 00 ff 00 00 00
000682-000705 StringBlock "UnitGroupFrame.twui 26"
000706-000720 DataBlock
  ...............  00 00 00 00 00 00 00 00 00 00 00 00 01 00 00
000721-000731 StringBlock "normal_t0"
000732-000747 DataBlock
  ................ 00 00 00 00 00 00 00 00 00 00 00 00 00 00 00 00
000748-000759 StringBlock "Deselected"
000760-000871 DataBlock
  .......1U....... 00 00 02 00 00 00 84 31 55 16 00 00 00 00 00 00
  ..B...X......... 00 00 42 00 00 00 58 00 00 00 ff ff ff ff 00 00
  ................ 00 00 00 00 00 01 01 00 00 00 00 00 00 00 00 00
  ...L0U.........B 00 00 00 4c 30 55 16 00 00 00 00 00 00 00 00 42
  ...X............ 00 00 00 58 00 00 00 ff ff ff ff 00 00 00 00 00
  ................ 00 00 01 01 00 00 00 00 00 00 00 00 00 00 00 00
  ..............d. 00 00 00 00 00 00 00 00 00 00 00 00 fc ea 64 16
000872-000881 StringBlock "Selected"
000882-000918 DataBlock
  B...X........... 42 00 00 00 58 00 00 00 00 00 00 00 02 00 00 00
  ................ 00 00 00 00 00 00 00 00 01 00 00 00 01 00 00 00
  .....            00 00 00 00 00
000919-000937 StringBlock "Ingame 12, Normal"
000938-000949 DataBlock
  ............     02 00 00 00 01 00 00 00 ff 00 00 00
000950-000973 StringBlock "UnitGroupFrame.twui 26"
000974-000988 DataBlock
  ...............  00 00 00 00 00 00 00 00 00 00 00 00 01 00 00
000989-000999 StringBlock "normal_t0"
001000-001015 DataBlock
  ................ 00 00 00 00 00 00 00 00 00 00 00 00 00 00 00 00
001016-001025 StringBlock "Selected"
001026-001137 DataBlock
  ........d....... 00 00 02 00 00 00 e4 e1 64 16 00 00 00 00 00 00
  ..B...X......... 00 00 42 00 00 00 58 00 00 00 ff ff ff ff 00 00
  ................ 00 00 00 00 00 01 01 00 00 00 00 00 00 00 00 00
  ...L0U.........B 00 00 00 4c 30 55 16 00 00 00 00 00 00 00 00 42
  ...X............ 00 00 00 58 00 00 00 ff ff ff ff 00 00 00 00 00
  ................ 00 00 01 01 00 00 00 00 00 00 00 00 00 00 00 00
  ................ 00 00 00 00 00 00 00 00 00 00 00 00 00 00 00 00
001138-001154 StringBlock "OnMouseLClickUp"
001155-001169 StringBlock "OnLeftClickUp"
001170-001181 StringBlock "events_end"
001182-001197 DataBlock
  .............#P. 00 00 00 00 00 00 00 00 06 00 00 00 a4 23 50 16
001198-001217 StringBlock "CharacterAttribute"
001218-001238 DataBlock
  ......=......... 00 00 fb ff ff ff 3d 00 00 00 00 01 01 00 00 00
  .....            00 01 00 00 00
001239-001258 StringBlock "CharacterAttribute"
001259-001285 DataBlock
  ................ ff ff ff ff 00 00 00 00 00 00 00 00 00 00 00 00
  .........d.      00 00 00 01 00 00 00 ec f0 64 16
001286-001331 ImagePathBlock "data\\UI\\Campaign UI/Skins/skill_managing.tga"
001332-001359 DataBlock
   ... ........... 20 00 00 00 20 00 00 00 ff ff ff ff 00 00 00 00
  .........(P.     00 00 00 00 01 00 00 00 84 28 50 16
001360-001370 StringBlock "attribute"
001371-001407 DataBlock
   ... ........... 20 00 00 00 20 00 00 00 00 00 00 00 02 00 00 00
  ................ 00 00 00 00 00 00 00 00 01 00 00 00 01 00 00 00
  .....            00 00 00 00 00
001408-001426 StringBlock "Ingame 12, Normal"
001427-001438 DataBlock
  ............     02 00 00 00 01 00 00 00 ff 00 00 00
001439-001462 StringBlock "UnitGroupFrame.twui 26"
001463-001477 DataBlock
  ...............  00 00 00 00 00 00 00 00 00 00 00 00 00 00 00
001478-001488 StringBlock "normal_t0"
001489-001573 DataBlock
  ................ 00 00 00 00 00 00 00 00 00 00 00 00 00 00 00 00
  ..........d..... 00 00 00 00 01 00 00 00 ec f0 64 16 00 00 00 00
  .... ... ....... 00 00 00 00 20 00 00 00 20 00 00 00 ff ff ff ff
  ................ 00 00 00 00 00 00 00 01 01 00 00 00 00 00 00 00
  ................ 00 00 00 00 00 00 00 00 00 00 00 00 00 00 00 00
  .....            00 00 00 00 00
001574-001585 StringBlock "events_end"
001586-001601 DataBlock
  .............,P. 00 00 00 00 00 00 00 00 01 00 00 00 14 2c 50 16
001602-001608 StringBlock "Level"
001609-001629 DataBlock
  ................ 00 00 0a 00 00 00 c2 ff ff ff 00 01 01 00 00 00
  .....            00 01 00 00 00
001630-001636 StringBlock "Level"
001637-001663 DataBlock
  ................ ff ff ff ff 00 00 00 00 00 00 00 00 00 00 00 00
  ........1P.      00 00 00 09 00 00 00 94 31 50 16
001664-001704 ImagePathBlock "data\\UI\\Campaign UI/Skins/char_lvl1.tga"
001705-001720 DataBlock
  ....C........3P. 0b 00 00 00 43 00 00 00 ff ff ff ff d4 33 50 16
001721-001761 ImagePathBlock "data\\UI\\Campaign UI/Skins/char_lvl2.tga"
001762-001777 DataBlock
  ....C........6P. 0b 00 00 00 43 00 00 00 ff ff ff ff 1c 36 50 16
001778-001818 ImagePathBlock "data\\UI\\Campaign UI/Skins/char_lvl3.tga"
001819-001834 DataBlock
  ....C.......l8P. 0b 00 00 00 43 00 00 00 ff ff ff ff 6c 38 50 16
001835-001875 ImagePathBlock "data\\UI\\Campaign UI/Skins/char_lvl4.tga"
001876-001891 DataBlock
  ....C........:P. 0b 00 00 00 43 00 00 00 ff ff ff ff 04 3a 50 16
001892-001932 ImagePathBlock "data\\UI\\Campaign UI/Skins/char_lvl5.tga"
001933-001948 DataBlock
  ....C.......d<P. 0b 00 00 00 43 00 00 00 ff ff ff ff 64 3c 50 16
001949-001989 ImagePathBlock "data\\UI\\Campaign UI/Skins/char_lvl6.tga"
001990-002005 DataBlock
  ....C........=P. 0b 00 00 00 43 00 00 00 ff ff ff ff fc 3d 50 16
002006-002046 ImagePathBlock "data\\UI\\Campaign UI/Skins/char_lvl7.tga"
002047-002062 DataBlock
  ....C........?P. 0b 00 00 00 43 00 00 00 ff ff ff ff ec 3f 50 16
002063-002103 ImagePathBlock "data\\UI\\Campaign UI/Skins/char_lvl8.tga"
002104-002119 DataBlock
  ....C........AP. 0b 00 00 00 43 00 00 00 ff ff ff ff dc 41 50 16
002120-002160 ImagePathBlock "data\\UI\\Campaign UI/Skins/char_lvl9.tga"
002161-002228 DataBlock
  ....C........... 0b 00 00 00 43 00 00 00 ff ff ff ff 00 00 00 00
  ........\DP...1. 00 00 00 00 0a 00 00 00 5c 44 50 16 01 00 31 0b
  ...C............ 00 00 00 43 00 00 00 00 00 00 00 02 00 00 00 00
  ................ 00 00 00 00 00 00 00 01 00 00 00 01 00 00 00 00
  ....             00 00 00 00
002229-002247 StringBlock "Ingame 12, Normal"
002248-002259 DataBlock
  ............     02 00 00 00 01 00 00 00 ff 00 00 00
002260-002283 StringBlock "UnitGroupFrame.twui 26"
002284-002298 DataBlock
  ...............  00 00 00 00 00 00 00 00 00 00 00 00 00 00 00
002299-002309 StringBlock "normal_t0"
002310-002434 DataBlock
  ................ 00 00 00 00 00 00 00 00 00 00 00 00 00 00 00 00
  .........1P..... 00 00 00 00 01 00 00 00 94 31 50 16 00 00 00 00
  ........C....... 00 00 00 00 0b 00 00 00 43 00 00 00 ff ff ff ff
  ................ 00 00 00 00 00 00 00 01 01 00 00 00 00 00 00 00
  ................ 00 00 00 00 00 00 00 00 00 00 00 00 00 00 00 00
  ..GP...0....C... 00 ec 47 50 16 01 00 30 0b 00 00 00 43 00 00 00
  ................ 00 00 00 00 02 00 00 00 00 00 00 00 00 00 00 00
  .............    01 00 00 00 01 00 00 00 00 00 00 00 00
002435-002453 StringBlock "Ingame 12, Normal"
002454-002465 DataBlock
  ............     02 00 00 00 01 00 00 00 ff 00 00 00
002466-002489 StringBlock "UnitGroupFrame.twui 26"
002490-002504 DataBlock
  ...............  00 00 00 00 00 00 00 00 00 00 00 00 00 00 00
002505-002515 StringBlock "normal_t0"
002516-002595 DataBlock
  ................ 00 00 00 00 00 00 00 00 00 00 00 00 00 00 00 00
  ................ 00 00 00 00 00 00 00 00 00 00 00 00 00 00 00 00
  ....DKP...3....C 00 00 00 00 44 4b 50 16 01 00 33 0b 00 00 00 43
  ................ 00 00 00 00 00 00 00 02 00 00 00 00 00 00 00 00
  ................ 00 00 00 01 00 00 00 01 00 00 00 00 00 00 00 00
002596-002614 StringBlock "Ingame 12, Normal"
002615-002626 DataBlock
  ............     02 00 00 00 01 00 00 00 ff 00 00 00
002627-002650 StringBlock "UnitGroupFrame.twui 26"
002651-002665 DataBlock
  ...............  00 00 00 00 00 00 00 00 00 00 00 00 00 00 00
002666-002676 StringBlock "normal_t0"
002677-002801 DataBlock
  ................ 00 00 00 00 00 00 00 00 00 00 00 00 00 00 00 00
  .........6P..... 00 00 00 00 01 00 00 00 1c 36 50 16 00 00 00 00
  ........C....... 00 00 00 00 0b 00 00 00 43 00 00 00 ff ff ff ff
  ................ 00 00 00 00 00 00 00 01 01 00 00 00 00 00 00 00
  ................ 00 00 00 00 00 00 00 00 00 00 00 00 00 00 00 00
  .LOP...2....C... 00 4c 4f 50 16 01 00 32 0b 00 00 00 43 00 00 00
  ................ 00 00 00 00 02 00 00 00 00 00 00 00 00 00 00 00
  .............    01 00 00 00 01 00 00 00 00 00 00 00 00
002802-002820 StringBlock "Ingame 12, Normal"
002821-002832 DataBlock
  ............     02 00 00 00 01 00 00 00 ff 00 00 00
002833-002856 StringBlock "UnitGroupFrame.twui 26"
002857-002871 DataBlock
  ...............  00 00 00 00 00 00 00 00 00 00 00 00 00 00 00
002872-002882 StringBlock "normal_t0"
002883-003007 DataBlock
  ................ 00 00 00 00 00 00 00 00 00 00 00 00 00 00 00 00
  .........3P..... 00 00 00 00 01 00 00 00 d4 33 50 16 00 00 00 00
  ........C....... 00 00 00 00 0b 00 00 00 43 00 00 00 ff ff ff ff
  ................ 00 00 00 00 00 00 00 01 01 00 00 00 00 00 00 00
  ................ 00 00 00 00 00 00 00 00 00 00 00 00 00 00 00 00
  ...Q...5....C... 00 c4 d9 51 16 01 00 35 0b 00 00 00 43 00 00 00
  ................ 00 00 00 00 02 00 00 00 00 00 00 00 00 00 00 00
  .............    01 00 00 00 01 00 00 00 00 00 00 00 00
003008-003026 StringBlock "Ingame 12, Normal"
003027-003038 DataBlock
  ............     02 00 00 00 01 00 00 00 ff 00 00 00
003039-003062 StringBlock "UnitGroupFrame.twui 26"
003063-003077 DataBlock
  ...............  00 00 00 00 00 00 00 00 00 00 00 00 00 00 00
003078-003088 StringBlock "normal_t0"
003089-003213 DataBlock
  ................ 00 00 00 00 00 00 00 00 00 00 00 00 00 00 00 00
  .........:P..... 00 00 00 00 01 00 00 00 04 3a 50 16 00 00 00 00
  ........C....... 00 00 00 00 0b 00 00 00 43 00 00 00 ff ff ff ff
  ................ 00 00 00 00 00 00 00 01 01 00 00 00 00 00 00 00
  ................ 00 00 00 00 00 00 00 00 00 00 00 00 00 00 00 00
  ...Q...4....C... 00 c4 dd 51 16 01 00 34 0b 00 00 00 43 00 00 00
  ................ 00 00 00 00 02 00 00 00 00 00 00 00 00 00 00 00
  .............    01 00 00 00 01 00 00 00 00 00 00 00 00
003214-003232 StringBlock "Ingame 12, Normal"
003233-003244 DataBlock
  ............     02 00 00 00 01 00 00 00 ff 00 00 00
003245-003268 StringBlock "UnitGroupFrame.twui 26"
003269-003283 DataBlock
  ...............  00 00 00 00 00 00 00 00 00 00 00 00 00 00 00
003284-003294 StringBlock "normal_t0"
003295-003419 DataBlock
  ................ 00 00 00 00 00 00 00 00 00 00 00 00 00 00 00 00
  ........l8P..... 00 00 00 00 01 00 00 00 6c 38 50 16 00 00 00 00
  ........C....... 00 00 00 00 0b 00 00 00 43 00 00 00 ff ff ff ff
  ................ 00 00 00 00 00 00 00 01 01 00 00 00 00 00 00 00
  ................ 00 00 00 00 00 00 00 00 00 00 00 00 00 00 00 00
  .l.Q...7....C... 00 6c e1 51 16 01 00 37 0b 00 00 00 43 00 00 00
  ................ 00 00 00 00 02 00 00 00 00 00 00 00 00 00 00 00
  .............    01 00 00 00 01 00 00 00 00 00 00 00 00
003420-003438 StringBlock "Ingame 12, Normal"
003439-003450 DataBlock
  ............     02 00 00 00 01 00 00 00 ff 00 00 00
003451-003474 StringBlock "UnitGroupFrame.twui 26"
003475-003489 DataBlock
  ...............  00 00 00 00 00 00 00 00 00 00 00 00 00 00 00
003490-003500 StringBlock "normal_t0"
003501-003625 DataBlock
  ................ 00 00 00 00 00 00 00 00 00 00 00 00 00 00 00 00
  .........=P..... 00 00 00 00 01 00 00 00 fc 3d 50 16 00 00 00 00
  ........C....... 00 00 00 00 0b 00 00 00 43 00 00 00 ff ff ff ff
  ................ 00 00 00 00 00 00 00 01 01 00 00 00 00 00 00 00
  ................ 00 00 00 00 00 00 00 00 00 00 00 00 00 00 00 00
  .d.Q...6....C... 00 64 e5 51 16 01 00 36 0b 00 00 00 43 00 00 00
  ................ 00 00 00 00 02 00 00 00 00 00 00 00 00 00 00 00
  .............    01 00 00 00 01 00 00 00 00 00 00 00 00
003626-003644 StringBlock "Ingame 12, Normal"
003645-003656 DataBlock
  ............     02 00 00 00 01 00 00 00 ff 00 00 00
003657-003680 StringBlock "UnitGroupFrame.twui 26"
003681-003695 DataBlock
  ...............  00 00 00 00 00 00 00 00 00 00 00 00 00 00 00
003696-003706 StringBlock "normal_t0"
003707-003831 DataBlock
  ................ 00 00 00 00 00 00 00 00 00 00 00 00 00 00 00 00
  ........d<P..... 00 00 00 00 01 00 00 00 64 3c 50 16 00 00 00 00
  ........C....... 00 00 00 00 0b 00 00 00 43 00 00 00 ff ff ff ff
  ................ 00 00 00 00 00 00 00 01 01 00 00 00 00 00 00 00
  ................ 00 00 00 00 00 00 00 00 00 00 00 00 00 00 00 00
  .\.Q...9....C... 00 5c e9 51 16 01 00 39 0b 00 00 00 43 00 00 00
  ................ 00 00 00 00 02 00 00 00 00 00 00 00 00 00 00 00
  .............    01 00 00 00 01 00 00 00 00 00 00 00 00
003832-003850 StringBlock "Ingame 12, Normal"
003851-003862 DataBlock
  ............     02 00 00 00 01 00 00 00 ff 00 00 00
003863-003886 StringBlock "UnitGroupFrame.twui 26"
003887-003901 DataBlock
  ...............  00 00 00 00 00 00 00 00 00 00 00 00 00 00 00
003902-003912 StringBlock "normal_t0"
003913-004037 DataBlock
  ................ 00 00 00 00 00 00 00 00 00 00 00 00 00 00 00 00
  .........AP..... 00 00 00 00 01 00 00 00 dc 41 50 16 00 00 00 00
  ........C....... 00 00 00 00 0b 00 00 00 43 00 00 00 ff ff ff ff
  ................ 00 00 00 00 00 00 00 01 01 00 00 00 00 00 00 00
  ................ 00 00 00 00 00 00 00 00 00 00 00 00 00 00 00 00
  ...Q...8....C... 00 e4 ed 51 16 01 00 38 0b 00 00 00 43 00 00 00
  ................ 00 00 00 00 02 00 00 00 00 00 00 00 00 00 00 00
  .............    01 00 00 00 01 00 00 00 00 00 00 00 00
004038-004056 StringBlock "Ingame 12, Normal"
004057-004068 DataBlock
  ............     02 00 00 00 01 00 00 00 ff 00 00 00
004069-004092 StringBlock "UnitGroupFrame.twui 26"
004093-004107 DataBlock
  ...............  00 00 00 00 00 00 00 00 00 00 00 00 00 00 00
004108-004118 StringBlock "normal_t0"
004119-004203 DataBlock
  ................ 00 00 00 00 00 00 00 00 00 00 00 00 00 00 00 00
  .........?P..... 00 00 00 00 01 00 00 00 ec 3f 50 16 00 00 00 00
  ........C....... 00 00 00 00 0b 00 00 00 43 00 00 00 ff ff ff ff
  ................ 00 00 00 00 00 00 00 01 01 00 00 00 00 00 00 00
  ................ 00 00 00 00 00 00 00 00 00 00 00 00 00 00 00 00
  .....            00 00 00 00 00
004204-004215 StringBlock "events_end"
004216-004227 DataBlock
  ............     00 00 00 00 00 00 00 00 00 00 00 00
004228-004247 StringBlock "template.Level.lua"
004248-004250 DataBlock
  ...              00 00 00
004251-004283 StringBlock "template.CharacterAttribute.lua"
004284-004290 DataBlock
  .....Q.          00 00 00 14 f2 51 16
004291-004297 StringBlock "crown"
004298-004318 DataBlock
  ................ 00 00 12 00 00 00 e4 ff ff ff 00 01 01 00 00 00
  .....            00 01 00 00 00
004319-004325 StringBlock "crown"
004326-004352 DataBlock
  ................ ff ff ff ff 00 00 00 00 00 00 00 00 00 00 00 00
  .........Q.      00 00 00 02 00 00 00 94 f7 51 16
004353-004394 ImagePathBlock "data\\UI\\Campaign UI/Skins/crown_heir.tga"
004395-004410 DataBlock
  ..............Q. 1c 00 00 00 1c 00 00 00 ff ff ff ff d4 f9 51 16
004411-004453 ImagePathBlock "data\\UI\\Campaign UI/Skins/crown_ruler.tga"
004454-004481 DataBlock
  ................ 1c 00 00 00 1c 00 00 00 ff ff ff ff 00 00 00 00
  ..........Q.     00 00 00 00 03 00 00 00 1c fc 51 16
004482-004487 StringBlock "heir"
004488-004524 DataBlock
  ................ 1c 00 00 00 1c 00 00 00 00 00 00 00 02 00 00 00
  ................ 00 00 00 00 00 00 00 00 01 00 00 00 01 00 00 00
  .....            00 00 00 00 00
004525-004543 StringBlock "Ingame 12, Normal"
004544-004555 DataBlock
  ............     02 00 00 00 01 00 00 00 ff 00 00 00
004556-004579 StringBlock "UnitGroupFrame.twui 26"
004580-004594 DataBlock
  ...............  00 00 00 00 00 00 00 00 00 00 00 00 00 00 00
004595-004605 StringBlock "normal_t0"
004606-004730 DataBlock
  ................ 00 00 00 00 00 00 00 00 00 00 00 00 00 00 00 00
  ..........Q..... 00 00 00 00 01 00 00 00 94 f7 51 16 00 00 00 00
  ................ 00 00 00 00 1c 00 00 00 1c 00 00 00 ff ff ff ff
  ................ 00 00 00 00 00 00 00 01 01 00 00 00 00 00 00 00
  ................ 00 00 00 00 00 00 00 00 00 00 00 00 00 00 00 00
  ...R...0........ 00 14 00 52 16 01 00 30 1c 00 00 00 1c 00 00 00
  ................ 00 00 00 00 02 00 00 00 00 00 00 00 00 00 00 00
  .............    01 00 00 00 01 00 00 00 00 00 00 00 00
004731-004749 StringBlock "Ingame 12, Normal"
004750-004761 DataBlock
  ............     02 00 00 00 01 00 00 00 ff 00 00 00
004762-004785 StringBlock "UnitGroupFrame.twui 26"
004786-004800 DataBlock
  ...............  00 00 00 00 00 00 00 00 00 00 00 00 00 00 00
004801-004811 StringBlock "normal_t0"
004812-004851 DataBlock
  ................ 00 00 00 00 00 00 00 00 00 00 00 00 00 00 00 00
  ................ 00 00 00 00 00 00 00 00 00 00 00 00 00 00 00 00
  ....l.R.         00 00 00 00 6c 03 52 16
004852-004858 StringBlock "ruler"
004859-004895 DataBlock
  ................ 1c 00 00 00 1c 00 00 00 00 00 00 00 02 00 00 00
  ................ 00 00 00 00 00 00 00 00 01 00 00 00 01 00 00 00
  .....            00 00 00 00 00
004896-004914 StringBlock "Ingame 12, Normal"
004915-004926 DataBlock
  ............     02 00 00 00 01 00 00 00 ff 00 00 00
004927-004950 StringBlock "UnitGroupFrame.twui 26"
004951-004965 DataBlock
  ...............  00 00 00 00 00 00 00 00 00 00 00 00 00 00 00
004966-004976 StringBlock "normal_t0"
004977-005061 DataBlock
  ................ 00 00 00 00 00 00 00 00 00 00 00 00 00 00 00 00
  ..........Q..... 00 00 00 00 01 00 00 00 d4 f9 51 16 00 00 00 00
  ................ 00 00 00 00 1c 00 00 00 1c 00 00 00 ff ff ff ff
  ................ 00 00 00 00 00 00 00 01 01 00 00 00 00 00 00 00
  ................ 00 00 00 00 00 00 00 00 00 00 00 00 00 00 00 00
  .....            00 00 00 00 00
005062-005073 StringBlock "events_end"
005074-005094 DataBlock
  ................ 00 00 00 00 00 00 00 00 00 00 00 00 00 00 00 00
  ...X.            00 9c e4 58 16
005095-005104 StringBlock "religion"
005105-005125 DataBlock
  ..8............. 00 00 38 00 00 00 01 00 00 00 00 01 01 00 00 00
  .....            00 01 00 00 00
005126-005135 StringBlock "religion"
005136-005162 DataBlock
  ................ ff ff ff ff 00 00 00 00 00 00 00 00 00 00 00 00
  .........R.      00 00 00 01 00 00 00 14 08 52 16
005163-005201 ImagePathBlock "data\\UI\\Campaign UI/Skins/animism.tga"
005202-005269 DataBlock
  ................ 14 00 00 00 14 00 00 00 ff ff ff ff 00 00 00 00
  ..........R...0. 00 00 00 00 01 00 00 00 d4 09 52 16 01 00 30 14
  ................ 00 00 00 14 00 00 00 00 00 00 00 02 00 00 00 00
  ................ 00 00 00 00 00 00 00 01 00 00 00 01 00 00 00 00
  ....             00 00 00 00
005270-005288 StringBlock "Ingame 12, Normal"
005289-005300 DataBlock
  ............     02 00 00 00 01 00 00 00 ff 00 00 00
005301-005324 StringBlock "UnitGroupFrame.twui 26"
005325-005339 DataBlock
  ...............  00 00 00 00 00 00 00 00 00 00 00 00 00 00 00
005340-005350 StringBlock "normal_t0"
005351-005435 DataBlock
  ................ 00 00 00 00 00 00 00 00 00 00 00 00 00 00 00 00
  ..........R..... 00 00 00 00 01 00 00 00 14 08 52 16 00 00 00 00
  ................ 00 00 00 00 14 00 00 00 14 00 00 00 ff ff ff ff
  ................ 00 00 00 00 00 00 00 01 01 00 00 00 00 00 00 00
  ................ 00 00 00 00 00 00 00 00 00 00 00 00 00 00 00 00
  .....            00 00 00 00 00
005436-005447 StringBlock "events_end"
005448-005468 DataBlock
  ................ 00 00 00 00 00 00 00 00 00 00 00 00 00 00 00 00
  .,.X.            00 2c ec 58 16
005469-005477 StringBlock "faction"
005478-005498 DataBlock
  ..8...?......... 00 00 38 00 00 00 3f 00 00 00 00 01 01 00 00 00
  .....            00 01 00 00 00
005499-005507 StringBlock "faction"
005508-005534 DataBlock
  ................ ff ff ff ff 00 00 00 00 00 00 00 00 00 00 00 00
  .........X.      00 00 00 01 00 00 00 ac f1 58 16
005535-005571 ImagePathBlock "data\\UI\\Campaign UI/Skins/small.tga"
005572-005639 DataBlock
  ................ 13 00 00 00 18 00 00 00 ff ff ff ff 00 00 00 00
  ........l.X...0. 00 00 00 00 01 00 00 00 6c f3 58 16 01 00 30 13
  ................ 00 00 00 18 00 00 00 00 00 00 00 02 00 00 00 00
  ................ 00 00 00 00 00 00 00 01 00 00 00 01 00 00 00 00
  ....             00 00 00 00
005640-005658 StringBlock "Ingame 12, Normal"
005659-005670 DataBlock
  ............     02 00 00 00 01 00 00 00 ff 00 00 00
005671-005694 StringBlock "UnitGroupFrame.twui 26"
005695-005709 DataBlock
  ...............  00 00 00 00 00 00 00 00 00 00 00 00 00 00 00
005710-005720 StringBlock "normal_t0"
005721-005805 DataBlock
  ................ 00 00 00 00 00 00 00 00 00 00 00 00 00 00 00 00
  ..........X..... 00 00 00 00 01 00 00 00 ac f1 58 16 00 00 00 00
  ................ 00 00 00 00 13 00 00 00 18 00 00 00 ff ff ff ff
  ................ 00 00 00 00 00 00 00 01 01 00 00 00 00 00 00 00
  ................ 00 00 00 00 00 00 00 00 00 00 00 00 00 00 00 00
  .....            00 00 00 00 00
005806-005817 StringBlock "events_end"
005818-005838 DataBlock
  ................ 00 00 00 00 00 00 00 00 00 00 00 00 00 00 00 00
  ...X.            00 b4 f7 58 16
005839-005848 StringBlock "dy_title"
005849-005869 DataBlock
  ......_......... 00 00 e5 ff ff ff 5f 00 00 00 00 01 01 00 00 00
  .....            00 01 00 00 00
005870-005879 StringBlock "dy_title"
005880-005918 DataBlock
  ................ ff ff ff ff 00 00 00 00 00 00 00 00 00 00 00 00
  ................ 00 00 00 00 00 00 00 00 00 00 00 00 00 00 00 01
  ...4.X.          00 00 00 34 fd 58 16
005919-005928 StringBlock "NewState"
005929-005936 DataBlock
  x.......         78 00 00 00 10 00 00 00
005937-005946 UnicodeBlock "King"
005947-005969 DataBlock
  ................ 00 00 04 00 00 00 00 00 00 00 00 00 00 00 01 00
  .......          00 00 01 00 00 00 00
005970-006027 UnicodeBlock "dy_title_NewState_Text_e0025"
006028-006029 DataBlock
  ..               00 00
006030-006048 StringBlock "Ingame 12, Normal"
006049-006060 DataBlock
  ............     02 00 00 00 01 00 00 00 00 00 00 ff
006061-006091 StringBlock "event_agent_recruited.twui 28"
006092-006106 DataBlock
  ...............  00 00 00 00 00 00 00 00 00 00 00 00 00 00 00
006107-006117 StringBlock "normal_t0"
006118-006157 DataBlock
  ................ 00 00 00 00 00 00 00 00 00 00 00 00 00 00 00 00
  ................ 00 00 00 00 00 00 00 00 00 00 00 00 00 00 00 00
  ........         00 00 00 00 00 00 00 00
006158-006169 StringBlock "events_end"
006170-006190 DataBlock
  ................ 00 00 00 00 00 00 00 00 00 00 00 00 00 00 00 00
  ...Y.            00 c4 01 59 16
006191-006199 StringBlock "dy_name"
006200-006220 DataBlock
  ......q......... 00 00 e5 ff ff ff 71 00 00 00 00 01 01 00 00 00
  .....            00 01 00 00 00
006221-006229 StringBlock "dy_name"
006230-006268 DataBlock
  ................ ff ff ff ff 00 00 00 00 00 00 00 00 00 00 00 00
  ................ 00 00 00 00 00 00 00 00 00 00 00 00 00 00 00 01
  ...D.Y.          00 00 00 44 07 59 16
006269-006278 StringBlock "NewState"
006279-006286 DataBlock
  x.......         78 00 00 00 10 00 00 00
006287-006308 UnicodeBlock "Albert, I."
006309-006331 DataBlock
  ................ 00 00 04 00 00 00 00 00 00 00 00 00 00 00 01 00
  .......          00 00 01 00 00 00 00
006332-006389 UnicodeBlock "dy_name_NewState_Text_730034"
006390-006391 DataBlock
  ..               00 00
006392-006410 StringBlock "Ingame 12, Normal"
006411-006422 DataBlock
  ............     02 00 00 00 01 00 00 00 00 00 00 ff
006423-006453 StringBlock "event_agent_recruited.twui 28"
006454-006468 DataBlock
  ...............  00 00 00 00 00 00 00 00 00 00 00 00 00 00 00
006469-006479 StringBlock "normal_t0"
006480-006519 DataBlock
  ................ 00 00 00 00 00 00 00 00 00 00 00 00 00 00 00 00
  ................ 00 00 00 00 00 00 00 00 00 00 00 00 00 00 00 00
  ........         00 00 00 00 00 00 00 00
006520-006531 StringBlock "events_end"
006532-006548 DataBlock
  ................ 00 00 00 00 00 00 00 00 00 00 00 00 00 00 00 00
  .                00
006549-006577 StringBlock "template.FamilyTreeCard.lua"
006578-006585 DataBlock
  ........         00 00 00 00 00 00 00 00
