000000-000009 VersionBlock 50
000010-000013 RootIDBlock 374306036
000014-000019 StringBlock "root"
000020-000099 DataBlock
  ................ 00 00 00 00 00 00 00 00 00 00 00 01 01 00 00 00
  ................ 00 01 00 00 00 00 00 ff ff ff ff 00 00 00 00 00
  ....4dY......... 00 00 00 00 34 64 59 16 00 00 01 00 00 00 84 84
  ................ b1 16 00 00 00 05 00 00 c0 03 00 00 be ff bb ff
  ............4dY. 00 00 00 00 00 00 00 00 01 00 00 00 34 64 59 16
000100-000109 StringBlock "NewState"
000110-000146 DataBlock
  ................ 00 05 00 00 c0 03 00 00 00 00 00 00 02 00 00 00
  ................ 00 00 00 00 00 00 00 00 01 00 00 00 01 00 00 00
  .....            00 00 00 00 00
000147-000165 FontNameBlock "Ingame 10, Normal"
000166-000177 DataBlock
  ............     02 00 00 00 01 00 00 00 00 00 00 ff
000178-000200 StringBlock "Default Font Category"
000201-000215 DataBlock
  ...............  00 00 00 00 00 00 00 00 00 00 00 00 01 00 00
000216-000226 T0Block "normal_t0"
000227-000311 DataBlock
  ................ 00 00 00 00 00 00 00 00 00 00 00 00 00 00 00 00
  ................ 00 00 00 00 01 00 00 00 84 84 b1 16 00 00 00 00
  ................ 00 00 00 00 00 05 00 00 c0 03 00 00 be ff bb ff
  ................ 00 00 00 00 00 00 00 01 01 00 00 00 00 00 00 00
  ................ 00 00 00 00 00 00 00 00 00 00 00 00 00 00 00 00
  .....            00 00 00 00 00
000312-000323 EventListBlock []
000324-000339 DataBlock
  .............m.. 00 00 00 00 00 00 00 00 01 00 00 00 8c 6d 8c 11
000340-000359 StringBlock "tech_stealing_icon"
000360-000380 DataBlock
  ..T............. 00 00 54 02 00 00 bd 00 00 00 00 01 01 00 00 00
  .....            00 01 00 00 00
000381-000400 StringBlock "tech_stealing_icon"
000401-000423 DataBlock
  ................ 03 00 00 00 00 00 00 00 00 00 00 00 00 00 00 00
  .......          00 00 00 03 00 00 00
000424-000483 ImageBlock id=374307284 xsize=28 ysize=28 path="data\\UI\\Campaign UI/Skins/tech_icon_PH.tga" unknown=4294967295
000484-000549 ImageBlock id=294417084 xsize=26 ysize=26 path="data\\UI\\Campaign UI/Skins/border_researching.tga" unknown=4294967295
000550-000612 ImageBlock id=380725756 xsize=26 ysize=26 path="data\\UI\\Campaign UI/Skins/border_stealing.tga" unknown=4294967295
000613-000628 DataBlock
  .............k.. 00 00 00 00 00 00 00 00 06 00 00 00 8c 6b b1 16
000629-000639 StringBlock "available"
000640-000676 DataBlock
  ................ 1c 00 00 00 1c 00 00 00 00 00 00 00 02 00 00 00
  ................ 00 00 00 00 00 00 00 00 01 00 00 00 01 00 00 00
  .....            00 00 00 00 00
000677-000695 FontNameBlock "Ingame 12, Normal"
000696-000707 DataBlock
  ............     02 00 00 00 01 00 00 00 ff 00 00 00
000708-000731 StringBlock "UnitGroupFrame.twui 26"
000732-000746 DataBlock
  ...............  00 00 00 00 00 00 00 00 00 00 00 00 01 00 00
000747-000759 T0Block "brighten_t0"
000760-000844 DataBlock
  ..L>...........? cd cc 4c 3e 00 00 00 00 00 00 00 00 00 00 80 3f
  .........yO..... 00 00 00 00 01 00 00 00 d4 79 4f 16 00 00 00 00
  ................ 00 00 00 00 1c 00 00 00 1c 00 00 00 ff ff ff ff
  ................ 00 00 00 00 00 00 00 01 01 00 00 00 00 00 00 00
  ................ 00 00 00 00 00 00 00 00 00 00 00 00 00 00 00 00
  ..1d.            00 dc 31 64 16
000845-000854 StringBlock "stealing"
000855-000891 DataBlock
  ................ 1c 00 00 00 1c 00 00 00 00 00 00 00 02 00 00 00
  ................ 00 00 00 00 00 00 00 00 01 00 00 00 01 00 00 00
  .....            00 00 00 00 00
000892-000910 FontNameBlock "Ingame 12, Normal"
000911-000922 DataBlock
  ............     02 00 00 00 01 00 00 00 ff 00 00 00
000923-000946 StringBlock "UnitGroupFrame.twui 26"
000947-000961 DataBlock
  ...............  00 00 00 00 00 00 00 00 00 00 00 00 01 00 00
000962-000972 T0Block "normal_t0"
000973-001102 DataBlock
  ................ 00 00 00 00 00 00 00 00 00 00 00 00 00 00 00 00
  .........yO..... 00 00 00 00 02 00 00 00 d4 79 4f 16 00 00 00 00
  ................ 00 00 00 00 1c 00 00 00 1c 00 00 00 ff ff ff ff
  ................ 00 00 00 00 00 00 00 01 01 00 00 00 00 00 00 00
  ......i......... 00 00 00 00 00 fc 69 b1 16 01 00 00 00 01 00 00
  ................ 00 1a 00 00 00 1a 00 00 00 ff ff ff ff 00 00 00
  ................ 00 00 00 00 01 01 00 00 00 00 00 00 00 00 00 00
  ..............,! 00 00 00 00 00 00 00 00 00 00 00 00 00 00 2c 21
  c.               63 16
001103-001117 StringBlock "not_available"
001118-001154 DataBlock
  ................ 1c 00 00 00 1c 00 00 00 00 00 00 00 02 00 00 00
  ................ 00 00 00 00 00 00 00 00 01 00 00 00 01 00 00 00
  .....            00 00 00 00 00
001155-001173 FontNameBlock "Ingame 12, Normal"
001174-001185 DataBlock
  ............     02 00 00 00 01 00 00 00 ff 00 00 00
001186-001209 StringBlock "UnitGroupFrame.twui 26"
001210-001224 DataBlock
  ...............  00 00 00 00 00 00 00 00 00 00 00 00 01 00 00
001225-001242 T0Block "set_greyscale_t0"
001243-001327 DataBlock
  ...?...?........ 00 00 80 3f 00 00 00 3f 00 00 00 00 00 00 00 00
  .........yO..... 00 00 00 00 01 00 00 00 d4 79 4f 16 00 00 00 00
  ................ 00 00 00 00 1c 00 00 00 1c 00 00 00 ff ff ff ff
  ................ 00 00 00 00 00 00 00 01 01 00 00 00 00 00 00 00
  ................ 00 00 00 00 00 00 00 00 00 00 00 00 00 00 00 00
  ..^R.            00 dc 5e 52 16
001328-001340 StringBlock "researching"
001341-001377 DataBlock
  ................ 1c 00 00 00 1c 00 00 00 00 00 00 00 02 00 00 00
  ................ 00 00 00 00 00 00 00 00 01 00 00 00 01 00 00 00
  .....            00 00 00 00 00
001378-001396 FontNameBlock "Ingame 12, Normal"
001397-001408 DataBlock
  ............     02 00 00 00 01 00 00 00 ff 00 00 00
001409-001432 StringBlock "UnitGroupFrame.twui 26"
001433-001447 DataBlock
  ...............  00 00 00 00 00 00 00 00 00 00 00 00 01 00 00
001448-001458 T0Block "normal_t0"
001459-001588 DataBlock
  ................ 00 00 00 00 00 00 00 00 00 00 00 00 00 00 00 00
  .........yO..... 00 00 00 00 02 00 00 00 d4 79 4f 16 00 00 00 00
  ................ 00 00 00 00 1c 00 00 00 1c 00 00 00 ff ff ff ff
  ................ 00 00 00 00 00 00 00 01 01 00 00 00 00 00 00 00
  ......r......... 00 00 00 00 00 bc 72 8c 11 01 00 00 00 01 00 00
  ................ 00 1a 00 00 00 1a 00 00 00 ff ff ff ff 00 00 00
  ................ 00 00 00 00 01 01 00 00 00 00 00 00 00 00 00 00
  ..............TF 00 00 00 00 00 00 00 00 00 00 00 00 00 00 54 46
  n.               6e 16
001589-001605 StringBlock "available_steal"
001606-001642 DataBlock
  ................ 1c 00 00 00 1c 00 00 00 00 00 00 00 02 00 00 00
  ................ 00 00 00 00 00 00 00 00 01 00 00 00 01 00 00 00
  .....            00 00 00 00 00
001643-001661 FontNameBlock "Ingame 12, Normal"
001662-001673 DataBlock
  ............     02 00 00 00 01 00 00 00 ff 00 00 00
001674-001697 StringBlock "UnitGroupFrame.twui 26"
001698-001712 DataBlock
  ...............  00 00 00 00 00 00 00 00 00 00 00 00 01 00 00
001713-001725 T0Block "brighten_t0"
001726-001855 DataBlock
  ..L>...........? cd cc 4c 3e 00 00 00 00 00 00 00 00 00 00 80 3f
  .........yO..... 00 00 00 00 02 00 00 00 d4 79 4f 16 00 00 00 00
  ................ 00 00 00 00 1c 00 00 00 1c 00 00 00 ff ff ff ff
  ................ 00 00 00 00 00 00 00 01 01 00 00 00 00 00 00 00
  ......i......... 00 00 00 00 00 fc 69 b1 16 01 00 00 00 01 00 00
  ................ 00 1a 00 00 00 1a 00 00 00 ff ff ff ff 00 00 00
  ................ 00 00 00 00 01 01 00 00 00 00 00 00 00 00 00 00
  ...............g 00 00 00 00 00 00 00 00 00 00 00 00 00 00 94 67
  ..               92 16
001856-001867 StringBlock "researched"
001868-001904 DataBlock
  ................ 1c 00 00 00 1c 00 00 00 00 00 00 00 02 00 00 00
  ................ 00 00 00 00 00 00 00 00 01 00 00 00 01 00 00 00
  .....            00 00 00 00 00
001905-001923 FontNameBlock "Ingame 12, Normal"
001924-001935 DataBlock
  ............     02 00 00 00 01 00 00 00 ff 00 00 00
001936-001959 StringBlock "UnitGroupFrame.twui 26"
001960-001974 DataBlock
  ...............  00 00 00 00 00 00 00 00 00 00 00 00 01 00 00
001975-001985 T0Block "normal_t0"
001986-002070 DataBlock
  ................ 00 00 00 00 00 00 00 00 00 00 00 00 00 00 00 00
  .........yO..... 00 00 00 00 01 00 00 00 d4 79 4f 16 00 00 00 00
  ................ 00 00 00 00 1c 00 00 00 1c 00 00 00 ff ff ff ff
  ................ 00 00 00 00 00 00 00 01 01 00 00 00 00 00 00 00
  ................ 00 00 00 00 00 00 00 00 00 00 00 00 00 00 00 00
  .....            00 00 00 00 00
002071-002196 EventListBlock ["OnMouseLClickUp", "OnMouseLClickUp", "OnMouseRClickUp", "OnMouseRClickUp", "OnMouseOn", "OnMouseOn", "OnMouseOff", "OnMouseOff"]
002197-002212 DataBlock
  .............j.. 00 00 00 00 00 00 00 00 01 00 00 00 d4 6a 92 16
002213-002219 StringBlock "Turns"
002220-002240 DataBlock
  ................ 00 00 10 00 00 00 0c 00 00 00 00 01 01 00 00 00
  .....            00 01 00 00 00
002241-002247 StringBlock "Turns"
002248-002270 DataBlock
  ................ ff ff ff ff 00 00 00 00 01 00 00 00 00 00 00 00
  .......          00 00 00 02 00 00 00
002271-002329 ImageBlock id=378695764 xsize=28 ysize=32 path="data\\UI\\Campaign UI/Skins/turns_green.tga" unknown=4294967295
002330-002389 ImageBlock id=378696076 xsize=28 ysize=32 path="data\\UI\\Campaign UI/Skins/turns_orange.tga" unknown=4294967295
002390-002405 DataBlock
  ................ 00 00 00 00 00 00 00 00 02 00 00 00 84 ff c1 16
002406-002413 StringBlock "queued"
002414-002450 DataBlock
  ..........2.2... 15 00 00 00 17 00 00 00 02 00 32 00 32 00 00 00
  ................ 04 00 00 00 04 00 00 00 00 00 00 00 01 00 00 00
  .....            01 00 00 00 00
002451-002500 UnicodeBlock "turns_queued_Text_320032"
002501-002502 DataBlock
  ..               00 00
002503-002521 FontNameBlock "Ingame 12, Normal"
002522-002533 DataBlock
  ............     02 00 00 00 01 00 00 00 00 00 00 ff
002534-002564 StringBlock "event_agent_recruited.twui 28"
002565-002579 DataBlock
  ...............  00 00 00 00 00 00 00 00 00 00 00 00 00 00 00
002580-002590 T0Block "normal_t0"
002591-002675 DataBlock
  ................ 00 00 00 00 00 00 00 00 00 00 00 00 00 00 00 00
  ........Tp...... 00 00 00 00 01 00 00 00 54 70 92 16 00 00 00 00
  ................ 00 00 00 00 15 00 00 00 17 00 00 00 ff ff ff ff
  ................ 00 00 00 00 00 00 00 01 01 00 00 00 00 00 00 00
  ................ 00 00 00 00 00 00 00 00 00 00 00 00 00 00 00 00
  .L...            00 4c 04 c2 16
002676-002687 StringBlock "not queued"
002688-002724 DataBlock
  ..........2.2... 15 00 00 00 17 00 00 00 02 00 32 00 32 00 00 00
  ................ 04 00 00 00 04 00 00 00 00 00 00 00 01 00 00 00
  .....            01 00 00 00 00
002725-002782 UnicodeBlock "turns_not queued_Text_320032"
002783-002784 DataBlock
  ..               00 00
002785-002803 FontNameBlock "Ingame 12, Normal"
002804-002815 DataBlock
  ............     02 00 00 00 01 00 00 00 00 00 00 ff
002816-002846 StringBlock "event_agent_recruited.twui 28"
002847-002861 DataBlock
  ...............  00 00 00 00 00 00 00 00 00 00 00 00 00 00 00
002862-002872 T0Block "normal_t0"
002873-002957 DataBlock
  ................ 00 00 00 00 00 00 00 00 00 00 00 00 00 00 00 00
  .........q...... 00 00 00 00 01 00 00 00 8c 71 92 16 00 00 00 00
  ................ 00 00 00 00 15 00 00 00 17 00 00 00 ff ff ff ff
  ................ 00 00 00 00 00 00 00 01 01 00 00 00 00 00 00 00
  ................ 00 00 00 00 00 00 00 00 00 00 00 00 00 00 00 00
  .....            00 00 00 00 00
002958-002969 EventListBlock []
002970-002981 DataBlock
  ............     00 00 00 00 00 00 00 00 00 00 00 00
002982-003001 StringBlock "template.turns.lua"
003002-003014 DataBlock
  .............    00 00 00 00 00 00 00 00 00 00 00 00 00
