000000-000009 VersionBlock 50
000010-000013 RootIDBlock 404051268
000014-000019 StringBlock "root"
000020-000099 DataBlock
  ................ 00 00 00 00 00 00 00 00 00 00 00 01 01 00 00 00
  ................ 00 01 00 00 00 00 00 ff ff ff ff 00 00 00 00 00
  ................ 00 00 00 00 00 00 00 00 00 00 01 00 00 00 c4 ed
  .............U.. 11 18 00 00 00 05 00 00 c0 03 00 00 00 55 00 ff
  .............7.. 00 00 00 00 00 00 00 00 01 00 00 00 d4 37 17 18
000100-000109 StringBlock "NewState"
000110-000146 DataBlock
  ................ 00 05 00 00 c0 03 00 00 00 00 00 00 02 00 00 00
  ................ 00 00 00 00 00 00 00 00 01 00 00 00 01 00 00 00
  .....            00 00 00 00 00
000147-000165 FontNameBlock "Ingame 12, Normal"
000166-000177 DataBlock
  ............     02 00 00 00 01 00 00 00 ff 00 00 00
000178-000205 StringBlock "waiting_for_players.twui 2"
000206-000220 DataBlock
  ...............  00 00 00 00 00 00 00 00 00 00 00 00 01 00 00
000221-000231 T0Block "normal_t0"
000232-000316 DataBlock
  ................ 00 00 00 00 00 00 00 00 00 00 00 00 00 00 00 00
  ................ 00 00 00 00 01 00 00 00 c4 ed 11 18 00 00 00 00
  .............U.. 00 00 00 00 00 05 00 00 c0 03 00 00 00 55 00 ff
  ................ 00 00 00 00 00 00 00 01 01 00 00 00 00 00 00 00
  ................ 00 00 00 00 00 00 00 00 00 00 00 00 00 00 00 00
  .....            00 00 00 00 00
000317-000328 EventListBlock []
000329-000344 DataBlock
  .............Q.. 00 00 00 00 00 00 00 00 01 00 00 00 a4 51 14 18
000345-000365 StringBlock "waiting_for_players"
000366-000386 StringBlock "MPWaitingForPlayers"
000387-000434 DataBlock
  ....(........... fa 01 00 00 28 01 00 00 00 01 01 00 00 00 00 01
  ................ 00 00 00 00 00 ff ff ff ff 00 00 00 00 00 00 00
  ...9........|... 00 00 bc 39 17 18 00 00 09 00 00 00 7c e4 11 18
000435-000484 ImagePathBlock "UI/Common UI/Skins/thick_wooden_panel_center.tga"
000485-000500 DataBlock
  ....2.......,... 96 00 00 00 32 00 00 00 ff ff ff ff 2c 01 12 18
000501-000537 ImagePathBlock "UI/Common UI/Skins/big_panel_tr.tga"
000538-000553 DataBlock
  $...$.......$... 24 00 00 00 24 00 00 00 ff ff ff ff 24 f1 11 18
000554-000590 ImagePathBlock "UI/Common UI/Skins/big_panel_bl.tga"
000591-000606 DataBlock
  $...$........... 24 00 00 00 24 00 00 00 ff ff ff ff fc f1 11 18
000607-000647 ImagePathBlock "UI/Common UI/Skins/big_panel_bottom.tga"
000648-000663 DataBlock
  ....$.......T... 96 00 00 00 24 00 00 00 ff ff ff ff 54 00 12 18
000664-000700 ImagePathBlock "UI/Common UI/Skins/big_panel_br.tga"
000701-000716 DataBlock
  $...$.......|... 24 00 00 00 24 00 00 00 ff ff ff ff 7c ff 11 18
000717-000755 ImagePathBlock "UI/Common UI/Skins/big_panel_left.tga"
000756-000771 DataBlock
  $...2........... 24 00 00 00 32 00 00 00 ff ff ff ff a4 fe 11 18
000772-000811 ImagePathBlock "UI/Common UI/Skins/big_panel_right.tga"
000812-000827 DataBlock
  $...2........... 24 00 00 00 32 00 00 00 ff ff ff ff cc fd 11 18
000828-000864 ImagePathBlock "UI/Common UI/Skins/big_panel_tl.tga"
000865-000880 DataBlock
  $...$........... 24 00 00 00 24 00 00 00 ff ff ff ff f4 fc 11 18
000881-000918 ImagePathBlock "UI/Common UI/Skins/big_panel_top.tga"
000919-000946 DataBlock
  ....$........... 96 00 00 00 24 00 00 00 ff ff ff ff 00 00 00 00
  .........9..     00 00 00 00 01 00 00 00 bc 39 17 18
000947-000956 StringBlock "NewState"
000957-000993 DataBlock
  ................ 0f 01 00 00 9b 00 00 00 00 00 00 00 02 00 00 00
  ................ 00 00 00 00 00 00 00 00 01 00 00 00 01 00 00 00
  .....            00 00 00 00 00
000994-001012 FontNameBlock "Ingame 10, Normal"
001013-001024 DataBlock
  ............     02 00 00 00 01 00 00 00 00 00 00 ff
001025-001047 StringBlock "Default Font Category"
001048-001062 DataBlock
  ...............  00 00 00 00 00 00 00 00 00 00 00 00 01 00 00
001063-001073 T0Block "normal_t0"
001074-001563 DataBlock
  ................ 00 00 00 00 00 00 00 00 00 00 00 00 00 00 00 00
  ........|...$... 00 00 00 00 0a 00 00 00 7c e4 11 18 24 00 00 00
  $.......S....... 24 00 00 00 c7 00 00 00 53 00 00 00 ff ff ff ff
  ................ 01 00 00 05 00 00 00 01 01 00 00 00 00 00 00 00
  .........$...... 00 00 00 00 00 f4 fc 11 18 24 00 00 00 00 00 00
  .....$.......... 00 c7 00 00 00 24 00 00 00 ff ff ff ff 01 00 00
  ................ 02 00 00 00 01 00 00 00 00 00 00 00 00 00 00 00
  ..,...........$. 00 00 2c 01 12 18 eb 00 00 00 00 00 00 00 24 00
  ..$............. 00 00 24 00 00 00 ff ff ff ff 00 00 00 03 00 00
  ...............$ 00 00 00 00 00 00 00 00 00 00 00 00 00 00 00 24
  .......w...$...$ f1 11 18 00 00 00 00 77 00 00 00 24 00 00 00 24
  ................ 00 00 00 ff ff ff ff 00 00 00 07 00 00 00 00 00
  ................ 00 00 00 00 00 00 00 00 00 00 00 00 fc f1 11 18
  $...w.......$... 24 00 00 00 77 00 00 00 c7 00 00 00 24 00 00 00
  ................ ff ff ff ff 01 00 00 08 00 00 00 01 00 00 00 00
  .........T...... 00 00 00 00 00 00 00 00 00 54 00 12 18 eb 00 00
  .w...$...$...... 00 77 00 00 00 24 00 00 00 24 00 00 00 ff ff ff
  ................ ff 00 00 00 09 00 00 00 00 00 00 00 00 00 00 00
  ......|.......$. 00 00 00 00 00 00 7c ff 11 18 00 00 00 00 24 00
  ..$...S......... 00 00 24 00 00 00 53 00 00 00 ff ff ff ff 01 00
  ................ 00 04 00 00 00 00 01 00 00 00 00 00 00 00 00 00
  ...........$...$ 00 00 00 a4 fe 11 18 eb 00 00 00 24 00 00 00 24
  ...S............ 00 00 00 53 00 00 00 ff ff ff ff 01 00 00 06 00
  ................ 00 00 00 01 00 00 00 00 00 00 00 00 00 00 00 00
  ............$... cc fd 11 18 00 00 00 00 00 00 00 00 24 00 00 00
  $............... 24 00 00 00 ff ff ff ff 00 00 00 01 00 00 00 00
  ................ 00 00 00 00 00 00 00 00 00 00 00 00 00 f4 fc 11
  .$...........$.. 18 24 00 00 00 00 00 00 00 c7 00 00 00 24 00 00
  ................ 00 ff ff ff ff 01 00 00 02 00 00 00 01 00 00 00
  ................ 00 00 00 00 00 00 00 00 00 00 00 00 00 00 00 00
  ..........       00 00 00 00 00 00 00 00 00 00
001564-001575 EventListBlock []
001576-001591 DataBlock
  '............V.. 27 00 00 00 00 00 00 00 04 00 00 00 ac 56 14 18
001592-001604 StringBlock "heading_txt"
001605-001625 DataBlock
  ..%............. 00 00 25 00 00 00 1a 00 00 00 00 01 01 00 00 00
  .....            00 01 00 00 00
001626-001638 StringBlock "heading_txt"
001639-001688 DataBlock
  ................ ff ff ff ff 00 00 00 00 00 00 00 00 00 00 00 00
  ................ 00 00 00 00 00 00 00 00 00 00 00 00 00 00 00 01
  ....;....1...... 00 00 00 a4 3b 17 18 01 00 31 c5 00 00 00 1e 00
  ..               00 00
001689-001712 UnicodeBlock "Waiting ..."
001713-001735 DataBlock
  ................ 00 00 04 00 00 00 04 00 00 00 00 00 00 00 01 00
  .......          00 00 01 00 00 00 01
001736-001787 UnicodeBlock "heading_txt_1_Text_750030"
001788-001789 DataBlock
  ..               00 00
001790-001807 FontNameBlock "bardi_24, Normal"
001808-001819 DataBlock
  ............     02 00 00 00 01 00 00 00 00 00 8b ff
001820-001847 StringBlock "waiting_for_players.twui 3"
001848-001862 DataBlock
  ...............  00 00 00 00 00 00 00 00 00 00 00 00 00 00 00
001863-001873 T0Block "normal_t0"
001874-001913 DataBlock
  ................ 00 00 00 00 00 00 00 00 00 00 00 00 00 00 00 00
  ................ 00 00 00 00 00 00 00 00 00 00 00 00 00 00 00 00
  ........         00 00 00 00 00 00 00 00
001914-001925 EventListBlock []
001926-001946 DataBlock
  <............... 3c 00 00 00 00 00 00 00 00 00 00 00 00 00 00 00
  ..[..            00 b4 5b 14 18
001947-001967 StringBlock "waiting_time_parent"
001968-001988 DataBlock
  ..!............. 00 00 21 00 00 00 8b 00 00 00 00 01 01 00 00 00
  .....            00 01 00 00 00
001989-002011 StringBlock "time_remaining_parent"
002012-002050 DataBlock
  ................ ff ff ff ff 00 00 00 00 00 00 00 00 00 00 00 00
  ................ 00 00 00 00 00 00 00 00 00 00 00 00 00 00 00 01
  ....=..          00 00 00 8c 3d 17 18
002051-002060 StringBlock "NewState"
002061-002097 DataBlock
  ................ cc 00 00 00 16 00 00 00 00 00 00 00 03 00 00 00
  ................ 04 00 00 00 00 00 00 00 01 00 00 00 01 00 00 00
  .....            00 00 00 00 00
002098-002118 FontNameBlock "Frontend 18, Normal"
002119-002130 DataBlock
  ............     02 00 00 00 01 00 00 00 ff ff ff ff
002131-002158 StringBlock "waiting_for_players.twui 4"
002159-002173 DataBlock
  ...............  00 00 00 00 00 00 00 00 00 00 00 00 00 00 00
002174-002184 T0Block "normal_t0"
002185-002224 DataBlock
  ................ 00 00 00 00 00 00 00 00 00 00 00 00 00 00 00 00
  ................ 00 00 00 00 00 00 00 00 00 00 00 00 00 00 00 00
  ........         00 00 00 00 00 00 00 00
002225-002236 EventListBlock []
002237-002252 DataBlock
  <............`.. 3c 00 00 00 00 00 00 00 02 00 00 00 bc 60 14 18
002253-002271 StringBlock "dy_time_remaining"
002272-002292 DataBlock
  ................ 00 00 05 00 00 00 df ff ff ff 00 01 01 00 00 00
  .....            00 01 00 00 00
002293-002311 StringBlock "dy_time_remaining"
002312-002350 DataBlock
  ................ ff ff ff ff 00 00 00 00 00 00 00 00 00 00 00 00
  ................ 00 00 00 00 00 00 00 00 00 00 00 00 00 00 00 01
  ...t?..          00 00 00 74 3f 17 18
002351-002360 StringBlock "NewState"
002361-002397 DataBlock
  N.........2.0... 4e 00 00 00 16 00 00 00 02 00 32 00 30 00 00 00
  ................ 03 00 00 00 04 00 00 00 00 00 00 00 01 00 00 00
  .....            01 00 00 00 00
002398-002475 UnicodeBlock "dy_time_remaining_NewState_Text_300032"
002476-002477 DataBlock
  ..               00 00
002478-002495 FontNameBlock "bardi_14, Normal"
002496-002507 DataBlock
  ............     02 00 00 00 01 00 00 00 00 00 00 ff
002508-002535 StringBlock "waiting_for_players.twui 5"
002536-002550 DataBlock
  ...............  00 00 00 00 00 00 00 00 00 00 00 00 00 00 00
002551-002561 T0Block "normal_t0"
002562-002601 DataBlock
  ................ 00 00 00 00 00 00 00 00 00 00 00 00 00 00 00 00
  ................ 00 00 00 00 00 00 00 00 00 00 00 00 00 00 00 00
  ........         00 00 00 00 00 00 00 00
002602-002613 EventListBlock []
002614-002634 DataBlock
  <............... 3c 00 00 00 00 00 00 00 00 00 00 00 00 00 00 00
  ..e..            00 c4 65 14 18
002635-002646 StringBlock "time_units"
002647-002667 DataBlock
  ..W............. 00 00 57 00 00 00 df ff ff ff 00 01 01 00 00 00
  .....            00 01 00 00 00
002668-002679 StringBlock "time_units"
002680-002718 DataBlock
  ................ ff ff ff ff 00 00 00 00 00 00 00 00 00 00 00 00
  ................ 00 00 00 00 00 00 00 00 00 00 00 00 00 00 00 01
  ...\A..          00 00 00 5c 41 17 18
002719-002728 StringBlock "NewState"
002729-002736 DataBlock
  j.......         6a 00 00 00 16 00 00 00
002737-002752 UnicodeBlock "seconds"
002753-002775 DataBlock
  ................ 00 00 02 00 00 00 04 00 00 00 00 00 00 00 01 00
  .......          00 00 01 00 00 00 01
002776-002839 UnicodeBlock "time_units_NewState_Text_6e000d"
002840-002841 DataBlock
  ..               00 00
002842-002859 FontNameBlock "bardi_14, Normal"
002860-002871 DataBlock
  ............     02 00 00 00 01 00 00 00 00 00 00 ff
002872-002899 StringBlock "waiting_for_players.twui 5"
002900-002914 DataBlock
  ...............  00 00 00 00 00 00 00 00 00 00 00 00 00 00 00
002915-002925 T0Block "normal_t0"
002926-002965 DataBlock
  ................ 00 00 00 00 00 00 00 00 00 00 00 00 00 00 00 00
  ................ 00 00 00 00 00 00 00 00 00 00 00 00 00 00 00 00
  ........         00 00 00 00 00 00 00 00
002966-002977 EventListBlock []
002978-003003 DataBlock
  <............... 3c 00 00 00 00 00 00 00 00 00 00 00 00 00 00 00
  .......j..       00 00 00 00 00 00 cc 6a 14 18
003004-003015 StringBlock "waiting_tx"
003016-003036 DataBlock
  ..$...3......... 00 00 24 00 00 00 33 00 00 00 00 01 01 00 00 00
  .....            00 01 00 00 00
003037-003048 StringBlock "waiting_tx"
003049-003087 DataBlock
  ................ ff ff ff ff 00 00 00 00 00 00 00 00 00 00 00 00
  ................ 00 00 00 00 00 00 00 00 00 00 00 00 00 00 00 02
  ...DC..          00 00 00 44 43 17 18
003088-003096 StringBlock "loading"
003097-003104 DataBlock
  ....:...         c8 00 00 00 3a 00 00 00
003105-003194 UnicodeBlock "Waiting for other players to finish loading."
003195-003217 DataBlock
  ................ 00 00 04 00 00 00 04 00 00 00 00 00 00 00 01 00
  .......          00 00 01 00 00 00 01
003218-003281 UnicodeBlock "waiting_tx_NewState_Text_1d0069"
003282-003283 DataBlock
  ..               00 00
003284-003301 FontNameBlock "bardi_14, Normal"
003302-003313 DataBlock
  ............     02 00 00 00 01 00 00 00 00 00 00 ff
003314-003341 StringBlock "waiting_for_players.twui 5"
003342-003356 DataBlock
  ...............  00 00 00 00 00 00 00 00 00 00 00 00 00 00 00
003357-003367 T0Block "normal_t0"
003368-003407 DataBlock
  ................ 00 00 00 00 00 00 00 00 00 00 00 00 00 00 00 00
  ................ 00 00 00 00 00 00 00 00 00 00 00 00 00 00 00 00
  ....,E..         00 00 00 00 2c 45 17 18
003408-003421 StringBlock "reconnecting"
003422-003429 DataBlock
  ....:...         c8 00 00 00 3a 00 00 00
003430-003489 UnicodeBlock "Re-establishing connection..."
003490-003512 DataBlock
  ................ 00 00 04 00 00 00 04 00 00 00 00 00 00 00 01 00
  .......          00 00 01 00 00 00 01
003513-003584 UnicodeBlock "waiting_tx_reconnecting_Text_12000f"
003585-003586 DataBlock
  ..               00 00
003587-003607 FontNameBlock "Frontend 18, Normal"
003608-003619 DataBlock
  ............     02 00 00 00 01 00 00 00 ff ff ff ff
003620-003647 StringBlock "waiting_for_players.twui 4"
003648-003662 DataBlock
  ...............  00 00 00 00 00 00 00 00 00 00 00 00 00 00 00
003663-003673 T0Block "normal_t0"
003674-003713 DataBlock
  ................ 00 00 00 00 00 00 00 00 00 00 00 00 00 00 00 00
  ................ 00 00 00 00 00 00 00 00 00 00 00 00 00 00 00 00
  ........         00 00 00 00 00 00 00 00
003714-003725 EventListBlock []
003726-003746 DataBlock
  <............... 3c 00 00 00 00 00 00 00 00 00 00 00 00 00 00 00
  ..o..            00 d4 6f 14 18
003747-003753 StringBlock "hline"
003754-003833 DataBlock
  ......7......... 00 00 1d 00 00 00 37 00 00 00 00 01 00 00 00 00
  ................ 00 01 00 00 00 00 00 ff ff ff ff 00 00 00 00 00
  .....G.......... 00 00 00 00 14 47 17 18 00 00 01 00 00 00 1c fc
  ................ 11 18 00 00 8c 00 00 00 81 00 00 00 d8 e9 ec ff
  .............G.. 00 00 00 00 00 00 00 00 01 00 00 00 14 47 17 18
003834-003843 StringBlock "NewState"
003844-003880 DataBlock
  ................ d6 00 00 00 01 00 00 00 00 00 00 00 02 00 00 00
  ................ 00 00 00 00 00 00 00 00 01 00 00 00 01 00 00 00
  .....            00 00 00 00 00
003881-003899 FontNameBlock "Ingame 10, Normal"
003900-003911 DataBlock
  ............     02 00 00 00 01 00 00 00 00 00 00 ff
003912-003934 StringBlock "Default Font Category"
003935-003949 DataBlock
  ...............  00 00 00 00 00 00 00 00 00 00 00 00 01 00 00
003950-003960 T0Block "normal_t0"
003961-004045 DataBlock
  ................ 00 00 00 00 00 00 00 00 00 00 00 00 00 00 00 00
  ................ 00 00 00 00 01 00 00 00 1c fc 11 18 ff ff ff ff
  ............(((( 00 00 00 00 d6 00 00 00 01 00 00 00 28 28 28 28
  ................ 00 00 00 00 00 00 00 01 01 00 00 00 00 00 00 00
  ................ 00 00 00 00 00 00 00 00 00 00 00 00 00 00 00 00
  .....            00 00 00 00 00
004046-004057 EventListBlock []
004058-004084 DataBlock
  '............... 27 00 00 00 00 00 00 00 00 00 00 00 00 00 00 00
  ...........      00 00 00 00 00 00 00 00 00 00 00
