000000-000009 VersionBlock 54
000010-000013 RootIDBlock 308959116
000014-000019 StringBlock "root"
000020-000100 DataBlock
  ................ 00 00 00 00 00 00 00 00 00 00 00 01 01 00 00 00
  ................ 00 01 00 00 00 00 00 00 ff ff ff ff 00 00 00 00
  ................ 00 00 00 00 00 00 00 00 00 00 00 01 00 00 00 ec
  .b.............. f9 62 12 00 00 00 05 00 00 00 04 00 00 bb ff be
  ..............0] ff 00 00 00 00 00 00 00 00 01 00 00 00 1c 30 5d
  .                12
000101-000110 StringBlock "NewState"
000111-000147 DataBlock
  ................ 00 05 00 00 00 04 00 00 00 00 00 00 02 00 00 00
  ................ 00 00 00 00 00 00 00 00 01 00 00 00 01 00 00 00
  .....            00 00 00 00 00
000148-000165 FontNameBlock "bardi_12, Normal"
000166-000177 DataBlock
  ............     02 00 00 00 01 00 00 00 00 00 00 ff
000178-000196 StringBlock "ingame_text_small"
000197-000211 DataBlock
  ...............  00 00 00 00 00 00 00 00 00 00 00 00 01 00 00
000212-000222 T0Block "normal_t0"
000223-000308 DataBlock
  ................ 00 00 00 00 00 00 00 00 00 00 00 00 00 00 00 00
  ..........b..... 00 00 00 00 01 00 00 00 ec f9 62 12 00 00 00 00
  ................ 00 00 00 00 00 05 00 00 00 04 00 00 bb ff be ff
  ................ 00 00 00 00 00 00 00 01 01 00 00 00 00 00 00 00
  ................ 00 00 00 00 00 01 00 00 00 00 00 00 00 00 00 00
  ......           00 00 00 00 00 00
000309-000320 EventListBlock []
000321-000336 DataBlock
  ............T\j. 00 00 00 00 00 00 00 00 01 00 00 00 54 5c 6a 12
000337-000350 StringBlock "paused_panel"
000351-000413 DataBlock
  ................ 00 00 f7 01 00 00 00 00 00 00 00 01 01 00 00 00
  ................ 00 01 00 00 00 00 00 00 ff ff ff ff 00 00 00 00
  ................ 02 00 00 00 00 00 00 00 00 00 00 00 00 00 00 00
  ............2].  00 00 00 00 00 00 00 01 00 00 00 04 32 5d 12
000414-000423 StringBlock "NewState"
000424-000460 DataBlock
  ....I........... 11 01 00 00 49 00 00 00 00 00 00 00 02 00 00 00
  ................ 00 00 00 00 00 00 00 00 01 00 00 00 01 00 00 00
  .....            00 00 00 00 00
000461-000478 FontNameBlock "bardi_12, Normal"
000479-000490 DataBlock
  ............     02 00 00 00 01 00 00 00 00 00 00 ff
000491-000509 StringBlock "ingame_text_small"
000510-000524 DataBlock
  ...............  00 00 00 00 00 00 00 00 00 00 00 00 00 00 00
000525-000535 T0Block "normal_t0"
000536-000575 DataBlock
  ................ 00 00 00 00 00 00 00 00 00 00 00 00 00 00 00 00
  ................ 00 00 00 00 00 00 00 00 00 00 00 00 00 00 00 00
  ........         00 00 00 00 00 00 00 00
000576-000587 EventListBlock []
000588-000603 DataBlock
  .............aj. 19 00 00 00 00 00 00 00 01 00 00 00 1c 61 6a 12
000604-000615 StringBlock "text panel"
000616-000637 DataBlock
  ...... ......... 00 00 0c 00 00 00 20 00 00 00 00 01 00 00 00 00
  ......           00 01 00 00 00 00
000638-000644 StringBlock "panel"
000645-000667 DataBlock
  ................ ff ff ff ff 00 00 00 00 00 00 00 00 00 00 00 00
  .......          00 00 00 03 00 00 00
000668-000724 ImageBlock id=308475356 xsize=16 ysize=128 path="UI\\Common UI\\Skins\\thick_panel_left.tga" unknown=4294967295
000725-000782 ImageBlock id=308475980 xsize=16 ysize=128 path="UI\\Common UI\\Skins\\thick_panel_right.tga" unknown=4294967295
000783-000841 ImageBlock id=308476812 xsize=128 ysize=128 path="UI\\Common UI\\Skins\\thick_panel_middle.tga" unknown=4294967295
000842-000857 DataBlock
  .............3]. 00 00 00 00 00 00 00 00 01 00 00 00 ec 33 5d 12
000858-000867 StringBlock "NewState"
000868-000875 DataBlock
  ....H...         fa 00 00 00 48 00 00 00
000876-000899 UnicodeBlock "Game Paused"
000900-000922 DataBlock
  ................ 00 00 04 00 00 00 00 00 00 00 00 00 00 00 01 00
  .......          00 00 01 00 00 00 01
000923-000986 UnicodeBlock "text_panel_NewState_Text_44007c"
000987-000988 DataBlock
  ..               00 00
000989-001006 FontNameBlock "bardi_18, Normal"
001007-001018 DataBlock
  ............     02 00 00 00 01 00 00 00 00 00 00 ff
001019-001042 StringBlock "ingame_section_heading"
001043-001057 DataBlock
  ...............  00 00 00 00 1c 00 00 00 00 00 00 00 01 00 00
001058-001068 T0Block "normal_t0"
001069-001246 DataBlock
  ................ 00 00 00 00 00 00 00 00 00 00 00 00 00 00 00 00
  ........L.b..... 00 00 00 00 03 00 00 00 4c f8 62 12 c9 00 00 00
  ....1...H....... 00 00 00 00 31 00 00 00 48 00 00 00 ff ff ff ff
  ................ 00 00 00 06 00 00 00 00 01 00 00 00 00 00 00 00
  ........b....... 00 00 00 00 00 00 dc f5 62 12 00 00 00 00 00 00
  ..1...H......... 00 00 31 00 00 00 48 00 00 00 ff ff ff ff 00 00
  ................ 00 04 00 00 00 00 01 00 00 00 00 00 00 00 00 00
  ......b.1....... 00 00 00 00 8c fb 62 12 31 00 00 00 00 00 00 00
  ....H........... 98 00 00 00 48 00 00 00 ff ff ff ff 01 00 00 05
  ................ 00 00 00 01 01 00 00 00 00 00 00 00 00 00 00 00
  ................ 00 00 00 00 00 00 00 00 00 00 00 00 00 00 00 00
  ..               00 00
001247-001258 EventListBlock []
001259-001273 DataBlock
  ...............  19 00 00 00 00 00 00 00 00 00 00 00 00 00 00
001274-001285 StringBlock "text panel"
001286-001288 DataBlock
  ...              00 00 00
001289-001302 StringBlock "paused_panel"
001303-001305 DataBlock
  ...              00 00 00
001306-001311 StringBlock "root"
