000000-000009 VersionBlock 105
000010-000013 DataBlock
   .u.             20 9a 75 12
000014-000019 StringBlock "root"
000020-000099 DataBlock
  ................ 00 00 00 00 00 00 00 00 00 00 00 00 01 01 00 00
  ................ 00 00 01 00 00 00 00 01 00 00 00 00 00 00 00 00
  ...........y.... 00 00 00 00 00 00 00 00 00 e0 a3 79 12 01 00 00
  . zl............ 00 20 7a 6c 12 00 00 00 05 00 00 c0 03 00 00 00
  ..............y. 00 00 00 00 00 00 00 00 01 00 00 00 e0 a3 79 12
000100-000109 StringBlock "NewState"
000110-000148 DataBlock
  ................ 00 05 00 00 00 04 00 00 00 00 00 00 02 00 00 00
  ................ 00 00 00 00 00 00 00 00 01 00 00 00 01 00 00 00
  .......          00 00 00 00 00 00 00
000149-000161 StringBlock "la_gioconda"
000162-000177 DataBlock
  ................ 0c 00 00 00 03 00 00 00 00 00 00 00 d7 f8 ff ff
000178-000193 StringBlock "ingame_tooltip"
000194-000213 DataBlock
  ................ 00 00 00 00 00 00 00 00 00 00 00 00 00 00 00 00
  ....             01 00 00 00
000214-000224 StringBlock "normal_t0"
000225-000240 DataBlock
  ................ 00 00 00 00 00 00 00 00 00 00 00 00 00 00 00 00
000241-000251 StringBlock "normal_t0"
000252-000404 DataBlock
  ................ 00 00 00 00 00 00 00 00 00 00 00 00 00 00 00 00
  .... zl......... 01 00 00 00 20 7a 6c 12 00 00 00 00 00 00 00 00
  ................ 00 05 00 00 c0 03 00 00 be ff bb ff 00 00 00 00
  ................ 00 00 00 00 00 00 00 00 00 00 00 01 01 00 00 00
  ................ 00 00 00 00 00 00 00 00 00 00 00 00 00 00 00 00
  ....?........... 00 00 00 80 3f 00 00 00 00 00 00 00 00 00 00 00
  ................ 00 00 00 00 00 00 00 00 00 00 00 00 00 00 00 00
  ................ 00 00 00 00 00 00 00 00 00 00 00 00 00 00 00 00
  ................ 00 00 00 00 00 00 00 00 00 00 00 00 00 00 00 01
  .........        00 00 00 00 00 c0 14 9b 0d
000405-000419 StringBlock "building_card"
000420-000421 DataBlock
  ..               00 00
000422-000431 StringBlock "UnitCard"
000432-000480 DataBlock
  &...H........... 26 02 00 00 48 01 00 00 01 01 01 00 00 00 01 00
  ................ 01 00 00 01 00 00 00 00 00 00 00 00 00 00 00 00
  .............P.. 00 00 00 00 00 f0 dd bc 0d 06 00 00 00 50 df e3
  .                0d
000481-000523 ImagePathBlock "ui\\skins\\default\\unit_card_background.png"
000524-000536 DataBlock
  @.........W..    40 00 00 00 98 00 00 00 00 e0 57 80 15
000537-000581 ImagePathBlock "ui\\skins\\default\\placeholder_deployable.png"
000582-000594 DataBlock
  @........`...    40 00 00 00 98 00 00 00 00 60 c6 c1 04
000595-000637 ImagePathBlock "ui\\skins\\default\\unit_card_background.png"
000638-000650 DataBlock
  @.........Q.(    40 00 00 00 98 00 00 00 00 c0 51 87 28
000651-000678 ImagePathBlock "ui\\skins\\default\\mask1.png"
000679-000691 DataBlock
  @...v......=.    40 00 00 00 76 00 00 00 00 b0 06 3d 05
000692-000741 ImagePathBlock "ui\\skins\\default\\unit_card_recruitment_frame.png"
000742-000754 DataBlock
  @........`y..    40 00 00 00 80 00 00 00 00 60 79 99 18
000755-000789 ImagePathBlock "ui\\skins\\default\\yellow_frame.png"
000790-000814 DataBlock
  D...D........... 44 00 00 00 44 00 00 00 00 00 00 00 00 00 00 00
  .....p...        00 05 00 00 00 70 8c a3 0d
000815-000821 StringBlock "hover"
000822-000860 DataBlock
  @............... 40 00 00 00 98 00 00 00 00 00 00 00 02 00 00 00
  ................ 00 00 00 00 00 00 00 00 01 00 00 00 01 00 00 00
  .......          00 00 00 00 00 00 00
000861-000873 StringBlock "la_gioconda"
000874-000889 DataBlock
  ................ 0a 00 00 00 01 00 00 00 00 00 00 00 00 00 00 ff
000890-000908 StringBlock "ingame_text_small"
000909-000928 DataBlock
  ................ 00 00 00 00 00 00 00 00 00 00 00 00 00 00 00 00
  ....             01 00 00 00
000929-000941 StringBlock "brighten_t0"
000942-000957 DataBlock
  ...?............ 00 00 00 3f 00 00 00 00 00 00 00 00 00 00 00 00
000958-000968 StringBlock "normal_t0"
000969-001420 DataBlock
  ..L>............ cd cc 4c 3e 00 00 00 00 00 00 00 00 00 00 00 00
  ....P........... 04 00 00 00 50 df e3 0d 00 00 00 00 00 00 00 00
  @............... 40 00 00 00 98 00 00 00 ff ff ff ff 01 00 00 05
  ................ 00 00 00 00 00 00 00 00 00 00 00 01 01 00 00 00
  ................ 00 00 00 00 00 00 00 00 00 00 00 00 00 00 00 00
  ....?........... 00 00 00 80 3f 00 00 00 00 00 00 00 00 00 00 00
  ..........A...A. 00 00 00 00 00 00 00 00 00 10 41 00 00 10 41 00
  ..A...A.W....... 00 10 41 00 00 10 41 e0 57 80 15 00 00 00 00 00
  ...@............ 00 00 00 40 00 00 00 98 00 00 00 ff ff ff ff 00
  ................ 00 00 01 00 00 00 00 00 00 00 00 00 00 00 00 00
  ................ 00 00 00 00 00 00 00 00 00 00 00 00 00 00 00 00
  .......?........ 00 00 00 00 00 00 80 3f 00 00 00 00 00 00 00 00
  ................ 00 00 00 00 00 00 00 00 00 00 00 00 00 00 00 00
  ...........Q.(.. 00 00 00 00 00 00 00 00 00 00 c0 51 87 28 00 00
  ......@......... 00 00 00 00 00 00 40 00 00 00 98 00 00 00 ff ff
  ................ ff ff 00 00 00 01 00 00 00 00 00 00 00 00 00 00
  ................ 00 00 00 00 00 00 00 00 00 00 00 00 00 00 00 00
  ..........?..... 00 00 00 00 00 00 00 00 00 80 3f 00 00 00 00 00
  ................ 00 00 00 00 00 00 00 00 00 00 00 00 00 00 00 00
  ...............= 00 00 00 00 00 00 00 00 00 00 00 00 00 b0 06 3d
  .........@...... 05 00 00 00 00 00 00 00 00 40 00 00 00 98 00 00
  ................ 00 ff ff ff ff 00 00 00 00 00 00 00 00 00 00 00
  ................ 00 00 00 00 01 01 00 00 00 00 00 00 00 00 00 00
  .............?.. 00 00 00 00 00 00 00 00 00 00 00 00 80 3f 00 00
  ................ 00 00 00 00 00 00 00 00 00 00 00 00 00 00 00 00
  ................ 00 00 00 00 00 00 00 00 00 00 00 00 00 00 00 00
  {............... 7b 00 00 00 10 01 00 00 01 00 00 00 01 00 00 00
  ................ f0 dd bc 0d c8 00 00 00 08 00 00 00 00 00 00 00
  ....             e0 d3 af 0d
001421-001430 StringBlock "inactive"
001431-001469 DataBlock
  @............... 40 00 00 00 98 00 00 00 00 00 00 00 02 00 00 00
  ................ 00 00 00 00 00 00 00 00 01 00 00 00 01 00 00 00
  .......          00 00 00 00 00 00 00
001470-001482 StringBlock "la_gioconda"
001483-001498 DataBlock
  ................ 0c 00 00 00 01 00 00 00 00 00 00 00 d7 f8 ff ff
001499-001515 StringBlock "fe_tooltip_text"
001516-001535 DataBlock
  ................ 00 00 00 00 00 00 00 00 00 00 00 00 00 00 00 00
  ....             01 00 00 00
001536-001553 StringBlock "set_greyscale_t0"
001554-001569 DataBlock
  ...?...?........ 00 00 80 3f 00 00 80 3f 00 00 00 00 00 00 00 00
001570-001580 StringBlock "normal_t0"
001581-002012 DataBlock
  ...?...?........ 00 00 80 3f 00 00 00 3f 00 00 00 00 00 00 00 00
  ....P........... 04 00 00 00 50 df e3 0d 00 00 00 00 00 00 00 00
  @............... 40 00 00 00 98 00 00 00 ff ff ff ff 01 00 00 05
  ................ 00 00 00 00 00 00 00 00 00 00 00 01 01 00 00 00
  ................ 00 00 00 00 00 00 00 00 00 00 00 00 00 00 00 00
  ....?........... 00 00 00 80 3f 00 00 00 00 00 00 00 00 00 00 00
  ..........A...A. 00 00 00 00 00 00 00 00 00 10 41 00 00 10 41 00
  ..A...A.W....... 00 10 41 00 00 10 41 e0 57 80 15 00 00 00 00 00
  ...@..........d. 00 00 00 40 00 00 00 98 00 00 00 c0 c0 c0 64 00
  ................ 00 00 01 00 00 00 00 00 00 00 00 00 00 00 00 00
  ................ 00 00 00 00 00 00 00 00 00 00 00 00 00 00 00 00
  .......?........ 00 00 00 00 00 00 80 3f 00 00 00 00 00 00 00 00
  ................ 00 00 00 00 00 00 00 00 00 00 00 00 00 00 00 00
  ...........Q.(.. 00 00 00 00 00 00 00 00 00 00 c0 51 87 28 00 00
  ......@......... 00 00 00 00 00 00 40 00 00 00 98 00 00 00 ff ff
  ................ ff ff 00 00 00 01 00 00 00 00 00 00 00 00 00 00
  ................ 00 00 00 00 00 00 00 00 00 00 00 00 00 00 00 00
  ..........?..... 00 00 00 00 00 00 00 00 00 80 3f 00 00 00 00 00
  ................ 00 00 00 00 00 00 00 00 00 00 00 00 00 00 00 00
  ...............= 00 00 00 00 00 00 00 00 00 00 00 00 00 b0 06 3d
  .........@...... 05 00 00 00 00 00 00 00 00 40 00 00 00 98 00 00
  ................ 00 ff ff ff ff 00 00 00 00 00 00 00 00 00 00 00
  ................ 00 00 00 00 01 01 00 00 00 00 00 00 00 00 00 00
  .............?.. 00 00 00 00 00 00 00 00 00 00 00 00 80 3f 00 00
  ................ 00 00 00 00 00 00 00 00 00 00 00 00 00 00 00 00
  ................ 00 00 00 00 00 00 00 00 00 00 00 00 00 00 00 00
  ................ 00 00 00 00 00 00 00 00 00 00 00 00 f0 dd bc 0d
002013-002020 StringBlock "active"
002021-002059 DataBlock
  @............... 40 00 00 00 98 00 00 00 00 00 00 00 02 00 00 00
  ................ 00 00 00 00 00 00 00 00 01 00 00 00 01 00 00 00
  .......          00 00 00 00 00 00 00
002060-002072 StringBlock "la_gioconda"
002073-002088 DataBlock
  ................ 0a 00 00 00 01 00 00 00 00 00 00 00 00 00 00 ff
002089-002107 StringBlock "ingame_text_small"
002108-002127 DataBlock
  ................ 00 00 00 00 00 00 00 00 00 00 00 00 00 00 00 00
  ....             01 00 00 00
002128-002140 StringBlock "brighten_t0"
002141-002156 DataBlock
  ................ 00 00 00 00 00 00 00 00 00 00 00 00 00 00 00 00
002157-002167 StringBlock "normal_t0"
002168-002619 DataBlock
  ................ 00 00 00 00 00 00 00 00 00 00 00 00 00 00 00 00
  ....P........... 04 00 00 00 50 df e3 0d 00 00 00 00 00 00 00 00
  @............... 40 00 00 00 98 00 00 00 ff ff ff ff 01 00 00 05
  ................ 00 00 00 00 00 00 00 00 00 00 00 01 01 00 00 00
  ................ 00 00 00 00 00 00 00 00 00 00 00 00 00 00 00 00
  ....?........... 00 00 00 80 3f 00 00 00 00 00 00 00 00 00 00 00
  ..........A...A. 00 00 00 00 00 00 00 00 00 10 41 00 00 10 41 00
  ..A...A.W....... 00 10 41 00 00 10 41 e0 57 80 15 00 00 00 00 00
  ...@............ 00 00 00 40 00 00 00 98 00 00 00 ff ff ff ff 00
  ................ 00 00 01 00 00 00 00 00 00 00 00 00 00 00 00 00
  ................ 00 00 00 00 00 00 00 00 00 00 00 00 00 00 00 00
  .......?........ 00 00 00 00 00 00 80 3f 00 00 00 00 00 00 00 00
  ................ 00 00 00 00 00 00 00 00 00 00 00 00 00 00 00 00
  ...........Q.(.. 00 00 00 00 00 00 00 00 00 00 c0 51 87 28 00 00
  ......@......... 00 00 00 00 00 00 40 00 00 00 98 00 00 00 ff ff
  ................ ff ff 00 00 00 01 00 00 00 00 00 00 00 00 00 00
  ................ 00 00 00 00 00 00 00 00 00 00 00 00 00 00 00 00
  ..........?..... 00 00 00 00 00 00 00 00 00 80 3f 00 00 00 00 00
  ................ 00 00 00 00 00 00 00 00 00 00 00 00 00 00 00 00
  ...............= 00 00 00 00 00 00 00 00 00 00 00 00 00 b0 06 3d
  .........@...... 05 00 00 00 00 00 00 00 00 40 00 00 00 98 00 00
  ................ 00 ff ff ff ff 00 00 00 00 00 00 00 00 00 00 00
  ................ 00 00 00 00 01 01 00 00 00 00 00 00 00 00 00 00
  .............?.. 00 00 00 00 00 00 00 00 00 00 00 00 80 3f 00 00
  ................ 00 00 00 00 00 00 00 00 00 00 00 00 00 00 00 00
  ................ 00 00 00 00 00 00 00 00 00 00 00 00 00 00 00 00
  f...A........... 66 00 00 00 41 00 00 00 01 00 00 00 00 00 00 00
  p............... 70 8c a3 0d c8 00 00 00 08 00 00 00 00 00 00 00
  .k..             a0 6b 00 09
002620-002629 StringBlock "selected"
002630-002668 DataBlock
  @............... 40 00 00 00 98 00 00 00 00 00 00 00 02 00 00 00
  ................ 00 00 00 00 00 00 00 00 01 00 00 00 01 00 00 00
  .......          00 00 00 00 00 00 00
002669-002681 StringBlock "la_gioconda"
002682-002697 DataBlock
  ................ 0a 00 00 00 01 00 00 00 00 00 00 00 00 00 00 ff
002698-002716 StringBlock "ingame_text_small"
002717-002736 DataBlock
  ................ 00 00 00 00 00 00 00 00 00 00 00 00 00 00 00 00
  ....             01 00 00 00
002737-002749 StringBlock "brighten_t0"
002750-002765 DataBlock
  ...?............ 9a 99 99 3f 00 00 00 00 00 00 00 00 00 00 00 00
002766-002776 StringBlock "normal_t0"
002777-003327 DataBlock
  ...?............ 00 00 00 3f 00 00 00 00 00 00 00 00 00 00 00 00
  ....`........... 05 00 00 00 60 c6 c1 04 00 00 00 00 00 00 00 00
  @............... 40 00 00 00 98 00 00 00 ff ff ff ff 01 00 00 00
  ................ 00 00 00 00 00 00 00 00 00 00 00 01 01 00 00 00
  ................ 00 00 00 00 00 00 00 00 00 00 00 00 00 00 00 00
  ....?........... 00 00 00 80 3f 00 00 00 00 00 00 00 00 00 00 00
  ..........A...A. 00 00 00 00 00 00 00 00 00 10 41 00 00 10 41 00
  ..A...A.W....... 00 10 41 00 00 10 41 e0 57 80 15 00 00 00 00 00
  ...@............ 00 00 00 40 00 00 00 98 00 00 00 ff ff ff ff 00
  ................ 00 00 01 00 00 00 00 00 00 00 00 00 00 00 00 00
  ................ 00 00 00 00 00 00 00 00 00 00 00 00 00 00 00 00
  .......?........ 00 00 00 00 00 00 80 3f 00 00 00 00 00 00 00 00
  ................ 00 00 00 00 00 00 00 00 00 00 00 00 00 00 00 00
  ...........Q.(.. 00 00 00 00 00 00 00 00 00 00 c0 51 87 28 00 00
  ......@......... 00 00 00 00 00 00 40 00 00 00 98 00 00 00 ff ff
  ................ ff ff 00 00 00 01 00 00 00 00 00 00 00 00 00 00
  ................ 00 00 00 00 00 00 00 00 00 00 00 00 00 00 00 00
  ..........?..... 00 00 00 00 00 00 00 00 00 80 3f 00 00 00 00 00
  ................ 00 00 00 00 00 00 00 00 00 00 00 00 00 00 00 00
  ...............= 00 00 00 00 00 00 00 00 00 00 00 00 00 b0 06 3d
  .........@...... 05 00 00 00 00 00 00 00 00 40 00 00 00 98 00 00
  ................ 00 ff ff ff ff 00 00 00 00 00 00 00 00 00 00 00
  ................ 00 00 00 00 01 01 00 00 00 00 00 00 00 00 00 00
  .............?.. 00 00 00 00 00 00 00 00 00 00 00 00 80 3f 00 00
  ................ 00 00 00 00 00 00 00 00 00 00 00 00 00 00 00 00
  ................ 00 00 00 00 00 00 00 00 00 00 00 00 00 00 00 00
  `y..........@... 60 79 99 18 00 00 00 00 00 00 00 00 40 00 00 00
  ................ 98 00 00 00 ff ff ff ff 00 00 00 00 00 00 00 00
  ................ 00 00 00 00 00 00 00 01 01 00 00 00 00 00 00 00
  ................ 00 00 00 00 00 00 00 00 00 00 00 00 00 00 00 80
  ?............... 3f 00 00 00 00 00 00 00 00 00 00 00 00 00 00 00
  ......A...A...A. 00 00 00 00 00 00 41 00 00 00 41 00 00 00 41 00
  ..A....\........ 00 00 41 e3 00 00 00 5c 00 00 00 01 00 00 00 00
  .....~.......... 00 00 00 c0 bf 7e 10 c8 00 00 00 08 00 00 00 00
  .....~.          00 00 00 c0 bf 7e 10
003328-003343 StringBlock "selected_hover"
003344-003382 DataBlock
  @............... 40 00 00 00 98 00 00 00 00 00 00 00 02 00 00 00
  ................ 00 00 00 00 00 00 00 00 01 00 00 00 01 00 00 00
  .......          00 00 00 00 00 00 00
003383-003395 StringBlock "la_gioconda"
003396-003411 DataBlock
  ................ 0a 00 00 00 01 00 00 00 00 00 00 00 00 00 00 ff
003412-003430 StringBlock "ingame_text_small"
003431-003450 DataBlock
  ................ 00 00 00 00 00 00 00 00 00 00 00 00 00 00 00 00
  ....             01 00 00 00
003451-003463 StringBlock "brighten_t0"
003464-003479 DataBlock
  33.?............ 33 33 b3 3f 00 00 00 00 00 00 00 00 00 00 00 00
003480-003490 StringBlock "normal_t0"
003491-004041 DataBlock
  ...?............ 00 00 00 3f 00 00 00 00 00 00 00 00 00 00 00 00
  ....`........... 05 00 00 00 60 c6 c1 04 00 00 00 00 00 00 00 00
  @............... 40 00 00 00 98 00 00 00 ff ff ff ff 01 00 00 00
  ................ 00 00 00 00 00 00 00 00 00 00 00 01 01 00 00 00
  ................ 00 00 00 00 00 00 00 00 00 00 00 00 00 00 00 00
  ....?........... 00 00 00 80 3f 00 00 00 00 00 00 00 00 00 00 00
  ..........A...A. 00 00 00 00 00 00 00 00 00 10 41 00 00 10 41 00
  ..A...A.W....... 00 10 41 00 00 10 41 e0 57 80 15 00 00 00 00 00
  ...@............ 00 00 00 40 00 00 00 98 00 00 00 ff ff ff ff 00
  ................ 00 00 01 00 00 00 00 00 00 00 00 00 00 00 00 00
  ................ 00 00 00 00 00 00 00 00 00 00 00 00 00 00 00 00
  .......?........ 00 00 00 00 00 00 80 3f 00 00 00 00 00 00 00 00
  ................ 00 00 00 00 00 00 00 00 00 00 00 00 00 00 00 00
  ...........Q.(.. 00 00 00 00 00 00 00 00 00 00 c0 51 87 28 00 00
  ......@......... 00 00 00 00 00 00 40 00 00 00 98 00 00 00 ff ff
  ................ ff ff 00 00 00 01 00 00 00 00 00 00 00 00 00 00
  ................ 00 00 00 00 00 00 00 00 00 00 00 00 00 00 00 00
  ..........?..... 00 00 00 00 00 00 00 00 00 80 3f 00 00 00 00 00
  ................ 00 00 00 00 00 00 00 00 00 00 00 00 00 00 00 00
  ...............= 00 00 00 00 00 00 00 00 00 00 00 00 00 b0 06 3d
  .........@...... 05 00 00 00 00 00 00 00 00 40 00 00 00 98 00 00
  ................ 00 ff ff ff ff 00 00 00 00 00 00 00 00 00 00 00
  ................ 00 00 00 00 01 01 00 00 00 00 00 00 00 00 00 00
  .............?.. 00 00 00 00 00 00 00 00 00 00 00 00 80 3f 00 00
  ................ 00 00 00 00 00 00 00 00 00 00 00 00 00 00 00 00
  ................ 00 00 00 00 00 00 00 00 00 00 00 00 00 00 00 00
  `y..........@... 60 79 99 18 00 00 00 00 00 00 00 00 40 00 00 00
  ................ 98 00 00 00 ff ff ff ff 00 00 00 00 00 00 00 00
  ................ 00 00 00 00 00 00 00 01 01 00 00 00 00 00 00 00
  ................ 00 00 00 00 00 00 00 00 00 00 00 00 00 00 00 80
  ?............... 3f 00 00 00 00 00 00 00 00 00 00 00 00 00 00 00
  ......A...A...A. 00 00 00 00 00 00 41 00 00 00 41 00 00 00 41 00
  ..A(............ 00 00 41 28 01 00 00 d9 00 00 00 01 00 00 00 01
  ....k........... 00 00 00 a0 6b 00 09 c8 00 00 00 08 00 00 00 00
  .......          00 00 00 01 00 00 00
004042-004054 StringBlock "image_index"
004055-004089 DataBlock
  ..1............. 01 00 31 00 00 00 00 00 00 00 00 00 00 00 00 00
  ................ 00 00 00 00 00 00 00 00 00 00 00 00 00 00 00 00
  ...              00 00 00
