000000-000009 VersionBlock 92
000010-000013 RootIDBlock 286238496
000014-000019 StringBlock "root"
000020-000097 DataBlock
  ................ 00 00 00 00 00 00 00 00 00 00 01 01 00 00 00 00
  ................ 01 00 00 00 00 01 00 00 00 00 00 00 00 00 00 00
  .......@.......@ 00 00 00 00 00 00 00 40 17 16 11 01 00 00 00 40
  ................ cd 09 1d 00 00 00 05 00 00 c0 03 00 00 00 00 00
  ..........@...   00 00 00 00 00 00 01 00 00 00 40 17 16 11
000098-000107 StringBlock "NewState"
000108-000146 DataBlock
  ................ 00 05 00 00 00 04 00 00 00 00 00 00 02 00 00 00
  ................ 00 00 00 00 00 00 00 00 01 00 00 00 01 00 00 00
  .......          00 00 00 00 00 00 00
000147-000159 FontNameBlock "la_gioconda"
000160-000175 DataBlock
  ................ 0a 00 00 00 02 00 00 00 01 00 00 00 dd da fa ff
000176-000198 StringBlock "Default Font Category"
000199-000218 DataBlock
  ................ 00 00 00 00 00 00 00 00 00 00 00 00 00 00 00 00
  ....             01 00 00 00
000219-000229 T0Block "normal_t0"
000230-000245 DataBlock
  ................ 00 00 00 00 00 00 00 00 00 00 00 00 00 00 00 00
000246-000256 T0Block "normal_t0"
000257-000395 DataBlock
  ................ 00 00 00 00 00 00 00 00 00 00 00 00 00 00 00 00
  ....@........... 01 00 00 00 40 cd 09 1d 00 00 00 00 00 00 00 00
  ................ 00 05 00 00 c0 03 00 00 be ff bb ff 00 00 00 00
  ................ 00 00 00 00 00 00 00 00 00 00 00 01 01 00 00 00
  ................ 00 00 00 00 00 00 00 00 00 00 00 00 00 00 00 00
  ................ 00 00 00 00 00 00 00 00 00 00 00 00 00 00 00 00
  ................ 00 00 00 00 00 00 00 00 00 00 00 00 00 00 00 00
  ................ 00 00 00 00 00 00 00 00 00 00 00 00 00 00 00 00
  ....... ...      00 00 00 01 00 00 00 20 ac 0f 11
000396-000411 StringBlock "cinematic_bars"
000412-000426 StringBlock "CinematicBars"
000427-000487 DataBlock
  ................ 00 00 00 00 e0 ff ff ff 01 01 00 00 00 00 01 00
  ................ 00 00 00 01 00 00 00 00 05 00 00 00 00 00 00 00
  ..... .......... 00 00 00 00 00 20 19 16 11 00 00 00 00 00 00 00
  ......... ...    00 00 00 00 00 01 00 00 00 20 19 16 11
000488-000497 StringBlock "NewState"
000498-000536 DataBlock
  ................ 00 05 00 00 00 04 00 00 00 00 00 00 02 00 00 00
  ................ 00 00 00 00 00 00 00 00 01 00 00 00 01 00 00 00
  .......          00 00 00 00 00 00 00
000537-000549 FontNameBlock "la_gioconda"
000550-000565 DataBlock
  ................ 0a 00 00 00 02 00 00 00 01 00 00 00 dd da fa ff
000566-000588 StringBlock "Default Font Category"
000589-000608 DataBlock
  ................ 00 00 00 00 00 00 00 00 00 00 00 00 00 00 00 00
  ....             00 00 00 00
000609-000619 T0Block "normal_t0"
000620-000635 DataBlock
  ................ 00 00 00 00 00 00 00 00 00 00 00 00 00 00 00 00
000636-000646 T0Block "normal_t0"
000647-000690 DataBlock
  ................ 00 00 00 00 00 00 00 00 00 00 00 00 00 00 00 00
  ................ 00 00 00 00 00 00 00 00 00 00 00 00 00 00 00 00
  ....(.......     00 00 00 00 28 00 00 00 02 00 00 00
000691-000700 StringBlock "slide_in"
000701-000766 DataBlock
  ................ 00 00 02 00 00 00 00 00 00 00 00 00 00 00 00 05
  ................ 00 00 00 04 00 00 ff ff ff ff 00 00 00 00 00 00
  ................ 00 00 00 00 00 00 00 00 00 00 00 00 00 00 ff ff
  ................ ff ff ff ff ff ff 00 00 00 00 00 00 00 00 00 00
  .?               80 3f
000767-000774 StringBlock "Linear"
000775-000782 DataBlock
  .... ...         02 00 00 00 20 b6 0f 11
000783-000792 StringBlock "slide_in"
000793-000800 DataBlock
  .... ...         00 00 00 00 20 b1 0f 11
000801-000810 StringBlock "slide_in"
000811-000875 DataBlock
  ................ 00 00 00 00 00 00 00 00 00 00 00 00 00 00 05 00
  ................ 00 00 04 00 00 ff ff ff ff 00 00 00 00 00 00 00
  ................ 00 00 00 00 00 00 00 00 00 00 00 00 00 ff ff ff
  .....X.......... ff ff ff ff ff 58 02 00 00 00 00 00 00 00 00 80
  ?                3f
000876-000883 StringBlock "Linear"
000884-000890 DataBlock
  .......          00 00 00 00 00 00 00
000891-000901 StringBlock "slide_out"
000902-000967 DataBlock
  ................ 00 00 02 00 00 00 00 00 00 00 00 00 00 00 00 05
  ................ 00 00 00 04 00 00 ff ff ff ff 00 00 00 00 00 00
  ................ 00 00 00 00 00 00 00 00 00 00 00 00 00 00 ff ff
  ................ ff ff ff ff ff ff 00 00 00 00 02 00 00 00 00 00
  .?               80 3f
000968-000975 StringBlock "Linear"
000976-000983 DataBlock
  .... ...         02 00 00 00 20 b6 0f 11
000984-000994 StringBlock "slide_out"
000995-001002 DataBlock
  .... ...         00 00 00 00 20 b1 0f 11
001003-001013 StringBlock "slide_out"
001014-001078 DataBlock
  ................ 00 00 00 00 00 00 00 00 00 00 00 00 00 00 05 00
  ................ 00 00 04 00 00 ff ff ff ff 00 00 00 00 00 00 00
  ................ 00 00 00 00 00 00 00 00 00 00 00 00 00 ff ff ff
  .....X.......... ff ff ff ff ff 58 02 00 00 00 00 00 00 00 00 80
  ?                3f
001079-001086 StringBlock "Linear"
001087-001101 DataBlock
  ........... ...  00 00 00 00 00 00 00 02 00 00 00 20 b6 0f 11
001102-001110 StringBlock "top_bar"
001111-001188 DataBlock
  ................ 00 00 00 00 00 00 00 00 00 00 01 00 00 00 00 00
  ................ 01 00 00 00 00 01 00 00 00 00 02 00 00 00 00 00
  ................ 00 00 00 00 00 00 00 00 1d 16 11 01 00 00 00 e0
  .........A...... ce 09 1d 00 00 95 00 00 00 41 00 00 00 00 00 00
  ..............   00 00 00 00 00 00 01 00 00 00 00 1d 16 11
001189-001198 StringBlock "NewState"
001199-001237 DataBlock
  ................ 00 05 00 00 90 00 00 00 00 00 00 00 02 00 00 00
  ................ 00 00 00 00 00 00 00 00 01 00 00 00 01 00 00 00
  .......          00 00 00 00 00 00 00
001238-001250 FontNameBlock "la_gioconda"
001251-001266 DataBlock
  ................ 0a 00 00 00 02 00 00 00 01 00 00 00 dd da fa ff
001267-001289 StringBlock "Default Font Category"
001290-001309 DataBlock
  ................ 00 00 00 00 00 00 00 00 00 00 00 00 00 00 00 00
  ....             00 00 00 00
001310-001320 T0Block "normal_t0"
001321-001336 DataBlock
  ................ 00 00 00 00 00 00 00 00 00 00 00 00 00 00 00 00
001337-001347 T0Block "normal_t0"
001348-001478 DataBlock
  ................ 00 00 00 00 00 00 00 00 00 00 00 00 00 00 00 00
  ................ 01 00 00 00 e0 ce 09 1d 00 00 00 00 00 00 00 00
  ................ 00 05 00 00 90 00 00 00 00 00 00 ff 00 00 00 00
  ................ 00 00 00 00 00 00 00 00 00 00 00 01 01 00 00 00
  ................ 00 00 00 00 00 00 00 00 00 00 00 00 00 00 00 00
  ................ 00 00 00 00 00 00 00 00 00 00 00 00 00 00 00 00
  ................ 00 00 00 00 00 00 00 00 00 00 00 00 00 00 00 00
  ...........(.... 00 00 00 00 00 00 00 00 00 00 00 28 00 00 00 02
  ...              00 00 00
001479-001488 StringBlock "slide_in"
001489-001554 DataBlock
  ................ 00 00 02 00 00 00 00 00 00 00 00 00 10 c3 00 05
  ................ 00 00 88 00 00 00 00 00 00 ff 00 00 00 00 00 00
  ................ 00 00 00 00 00 00 00 00 00 00 00 00 00 00 ff ff
  ................ ff ff ff ff ff ff 00 00 00 00 02 00 00 00 00 00
  .?               80 3f
001555-001562 StringBlock "Linear"
001563-001627 DataBlock
  ................ 00 00 00 00 01 00 00 00 00 00 00 00 00 00 05 00
  ................ 00 88 00 00 00 00 00 00 ff 00 00 00 00 00 00 00
  ................ 00 00 00 00 00 00 00 00 00 00 00 00 00 ff ff ff
  .....X.......... ff ff ff ff ff 58 02 00 00 02 00 00 00 00 00 80
  ?                3f
001628-001642 StringBlock "Quadratic Out"
001643-001649 DataBlock
  .......          00 00 00 00 01 00 00
001650-001660 StringBlock "slide_out"
001661-001726 DataBlock
  ................ 00 00 01 00 00 00 00 00 00 00 00 00 10 c3 00 05
  ................ 00 00 88 00 00 00 00 00 00 ff 00 00 00 00 00 00
  ................ 00 00 00 00 00 00 00 00 00 00 00 00 00 00 ff ff
  ......X......... ff ff ff ff ff ff 58 02 00 00 02 00 00 00 00 00
  .?               80 3f
001727-001740 StringBlock "Quadratic In"
001741-001764 DataBlock
  ................ 00 00 00 00 01 00 00 00 00 00 00 00 00 00 00 00
  .... ...         00 00 01 00 20 b1 0f 11
001765-001776 StringBlock "bottom_bar"
001777-001854 DataBlock
  ......p......... 00 00 00 00 00 00 70 03 00 00 01 00 00 00 00 00
  ................ 01 00 00 00 00 01 00 00 00 00 08 00 00 00 00 00
  ....... ........ 00 00 00 00 00 00 00 20 1b 16 11 01 00 00 00 00
  .........A...... ce 09 1d 00 00 95 00 00 00 41 00 00 00 00 00 00
  .......... ...   00 00 00 00 00 00 01 00 00 00 20 1b 16 11
001855-001864 StringBlock "NewState"
001865-001903 DataBlock
  ................ 00 05 00 00 90 00 00 00 00 00 00 00 02 00 00 00
  ................ 00 00 00 00 00 00 00 00 01 00 00 00 01 00 00 00
  .......          00 00 00 00 00 00 00
001904-001916 FontNameBlock "la_gioconda"
001917-001932 DataBlock
  ................ 0a 00 00 00 02 00 00 00 01 00 00 00 dd da fa ff
001933-001955 StringBlock "Default Font Category"
001956-001975 DataBlock
  ................ 00 00 00 00 00 00 00 00 00 00 00 00 00 00 00 00
  ....             00 00 00 00
001976-001986 T0Block "normal_t0"
001987-002002 DataBlock
  ................ 00 00 00 00 00 00 00 00 00 00 00 00 00 00 00 00
002003-002013 T0Block "normal_t0"
002014-002144 DataBlock
  ................ 00 00 00 00 00 00 00 00 00 00 00 00 00 00 00 00
  ................ 01 00 00 00 00 ce 09 1d 00 00 00 00 00 00 00 00
  ................ 00 05 00 00 90 00 00 00 00 00 00 ff 00 00 00 00
  ................ 00 00 00 00 00 00 00 00 00 00 00 01 01 00 00 00
  ................ 00 00 00 00 00 00 00 00 00 00 00 00 00 00 00 00
  ................ 00 00 00 00 00 00 00 00 00 00 00 00 00 00 00 00
  ................ 00 00 00 00 00 00 00 00 00 00 00 00 00 00 00 00
  ...........(.... 00 00 00 00 00 00 00 00 00 00 00 28 00 00 00 02
  ...              00 00 00
002145-002154 StringBlock "slide_in"
002155-002220 DataBlock
  .............C.. 00 00 02 00 00 00 00 00 00 00 00 00 10 43 00 05
  ................ 00 00 8c 00 00 00 00 00 00 ff 00 00 00 00 00 00
  ................ 00 00 00 00 00 00 00 00 00 00 00 00 00 00 ff ff
  ................ ff ff ff ff ff ff 00 00 00 00 02 00 00 00 00 00
  .?               80 3f
002221-002228 StringBlock "Linear"
002229-002293 DataBlock
  ................ 00 00 00 00 01 00 00 00 00 00 00 00 00 00 05 00
  ................ 00 8c 00 00 00 00 00 00 ff 00 00 00 00 00 00 00
  ................ 00 00 00 00 00 00 00 00 00 00 00 00 00 ff ff ff
  .....X.......... ff ff ff ff ff 58 02 00 00 02 00 00 00 00 00 80
  ?                3f
002294-002308 StringBlock "Quadratic Out"
002309-002315 DataBlock
  .......          00 00 00 00 01 00 00
002316-002326 StringBlock "slide_out"
002327-002392 DataBlock
  .............C.. 00 00 01 00 00 00 00 00 00 00 00 00 10 43 00 05
  ................ 00 00 88 00 00 00 00 00 00 ff 00 00 00 00 00 00
  ................ 00 00 00 00 00 00 00 00 00 00 00 00 00 00 ff ff
  ......X......... ff ff ff ff ff ff 58 02 00 00 02 00 00 00 00 00
  .?               80 3f
002393-002406 StringBlock "Quadratic In"
002407-002444 DataBlock
  ................ 00 00 00 00 01 00 00 00 00 00 00 00 00 00 00 00
  ................ 00 00 01 00 00 00 00 00 00 00 00 00 00 00 00 00
  ......           00 00 00 00 00 00
