000000-000009 VersionBlock 105
000010-000013 DataBlock
  .B..             c0 42 ed 14
000014-000019 StringBlock "root"
000020-000099 DataBlock
  ................ 00 00 00 00 00 00 00 00 00 00 00 00 01 01 00 00
  ................ 00 00 01 00 00 00 00 01 00 00 00 00 00 00 00 00
  ................ 00 00 00 00 00 00 00 00 00 00 00 00 00 01 00 00
  ................ 00 e0 1a e5 15 00 00 00 05 00 00 00 04 00 00 00
  ............ F.. 00 00 00 00 00 00 00 00 01 00 00 00 20 46 ed 14
000100-000109 StringBlock "NewState"
000110-000148 DataBlock
  ................ 00 05 00 00 c0 03 00 00 00 00 00 00 02 00 00 00
  ................ 00 00 00 00 00 00 00 00 01 00 00 00 01 00 00 00
  .......          00 00 00 00 00 00 00
000149-000160 StringBlock "Norse-Bold"
000161-000176 DataBlock
  ................ 0a 00 00 00 02 00 00 00 01 00 00 00 dd da fa ff
000177-000199 StringBlock "Default Font Category"
000200-000219 DataBlock
  ................ 00 00 00 00 00 00 00 00 00 00 00 00 00 00 00 00
  ....             01 00 00 00
000220-000230 StringBlock "normal_t0"
000231-000246 DataBlock
  ................ 00 00 00 00 00 00 00 00 00 00 00 00 00 00 00 00
000247-000257 StringBlock "normal_t0"
000258-000410 DataBlock
  ................ 00 00 00 00 00 00 00 00 00 00 00 00 00 00 00 00
  ................ 01 00 00 00 e0 1a e5 15 00 00 00 00 00 00 00 00
  ................ 00 05 00 00 00 04 00 00 bb ff be ff 00 00 00 00
  ................ 00 00 00 00 00 00 00 00 00 00 00 01 01 00 00 00
  ................ 00 00 00 00 00 00 00 00 00 00 00 00 00 00 00 00
  ....?........... 00 00 00 80 3f 00 00 00 00 00 00 00 00 00 00 00
  ................ 00 00 00 00 00 00 00 00 00 00 00 00 00 00 00 00
  ................ 00 00 00 00 00 00 00 00 00 00 00 00 00 00 00 00
  ................ 00 00 00 00 00 00 00 00 00 00 00 00 00 00 00 01
  ..... 7..        00 00 00 00 00 20 37 f2 14
000411-000432 StringBlock "enemy_vassal_options"
000433-000434 DataBlock
  ..               00 00
000435-000454 StringBlock "EnemyVassalOptions"
000455-000503 DataBlock
  ................ 99 01 00 00 03 01 00 00 00 00 00 00 00 00 01 00
  ................ 00 00 00 01 00 00 00 00 05 00 00 00 00 00 00 00
  ............. .. 00 00 00 00 00 00 00 00 00 05 00 00 00 20 8d e5
  .                15
000504-000543 ImagePathBlock "ui/skins/default/panel_back_border.png"
000544-000556 DataBlock
  .............    00 01 00 00 00 01 00 00 00 f0 10 cb 0f
000557-000594 ImagePathBlock "ui/skins/default/panel_back_tile.png"
000595-000607 DataBlock
  ..........N..    00 01 00 00 00 01 00 00 00 00 4e cb 0f
000608-000644 ImagePathBlock "ui/skins/default/panel_back_top.png"
000645-000657 DataBlock
  .........@...    00 01 00 00 00 01 00 00 00 40 a9 c9 0f
000658-000697 ImagePathBlock "ui/skins/default/panel_back_bottom.png"
000698-000710 DataBlock
  .........@./.    00 01 00 00 00 01 00 00 00 40 1d 2f 1a
000711-000750 ImagePathBlock "ui/skins/default/parchment_texture.png"
000751-000775 DataBlock
  ................ 00 01 00 00 00 01 00 00 00 00 00 00 00 00 00 00
  .....@H..        00 01 00 00 00 40 48 ed 14
000776-000785 StringBlock "NewState"
000786-000824 DataBlock
  ................ cd 01 00 00 b9 01 00 00 00 00 00 00 02 00 00 00
  ................ 00 00 00 00 00 00 00 00 01 00 00 00 01 00 00 00
  .......          00 00 00 00 00 00 00
000825-000836 StringBlock "Norse-Bold"
000837-000852 DataBlock
  ................ 0a 00 00 00 02 00 00 00 01 00 00 00 dd da fa ff
000853-000875 StringBlock "Default Font Category"
000876-000895 DataBlock
  ................ 00 00 00 00 00 00 00 00 00 00 00 00 00 00 00 00
  ....             01 00 00 00
000896-000906 StringBlock "normal_t0"
000907-000922 DataBlock
  ................ 00 00 00 00 00 00 00 00 00 00 00 00 00 00 00 00
000923-000933 StringBlock "normal_t0"
000934-001482 DataBlock
  ................ 00 00 00 00 00 00 00 00 00 00 00 00 00 00 00 00
  ................ 05 00 00 00 f0 10 cb 0f 00 00 00 00 00 00 00 00
  ................ cd 01 00 00 b9 01 00 00 ff ff ff ff 01 00 00 00
  ................ 00 00 00 00 00 00 00 00 00 00 00 01 01 00 00 00
  ................ 00 00 00 00 00 00 00 00 00 00 00 00 00 00 00 00
  ....?........... 00 00 00 80 3f 00 00 00 00 00 00 00 00 00 00 00
  ..........A...A. 00 00 00 00 00 00 00 00 00 c8 41 00 00 c8 41 00
  ..A...A ........ 00 c8 41 00 00 c8 41 20 8d e5 15 00 00 00 00 00
  ................ 00 00 00 cd 01 00 00 b9 01 00 00 ff ff ff ff 01
  ................ 00 00 00 00 00 00 00 00 00 00 00 00 00 00 01 01
  ................ 00 00 00 00 00 00 00 00 00 00 00 00 00 00 00 00
  .......?........ 00 00 00 00 00 00 80 3f 00 00 00 00 00 00 00 00
  ............ B.. 00 00 00 00 00 00 00 00 00 00 00 00 20 42 00 00
   B.. B.. B.N.... 20 42 00 00 20 42 00 00 20 42 00 4e cb 0f 00 00
  ..........2..... 00 00 00 00 00 00 cd 01 00 00 32 00 00 00 ff ff
  ................ ff ff 01 00 00 02 00 00 00 00 00 00 00 00 00 00
  ................ 00 01 01 00 00 00 00 00 00 00 00 00 00 00 00 00
  ..........?..... 00 00 00 00 00 00 00 00 00 80 3f 00 00 00 00 00
  ................ 00 00 00 00 00 00 00 00 00 00 00 00 00 00 00 f0
  A.. B...A.. B@.. 41 00 00 20 42 00 00 f0 41 00 00 20 42 40 a9 c9
  .....7.......... 0f 00 00 00 00 37 01 00 00 cd 01 00 00 82 00 00
  ................ 00 ff ff ff ff 01 00 00 08 00 00 00 00 00 00 00
  ................ 00 00 00 00 01 01 00 00 00 00 00 00 00 00 00 00
  .............?.. 00 00 00 00 00 00 00 00 00 00 00 00 80 3f 00 00
  ................ 00 00 00 00 00 00 00 00 00 00 00 00 00 00 00 00
  ...A.. B...A.. B 00 00 f0 41 00 00 20 42 00 00 f0 41 00 00 20 42
  @./.....-....... 40 1d 2f 1a 0d 00 00 00 2d 00 00 00 b2 01 00 00
  ................ 0f 01 00 00 ff ff ff ff 01 00 00 00 00 00 00 00
  ................ 00 00 00 00 00 00 00 01 01 00 00 00 00 00 00 00
  ................ 00 00 00 00 00 00 00 00 00 00 00 00 00 00 00 80
  ?............... 3f 00 00 00 00 00 00 00 00 00 00 00 00 00 00 00
  .....HB..HB..HB. 00 00 00 00 00 48 42 00 00 48 42 00 00 48 42 00
  .HB............. 00 48 42 00 00 00 00 00 00 00 00 00 00 00 00 00
  ...2............ 00 00 00 32 00 00 00 00 00 00 00 08 00 00 00 00
  .`q..            00 60 71 ee 14
001483-001494 StringBlock "tx_satrapy"
001495-001559 DataBlock
  ........G....... 00 00 00 00 09 00 00 00 47 00 00 00 01 01 00 00
  ................ 00 00 01 00 00 00 00 01 00 00 00 00 00 00 00 00
  ..........t..... 00 00 00 00 00 00 00 00 00 c0 74 ee 14 00 00 00
  ..............t. 00 00 00 00 00 00 00 00 00 01 00 00 00 c0 74 ee
  .                14
001560-001569 StringBlock "NewState"
001570-001577 DataBlock
  ........         c8 00 00 00 18 00 00 00
001578-001593 UnicodeBlock "Vassal:"
001594-001616 DataBlock
  ................ 00 00 03 00 00 00 04 00 00 00 00 00 00 00 02 00
  .......          00 00 01 00 00 00 01
001617-001680 UnicodeBlock "tx_satrapy_NewState_Text_7e007e"
001681-001684 DataBlock
  ....             00 00 00 00
001685-001697 StringBlock "la_gioconda"
001698-001713 DataBlock
  ................ 0c 00 00 00 01 00 00 00 01 00 00 00 00 00 00 ff
001714-001729 StringBlock "parchment_text"
001730-001749 DataBlock
  ................ 00 00 00 00 00 00 00 00 00 00 00 00 00 00 00 00
  ....             01 00 00 00
001750-001760 StringBlock "normal_t0"
001761-001776 DataBlock
  ................ 00 00 00 00 00 00 00 00 00 00 00 00 00 00 00 00
001777-001787 StringBlock "normal_t0"
001788-001841 DataBlock
  ................ 00 00 00 00 00 00 00 00 00 00 00 00 00 00 00 00
  ................ 00 00 00 00 00 00 00 00 00 00 00 00 00 00 00 00
  ....-........... 00 00 00 00 2d 00 00 00 00 00 00 00 01 00 00 00
  ...v..           00 00 c0 76 ee 14
001842-001853 StringBlock "dy_faction"
001854-001918 DataBlock
  ................ 00 00 00 00 e6 00 00 00 00 00 00 00 01 00 00 00
  ................ 00 00 01 00 00 00 00 01 00 00 00 00 06 00 00 00
  ......... z..... c8 00 00 00 00 00 00 00 00 20 7a ee 14 00 00 00
  ............. z. 00 00 00 00 00 00 00 00 00 01 00 00 00 20 7a ee
  .                14
001919-001928 StringBlock "NewState"
001929-001936 DataBlock
  ........         aa 00 00 00 18 00 00 00
001937-001958 UnicodeBlock "dy_faction"
001959-001981 DataBlock
  ................ 00 00 02 00 00 00 04 00 00 00 00 00 00 00 02 00
  .......          00 00 01 00 00 00 00
001982-002045 UnicodeBlock "dy_faction_NewState_Text_7b0041"
002046-002049 DataBlock
  ....             00 00 00 00
002050-002062 StringBlock "la_gioconda"
002063-002078 DataBlock
  ................ 0c 00 00 00 01 00 00 00 01 00 00 00 00 00 00 ff
002079-002094 StringBlock "parchment_text"
002095-002114 DataBlock
  ................ 00 00 00 00 00 00 00 00 00 00 00 00 00 00 00 00
  ....             01 00 00 00
002115-002125 StringBlock "normal_t0"
002126-002141 DataBlock
  ................ 00 00 00 00 00 00 00 00 00 00 00 00 00 00 00 00
002142-002152 StringBlock "normal_t0"
002153-002206 DataBlock
  ................ 00 00 00 00 00 00 00 00 00 00 00 00 00 00 00 00
  ................ 00 00 00 00 00 00 00 00 00 00 00 00 00 00 00 00
  ....-........... 00 00 00 00 2d 00 00 00 00 00 00 00 01 00 00 00
  ..@|..           00 00 40 7c ee 14
002207-002214 StringBlock "dy_mon"
002215-002267 DataBlock
  ................ 00 00 00 00 e6 ff ff ff 00 00 00 00 01 01 00 00
  ................ 00 00 01 00 00 00 00 01 00 00 00 00 04 00 00 00
  ............... e6 ff ff ff 00 00 00 00 00 a0 7f ee 14 01 00 00
  .`B..            00 60 42 f2 14
002268-002296 ImagePathBlock "ui/skins/default/mon_24.png"
002297-002321 DataBlock
  ................ 18 00 00 00 18 00 00 00 00 00 00 00 00 00 00 00
  ........        00 01 00 00 00 a0 7f ee 14
002322-002331 StringBlock "NewState"
002332-002370 DataBlock
  ................ 18 00 00 00 18 00 00 00 00 00 00 00 02 00 00 00
  ................ 00 00 00 00 00 00 00 00 01 00 00 00 01 00 00 00
  .......          00 00 00 00 00 00 00
002371-002382 StringBlock "Norse-Bold"
002383-002398 DataBlock
  ................ 0a 00 00 00 02 00 00 00 01 00 00 00 dd da fa ff
002399-002421 StringBlock "Default Font Category"
002422-002441 DataBlock
  ................ 00 00 00 00 00 00 00 00 00 00 00 00 00 00 00 00
  ....             01 00 00 00
002442-002452 StringBlock "normal_t0"
002453-002468 DataBlock
  ................ 00 00 00 00 00 00 00 00 00 00 00 00 00 00 00 00
002469-002479 StringBlock "normal_t0"
002480-002662 DataBlock
  ................ 00 00 00 00 00 00 00 00 00 00 00 00 00 00 00 00
  ....`B.......... 01 00 00 00 60 42 f2 14 00 00 00 00 00 00 00 00
  ................ 18 00 00 00 18 00 00 00 ff ff ff ff 00 00 00 00
  ................ 00 00 00 00 00 00 00 00 00 00 00 01 01 00 00 00
  ................ 00 00 00 00 00 00 00 00 00 00 00 00 00 00 00 00
  ....?........... 00 00 00 80 3f 00 00 00 00 00 00 00 00 00 00 00
  ................ 00 00 00 00 00 00 00 00 00 00 00 00 00 00 00 00
  ................ 00 00 00 00 00 00 00 00 00 00 00 00 00 00 00 00
  .......-........ 00 00 00 00 00 00 00 2d 00 00 00 00 00 00 00 00
  ................ 00 00 00 00 00 00 00 00 00 00 00 00 00 00 00 00
  ................ 00 00 00 00 01 00 00 00 00 00 00 00 00 00 00 00
  .......          00 00 00 80 82 ee 14
002663-002675 StringBlock "tx_overlord"
002676-002740 DataBlock
  ........s....... 00 00 00 00 09 00 00 00 73 00 00 00 01 01 00 00
  ................ 00 00 01 00 00 00 00 01 00 00 00 00 00 00 00 00
  ................ 00 00 00 00 00 00 00 00 00 e0 85 ee 14 00 00 00
  ................ 00 00 00 00 00 00 00 00 00 01 00 00 00 e0 85 ee
  .                14
002741-002750 StringBlock "NewState"
002751-002758 DataBlock
  ........         c8 00 00 00 18 00 00 00
002759-002774 UnicodeBlock "Master:"
002775-002797 DataBlock
  ................ 00 00 03 00 00 00 04 00 00 00 00 00 00 00 02 00
  .......          00 00 01 00 00 00 01
002798-002863 UnicodeBlock "tx_overlord_NewState_Text_670061"
002864-002867 DataBlock
  ....             00 00 00 00
002868-002880 StringBlock "la_gioconda"
002881-002896 DataBlock
  ................ 0c 00 00 00 01 00 00 00 01 00 00 00 00 00 00 ff
002897-002912 StringBlock "parchment_text"
002913-002932 DataBlock
  ................ 00 00 00 00 00 00 00 00 00 00 00 00 00 00 00 00
  ....             01 00 00 00
002933-002943 StringBlock "normal_t0"
002944-002959 DataBlock
  ................ 00 00 00 00 00 00 00 00 00 00 00 00 00 00 00 00
002960-002970 StringBlock "normal_t0"
002971-003024 DataBlock
  ................ 00 00 00 00 00 00 00 00 00 00 00 00 00 00 00 00
  ................ 00 00 00 00 00 00 00 00 00 00 00 00 00 00 00 00
  ....-........... 00 00 00 00 2d 00 00 00 00 00 00 00 01 00 00 00
  ......           00 00 00 88 ee 14
003025-003036 StringBlock "dy_faction"
003037-003101 DataBlock
  ................ 00 00 00 00 e6 00 00 00 00 00 00 00 01 00 00 00
  ................ 00 00 01 00 00 00 00 01 00 00 00 00 06 00 00 00
  .........`...... c8 00 00 00 00 00 00 00 00 60 8b ee 14 00 00 00
  .............`.. 00 00 00 00 00 00 00 00 00 01 00 00 00 60 8b ee
  .                14
003102-003111 StringBlock "NewState"
003112-003119 DataBlock
  ........         aa 00 00 00 18 00 00 00
003120-003141 UnicodeBlock "dy_faction"
003142-003164 DataBlock
  ................ 00 00 02 00 00 00 04 00 00 00 00 00 00 00 02 00
  .......          00 00 01 00 00 00 00
003165-003228 UnicodeBlock "dy_faction_NewState_Text_7b0041"
003229-003232 DataBlock
  ....             00 00 00 00
003233-003245 StringBlock "la_gioconda"
003246-003261 DataBlock
  ................ 0c 00 00 00 01 00 00 00 01 00 00 00 00 00 00 ff
003262-003277 StringBlock "parchment_text"
003278-003297 DataBlock
  ................ 00 00 00 00 00 00 00 00 00 00 00 00 00 00 00 00
  ....             01 00 00 00
003298-003308 StringBlock "normal_t0"
003309-003324 DataBlock
  ................ 00 00 00 00 00 00 00 00 00 00 00 00 00 00 00 00
003325-003335 StringBlock "normal_t0"
003336-003389 DataBlock
  ................ 00 00 00 00 00 00 00 00 00 00 00 00 00 00 00 00
  ................ 00 00 00 00 00 00 00 00 00 00 00 00 00 00 00 00
  ....-........... 00 00 00 00 2d 00 00 00 00 00 00 00 01 00 00 00
  ..`...           00 00 60 8d ee 14
003390-003397 StringBlock "dy_mon"
003398-003450 DataBlock
  ................ 00 00 00 00 e6 ff ff ff 00 00 00 00 01 01 00 00
  ................ 00 00 01 00 00 00 00 01 00 00 00 00 04 00 00 00
  ................ e6 ff ff ff 00 00 00 00 00 e0 91 ee 14 01 00 00
  . ...            00 20 91 ee 14
003451-003479 ImagePathBlock "ui/skins/default/mon_24.png"
003480-003504 DataBlock
  ................ 18 00 00 00 18 00 00 00 00 00 00 00 00 00 00 00
  .........        00 01 00 00 00 e0 91 ee 14
003505-003514 StringBlock "NewState"
003515-003553 DataBlock
  ................ 18 00 00 00 18 00 00 00 00 00 00 00 02 00 00 00
  ................ 00 00 00 00 00 00 00 00 01 00 00 00 01 00 00 00
  .......          00 00 00 00 00 00 00
003554-003565 StringBlock "Norse-Bold"
003566-003581 DataBlock
  ................ 0a 00 00 00 02 00 00 00 01 00 00 00 dd da fa ff
003582-003604 StringBlock "Default Font Category"
003605-003624 DataBlock
  ................ 00 00 00 00 00 00 00 00 00 00 00 00 00 00 00 00
  ....             01 00 00 00
003625-003635 StringBlock "normal_t0"
003636-003651 DataBlock
  ................ 00 00 00 00 00 00 00 00 00 00 00 00 00 00 00 00
003652-003662 StringBlock "normal_t0"
003663-003845 DataBlock
  ................ 00 00 00 00 00 00 00 00 00 00 00 00 00 00 00 00
  .... ........... 01 00 00 00 20 91 ee 14 00 00 00 00 00 00 00 00
  ................ 18 00 00 00 18 00 00 00 ff ff ff ff 00 00 00 00
  ................ 00 00 00 00 00 00 00 00 00 00 00 01 01 00 00 00
  ................ 00 00 00 00 00 00 00 00 00 00 00 00 00 00 00 00
  ....?........... 00 00 00 80 3f 00 00 00 00 00 00 00 00 00 00 00
  ................ 00 00 00 00 00 00 00 00 00 00 00 00 00 00 00 00
  ................ 00 00 00 00 00 00 00 00 00 00 00 00 00 00 00 00
  .......-........ 00 00 00 00 00 00 00 2d 00 00 00 00 00 00 00 00
  ................ 00 00 00 00 00 00 00 00 00 00 00 00 00 00 00 00
  ................ 00 00 00 00 01 00 00 00 00 00 00 00 00 00 00 00
  ...@...          00 00 00 40 95 ee 14
003846-003855 StringBlock "tx_descr"
003856-003920 DataBlock
  ................ 00 00 00 00 1e 00 00 00 a0 00 00 00 01 01 00 00
  ................ 00 00 01 00 00 00 00 01 00 00 00 00 05 00 00 00
  ................ 00 00 00 00 f2 ff ff ff 00 00 00 00 00 00 00 00
  ................ 00 00 00 00 00 00 00 00 00 01 00 00 00 00 99 ee
  .                14
003921-003930 StringBlock "NewState"
003931-003938 DataBlock
  ....\...         90 01 00 00 5c 00 00 00
003939-004220 UnicodeBlock "This enemy of your faction has become a vassal of another faction. You must either make peace with them, or declare war on their new master."
004221-004243 DataBlock
  ................ 00 00 04 00 00 00 04 00 00 00 00 00 00 00 01 00
  .......          00 00 01 00 00 00 01
004244-004303 UnicodeBlock "tx_descr_NewState_Text_360021"
004304-004307 DataBlock
  ....             00 00 00 00
004308-004320 StringBlock "la_gioconda"
004321-004336 DataBlock
  ................ 0c 00 00 00 01 00 00 00 01 00 00 00 00 00 00 ff
004337-004352 StringBlock "parchment_text"
004353-004372 DataBlock
  ................ 00 00 00 00 00 00 00 00 00 00 00 00 00 00 00 00
  ....             01 00 00 00
004373-004383 StringBlock "normal_t0"
004384-004399 DataBlock
  ................ 00 00 00 00 00 00 00 00 00 00 00 00 00 00 00 00
004400-004410 StringBlock "normal_t0"
004411-004468 DataBlock
  ................ 00 00 00 00 00 00 00 00 00 00 00 00 00 00 00 00
  ................ 00 00 00 00 00 00 00 00 00 00 00 00 00 00 00 00
  ....-........... 00 00 00 00 2d 00 00 00 00 00 00 00 00 00 00 00
  ..........       00 00 00 00 00 00 00 00 00 00
004469-004481 StringBlock "panel_title"
004482-004487 DataBlock
  ......           01 00 00 00 00 00
004488-004500 StringBlock "panel_title"
004501-004545 DataBlock
  ...............@ 00 00 00 00 00 00 00 00 00 00 00 00 b8 c1 00 40
  .D..lB....<..... 0f 44 00 00 6c 42 02 00 00 00 3c 00 00 00 01 02
  .............    00 00 00 00 00 00 00 00 00 00 00 00 00
004546-004555 StringBlock "NewState"
004556-004571 DataBlock
  ................ 00 00 00 00 00 00 00 00 00 00 00 00 01 00 00 00
004572-004605 ImagePathBlock "ui/skins/default/panel_title.png"
004606-004613 DataBlock
  ....`;..         01 00 00 00 60 3b f2 14
004614-004626 StringBlock "title_frame"
004627-004691 DataBlock
  ....x........... 00 00 00 00 78 00 00 00 0e 00 00 00 01 01 00 00
  ................ 00 00 01 00 00 00 00 01 00 00 00 00 05 00 00 00
  ................ 00 00 00 00 00 00 00 00 00 00 00 00 00 00 00 00
  ..............>. 00 00 00 00 00 00 00 00 00 01 00 00 00 c0 3e f2
  .                14
004692-004701 StringBlock "NewState"
004702-004709 DataBlock
  M.......         4d 01 00 00 1e 00 00 00
004710-004763 UnicodeBlock "Enemy has become a vassal!"
004764-004786 DataBlock
  ................ 00 00 04 00 00 00 04 00 00 00 00 00 00 00 02 00
  .......          00 00 01 00 00 00 01
004787-004852 UnicodeBlock "title_frame_NewState_Text_290050"
004853-004856 DataBlock
  ....             00 00 00 00
004857-004879 StringBlock "la_gioconda_uppercase"
004880-004895 DataBlock
  ................ 12 00 00 00 01 00 00 00 00 00 00 00 d7 f8 ff ff
004896-004915 StringBlock "fe_section_heading"
004916-004935 DataBlock
  ................ 00 00 00 00 00 00 00 00 00 00 00 00 00 00 00 00
  ....             01 00 00 00
004936-004946 StringBlock "normal_t0"
004947-004962 DataBlock
  ................ 00 00 00 00 00 00 00 00 00 00 00 00 00 00 00 00
004963-004978 StringBlock "drop_shadow_t0"
004979-005014 DataBlock
  .......?...@.... 00 00 00 00 00 00 80 3f 00 00 00 40 00 00 00 00
  ................ 00 00 00 00 00 00 00 00 00 00 00 00 00 00 00 00
  ....             02 00 00 00
005015-005029 StringBlock "dynamic_child"
005030-005032 DataBlock
  ..1              01 00 31
005033-005054 StringBlock "dynamic_child_parent"
005055-005067 StringBlock "panel_title"
005068-005089 DataBlock
  -............... 2d 00 00 00 00 00 00 00 00 00 00 00 00 00 00 00
  ......           00 00 00 00 00 00
005090-005115 StringBlock "square_large_text_button"
005116-005119 DataBlock
  ....             05 00 00 00
005120-005134 StringBlock "smoke_overlay"
005135-005149 StringBlock "smoke_overlay"
005150-005194 DataBlock
  ............@... 00 00 00 00 00 00 00 00 00 c0 00 00 40 c0 00 00
  .C...C....<..... a2 43 00 00 a2 43 05 00 00 00 3c 00 00 00 01 02
  .............    00 00 00 00 00 00 00 00 00 00 00 00 00
005195-005204 StringBlock "NewState"
005205-005220 DataBlock
  ................ 00 00 00 00 00 00 00 00 00 00 00 00 01 00 00 00
005221-005273 ImagePathBlock "ui/skins/default/button_square_large_text_hover.png"
005274-005292 StringBlock "smoke_clip_parent"
005293-005311 StringBlock "smoke_clip_parent"
005312-005356 DataBlock
  ................ 00 00 00 00 00 00 00 00 00 00 00 00 00 c0 00 00
  .C.. B....<..... a2 43 00 00 20 42 05 00 00 00 3c 00 00 00 01 02
  .............    00 00 00 00 00 00 00 00 00 00 00 00 00
005357-005366 StringBlock "NewState"
005367-005382 DataBlock
  ................ 00 00 00 00 00 00 00 00 00 00 00 00 00 00 00 00
005383-005394 StringBlock "button_txt"
005395-005406 StringBlock "button_txt"
005407-005451 DataBlock
  ................ 00 00 00 00 00 00 00 00 00 00 00 00 00 00 00 80
  .C..LB.......... 98 43 00 00 4c 42 05 00 00 00 00 00 00 00 01 03
  .............    00 00 00 00 00 00 00 00 00 00 00 00 00
005452-005459 StringBlock "active"
005460-005519 UnicodeBlock "button_txt_active_Text_6c002f"
005520-005575 UnicodeBlock "Declare war on their master"
005576-005579 DataBlock
  ....             00 00 00 00
005580-005589 StringBlock "inactive"
005590-005649 UnicodeBlock "button_txt_active_Text_6c002f"
005650-005705 UnicodeBlock "Declare war on their master"
005706-005717 DataBlock
  ............     00 00 00 00 00 00 00 00 00 00 00 00
005718-005729 StringBlock "frame_over"
005730-005741 StringBlock "frame_over"
005742-005786 DataBlock
  ................ 00 00 00 00 00 00 00 00 00 00 00 00 00 00 00 00
  .C..LB....<..... be 43 00 00 4c 42 05 00 00 00 3c 00 00 00 01 02
  .............    00 00 00 00 00 00 00 00 00 00 00 00 00
005787-005796 StringBlock "NewState"
005797-005812 DataBlock
  ................ 00 00 00 00 00 00 00 00 00 00 00 00 01 00 00 00
005813-005864 ImagePathBlock "ui/skins/default/button_square_large_text_mask.png"
005865-005866 DataBlock
  ..               00 00
005867-005880 StringBlock "options_bar1"
005881-005882 DataBlock
  ..               00 00
005883-005894 StringBlock "TextButton"
005895-005931 StringBlock "UI_GBL_TMP_Square_Large_Text_Button"
005932-005970 DataBlock
  ......x....C..LB 00 00 00 00 00 00 78 c2 00 00 be 43 00 00 4c 42
  ................ 08 00 00 00 00 00 00 00 01 06 00 00 00 00 00 00
  .......          00 00 00 00 00 00 00
005971-005977 StringBlock "hover"
005978-005985 DataBlock
  ........         00 00 00 00 00 00 00 00
005986-005995 StringBlock "inactive"
005996-006003 DataBlock
  ........         00 00 00 00 00 00 00 00
006004-006011 StringBlock "active"
006012-006019 DataBlock
  ........         00 00 00 00 00 00 00 00
006020-006025 StringBlock "down"
006026-006033 DataBlock
  ........         00 00 00 00 00 00 00 00
006034-006043 StringBlock "down_off"
006044-006059 DataBlock
  ................ 00 00 00 00 00 00 00 00 00 00 00 00 05 00 00 00
006060-006114 ImagePathBlock "ui/skins/default/button_square_large_text_pressed.png"
006115-006168 ImagePathBlock "ui/skins/default/button_square_large_text_active.png"
006169-006221 ImagePathBlock "ui/skins/default/button_square_large_text_hover.png"
006222-006277 ImagePathBlock "ui/skins/default/button_square_large_text_inactive.png"
006278-006333 ImagePathBlock "ui/skins/default/button_square_large_text_underlay.png"
006334-006337 DataBlock
  ....             00 00 00 00
006338-006363 StringBlock "square_large_text_button"
006364-006367 DataBlock
  ....             05 00 00 00
006368-006382 StringBlock "smoke_overlay"
006383-006397 StringBlock "smoke_overlay"
006398-006442 DataBlock
  ............@... 00 00 00 00 00 00 00 00 00 c0 00 00 40 c0 00 00
  .C...C....<..... a2 43 00 00 a2 43 05 00 00 00 3c 00 00 00 01 02
  .............    00 00 00 00 00 00 00 00 00 00 00 00 00
006443-006452 StringBlock "NewState"
006453-006468 DataBlock
  ................ 00 00 00 00 00 00 00 00 00 00 00 00 01 00 00 00
006469-006521 ImagePathBlock "ui/skins/default/button_square_large_text_hover.png"
006522-006540 StringBlock "smoke_clip_parent"
006541-006559 StringBlock "smoke_clip_parent"
006560-006604 DataBlock
  ................ 00 00 00 00 00 00 00 00 00 00 00 00 00 c0 00 00
  .C.. B....<..... a2 43 00 00 20 42 05 00 00 00 3c 00 00 00 01 02
  .............    00 00 00 00 00 00 00 00 00 00 00 00 00
006605-006614 StringBlock "NewState"
006615-006630 DataBlock
  ................ 00 00 00 00 00 00 00 00 00 00 00 00 00 00 00 00
006631-006642 StringBlock "button_txt"
006643-006654 StringBlock "button_txt"
006655-006699 DataBlock
  ................ 00 00 00 00 00 00 00 00 00 00 00 00 00 00 00 80
  .C..LB....2..... 98 43 00 00 4c 42 05 00 00 00 32 00 00 00 01 03
  .............    00 00 00 00 00 00 00 00 00 00 00 00 00
006700-006707 StringBlock "active"
006708-006767 UnicodeBlock "button_txt_active_Text_650054"
006768-006821 UnicodeBlock "Make peace with the vassal"
006822-006825 DataBlock
  ....             00 00 00 00
006826-006835 StringBlock "inactive"
006836-006895 UnicodeBlock "button_txt_active_Text_650054"
006896-006949 UnicodeBlock "Make peace with the vassal"
006950-006961 DataBlock
  ............     00 00 00 00 00 00 00 00 00 00 00 00
006962-006973 StringBlock "frame_over"
006974-006985 StringBlock "frame_over"
006986-007030 DataBlock
  ................ 00 00 00 00 00 00 00 00 00 00 00 00 00 00 00 00
  .C..LB....<..... be 43 00 00 4c 42 05 00 00 00 3c 00 00 00 01 02
  .............    00 00 00 00 00 00 00 00 00 00 00 00 00
007031-007040 StringBlock "NewState"
007041-007056 DataBlock
  ................ 00 00 00 00 00 00 00 00 00 00 00 00 01 00 00 00
007057-007108 ImagePathBlock "ui/skins/default/button_square_large_text_mask.png"
007109-007110 DataBlock
  ..               00 00
007111-007124 StringBlock "options_bar2"
007125-007126 DataBlock
  ..               00 00
007127-007138 StringBlock "TextButton"
007139-007175 StringBlock "UI_GBL_TMP_Square_Large_Text_Button"
007176-007214 DataBlock
  ......@....C..LB 00 00 00 00 00 00 40 c1 00 00 be 43 00 00 4c 42
  ....2........... 08 00 00 00 32 00 00 00 01 06 00 00 00 00 00 00
  .......          00 00 00 00 00 00 00
007215-007221 StringBlock "hover"
007222-007229 DataBlock
  ........         00 00 00 00 00 00 00 00
007230-007239 StringBlock "inactive"
007240-007247 DataBlock
  ........         00 00 00 00 00 00 00 00
007248-007255 StringBlock "active"
007256-007263 DataBlock
  ........         00 00 00 00 00 00 00 00
007264-007269 StringBlock "down"
007270-007277 DataBlock
  ........         00 00 00 00 00 00 00 00
007278-007287 StringBlock "down_off"
007288-007303 DataBlock
  ................ 00 00 00 00 00 00 00 00 00 00 00 00 05 00 00 00
007304-007358 ImagePathBlock "ui/skins/default/button_square_large_text_pressed.png"
007359-007412 ImagePathBlock "ui/skins/default/button_square_large_text_active.png"
007413-007465 ImagePathBlock "ui/skins/default/button_square_large_text_hover.png"
007466-007521 ImagePathBlock "ui/skins/default/button_square_large_text_inactive.png"
007522-007577 ImagePathBlock "ui/skins/default/button_square_large_text_underlay.png"
007578-007587 DataBlock
  ..........       00 00 00 00 00 00 a0 9c ee 14
007588-007597 StringBlock "tx_power"
007598-007662 DataBlock
  ................ 00 00 00 00 0d 00 00 00 f4 00 00 00 01 01 00 00
  ................ 00 00 01 00 00 00 00 01 00 00 00 00 05 00 00 00
  ....0....`...... 00 00 00 00 30 00 00 00 00 60 a0 ee 14 00 00 00
  .............`.. 00 00 00 00 00 00 00 00 00 01 00 00 00 60 a0 ee
  .                14
007663-007672 StringBlock "NewState"
007673-007680 DataBlock
  ....0...         b2 01 00 00 30 00 00 00
007681-007772 UnicodeBlock "Power relations between you and their master:"
007773-007795 DataBlock
  ................ 00 00 04 00 00 00 04 00 00 00 00 00 00 00 00 00
  .......          00 00 01 00 00 00 01
007796-007855 UnicodeBlock "tx_power_NewState_Text_190015"
007856-007859 DataBlock
  ....             00 00 00 00
007860-007872 StringBlock "la_gioconda"
007873-007888 DataBlock
  ................ 0c 00 00 00 01 00 00 00 01 00 00 00 00 00 00 ff
007889-007904 StringBlock "parchment_text"
007905-007924 DataBlock
  ................ 00 00 00 00 00 00 00 00 00 00 00 00 00 00 00 00
  ....             01 00 00 00
007925-007935 StringBlock "normal_t0"
007936-007951 DataBlock
  ................ 00 00 00 00 00 00 00 00 00 00 00 00 00 00 00 00
007952-007962 StringBlock "normal_t0"
007963-008016 DataBlock
  ................ 00 00 00 00 00 00 00 00 00 00 00 00 00 00 00 00
  ................ 00 00 00 00 00 00 00 00 00 00 00 00 00 00 00 00
  ....-........... 00 00 00 00 2d 00 00 00 00 00 00 00 01 00 00 00
  ...P..           00 00 80 50 b7 1e
008017-008038 StringBlock "strength_balance_bar"
008039-008103 DataBlock
  ........&....... 00 00 00 00 ab 00 00 00 26 00 00 00 00 00 00 00
  ................ 00 00 01 00 00 00 00 01 00 00 00 00 01 00 00 00
  ....&....`T..... ab 00 00 00 26 00 00 00 00 60 54 b8 1e 00 00 00
  .............`T. 00 00 00 00 00 00 00 00 00 01 00 00 00 60 54 b8
  .                1e
008104-008113 StringBlock "NewState"
008114-008152 DataBlock
  _............... 5f 00 00 00 14 00 00 00 00 00 00 00 02 00 00 00
  ................ 00 00 00 00 00 00 00 00 01 00 00 00 01 00 00 00
  .......          00 00 00 00 00 00 00
008153-008165 StringBlock "la_gioconda"
008166-008181 DataBlock
  ................ 0a 00 00 00 01 00 00 00 00 00 00 00 00 00 00 ff
008182-008200 StringBlock "ingame_text_small"
008201-008220 DataBlock
  ................ 00 00 00 00 00 00 00 00 00 00 00 00 00 00 00 00
  ....             00 00 00 00
008221-008231 StringBlock "normal_t0"
008232-008247 DataBlock
  ................ 00 00 00 00 00 00 00 00 00 00 00 00 00 00 00 00
008248-008258 StringBlock "normal_t0"
008259-008294 DataBlock
  ................ 00 00 00 00 00 00 00 00 00 00 00 00 00 00 00 00
  ................ 00 00 00 00 00 00 00 00 00 00 00 00 00 00 00 00
  ....             02 00 00 00
008295-008309 StringBlock "dynamic_child"
008310-008312 DataBlock
  ..1              01 00 31
008313-008334 StringBlock "dynamic_child_parent"
008335-008357 DataBlock
  ..row-.......... 03 00 72 6f 77 2d 00 00 00 00 00 00 00 02 00 00
  ... ...          00 00 00 20 fb ba 1a
008358-008364 StringBlock "enemy"
008365-008417 DataBlock
  ................ 00 00 00 00 00 00 00 00 00 00 00 00 01 00 00 00
  ................ 00 00 01 00 00 00 00 01 00 00 00 00 05 00 00 00
  ..........V..... 00 00 00 00 00 00 00 00 00 80 56 b8 1e 02 00 00
  .....            00 00 bb 04 19
008418-008451 ImagePathBlock "ui/skins/default/bop_bar_red.png"
008452-008464 DataBlock
  _........@...    5f 00 00 00 14 00 00 00 00 40 12 0a 19
008465-008503 ImagePathBlock "ui/skins/default/bop_bar_underlay.png"
008504-008528 DataBlock
  _............... 5f 00 00 00 14 00 00 00 00 00 00 00 00 00 00 00
  ......V..        00 01 00 00 00 80 56 b8 1e
008529-008538 StringBlock "NewState"
008539-008577 DataBlock
  _............... 5f 00 00 00 14 00 00 00 00 00 00 00 02 00 00 00
  ................ 00 00 00 00 00 00 00 00 01 00 00 00 01 00 00 00
  .......          00 00 00 00 00 00 00
008578-008590 StringBlock "la_gioconda"
008591-008606 DataBlock
  ................ 0a 00 00 00 01 00 00 00 00 00 00 00 00 00 00 ff
008607-008625 StringBlock "ingame_text_small"
008626-008645 DataBlock
  ................ 00 00 00 00 00 00 00 00 00 00 00 00 00 00 00 00
  ....             00 00 00 00
008646-008656 StringBlock "normal_t0"
008657-008672 DataBlock
  ................ 00 00 00 00 00 00 00 00 00 00 00 00 00 00 00 00
008673-008683 StringBlock "normal_t0"
008684-008945 DataBlock
  ................ 00 00 00 00 00 00 00 00 00 00 00 00 00 00 00 00
  ....@........... 02 00 00 00 40 12 0a 19 00 00 00 00 00 00 00 00
  _............... 5f 00 00 00 14 00 00 00 ff ff ff ff 00 00 00 00
  ................ 00 00 00 00 00 00 00 00 00 00 00 01 01 00 00 00
  ................ 00 00 00 00 00 00 00 00 00 00 00 00 00 00 00 00
  ....?........... 00 00 00 80 3f 00 00 00 00 00 00 00 00 00 00 00
  ................ 00 00 00 00 00 00 00 00 00 00 00 00 00 00 00 00
  ................ 00 00 00 00 00 00 00 00 bb 04 19 00 00 00 00 00
  ..._............ 00 00 00 5f 00 00 00 14 00 00 00 ff ff ff ff 00
  ................ 00 00 00 00 00 00 00 00 00 00 00 00 00 00 00 00
  ................ 00 00 00 00 00 00 00 00 00 00 00 00 00 00 00 00
  .......?........ 00 00 00 00 00 00 80 3f 00 00 00 00 00 00 00 00
  ................ 00 00 00 00 00 00 00 00 00 00 00 00 00 00 00 00
  ................ 00 00 00 00 00 00 00 00 00 00 00 00 00 00 00 00
  ..........-..... 00 00 00 00 00 00 00 00 00 00 2d 00 00 00 00 00
  ................ 00 00 00 00 00 00 00 00 00 00 00 00 00 00 00 00
  ..`...           00 00 60 bb be 1e
008946-008953 StringBlock "player"
008954-009006 DataBlock
  ................ 00 00 00 00 00 00 00 00 00 00 00 00 01 00 00 00
  ................ 00 00 01 00 00 00 00 01 00 00 00 00 04 00 00 00
  ................ 00 00 00 00 00 00 00 00 00 c0 80 90 15 01 00 00
  .....            00 80 fe ba 1a
009007-009043 ImagePathBlock "ui/skins/default/bop_bar_yellow.png"
009044-009068 DataBlock
  _............... 5f 00 00 00 14 00 00 00 00 00 00 00 00 00 00 00
  .........        00 01 00 00 00 c0 80 90 15
009069-009078 StringBlock "NewState"
009079-009117 DataBlock
  /............... 2f 00 00 00 14 00 00 00 00 00 00 00 02 00 00 00
  ................ 00 00 00 00 00 00 00 00 01 00 00 00 01 00 00 00
  .......          00 00 00 00 00 00 00
009118-009130 StringBlock "la_gioconda"
009131-009146 DataBlock
  ................ 0a 00 00 00 01 00 00 00 00 00 00 00 00 00 00 ff
009147-009165 StringBlock "ingame_text_small"
009166-009185 DataBlock
  ................ 00 00 00 00 00 00 00 00 00 00 00 00 00 00 00 00
  ....             00 00 00 00
009186-009196 StringBlock "normal_t0"
009197-009212 DataBlock
  ................ 00 00 00 00 00 00 00 00 00 00 00 00 00 00 00 00
009213-009223 StringBlock "normal_t0"
009224-009366 DataBlock
  ................ 00 00 00 00 00 00 00 00 00 00 00 00 00 00 00 00
  ................ 01 00 00 00 80 fe ba 1a 00 00 00 00 00 00 00 00
  /............... 2f 00 00 00 14 00 00 00 ff ff ff ff 01 00 00 00
  ................ 00 00 00 00 00 00 00 00 00 00 00 01 00 00 00 00
  ................ 00 00 00 00 00 00 00 00 00 00 00 00 00 00 00 00
  ....?........... 00 00 00 80 3f 00 00 00 00 00 00 00 00 00 00 00
  ................ 00 00 00 00 00 00 00 00 00 00 00 00 00 00 00 00
  ................ 00 00 00 00 00 00 00 00 00 00 00 00 00 00 00 00
  .......-.......  00 00 00 00 00 00 00 2d 00 00 00 01 00 00 00
009367-009374 StringBlock "resize"
009375-009440 DataBlock
  ..............(. 00 00 01 00 00 00 00 00 00 00 00 00 00 00 28 00
  ................ 00 00 0b 00 00 00 ff ff ff ff 00 00 00 00 00 00
  ................ 00 00 00 00 00 00 00 00 00 00 00 00 00 00 ff ff
  ................ ff ff ff ff ff ff 90 01 00 00 04 00 00 00 00 00
  .?               80 3f
009441-009455 StringBlock "Quadratic Out"
009456-009503 DataBlock
  ................ 00 00 00 00 00 00 00 00 00 00 00 00 00 00 00 00
  ................ 00 00 00 00 00 00 00 00 00 00 00 00 00 00 00 00
  .............&.. 00 00 00 00 00 00 00 01 00 00 00 00 80 26 06 19
009504-009510 StringBlock "hline"
009511-009563 DataBlock
  ....F........... 00 00 00 00 46 00 00 00 98 00 00 00 01 01 00 00
  ................ 00 00 01 00 00 00 00 01 00 00 00 00 05 00 00 00
  ................ 00 00 00 00 c3 ff ff ff 00 c0 ae 0c 19 01 00 00
  .....            00 c0 08 fe 15
009564-009602 ImagePathBlock "ui/skins/default/separator_skull2.png"
009603-009627 DataBlock
  A............... 41 01 00 00 0e 00 00 00 00 00 00 00 00 00 00 00
  .........        00 01 00 00 00 c0 ae 0c 19
009628-009637 StringBlock "NewState"
009638-009676 DataBlock
  A............... 41 01 00 00 0e 00 00 00 00 00 00 00 02 00 00 00
  ................ 00 00 00 00 00 00 00 00 02 00 00 00 01 00 00 00
  .......          00 00 00 00 00 00 00
009677-009688 StringBlock "Norse-Bold"
009689-009704 DataBlock
  ................ 0a 00 00 00 02 00 00 00 01 00 00 00 dd da fa ff
009705-009727 StringBlock "Default Font Category"
009728-009747 DataBlock
  ................ 00 00 00 00 00 00 00 00 00 00 00 00 00 00 00 00
  ....             01 00 00 00
009748-009758 StringBlock "normal_t0"
009759-009774 DataBlock
  ................ 00 00 00 00 00 00 00 00 00 00 00 00 00 00 00 00
009775-009785 StringBlock "normal_t0"
009786-009943 DataBlock
  ................ 00 00 00 00 00 00 00 00 00 00 00 00 00 00 00 00
  ................ 01 00 00 00 c0 08 fe 15 00 00 00 00 00 00 00 00
  A............... 41 01 00 00 0e 00 00 00 ff ff ff ff 00 00 00 00
  ................ 00 00 00 00 00 00 00 00 00 00 00 01 01 00 00 00
  ................ 00 00 00 00 00 00 00 00 00 00 00 00 00 00 00 00
  ....?........... 00 00 00 80 3f 00 00 00 00 00 00 00 00 00 00 00
  ................ 00 00 00 00 00 00 00 00 00 00 00 00 00 00 00 00
  ................ 00 00 00 00 00 00 00 00 00 00 00 00 00 00 00 00
  .......2........ 00 00 00 00 00 00 00 32 00 00 00 00 00 00 00 00
  ..............   00 00 00 00 00 00 00 00 00 00 00 00 00 00
009944-009965 StringBlock "UI_CAM_POPUP_Generic"
009966-009982 DataBlock
  ................ 00 00 00 00 00 00 00 00 00 00 00 00 00 00 00 00
  .                00
