000000-000009 VersionBlock 106
000010-000013 RootIDBlock 192997376
000014-000019 StringBlock "root"
000020-000099 DataBlock
  ................ 00 00 00 00 00 00 00 00 00 00 00 00 01 01 00 00
  ................ 00 00 01 00 00 00 00 01 00 00 00 00 00 00 00 00
  ................ 00 00 00 00 00 00 00 00 00 00 00 00 00 01 00 00
  ...&............ 00 c0 0e 26 0c 00 00 00 05 00 00 00 04 00 00 00
  ............`.`. 00 00 00 00 00 00 00 00 01 00 00 00 60 a5 60 0e
000100-000109 StringBlock "NewState"
000110-000148 DataBlock
  ................ 00 05 00 00 c0 03 00 00 00 00 00 00 02 00 00 00
  ................ 00 00 00 00 00 00 00 00 01 00 00 00 01 00 00 00
  .......          00 00 00 00 00 00 00
000149-000155 StringBlock "Norse"
000156-000171 DataBlock
  ................ 0a 00 00 00 02 00 00 00 01 00 00 00 dd da fa ff
000172-000194 StringBlock "Default Font Category"
000195-000214 DataBlock
  ................ 00 00 00 00 00 00 00 00 00 00 00 00 00 00 00 00
  ....             01 00 00 00
000215-000225 T0Block "normal_t0"
000226-000241 DataBlock
  ................ 00 00 00 00 00 00 00 00 00 00 00 00 00 00 00 00
000242-000252 T0Block "normal_t0"
000253-000405 DataBlock
  ................ 00 00 00 00 00 00 00 00 00 00 00 00 00 00 00 00
  ......&......... 01 00 00 00 c0 0e 26 0c 00 00 00 00 00 00 00 00
  ............. 00 05 00 00 00 04 00 00 7f 7f 7f ff 00 00 00 00
  ................ 00 00 00 00 00 00 00 00 00 00 00 01 01 00 00 00
  ................ 00 00 00 00 00 00 00 00 00 00 00 00 00 00 00 00
  ....?........... 00 00 00 80 3f 00 00 00 00 00 00 00 00 00 00 00
  ................ 00 00 00 00 00 00 00 00 00 00 00 00 00 00 00 00
  ................ 00 00 00 00 00 00 00 00 00 00 00 00 00 00 00 00
  ................ 00 00 00 00 00 00 00 00 00 00 00 00 00 00 00 01
  .......'#        00 00 00 00 00 00 fe 27 23
000406-000424 StringBlock "missions_dropdown"
000425-000426 DataBlock
  ..               00 00
000427-000444 StringBlock "PanelTabMissions"
000445-000505 DataBlock
  ....&........... c0 04 00 00 26 00 00 00 00 00 00 00 00 00 01 00
  ................ 00 00 00 01 00 00 00 00 03 00 00 00 00 00 00 00
  &....@)v$....... 26 00 00 00 00 40 29 76 24 00 00 00 00 00 00 00
  .........@)v$    00 00 00 00 00 01 00 00 00 40 29 76 24
000506-000515 StringBlock "NewState"
000516-000554 DataBlock
  @...@........... 40 00 00 00 40 00 00 00 00 00 00 00 02 00 00 00
  ................ 00 00 00 00 00 00 00 00 01 00 00 00 01 00 00 00
  .......          00 00 00 00 00 00 00
000555-000567 StringBlock "la_gioconda"
000568-000583 DataBlock
  ................ 0c 00 00 00 01 00 00 00 00 00 00 00 d7 f8 ff ff
000584-000592 StringBlock "fe_text"
000593-000612 DataBlock
  ................ 00 00 00 00 00 00 00 00 00 00 00 00 00 00 00 00
  ....             00 00 00 00
000613-000623 T0Block "normal_t0"
000624-000639 DataBlock
  ................ 00 00 00 00 00 00 00 00 00 00 00 00 00 00 00 00
000640-000650 T0Block "normal_t0"
000651-000686 DataBlock
  ................ 00 00 00 00 00 00 00 00 00 00 00 00 00 00 00 00
  ................ 00 00 00 00 00 00 00 00 00 00 00 00 00 00 00 00
  ....             06 00 00 00
000687-000705 StringBlock "resize_anim_index"
000706-000708 DataBlock
  ..1              01 00 31
000709-000721 StringBlock "base_height"
000722-000726 DataBlock
  ..120            03 00 31 32 30
000727-000739 StringBlock "listview_id"
000740-000750 StringBlock "list_view"
000751-000773 StringBlock "resize_anim_panel_min"
000774-000778 DataBlock
  ..100            03 00 31 30 30
000779-000788 StringBlock "offset_x"
000789-000791 DataBlock
  ..0              01 00 30
000792-000801 StringBlock "offset_y"
000802-000824 DataBlock
  ..-15........... 03 00 2d 31 35 00 00 00 00 00 00 00 00 01 00 00
  ......<          00 00 00 00 bc 1c 3c
000825-000831 StringBlock "panel"
000832-000884 DataBlock
  ................ 00 00 00 00 1e ff ff ff 00 00 00 00 01 01 00 00
  ................ 00 00 01 01 00 00 00 01 00 00 00 00 03 00 00 00
  ................ 00 00 00 00 00 00 00 00 00 00 00 00 00 03 00 00
  ...*#            00 80 a1 2a 23
000885-000924 ImagePathBlock "ui\\skins\\default\\parchment_texture.png"
000925-000937 DataBlock
  ............&    00 01 00 00 00 01 00 00 00 c0 1d 96 26
000938-000984 ImagePathBlock "ui\\skins\\default\\parchment_texture_shadow.png"
000985-000997 DataBlock
  7........@:(4    37 00 00 00 09 00 00 00 00 40 3a 28 34
000998-001045 ImagePathBlock "ui\\skins\\default\\parchment_texture_v_rolls.png"
001046-001070 DataBlock
  ................ 0e 01 00 00 08 01 00 00 00 00 00 00 00 00 00 00
  ........4        00 01 00 00 00 c0 b0 ab 34
001071-001080 StringBlock "NewState"
001081-001119 DataBlock
  "............... 22 01 00 00 85 02 00 00 00 00 00 00 04 00 00 00
  ................ 04 00 00 00 00 00 00 00 01 00 00 00 01 00 00 00
  .......          00 00 00 00 00 00 00
001120-001132 StringBlock "la_gioconda"
001133-001148 DataBlock
  ................ 0c 00 00 00 01 00 00 00 00 00 00 00 d7 f8 ff ff
001149-001157 StringBlock "fe_text"
001158-001177 DataBlock
  ................ 00 00 00 00 00 00 00 00 00 00 00 00 00 00 00 00
  ....             01 00 01 00
001178-001188 T0Block "normal_t0"
001189-001204 DataBlock
  ................ 00 00 00 00 00 00 00 00 00 00 00 00 00 00 00 00
001205-001215 T0Block "normal_t0"
001216-001556 DataBlock
  ................ 00 00 00 00 00 00 00 00 00 00 00 00 00 00 00 00
  ......*#........ 03 00 00 00 80 a1 2a 23 00 00 00 00 00 00 00 00
  "............... 22 01 00 00 85 02 00 00 ff ff ff ff 01 00 00 00
  ................ 00 00 00 00 00 00 00 00 00 00 00 01 01 00 00 00
  ................ 00 00 00 00 00 00 00 00 00 00 00 00 00 00 00 00
  ....?........... 00 00 00 80 3f 00 00 00 00 00 00 00 00 00 00 00
  .........HB..HB. 00 00 00 00 00 00 00 00 00 48 42 00 00 48 42 00
  .HB..HB...&..... 00 48 42 00 00 48 42 c0 1d 96 26 0f 00 00 00 08
  ................ 00 00 00 03 01 00 00 09 00 00 00 ff ff ff 00 01
  ................ 00 00 02 00 00 00 00 00 00 00 08 00 00 00 01 00
  ................ 00 00 00 00 00 00 00 00 00 00 00 00 00 00 00 00
  .......?........ 00 00 00 00 00 00 80 3f 00 00 00 00 00 00 00 00
  ................ 00 00 00 00 00 00 00 00 00 00 00 00 00 00 00 00
  pA......pA@:(4.. 70 41 00 00 00 00 00 00 70 41 40 3a 28 34 f9 ff
  ......0......... ff ff fe ff ff ff 30 01 00 00 8a 02 00 00 ff ff
  ................ ff ff 01 00 00 02 00 00 00 00 00 00 00 fe ff ff
  ................ ff 01 01 00 00 00 00 00 00 00 00 00 00 00 00 00
  ..........?..... 00 00 00 00 00 00 00 00 00 80 3f 00 00 00 00 00
  ................ 00 00 00 00 00 00 00 00 00 00 00 00 00 00 00 a0
  B...B...B...B... 42 00 00 a0 42 00 00 a0 42 00 00 a0 42 00 00 00
  .............-.. 00 00 00 00 00 00 00 00 00 00 00 00 00 2d 00 00
  .....            00 02 00 00 00
001557-001562 StringBlock "show"
001563-001628 DataBlock
  ................ 01 00 02 00 00 00 00 00 af c3 00 00 00 00 17 01
  ..2............. 00 00 32 00 00 00 ff ff ff ff 00 00 00 00 00 00
  ................ 00 00 00 00 00 00 00 00 00 00 00 00 00 00 ff ff
  ................ ff ff ff ff ff ff 00 00 00 00 04 00 00 00 00 00
  .?               80 3f
001629-001636 StringBlock "Linear"
001637-001648 DataBlock
  .......<....     01 00 00 00 00 bc 1c 3c 00 00 00 00
001649-001665 StringBlock "Visibility true"
001666-001731 DataBlock
  ................ 00 00 00 00 00 00 00 00 af c3 00 00 00 00 17 01
  ..,............. 00 00 2c 01 00 00 ff ff ff ff 00 00 00 00 00 00
  ................ 00 00 00 00 00 00 00 00 00 00 00 00 00 00 ff ff
  ................ ff ff ff ff ff ff c8 00 00 00 04 00 00 00 00 00
  .?               80 3f
001732-001745 StringBlock "Quadratic In"
001746-001755 DataBlock
  ..........       00 00 00 00 00 00 00 00 00 00
001756-001761 StringBlock "hide"
001762-001827 DataBlock
  .........C...... 01 00 02 00 00 00 00 00 af 43 00 00 00 00 17 01
  ................ 00 00 14 00 00 00 ff ff ff ff 00 00 00 00 00 00
  ................ 00 00 00 00 00 00 00 00 00 00 00 00 00 00 ff ff
  ................ ff ff ff ff ff ff 00 00 00 00 00 00 00 00 00 00
  .?               80 3f
001828-001841 StringBlock "Quadratic In"
001842-001911 DataBlock
  .............C.. 00 00 00 00 00 00 00 00 00 00 00 00 af 43 00 00
  ......2......... 00 00 17 01 00 00 32 00 00 00 ff ff ff ff 00 00
  ................ 00 00 00 00 00 00 00 00 00 00 00 00 00 00 00 00
  ................ 00 00 ff ff ff ff ff ff ff ff c8 00 00 00 04 00
  .....?           00 00 00 00 80 3f
001912-001919 StringBlock "Linear"
001920-001931 DataBlock
  .......<....     01 00 00 00 00 bc 1c 3c 00 00 00 00
001932-001949 StringBlock "Visibility false"
001950-001965 DataBlock
  ...............# 00 00 00 00 00 00 03 00 00 00 00 00 00 fb dc 23
001966-001977 StringBlock "panel_clip"
001978-002042 DataBlock
  ................ 00 00 00 00 00 00 00 00 00 00 00 00 00 00 00 00
  ................ 00 00 01 01 00 00 00 01 00 00 00 00 02 00 00 00
  .........@.-#... 00 00 00 00 00 00 00 00 00 40 11 2d 23 00 00 00
  .............@.- 00 00 00 00 00 00 00 00 00 01 00 00 00 40 11 2d
  #                23
002043-002052 StringBlock "NewState"
002053-002091 DataBlock
  "............... 22 01 00 00 85 02 00 00 00 00 00 00 02 00 00 00
  ................ 00 00 00 00 00 00 00 00 01 00 00 00 01 00 00 00
  .......          00 00 00 00 00 00 00
002092-002104 StringBlock "la_gioconda"
002105-002120 DataBlock
  ................ 0c 00 00 00 01 00 00 00 00 00 00 00 d7 f8 ff ff
002121-002129 StringBlock "fe_text"
002130-002149 DataBlock
  ................ 00 00 00 00 00 00 00 00 00 00 00 00 00 00 00 00
  ....             00 00 00 00
002150-002160 T0Block "normal_t0"
002161-002176 DataBlock
  ................ 00 00 00 00 00 00 00 00 00 00 00 00 00 00 00 00
002177-002187 T0Block "normal_t0"
002188-002241 DataBlock
  ................ 00 00 00 00 00 00 00 00 00 00 00 00 00 00 00 00
  ................ 00 00 00 00 00 00 00 00 00 00 00 00 00 00 00 00
  ....-........... 00 00 00 00 2d 00 00 00 00 00 00 00 01 00 00 00
  ..@..*           00 00 40 f9 cd 2a
002242-002252 StringBlock "list_view"
002253-002254 DataBlock
  ..               00 00
002255-002264 StringBlock "Listview"
002265-002325 DataBlock
  ....F........... 0a 00 00 00 46 00 00 00 01 01 00 00 00 00 01 00
  ................ 00 00 00 01 00 00 00 00 01 00 00 00 0a 00 00 00
  F............... 46 00 00 00 00 00 00 00 00 00 00 00 00 00 00 00
  ............#    00 00 00 00 00 01 00 00 00 00 f3 2e 23
002326-002335 StringBlock "NewState"
002336-002374 DataBlock
  ................ 0e 01 00 00 c2 01 00 00 00 00 00 00 02 00 00 00
  ................ 00 00 00 00 00 00 00 00 01 00 00 00 01 00 00 00
  .......          00 00 00 00 00 00 00
002375-002387 StringBlock "la_gioconda"
002388-002403 DataBlock
  ................ 0c 00 00 00 01 00 00 00 00 00 00 00 d7 f8 ff ff
002404-002412 StringBlock "fe_text"
002413-002432 DataBlock
  ................ 00 00 00 00 00 00 00 00 00 00 00 00 00 00 00 00
  ....             01 00 00 00
002433-002443 T0Block "normal_t0"
002444-002459 DataBlock
  ................ 00 00 00 00 00 00 00 00 00 00 00 00 00 00 00 00
002460-002470 T0Block "normal_t0"
002471-002518 DataBlock
  ................ 00 00 00 00 00 00 00 00 00 00 00 00 00 00 00 00
  ................ 00 00 00 00 00 00 00 00 00 00 00 00 00 00 00 00
  ....-........... 00 00 00 00 2d 00 00 00 00 00 00 00 02 00 00 00
002519-002545 StringBlock "parchment_slider_vertical"
002546-002549 DataBlock
  ....             06 00 00 00
002550-002563 StringBlock "frame_bottom"
002564-002577 StringBlock "frame_bottom"
002578-002622 DataBlock
  .........?...B.. 00 00 00 00 00 00 00 00 80 3f 00 00 10 42 00 00
  .A...B....-..... 98 41 00 00 14 42 08 00 00 00 2d 00 00 00 01 02
  .............    00 00 00 00 00 00 00 00 00 00 00 00 00
002623-002632 StringBlock "NewState"
002633-002648 DataBlock
  ................ 00 00 00 00 00 00 00 00 00 00 00 00 01 00 00 00
002649-002693 ImagePathBlock "ui\\skins\\default\\slider_vertical_bottom.png"
002694-002705 DataBlock
  ..top..top..     03 00 74 6f 70 03 00 74 6f 70 00 00
002706-002728 StringBlock "SliderDecrementButton"
002729-002754 StringBlock "UI_GBL_TMP_Slider_Arrows"
002755-002793 DataBlock
  ..@@......pA...A 00 00 40 40 00 00 04 c2 00 00 70 41 00 00 b0 41
  ....<........... 01 00 00 00 3c 00 00 00 01 06 00 00 00 00 00 00
  .......          00 00 00 00 00 00 00
002794-002800 StringBlock "hover"
002801-002808 DataBlock
  ........         00 00 00 00 00 00 00 00
002809-002818 StringBlock "inactive"
002819-002826 DataBlock
  ........         00 00 00 00 00 00 00 00
002827-002834 StringBlock "active"
002835-002842 DataBlock
  ........         00 00 00 00 00 00 00 00
002843-002848 StringBlock "down"
002849-002856 DataBlock
  ........         00 00 00 00 00 00 00 00
002857-002866 StringBlock "down_off"
002867-002878 DataBlock
  ............     00 00 00 00 00 00 00 00 01 00 00 00
002879-002888 StringBlock "stepSize"
002889-002896 DataBlock
  ..10....         02 00 31 30 03 00 00 00
002897-002945 ImagePathBlock "ui\\skins\\default\\slider_vertical_top_active.png"
002946-002995 ImagePathBlock "ui\\skins\\default\\slider_vertical_top_pressed.png"
002996-003043 ImagePathBlock "ui\\skins\\default\\slider_vertical_top_hover.png"
003044-003054 StringBlock "frame_top"
003055-003065 StringBlock "frame_top"
003066-003110 DataBlock
  .........?...... 00 00 00 00 00 00 00 00 80 3f 00 00 08 c2 00 00
  .A...B....-..... a0 41 00 00 10 42 02 00 00 00 2d 00 00 00 01 02
  .............    00 00 00 00 00 00 00 00 00 00 00 00 00
003111-003120 StringBlock "NewState"
003121-003136 DataBlock
  ................ 00 00 00 00 00 00 00 00 00 00 00 00 01 00 00 00
003137-003178 ImagePathBlock "ui\\skins\\default\\slider_vertical_top.png"
003179-003186 StringBlock "handle"
003187-003194 StringBlock "handle"
003195-003196 DataBlock
  ..               00 00
003197-003211 StringBlock "VSliderHandle"
003212-003237 StringBlock "UI_GBL_TMP_Slider_Handle"
003238-003276 DataBlock
  ...@...@...A...B 00 00 00 40 00 00 c0 40 00 00 90 41 00 00 1c 42
  ....<........... 00 00 00 00 3c 00 00 00 01 05 00 00 00 00 00 00
  .......          00 00 00 00 00 00 00
003277-003283 StringBlock "hover"
003284-003291 DataBlock
  ........         00 00 00 00 00 00 00 00
003292-003301 StringBlock "inactive"
003302-003309 DataBlock
  ........         00 00 00 00 00 00 00 00
003310-003317 StringBlock "active"
003318-003325 DataBlock
  ........         00 00 00 00 00 00 00 00
003326-003335 StringBlock "down_off"
003336-003347 DataBlock
  ............     00 00 00 00 00 00 00 00 01 00 00 00
003348-003357 StringBlock "min_size"
003358-003365 DataBlock
  ..39....         02 00 33 39 02 00 00 00
003366-003410 ImagePathBlock "ui\\skins\\default\\slider_vertical_handle.png"
003411-003464 ImagePathBlock "ui\\skins\\default\\slider_vertical_handle_underlay.png"
003465-003472 StringBlock "bottom"
003473-003480 StringBlock "bottom"
003481-003482 DataBlock
  ..               00 00
003483-003505 StringBlock "SliderIncrementButton"
003506-003531 StringBlock "UI_GBL_TMP_Slider_Arrows"
003532-003570 DataBlock
  ..@@...B..pA...A 00 00 40 40 00 00 00 42 00 00 70 41 00 00 b0 41
  ....<........... 07 00 00 00 3c 00 00 00 01 06 00 00 00 00 00 00
  .......          00 00 00 00 00 00 00
003571-003577 StringBlock "hover"
003578-003585 DataBlock
  ........         00 00 00 00 00 00 00 00
003586-003595 StringBlock "inactive"
003596-003603 DataBlock
  ........         00 00 00 00 00 00 00 00
003604-003611 StringBlock "active"
003612-003619 DataBlock
  ........         00 00 00 00 00 00 00 00
003620-003625 StringBlock "down"
003626-003633 DataBlock
  ........         00 00 00 00 00 00 00 00
003634-003643 StringBlock "down_off"
003644-003655 DataBlock
  ............     00 00 00 00 00 00 00 00 01 00 00 00
003656-003665 StringBlock "stepSize"
003666-003673 DataBlock
  ..10....         02 00 31 30 03 00 00 00
003674-003725 ImagePathBlock "ui\\skins\\default\\slider_vertical_bottom_active.png"
003726-003778 ImagePathBlock "ui\\skins\\default\\slider_vertical_bottom_pressed.png"
003779-003829 ImagePathBlock "ui\\skins\\default\\slider_vertical_bottom_hover.png"
003830-003831 DataBlock
  ..               00 00
003832-003840 StringBlock "vslider"
003841-003842 DataBlock
  ..               00 00
003843-003851 StringBlock "VSlider"
003852-003892 DataBlock
  .....@.......A.. 00 00 00 00 80 40 00 00 00 00 00 00 a0 41 00 00
  .C....-......... be 43 06 00 00 00 2d 00 00 00 01 03 00 00 00 00
  .........        00 00 00 00 00 00 00 00 00
003893-003900 StringBlock "active"
003901-003908 DataBlock
  ........         00 00 00 00 00 00 00 00
003909-003918 StringBlock "inactive"
003919-003930 DataBlock
  ............     00 00 00 00 00 00 00 00 04 00 00 00
003931-003937 StringBlock "Value"
003938-003940 DataBlock
  ..0              01 00 30
003941-003950 StringBlock "minValue"
003951-003953 DataBlock
  ..0              01 00 30
003954-003963 StringBlock "maxValue"
003964-003968 DataBlock
  ..100            03 00 31 30 30
003969-003976 StringBlock "Notify"
003977-003982 DataBlock
  ......           00 00 01 00 00 00
003983-004024 ImagePathBlock "ui\\skins\\default\\slider_vertical_mid.png"
004025-004034 DataBlock
  .........$       00 00 00 00 00 00 00 09 96 24
004035-004045 StringBlock "list_clip"
004046-004110 DataBlock
  ................ 00 00 00 00 05 00 00 00 00 00 00 00 01 01 00 00
  ................ 00 00 01 01 00 00 00 01 00 00 00 00 02 00 00 00
  ................ 00 00 00 00 00 00 00 00 00 00 00 00 00 00 00 00
  ................ 00 00 00 00 00 00 00 00 00 01 00 00 00 00 e7 fc
  &                26
004111-004120 StringBlock "NewState"
004121-004159 DataBlock
  ................ 04 01 00 00 c2 01 00 00 00 00 00 00 02 00 00 00
  ................ 00 00 00 00 00 00 00 00 01 00 00 00 01 00 00 00
  .......          00 00 00 00 00 00 00
004160-004172 StringBlock "la_gioconda"
004173-004188 DataBlock
  ................ 0c 00 00 00 01 00 00 00 00 00 00 00 d7 f8 ff ff
004189-004197 StringBlock "fe_text"
004198-004217 DataBlock
  ................ 00 00 00 00 00 00 00 00 00 00 00 00 00 00 00 00
  ....             00 00 00 00
004218-004237 StringBlock "border_alpha_blend"
004238-004253 DataBlock
  ...... A...... A 00 00 00 00 00 00 20 41 00 00 00 00 00 00 20 41
004254-004264 T0Block "normal_t0"
004265-004318 DataBlock
  ................ 00 00 00 00 00 00 00 00 00 00 00 00 00 00 00 00
  ................ 00 00 00 00 00 00 00 00 00 00 00 00 00 00 00 00
  ....-........... 00 00 00 00 2d 00 00 00 00 00 00 00 02 00 00 00
  .....$           00 00 00 88 9a 24
004319-004328 StringBlock "list_box"
004329-004330 DataBlock
  ..               00 00
004331-004336 StringBlock "List"
004337-004397 DataBlock
  ................ 00 00 00 00 00 00 00 00 01 01 00 00 00 00 01 00
  ................ 00 00 00 01 00 00 00 00 01 00 00 00 00 00 00 00
  ................ 00 00 00 00 00 00 00 00 00 00 00 00 00 00 00 00
  ..........T #    00 00 00 00 00 01 00 00 00 c0 54 20 23
004398-004407 StringBlock "NewState"
004408-004446 DataBlock
  ....(........... f0 00 00 00 28 00 00 00 00 00 00 00 02 00 00 00
  ................ 00 00 00 00 00 00 00 00 01 00 00 00 01 00 00 00
  .......          00 00 00 00 00 00 00
004447-004459 StringBlock "la_gioconda"
004460-004475 DataBlock
  ................ 0c 00 00 00 01 00 00 00 00 00 00 00 d7 f8 ff ff
004476-004484 StringBlock "fe_text"
004485-004504 DataBlock
  ................ 00 00 00 00 00 00 00 00 00 00 00 00 00 00 00 00
  ....             00 00 00 00
004505-004515 T0Block "normal_t0"
004516-004531 DataBlock
  ................ 00 00 00 00 00 00 00 00 00 00 00 00 00 00 00 00
004532-004542 T0Block "normal_t0"
004543-004578 DataBlock
  ................ 00 00 00 00 00 00 00 00 00 00 00 00 00 00 00 00
  ................ 00 00 00 00 00 00 00 00 00 00 00 00 00 00 00 00
  ....             01 00 00 00
004579-004592 StringBlock "disable_keys"
004593-004613 DataBlock
  ..1-............ 01 00 31 2d 00 00 00 00 00 00 00 01 00 00 00 00
  ..R3#            00 80 52 33 23
004614-004625 StringBlock "row_header"
004626-004627 DataBlock
  ..               00 00
004628-004648 StringBlock "ExpandingListHeader"
004649-004697 DataBlock
  ................ 00 00 00 00 00 00 00 00 01 00 00 00 00 00 01 00
  ................ 00 00 00 01 00 00 00 00 00 00 00 00 00 00 00 00
  .......3#.....Wy 00 00 00 00 00 00 91 33 23 0a 00 00 00 c0 57 79
  $                24
004698-004750 ImagePathBlock "ui\\skins\\default\\parchment_button_square_active.png"
004751-004763 DataBlock
  .............    88 00 00 00 88 00 00 00 00 c0 bd f8 1b
004764-004806 ImagePathBlock "ui\\skins\\default\\parchment_header_min.png"
004807-004819 DataBlock
  ............;    19 00 00 00 1a 00 00 00 00 80 fe d4 3b
004820-004862 ImagePathBlock "ui\\skins\\default\\parchment_header_max.png"
004863-004875 DataBlock
  ............#    19 00 00 00 1a 00 00 00 00 80 cd 1d 23
004876-004927 ImagePathBlock "ui\\skins\\default\\parchment_button_square_hover.png"
004928-004940 DataBlock
  .........`...    88 00 00 00 88 00 00 00 00 60 f8 f8 1b
004941-005001 ImagePathBlock "ui\\skins\\default\\parchment_button_square_selected_hover.png"
005002-005014 DataBlock
  ............$    88 00 00 00 88 00 00 00 00 c0 e5 2e 24
005015-005068 ImagePathBlock "ui\\skins\\default\\parchment_button_square_pressed.png"
005069-005081 DataBlock
  ..........0&#    88 00 00 00 88 00 00 00 00 c0 30 26 23
005082-005136 ImagePathBlock "ui\\skins\\default\\parchment_button_square_selected.png"
005137-005149 DataBlock
  ............$    88 00 00 00 88 00 00 00 00 00 f8 2e 24
005150-005213 ImagePathBlock "ui\\skins\\default\\parchment_button_square_selected_inactive.png"
005214-005226 DataBlock
  ...........&#    88 00 00 00 88 00 00 00 00 c0 d6 26 23
005227-005281 ImagePathBlock "ui\\skins\\default\\parchment_button_square_inactive.png"
005282-005294 DataBlock
  ............<    88 00 00 00 88 00 00 00 00 c0 8b 03 3c
005295-005357 ImagePathBlock "ui\\skins\\default\\parchment_button_square_selected_pressed.png"
005358-005382 DataBlock
  ................ 88 00 00 00 88 00 00 00 00 00 00 00 00 00 00 00
  ........$        00 0a 00 00 00 80 ec 99 24
005383-005389 StringBlock "hover"
005390-005428 DataBlock
  ....(........... f0 00 00 00 28 00 00 00 00 00 00 00 02 00 00 00
  ................ 00 00 00 00 00 00 00 00 01 00 00 00 01 00 00 00
  .......          00 00 00 00 00 00 00
005429-005441 StringBlock "la_gioconda"
005442-005457 DataBlock
  ................ 0c 00 00 00 01 00 00 00 00 00 00 00 d7 f8 ff ff
005458-005466 StringBlock "fe_text"
005467-005486 DataBlock
  ................ 00 00 00 00 00 00 00 00 00 00 00 00 00 00 00 00
  ....             01 00 00 00
005487-005499 T0Block "brighten_t0"
005500-005515 DataBlock
  ...?............ 00 00 00 3f 00 00 00 00 00 00 00 00 00 00 00 00
005516-005526 T0Block "normal_t0"
005527-005998 DataBlock
  ...>............ 9a 99 99 3e 00 00 00 00 00 00 00 00 00 00 00 00
  .....Wy$........ 04 00 00 00 c0 57 79 24 00 00 00 00 00 00 00 00
  ....(........... f0 00 00 00 28 00 00 00 ff ff ff ff 01 00 00 00
  ................ 00 00 00 00 00 00 00 00 00 00 00 01 01 00 00 00
  ................ 00 00 00 00 00 00 00 00 00 00 00 00 00 00 00 00
  ....?........... 00 00 00 80 3f 00 00 00 00 00 00 00 00 00 00 00
  ......... A.. A. 00 00 00 00 00 00 00 00 00 20 41 00 00 20 41 00
  . A.. A.Wy$..... 00 20 41 00 00 20 41 c0 57 79 24 00 00 00 00 00
  .......(........ 00 00 00 f0 00 00 00 28 00 00 00 ff ff ff 00 01
  ................ 00 00 00 00 00 00 00 00 00 00 00 00 00 00 01 01
  ................ 00 00 00 00 00 00 00 00 00 00 00 00 00 00 00 00
  .......?........ 00 00 00 00 00 00 80 3f 00 00 00 00 00 00 00 00
  ............ A.. 00 00 00 00 00 00 00 00 00 00 00 00 20 41 00 00
   A.. A.. A...#.. 20 41 00 00 20 41 00 00 20 41 80 cd 1d 23 00 00
  ..........(..... 00 00 00 00 00 00 f0 00 00 00 28 00 00 00 ff ff
  ................ ff ff 01 00 00 00 00 00 00 00 00 00 00 00 00 00
  ................ 00 01 01 00 00 00 00 00 00 00 00 00 00 00 00 00
  ..........?..... 00 00 00 00 00 00 00 00 00 80 3f 00 00 00 00 00
  ...............  00 00 00 00 00 00 00 00 00 00 00 00 00 00 00 20
  A.. A.. A.. A... 41 00 00 20 41 00 00 20 41 00 00 20 41 c0 bd f8
  ................ 1b 0a 00 00 00 07 00 00 00 19 00 00 00 1a 00 00
  ................ 00 ff ff ff ff 00 00 00 04 00 00 00 0a 00 00 00
  ................ 00 00 00 00 00 00 00 00 00 00 00 00 00 00 00 00
  .............?.. 00 00 00 00 00 00 00 00 00 00 00 00 80 3f 00 00
  ................ 00 00 00 00 00 00 00 00 00 00 00 00 00 00 00 00
  ................ 00 00 00 00 00 00 00 00 00 00 00 00 00 00 00 00
  ....~........... 89 00 00 00 7e 00 00 00 02 00 00 00 01 00 00 00
  @X.*....@....... 40 58 ef 2a c8 00 00 00 40 00 00 00 00 00 00 00
  ......+=........ 02 00 00 00 00 1d 2b 3d 00 00 00 00 00 00 00 00
  .....BX9         00 00 00 00 c0 42 58 39
005999-006017 StringBlock "selected_down_off"
006018-006056 DataBlock
  ....(........... f0 00 00 00 28 00 00 00 00 00 00 00 02 00 00 00
  ................ 00 00 00 00 00 00 00 00 01 00 00 00 01 00 00 00
  .......          00 00 00 00 00 00 00
006057-006069 StringBlock "la_gioconda"
006070-006085 DataBlock
  ................ 0c 00 00 00 01 00 00 00 00 00 00 00 d7 f8 ff ff
006086-006094 StringBlock "fe_text"
006095-006114 DataBlock
  ................ 00 00 00 00 00 00 00 00 00 00 00 00 00 00 00 00
  ....             01 00 00 00
006115-006125 T0Block "normal_t0"
006126-006141 DataBlock
  ................ 00 00 00 00 00 00 00 00 00 00 00 00 00 00 00 00
006142-006152 T0Block "normal_t0"
006153-006426 DataBlock
  ................ 00 00 00 00 00 00 00 00 00 00 00 00 00 00 00 00
  .....0&#........ 02 00 00 00 c0 30 26 23 00 00 00 00 00 00 00 00
  ....(........... f0 00 00 00 28 00 00 00 ff ff ff ff 01 00 00 00
  ................ 00 00 00 00 00 00 00 00 00 00 00 01 01 00 00 00
  ................ 00 00 00 00 00 00 00 00 00 00 00 00 00 00 00 00
  ....?........... 00 00 00 80 3f 00 00 00 00 00 00 00 00 00 00 00
  .........pA..pA. 00 00 00 00 00 00 00 00 00 70 41 00 00 70 41 00
  .pA..pA...;..... 00 70 41 00 00 70 41 80 fe d4 3b 0a 00 00 00 07
  ................ 00 00 00 19 00 00 00 1a 00 00 00 ff ff ff ff 00
  ................ 00 00 04 00 00 00 0a 00 00 00 00 00 00 00 00 00
  ................ 00 00 00 00 00 00 00 00 00 00 00 00 00 00 00 00
  .......?........ 00 00 00 00 00 00 80 3f 00 00 00 00 00 00 00 00
  ................ 00 00 00 00 00 00 00 00 00 00 00 00 00 00 00 00
  ................ 00 00 00 00 00 00 00 00 00 00 80 01 00 00 15 00
  ..........@.$#.. 00 00 02 00 00 00 00 00 00 00 40 df 24 23 c8 00
  ..@............. 00 00 40 00 00 00 00 00 00 00 08 00 00 00 00 91
  3#............@X 33 23 00 00 00 00 00 00 00 00 00 00 00 00 40 58
  .*               ef 2a
006427-006434 StringBlock "active"
006435-006473 DataBlock
  ....(........... f0 00 00 00 28 00 00 00 00 00 00 00 02 00 00 00
  ................ 00 00 00 00 00 00 00 00 01 00 00 00 01 00 00 00
  .......          00 00 00 00 00 00 00
006474-006486 StringBlock "la_gioconda"
006487-006502 DataBlock
  ................ 0c 00 00 00 01 00 00 00 00 00 00 00 d7 f8 ff ff
006503-006511 StringBlock "fe_text"
006512-006531 DataBlock
  ................ 00 00 00 00 00 00 00 00 00 00 00 00 00 00 00 00
  ....             01 00 00 00
006532-006544 T0Block "brighten_t0"
006545-006560 DataBlock
  ................ 00 00 00 00 00 00 00 00 00 00 00 00 00 00 00 00
006561-006571 T0Block "normal_t0"
006572-007023 DataBlock
  ................ 00 00 00 00 00 00 00 00 00 00 00 00 00 00 00 00
  .....Wy$........ 04 00 00 00 c0 57 79 24 00 00 00 00 00 00 00 00
  ....(........... f0 00 00 00 28 00 00 00 ff ff ff ff 01 00 00 00
  ................ 00 00 00 00 00 00 00 00 00 00 00 01 01 00 00 00
  ................ 00 00 00 00 00 00 00 00 00 00 00 00 00 00 00 00
  ....?........... 00 00 00 80 3f 00 00 00 00 00 00 00 00 00 00 00
  ......... A.. A. 00 00 00 00 00 00 00 00 00 20 41 00 00 20 41 00
  . A.. A.Wy$..... 00 20 41 00 00 20 41 c0 57 79 24 00 00 00 00 00
  .......(........ 00 00 00 f0 00 00 00 28 00 00 00 ff ff ff ff 01
  ................ 00 00 00 00 00 00 00 00 00 00 00 00 00 00 01 01
  ................ 00 00 00 00 00 00 00 00 00 00 00 00 00 00 00 00
  .......?........ 00 00 00 00 00 00 80 3f 00 00 00 00 00 00 00 00
  ............ A.. 00 00 00 00 00 00 00 00 00 00 00 00 20 41 00 00
   A.. A.. A...#.. 20 41 00 00 20 41 00 00 20 41 80 cd 1d 23 00 00
  ..........(..... 00 00 00 00 00 00 f0 00 00 00 28 00 00 00 ff ff
  ................ ff 00 01 00 00 00 00 00 00 00 00 00 00 00 00 00
  ................ 00 01 01 00 00 00 00 00 00 00 00 00 00 00 00 00
  ..........?..... 00 00 00 00 00 00 00 00 00 80 3f 00 00 00 00 00
  ...............  00 00 00 00 00 00 00 00 00 00 00 00 00 00 00 20
  A.. A.. A.. A... 41 00 00 20 41 00 00 20 41 00 00 20 41 c0 bd f8
  ................ 1b 0a 00 00 00 07 00 00 00 19 00 00 00 1a 00 00
  ................ 00 ff ff ff ff 00 00 00 04 00 00 00 0a 00 00 00
  ................ 00 00 00 00 00 00 00 00 00 00 00 00 00 00 00 00
  .............?.. 00 00 00 00 00 00 00 00 00 00 00 00 80 3f 00 00
  ................ 00 00 00 00 00 00 00 00 00 00 00 00 00 00 00 00
  ................ 00 00 00 00 00 00 00 00 00 00 00 00 00 00 00 00
  ................ 14 00 00 00 18 00 00 00 01 00 00 00 00 00 00 00
  ...$....@....... 80 ec 99 24 c8 00 00 00 40 00 00 00 00 00 00 00
  ...$             c0 80 9a 24
007024-007039 StringBlock "selected_hover"
007040-007078 DataBlock
  ....(........... f0 00 00 00 28 00 00 00 00 00 00 00 02 00 00 00
  ................ 00 00 00 00 00 00 00 00 01 00 00 00 01 00 00 00
  .......          00 00 00 00 00 00 00
007079-007091 StringBlock "la_gioconda"
007092-007107 DataBlock
  ................ 0c 00 00 00 01 00 00 00 00 00 00 00 d7 f8 ff ff
007108-007116 StringBlock "fe_text"
007117-007136 DataBlock
  ................ 00 00 00 00 00 00 00 00 00 00 00 00 00 00 00 00
  ....             01 00 00 00
007137-007149 T0Block "brighten_t0"
007150-007165 DataBlock
  ...?............ 00 00 00 3f 00 00 00 00 00 00 00 00 00 00 00 00
007166-007176 T0Block "normal_t0"
007177-007648 DataBlock
  ...>............ 9a 99 99 3e 00 00 00 00 00 00 00 00 00 00 00 00
  .....0&#........ 04 00 00 00 c0 30 26 23 00 00 00 00 00 00 00 00
  ....(........... f0 00 00 00 28 00 00 00 ff ff ff ff 01 00 00 00
  ................ 00 00 00 00 00 00 00 00 00 00 00 01 01 00 00 00
  ................ 00 00 00 00 00 00 00 00 00 00 00 00 00 00 00 00
  ....?........... 00 00 00 80 3f 00 00 00 00 00 00 00 00 00 00 00
  .........pA..pA. 00 00 00 00 00 00 00 00 00 70 41 00 00 70 41 00
  .pA..pA.0&#..... 00 70 41 00 00 70 41 c0 30 26 23 00 00 00 00 00
  .......(........ 00 00 00 f0 00 00 00 28 00 00 00 ff ff ff 00 01
  ................ 00 00 00 00 00 00 00 00 00 00 00 00 00 00 01 01
  ................ 00 00 00 00 00 00 00 00 00 00 00 00 00 00 00 00
  .......?........ 00 00 00 00 00 00 80 3f 00 00 00 00 00 00 00 00
  ............pA.. 00 00 00 00 00 00 00 00 00 00 00 00 70 41 00 00
  pA..pA..pA`..... 70 41 00 00 70 41 00 00 70 41 60 f8 f8 1b 00 00
  ..........(..... 00 00 00 00 00 00 f0 00 00 00 28 00 00 00 ff ff
  ................ ff ff 01 00 00 00 00 00 00 00 00 00 00 00 00 00
  ................ 00 01 01 00 00 00 00 00 00 00 00 00 00 00 00 00
  ..........?..... 00 00 00 00 00 00 00 00 00 80 3f 00 00 00 00 00
  ...............p 00 00 00 00 00 00 00 00 00 00 00 00 00 00 00 70
  A..pA..pA..pA... 41 00 00 70 41 00 00 70 41 00 00 70 41 80 fe d4
  ;............... 3b 0a 00 00 00 07 00 00 00 19 00 00 00 1a 00 00
  ................ 00 ff ff ff ff 00 00 00 04 00 00 00 0a 00 00 00
  ................ 00 00 00 00 00 00 00 00 00 00 00 00 00 00 00 00
  .............?.. 00 00 00 00 00 00 00 00 00 00 00 00 80 3f 00 00
  ................ 00 00 00 00 00 00 00 00 00 00 00 00 00 00 00 00
  ................ 00 00 00 00 00 00 00 00 00 00 00 00 00 00 00 00
  ................ 0d 01 00 00 d8 00 00 00 02 00 00 00 01 00 00 00
  ..3#....@....... 00 91 33 23 c8 00 00 00 40 00 00 00 00 00 00 00
  ....@.$#........ 02 00 00 00 40 df 24 23 00 00 00 00 00 00 00 00
  ......3#         00 00 00 00 00 91 33 23
007649-007658 StringBlock "selected"
007659-007697 DataBlock
  ....(........... f0 00 00 00 28 00 00 00 00 00 00 00 02 00 00 00
  ................ 00 00 00 00 00 00 00 00 01 00 00 00 01 00 00 00
  .......          00 00 00 00 00 00 00
007698-007710 StringBlock "la_gioconda"
007711-007726 DataBlock
  ................ 0c 00 00 00 01 00 00 00 00 00 00 00 d7 f8 ff ff
007727-007735 StringBlock "fe_text"
007736-007755 DataBlock
  ................ 00 00 00 00 00 00 00 00 00 00 00 00 00 00 00 00
  ....             01 00 00 00
007756-007768 T0Block "brighten_t0"
007769-007784 DataBlock
  ................ 00 00 00 00 00 00 00 00 00 00 00 00 00 00 00 00
007785-007795 T0Block "normal_t0"
007796-008247 DataBlock
  ................ 00 00 00 00 00 00 00 00 00 00 00 00 00 00 00 00
  .....0&#........ 04 00 00 00 c0 30 26 23 00 00 00 00 00 00 00 00
  ....(........... f0 00 00 00 28 00 00 00 ff ff ff ff 01 00 00 00
  ................ 00 00 00 00 00 00 00 00 00 00 00 01 01 00 00 00
  ................ 00 00 00 00 00 00 00 00 00 00 00 00 00 00 00 00
  ....?........... 00 00 00 80 3f 00 00 00 00 00 00 00 00 00 00 00
  .........pA..pA. 00 00 00 00 00 00 00 00 00 70 41 00 00 70 41 00
  .pA..pA.0&#..... 00 70 41 00 00 70 41 c0 30 26 23 00 00 00 00 00
  .......(........ 00 00 00 f0 00 00 00 28 00 00 00 ff ff ff ff 01
  ................ 00 00 00 00 00 00 00 00 00 00 00 00 00 00 01 01
  ................ 00 00 00 00 00 00 00 00 00 00 00 00 00 00 00 00
  .......?........ 00 00 00 00 00 00 80 3f 00 00 00 00 00 00 00 00
  ............pA.. 00 00 00 00 00 00 00 00 00 00 00 00 70 41 00 00
  pA..pA..pA`..... 70 41 00 00 70 41 00 00 70 41 60 f8 f8 1b 00 00
  ..........(..... 00 00 00 00 00 00 f0 00 00 00 28 00 00 00 ff ff
  ................ ff 00 01 00 00 00 00 00 00 00 00 00 00 00 00 00
  ................ 00 01 01 00 00 00 00 00 00 00 00 00 00 00 00 00
  ..........?..... 00 00 00 00 00 00 00 00 00 80 3f 00 00 00 00 00
  ...............p 00 00 00 00 00 00 00 00 00 00 00 00 00 00 00 70
  A..pA..pA..pA... 41 00 00 70 41 00 00 70 41 00 00 70 41 80 fe d4
  ;............... 3b 0a 00 00 00 07 00 00 00 19 00 00 00 1a 00 00
  ................ 00 ff ff ff ff 00 00 00 04 00 00 00 0a 00 00 00
  ................ 00 00 00 00 00 00 00 00 00 00 00 00 00 00 00 00
  .............?.. 00 00 00 00 00 00 00 00 00 00 00 00 80 3f 00 00
  ................ 00 00 00 00 00 00 00 00 00 00 00 00 00 00 00 00
  ................ 00 00 00 00 00 00 00 00 00 00 00 00 00 00 00 00
  ....M........... 91 01 00 00 4d 01 00 00 01 00 00 00 00 00 00 00
  ...$....@....... c0 80 9a 24 c8 00 00 00 40 00 00 00 00 00 00 00
  ...$             00 ba df 24
008248-008257 StringBlock "down_off"
008258-008296 DataBlock
  ....(........... f0 00 00 00 28 00 00 00 00 00 00 00 02 00 00 00
  ................ 00 00 00 00 00 00 00 00 01 00 00 00 01 00 00 00
  .......          00 00 00 00 00 00 00
008297-008309 StringBlock "la_gioconda"
008310-008325 DataBlock
  ................ 0c 00 00 00 01 00 00 00 00 00 00 00 d7 f8 ff ff
008326-008334 StringBlock "fe_text"
008335-008354 DataBlock
  ................ 00 00 00 00 00 00 00 00 00 00 00 00 00 00 00 00
  ....             01 00 00 00
008355-008365 T0Block "normal_t0"
008366-008381 DataBlock
  ................ 00 00 00 00 00 00 00 00 00 00 00 00 00 00 00 00
008382-008392 T0Block "normal_t0"
008393-008666 DataBlock
  ................ 00 00 00 00 00 00 00 00 00 00 00 00 00 00 00 00
  .....Wy$........ 02 00 00 00 c0 57 79 24 00 00 00 00 00 00 00 00
  ....(........... f0 00 00 00 28 00 00 00 ff ff ff ff 01 00 00 00
  ................ 00 00 00 00 00 00 00 00 00 00 00 01 01 00 00 00
  ................ 00 00 00 00 00 00 00 00 00 00 00 00 00 00 00 00
  ....?........... 00 00 00 80 3f 00 00 00 00 00 00 00 00 00 00 00
  ......... A.. A. 00 00 00 00 00 00 00 00 00 20 41 00 00 20 41 00
  . A.. A......... 00 20 41 00 00 20 41 c0 bd f8 1b 0a 00 00 00 07
  ................ 00 00 00 19 00 00 00 1a 00 00 00 ff ff ff ff 00
  ................ 00 00 04 00 00 00 0a 00 00 00 00 00 00 00 00 00
  ................ 00 00 00 00 00 00 00 00 00 00 00 00 00 00 00 00
  .......?........ 00 00 00 00 00 00 80 3f 00 00 00 00 00 00 00 00
  ................ 00 00 00 00 00 00 00 00 00 00 00 00 00 00 00 00
  ..............?. 00 00 00 00 00 00 00 00 00 00 1d 00 00 00 3f 01
  ............+=.. 00 00 02 00 00 00 00 00 00 00 00 1d 2b 3d c8 00
  ..@...........@X 00 00 40 00 00 00 00 00 00 00 08 00 00 00 40 58
  .*.............3 ef 2a 00 00 00 00 00 00 00 00 00 00 00 00 c0 33
  4#               34 23
008667-008685 StringBlock "selected_inactive"
008686-008724 DataBlock
  ....(........... f0 00 00 00 28 00 00 00 00 00 00 00 02 00 00 00
  ................ 00 00 00 00 00 00 00 00 01 00 00 00 01 00 00 00
  .......          00 00 00 00 00 00 00
008725-008737 StringBlock "la_gioconda"
008738-008753 DataBlock
  ................ 0c 00 00 00 01 00 00 00 00 00 00 00 d7 f8 ff ff
008754-008762 StringBlock "fe_text"
008763-008782 DataBlock
  ................ 00 00 00 00 00 00 00 00 00 00 00 00 00 00 00 00
  ....             00 00 00 00
008783-008793 T0Block "normal_t0"
008794-008809 DataBlock
  ...?...?........ 00 00 80 3f 00 00 00 3f 00 00 00 00 00 00 00 00
008810-008820 T0Block "normal_t0"
008821-009054 DataBlock
  ................ 00 00 00 00 00 00 00 00 00 00 00 00 00 00 00 00
  .......$........ 02 00 00 00 00 f8 2e 24 00 00 00 00 00 00 00 00
  ....(........... f0 00 00 00 28 00 00 00 ff ff ff c8 01 00 00 00
  ................ 00 00 00 00 00 00 00 00 00 00 00 01 01 00 00 00
  ................ 00 00 00 00 00 00 00 00 00 00 00 00 00 00 00 00
  ....?........... 00 00 00 80 3f 00 00 00 00 00 00 00 00 00 00 00
  .........pA..pA. 00 00 00 00 00 00 00 00 00 70 41 00 00 70 41 00
  .pA..pA...;..... 00 70 41 00 00 70 41 80 fe d4 3b 0a 00 00 00 07
  ................ 00 00 00 19 00 00 00 1a 00 00 00 ff ff ff 80 00
  ................ 00 00 04 00 00 00 0a 00 00 00 00 00 00 00 00 00
  ................ 00 00 00 00 00 00 00 00 00 00 00 00 00 00 00 00
  .......?........ 00 00 00 00 00 00 80 3f 00 00 00 00 00 00 00 00
  ................ 00 00 00 00 00 00 00 00 00 00 00 00 00 00 00 00
  ................ 00 00 00 00 00 00 00 00 00 00 00 00 00 00 00 00
  ......@.$#       00 00 00 00 00 00 40 df 24 23
009055-009069 StringBlock "selected_down"
009070-009108 DataBlock
  ....(........... f0 00 00 00 28 00 00 00 00 00 00 00 02 00 00 00
  ................ 00 00 00 00 00 00 00 00 01 00 00 00 01 00 00 00
  .......          00 00 00 00 00 00 00
009109-009121 StringBlock "la_gioconda"
009122-009137 DataBlock
  ................ 0c 00 00 00 01 00 00 00 00 00 00 00 d7 f8 ff ff
009138-009146 StringBlock "fe_text"
009147-009166 DataBlock
  ................ 00 00 00 00 00 00 00 00 00 00 00 00 00 00 00 00
  ....             01 00 00 00
009167-009177 T0Block "normal_t0"
009178-009193 DataBlock
  ................ 00 00 00 00 00 00 00 00 00 00 00 00 00 00 00 00
009194-009204 T0Block "normal_t0"
009205-009577 DataBlock
  ...>............ 9a 99 99 3e 00 00 00 00 00 00 00 00 00 00 00 00
  .....0&#........ 03 00 00 00 c0 30 26 23 00 00 00 00 01 00 00 00
  ....(........... f0 00 00 00 28 00 00 00 ff ff ff ff 01 00 00 00
  ................ 00 00 00 00 00 00 00 00 00 00 00 01 01 00 00 00
  ................ 00 00 00 00 00 00 00 00 00 00 00 00 00 00 00 00
  ....?........... 00 00 00 80 3f 00 00 00 00 00 00 00 00 00 00 00
  .........pA..pA. 00 00 00 00 00 00 00 00 00 70 41 00 00 70 41 00
  .pA..pA...<..... 00 70 41 00 00 70 41 c0 8b 03 3c 00 00 00 00 01
  .......(........ 00 00 00 f0 00 00 00 28 00 00 00 ff ff ff ff 01
  ................ 00 00 00 00 00 00 00 00 00 00 00 00 00 00 01 01
  ................ 00 00 00 00 00 00 00 00 00 00 00 00 00 00 00 00
  .......?........ 00 00 00 00 00 00 80 3f 00 00 00 00 00 00 00 00
  ............pA.. 00 00 00 00 00 00 00 00 00 00 00 00 70 41 00 00
  pA..pA..pA...;.. 70 41 00 00 70 41 00 00 70 41 80 fe d4 3b 0a 00
  ................ 00 00 08 00 00 00 19 00 00 00 1a 00 00 00 ff ff
  ................ ff ff 00 00 00 04 00 00 00 0a 00 00 00 01 00 00
  ................ 00 00 00 00 00 00 00 00 00 00 00 00 00 00 00 00
  ..........?..... 00 00 00 00 00 00 00 00 00 80 3f 00 00 00 00 00
  ................ 00 00 00 00 00 00 00 00 00 00 00 00 00 00 00 00
  ................ 00 00 00 00 00 00 00 00 00 00 00 00 00 0c 01 00
  .x.............. 00 78 00 00 00 02 00 00 00 03 00 00 00 80 ec 99
  $............... 24 00 00 00 00 00 00 00 00 00 00 00 00 01 00 00
  ..BX9....@...... 00 c0 42 58 39 c8 00 00 00 40 00 00 00 00 00 00
  ...+=            00 00 1d 2b 3d
009578-009583 StringBlock "down"
009584-009622 DataBlock
  ....(........... f0 00 00 00 28 00 00 00 00 00 00 00 02 00 00 00
  ................ 00 00 00 00 00 00 00 00 01 00 00 00 01 00 00 00
  .......          00 00 00 00 00 00 00
009623-009635 StringBlock "la_gioconda"
009636-009651 DataBlock
  ................ 0c 00 00 00 01 00 00 00 00 00 00 00 d7 f8 ff ff
009652-009660 StringBlock "fe_text"
009661-009680 DataBlock
  ................ 00 00 00 00 00 00 00 00 00 00 00 00 00 00 00 00
  ....             01 00 00 00
009681-009691 T0Block "normal_t0"
009692-009707 DataBlock
  ................ 00 00 00 00 00 00 00 00 00 00 00 00 00 00 00 00
009708-009718 T0Block "normal_t0"
009719-010091 DataBlock
  ...>............ 9a 99 99 3e 00 00 00 00 00 00 00 00 00 00 00 00
  .....Wy$........ 03 00 00 00 c0 57 79 24 00 00 00 00 01 00 00 00
  ....(........... f0 00 00 00 28 00 00 00 ff ff ff ff 01 00 00 00
  ................ 00 00 00 00 00 00 00 00 00 00 00 01 01 00 00 00
  ................ 00 00 00 00 00 00 00 00 00 00 00 00 00 00 00 00
  ....?........... 00 00 00 80 3f 00 00 00 00 00 00 00 00 00 00 00
  ......... A.. A. 00 00 00 00 00 00 00 00 00 20 41 00 00 20 41 00
  . A.. A...$..... 00 20 41 00 00 20 41 c0 e5 2e 24 00 00 00 00 01
  .......(........ 00 00 00 f0 00 00 00 28 00 00 00 ff ff ff ff 01
  ................ 00 00 00 00 00 00 00 00 00 00 00 00 00 00 01 01
  ................ 00 00 00 00 00 00 00 00 00 00 00 00 00 00 00 00
  .......?........ 00 00 00 00 00 00 80 3f 00 00 00 00 00 00 00 00
  ............pA.. 00 00 00 00 00 00 00 00 00 00 00 00 70 41 00 00
  pA..pA..pA...... 70 41 00 00 70 41 00 00 70 41 c0 bd f8 1b 0a 00
  ................ 00 00 08 00 00 00 19 00 00 00 1a 00 00 00 ff ff
  ................ ff ff 00 00 00 04 00 00 00 0a 00 00 00 01 00 00
  ................ 00 00 00 00 00 00 00 00 00 00 00 00 00 00 00 00
  ..........?..... 00 00 00 00 00 00 00 00 00 80 3f 00 00 00 00 00
  ................ 00 00 00 00 00 00 00 00 00 00 00 00 00 00 00 00
  ................ 00 00 00 00 00 00 00 00 00 00 00 00 00 91 00 00
  ................ 00 db 00 00 00 02 00 00 00 03 00 00 00 c0 80 9a
  $............... 24 00 00 00 00 00 00 00 00 00 00 00 00 01 00 00
  ....$....@...... 00 00 ba df 24 c8 00 00 00 40 00 00 00 00 00 00
  ...,=            00 00 91 2c 3d
010092-010101 StringBlock "inactive"
010102-010140 DataBlock
  ....(........... f0 00 00 00 28 00 00 00 00 00 00 00 02 00 00 00
  ................ 00 00 00 00 00 00 00 00 01 00 00 00 01 00 00 00
  .......          00 00 00 00 00 00 00
010141-010153 StringBlock "la_gioconda"
010154-010169 DataBlock
  ................ 0c 00 00 00 01 00 00 00 00 00 00 00 d7 f8 ff ff
010170-010178 StringBlock "fe_text"
010179-010198 DataBlock
  ................ 00 00 00 00 00 00 00 00 00 00 00 00 00 00 00 00
  ....             00 00 00 00
010199-010209 T0Block "normal_t0"
010210-010225 DataBlock
  ...?...?........ 00 00 80 3f 00 00 00 3f 00 00 00 00 00 00 00 00
010226-010236 T0Block "normal_t0"
010237-010488 DataBlock
  ................ 00 00 00 00 00 00 00 00 00 00 00 00 00 00 00 00
  ......&#........ 02 00 00 00 c0 d6 26 23 00 00 00 00 00 00 00 00
  ....(........... f0 00 00 00 28 00 00 00 ff ff ff c8 01 00 00 00
  ................ 00 00 00 00 00 00 00 00 00 00 00 01 01 00 00 00
  ................ 00 00 00 00 00 00 00 00 00 00 00 00 00 00 00 00
  ....?........... 00 00 00 80 3f 00 00 00 00 00 00 00 00 00 00 00
  ......... A.. A. 00 00 00 00 00 00 00 00 00 20 41 00 00 20 41 00
  . A.. A......... 00 20 41 00 00 20 41 c0 bd f8 1b 0a 00 00 00 07
  ................ 00 00 00 19 00 00 00 1a 00 00 00 ff ff ff 80 00
  ................ 00 00 04 00 00 00 0a 00 00 00 00 00 00 00 00 00
  ................ 00 00 00 00 00 00 00 00 00 00 00 00 00 00 00 00
  .......?........ 00 00 00 00 00 00 80 3f 00 00 00 00 00 00 00 00
  ................ 00 00 00 00 00 00 00 00 00 00 00 00 00 00 00 00
  ................ 00 00 00 00 00 00 00 00 00 00 00 00 00 00 00 00
  ..........-..... 00 00 00 00 00 00 00 00 00 00 2d 00 00 00 00 00
  ...........)     00 00 02 00 00 00 00 00 00 da 94 29
010489-010498 StringBlock "dy_title"
010499-010563 DataBlock
  ....%........... 00 00 00 00 25 00 00 00 06 00 00 00 01 01 00 00
  ................ 00 00 01 00 00 00 00 01 00 00 00 00 04 00 00 00
  %..........,=... 25 00 00 00 01 00 00 00 00 c0 c1 2c 3d 00 00 00
  ..............r. 00 00 00 00 00 00 00 00 00 03 00 00 00 c0 72 e6
  .                1e
010564-010572 StringBlock "grudges"
010573-010580 DataBlock
  ........         a6 00 00 00 1e 00 00 00
010581-010596 UnicodeBlock "Grudges"
010597-010619 DataBlock
  ................ 00 00 02 00 00 00 04 00 00 00 00 00 00 00 02 00
  .......          00 00 01 00 00 00 01
010620-010677 UnicodeBlock "dy_title_grudges_Text_730026"
010678-010681 DataBlock
  ....             00 00 00 00
010682-010704 StringBlock "la_gioconda_uppercase"
010705-010720 DataBlock
  ................ 0e 00 00 00 02 00 00 00 01 00 00 00 00 00 00 ff
010721-010744 StringBlock "parchment_header_small"
010745-010764 DataBlock
  ................ 00 00 00 00 00 00 00 00 00 00 00 00 00 00 00 00
  ....             00 00 00 00
010765-010775 T0Block "normal_t0"
010776-010791 DataBlock
  ................ 00 00 00 00 00 00 00 00 00 00 00 00 00 00 00 00
010792-010802 T0Block "normal_t0"
010803-010838 DataBlock
  ................ 00 00 00 00 00 00 00 00 00 00 00 00 00 00 00 00
  ................ 00 00 00 00 00 00 00 00 00 00 00 00 00 00 00 00
  P...             50 a5 b9 08
010839-010846 StringBlock "quests"
010847-010854 DataBlock
  ........         a6 00 00 00 1e 00 00 00
010855-010868 UnicodeBlock "Quests"
010869-010891 DataBlock
  ................ 00 00 02 00 00 00 04 00 00 00 00 00 00 00 02 00
  .......          00 00 01 00 00 00 01
010892-010947 UnicodeBlock "dy_title_quests_Text_750040"
010948-010951 DataBlock
  ....             00 00 00 00
010952-010974 StringBlock "la_gioconda_uppercase"
010975-010990 DataBlock
  ................ 0e 00 00 00 02 00 00 00 01 00 00 00 00 00 00 ff
010991-011014 StringBlock "parchment_header_small"
011015-011034 DataBlock
  ................ 00 00 00 00 00 00 00 00 00 00 00 00 00 00 00 00
  ....             00 00 00 00
011035-011045 T0Block "normal_t0"
011046-011061 DataBlock
  ................ 00 00 00 00 00 00 00 00 00 00 00 00 00 00 00 00
011062-011072 T0Block "normal_t0"
011073-011108 DataBlock
  ................ 00 00 00 00 00 00 00 00 00 00 00 00 00 00 00 00
  ................ 00 00 00 00 00 00 00 00 00 00 00 00 00 00 00 00
  ..,=             c0 c1 2c 3d
011109-011118 StringBlock "missions"
011119-011126 DataBlock
  ........         a6 00 00 00 1e 00 00 00
011127-011144 UnicodeBlock "Missions"
011145-011167 DataBlock
  ................ 00 00 02 00 00 00 04 00 00 00 00 00 00 00 02 00
  .......          00 00 01 00 00 00 01
011168-011225 UnicodeBlock "dy_title_NewState_Text_60039"
011226-011229 DataBlock
  ....             00 00 00 00
011230-011252 StringBlock "la_gioconda_uppercase"
011253-011268 DataBlock
  ................ 0e 00 00 00 02 00 00 00 01 00 00 00 00 00 00 ff
011269-011292 StringBlock "parchment_header_small"
011293-011312 DataBlock
  ................ 00 00 00 00 00 00 00 00 00 00 00 00 00 00 00 00
  ....             00 00 00 00
011313-011323 T0Block "normal_t0"
011324-011339 DataBlock
  ................ 00 00 00 00 00 00 00 00 00 00 00 00 00 00 00 00
011340-011350 T0Block "normal_t0"
011351-011414 DataBlock
  ................ 00 00 00 00 00 00 00 00 00 00 00 00 00 00 00 00
  ................ 00 00 00 00 00 00 00 00 00 00 00 00 00 00 00 00
  ....-........... 00 00 00 00 2d 00 00 00 00 00 00 00 00 00 00 00
  ..............X8 00 00 00 00 00 00 00 00 00 00 00 00 00 81 58 38
011415-011427 StringBlock "child_count"
011428-011492 DataBlock
  ................ 00 00 00 00 c1 00 00 00 06 00 00 00 01 01 00 00
  ................ 00 00 01 00 00 00 00 01 00 00 00 00 06 00 00 00
  ..........&.-... f9 ff ff ff 01 00 00 00 00 c0 26 ee 2d 00 00 00
  ..............&. 00 00 00 00 00 00 00 00 00 01 00 00 00 c0 26 ee
  -                2d
011493-011502 StringBlock "NewState"
011503-011537 DataBlock
  (.........0..... 28 00 00 00 1e 00 00 00 01 00 30 00 00 00 03 00
  ................ 00 00 04 00 00 00 00 00 00 00 02 00 00 00 01 00
  ...              00 00 01
011538-011595 UnicodeBlock "child_count_NewState_Text_30"
011596-011599 DataBlock
  ....             00 00 00 00
011600-011622 StringBlock "la_gioconda_uppercase"
011623-011638 DataBlock
  ................ 0e 00 00 00 02 00 00 00 01 00 00 00 00 00 00 ff
011639-011662 StringBlock "parchment_header_small"
011663-011682 DataBlock
  ................ 00 00 00 00 00 00 00 00 00 00 00 00 00 00 00 00
  ....             00 00 00 00
011683-011693 T0Block "normal_t0"
011694-011709 DataBlock
  ................ 00 00 00 00 00 00 00 00 00 00 00 00 00 00 00 00
011710-011720 T0Block "normal_t0"
011721-011779 DataBlock
  ................ 00 00 00 00 00 00 00 00 00 00 00 00 00 00 00 00
  ................ 00 00 00 00 00 00 00 00 00 00 00 00 00 00 00 00
  ....-........... 00 00 00 00 2d 00 00 00 00 00 00 00 00 00 00 00
  ...........      00 00 00 00 00 00 00 00 00 00 00
011780-011805 StringBlock "UI_GBL_TMP_DropDown_List"
011806-011813 DataBlock
  ........         00 00 00 00 00 00 00 01
011814-011819 StringBlock "List"
011820-011877 DataBlock
  .......C........ 01 00 00 00 00 00 84 43 00 00 00 00 00 00 00 00
  ................ 00 01 00 00 00 01 00 00 00 00 00 00 00 00 00 00
  ................ 00 00 00 00 00 00 00 00 00 00 00 00 00 00 00 00
  ..........       00 00 00 00 00 00 00 00 00 00
011878-011892 StringBlock "parchment_row"
011893-011898 DataBlock
  ......           01 00 00 00 00 00
011899-011912 StringBlock "missions_row"
011913-011914 DataBlock
  ..               00 00
011915-011932 StringBlock "MissionsListItem"
011933-011958 StringBlock "UI_GBL_TMP_Parchment_Row"
011959-011997 DataBlock
  ......LB..pC...B 00 00 00 00 00 00 4c 42 00 00 70 43 00 00 88 42
  ....-........... 00 00 00 00 2d 00 00 00 01 07 00 00 00 00 00 00
  .......          00 00 00 00 00 00 00
011998-012004 StringBlock "hover"
012005-012012 DataBlock
  ........         00 00 00 00 00 00 00 00
012013-012028 StringBlock "selected_hover"
012029-012036 DataBlock
  ........         00 00 00 00 00 00 00 00
012037-012048 StringBlock "unselected"
012049-012056 DataBlock
  ........         00 00 00 00 00 00 00 00
012057-012066 StringBlock "down_off"
012067-012074 DataBlock
  ........         00 00 00 00 00 00 00 00
012075-012084 StringBlock "selected"
012085-012092 DataBlock
  ........         00 00 00 00 00 00 00 00
012093-012098 StringBlock "down"
012099-012114 DataBlock
  ................ 00 00 00 00 00 00 00 00 00 00 00 00 08 00 00 00
012115-012165 ImagePathBlock "ui\\skins\\default\\parchment_row_selected_hover.png"
012166-012207 ImagePathBlock "ui\\skins\\default\\parchment_row_hover.png"
012208-012252 ImagePathBlock "ui\\skins\\default\\parchment_row_selected.png"
012253-012313 ImagePathBlock "ui\\skins\\default\\parchment_row_selected_hover_underline.png"
012314-012368 ImagePathBlock "ui\\skins\\default\\parchment_row_selected_underline.png"
012369-012420 ImagePathBlock "ui\\skins\\default\\parchment_row_hover_underline.png"
012421-012464 ImagePathBlock "ui\\skins\\default\\parchment_row_pressed.png"
012465-012518 ImagePathBlock "ui\\skins\\default\\parchment_row_pressed_underline.png"
012519-012526 DataBlock
  ....@.(#         03 00 00 00 40 13 28 23
012527-012532 StringBlock "name"
012533-012597 DataBlock
  ................ 00 00 00 00 00 00 00 00 00 00 00 00 01 01 00 00
  ................ 00 00 01 00 00 00 00 01 00 00 00 00 00 00 00 00
  ................ 00 00 00 00 00 00 00 00 00 00 00 00 00 00 00 00
  ...............2 00 00 00 00 00 00 00 00 00 01 00 00 00 80 b3 32
  :                3a
012598-012606 StringBlock "default"
012607-012614 DataBlock
  ....D...         a6 00 00 00 44 00 00 00
012615-012640 UnicodeBlock "Mission name"
012641-012663 DataBlock
  ................ 00 00 02 00 00 00 04 00 00 00 00 00 00 00 00 00
  .......          00 00 01 00 00 00 01
012664-012713 UnicodeBlock "name_default_Text_51003a"
012714-012717 DataBlock
  ....             00 00 00 00
012718-012730 StringBlock "la_gioconda"
012731-012746 DataBlock
  ................ 0c 00 00 00 01 00 00 00 01 00 00 00 00 00 00 ff
012747-012762 StringBlock "parchment_text"
012763-012782 DataBlock
  ................ 04 00 00 00 00 00 00 00 00 00 00 00 00 00 00 00
  ....             00 00 00 00
012783-012793 T0Block "normal_t0"
012794-012809 DataBlock
  ................ 00 00 00 00 00 00 00 00 00 00 00 00 00 00 00 00
012810-012820 T0Block "normal_t0"
012821-012856 DataBlock
  ................ 00 00 00 00 00 00 00 00 00 00 00 00 00 00 00 00
  ................ 00 00 00 00 00 00 00 00 00 00 00 00 00 00 00 00
  ....             02 00 00 00
012857-012871 StringBlock "dynamic_child"
012872-012873 DataBlock
  ..               00 00
012874-012895 StringBlock "dynamic_child_parent"
012896-012909 StringBlock "missions_row"
012910-012935 DataBlock
  -............... 2d 00 00 00 00 00 00 00 00 00 00 00 00 00 00 00
  ........4#       00 00 00 00 00 00 c0 00 34 23
012936-012941 StringBlock "time"
012942-012994 DataBlock
  ................ 00 00 00 00 b8 00 00 00 16 00 00 00 00 00 00 00
  ................ 00 00 01 00 00 00 00 01 00 00 00 00 06 00 00 00
  ................ e0 ff ff ff 00 00 00 00 00 00 00 00 00 01 00 00
  .@#*#            00 40 23 2a 23
012995-013031 ImagePathBlock "ui\\skins\\default\\icon_hourglass.png"
013032-013056 DataBlock
  ................ 13 00 00 00 1b 00 00 00 00 00 00 00 00 00 00 00
  .......+#        00 01 00 00 00 00 2e 2b 23
013057-013065 StringBlock "default"
013066-013102 DataBlock
  ..........1.0... 18 00 00 00 18 00 00 00 02 00 31 00 30 00 00 00
  ................ 02 00 00 00 04 00 00 00 00 00 00 00 01 00 00 00
  .....            01 00 00 00 01
013103-013180 UnicodeBlock "experience_points_NewState_Text_300031"
013181-013184 DataBlock
  ....             00 00 00 00
013185-013197 StringBlock "la_gioconda"
013198-013213 DataBlock
  ................ 0c 00 00 00 01 00 00 00 00 00 00 00 00 00 00 ff
013214-013226 StringBlock "ingame_text"
013227-013246 DataBlock
  ................ 00 00 00 00 00 00 00 00 00 00 00 00 00 00 00 00
  ....             01 00 00 00
013247-013257 T0Block "normal_t0"
013258-013273 DataBlock
  ................ 00 00 00 00 00 00 00 00 00 00 00 00 00 00 00 00
013274-013284 T0Block "normal_t0"
013285-013419 DataBlock
  ................ 00 00 00 00 00 00 00 00 00 00 00 00 00 00 00 00
  ....@#*#........ 01 00 00 00 40 23 2a 23 ed ff ff ff ff ff ff ff
  ................ 13 00 00 00 1b 00 00 00 ff ff ff ff 00 00 00 0d
  ................ 00 00 00 00 00 00 00 00 00 00 00 01 01 00 00 00
  ................ 00 00 00 00 00 00 00 00 00 00 00 00 00 00 00 00
  ....?........... 00 00 00 80 3f 00 00 00 00 00 00 00 00 00 00 00
  ................ 00 00 00 00 00 00 00 00 00 00 00 00 00 00 00 00
  ................ 00 00 00 00 00 00 00 00 00 00 00 00 00 00 00 00
  .......          00 00 00 03 00 00 00
013420-013444 StringBlock "allow_to_be_interactive"
013445-013447 DataBlock
  ..1              01 00 31
013448-013462 StringBlock "dynamic_child"
013463-013464 DataBlock
  ..               00 00
013465-013486 StringBlock "dynamic_child_parent"
013487-013500 StringBlock "missions_row"
013501-013526 DataBlock
  <............... 3c 00 00 00 00 00 00 00 00 00 00 00 00 00 00 00
  ......@?.#       00 00 00 00 00 00 40 3f 1b 23
013527-013535 StringBlock "details"
013536-013537 DataBlock
  ..               00 00
013538-013557 StringBlock "MissionsDetailIcon"
013558-013606 DataBlock
  ................ ce 00 00 00 0f 00 00 00 00 00 00 00 00 00 01 00
  ................ 00 00 00 01 00 00 00 00 06 00 00 00 04 00 00 00
  .....@d.$....... 00 00 00 00 00 40 64 89 24 06 00 00 00 c0 fb f7
  $                24
013607-013650 ImagePathBlock "ui\\skins\\default\\icon_province_details.png"
013651-013663 DataBlock
  ?...?.......%    3f 00 00 00 3f 00 00 00 00 80 9b 08 25
013664-013712 ImagePathBlock "ui\\skins\\default\\button_round_small_pressed.png"
013713-013725 DataBlock
  &...&....@..%    26 00 00 00 26 00 00 00 00 40 a5 08 25
013726-013772 ImagePathBlock "ui\\skins\\default\\button_round_small_hover.png"
013773-013785 DataBlock
  &...&......!#    26 00 00 00 26 00 00 00 00 80 88 21 23
013786-013833 ImagePathBlock "ui\\skins\\default\\button_round_small_active.png"
013834-013846 DataBlock
  &...&.....K.'    26 00 00 00 26 00 00 00 00 80 4b b3 27
013847-013896 ImagePathBlock "ui\\skins\\default\\button_round_small_inactive.png"
013897-013909 DataBlock
  &...&....@.,#    26 00 00 00 26 00 00 00 00 40 e2 2c 23
013910-013959 ImagePathBlock "ui\\skins\\default\\button_round_small_underlay.png"
013960-013984 DataBlock
  &...&........... 26 00 00 00 26 00 00 00 00 00 00 00 00 00 00 00
  ......G(#        00 05 00 00 00 c0 47 28 23
013985-013991 StringBlock "hover"
013992-014030 DataBlock
  &...&........... 26 00 00 00 26 00 00 00 00 00 00 00 02 00 00 00
  ................ 00 00 00 00 00 00 00 00 01 00 00 00 01 00 00 00
  .......          00 00 00 00 00 00 00
014031-014043 StringBlock "la_gioconda"
014044-014059 DataBlock
  ................ 0c 00 00 00 01 00 00 00 00 00 00 00 00 00 00 ff
014060-014072 StringBlock "ingame_text"
014073-014092 DataBlock
  ................ 00 00 00 00 00 00 00 00 00 00 00 00 00 00 00 00
  ....             01 00 00 00
014093-014103 T0Block "normal_t0"
014104-014119 DataBlock
  ................ 00 00 00 00 00 00 00 00 00 00 00 00 00 00 00 00
014120-014130 T0Block "normal_t0"
014131-014512 DataBlock
  ...>............ 9a 99 99 3e 00 00 00 00 00 00 00 00 00 00 00 00
  ....@.,#........ 06 00 00 00 40 e2 2c 23 00 00 00 00 00 00 00 00
  &...&........... 26 00 00 00 26 00 00 00 ff ff ff ff 00 00 00 00
  ................ 00 00 00 00 00 00 00 00 00 00 00 01 01 00 00 00
  ................ 00 00 00 00 00 00 00 00 00 00 00 00 00 00 00 00
  ....?........... 00 00 00 80 3f 00 00 00 00 00 00 00 00 00 00 00
  ................ 00 00 00 00 00 00 00 00 00 00 00 00 00 00 00 00
  .........!#..... 00 00 00 00 00 00 00 80 88 21 23 00 00 00 00 00
  ...&...&........ 00 00 00 26 00 00 00 26 00 00 00 ff ff ff 00 00
  ................ 00 00 00 00 00 00 00 00 00 00 00 00 00 00 01 01
  ................ 00 00 00 00 00 00 00 00 00 00 00 00 00 00 00 00
  .......?........ 00 00 00 00 00 00 80 3f 00 00 00 00 00 00 00 00
  ................ 00 00 00 00 00 00 00 00 00 00 00 00 00 00 00 00
  ..........@..%.. 00 00 00 00 00 00 00 00 00 00 40 a5 08 25 00 00
  ......&...&..... 00 00 00 00 00 00 26 00 00 00 26 00 00 00 ff ff
  ................ ff ff 00 00 00 00 00 00 00 00 00 00 00 00 00 00
  ................ 00 01 01 00 00 00 00 00 00 00 00 00 00 00 00 00
  ..........?..... 00 00 00 00 00 00 00 00 00 80 3f 00 00 00 00 00
  ................ 00 00 00 00 00 00 00 00 00 00 00 00 00 00 00 00
  ................ 00 00 00 00 00 00 00 00 00 00 00 00 00 c0 fb f7
  $........&...&.. 24 00 00 00 00 00 00 00 00 26 00 00 00 26 00 00
  ................ 00 ff ff ff ff 00 00 00 05 00 00 00 00 00 00 00
  ................ 00 00 00 00 01 01 00 00 00 00 00 00 00 00 00 00
  .............?   00 00 00 00 00 00 00 00 00 00 00 00 80 3f
014513-014525 T0Block "brighten_t0"
014526-014622 DataBlock
  ................ 00 00 00 00 00 00 00 00 00 00 00 00 00 00 00 00
  ................ 00 00 00 00 00 00 00 00 00 00 00 00 00 00 00 00
  ...$........&... c0 fb f7 24 00 00 00 00 00 00 00 00 26 00 00 00
  &............... 26 00 00 00 ff ff ff 00 00 00 00 05 00 00 00 00
  ................ 00 00 00 00 00 00 00 01 01 00 00 00 00 00 00 00
  ................ 00 00 00 00 00 00 00 00 00 00 00 00 00 00 00 80
  ?                3f
014623-014635 T0Block "brighten_t0"
014636-014732 DataBlock
  ................ 00 00 00 00 00 00 00 00 00 00 00 00 00 00 00 00
  ................ 00 00 00 00 00 00 00 00 00 00 00 00 00 00 00 00
  ...$........&... c0 fb f7 24 00 00 00 00 00 00 00 00 26 00 00 00
  &............... 26 00 00 00 ff ff ff ff 00 00 00 05 00 00 00 00
  ................ 00 00 00 00 00 00 00 01 01 00 00 00 00 00 00 00
  ................ 00 00 00 00 00 00 00 00 00 00 00 00 00 00 00 80
  ?                3f
014733-014745 T0Block "brighten_t0"
014746-014833 DataBlock
  ...?............ 00 00 00 3f 00 00 00 00 00 00 00 00 00 00 00 00
  ................ 00 00 00 00 00 00 00 00 00 00 00 00 00 00 00 00
  ....~........... 89 00 00 00 7e 00 00 00 02 00 00 00 01 00 00 00
  @d.$....@....... 40 64 89 24 c8 00 00 00 40 00 00 00 00 00 00 00
  ....@B*=........ 02 00 00 00 40 42 2a 3d 00 00 00 00 00 00 00 00
  ......0#         00 00 00 00 c0 e9 30 23
014834-014843 StringBlock "inactive"
014844-014882 DataBlock
  &...&........... 26 00 00 00 26 00 00 00 00 00 00 00 02 00 00 00
  ................ 00 00 00 00 00 00 00 00 01 00 00 00 01 00 00 00
  .......          00 00 00 00 00 00 00
014883-014895 StringBlock "la_gioconda"
014896-014911 DataBlock
  ................ 0c 00 00 00 01 00 00 00 00 00 00 00 00 00 00 ff
014912-014924 StringBlock "ingame_text"
014925-014944 DataBlock
  ................ 00 00 00 00 00 00 00 00 00 00 00 00 00 00 00 00
  ....             01 01 00 00
014945-014955 T0Block "normal_t0"
014956-014971 DataBlock
  ................ 00 00 00 00 00 00 00 00 00 00 00 00 00 00 00 00
014972-014982 T0Block "normal_t0"
014983-015315 DataBlock
  ................ 00 00 00 00 00 00 00 00 00 00 00 00 00 00 00 00
  ....@.,#........ 03 00 00 00 40 e2 2c 23 00 00 00 00 00 00 00 00
  &...&........... 26 00 00 00 26 00 00 00 ff ff ff ff 00 00 00 00
  ................ 00 00 00 00 00 00 00 00 00 00 00 01 01 00 00 00
  ................ 00 00 00 00 00 00 00 00 00 00 00 00 00 00 00 00
  ....?........... 00 00 00 80 3f 00 00 00 00 00 00 00 00 00 00 00
  ................ 00 00 00 00 00 00 00 00 00 00 00 00 00 00 00 00
  ........K.'..... 00 00 00 00 00 00 00 80 4b b3 27 00 00 00 00 00
  ...&...&........ 00 00 00 26 00 00 00 26 00 00 00 ff ff ff ff 00
  ................ 00 00 00 00 00 00 00 00 00 00 00 00 00 00 01 01
  ................ 00 00 00 00 00 00 00 00 00 00 00 00 00 00 00 00
  .......?........ 00 00 00 00 00 00 80 3f 00 00 00 00 00 00 00 00
  ................ 00 00 00 00 00 00 00 00 00 00 00 00 00 00 00 00
  .............$.. 00 00 00 00 00 00 00 00 00 00 c0 fb f7 24 00 00
  ......&...&..... 00 00 00 00 00 00 26 00 00 00 26 00 00 00 ff ff
  .F.............. ff 46 00 00 00 05 00 00 00 00 00 00 00 00 00 00
  ................ 00 01 01 00 00 00 00 00 00 00 00 00 00 00 00 00
  ..........?..... 00 00 00 00 00 00 00 00 00 80 3f 00 00 00 00 00
  ................ 00 00 00 00 00 00 00 00 00 00 00 00 00 00 00 00
  ................ 00 00 00 00 00 00 00 00 00 00 00 00 00 00 00 00
  .........@d.$    00 00 00 00 00 00 00 00 00 40 64 89 24
015316-015323 StringBlock "active"
015324-015362 DataBlock
  &...&........... 26 00 00 00 26 00 00 00 00 00 00 00 02 00 00 00
  ................ 00 00 00 00 00 00 00 00 01 00 00 00 01 00 00 00
  .......          00 00 00 00 00 00 00
015363-015375 StringBlock "la_gioconda"
015376-015391 DataBlock
  ................ 0c 00 00 00 01 00 00 00 00 00 00 00 00 00 00 ff
015392-015404 StringBlock "ingame_text"
015405-015424 DataBlock
  ................ 00 00 00 00 00 00 00 00 00 00 00 00 00 00 00 00
  ....             01 00 00 00
015425-015435 T0Block "normal_t0"
015436-015451 DataBlock
  ................ 00 00 00 00 00 00 00 00 00 00 00 00 00 00 00 00
015452-015462 T0Block "normal_t0"
015463-015844 DataBlock
  ................ 00 00 00 00 00 00 00 00 00 00 00 00 00 00 00 00
  ....@.,#........ 06 00 00 00 40 e2 2c 23 00 00 00 00 00 00 00 00
  &...&........... 26 00 00 00 26 00 00 00 ff ff ff ff 00 00 00 00
  ................ 00 00 00 00 00 00 00 00 00 00 00 01 01 00 00 00
  ................ 00 00 00 00 00 00 00 00 00 00 00 00 00 00 00 00
  ....?........... 00 00 00 80 3f 00 00 00 00 00 00 00 00 00 00 00
  ................ 00 00 00 00 00 00 00 00 00 00 00 00 00 00 00 00
  .........!#..... 00 00 00 00 00 00 00 80 88 21 23 00 00 00 00 00
  ...&...&........ 00 00 00 26 00 00 00 26 00 00 00 ff ff ff ff 00
  ................ 00 00 00 00 00 00 00 00 00 00 00 00 00 00 01 01
  ................ 00 00 00 00 00 00 00 00 00 00 00 00 00 00 00 00
  .......?........ 00 00 00 00 00 00 80 3f 00 00 00 00 00 00 00 00
  ................ 00 00 00 00 00 00 00 00 00 00 00 00 00 00 00 00
  ..........@..%.. 00 00 00 00 00 00 00 00 00 00 40 a5 08 25 00 00
  ......&...&..... 00 00 00 00 00 00 26 00 00 00 26 00 00 00 ff ff
  ................ ff 00 00 00 00 00 00 00 00 00 00 00 00 00 00 00
  ................ 00 01 01 00 00 00 00 00 00 00 00 00 00 00 00 00
  ..........?..... 00 00 00 00 00 00 00 00 00 80 3f 00 00 00 00 00
  ................ 00 00 00 00 00 00 00 00 00 00 00 00 00 00 00 00
  ................ 00 00 00 00 00 00 00 00 00 00 00 00 00 c0 fb f7
  $........&...&.. 24 00 00 00 00 00 00 00 00 26 00 00 00 26 00 00
  ................ 00 ff ff ff ff 00 00 00 05 00 00 00 00 00 00 00
  ................ 00 00 00 00 01 01 00 00 00 00 00 00 00 00 00 00
  .............?   00 00 00 00 00 00 00 00 00 00 00 00 80 3f
015845-015857 T0Block "brighten_t0"
015858-015954 DataBlock
  ................ 00 00 00 00 00 00 00 00 00 00 00 00 00 00 00 00
  ................ 00 00 00 00 00 00 00 00 00 00 00 00 00 00 00 00
  ...$........&... c0 fb f7 24 00 00 00 00 00 00 00 00 26 00 00 00
  &............... 26 00 00 00 ff ff ff ff 00 00 00 05 00 00 00 00
  ................ 00 00 00 00 00 00 00 01 01 00 00 00 00 00 00 00
  ................ 00 00 00 00 00 00 00 00 00 00 00 00 00 00 00 80
  ?                3f
015955-015967 T0Block "brighten_t0"
015968-016064 DataBlock
  ................ 00 00 00 00 00 00 00 00 00 00 00 00 00 00 00 00
  ................ 00 00 00 00 00 00 00 00 00 00 00 00 00 00 00 00
  ...$........&... c0 fb f7 24 00 00 00 00 00 00 00 00 26 00 00 00
  &............... 26 00 00 00 ff ff ff 00 00 00 00 05 00 00 00 00
  ................ 00 00 00 00 00 00 00 01 01 00 00 00 00 00 00 00
  ................ 00 00 00 00 00 00 00 00 00 00 00 00 00 00 00 80
  ?                3f
016065-016077 T0Block "brighten_t0"
016078-016145 DataBlock
  ...?............ 00 00 00 3f 00 00 00 00 00 00 00 00 00 00 00 00
  ................ 00 00 00 00 00 00 00 00 00 00 00 00 00 00 00 00
  ................ 14 00 00 00 18 00 00 00 01 00 00 00 00 00 00 00
  .G(#....@....... c0 47 28 23 c8 00 00 00 40 00 00 00 00 00 00 00
  @B*=             40 42 2a 3d
016146-016151 StringBlock "down"
016152-016190 DataBlock
  &...&........... 26 00 00 00 26 00 00 00 00 00 00 00 02 00 00 00
  ................ 00 00 00 00 00 00 00 00 01 00 00 00 01 00 00 00
  .......          00 00 00 00 00 00 00
016191-016203 StringBlock "la_gioconda"
016204-016219 DataBlock
  ................ 0c 00 00 00 01 00 00 00 00 00 00 00 00 00 00 ff
016220-016232 StringBlock "ingame_text"
016233-016252 DataBlock
  ................ 00 00 00 00 00 00 00 00 00 00 00 00 00 00 00 00
  ....             01 00 00 00
016253-016263 T0Block "normal_t0"
016264-016279 DataBlock
  ................ 00 00 00 00 00 00 00 00 00 00 00 00 00 00 00 00
016280-016290 T0Block "normal_t0"
016291-016663 DataBlock
  ...>............ 9a 99 99 3e 00 00 00 00 00 00 00 00 00 00 00 00
  ....@.,#........ 03 00 00 00 40 e2 2c 23 00 00 00 00 00 00 00 00
  &...&........... 26 00 00 00 26 00 00 00 ff ff ff ff 00 00 00 00
  ................ 00 00 00 00 00 00 00 00 00 00 00 01 01 00 00 00
  ................ 00 00 00 00 00 00 00 00 00 00 00 00 00 00 00 00
  ....?........... 00 00 00 80 3f 00 00 00 00 00 00 00 00 00 00 00
  ................ 00 00 00 00 00 00 00 00 00 00 00 00 00 00 00 00
  ..........%..... 00 00 00 00 00 00 00 80 9b 08 25 00 00 00 00 00
  ...&...&........ 00 00 00 26 00 00 00 26 00 00 00 ff ff ff ff 00
  ................ 00 00 00 00 00 00 00 00 00 00 00 00 00 00 01 01
  ................ 00 00 00 00 00 00 00 00 00 00 00 00 00 00 00 00
  .......?........ 00 00 00 00 00 00 80 3f 00 00 00 00 00 00 00 00
  ................ 00 00 00 00 00 00 00 00 00 00 00 00 00 00 00 00
  .............$.. 00 00 00 00 00 00 00 00 00 00 c0 fb f7 24 00 00
  ......&...&...nn 00 00 03 00 00 00 26 00 00 00 26 00 00 00 6e 6e
  n............... 6e ff 00 00 00 05 00 00 00 00 00 00 00 03 00 00
  ................ 00 01 01 00 00 00 00 00 00 00 00 00 00 00 00 00
  ..........?..... 00 00 00 00 00 00 00 00 00 80 3f 00 00 00 00 00
  ................ 00 00 00 00 00 00 00 00 00 00 00 00 00 00 00 00
  ................ 00 00 00 00 00 00 00 00 00 00 00 00 00 91 00 00
  ..............G( 00 db 00 00 00 02 00 00 00 03 00 00 00 c0 47 28
  #............... 23 00 00 00 00 00 00 00 00 00 00 00 00 01 00 00
  ....<........... 00 80 fd 03 3c 00 00 00 00 00 00 00 00 00 00 00
  ....<            00 80 fd 03 3c
016664-016673 StringBlock "down_off"
016674-016712 DataBlock
  &...&........... 26 00 00 00 26 00 00 00 00 00 00 00 02 00 00 00
  ................ 00 00 00 00 00 00 00 00 01 00 00 00 01 00 00 00
  .......          00 00 00 00 00 00 00
016713-016725 StringBlock "la_gioconda"
016726-016741 DataBlock
  ................ 0c 00 00 00 01 00 00 00 00 00 00 00 00 00 00 ff
016742-016754 StringBlock "ingame_text"
016755-016774 DataBlock
  ................ 00 00 00 00 00 00 00 00 00 00 00 00 00 00 00 00
  ....             01 00 00 00
016775-016785 T0Block "normal_t0"
016786-016801 DataBlock
  ................ 00 00 00 00 00 00 00 00 00 00 00 00 00 00 00 00
016802-016812 T0Block "normal_t0"
016813-017185 DataBlock
  ................ 00 00 00 00 00 00 00 00 00 00 00 00 00 00 00 00
  ....@.,#........ 03 00 00 00 40 e2 2c 23 00 00 00 00 00 00 00 00
  &...&........... 26 00 00 00 26 00 00 00 ff ff ff ff 00 00 00 00
  ................ 00 00 00 00 00 00 00 00 00 00 00 01 01 00 00 00
  ................ 00 00 00 00 00 00 00 00 00 00 00 00 00 00 00 00
  ....?........... 00 00 00 80 3f 00 00 00 00 00 00 00 00 00 00 00
  ................ 00 00 00 00 00 00 00 00 00 00 00 00 00 00 00 00
  .........!#..... 00 00 00 00 00 00 00 80 88 21 23 00 00 00 00 00
  ...&...&........ 00 00 00 26 00 00 00 26 00 00 00 ff ff ff ff 00
  ................ 00 00 00 00 00 00 00 00 00 00 00 00 00 00 01 01
  ................ 00 00 00 00 00 00 00 00 00 00 00 00 00 00 00 00
  .......?........ 00 00 00 00 00 00 80 3f 00 00 00 00 00 00 00 00
  ................ 00 00 00 00 00 00 00 00 00 00 00 00 00 00 00 00
  .............$.. 00 00 00 00 00 00 00 00 00 00 c0 fb f7 24 00 00
  ......&...&..... 00 00 00 00 00 00 26 00 00 00 26 00 00 00 ff ff
  ................ ff ff 00 00 00 05 00 00 00 00 00 00 00 00 00 00
  ................ 00 01 01 00 00 00 00 00 00 00 00 00 00 00 00 00
  ..........?..... 00 00 00 00 00 00 00 00 00 80 3f 00 00 00 00 00
  ................ 00 00 00 00 00 00 00 00 00 00 00 00 00 00 00 00
  ................ 00 00 00 00 00 00 00 00 00 00 00 00 00 1d 00 00
  .?...........@B* 00 3f 01 00 00 02 00 00 00 00 00 00 00 40 42 2a
  =............... 3d 00 00 00 00 00 00 00 00 00 00 00 00 08 00 00
  .@d.$........... 00 40 64 89 24 00 00 00 00 00 00 00 00 00 00 00
  .....            00 03 00 00 00
017186-017200 StringBlock "dynamic_image"
017201-017203 DataBlock
  ..0              01 00 30
017204-017218 StringBlock "dynamic_child"
017219-017221 DataBlock
  ..1              01 00 31
017222-017243 StringBlock "dynamic_child_parent"
017244-017257 StringBlock "missions_row"
017258-017270 DataBlock
  -............    2d 00 00 00 00 00 00 00 00 00 00 00 00
017271-017301 StringBlock "UI_GBL_TMP_Round_Small_Button"
017302-017344 DataBlock
  ................ 00 00 00 00 00 00 00 00 00 00 00 00 00 00 00 00
  ................ 00 00 00 00 00 00 00 00 00 00 00 00 00 00 00 00
  ........@F+      00 00 00 00 00 00 00 80 40 46 2b
017345-017350 StringBlock "hbar"
017351-017403 DataBlock
  ........'....... 00 00 00 00 1c 00 00 00 27 00 00 00 00 00 00 00
  ................ 00 00 01 00 00 00 00 01 00 00 00 00 02 00 00 00
  ....'....@..-... 00 00 00 00 27 00 00 00 00 40 b1 03 2d 01 00 00
  .@..+            00 40 94 fa 2b
017404-017442 ImagePathBlock "ui\\skins\\default\\separator_skull2.png"
017443-017467 DataBlock
  A............... 41 01 00 00 0e 00 00 00 00 00 00 00 00 00 00 00
  .....@..-        00 01 00 00 00 40 b1 03 2d
017468-017477 StringBlock "NewState"
017478-017516 DataBlock
  ................ ea 00 00 00 0e 00 00 00 00 00 00 00 02 00 00 00
  ................ 00 00 00 00 00 00 00 00 02 00 00 00 01 00 00 00
  .......          00 00 00 00 00 00 00
017517-017523 StringBlock "Norse"
017524-017539 DataBlock
  ................ 0a 00 00 00 02 00 00 00 01 00 00 00 dd da fa ff
017540-017562 StringBlock "Default Font Category"
017563-017582 DataBlock
  ................ 00 00 00 00 00 00 00 00 00 00 00 00 00 00 00 00
  ....             01 00 00 00
017583-017593 T0Block "normal_t0"
017594-017609 DataBlock
  ................ 00 00 00 00 00 00 00 00 00 00 00 00 00 00 00 00
017610-017620 T0Block "normal_t0"
017621-017783 DataBlock
  ................ 00 00 00 00 00 00 00 00 00 00 00 00 00 00 00 00
  ....@..+........ 01 00 00 00 40 94 fa 2b 00 00 00 00 00 00 00 00
  ................ ea 00 00 00 0e 00 00 00 ff ff ff ff 00 00 00 00
  ................ 00 00 00 00 00 00 00 00 00 00 00 01 01 00 00 00
  ................ 00 00 00 00 00 00 00 00 00 00 00 00 00 00 00 00
  ....?........... 00 00 00 80 3f 00 00 00 00 00 00 00 00 00 00 00
  ................ 00 00 00 00 00 00 00 00 00 00 00 00 00 00 00 00
  ................ 00 00 00 00 00 00 00 00 00 00 00 00 00 00 00 00
  ................ 00 00 00 00 00 00 00 2e 00 00 00 00 00 00 00 00
  ................ 00 00 00 00 00 00 00 00 00 00 00 00 00 00 00 c0
  .?-              a5 3f 2d
017784-017793 StringBlock "tx_title"
017794-017858 DataBlock
  ................ 00 00 00 00 00 00 00 00 0e 00 00 00 01 00 00 00
  ................ 00 00 01 00 00 00 00 01 00 00 00 00 02 00 00 00
  ..........x?-... 00 00 00 00 0e 00 00 00 00 c0 78 3f 2d 00 00 00
  .............@k. 00 00 00 00 00 00 00 00 00 02 00 00 00 40 6b d7
  0                30
017859-017867 StringBlock "Grudges"
017868-017875 DataBlock
  ".......         22 01 00 00 1e 00 00 00
017876-018091 UnicodeBlock "[[url:script_link_campaign_missions_list]][[rgba:91:30:0:255]]Grudges & Quests[[/rgba:91:30:0:255]][[/url]]"
018092-018114 DataBlock
  ................ 00 00 04 00 00 00 04 00 00 00 00 00 00 00 01 00
  .......          00 00 01 00 00 00 01
018115-018172 UnicodeBlock "tx_title_Grudges_Text_620012"
018173-018176 DataBlock
  ....             00 00 00 00
018177-018199 StringBlock "la_gioconda_uppercase"
018200-018215 DataBlock
  .............\.. 12 00 00 00 01 00 00 00 00 00 00 00 00 5c b9 ff
018216-018229 StringBlock "fe_hyperlink"
018230-018249 DataBlock
  ................ 00 00 00 00 00 00 00 00 00 00 00 00 00 00 00 00
  ....             01 00 00 00
018250-018260 T0Block "normal_t0"
018261-018276 DataBlock
  ................ 00 00 00 00 00 00 00 00 00 00 00 00 00 00 00 00
018277-018287 T0Block "normal_t0"
018288-018323 DataBlock
  .......?...@.... 00 00 00 00 00 00 80 3f 00 00 00 40 00 00 00 00
  ................ 00 00 00 00 00 00 00 00 00 00 00 00 00 00 00 00
  .x?-             c0 78 3f 2d
018324-018333 StringBlock "Missions"
018334-018341 DataBlock
  ".......         22 01 00 00 1e 00 00 00
018342-018559 UnicodeBlock "[[url:script_link_campaign_missions_list]][[rgba:91:30:0:255]]Missions & Quests[[/rgba:91:30:0:255]][[/url]]"
018560-018582 DataBlock
  ................ 00 00 04 00 00 00 04 00 00 00 00 00 00 00 01 00
  .......          00 00 01 00 00 00 01
018583-018642 UnicodeBlock "tx_title_Missions_Text_70006a"
018643-018646 DataBlock
  ....             00 00 00 00
018647-018669 StringBlock "la_gioconda_uppercase"
018670-018685 DataBlock
  .............\.. 12 00 00 00 01 00 00 00 00 00 00 00 00 5c b9 ff
018686-018699 StringBlock "fe_hyperlink"
018700-018719 DataBlock
  ................ 00 00 00 00 00 00 00 00 00 00 00 00 00 00 00 00
  ....             01 00 00 00
018720-018730 T0Block "normal_t0"
018731-018746 DataBlock
  ................ 00 00 00 00 00 00 00 00 00 00 00 00 00 00 00 00
018747-018757 T0Block "normal_t0"
018758-018845 DataBlock
  .......?...@.... 00 00 00 00 00 00 80 3f 00 00 00 40 00 00 00 00
  ................ 00 00 00 00 00 00 00 00 00 00 00 00 00 00 00 00
  ....-........... 00 00 00 00 2d 00 00 00 00 00 00 00 00 00 00 00
  ................ 00 00 00 00 00 00 00 00 00 00 00 00 00 00 00 00
  ................ 00 01 00 00 00 00 00 00 00 00 00 01 00 00 00 00
  ........         00 00 00 00 00 00 00 00
