000000-000009 VersionBlock 106
000010-000013 RootIDBlock 300869344
000014-000019 StringBlock "root"
000020-000099 DataBlock
  ................ 00 00 00 00 00 00 00 00 00 00 00 00 01 01 00 00
  ................ 00 00 01 00 00 00 00 01 00 00 00 00 00 00 00 00
  ......... .7.... 00 00 00 00 00 00 00 00 00 20 92 37 12 01 00 00
  .`.............. 00 60 87 e3 11 00 00 00 05 00 00 c0 03 00 00 00
  ............ .7. 00 00 00 00 00 00 00 00 01 00 00 00 20 92 37 12
000100-000109 StringBlock "NewState"
000110-000148 DataBlock
  ................ 00 05 00 00 00 04 00 00 00 00 00 00 02 00 00 00
  ................ 00 00 00 00 00 00 00 00 01 00 00 00 01 00 00 00
  .......          00 00 00 00 00 00 00
000149-000160 StringBlock "Norse-Bold"
000161-000176 DataBlock
  ................ 0a 00 00 00 02 00 00 00 01 00 00 00 dd da fa ff
000177-000199 StringBlock "Default Font Category"
000200-000219 DataBlock
  ................ 00 00 00 00 00 00 00 00 00 00 00 00 00 00 00 00
  ....             01 00 00 00
000220-000230 T0Block "normal_t0"
000231-000246 DataBlock
  ................ 00 00 00 00 00 00 00 00 00 00 00 00 00 00 00 00
000247-000257 T0Block "normal_t0"
000258-000410 DataBlock
  ................ 00 00 00 00 00 00 00 00 00 00 00 00 00 00 00 00
  ....`........... 01 00 00 00 60 87 e3 11 00 00 00 00 00 00 00 00
  ................ 00 05 00 00 c0 03 00 00 98 fb 98 ff 00 00 00 00
  ................ 00 00 00 00 00 00 00 00 00 00 00 01 01 00 00 00
  ................ 00 00 00 00 00 00 00 00 00 00 00 00 00 00 00 00
  ....?........... 00 00 00 80 3f 00 00 00 00 00 00 00 00 00 00 00
  ................ 00 00 00 00 00 00 00 00 00 00 00 00 00 00 00 00
  ................ 00 00 00 00 00 00 00 00 00 00 00 00 00 00 00 00
  ................ 00 00 00 00 00 00 00 00 00 00 00 00 00 00 00 01
  ..... @..        00 00 00 00 00 20 40 06 12
000411-000438 StringBlock "historical_objective_panel"
000439-000440 DataBlock
  ..               00 00
000441-000461 StringBlock "BattleObjectiveText"
000462-000522 DataBlock
  ................ 00 00 00 00 ab 02 00 00 00 00 00 00 00 00 01 00
  ................ 00 00 00 01 00 00 00 00 08 00 00 00 00 00 00 00
  +....`II........ 2b ff ff ff 00 60 49 49 12 00 00 00 00 00 00 00
  .........`II.    00 00 00 00 00 01 00 00 00 60 49 49 12
000523-000532 StringBlock "NewState"
000533-000571 DataBlock
  ................ 00 05 00 00 80 00 00 00 00 00 00 00 02 00 00 00
  ................ 00 00 00 00 00 00 00 00 01 00 00 00 01 00 00 00
  .......          00 00 00 00 00 00 00
000572-000583 StringBlock "Norse-Bold"
000584-000599 DataBlock
  ................ 0a 00 00 00 02 00 00 00 01 00 00 00 dd da fa ff
000600-000622 StringBlock "Default Font Category"
000623-000642 DataBlock
  ................ 00 00 00 00 00 00 00 00 00 00 00 00 00 00 00 00
  ....             00 00 00 00
000643-000653 T0Block "normal_t0"
000654-000669 DataBlock
  ................ 00 00 00 00 00 00 00 00 00 00 00 00 00 00 00 00
000670-000680 T0Block "normal_t0"
000681-000734 DataBlock
  ................ 00 00 00 00 00 00 00 00 00 00 00 00 00 00 00 00
  ................ 00 00 00 00 00 00 00 00 00 00 00 00 00 00 00 00
  ................ 00 00 00 00 e8 03 00 00 00 00 00 00 02 00 00 00
  .. ...           00 00 20 fa 09 12
000735-000747 StringBlock "frame_black"
000748-000800 DataBlock
  ................ 00 00 00 00 00 00 00 00 1b 00 00 00 01 01 00 00
  ................ 00 00 01 00 00 00 00 01 00 00 00 00 05 00 00 00
  .........@pN.... 00 00 00 00 00 00 00 00 00 40 70 4e 12 01 00 00
  .@...            00 40 bb 14 0a
000801-000840 ImagePathBlock "ui\\skins\\default\\black_text_banner.png"
000841-000865 DataBlock
  ................ 9c 00 00 00 12 00 00 00 00 00 00 00 00 00 00 00
  .....@pN.        00 01 00 00 00 40 70 4e 12
000866-000875 StringBlock "NewState"
000876-000914 DataBlock
  ....J........... 00 05 00 00 4a 00 00 00 00 00 00 00 02 00 00 00
  ................ 00 00 00 00 00 00 00 00 01 00 00 00 01 00 00 00
  .......          00 00 00 00 00 00 00
000915-000926 StringBlock "Norse-Bold"
000927-000942 DataBlock
  ................ 0a 00 00 00 02 00 00 00 01 00 00 00 dd da fa ff
000943-000965 StringBlock "Default Font Category"
000966-000985 DataBlock
  ................ 00 00 00 00 00 00 00 00 00 00 00 00 00 00 00 00
  ....             00 00 00 00
000986-000996 T0Block "normal_t0"
000997-001012 DataBlock
  ................ 00 00 00 00 00 00 00 00 00 00 00 00 00 00 00 00
001013-001023 T0Block "normal_t0"
001024-001186 DataBlock
  ................ 00 00 00 00 00 00 00 00 00 00 00 00 00 00 00 00
  ....@........... 01 00 00 00 40 bb 14 0a 00 00 00 00 00 00 00 00
  ....J........... 00 05 00 00 4a 00 00 00 ff ff ff ff 00 00 00 00
  ................ 00 00 00 00 00 00 00 00 00 00 00 01 01 00 00 00
  ................ 00 00 00 00 00 00 00 00 00 00 00 00 00 00 00 00
  ....?........... 00 00 00 80 3f 00 00 00 00 00 00 00 00 00 00 00
  ................ 00 00 00 00 00 00 00 00 00 00 00 00 00 00 00 00
  ................ 00 00 00 00 00 00 00 00 00 00 00 00 00 00 00 00
  ................ 00 00 00 00 00 00 00 00 00 00 00 00 00 00 00 00
  ................ 00 00 00 00 00 00 00 00 00 00 00 00 00 00 00 c0
  x..              78 dc 11
001187-001195 StringBlock "dy_text"
001196-001260 DataBlock
  ................ 00 00 00 00 00 00 00 00 04 00 00 00 01 00 00 00
  ................ 00 00 01 00 00 00 00 01 00 00 00 00 05 00 00 00
  ................ 00 00 00 00 00 00 00 00 00 e0 a4 06 18 00 00 00
  ................ 00 00 00 00 00 00 00 00 00 01 00 00 00 e0 a4 06
  .                18
001261-001270 StringBlock "NewState"
001271-001278 DataBlock
  ....w...         00 05 00 00 77 00 00 00
001279-001510 UnicodeBlock "The flanking force is in position! Use them and your main army to stop the Takeda from capturing Nagashino Castle! "
001511-001533 DataBlock
  ................ 00 00 04 00 00 00 04 00 00 00 00 00 00 00 01 00
  .......          00 00 01 00 00 00 00
001534-001591 UnicodeBlock "dy_text_NewState_Text_3a0070"
001592-001595 DataBlock
  ....             00 00 00 00
001596-001618 StringBlock "la_gioconda_uppercase"
001619-001634 DataBlock
  ................ 12 00 00 00 01 00 00 00 00 00 00 00 d7 f8 ff ff
001635-001654 StringBlock "fe_section_heading"
001655-001674 DataBlock
  ................ 00 00 00 00 00 00 00 00 00 00 00 00 00 00 00 00
  ....             00 00 00 00
001675-001685 T0Block "normal_t0"
001686-001701 DataBlock
  ................ 00 00 00 00 00 00 00 00 00 00 00 00 00 00 00 00
001702-001717 T0Block "drop_shadow_t0"
001718-001795 DataBlock
  ...?...@...?.... 00 00 80 3f 00 00 00 40 00 00 80 3f 00 00 00 00
  ................ 00 00 00 00 00 00 00 00 00 00 00 00 00 00 00 00
  ................ 00 00 00 00 00 00 00 00 00 00 00 00 00 00 00 00
  ................ 00 00 00 00 00 00 00 00 00 00 00 00 00 00 00 00
  ..............   00 00 00 00 00 00 00 00 00 00 00 00 00 00
