000000-000009 VersionBlock 105
000010-000013 RootIDBlock 396132288
000014-000019 StringBlock "root"
000020-000099 DataBlock
  ................ 00 00 00 00 00 00 00 00 00 00 00 00 01 01 00 00
  ................ 00 00 01 00 00 00 00 01 00 00 00 00 00 00 00 00
  ......... ...... 00 00 00 00 00 00 00 00 00 20 83 9c 17 01 00 00
  ................ 00 a0 05 b4 0d 00 00 00 05 00 00 c0 03 00 00 00
  ............ ... 00 00 00 00 00 00 00 00 01 00 00 00 20 83 9c 17
000100-000109 StringBlock "NewState"
000110-000148 DataBlock
  ................ 00 05 00 00 00 04 00 00 00 00 00 00 02 00 00 00
  ................ 00 00 00 00 00 00 00 00 01 00 00 00 01 00 00 00
  .......          00 00 00 00 00 00 00
000149-000160 StringBlock "Norse-Bold"
000161-000176 DataBlock
  ................ 0a 00 00 00 02 00 00 00 01 00 00 00 dd da fa ff
000177-000199 StringBlock "Default Font Category"
000200-000219 DataBlock
  ................ 00 00 00 00 00 00 00 00 00 00 00 00 00 00 00 00
  ....             01 00 00 00
000220-000230 T0Block "normal_t0"
000231-000246 DataBlock
  ................ 00 00 00 00 00 00 00 00 00 00 00 00 00 00 00 00
000247-000257 T0Block "normal_t0"
000258-000410 DataBlock
  ................ 00 00 00 00 00 00 00 00 00 00 00 00 00 00 00 00
  ................ 01 00 00 00 a0 05 b4 0d 00 00 00 00 00 00 00 00
  ................ 00 05 00 00 c0 03 00 00 c0 c0 c0 ff 00 00 00 00
  ................ 00 00 00 00 00 00 00 00 00 00 00 01 01 00 00 00
  ................ 00 00 00 00 00 00 00 00 00 00 00 00 00 00 00 00
  ....?........... 00 00 00 80 3f 00 00 00 00 00 00 00 00 00 00 00
  ................ 00 00 00 00 00 00 00 00 00 00 00 00 00 00 00 00
  ................ 00 00 00 00 00 00 00 00 00 00 00 00 00 00 00 00
  ................ 00 00 00 00 00 00 00 00 00 00 00 00 00 00 00 01
  ..... ...        00 00 00 00 00 20 85 9c 17
000411-000424 StringBlock "tech_tooltip"
000425-000426 DataBlock
  ..               00 00
000427-000454 StringBlock "CampaignEffectsListTooltip"
000455-000503 DataBlock
  ....c........... 82 01 00 00 63 00 00 00 01 01 00 00 00 00 01 01
  ................ 00 00 00 01 00 00 00 00 00 00 00 00 00 00 00 00
  ..............q. 00 00 00 00 00 00 00 00 00 01 00 00 00 80 71 02
  .                07
000504-000539 ImagePathBlock "ui/skins/default/tooltip_frame.png"
000540-000564 DataBlock
  ................ 00 01 00 00 00 01 00 00 00 00 00 00 00 00 00 00
  .........        00 01 00 00 00 80 88 9c 17
000565-000574 StringBlock "NewState"
000575-000613 DataBlock
  T............... 54 01 00 00 1a 01 00 00 00 00 00 00 02 00 00 00
  ................ 00 00 00 00 00 00 00 00 01 00 00 00 01 00 00 00
  .......          00 00 00 00 00 00 00
000614-000626 StringBlock "la_gioconda"
000627-000642 DataBlock
  ................ 0c 00 00 00 01 00 00 00 00 00 00 00 d7 f8 ff ff
000643-000659 StringBlock "fe_tooltip_text"
000660-000679 DataBlock
  ................ 08 00 00 00 00 00 00 00 06 00 00 00 00 00 00 00
  ....             00 00 00 00
000680-000690 T0Block "normal_t0"
000691-000706 DataBlock
  ................ 00 00 00 00 00 00 00 00 00 00 00 00 00 00 00 00
000707-000717 T0Block "normal_t0"
000718-000969 DataBlock
  ................ 00 00 00 00 00 00 00 00 00 00 00 00 00 00 00 00
  .....q.......... 02 00 00 00 80 71 02 07 00 00 00 00 00 00 00 00
  T............... 54 01 00 00 1a 01 00 00 ff ff ff ff 01 00 00 00
  ................ 00 00 00 00 00 00 00 00 00 00 00 01 01 00 00 00
  ................ 00 00 00 00 00 00 00 00 00 00 00 00 00 00 00 00
  ....?........... 00 00 00 80 3f 00 00 00 00 00 00 00 00 00 00 00
  ..........A...A. 00 00 00 00 00 00 00 00 00 80 41 00 00 a0 41 00
  ..A...A.q....... 00 80 41 00 00 a0 41 80 71 02 07 00 00 00 00 00
  ...T............ 00 00 00 54 01 00 00 1a 01 00 00 ff ff ff 80 01
  ................ 00 00 00 00 00 00 00 00 00 00 00 00 00 00 01 01
  ................ 00 00 00 00 00 00 00 00 00 00 00 00 00 00 00 00
  .......?........ 00 00 00 00 00 00 80 3f 00 00 00 00 00 00 00 00
  .............A.. 00 00 00 00 00 00 00 00 00 00 00 00 80 41 00 00
  .A...A...A...... a0 41 00 00 80 41 00 00 a0 41 00 00 00 00 00 00
  ................ 00 00 00 00 00 00 00 00 00 00 ff 00 00 00 00 00
  ............     00 00 05 00 00 00 00 00 e0 8f 9c 17
000970-000979 StringBlock "dy_title"
000980-001044 DataBlock
  ................ 00 00 00 00 00 00 00 00 00 00 00 00 00 01 00 00
  ................ 00 00 01 00 00 00 00 01 00 00 00 00 02 00 00 00
  ................ 00 00 00 00 00 00 00 00 00 00 00 00 00 00 00 00
  .............@.. 00 00 00 00 00 00 00 00 00 01 00 00 00 40 93 9c
  .                17
001045-001054 StringBlock "NewState"
001055-001062 DataBlock
  T.......         54 01 00 00 1e 00 00 00
001063-001100 UnicodeBlock "Governor's Mansion"
001101-001123 DataBlock
  ................ 00 00 04 00 00 00 00 00 00 00 00 00 00 00 03 00
  .......          00 00 01 00 00 00 00
001124-001201 UnicodeBlock "dy_building_title_NewState_Text_410056"
001202-001205 DataBlock
  ....             00 00 00 00
001206-001228 StringBlock "la_gioconda_uppercase"
001229-001244 DataBlock
  ................ 0e 00 00 00 01 00 00 00 01 00 00 00 d7 f8 ff ff
001245-001261 StringBlock "FE_header_small"
001262-001281 DataBlock
  ................ 08 00 00 00 08 00 00 00 08 00 00 00 04 00 00 00
  ....             00 00 00 00
001282-001292 T0Block "normal_t0"
001293-001308 DataBlock
  ................ 00 00 00 00 00 00 00 00 00 00 00 00 00 00 00 00
001309-001319 T0Block "normal_t0"
001320-001383 DataBlock
  ................ 00 00 00 00 00 00 00 00 00 00 00 00 00 00 00 00
  ................ 00 00 00 00 00 00 00 00 00 00 00 00 00 00 00 00
  ................ 00 00 00 00 ff 00 00 00 00 00 00 00 00 00 00 00
  ............`... 00 00 00 00 00 00 00 00 00 00 00 00 60 95 9c 17
001384-001398 StringBlock "tx_current_FX"
001399-001463 DataBlock
  ................ 00 00 00 00 00 00 00 00 1e 00 00 00 01 00 00 00
  ................ 00 00 01 00 00 00 00 01 00 00 00 00 00 00 00 00
  ................ 00 00 00 00 00 00 00 00 00 c0 98 9c 17 00 00 00
  ................ 00 00 00 00 00 00 00 00 00 01 00 00 00 c0 98 9c
  .                17
001464-001473 StringBlock "NewState"
001474-001481 DataBlock
  T.......         54 01 00 00 18 00 00 00
001482-001533 UnicodeBlock "Effects at current level:"
001534-001556 DataBlock
  ................ 00 00 02 00 00 00 04 00 00 00 00 00 00 00 01 00
  .......          00 00 01 00 00 00 01
001557-001626 UnicodeBlock "tx_current_FX_NewState_Text_550001"
001627-001630 DataBlock
  ....             00 00 00 00
001631-001643 StringBlock "la_gioconda"
001644-001659 DataBlock
  ................ 0c 00 00 00 01 00 00 00 00 00 00 00 d7 f8 ff ff
001660-001676 StringBlock "fe_tooltip_text"
001677-001696 DataBlock
  ................ 0c 00 00 00 00 00 00 00 00 00 00 00 00 00 00 00
  ....             00 00 00 00
001697-001707 T0Block "normal_t0"
001708-001723 DataBlock
  ................ 00 00 00 00 00 00 00 00 00 00 00 00 00 00 00 00
001724-001734 T0Block "normal_t0"
001735-001798 DataBlock
  ................ 00 00 00 00 00 00 00 00 00 00 00 00 00 00 00 00
  ................ 00 00 00 00 00 00 00 00 00 00 00 00 00 00 00 00
  ................ 00 00 00 00 ff 00 00 00 00 00 00 00 00 00 00 00
  ................ 00 00 00 00 00 00 00 00 00 00 00 00 c0 9a 9c 17
001799-001818 StringBlock "instruction_window"
001819-001883 DataBlock
  ........6....... 00 00 00 00 00 00 00 00 36 00 00 00 00 01 00 00
  ................ 00 00 01 00 00 00 00 01 00 00 00 00 00 00 00 00
  ................ 00 00 00 00 00 00 00 00 00 00 00 00 00 00 00 00
  ............. .. 00 00 00 00 00 00 00 00 00 01 00 00 00 20 9e 9c
  .                17
001884-001893 StringBlock "NewState"
001894-001901 DataBlock
  T.......         54 01 00 00 16 00 00 00
001902-001925 UnicodeBlock "Instruction"
001926-001954 DataBlock
  ................ 00 00 02 00 00 00 00 00 00 00 00 00 00 00 03 00
  .............    00 00 01 00 00 00 00 00 00 00 00 00 00
001955-001967 StringBlock "la_gioconda"
001968-001983 DataBlock
  ................ 0c 00 00 00 01 00 00 00 00 00 00 00 d7 f8 ff ff
001984-002000 StringBlock "fe_tooltip_text"
002001-002020 DataBlock
  ................ 0c 00 00 00 08 00 00 00 02 00 00 00 04 00 00 00
  ....             00 00 00 00
002021-002031 T0Block "normal_t0"
002032-002047 DataBlock
  ................ 00 00 00 00 00 00 00 00 00 00 00 00 00 00 00 00
002048-002058 T0Block "normal_t0"
002059-002122 DataBlock
  ................ 00 00 00 00 00 00 00 00 00 00 00 00 00 00 00 00
  ................ 00 00 00 00 00 00 00 00 00 00 00 00 00 00 00 00
  ................ 00 00 00 00 ff 00 00 00 00 00 00 00 00 00 00 00
  ............ ... 00 00 00 00 00 00 00 00 00 00 00 00 20 a0 9c 17
002123-002142 StringBlock "description_window"
002143-002207 DataBlock
  ........L....... 00 00 00 00 00 00 00 00 4c 00 00 00 00 01 00 00
  ................ 00 00 01 00 00 00 00 01 00 00 00 00 00 00 00 00
  ................ 00 00 00 00 00 00 00 00 00 00 00 00 00 00 00 00
  ................ 00 00 00 00 00 00 00 00 00 01 00 00 00 80 a3 9c
  .                17
002208-002217 StringBlock "NewState"
002218-002225 DataBlock
  T.......         54 01 00 00 1a 00 00 00
002226-002249 UnicodeBlock "Description"
002250-002278 DataBlock
  ................ 00 00 02 00 00 00 00 00 00 00 00 00 00 00 03 00
  .............    00 00 01 00 00 00 00 00 00 00 00 00 00
002279-002294 StringBlock "georgia_italic"
002295-002310 DataBlock
  ................ 0c 00 00 00 01 00 00 00 01 00 00 00 b0 d7 df ff
002311-002321 StringBlock "fe_italic"
002322-002341 DataBlock
  ................ 0c 00 00 00 08 00 00 00 05 00 00 00 05 00 00 00
  ....             00 00 00 00
002342-002352 T0Block "normal_t0"
002353-002368 DataBlock
  ................ 00 00 00 00 00 00 00 00 00 00 00 00 00 00 00 00
002369-002379 T0Block "normal_t0"
002380-002443 DataBlock
  ................ 00 00 00 00 00 00 00 00 00 00 00 00 00 00 00 00
  ................ 00 00 00 00 00 00 00 00 00 00 00 00 00 00 00 00
  ................ 00 00 00 00 ff 00 00 00 00 00 00 00 00 00 00 00
  ................ 00 00 00 00 00 00 00 00 00 00 00 00 80 a5 9c 17
002444-002457 StringBlock "effects_list"
002458-002522 DataBlock
  ........f....... 00 00 00 00 00 00 00 00 66 00 00 00 01 01 00 00
  ................ 00 00 01 00 00 00 00 01 00 00 00 00 00 00 00 00
  ................ 00 00 00 00 00 00 00 00 00 00 00 00 00 00 00 00
  ................ 00 00 00 00 00 00 00 00 00 01 00 00 00 e0 a8 9c
  .                17
002523-002532 StringBlock "NewState"
002533-002571 DataBlock
  T............... 54 01 00 00 b0 00 00 00 00 00 00 00 02 00 00 00
  ................ 00 00 00 00 00 00 00 00 01 00 00 00 01 00 00 00
  .......          00 00 00 00 00 00 00
002572-002584 StringBlock "la_gioconda"
002585-002600 DataBlock
  ................ 0a 00 00 00 01 00 00 00 00 00 00 00 00 00 00 ff
002601-002619 StringBlock "ingame_text_small"
002620-002639 DataBlock
  ................ 00 00 00 00 00 00 00 00 00 00 00 00 00 00 00 00
  ....             00 00 00 00
002640-002650 T0Block "normal_t0"
002651-002666 DataBlock
  ................ 00 00 00 00 00 00 00 00 00 00 00 00 00 00 00 00
002667-002677 T0Block "normal_t0"
002678-002721 DataBlock
  ................ 00 00 00 00 00 00 00 00 00 00 00 00 00 00 00 00
  ................ 00 00 00 00 00 00 00 00 00 00 00 00 00 00 00 00
  ............     00 00 00 00 0c 00 00 00 01 00 00 00
002722-002728 StringBlock "scale"
002729-002794 DataBlock
  ................ 00 00 01 00 00 00 00 00 00 00 00 00 00 00 e8 00
  ..X............. 00 00 58 02 00 00 ff ff ff ff 00 00 00 00 00 00
  ................ 00 00 00 00 00 00 00 00 00 00 00 00 00 00 ff ff
  ................ ff ff ff ff ff ff c8 00 00 00 04 00 00 00 00 00
  .?               80 3f
002795-002802 StringBlock "Linear"
002803-002815 DataBlock
  .............    00 00 00 00 00 00 00 00 00 00 00 00 01
002816-002821 StringBlock "List"
002822-002872 DataBlock
  .......C........ 01 00 00 00 00 00 aa 43 00 00 00 00 00 00 00 00
  ................ 00 01 00 00 00 01 00 00 00 00 00 00 00 00 00 00
  ................ 00 00 00 00 00 00 00 00 00 00 00 00 00 00 00 00
  ...              00 00 01
002873-002878 StringBlock "List"
002879-002938 DataBlock
  .......C........ 01 00 00 00 00 00 b1 43 00 00 00 00 00 00 00 00
  ................ 00 01 00 00 00 01 00 00 00 00 00 04 00 00 00 00
  ................ 00 00 00 00 00 00 00 00 00 00 00 00 00 00 00 00
  ............     00 00 00 00 00 00 00 00 00 00 00 00
