000000-000009 VersionBlock 106
000010-000013 RootIDBlock 217341600
000014-000019 StringBlock "root"
000020-000099 DataBlock
  ................ 00 00 00 00 00 00 00 00 00 00 00 00 01 01 00 00
  ................ 00 00 01 00 00 00 00 01 00 00 00 00 00 00 00 00
  ................ 00 00 00 00 00 00 00 00 00 00 00 00 00 01 00 00
  .0.....@........ 00 30 83 1c 0f 00 00 40 06 00 00 c0 03 00 00 00
  ..............0. 00 00 00 00 00 00 00 00 01 00 00 00 a0 fb 30 0f
000100-000109 StringBlock "NewState"
000110-000148 DataBlock
  ................ 00 05 00 00 00 04 00 00 00 00 00 00 02 00 00 00
  ................ 00 00 00 00 00 00 00 00 01 00 00 00 01 00 00 00
  .......          00 00 00 00 00 00 00
000149-000161 StringBlock "la_gioconda"
000162-000177 DataBlock
  ................ 0a 00 00 00 01 00 00 00 00 00 00 00 00 00 00 ff
000178-000196 StringBlock "ingame_text_small"
000197-000216 DataBlock
  ................ 00 00 00 00 00 00 00 00 00 00 00 00 00 00 00 00
  ....             00 00 00 00
000217-000227 T0Block "normal_t0"
000228-000243 DataBlock
  ................ 00 00 00 00 00 00 00 00 00 00 00 00 00 00 00 00
000244-000254 T0Block "normal_t0"
000255-000407 DataBlock
  ................ 00 00 00 00 00 00 00 00 00 00 00 00 00 00 00 00
  ....0........... 01 00 00 00 30 83 1c 0f 00 00 00 00 00 00 00 00
  @............... 40 06 00 00 c0 03 00 00 be ff bb ff 00 00 00 00
  ................ 00 00 00 00 00 00 00 00 00 00 00 01 01 00 00 00
  ................ 00 00 00 00 00 00 00 00 00 00 00 00 00 00 00 00
  ....?........... 00 00 00 80 3f 00 00 00 00 00 00 00 00 00 00 00
  ................ 00 00 00 00 00 00 00 00 00 00 00 00 00 00 00 00
  ................ 00 00 00 00 00 00 00 00 00 00 00 00 00 00 00 00
  ................ 00 00 00 00 00 00 00 00 00 00 00 00 00 00 00 01
  ......b..        00 00 00 00 00 00 62 f4 0c
000408-000421 StringBlock "options_game"
000422-000423 DataBlock
  ..               00 00
000424-000445 StringBlock "CampaignGameSettings"
000446-000494 DataBlock
  ................ 9f 01 00 00 e4 00 00 00 00 00 00 00 00 00 01 00
  ................ 00 00 00 01 00 00 00 00 05 00 00 00 00 00 00 00
  .............p.. 00 00 00 00 00 00 00 00 00 04 00 00 00 70 fc 1c
  .                0f
000495-000532 ImagePathBlock "ui\\skins\\default\\panel_back_tile.png"
000533-000545 DataBlock
  ............     ce 00 00 00 ce 00 00 00 00 c0 10 86 20
000546-000585 ImagePathBlock "ui\\skins\\default\\panel_back_border.png"
000586-000598 DataBlock
  .........`...    00 01 00 00 00 01 00 00 00 60 f9 d4 1f
000599-000638 ImagePathBlock "ui\\skins\\default\\panel_back_bottom.png"
000639-000651 DataBlock
  .........@..>    00 01 00 00 00 01 00 00 00 40 e0 a8 3e
000652-000688 ImagePathBlock "ui\\skins\\default\\panel_back_top.png"
000689-000713 DataBlock
  ................ 00 01 00 00 00 01 00 00 00 00 00 00 00 00 00 00
  .....`e..        00 01 00 00 00 60 65 f4 0c
000714-000723 StringBlock "NewState"
000724-000762 DataBlock
  ....8........... c2 01 00 00 38 02 00 00 00 00 00 00 04 00 00 00
  ................ 04 00 00 00 00 00 00 00 01 00 00 00 01 00 00 00
  .......          00 00 00 00 00 00 00
000763-000775 StringBlock "la_gioconda"
000776-000791 DataBlock
  ................ 0a 00 00 00 01 00 00 00 00 00 00 00 00 00 00 ff
000792-000810 StringBlock "ingame_text_small"
000811-000830 DataBlock
  ................ 00 00 00 00 00 00 00 00 00 00 00 00 00 00 00 00
  ....             00 00 00 00
000831-000841 T0Block "normal_t0"
000842-000857 DataBlock
  ................ 00 00 00 00 00 00 00 00 00 00 00 00 00 00 00 00
000858-000868 T0Block "normal_t0"
000869-001318 DataBlock
  ................ 00 00 00 00 00 00 00 00 00 00 00 00 00 00 00 00
  ....p........... 04 00 00 00 70 fc 1c 0f 00 00 00 00 00 00 00 00
  ....8........... c2 01 00 00 38 02 00 00 ff ff ff ff 01 00 00 05
  ................ 00 00 00 00 00 00 00 00 00 00 00 01 01 00 00 00
  ................ 00 00 00 00 00 00 00 00 00 00 00 00 00 00 00 00
  ....?........... 00 00 00 80 3f 00 00 00 00 00 00 00 00 00 00 00
  ......... A.. A. 00 00 00 00 00 00 00 00 00 20 41 00 00 20 41 00
  . A.. A... ..... 00 20 41 00 00 20 41 c0 10 86 20 00 00 00 00 00
  .......8........ 00 00 00 c2 01 00 00 38 02 00 00 ff ff ff ff 01
  ................ 00 00 00 00 00 00 00 00 00 00 00 00 00 00 01 01
  ................ 00 00 00 00 00 00 00 00 00 00 00 00 00 00 00 00
  .......?........ 00 00 00 00 00 00 80 3f 00 00 00 00 00 00 00 00
  ............ B.. 00 00 00 00 00 00 00 00 00 00 00 00 20 42 00 00
   B.. B.. B`..... 20 42 00 00 20 42 00 00 20 42 60 f9 d4 1f 00 00
  ..........K..... 00 00 ed 01 00 00 c2 01 00 00 4b 00 00 00 ff ff
  ................ ff ff 01 00 00 08 00 00 00 00 00 00 00 00 00 00
  ................ 00 01 01 00 00 00 00 00 00 00 00 00 00 00 00 00
  ..........?..... 00 00 00 00 00 00 00 00 00 80 3f 00 00 00 00 00
  ................ 00 00 00 00 00 00 00 00 00 00 00 00 00 00 00 f0
  A.. B...A.. B@.. 41 00 00 20 42 00 00 f0 41 00 00 20 42 40 e0 a8
  >............2.. 3e 00 00 00 00 00 00 00 00 c2 01 00 00 32 00 00
  ................ 00 ff ff ff ff 01 00 00 02 00 00 00 00 00 00 00
  ................ 00 00 00 00 01 00 00 00 00 00 00 00 00 00 00 00
  .............?.. 00 00 00 00 00 00 00 00 00 00 00 00 80 3f 00 00
  ................ 00 00 00 00 00 00 00 00 00 00 00 00 00 00 00 00
  ...A.. B...A.. B 00 00 f0 41 00 00 20 42 00 00 f0 41 00 00 20 42
  ................ 00 00 00 00 00 00 00 00 00 00 00 00 00 00 00 00
  <............... 3c 00 00 00 00 00 00 00 05 00 00 00 00 00 c0 1d
  ..               e6 06
001319-001334 StringBlock "panel_campaign"
001335-001387 DataBlock
  ....%...(....... 00 00 00 00 25 00 00 00 28 00 00 00 00 00 00 00
  ................ 00 00 01 00 00 00 00 01 00 00 00 00 00 00 00 00
  ................ 00 00 00 00 00 00 00 00 00 00 00 00 00 01 00 00
  ....=            00 c0 8e 93 3d
001388-001424 ImagePathBlock "ui\\skins\\default\\panel_back_top.png"
001425-001449 DataBlock
  ................ 00 01 00 00 00 01 00 00 00 00 00 00 00 00 00 00
  .......n.        00 01 00 00 00 90 fb 6e 04
001450-001459 StringBlock "NewState"
001460-001498 DataBlock
  z............... 7a 01 00 00 b2 00 00 00 00 00 00 00 04 00 00 00
  ................ 04 00 00 00 00 00 00 00 01 00 00 00 01 00 00 00
  .......          00 00 00 00 00 00 00
001499-001511 StringBlock "la_gioconda"
001512-001527 DataBlock
  ................ 0a 00 00 00 01 00 00 00 00 00 00 00 00 00 00 ff
001528-001546 StringBlock "ingame_text_small"
001547-001566 DataBlock
  ................ 00 00 00 00 00 00 00 00 00 00 00 00 00 00 00 00
  ....             00 00 00 00
001567-001577 T0Block "normal_t0"
001578-001593 DataBlock
  ................ 00 00 00 00 00 00 00 00 00 00 00 00 00 00 00 00
001594-001604 T0Block "normal_t0"
001605-001757 DataBlock
  ................ 00 00 00 00 00 00 00 00 00 00 00 00 00 00 00 00
  .......=........ 01 00 00 00 c0 8e 93 3d dc ff ff ff 0e 00 00 00
  ....2........... c2 01 00 00 32 00 00 00 ff ff ff ff 01 00 00 02
  ................ 00 00 00 00 00 00 00 0e 00 00 00 01 01 00 00 00
  ................ 00 00 00 00 00 00 00 00 00 00 00 00 00 00 00 00
  ....?........... 00 00 00 80 3f 00 00 00 00 00 00 00 00 00 00 00
  ..........A.. B. 00 00 00 00 00 00 00 00 00 f0 41 00 00 20 42 00
  ..A.. B......... 00 f0 41 00 00 20 42 00 00 00 00 00 00 00 00 00
  .......<........ 00 00 00 00 00 00 00 3c 00 00 00 00 00 00 00 04
  .........        00 00 00 00 00 f0 e4 f6 0c
001758-001768 StringBlock "CPU_moves"
001769-001770 DataBlock
  ..               00 00
001771-001780 StringBlock "Checkbox"
001781-001829 DataBlock
  T...N........... 54 01 00 00 4e 00 00 00 00 00 00 00 00 00 00 00
  ................ 00 00 00 01 00 00 00 00 00 00 00 00 00 00 00 00
  ..............j. 00 00 00 00 00 00 00 00 00 04 00 00 00 00 6a 93
  .                0d
001830-001867 ImagePathBlock "ui\\skins\\default\\checkbox_active.png"
001868-001880 DataBlock
  "... ......n.    22 00 00 00 20 00 00 00 00 a0 fd 6e 04
001881-001917 ImagePathBlock "ui\\skins\\default\\checkbox_hover.png"
001918-001930 DataBlock
  "... ......E.    22 00 00 00 20 00 00 00 00 c0 d1 45 0f
001931-001977 ImagePathBlock "ui\\skins\\default\\checkbox_selected_active.png"
001978-001990 DataBlock
  ...........E.    19 00 00 00 1a 00 00 00 00 80 d2 45 0f
001991-002036 ImagePathBlock "ui\\skins\\default\\checkbox_selected_hover.png"
002037-002061 DataBlock
  "... ........... 22 00 00 00 20 00 00 00 00 00 00 00 00 00 00 00
  .....P...        00 0a 00 00 00 50 e8 f6 0c
002062-002068 StringBlock "hover"
002069-002107 DataBlock
  ................ 19 00 00 00 1a 00 00 00 00 00 00 00 02 00 00 00
  ................ 00 00 00 00 00 00 00 00 01 00 00 00 01 00 00 00
  .......          00 00 00 00 00 00 00
002108-002119 StringBlock "Norse-Bold"
002120-002135 DataBlock
  ................ 0a 00 00 00 02 00 00 00 01 00 00 00 dd da fa ff
002136-002158 StringBlock "Default Font Category"
002159-002178 DataBlock
  ................ 00 00 00 00 00 00 00 00 00 00 00 00 00 00 00 00
  ....             01 00 00 00
002179-002189 T0Block "normal_t0"
002190-002205 DataBlock
  ................ 00 00 00 00 00 00 00 00 00 00 00 00 00 00 00 00
002206-002216 T0Block "normal_t0"
002217-002391 DataBlock
  ................ 00 00 00 00 00 00 00 00 00 00 00 00 00 00 00 00
  ......n......... 01 00 00 00 a0 fd 6e 04 00 00 00 00 00 00 00 00
  ................ 19 00 00 00 1a 00 00 00 ff ff ff ff 00 00 00 00
  ................ 00 00 00 00 00 00 00 00 00 00 00 01 01 00 00 00
  ................ 00 00 00 00 00 00 00 00 00 00 00 00 00 00 00 00
  ....?........... 00 00 00 80 3f 00 00 00 00 00 00 00 00 00 00 00
  ................ 00 00 00 00 00 00 00 00 00 00 00 00 00 00 00 00
  ...........^.... 00 00 00 00 00 00 00 9b 00 00 00 5e 00 00 00 02
  .......`........ 00 00 00 01 00 00 00 60 ec f6 0c 00 00 00 00 00
  ................ 00 00 00 00 00 00 00 02 00 00 00 e0 0f f7 0c 00
  ...........`...  00 00 00 00 00 00 00 00 00 00 00 60 ea f6 0c
002392-002410 StringBlock "selected_down_off"
002411-002449 DataBlock
  ................ 19 00 00 00 1a 00 00 00 00 00 00 00 02 00 00 00
  ................ 00 00 00 00 00 00 00 00 01 00 00 00 01 00 00 00
  .......          00 00 00 00 00 00 00
002450-002461 StringBlock "Norse-Bold"
002462-002477 DataBlock
  ................ 0a 00 00 00 02 00 00 00 01 00 00 00 dd da fa ff
002478-002500 StringBlock "Default Font Category"
002501-002520 DataBlock
  ................ 00 00 00 00 00 00 00 00 00 00 00 00 00 00 00 00
  ....             01 00 00 00
002521-002531 T0Block "normal_t0"
002532-002547 DataBlock
  ................ 00 00 00 00 00 00 00 00 00 00 00 00 00 00 00 00
002548-002558 T0Block "normal_t0"
002559-002733 DataBlock
  ................ 00 00 00 00 00 00 00 00 00 00 00 00 00 00 00 00
  ......E......... 01 00 00 00 80 d2 45 0f 00 00 00 00 00 00 00 00
  ................ 19 00 00 00 1a 00 00 00 ff ff ff ff 00 00 00 00
  ................ 00 00 00 00 00 00 00 00 00 00 00 01 01 00 00 00
  ................ 00 00 00 00 00 00 00 00 00 00 00 00 00 00 00 00
  ....?........... 00 00 00 80 3f 00 00 00 00 00 00 00 00 00 00 00
  ................ 00 00 00 00 00 00 00 00 00 00 00 00 00 00 00 00
  .......y...".... 00 00 00 00 00 00 00 79 01 00 00 22 00 00 00 02
  .......p........ 00 00 00 00 00 00 00 70 f0 f6 0c 00 00 00 00 00
  ................ 00 00 00 00 00 00 00 08 00 00 00 e0 0d f7 0c 00
  ...........`...  00 00 00 00 00 00 00 00 00 00 00 60 ec f6 0c
002734-002741 StringBlock "active"
002742-002780 DataBlock
  ................ 19 00 00 00 1a 00 00 00 00 00 00 00 00 00 00 00
  ................ 02 00 00 00 00 00 00 00 01 00 00 00 01 00 00 00
  .......          00 00 00 00 00 00 00
002781-002792 StringBlock "Norse-Bold"
002793-002808 DataBlock
  ................ 0a 00 00 00 02 00 00 00 01 00 00 00 dd da fa ff
002809-002831 StringBlock "Default Font Category"
002832-002851 DataBlock
  ................ 00 00 00 00 00 00 00 00 00 00 00 00 00 00 00 00
  ....             01 00 00 00
002852-002862 T0Block "normal_t0"
002863-002878 DataBlock
  ................ 00 00 00 00 00 00 00 00 00 00 00 00 00 00 00 00
002879-002889 T0Block "normal_t0"
002890-003044 DataBlock
  ................ 00 00 00 00 00 00 00 00 00 00 00 00 00 00 00 00
  .....j.......... 01 00 00 00 00 6a 93 0d 00 00 00 00 00 00 00 00
  ................ 19 00 00 00 1a 00 00 00 ff ff ff ff 00 00 00 00
  ................ 00 00 00 00 00 00 00 00 00 00 00 01 01 00 00 00
  ................ 00 00 00 00 00 00 00 00 00 00 00 00 00 00 00 00
  ....?........... 00 00 00 80 3f 00 00 00 00 00 00 00 00 00 00 00
  ................ 00 00 00 00 00 00 00 00 00 00 00 00 00 00 00 00
  .......,........ 00 00 00 00 00 00 00 2c 00 00 00 1e 00 00 00 01
  .......P........ 00 00 00 00 00 00 00 50 e8 f6 0c 00 00 00 00 00
  .......p...      00 00 00 00 00 00 00 70 ee f6 0c
003045-003060 StringBlock "selected_hover"
003061-003099 DataBlock
  ................ 19 00 00 00 1a 00 00 00 00 00 00 00 02 00 00 00
  ................ 00 00 00 00 00 00 00 00 01 00 00 00 01 00 00 00
  .......          00 00 00 00 00 00 00
003100-003111 StringBlock "Norse-Bold"
003112-003127 DataBlock
  ................ 0a 00 00 00 02 00 00 00 01 00 00 00 dd da fa ff
003128-003150 StringBlock "Default Font Category"
003151-003170 DataBlock
  ................ 00 00 00 00 00 00 00 00 00 00 00 00 00 00 00 00
  ....             01 00 00 00
003171-003181 T0Block "normal_t0"
003182-003197 DataBlock
  ................ 00 00 00 00 00 00 00 00 00 00 00 00 00 00 00 00
003198-003208 T0Block "normal_t0"
003209-003383 DataBlock
  ................ 00 00 00 00 00 00 00 00 00 00 00 00 00 00 00 00
  ......E......... 01 00 00 00 80 d2 45 0f 00 00 00 00 00 00 00 00
  ................ 19 00 00 00 1a 00 00 00 ff ff ff ff 00 00 00 00
  ................ 00 00 00 00 00 00 00 00 00 00 00 01 01 00 00 00
  ................ 00 00 00 00 00 00 00 00 00 00 00 00 00 00 00 00
  ....?........... 00 00 00 80 3f 00 00 00 00 00 00 00 00 00 00 00
  ................ 00 00 00 00 00 00 00 00 00 00 00 00 00 00 00 00
  ................ 00 00 00 00 00 00 00 06 01 00 00 b4 00 00 00 02
  ................ 00 00 00 01 00 00 00 e0 0d f7 0c 00 00 00 00 00
  ...........p.... 00 00 00 00 00 00 00 02 00 00 00 70 f0 f6 0c 00
  ...............  00 00 00 00 00 00 00 00 00 00 00 e0 0d f7 0c
003384-003393 StringBlock "selected"
003394-003432 DataBlock
  ................ 19 00 00 00 1a 00 00 00 00 00 00 00 02 00 00 00
  ................ 00 00 00 00 00 00 00 00 01 00 00 00 01 00 00 00
  .......          00 00 00 00 00 00 00
003433-003444 StringBlock "Norse-Bold"
003445-003460 DataBlock
  ................ 0a 00 00 00 02 00 00 00 01 00 00 00 dd da fa ff
003461-003483 StringBlock "Default Font Category"
003484-003503 DataBlock
  ................ 00 00 00 00 00 00 00 00 00 00 00 00 00 00 00 00
  ....             01 00 00 00
003504-003514 T0Block "normal_t0"
003515-003530 DataBlock
  ................ 00 00 00 00 00 00 00 00 00 00 00 00 00 00 00 00
003531-003541 T0Block "normal_t0"
003542-003696 DataBlock
  ................ 00 00 00 00 00 00 00 00 00 00 00 00 00 00 00 00
  ......E......... 01 00 00 00 c0 d1 45 0f 00 00 00 00 00 00 00 00
  ................ 19 00 00 00 1a 00 00 00 ff ff ff ff 00 00 00 00
  ................ 00 00 00 00 00 00 00 00 00 00 00 01 01 00 00 00
  ................ 00 00 00 00 00 00 00 00 00 00 00 00 00 00 00 00
  ....?........... 00 00 00 80 3f 00 00 00 00 00 00 00 00 00 00 00
  ................ 00 00 00 00 00 00 00 00 00 00 00 00 00 00 00 00
  ............... 00 00 00 00 00 00 00 7f 01 00 00 f1 00 00 00 01
  .......p........ 00 00 00 00 00 00 00 70 ee f6 0c 00 00 00 00 00
  ...........      00 00 00 00 00 00 00 d0 09 f7 0c
003697-003706 StringBlock "down_off"
003707-003745 DataBlock
  ................ 19 00 00 00 1a 00 00 00 00 00 00 00 00 00 00 00
  ................ 02 00 00 00 00 00 00 00 01 00 00 00 01 00 00 00
  .......          00 00 00 00 00 00 00
003746-003757 StringBlock "Norse-Bold"
003758-003773 DataBlock
  ................ 0a 00 00 00 02 00 00 00 01 00 00 00 dd da fa ff
003774-003796 StringBlock "Default Font Category"
003797-003816 DataBlock
  ................ 00 00 00 00 00 00 00 00 00 00 00 00 00 00 00 00
  ....             01 00 00 00
003817-003827 T0Block "normal_t0"
003828-003843 DataBlock
  ................ 00 00 00 00 00 00 00 00 00 00 00 00 00 00 00 00
003844-003854 T0Block "normal_t0"
003855-004029 DataBlock
  ................ 00 00 00 00 00 00 00 00 00 00 00 00 00 00 00 00
  ......n......... 01 00 00 00 a0 fd 6e 04 00 00 00 00 00 00 00 00
  ................ 19 00 00 00 1a 00 00 00 ff ff ff ff 00 00 00 00
  ................ 00 00 00 00 00 00 00 00 00 00 00 01 01 00 00 00
  ................ 00 00 00 00 00 00 00 00 00 00 00 00 00 00 00 00
  ....?........... 00 00 00 80 3f 00 00 00 00 00 00 00 00 00 00 00
  ................ 00 00 00 00 00 00 00 00 00 00 00 00 00 00 00 00
  .......9........ 00 00 00 00 00 00 00 39 00 00 00 e5 00 00 00 02
  ................ 00 00 00 00 00 00 00 e0 0f f7 0c 00 00 00 00 00
  ...........`.... 00 00 00 00 00 00 00 08 00 00 00 60 ec f6 0c 00
  ...............  00 00 00 00 00 00 00 00 00 00 00 d0 0b f7 0c
004030-004048 StringBlock "selected_inactive"
004049-004087 DataBlock
  ................ 19 00 00 00 1a 00 00 00 00 00 00 00 02 00 00 00
  ................ 00 00 00 00 00 00 00 00 01 00 00 00 01 00 00 00
  .......          00 00 00 00 00 00 00
004088-004099 StringBlock "Norse-Bold"
004100-004115 DataBlock
  ................ 0a 00 00 00 02 00 00 00 01 00 00 00 dd da fa ff
004116-004138 StringBlock "Default Font Category"
004139-004158 DataBlock
  ................ 00 00 00 00 00 00 00 00 00 00 00 00 00 00 00 00
  ....             01 01 00 00
004159-004169 T0Block "normal_t0"
004170-004185 DataBlock
  ................ 00 00 00 00 00 00 00 00 00 00 00 00 00 00 00 00
004186-004196 T0Block "normal_t0"
004197-004331 DataBlock
  ................ 00 00 00 00 00 00 00 00 00 00 00 00 00 00 00 00
  ......E......... 01 00 00 00 c0 d1 45 0f 00 00 00 00 00 00 00 00
  ................ 19 00 00 00 1a 00 00 00 ff ff ff ff 00 00 00 00
  ................ 00 00 00 00 00 00 00 00 00 00 00 01 01 00 00 00
  ................ 00 00 00 00 00 00 00 00 00 00 00 00 00 00 00 00
  ....?........... 00 00 00 80 3f 00 00 00 00 00 00 00 00 00 00 00
  ................ 00 00 00 00 00 00 00 00 00 00 00 00 00 00 00 00
  ................ 00 00 00 00 00 00 00 00 00 00 00 00 00 00 00 00
  ...p...          00 00 00 70 f0 f6 0c
004332-004346 StringBlock "selected_down"
004347-004385 DataBlock
  ................ 19 00 00 00 1a 00 00 00 00 00 00 00 02 00 00 00
  ................ 00 00 00 00 00 00 00 00 01 00 00 00 01 00 00 00
  .......          00 00 00 00 00 00 00
004386-004397 StringBlock "Norse-Bold"
004398-004413 DataBlock
  ................ 0a 00 00 00 02 00 00 00 01 00 00 00 dd da fa ff
004414-004436 StringBlock "Default Font Category"
004437-004456 DataBlock
  ................ 00 00 00 00 00 00 00 00 00 00 00 00 00 00 00 00
  ....             01 00 00 00
004457-004467 T0Block "normal_t0"
004468-004483 DataBlock
  ................ 00 00 00 00 00 00 00 00 00 00 00 00 00 00 00 00
004484-004494 T0Block "normal_t0"
004495-004669 DataBlock
  ................ 00 00 00 00 00 00 00 00 00 00 00 00 00 00 00 00
  ......n......... 01 00 00 00 a0 fd 6e 04 00 00 00 00 00 00 00 00
  ................ 19 00 00 00 1a 00 00 00 ff ff ff ff 00 00 00 00
  ................ 00 00 00 00 00 00 00 00 00 00 00 01 01 00 00 00
  ................ 00 00 00 00 00 00 00 00 00 00 00 00 00 00 00 00
  ....?........... 00 00 00 80 3f 00 00 00 00 00 00 00 00 00 00 00
  ................ 00 00 00 00 00 00 00 00 00 00 00 00 00 00 00 00
  ...........\.... 00 00 00 00 00 00 00 04 01 00 00 5c 00 00 00 02
  .......P........ 00 00 00 03 00 00 00 50 e8 f6 0c 00 00 00 00 00
  ...........`.... 00 00 00 00 00 00 00 01 00 00 00 60 ea f6 0c 00
  ...............  00 00 00 00 00 00 00 00 00 00 00 e0 0f f7 0c
004670-004675 StringBlock "down"
004676-004714 DataBlock
  ................ 19 00 00 00 1a 00 00 00 00 00 00 00 00 00 00 00
  ................ 02 00 00 00 00 00 00 00 01 00 00 00 01 00 00 00
  .......          00 00 00 00 00 00 00
004715-004726 StringBlock "Norse-Bold"
004727-004742 DataBlock
  ................ 0a 00 00 00 02 00 00 00 01 00 00 00 dd da fa ff
004743-004765 StringBlock "Default Font Category"
004766-004785 DataBlock
  ................ 00 00 00 00 00 00 00 00 00 00 00 00 00 00 00 00
  ....             01 00 00 00
004786-004796 T0Block "normal_t0"
004797-004812 DataBlock
  ................ 00 00 00 00 00 00 00 00 00 00 00 00 00 00 00 00
004813-004823 T0Block "normal_t0"
004824-004998 DataBlock
  ................ 00 00 00 00 00 00 00 00 00 00 00 00 00 00 00 00
  ......E......... 01 00 00 00 80 d2 45 0f 00 00 00 00 00 00 00 00
  ................ 19 00 00 00 1a 00 00 00 ff ff ff ff 00 00 00 00
  ................ 00 00 00 00 00 00 00 00 00 00 00 01 01 00 00 00
  ................ 00 00 00 00 00 00 00 00 00 00 00 00 00 00 00 00
  ....?........... 00 00 00 80 3f 00 00 00 00 00 00 00 00 00 00 00
  ................ 00 00 00 00 00 00 00 00 00 00 00 00 00 00 00 00
  ................ 00 00 00 00 00 00 00 a0 00 00 00 b4 00 00 00 02
  .......p........ 00 00 00 03 00 00 00 70 ee f6 0c 00 00 00 00 00
  ................ 00 00 00 00 00 00 00 01 00 00 00 d0 09 f7 0c 00
  ...............  00 00 00 00 00 00 00 00 00 00 00 f0 11 f7 0c
004999-005008 StringBlock "inactive"
005009-005047 DataBlock
  ................ 19 00 00 00 1a 00 00 00 00 00 00 00 02 00 00 00
  ................ 00 00 00 00 00 00 00 00 01 00 00 00 01 00 00 00
  .......          00 00 00 00 00 00 00
005048-005059 StringBlock "Norse-Bold"
005060-005075 DataBlock
  ................ 0a 00 00 00 02 00 00 00 01 00 00 00 dd da fa ff
005076-005098 StringBlock "Default Font Category"
005099-005118 DataBlock
  ................ 00 00 00 00 00 00 00 00 00 00 00 00 00 00 00 00
  ....             01 01 00 00
005119-005136 T0Block "set_greyscale_t0"
005137-005152 DataBlock
  ...?...?........ 00 00 80 3f 00 00 00 3f 00 00 00 00 00 00 00 00
005153-005163 T0Block "normal_t0"
005164-005316 DataBlock
  ................ 00 00 00 00 00 00 00 00 00 00 00 00 00 00 00 00
  .....j.......... 01 00 00 00 00 6a 93 0d 00 00 00 00 00 00 00 00
  ................ 19 00 00 00 1a 00 00 00 ff ff ff ff 00 00 00 00
  ................ 00 00 00 00 00 00 00 00 00 00 00 01 01 00 00 00
  ................ 00 00 00 00 00 00 00 00 00 00 00 00 00 00 00 00
  ....?........... 00 00 00 80 3f 00 00 00 00 00 00 00 00 00 00 00
  ................ 00 00 00 00 00 00 00 00 00 00 00 00 00 00 00 00
  ................ 00 00 00 00 00 00 00 00 00 00 00 00 00 00 00 00
  .......<........ 00 00 00 00 00 00 00 3c 00 00 00 00 00 00 00 01
  .........        00 00 00 00 00 f0 13 f7 0c
005317-005326 StringBlock "label_tx"
005327-005391 DataBlock
  ................ 00 00 00 00 ab fe ff ff 04 00 00 00 01 01 00 00
  ................ 00 00 01 00 00 00 00 01 00 00 00 00 00 00 00 00
  ................ 00 00 00 00 00 00 00 00 00 00 00 00 00 00 00 00
  .............P.. 00 00 00 00 00 00 00 00 00 01 00 00 00 50 17 f7
  .                0c
005392-005401 StringBlock "NewState"
005402-005409 DataBlock
  K.......         4b 01 00 00 18 00 00 00
005410-005439 UnicodeBlock "Show CPU Moves"
005440-005887 UnicodeBlock "If this is checked you will be able to see any visible CPU player's moves during the end turn phase.||This can help to keep a track on some of the CPU's locations and movements, but the end turn phase will also take longer."
005888-005908 DataBlock
  ................ 03 00 00 00 04 00 00 00 00 00 00 00 01 00 00 00
  .....            01 00 00 00 01
005909-005978 UnicodeBlock "cpu_moves_tx_NewState_Text_410066g"
005979-006046 UnicodeBlock "label_tx_NewState_Tooltip_3e001ba"
006047-006048 DataBlock
  ..               00 00
006049-006061 StringBlock "la_gioconda"
006062-006077 DataBlock
  ................ 0c 00 00 00 01 00 00 00 00 00 00 00 d7 f8 ff ff
006078-006086 StringBlock "fe_text"
006087-006106 DataBlock
  ................ 00 00 00 00 00 00 00 00 00 00 00 00 00 00 00 00
  ....             01 01 00 00
006107-006117 T0Block "normal_t0"
006118-006133 DataBlock
  ................ 00 00 00 00 00 00 00 00 00 00 00 00 00 00 00 00
006134-006144 T0Block "normal_t0"
006145-006212 DataBlock
  ................ 00 00 00 00 00 00 00 00 00 00 00 00 00 00 00 00
  ................ 00 00 00 00 00 00 00 00 00 00 00 00 00 00 00 00
  ....<........... 00 00 00 00 3c 00 00 00 00 00 00 00 00 00 00 00
  ................ 00 00 00 00 00 00 00 00 00 00 00 00 00 00 00 00
  ....             00 00 00 00
006213-006228 StringBlock "panel_subtitle"
006229-006234 DataBlock
  ......           01 00 00 00 00 00
006235-006250 StringBlock "panel_subtitle"
006251-006295 DataBlock
  ................ 00 00 00 00 00 00 00 00 00 00 00 00 00 00 00 00
  .C..PB.......... c8 43 00 00 50 42 02 00 00 00 00 00 00 00 01 02
  .............    00 00 00 00 00 00 00 00 00 00 00 00 00
006296-006305 StringBlock "NewState"
006306-006321 DataBlock
  ................ 00 00 00 00 00 00 00 00 00 00 00 00 01 00 00 00
006322-006358 ImagePathBlock "ui\\skins\\default\\panel_subtitle.png"
006359-006366 DataBlock
  .... !..         01 00 00 00 20 21 e6 06
006367-006378 StringBlock "heading_tx"
006379-006443 DataBlock
  ....(........... 00 00 00 00 28 00 00 00 0b 00 00 00 01 01 00 00
  ................ 00 00 01 00 00 00 00 01 00 00 00 00 05 00 00 00
  ................ 00 00 00 00 00 00 00 00 00 00 00 00 00 00 00 00
  ................ 00 00 00 00 00 00 00 00 00 01 00 00 00 80 dd f6
  .                0c
006444-006453 StringBlock "NewState"
006454-006461 DataBlock
  @.......         40 01 00 00 1e 00 00 00
006462-006497 UnicodeBlock "Campaign Settings"
006498-006520 DataBlock
  ................ 00 00 04 00 00 00 04 00 00 00 00 00 00 00 01 00
  .......          00 00 01 00 00 00 01
006521-006580 UnicodeBlock "button_options_Tooltip_3f0004"
006581-006584 DataBlock
  ....             00 00 00 00
006585-006607 StringBlock "la_gioconda_uppercase"
006608-006623 DataBlock
  ................ 10 00 00 00 01 00 00 00 00 00 00 00 d7 f8 ff ff
006624-006645 StringBlock "fe_paragraph_heading"
006646-006665 DataBlock
  ................ 00 00 00 00 00 00 00 00 00 00 00 00 00 00 00 00
  ....             01 01 00 00
006666-006676 T0Block "normal_t0"
006677-006692 DataBlock
  ................ 00 00 00 00 00 00 00 00 00 00 00 00 00 00 00 00
006693-006708 T0Block "drop_shadow_t0"
006709-006744 DataBlock
  .......?...@.... 00 00 00 00 00 00 80 3f 00 00 00 40 00 00 00 00
  ................ 00 00 00 00 00 00 00 00 00 00 00 00 00 00 00 00
  ....             02 00 00 00
006745-006759 StringBlock "dynamic_child"
006760-006762 DataBlock
  ..1              01 00 31
006763-006784 StringBlock "dynamic_child_parent"
006785-006800 StringBlock "panel_subtitle"
006801-006822 DataBlock
  <............... 3c 00 00 00 00 00 00 00 00 00 00 00 00 00 00 00
  ......           00 00 00 00 00 00
006823-006839 StringBlock "checkbox_toggle"
006840-006845 DataBlock
  ......           01 00 00 00 00 00
006846-006870 StringBlock "checkbox_autosave_cloud"
006871-006872 DataBlock
  ..               00 00
006873-006882 StringBlock "Checkbox"
006883-006903 StringBlock "UI_GBL_TMP_CheckBox"
006904-006942 DataBlock
  ...C...B...B...B 00 00 a7 43 00 00 de 42 00 00 08 42 00 00 00 42
  ....<........... 00 00 00 00 3c 00 00 00 01 0b 00 00 00 00 00 00
  .......          00 00 00 00 00 00 00
006943-006949 StringBlock "hover"
006950-006957 DataBlock
  ........         00 00 00 00 00 00 00 00
006958-006976 StringBlock "selected_down_off"
006977-006984 DataBlock
  ........         00 00 00 00 00 00 00 00
006985-006992 StringBlock "active"
006993-007000 DataBlock
  ........         00 00 00 00 00 00 00 00
007001-007016 StringBlock "selected_hover"
007017-007024 DataBlock
  ........         00 00 00 00 00 00 00 00
007025-007034 StringBlock "selected"
007035-007042 DataBlock
  ........         00 00 00 00 00 00 00 00
007043-007052 StringBlock "down_off"
007053-007060 DataBlock
  ........         00 00 00 00 00 00 00 00
007061-007079 StringBlock "selected_inactive"
007080-007087 DataBlock
  ........         00 00 00 00 00 00 00 00
007088-007102 StringBlock "selected_down"
007103-007110 DataBlock
  ........         00 00 00 00 00 00 00 00
007111-007116 StringBlock "down"
007117-007124 DataBlock
  ........         00 00 00 00 00 00 00 00
007125-007134 StringBlock "inactive"
007135-007150 DataBlock
  ................ 00 00 00 00 00 00 00 00 00 00 00 00 04 00 00 00
007151-007188 ImagePathBlock "ui\\skins\\default\\checkbox_active.png"
007189-007225 ImagePathBlock "ui\\skins\\default\\checkbox_hover.png"
007226-007265 ImagePathBlock "ui\\skins\\default\\checkbox_selected.png"
007266-007311 ImagePathBlock "ui\\skins\\default\\checkbox_selected_hover.png"
007312-007319 DataBlock
  .... .[.         01 00 00 00 20 ec 5b 10
007320-007329 StringBlock "label_tx"
007330-007331 DataBlock
  ..               00 00
007332-007345 StringBlock "CheckboxText"
007346-007365 DataBlock
  ................ 84 ff ff ff 04 00 00 00 01 00 00 00 00 00 01 00
  ....             00 00 00 01
007366-007689 UnicodeBlock "Cloud Saving||This enables the game to automatically save to the cloud, which allows save games to be carried between the same steam account on multiple systems."
007690-007737 UnicodeBlock "label_tx_Tooltip_18001c"
007738-007774 DataBlock
  ................ 0d 00 00 00 00 00 00 00 00 00 00 00 00 00 00 00
  ................ 00 00 00 00 00 00 00 00 00 00 00 00 00 01 00 00
  .....            00 e0 d5 d4 0b
007775-007784 StringBlock "NewState"
007785-007792 DataBlock
  |.......         7c 00 00 00 18 00 00 00
007793-007828 UnicodeBlock "Autosave to cloud"
007829-007851 DataBlock
  ................ 00 00 03 00 00 00 04 00 00 00 00 00 00 00 03 00
  .......          00 00 01 00 00 00 01
007852-007913 UnicodeBlock "label_tx_NewState_Text_530017h"
007914-007917 DataBlock
  ....             00 00 00 00
007918-007930 StringBlock "la_gioconda"
007931-007946 DataBlock
  ................ 0c 00 00 00 01 00 00 00 00 00 00 00 d7 f8 ff ff
007947-007955 StringBlock "fe_text"
007956-007975 DataBlock
  ................ 00 00 00 00 00 00 00 00 00 00 00 00 00 00 00 00
  ....             01 00 00 00
007976-007986 T0Block "normal_t0"
007987-008002 DataBlock
  ................ 00 00 00 00 00 00 00 00 00 00 00 00 00 00 00 00
008003-008013 T0Block "normal_t0"
008014-008049 DataBlock
  ................ 00 00 00 00 00 00 00 00 00 00 00 00 00 00 00 00
  ................ 00 00 00 00 00 00 00 00 00 00 00 00 00 00 00 00
  ....             02 00 00 00
008050-008064 StringBlock "dynamic_child"
008065-008067 DataBlock
  ..1              01 00 31
008068-008089 StringBlock "dynamic_child_parent"
008090-008114 StringBlock "checkbox_autosave_cloud"
008115-008136 DataBlock
  <............... 3c 00 00 00 00 00 00 00 00 00 00 00 00 00 00 00
  ......           00 00 00 00 00 00
008137-008153 StringBlock "dropdown_button"
008154-008157 DataBlock
  ....             08 00 00 00
008158-008169 StringBlock "border_top"
008170-008181 StringBlock "border_top"
008182-008226 DataBlock
  ................ 00 00 00 00 00 00 00 00 00 00 00 00 00 00 00 00
  :C.. A....A..... 3a 43 00 00 20 41 02 00 00 00 41 00 00 00 00 02
  .............    00 00 00 00 00 00 00 00 00 00 00 00 00
008227-008236 StringBlock "NewState"
008237-008254 DataBlock
  ................ 00 00 00 00 00 00 00 00 00 00 00 00 00 00 00 00
  ..               00 00
008255-008273 StringBlock "dropdown_AI_moves"
008274-008275 DataBlock
  ..               00 00
008276-008289 StringBlock "DropdownMenu"
008290-008310 StringBlock "UI_GBL_TMP_DropDown"
008311-008349 DataBlock
  ..9C...B..<C...B 00 00 39 43 00 00 8e 42 00 00 3c 43 00 00 08 42
  ................ 00 00 00 00 0a 00 00 00 01 0b 00 00 00 00 00 00
  .......          00 00 00 00 00 00 00
008350-008356 StringBlock "hover"
008357-008364 DataBlock
  ........         00 00 00 00 00 00 00 00
008365-008383 StringBlock "selected_down_off"
008384-008391 DataBlock
  ........         00 00 00 00 00 00 00 00
008392-008399 StringBlock "active"
008400-008407 DataBlock
  ........         00 00 00 00 00 00 00 00
008408-008423 StringBlock "selected_hover"
008424-008431 DataBlock
  ........         00 00 00 00 00 00 00 00
008432-008441 StringBlock "selected"
008442-008449 DataBlock
  ........         00 00 00 00 00 00 00 00
008450-008459 StringBlock "down_off"
008460-008467 DataBlock
  ........         00 00 00 00 00 00 00 00
008468-008486 StringBlock "selected_inactive"
008487-008494 DataBlock
  ........         00 00 00 00 00 00 00 00
008495-008509 StringBlock "selected_down"
008510-008517 DataBlock
  ........         00 00 00 00 00 00 00 00
008518-008523 StringBlock "down"
008524-008531 DataBlock
  ........         00 00 00 00 00 00 00 00
008532-008541 StringBlock "inactive"
008542-008557 DataBlock
  ................ 00 00 00 00 00 00 00 00 00 00 00 00 0a 00 00 00
008558-008613 ImagePathBlock "ui\\skins\\default\\button_dropdown_selected_inactive.png"
008614-008659 ImagePathBlock "ui\\skins\\default\\button_dropdown_pressed.png"
008660-008712 ImagePathBlock "ui\\skins\\default\\button_dropdown_selected_hover.png"
008713-008756 ImagePathBlock "ui\\skins\\default\\button_dropdown_hover.png"
008757-008801 ImagePathBlock "ui\\skins\\default\\button_dropdown_active.png"
008802-008848 ImagePathBlock "ui\\skins\\default\\button_dropdown_inactive.png"
008849-008895 ImagePathBlock "ui\\skins\\default\\button_dropdown_selected.png"
008896-008950 ImagePathBlock "ui\\skins\\default\\button_dropdown_selected_pressed.png"
008951-009006 ImagePathBlock "ui\\skins\\default\\button_dropdown_selected_underlay.png"
009007-009053 ImagePathBlock "ui\\skins\\default\\button_dropdown_underlay.png"
009054-009070 StringBlock "dy_selected_txt"
009071-009087 StringBlock "dy_selected_txt"
009088-009132 DataBlock
  .........@...@.. 00 00 00 00 00 00 00 00 80 40 00 00 80 40 00 00
  .C...A....A..... 1c 43 00 00 b8 41 00 00 00 00 41 00 00 00 01 02
  .............    00 00 00 00 00 00 00 00 00 00 00 00 00
009133-009142 StringBlock "NewState"
009143-009216 UnicodeBlock "dy_selected_txt_NewState_Text_780000"
009217-009236 DataBlock
  ..x.x.x......... 03 00 78 00 78 00 78 00 00 00 00 00 00 00 00 00
  ....             00 00 00 00
009237-009251 StringBlock "border_bottom"
009252-009266 StringBlock "border_bottom"
009267-009311 DataBlock
  ................ 00 00 00 00 00 00 00 00 00 00 00 00 00 00 00 00
  3C.. A....A..... 33 43 00 00 20 41 08 00 00 00 41 00 00 00 00 02
  .............    00 00 00 00 00 00 00 00 00 00 00 00 00
009312-009321 StringBlock "NewState"
009322-009337 DataBlock
  ................ 00 00 00 00 00 00 00 00 00 00 00 00 00 00 00 00
009338-009350 StringBlock "row_example"
009351-009363 StringBlock "row_example"
009364-009365 DataBlock
  ..               00 00
009366-009385 StringBlock "DropdownMenuOption"
009386-009411 StringBlock "UI_GBL_TMP_DropDown_List"
009412-009450 DataBlock
  ..........!C...A 00 00 00 00 00 00 00 00 00 00 21 43 00 00 d8 41
  ....A........... 00 00 00 00 41 00 00 00 01 05 00 00 00 00 00 00
  .......          00 00 00 00 00 00 00
009451-009457 StringBlock "hover"
009458-009465 DataBlock
  ........         00 00 00 00 00 00 00 00
009466-009475 StringBlock "selected"
009476-009483 DataBlock
  ........         00 00 00 00 00 00 00 00
009484-009495 StringBlock "unselected"
009496-009503 DataBlock
  ........         00 00 00 00 00 00 00 00
009504-009519 StringBlock "selected_hover"
009520-009535 DataBlock
  ................ 00 00 00 00 00 00 00 00 00 00 00 00 01 00 00 00
009536-009583 ImagePathBlock "ui\\skins\\default\\button_dropdown_highlight.png"
009584-009595 StringBlock "popup_list"
009596-009607 StringBlock "popup_list"
009608-009652 DataBlock
  ................ 00 00 00 00 00 00 00 00 00 00 00 00 00 00 00 00
  &C...A....A..... 26 43 00 00 d8 41 05 00 00 00 41 00 00 00 01 02
  .............    00 00 00 00 00 00 00 00 00 00 00 00 00
009653-009662 StringBlock "NewState"
009663-009678 DataBlock
  ................ 00 00 00 00 00 00 00 00 00 00 00 00 00 00 00 00
009679-009686 StringBlock "row_tx"
009687-009694 StringBlock "row_tx"
009695-009739 DataBlock
  ................ 00 00 00 00 00 00 00 00 00 00 00 00 00 00 00 00
  )C...A....A..... 29 43 00 00 d8 41 01 00 00 00 41 00 00 00 01 02
  .............    00 00 00 00 00 00 00 00 00 00 00 00 00
009740-009749 StringBlock "NewState"
009750-009805 UnicodeBlock "row_tx_NewState_Text_28000c"
009806-009819 UnicodeBlock "Item 1"
009820-009831 DataBlock
  ............     00 00 00 00 00 00 00 00 00 00 00 00
009832-009843 StringBlock "popup_menu"
009844-009855 StringBlock "popup_menu"
009856-009900 DataBlock
  .............A.. 00 00 00 00 00 00 00 00 00 00 00 00 e8 41 00 00
  &C..LB....A..... 26 43 00 00 4c 42 00 00 00 00 41 00 00 00 00 02
  .............    00 00 00 00 00 00 00 00 00 00 00 00 00
009901-009910 StringBlock "NewState"
009911-009926 DataBlock
  ................ 00 00 00 00 00 00 00 00 00 00 00 00 01 00 00 00
009927-009970 ImagePathBlock "ui\\skins\\default\\button_dropdown_panel.png"
009971-009978 DataBlock
  ......D&         01 00 00 00 c0 98 44 26
009979-009989 StringBlock "label_txt"
009990-010054 DataBlock
  ....B........... 00 00 00 00 42 ff ff ff 05 00 00 00 01 01 00 00
  ................ 00 00 01 00 00 00 00 01 00 00 00 00 0d 00 00 00
  ................ fc ff ff ff 00 00 00 00 00 00 00 00 00 00 00 00
  ...............D 00 00 00 00 00 00 00 00 00 01 00 00 00 c0 9b 44
  &                26
010055-010064 StringBlock "NewState"
010065-010072 DataBlock
  ........         ba 00 00 00 18 00 00 00
010073-010114 UnicodeBlock "Show AI player moves"
010115-010137 DataBlock
  ................ 00 00 03 00 00 00 04 00 00 00 00 00 00 00 02 00
  .......          00 00 01 00 00 00 01
010138-010205 UnicodeBlock "cpu_moves_tx_NewState_Text_71000b"
010206-010209 DataBlock
  ....             00 00 00 00
010210-010222 StringBlock "la_gioconda"
010223-010238 DataBlock
  ................ 0c 00 00 00 01 00 00 00 00 00 00 00 d7 f8 ff ff
010239-010247 StringBlock "fe_text"
010248-010267 DataBlock
  ................ 00 00 00 00 00 00 00 00 00 00 00 00 00 00 00 00
  ....             00 00 00 00
010268-010278 T0Block "normal_t0"
010279-010294 DataBlock
  ................ 00 00 00 00 00 00 00 00 00 00 00 00 00 00 00 00
010295-010305 T0Block "normal_t0"
010306-010341 DataBlock
  ................ 00 00 00 00 00 00 00 00 00 00 00 00 00 00 00 00
  ................ 00 00 00 00 00 00 00 00 00 00 00 00 00 00 00 00
  ....             02 00 00 00
010342-010356 StringBlock "dynamic_child"
010357-010359 DataBlock
  ..1              01 00 31
010360-010381 StringBlock "dynamic_child_parent"
010382-010400 StringBlock "dropdown_AI_moves"
010401-010438 DataBlock
  <............... 3c 00 00 00 00 00 00 00 00 00 00 00 00 00 00 00
  ................ 00 00 00 00 00 00 00 00 00 00 00 00 00 00 00 00
  ..0.E.           00 00 30 94 45 0f
010439-010452 StringBlock "panel_battle"
010453-010505 DataBlock
  ....%...i....... 00 00 00 00 25 00 00 00 69 01 00 00 00 00 00 00
  ................ 00 00 01 00 00 00 00 01 00 00 00 00 00 00 00 00
  ................ 00 00 00 00 00 00 00 00 00 00 00 00 00 01 00 00
  ...VA            00 80 bd 56 41
010506-010542 ImagePathBlock "ui\\skins\\default\\panel_back_top.png"
010543-010567 DataBlock
  ................ 00 01 00 00 00 01 00 00 00 00 00 00 00 00 00 00
  .......E.        00 01 00 00 00 90 97 45 0f
010568-010577 StringBlock "NewState"
010578-010616 DataBlock
  {............... 7b 01 00 00 a4 00 00 00 00 00 00 00 04 00 00 00
  ................ 04 00 00 00 00 00 00 00 01 00 00 00 01 00 00 00
  .......          00 00 00 00 00 00 00
010617-010629 StringBlock "la_gioconda"
010630-010645 DataBlock
  ................ 0a 00 00 00 01 00 00 00 00 00 00 00 00 00 00 ff
010646-010664 StringBlock "ingame_text_small"
010665-010684 DataBlock
  ................ 00 00 00 00 00 00 00 00 00 00 00 00 00 00 00 00
  ....             00 00 00 00
010685-010695 T0Block "normal_t0"
010696-010711 DataBlock
  ................ 00 00 00 00 00 00 00 00 00 00 00 00 00 00 00 00
010712-010722 T0Block "normal_t0"
010723-010875 DataBlock
  ................ 00 00 00 00 00 00 00 00 00 00 00 00 00 00 00 00
  ......VA........ 01 00 00 00 80 bd 56 41 db ff ff ff 0e 00 00 00
  ....2........... c2 01 00 00 32 00 00 00 ff ff ff ff 01 00 00 02
  ................ 00 00 00 fe ff ff ff 0e 00 00 00 01 00 00 00 00
  ................ 00 00 00 00 00 00 00 00 00 00 00 00 00 00 00 00
  ....?........... 00 00 00 80 3f 00 00 00 00 00 00 00 00 00 00 00
  ..........A.. B. 00 00 00 00 00 00 00 00 00 f0 41 00 00 20 42 00
  ..A.. B......... 00 f0 41 00 00 20 42 00 00 00 00 00 00 00 00 00
  .......<........ 00 00 00 00 00 00 00 3c 00 00 00 00 00 00 00 03
  ......+F.        00 00 00 00 00 c0 2b 46 0f
010876-010885 StringBlock "bar_fill"
010886-010950 DataBlock
  ....n...?....... 00 00 00 00 6e 00 00 00 3f 00 00 00 00 00 00 00
  ................ 00 00 01 00 00 00 00 01 00 00 00 00 05 00 00 00
  ................ 00 00 00 00 ff ff ff ff 00 00 00 00 00 00 00 00
  ............../F 00 00 00 00 00 00 00 00 00 01 00 00 00 80 2f 46
  .                0f
010951-010960 StringBlock "NewState"
010961-010999 DataBlock
  ....#........... 9f 00 00 00 23 00 00 00 00 00 00 00 02 00 00 00
  ................ 00 00 00 00 00 00 00 00 01 00 00 00 01 00 00 00
  .......          00 00 00 00 00 00 00
011000-011012 StringBlock "la_gioconda"
011013-011028 DataBlock
  ................ 0a 00 00 00 01 00 00 00 00 00 00 00 00 00 00 ff
011029-011047 StringBlock "ingame_text_small"
011048-011067 DataBlock
  ................ 00 00 00 00 00 00 00 00 00 00 00 00 00 00 00 00
  ....             00 00 00 00
011068-011078 T0Block "normal_t0"
011079-011094 DataBlock
  ................ 00 00 00 00 00 00 00 00 00 00 00 00 00 00 00 00
011095-011105 T0Block "normal_t0"
011106-011153 DataBlock
  ................ 00 00 00 00 00 00 00 00 00 00 00 00 00 00 00 00
  ................ 00 00 00 00 00 00 00 00 00 00 00 00 00 00 00 00
  ....<........... 00 00 00 00 3c 00 00 00 00 00 00 00 01 00 00 00
011154-011178 StringBlock "panel_slider_horizontal"
011179-011182 DataBlock
  ....             06 00 00 00
011183-011194 StringBlock "frame_left"
011195-011206 StringBlock "frame_left"
011207-011251 DataBlock
  ................ 00 00 00 00 00 00 00 00 10 c2 00 00 00 c0 00 00
  .B...A....-..... 14 42 00 00 c8 41 01 00 00 00 2d 00 00 00 01 02
  .............    00 00 00 00 00 00 00 00 00 00 00 00 00
011252-011261 StringBlock "NewState"
011262-011277 DataBlock
  ................ 00 00 00 00 00 00 00 00 00 00 00 00 01 00 00 00
011278-011328 ImagePathBlock "ui\\skins\\default\\panel_slider_horizontal_left.png"
011329-011335 StringBlock "right"
011336-011342 StringBlock "right"
011343-011344 DataBlock
  ..               00 00
011345-011367 StringBlock "SliderIncrementButton"
011368-011393 StringBlock "UI_GBL_TMP_Slider_Arrows"
011394-011432 DataBlock
  ...B.......A...A 00 00 08 42 00 00 80 bf 00 00 a8 41 00 00 a8 41
  ....<........... 06 00 00 00 3c 00 00 00 01 06 00 00 00 00 00 00
  .......          00 00 00 00 00 00 00
011433-011439 StringBlock "hover"
011440-011447 DataBlock
  ........         00 00 00 00 00 00 00 00
011448-011457 StringBlock "inactive"
011458-011465 DataBlock
  ........         00 00 00 00 00 00 00 00
011466-011473 StringBlock "active"
011474-011481 DataBlock
  ........         00 00 00 00 00 00 00 00
011482-011487 StringBlock "down"
011488-011495 DataBlock
  ........         00 00 00 00 00 00 00 00
011496-011505 StringBlock "down_off"
011506-011517 DataBlock
  ............     00 00 00 00 00 00 00 00 02 00 00 00
011518-011527 StringBlock "stepSize"
011528-011530 DataBlock
  ..1              01 00 31
011531-011551 StringBlock "update_frequency_ms"
011552-011560 DataBlock
  ..200....        03 00 32 30 30 03 00 00 00
011561-011615 ImagePathBlock "ui\\skins\\default\\panel_slider_vertical_top_active.png"
011616-011671 ImagePathBlock "ui\\skins\\default\\panel_slider_vertical_top_pressed.png"
011672-011725 ImagePathBlock "ui\\skins\\default\\panel_slider_vertical_top_hover.png"
011726-011733 StringBlock "handle"
011734-011741 StringBlock "handle"
011742-011743 DataBlock
  ..               00 00
011744-011758 StringBlock "HSliderHandle"
011759-011784 StringBlock "UI_GBL_TMP_Slider_Handle"
011785-011823 DataBlock
  ...........A...B 00 00 00 00 00 00 e0 c0 00 00 90 41 00 00 0c 42
  ....<........... 00 00 00 00 3c 00 00 00 01 05 00 00 00 00 00 00
  .......          00 00 00 00 00 00 00
011824-011830 StringBlock "hover"
011831-011838 DataBlock
  ........         00 00 00 00 00 00 00 00
011839-011848 StringBlock "inactive"
011849-011856 DataBlock
  ........         00 00 00 00 00 00 00 00
011857-011864 StringBlock "active"
011865-011872 DataBlock
  ........         00 00 00 00 00 00 00 00
011873-011882 StringBlock "down_off"
011883-011898 DataBlock
  ................ 00 00 00 00 00 00 00 00 00 00 00 00 02 00 00 00
011899-011943 ImagePathBlock "ui\\skins\\default\\slider_vertical_handle.png"
011944-011997 ImagePathBlock "ui\\skins\\default\\slider_vertical_handle_underlay.png"
011998-012003 StringBlock "left"
012004-012009 StringBlock "left"
012010-012011 DataBlock
  ..               00 00
012012-012034 StringBlock "SliderDecrementButton"
012035-012060 StringBlock "UI_GBL_TMP_Slider_Arrows"
012061-012099 DataBlock
  ...........A...A 00 00 08 c2 00 00 80 bf 00 00 a8 41 00 00 a8 41
  ....<........... 04 00 00 00 3c 00 00 00 01 06 00 00 00 00 00 00
  .......          00 00 00 00 00 00 00
012100-012106 StringBlock "hover"
012107-012114 DataBlock
  ........         00 00 00 00 00 00 00 00
012115-012124 StringBlock "inactive"
012125-012132 DataBlock
  ........         00 00 00 00 00 00 00 00
012133-012140 StringBlock "active"
012141-012148 DataBlock
  ........         00 00 00 00 00 00 00 00
012149-012154 StringBlock "down"
012155-012162 DataBlock
  ........         00 00 00 00 00 00 00 00
012163-012172 StringBlock "down_off"
012173-012184 DataBlock
  ............     00 00 00 00 00 00 00 00 02 00 00 00
012185-012194 StringBlock "stepSize"
012195-012197 DataBlock
  ..1              01 00 31
012198-012218 StringBlock "update_frequency_ms"
012219-012227 DataBlock
  ..200....        03 00 32 30 30 03 00 00 00
012228-012285 ImagePathBlock "ui\\skins\\default\\panel_slider_vertical_bottom_active.png"
012286-012344 ImagePathBlock "ui\\skins\\default\\panel_slider_vertical_bottom_pressed.png"
012345-012401 ImagePathBlock "ui\\skins\\default\\panel_slider_vertical_bottom_hover.png"
012402-012414 StringBlock "frame_right"
012415-012427 StringBlock "frame_right"
012428-012472 DataBlock
  .........B...... 00 00 00 00 00 00 00 00 1c 42 00 00 00 c0 00 00
  .B...A....-..... 18 42 00 00 c8 41 03 00 00 00 2d 00 00 00 01 02
  .............    00 00 00 00 00 00 00 00 00 00 00 00 00
012473-012482 StringBlock "NewState"
012483-012498 DataBlock
  ................ 00 00 00 00 00 00 00 00 00 00 00 00 01 00 00 00
012499-012550 ImagePathBlock "ui\\skins\\default\\panel_slider_horizontal_right.png"
012551-012552 DataBlock
  ..               00 00
012553-012572 StringBlock "battle_diff_slider"
012573-012574 DataBlock
  ..               00 00
012575-012583 StringBlock "HSlider"
012584-012624 DataBlock
  .............C.. 00 00 00 00 00 00 00 00 00 00 00 00 17 43 00 00
  .A....-......... a0 41 05 00 00 00 2d 00 00 00 01 03 00 00 00 00
  .........        00 00 00 00 00 00 00 00 00
012625-012632 StringBlock "active"
012633-012640 DataBlock
  ........         00 00 00 00 00 00 00 00
012641-012650 StringBlock "inactive"
012651-012662 DataBlock
  ............     00 00 00 00 00 00 00 00 06 00 00 00
012663-012669 StringBlock "Value"
012670-012672 DataBlock
  ..0              01 00 30
012673-012682 StringBlock "minValue"
012683-012685 DataBlock
  ..0              01 00 30
012686-012695 StringBlock "maxValue"
012696-012698 DataBlock
  ..4              01 00 34
012699-012706 StringBlock "Notify"
012707-012708 DataBlock
  ..               00 00
012709-012719 StringBlock "step_size"
012720-012722 DataBlock
  ..1              01 00 31
012723-012736 StringBlock "SnapToValues"
012737-012742 StringBlock "true"
012743-012746 DataBlock
  ....             01 00 00 00
012747-012790 ImagePathBlock "ui\\skins\\default\\slider_horizontal_mid.png"
012791-012798 DataBlock
  ......R.         03 00 00 00 00 0c 52 0a
012799-012807 StringBlock "tx_easy"
012808-012872 DataBlock
  ................ 00 00 00 00 81 ff ff ff ff ff ff ff 01 01 00 00
  ................ 00 00 01 00 00 00 00 01 00 00 00 00 0d 00 00 00
  ...........R.... d8 ff ff ff 00 00 00 00 00 a0 0f 52 0a 00 00 00
  ...............R 00 00 00 00 00 00 00 00 00 01 00 00 00 a0 0f 52
  .                0a
012873-012882 StringBlock "NewState"
012883-012890 DataBlock
  W.......         57 00 00 00 17 00 00 00
012891-012900 UnicodeBlock "Easy"
012901-012923 DataBlock
  ................ 00 00 03 00 00 00 04 00 00 00 00 00 00 00 02 00
  .......          00 00 01 00 00 00 01
012924-012981 UnicodeBlock "tx_easy_NewState_Text_180036"
012982-012985 DataBlock
  ....             00 00 00 00
012986-012998 StringBlock "la_gioconda"
012999-013014 DataBlock
  ................ 0c 00 00 00 01 00 00 00 00 00 00 00 d7 f8 ff ff
013015-013023 StringBlock "fe_text"
013024-013043 DataBlock
  ................ 00 00 00 00 00 00 00 00 00 00 00 00 00 00 00 00
  ....             01 00 00 00
013044-013054 T0Block "normal_t0"
013055-013070 DataBlock
  ................ 00 00 00 00 00 00 00 00 00 00 00 00 00 00 00 00
013071-013081 T0Block "normal_t0"
013082-013117 DataBlock
  ................ 00 00 00 00 00 00 00 00 00 00 00 00 00 00 00 00
  ................ 00 00 00 00 00 00 00 00 00 00 00 00 00 00 00 00
  ....             02 00 00 00
013118-013132 StringBlock "dynamic_child"
013133-013135 DataBlock
  ..1              01 00 31
013136-013157 StringBlock "dynamic_child_parent"
013158-013177 StringBlock "battle_diff_slider"
013178-013203 DataBlock
  -............... 2d 00 00 00 00 00 00 00 00 00 00 00 00 00 00 00
  ......p.R.       00 00 00 00 00 00 70 12 52 0a
013204-013212 StringBlock "tx_hard"
013213-013277 DataBlock
  ................ 00 00 00 00 bf 00 00 00 ff ff ff ff 01 01 00 00
  ................ 00 00 01 00 00 00 00 01 00 00 00 00 0f 00 00 00
  (..........R.... 28 00 00 00 00 00 00 00 00 a0 16 52 0a 00 00 00
  ...............R 00 00 00 00 00 00 00 00 00 01 00 00 00 a0 16 52
  .                0a
013278-013287 StringBlock "NewState"
013288-013295 DataBlock
  W.......         57 00 00 00 17 00 00 00
013296-013305 UnicodeBlock "Hard"
013306-013328 DataBlock
  ................ 00 00 02 00 00 00 04 00 00 00 00 00 00 00 02 00
  .......          00 00 01 00 00 00 01
013329-013384 UnicodeBlock "tx_hard_NewState_Text_5003a"
013385-013388 DataBlock
  ....             00 00 00 00
013389-013401 StringBlock "la_gioconda"
013402-013417 DataBlock
  ................ 0c 00 00 00 01 00 00 00 00 00 00 00 d7 f8 ff ff
013418-013426 StringBlock "fe_text"
013427-013446 DataBlock
  ................ 00 00 00 00 00 00 00 00 00 00 00 00 00 00 00 00
  ....             01 00 00 00
013447-013457 T0Block "normal_t0"
013458-013473 DataBlock
  ................ 00 00 00 00 00 00 00 00 00 00 00 00 00 00 00 00
013474-013484 T0Block "normal_t0"
013485-013520 DataBlock
  ................ 00 00 00 00 00 00 00 00 00 00 00 00 00 00 00 00
  ................ 00 00 00 00 00 00 00 00 00 00 00 00 00 00 00 00
  ....             02 00 00 00
013521-013535 StringBlock "dynamic_child"
013536-013538 DataBlock
  ..1              01 00 31
013539-013560 StringBlock "dynamic_child_parent"
013561-013580 StringBlock "battle_diff_slider"
013581-013606 DataBlock
  -............... 2d 00 00 00 00 00 00 00 00 00 00 00 00 00 00 00
  .........B       00 00 00 00 00 00 80 fd 04 42
013607-013621 StringBlock "dy_difficulty"
013622-013686 DataBlock
  ................ 00 00 00 00 fb ff ff ff 12 00 00 00 01 01 00 00
  ................ 00 00 01 00 00 00 00 01 00 00 00 00 08 00 00 00
  ..........?Z<... 00 00 00 00 1c 00 00 00 00 e4 3f 5a 3c 00 00 00
  ..............?Z 00 00 00 00 00 00 00 00 00 01 00 00 00 e4 3f 5a
  <                3c
013687-013696 StringBlock "NewState"
013697-013704 DataBlock
  ........         a2 00 00 00 1e 00 00 00
013705-013722 UnicodeBlock "dy_level"
013723-013745 DataBlock
  ................ 00 00 04 00 00 00 04 00 00 00 00 00 00 00 02 00
  .......          00 00 01 00 00 00 00
013746-013815 UnicodeBlock "dy_difficulty_NewState_Text_2f006a"
013816-013819 DataBlock
  ....             00 00 00 00
013820-013832 StringBlock "la_gioconda"
013833-013848 DataBlock
  ................ 0a 00 00 00 01 00 00 00 01 00 00 00 d7 f8 ff ff
013849-013863 StringBlock "fe_text_small"
013864-013883 DataBlock
  ................ 00 00 00 00 00 00 00 00 00 00 00 00 00 00 00 00
  ....             01 00 00 00
013884-013894 T0Block "normal_t0"
013895-013910 DataBlock
  ................ 00 00 00 00 00 00 00 00 00 00 00 00 00 00 00 00
013911-013921 T0Block "normal_t0"
013922-013957 DataBlock
  .......?...@.... 00 00 00 00 00 00 80 3f 00 00 00 40 00 00 00 00
  ................ 00 00 00 00 00 00 00 00 00 00 00 00 00 00 00 00
  ....             02 00 00 00
013958-013972 StringBlock "dynamic_child"
013973-013975 DataBlock
  ..1              01 00 31
013976-013997 StringBlock "dynamic_child_parent"
013998-014017 StringBlock "battle_diff_slider"
014018-014049 DataBlock
  -............... 2d 00 00 00 00 00 00 00 00 00 00 00 00 00 00 00
  ................ 00 00 00 00 00 00 00 00 00 00 00 00 00 00 00 00
014050-014065 StringBlock "panel_subtitle"
014066-014071 DataBlock
  ......           01 00 00 00 00 00
014072-014087 StringBlock "panel_subtitle"
014088-014132 DataBlock
  ................ 00 00 00 00 00 00 00 00 00 00 00 00 00 00 00 00
  .C..PB....<..... c8 43 00 00 50 42 02 00 00 00 3c 00 00 00 01 02
  .............    00 00 00 00 00 00 00 00 00 00 00 00 00
014133-014142 StringBlock "NewState"
014143-014158 DataBlock
  ................ 00 00 00 00 00 00 00 00 00 00 00 00 01 00 00 00
014159-014195 ImagePathBlock "ui\\skins\\default\\panel_subtitle.png"
014196-014203 DataBlock
  ......E.         01 00 00 00 90 99 45 0f
014204-014215 StringBlock "heading_tx"
014216-014280 DataBlock
  ....(........... 00 00 00 00 28 00 00 00 0b 00 00 00 01 01 00 00
  ................ 00 00 01 00 00 00 00 01 00 00 00 00 05 00 00 00
  ................ 00 00 00 00 00 00 00 00 00 00 00 00 00 00 00 00
  ...............E 00 00 00 00 00 00 00 00 00 01 00 00 00 f0 9c 45
  .                0f
014281-014290 StringBlock "NewState"
014291-014298 DataBlock
  @.......         40 01 00 00 1e 00 00 00
014299-014334 UnicodeBlock "Battle Difficulty"
014335-014357 DataBlock
  ................ 00 00 04 00 00 00 04 00 00 00 00 00 00 00 01 00
  .......          00 00 01 00 00 00 01
014358-014421 UnicodeBlock "heading_tx_NewState_Text_3a0003"
014422-014425 DataBlock
  ....             00 00 00 00
014426-014448 StringBlock "la_gioconda_uppercase"
014449-014464 DataBlock
  ................ 10 00 00 00 01 00 00 00 00 00 00 00 d7 f8 ff ff
014465-014486 StringBlock "fe_paragraph_heading"
014487-014506 DataBlock
  ................ 00 00 00 00 00 00 00 00 00 00 00 00 00 00 00 00
  ....             01 01 00 00
014507-014517 T0Block "normal_t0"
014518-014533 DataBlock
  ................ 00 00 00 00 00 00 00 00 00 00 00 00 00 00 00 00
014534-014549 T0Block "drop_shadow_t0"
014550-014585 DataBlock
  .......?...@.... 00 00 00 00 00 00 80 3f 00 00 00 40 00 00 00 00
  ................ 00 00 00 00 00 00 00 00 00 00 00 00 00 00 00 00
  ....             02 00 00 00
014586-014600 StringBlock "dynamic_child"
014601-014603 DataBlock
  ..1              01 00 31
014604-014625 StringBlock "dynamic_child_parent"
014626-014641 StringBlock "panel_subtitle"
014642-014663 DataBlock
  <............... 3c 00 00 00 00 00 00 00 00 00 00 00 00 00 00 00
  ......           00 00 00 00 00 00
014664-014680 StringBlock "checkbox_toggle"
014681-014686 DataBlock
  ......           01 00 00 00 00 00
014687-014700 StringBlock "realism_mode"
014701-014702 DataBlock
  ..               00 00
014703-014712 StringBlock "Checkbox"
014713-014733 StringBlock "UI_GBL_TMP_CheckBox"
014734-014772 DataBlock
  ...C...B...B...B 00 00 a7 43 00 00 d8 42 00 00 08 42 00 00 00 42
  ....<........... 00 00 00 00 3c 00 00 00 01 0b 00 00 00 00 00 00
  .......          00 00 00 00 00 00 00
014773-014779 StringBlock "hover"
014780-014787 DataBlock
  ........         00 00 00 00 00 00 00 00
014788-014806 StringBlock "selected_down_off"
014807-014814 DataBlock
  ........         00 00 00 00 00 00 00 00
014815-014822 StringBlock "active"
014823-014830 DataBlock
  ........         00 00 00 00 00 00 00 00
014831-014846 StringBlock "selected_hover"
014847-014854 DataBlock
  ........         00 00 00 00 00 00 00 00
014855-014864 StringBlock "selected"
014865-014872 DataBlock
  ........         00 00 00 00 00 00 00 00
014873-014882 StringBlock "down_off"
014883-014890 DataBlock
  ........         00 00 00 00 00 00 00 00
014891-014909 StringBlock "selected_inactive"
014910-014917 DataBlock
  ........         00 00 00 00 00 00 00 00
014918-014932 StringBlock "selected_down"
014933-014940 DataBlock
  ........         00 00 00 00 00 00 00 00
014941-014946 StringBlock "down"
014947-014954 DataBlock
  ........         00 00 00 00 00 00 00 00
014955-014964 StringBlock "inactive"
014965-014980 DataBlock
  ................ 00 00 00 00 00 00 00 00 00 00 00 00 04 00 00 00
014981-015018 ImagePathBlock "ui\\skins\\default\\checkbox_active.png"
015019-015055 ImagePathBlock "ui\\skins\\default\\checkbox_hover.png"
015056-015095 ImagePathBlock "ui\\skins\\default\\checkbox_selected.png"
015096-015141 ImagePathBlock "ui\\skins\\default\\checkbox_selected_hover.png"
015142-015149 DataBlock
  ....@.F.         01 00 00 00 40 b8 46 0f
015150-015159 StringBlock "label_tx"
015160-015161 DataBlock
  ..               00 00
015162-015175 StringBlock "CheckboxText"
015176-015195 DataBlock
  ................ a0 ff ff ff 04 00 00 00 01 00 00 00 00 00 01 00
  ....             00 00 00 01
015196-015801 UnicodeBlock "Realism mode||If this is checked, you will have to fight battles without the radar map or contextual tooltips. You will also be unable to issue orders when paused.||Your camera is also restricted to within 200 meters of any unit, and any enemy units more than 600 meters away will be hidden from sight."
015802-015849 UnicodeBlock "label_tx_Tooltip_630033"
015850-015886 DataBlock
  ................ 0d 00 00 00 00 00 00 00 00 00 00 00 00 00 00 00
  ................ 00 00 00 00 00 00 00 00 00 00 00 00 00 01 00 00
  . .F.            00 20 bc 46 0f
015887-015896 StringBlock "NewState"
015897-015904 DataBlock
  `.......         60 00 00 00 18 00 00 00
015905-015930 UnicodeBlock "Realism mode"
015931-015953 DataBlock
  ................ 00 00 03 00 00 00 04 00 00 00 00 00 00 00 03 00
  .......          00 00 01 00 00 00 01
015954-016013 UnicodeBlock "label_tx_NewState_Text_50003e"
016014-016017 DataBlock
  ....             00 00 00 00
016018-016030 StringBlock "la_gioconda"
016031-016046 DataBlock
  ................ 0c 00 00 00 01 00 00 00 00 00 00 00 d7 f8 ff ff
016047-016055 StringBlock "fe_text"
016056-016075 DataBlock
  ................ 00 00 00 00 00 00 00 00 00 00 00 00 00 00 00 00
  ....             01 00 00 00
016076-016086 T0Block "normal_t0"
016087-016102 DataBlock
  ................ 00 00 00 00 00 00 00 00 00 00 00 00 00 00 00 00
016103-016113 T0Block "normal_t0"
016114-016149 DataBlock
  ................ 00 00 00 00 00 00 00 00 00 00 00 00 00 00 00 00
  ................ 00 00 00 00 00 00 00 00 00 00 00 00 00 00 00 00
  ....             02 00 00 00
016150-016164 StringBlock "dynamic_child"
016165-016167 DataBlock
  ..1              01 00 31
016168-016189 StringBlock "dynamic_child_parent"
016190-016203 StringBlock "realism_mode"
016204-016241 DataBlock
  <............... 3c 00 00 00 00 00 00 00 00 00 00 00 00 00 00 00
  ................ 00 00 00 00 00 00 00 00 00 00 00 00 00 00 00 00
  ....F.           00 00 10 c4 46 0f
016242-016259 StringBlock "panel_time_limit"
016260-016312 DataBlock
  ....%........... 00 00 00 00 25 00 00 00 ba 00 00 00 00 00 00 00
  ................ 00 00 01 00 00 00 00 01 00 00 00 00 00 00 00 00
  ................ 00 00 00 00 00 00 00 00 00 00 00 00 00 01 00 00
  .@._=            00 40 bd 5f 3d
016313-016349 ImagePathBlock "ui\\skins\\default\\panel_back_top.png"
016350-016374 DataBlock
  ................ 00 01 00 00 00 01 00 00 00 00 00 00 00 00 00 00
  .......F.        00 01 00 00 00 f0 c7 46 0f
016375-016384 StringBlock "NewState"
016385-016423 DataBlock
  z............... 7a 01 00 00 9d 00 00 00 00 00 00 00 04 00 00 00
  ................ 04 00 00 00 00 00 00 00 01 00 00 00 01 00 00 00
  .......          00 00 00 00 00 00 00
016424-016436 StringBlock "la_gioconda"
016437-016452 DataBlock
  ................ 0a 00 00 00 01 00 00 00 00 00 00 00 00 00 00 ff
016453-016471 StringBlock "ingame_text_small"
016472-016491 DataBlock
  ................ 00 00 00 00 00 00 00 00 00 00 00 00 00 00 00 00
  ....             00 00 00 00
016492-016502 T0Block "normal_t0"
016503-016518 DataBlock
  ................ 00 00 00 00 00 00 00 00 00 00 00 00 00 00 00 00
016519-016529 T0Block "normal_t0"
016530-016682 DataBlock
  ................ 00 00 00 00 00 00 00 00 00 00 00 00 00 00 00 00
  ....@._=........ 01 00 00 00 40 bd 5f 3d db ff ff ff 0e 00 00 00
  ....2........... c2 01 00 00 32 00 00 00 ff ff ff ff 01 00 00 02
  ................ 00 00 00 ff ff ff ff 0e 00 00 00 01 00 00 00 00
  ................ 00 00 00 00 00 00 00 00 00 00 00 00 00 00 00 00
  ....?........... 00 00 00 80 3f 00 00 00 00 00 00 00 00 00 00 00
  ..........A.. B. 00 00 00 00 00 00 00 00 00 f0 41 00 00 20 42 00
  ..A.. B......... 00 f0 41 00 00 20 42 00 00 00 00 00 00 00 00 00
  .......<........ 00 00 00 00 00 00 00 3c 00 00 00 00 00 00 00 02
  .......F.        00 00 00 00 00 b0 dc 46 0f
016683-016706 StringBlock "time_limit_ButtonGroup"
016707-016708 DataBlock
  ..               00 00
016709-016721 StringBlock "ButtonGroup"
016722-016782 DataBlock
  ....F........... d7 00 00 00 46 00 00 00 01 01 00 00 00 00 01 00
  ................ 00 00 00 01 00 00 00 00 00 00 00 00 00 00 00 00
  ................ 00 00 00 00 00 00 00 00 00 00 00 00 00 00 00 00
  ...........F.    00 00 00 00 00 01 00 00 00 b0 e0 46 0f
016783-016792 StringBlock "NewState"
016793-016831 DataBlock
  ....C........... 14 00 00 00 43 00 00 00 00 00 00 00 02 00 00 00
  ................ 00 00 00 00 00 00 00 00 01 00 00 00 01 00 00 00
  .......          00 00 00 00 00 00 00
016832-016844 StringBlock "la_gioconda"
016845-016860 DataBlock
  ................ 0a 00 00 00 01 00 00 00 00 00 00 00 00 00 00 ff
016861-016879 StringBlock "ingame_text_small"
016880-016899 DataBlock
  ................ 00 00 00 00 00 00 00 00 00 00 00 00 00 00 00 00
  ....             01 00 00 00
016900-016910 T0Block "normal_t0"
016911-016926 DataBlock
  ................ 00 00 00 00 00 00 00 00 00 00 00 00 00 00 00 00
016927-016937 T0Block "normal_t0"
016938-016973 DataBlock
  ................ 00 00 00 00 00 00 00 00 00 00 00 00 00 00 00 00
  ................ 00 00 00 00 c0 cd cd cd c0 cd cd cd 00 00 00 00
  ....             02 00 00 00
016974-016991 StringBlock "Single Selection"
016992-016994 DataBlock
  ..1              01 00 31
016995-017015 StringBlock "Allow None Selected"
017016-017030 DataBlock
  ..0<...........  01 00 30 3c 00 00 00 00 00 00 00 04 00 00 00
017031-017044 StringBlock "radio_button"
017045-017056 DataBlock
  ........20..     01 00 00 00 00 00 02 00 32 30 00 00
017057-017075 StringBlock "ButtonGroupButton"
017076-017100 StringBlock "UI_GBL_TMP_Radio_Button"
017101-017139 DataBlock
  ...B.......A...A 00 00 fc 42 00 00 00 c0 00 00 d0 41 00 00 d0 41
  ....<........... 00 00 00 00 3c 00 00 00 01 0a 00 00 00 00 00 00
  .......          00 00 00 00 00 00 00
017140-017158 StringBlock "selected_down_off"
017159-017166 DataBlock
  ........         00 00 00 00 00 00 00 00
017167-017174 StringBlock "active"
017175-017182 DataBlock
  ........         00 00 00 00 00 00 00 00
017183-017197 StringBlock "selected_roll"
017198-017205 DataBlock
  ........         00 00 00 00 00 00 00 00
017206-017211 StringBlock "roll"
017212-017219 DataBlock
  ........         00 00 00 00 00 00 00 00
017220-017229 StringBlock "down_off"
017230-017237 DataBlock
  ........         00 00 00 00 00 00 00 00
017238-017252 StringBlock "selected_down"
017253-017260 DataBlock
  ........         00 00 00 00 00 00 00 00
017261-017270 StringBlock "selected"
017271-017278 DataBlock
  ........         00 00 00 00 00 00 00 00
017279-017284 StringBlock "down"
017285-017292 DataBlock
  ........         00 00 00 00 00 00 00 00
017293-017302 StringBlock "inactive"
017303-017318 DataBlock
  ................ 00 00 00 00 00 00 00 00 00 00 00 00 04 00 00 00
017319-017362 ImagePathBlock "ui\\skins\\default\\checkbox_round_active.png"
017363-017405 ImagePathBlock "ui\\skins\\default\\checkbox_round_hover.png"
017406-017451 ImagePathBlock "ui\\skins\\default\\checkbox_round_selected.png"
017452-017503 ImagePathBlock "ui\\skins\\default\\checkbox_round_selected_hover.png"
017504-017511 DataBlock
  ........         01 00 00 00 00 a2 dc 0f
017512-017521 StringBlock "label_tx"
017522-017586 DataBlock
  ................ 00 00 00 00 b0 fe ff ff ff ff ff ff 01 01 00 00
  ................ 00 00 01 00 00 00 00 01 00 00 00 00 00 00 00 00
  ................ 00 00 00 00 00 00 00 00 00 00 00 00 00 00 00 00
  .............`.. 00 00 00 00 00 00 00 00 00 01 00 00 00 60 a5 dc
  .                0f
017587-017596 StringBlock "NewState"
017597-017604 DataBlock
  K.......         4b 01 00 00 18 00 00 00
017605-017626 UnicodeBlock "20 Minutes"
017627-017649 DataBlock
  ................ 00 00 03 00 00 00 04 00 00 00 00 00 00 00 01 00
  .......          00 00 01 00 00 00 01
017650-017703 UnicodeBlock "30_tx_NewState_Text_14006b"
017704-017707 DataBlock
  ....             00 00 00 00
017708-017720 StringBlock "la_gioconda"
017721-017736 DataBlock
  ................ 0c 00 00 00 01 00 00 00 00 00 00 00 d7 f8 ff ff
017737-017745 StringBlock "fe_text"
017746-017765 DataBlock
  ................ 00 00 00 00 00 00 00 00 00 00 00 00 00 00 00 00
  ....             00 00 00 00
017766-017776 T0Block "normal_t0"
017777-017792 DataBlock
  ................ 00 00 00 00 00 00 00 00 00 00 00 00 00 00 00 00
017793-017803 T0Block "normal_t0"
017804-017839 DataBlock
  ................ 00 00 00 00 00 00 00 00 00 00 00 00 00 00 00 00
  ................ 00 00 00 00 00 00 00 00 00 00 00 00 00 00 00 00
  ....             02 00 00 00
017840-017854 StringBlock "dynamic_child"
017855-017857 DataBlock
  ..1              01 00 31
017858-017879 StringBlock "dynamic_child_parent"
017880-017905 DataBlock
  ..20<........... 02 00 32 30 3c 00 00 00 00 00 00 00 00 00 00 00
  ..........       00 00 00 00 00 00 00 00 00 00
017906-017919 StringBlock "radio_button"
017920-017931 DataBlock
  ........40..     01 00 00 00 00 00 02 00 34 30 00 00
017932-017950 StringBlock "ButtonGroupButton"
017951-017975 StringBlock "UI_GBL_TMP_Radio_Button"
017976-018014 DataBlock
  ...B...A...A...A 00 00 fc 42 00 00 c8 41 00 00 d0 41 00 00 d0 41
  ....<........... 00 00 00 00 3c 00 00 00 01 0a 00 00 00 00 00 00
  .......          00 00 00 00 00 00 00
018015-018033 StringBlock "selected_down_off"
018034-018041 DataBlock
  ........         00 00 00 00 00 00 00 00
018042-018049 StringBlock "active"
018050-018057 DataBlock
  ........         00 00 00 00 00 00 00 00
018058-018072 StringBlock "selected_roll"
018073-018080 DataBlock
  ........         00 00 00 00 00 00 00 00
018081-018086 StringBlock "roll"
018087-018094 DataBlock
  ........         00 00 00 00 00 00 00 00
018095-018104 StringBlock "down_off"
018105-018112 DataBlock
  ........         00 00 00 00 00 00 00 00
018113-018127 StringBlock "selected_down"
018128-018135 DataBlock
  ........         00 00 00 00 00 00 00 00
018136-018145 StringBlock "selected"
018146-018153 DataBlock
  ........         00 00 00 00 00 00 00 00
018154-018159 StringBlock "down"
018160-018167 DataBlock
  ........         00 00 00 00 00 00 00 00
018168-018177 StringBlock "inactive"
018178-018193 DataBlock
  ................ 00 00 00 00 00 00 00 00 00 00 00 00 04 00 00 00
018194-018237 ImagePathBlock "ui\\skins\\default\\checkbox_round_active.png"
018238-018280 ImagePathBlock "ui\\skins\\default\\checkbox_round_hover.png"
018281-018326 ImagePathBlock "ui\\skins\\default\\checkbox_round_selected.png"
018327-018378 ImagePathBlock "ui\\skins\\default\\checkbox_round_selected_hover.png"
018379-018386 DataBlock
  ....@...         01 00 00 00 40 c9 dc 0f
018387-018396 StringBlock "label_tx"
018397-018461 DataBlock
  ................ 00 00 00 00 b0 fe ff ff ff ff ff ff 01 01 00 00
  ................ 00 00 01 00 00 00 00 01 00 00 00 00 00 00 00 00
  ................ 00 00 00 00 00 00 00 00 00 00 00 00 00 00 00 00
  ................ 00 00 00 00 00 00 00 00 00 01 00 00 00 10 cd dc
  .                0f
018462-018471 StringBlock "NewState"
018472-018479 DataBlock
  K.......         4b 01 00 00 18 00 00 00
018480-018501 UnicodeBlock "40 Minutes"
018502-018524 DataBlock
  ................ 00 00 03 00 00 00 04 00 00 00 00 00 00 00 01 00
  .......          00 00 01 00 00 00 01
018525-018578 UnicodeBlock "60_tx_NewState_Text_14006d"
018579-018582 DataBlock
  ....             00 00 00 00
018583-018595 StringBlock "la_gioconda"
018596-018611 DataBlock
  ................ 0c 00 00 00 01 00 00 00 00 00 00 00 d7 f8 ff ff
018612-018620 StringBlock "fe_text"
018621-018640 DataBlock
  ................ 00 00 00 00 00 00 00 00 00 00 00 00 00 00 00 00
  ....             00 00 00 00
018641-018651 T0Block "normal_t0"
018652-018667 DataBlock
  ................ 00 00 00 00 00 00 00 00 00 00 00 00 00 00 00 00
018668-018678 T0Block "normal_t0"
018679-018714 DataBlock
  ................ 00 00 00 00 00 00 00 00 00 00 00 00 00 00 00 00
  ................ 00 00 00 00 00 00 00 00 00 00 00 00 00 00 00 00
  ....             02 00 00 00
018715-018729 StringBlock "dynamic_child"
018730-018732 DataBlock
  ..1              01 00 31
018733-018754 StringBlock "dynamic_child_parent"
018755-018780 DataBlock
  ..40<........... 02 00 34 30 3c 00 00 00 00 00 00 00 00 00 00 00
  ..........       00 00 00 00 00 00 00 00 00 00
018781-018794 StringBlock "radio_button"
018795-018806 DataBlock
  ........60..     01 00 00 00 00 00 02 00 36 30 00 00
018807-018825 StringBlock "ButtonGroupButton"
018826-018850 StringBlock "UI_GBL_TMP_Radio_Button"
018851-018889 DataBlock
  ...B..PB...A...A 00 00 fc 42 00 00 50 42 00 00 d0 41 00 00 d0 41
  ....<........... 00 00 00 00 3c 00 00 00 01 0a 00 00 00 00 00 00
  .......          00 00 00 00 00 00 00
018890-018908 StringBlock "selected_down_off"
018909-018916 DataBlock
  ........         00 00 00 00 00 00 00 00
018917-018924 StringBlock "active"
018925-018932 DataBlock
  ........         00 00 00 00 00 00 00 00
018933-018947 StringBlock "selected_roll"
018948-018955 DataBlock
  ........         00 00 00 00 00 00 00 00
018956-018961 StringBlock "roll"
018962-018969 DataBlock
  ........         00 00 00 00 00 00 00 00
018970-018979 StringBlock "down_off"
018980-018987 DataBlock
  ........         00 00 00 00 00 00 00 00
018988-019002 StringBlock "selected_down"
019003-019010 DataBlock
  ........         00 00 00 00 00 00 00 00
019011-019020 StringBlock "selected"
019021-019028 DataBlock
  ........         00 00 00 00 00 00 00 00
019029-019034 StringBlock "down"
019035-019042 DataBlock
  ........         00 00 00 00 00 00 00 00
019043-019052 StringBlock "inactive"
019053-019068 DataBlock
  ................ 00 00 00 00 00 00 00 00 00 00 00 00 04 00 00 00
019069-019112 ImagePathBlock "ui\\skins\\default\\checkbox_round_active.png"
019113-019155 ImagePathBlock "ui\\skins\\default\\checkbox_round_hover.png"
019156-019201 ImagePathBlock "ui\\skins\\default\\checkbox_round_selected.png"
019202-019253 ImagePathBlock "ui\\skins\\default\\checkbox_round_selected_hover.png"
019254-019261 DataBlock
  ........         01 00 00 00 c0 05 dd 0f
019262-019271 StringBlock "label_tx"
019272-019336 DataBlock
  ................ 00 00 00 00 b0 fe ff ff ff ff ff ff 01 01 00 00
  ................ 00 00 01 00 00 00 00 01 00 00 00 00 00 00 00 00
  ................ 00 00 00 00 00 00 00 00 00 00 00 00 00 00 00 00
  ................ 00 00 00 00 00 00 00 00 00 01 00 00 00 a0 09 dd
  .                0f
019337-019346 StringBlock "NewState"
019347-019354 DataBlock
  K.......         4b 01 00 00 18 00 00 00
019355-019376 UnicodeBlock "60 Minutes"
019377-019399 DataBlock
  ................ 00 00 03 00 00 00 04 00 00 00 00 00 00 00 01 00
  .......          00 00 01 00 00 00 01
019400-019455 UnicodeBlock "120_tx_NewState_Text_14006f"
019456-019459 DataBlock
  ....             00 00 00 00
019460-019472 StringBlock "la_gioconda"
019473-019488 DataBlock
  ................ 0c 00 00 00 01 00 00 00 00 00 00 00 d7 f8 ff ff
019489-019497 StringBlock "fe_text"
019498-019517 DataBlock
  ................ 00 00 00 00 00 00 00 00 00 00 00 00 00 00 00 00
  ....             00 00 00 00
019518-019528 T0Block "normal_t0"
019529-019544 DataBlock
  ................ 00 00 00 00 00 00 00 00 00 00 00 00 00 00 00 00
019545-019555 T0Block "normal_t0"
019556-019591 DataBlock
  ................ 00 00 00 00 00 00 00 00 00 00 00 00 00 00 00 00
  ................ 00 00 00 00 00 00 00 00 00 00 00 00 00 00 00 00
  ....             02 00 00 00
019592-019606 StringBlock "dynamic_child"
019607-019609 DataBlock
  ..1              01 00 31
019610-019631 StringBlock "dynamic_child_parent"
019632-019657 DataBlock
  ..60<........... 02 00 36 30 3c 00 00 00 00 00 00 00 00 00 00 00
  ..........       00 00 00 00 00 00 00 00 00 00
019658-019671 StringBlock "radio_button"
019672-019677 DataBlock
  ......           01 00 00 00 00 00
019678-019688 StringBlock "unlimited"
019689-019690 DataBlock
  ..               00 00
019691-019709 StringBlock "ButtonGroupButton"
019710-019734 StringBlock "UI_GBL_TMP_Radio_Button"
019735-019773 DataBlock
  ...B...B...A...A 00 00 fc 42 00 00 9e 42 00 00 d0 41 00 00 d0 41
  ....<........... 00 00 00 00 3c 00 00 00 01 0a 00 00 00 00 00 00
  .......          00 00 00 00 00 00 00
019774-019792 StringBlock "selected_down_off"
019793-019800 DataBlock
  ........         00 00 00 00 00 00 00 00
019801-019808 StringBlock "active"
019809-019816 DataBlock
  ........         00 00 00 00 00 00 00 00
019817-019831 StringBlock "selected_roll"
019832-019839 DataBlock
  ........         00 00 00 00 00 00 00 00
019840-019845 StringBlock "roll"
019846-019853 DataBlock
  ........         00 00 00 00 00 00 00 00
019854-019863 StringBlock "down_off"
019864-019871 DataBlock
  ........         00 00 00 00 00 00 00 00
019872-019886 StringBlock "selected_down"
019887-019894 DataBlock
  ........         00 00 00 00 00 00 00 00
019895-019904 StringBlock "selected"
019905-019912 DataBlock
  ........         00 00 00 00 00 00 00 00
019913-019918 StringBlock "down"
019919-019926 DataBlock
  ........         00 00 00 00 00 00 00 00
019927-019936 StringBlock "inactive"
019937-019952 DataBlock
  ................ 00 00 00 00 00 00 00 00 00 00 00 00 04 00 00 00
019953-019996 ImagePathBlock "ui\\skins\\default\\checkbox_round_active.png"
019997-020039 ImagePathBlock "ui\\skins\\default\\checkbox_round_hover.png"
020040-020085 ImagePathBlock "ui\\skins\\default\\checkbox_round_selected.png"
020086-020137 ImagePathBlock "ui\\skins\\default\\checkbox_round_selected_hover.png"
020138-020145 DataBlock
  .....B..         01 00 00 00 f0 42 dd 0f
020146-020155 StringBlock "label_tx"
020156-020220 DataBlock
  ................ 00 00 00 00 b0 fe ff ff ff ff ff ff 01 01 00 00
  ................ 00 00 01 00 00 00 00 01 00 00 00 00 00 00 00 00
  ................ 00 00 00 00 00 00 00 00 00 00 00 00 00 00 00 00
  ..............F. 00 00 00 00 00 00 00 00 00 01 00 00 00 d0 46 dd
  .                0f
020221-020230 StringBlock "NewState"
020231-020238 DataBlock
  K.......         4b 01 00 00 18 00 00 00
020239-020256 UnicodeBlock "No Limit"
020257-020279 DataBlock
  ................ 00 00 03 00 00 00 04 00 00 00 00 00 00 00 01 00
  .......          00 00 01 00 00 00 01
020280-020339 UnicodeBlock "label_tx_NewState_Text_3a006e"
020340-020343 DataBlock
  ....             00 00 00 00
020344-020356 StringBlock "la_gioconda"
020357-020372 DataBlock
  ................ 0c 00 00 00 01 00 00 00 00 00 00 00 d7 f8 ff ff
020373-020381 StringBlock "fe_text"
020382-020401 DataBlock
  ................ 00 00 00 00 00 00 00 00 00 00 00 00 00 00 00 00
  ....             00 00 00 00
020402-020412 T0Block "normal_t0"
020413-020428 DataBlock
  ................ 00 00 00 00 00 00 00 00 00 00 00 00 00 00 00 00
020429-020439 T0Block "normal_t0"
020440-020475 DataBlock
  ................ 00 00 00 00 00 00 00 00 00 00 00 00 00 00 00 00
  ................ 00 00 00 00 00 00 00 00 00 00 00 00 00 00 00 00
  ....             02 00 00 00
020476-020490 StringBlock "dynamic_child"
020491-020493 DataBlock
  ..1              01 00 31
020494-020515 StringBlock "dynamic_child_parent"
020516-020526 StringBlock "unlimited"
020527-020558 DataBlock
  <............... 3c 00 00 00 00 00 00 00 00 00 00 00 00 00 00 00
  ................ 00 00 00 00 00 00 00 00 00 00 00 00 00 00 00 00
020559-020574 StringBlock "panel_subtitle"
020575-020580 DataBlock
  ......           01 00 00 00 00 00
020581-020596 StringBlock "panel_subtitle"
020597-020641 DataBlock
  ................ 00 00 00 00 00 00 00 00 00 00 00 00 00 00 00 00
  .C..PB....<..... c8 43 00 00 50 42 02 00 00 00 3c 00 00 00 01 02
  .............    00 00 00 00 00 00 00 00 00 00 00 00 00
020642-020651 StringBlock "NewState"
020652-020667 DataBlock
  ................ 00 00 00 00 00 00 00 00 00 00 00 00 01 00 00 00
020668-020704 ImagePathBlock "ui\\skins\\default\\panel_subtitle.png"
020705-020712 DataBlock
  ......F.         01 00 00 00 00 cb 46 0f
020713-020724 StringBlock "heading_tx"
020725-020789 DataBlock
  ....(........... 00 00 00 00 28 00 00 00 0b 00 00 00 01 01 00 00
  ................ 00 00 01 00 00 00 00 01 00 00 00 00 05 00 00 00
  ................ 00 00 00 00 00 00 00 00 00 00 00 00 00 00 00 00
  ...............F 00 00 00 00 00 00 00 00 00 01 00 00 00 c0 ce 46
  .                0f
020790-020799 StringBlock "NewState"
020800-020807 DataBlock
  @.......         40 01 00 00 1e 00 00 00
020808-020843 UnicodeBlock "Battle Time Limit"
020844-021255 UnicodeBlock "A battle with a set time limit will end when the time is up.||If this happens, the defending army will win the battle.||With no time limit set, the battle will simply play out until one army is victorious."
021256-021276 DataBlock
  ................ 04 00 00 00 04 00 00 00 00 00 00 00 01 00 00 00
  .....            01 00 00 00 01
021277-021346 UnicodeBlock "time_limit_tx_NewState_Text_690023"
021347-021418 UnicodeBlock "heading_tx_NewState_Tooltip_5c000fi"
021419-021420 DataBlock
  ..               00 00
021421-021443 StringBlock "la_gioconda_uppercase"
021444-021459 DataBlock
  ................ 10 00 00 00 01 00 00 00 00 00 00 00 d7 f8 ff ff
021460-021481 StringBlock "fe_paragraph_heading"
021482-021501 DataBlock
  ................ 00 00 00 00 00 00 00 00 00 00 00 00 00 00 00 00
  ....             01 01 00 00
021502-021512 T0Block "normal_t0"
021513-021528 DataBlock
  ................ 00 00 00 00 00 00 00 00 00 00 00 00 00 00 00 00
021529-021544 T0Block "drop_shadow_t0"
021545-021580 DataBlock
  .......?...@.... 00 00 00 00 00 00 80 3f 00 00 00 40 00 00 00 00
  ................ 00 00 00 00 00 00 00 00 00 00 00 00 00 00 00 00
  ....             02 00 00 00
021581-021595 StringBlock "dynamic_child"
021596-021598 DataBlock
  ..1              01 00 31
021599-021620 StringBlock "dynamic_child_parent"
021621-021636 StringBlock "panel_subtitle"
021637-021668 DataBlock
  <............... 3c 00 00 00 00 00 00 00 00 00 00 00 00 00 00 00
  ................ 00 00 00 00 00 00 00 00 00 00 00 00 00 00 00 00
021669-021681 StringBlock "panel_title"
021682-021687 DataBlock
  ......           01 00 00 00 00 00
021688-021700 StringBlock "panel_title"
021701-021745 DataBlock
  ................ 00 00 00 00 00 00 00 00 00 00 00 00 c8 c1 00 80
  .D..lB....<..... 04 44 00 00 6c 42 02 00 00 00 3c 00 00 00 01 02
  .............    00 00 00 00 00 00 00 00 00 00 00 00 00
021746-021755 StringBlock "NewState"
021756-021771 DataBlock
  ................ 00 00 00 00 00 00 00 00 00 00 00 00 01 00 00 00
021772-021805 ImagePathBlock "ui\\skins\\default\\panel_title.png"
021806-021813 DataBlock
  ....pg..         01 00 00 00 70 67 f4 0c
021814-021823 StringBlock "tx_title"
021824-021888 DataBlock
  ....X........... 00 00 00 00 58 00 00 00 0b 00 00 00 01 01 00 00
  ................ 00 00 01 00 00 00 00 01 00 00 00 00 05 00 00 00
  ................ 00 00 00 00 00 00 00 00 00 00 00 00 00 00 00 00
  ..............j. 00 00 00 00 00 00 00 00 00 01 00 00 00 d0 6a f4
  .                0c
021889-021898 StringBlock "NewState"
021899-021906 DataBlock
  b...$...         62 01 00 00 24 00 00 00
021907-021942 UnicodeBlock "Campaign Settings"
021943-021965 DataBlock
  ................ 00 00 04 00 00 00 04 00 00 00 00 00 00 00 02 00
  .......          00 00 01 00 00 00 01
021966-022025 UnicodeBlock "tx_title_NewState_Text_3f0004"
022026-022029 DataBlock
  ....             00 00 00 00
022030-022052 StringBlock "la_gioconda_uppercase"
022053-022068 DataBlock
  ................ 12 00 00 00 01 00 00 00 00 00 00 00 d7 f8 ff ff
022069-022088 StringBlock "fe_section_heading"
022089-022108 DataBlock
  ................ 00 00 00 00 00 00 00 00 00 00 00 00 00 00 00 00
  ....             00 00 00 00
022109-022119 T0Block "normal_t0"
022120-022135 DataBlock
  ................ 00 00 00 00 00 00 00 00 00 00 00 00 00 00 00 00
022136-022151 T0Block "drop_shadow_t0"
022152-022187 DataBlock
  .......?...@.... 00 00 00 00 00 00 80 3f 00 00 00 40 00 00 00 00
  ................ 00 00 00 00 00 00 00 00 00 00 00 00 00 00 00 00
  ....             02 00 00 00
022188-022202 StringBlock "dynamic_child"
022203-022205 DataBlock
  ..1              01 00 31
022206-022227 StringBlock "dynamic_child_parent"
022228-022240 StringBlock "panel_title"
022241-022268 DataBlock
  <............... 3c 00 00 00 00 00 00 00 00 00 00 00 00 00 00 00
  ..........F.     00 00 00 00 00 00 00 00 d0 a4 46 0d
022269-022291 StringBlock "ok_cancel_buttongroup"
022292-022356 DataBlock
  ................ 00 00 00 00 a0 00 00 00 06 02 00 00 01 01 00 00
  ................ 00 00 01 00 00 00 00 01 00 00 00 00 08 00 00 00
  ...........F.... 00 00 00 00 00 00 00 00 00 e0 a7 46 0d 00 00 00
  ...............F 00 00 00 00 00 00 00 00 00 01 00 00 00 e0 a7 46
  .                0d
022357-022366 StringBlock "NewState"
022367-022405 DataBlock
  ....2........... 82 00 00 00 32 00 00 00 00 00 00 00 02 00 00 00
  ................ 00 00 00 00 00 00 00 00 01 00 00 00 01 00 00 00
  .......          00 00 00 00 00 00 00
022406-022417 StringBlock "Norse-Bold"
022418-022433 DataBlock
  ................ 0a 00 00 00 02 00 00 00 01 00 00 00 dd da fa ff
022434-022456 StringBlock "Default Font Category"
022457-022476 DataBlock
  ................ 00 00 00 00 00 00 00 00 00 00 00 00 00 00 00 00
  ....             00 00 00 00
022477-022487 T0Block "normal_t0"
022488-022503 DataBlock
  ................ 00 00 00 00 00 00 00 00 00 00 00 00 00 00 00 00
022504-022514 T0Block "normal_t0"
022515-022562 DataBlock
  ................ 00 00 00 00 00 00 00 00 00 00 00 00 00 00 00 00
  ................ 00 00 00 00 00 00 00 00 00 00 00 00 00 00 00 00
  ....<........... 00 00 00 00 3c 00 00 00 00 00 00 00 02 00 00 00
022563-022583 StringBlock "round_medium_button"
022584-022589 DataBlock
  ......           01 00 00 00 00 00
022590-022600 StringBlock "button_ok"
022601-022602 DataBlock
  ..               00 00
022603-022610 StringBlock "Button"
022611-022645 StringBlock "UI_GBL_HUD_Generic_Accept_Confirm"
022646-022680 DataBlock
  ...... ...`B..`B 00 00 f0 c1 00 00 20 c1 00 00 60 42 00 00 60 42
  ....-........... 08 00 00 00 2d 00 00 00 01 06 00 00 00 00 00 00
  ...              00 00 00
022681-022738 UnicodeBlock "button_accept_Tooltip_640011"
022739-022768 UnicodeBlock "Accept changes"
022769-022775 StringBlock "hover"
022776-022783 DataBlock
  ........         00 00 00 00 00 00 00 00
022784-022793 StringBlock "inactive"
022794-022801 DataBlock
  ........         00 00 00 00 00 00 00 00
022802-022809 StringBlock "active"
022810-022817 DataBlock
  ........         00 00 00 00 00 00 00 00
022818-022823 StringBlock "down"
022824-022831 DataBlock
  ........         00 00 00 00 00 00 00 00
022832-022841 StringBlock "down_off"
022842-022853 DataBlock
  ............     00 00 00 00 00 00 00 00 01 00 00 00
022854-022869 StringBlock "override_sound"
022870-022875 DataBlock
  ......           00 00 06 00 00 00
022876-022908 ImagePathBlock "ui\\skins\\default\\icon_check.png"
022909-022958 ImagePathBlock "ui\\skins\\default\\button_round_medium_pressed.png"
022959-023006 ImagePathBlock "ui\\skins\\default\\button_round_medium_hover.png"
023007-023055 ImagePathBlock "ui\\skins\\default\\button_round_medium_active.png"
023056-023106 ImagePathBlock "ui\\skins\\default\\button_round_medium_inactive.png"
023107-023157 ImagePathBlock "ui\\skins\\default\\button_round_medium_underlay.png"
023158-023161 DataBlock
  ....             00 00 00 00
023162-023182 StringBlock "round_medium_button"
023183-023188 DataBlock
  ......           01 00 00 00 00 00
023189-023203 StringBlock "button_cancel"
023204-023205 DataBlock
  ..               00 00
023206-023213 StringBlock "Button"
023214-023248 StringBlock "UI_GBL_HUD_Generic_Cancel_Decline"
023249-023283 DataBlock
  ...A.. ...`B..`B 00 00 f0 41 00 00 20 c1 00 00 60 42 00 00 60 42
  ....<........... 08 00 00 00 3c 00 00 00 01 06 00 00 00 00 00 00
  ...              00 00 00
023284-023343 UnicodeBlock "button_cancel_Tooltip_78000bp"
023344-023373 UnicodeBlock "Cancel changes"
023374-023380 StringBlock "hover"
023381-023388 DataBlock
  ........         00 00 00 00 00 00 00 00
023389-023398 StringBlock "inactive"
023399-023406 DataBlock
  ........         00 00 00 00 00 00 00 00
023407-023414 StringBlock "active"
023415-023422 DataBlock
  ........         00 00 00 00 00 00 00 00
023423-023428 StringBlock "down"
023429-023436 DataBlock
  ........         00 00 00 00 00 00 00 00
023437-023446 StringBlock "down_off"
023447-023458 DataBlock
  ............     00 00 00 00 00 00 00 00 01 00 00 00
023459-023474 StringBlock "override_sound"
023475-023480 DataBlock
  ......           00 00 06 00 00 00
023481-023513 ImagePathBlock "ui\\skins\\default\\icon_cross.png"
023514-023563 ImagePathBlock "ui\\skins\\default\\button_round_medium_pressed.png"
023564-023611 ImagePathBlock "ui\\skins\\default\\button_round_medium_hover.png"
023612-023660 ImagePathBlock "ui\\skins\\default\\button_round_medium_active.png"
023661-023711 ImagePathBlock "ui\\skins\\default\\button_round_medium_inactive.png"
023712-023762 ImagePathBlock "ui\\skins\\default\\button_round_medium_underlay.png"
023763-023777 DataBlock
  ...............  00 00 00 00 00 00 00 00 00 00 00 00 00 00 00
023778-023799 StringBlock "UI_CAM_POPUP_Generic"
023800-023816 DataBlock
  ................ 00 00 00 00 00 00 00 00 00 00 00 00 00 00 00 00
  .                00
