000000-000009 VersionBlock 106
000010-000013 RootIDBlock 444448928
000014-000019 StringBlock "root"
000020-000099 DataBlock
  ................ 00 00 00 00 00 00 00 00 00 00 00 00 01 01 00 00
  ................ 00 00 01 00 00 00 00 01 00 00 00 00 00 00 00 00
  ................ 00 00 00 00 00 00 00 00 00 00 00 00 00 01 00 00
  ...}............ 00 00 c4 7d 1a 00 00 00 05 00 00 00 04 00 00 00
  .............C.. 00 00 00 00 00 00 00 00 01 00 00 00 a0 43 e1 1a
000100-000109 StringBlock "NewState"
000110-000148 DataBlock
  ................ 00 05 00 00 c0 03 00 00 00 00 00 00 02 00 00 00
  ................ 00 00 00 00 00 00 00 00 01 00 00 00 01 00 00 00
  .......          00 00 00 00 00 00 00
000149-000160 FontNameBlock "Norse-Bold"
000161-000176 DataBlock
  ................ 0a 00 00 00 02 00 00 00 01 00 00 00 dd da fa ff
000177-000199 StringBlock "Default Font Category"
000200-000219 DataBlock
  ................ 00 00 00 00 00 00 00 00 00 00 00 00 00 00 00 00
  ....             01 00 00 00
000220-000230 T0Block "normal_t0"
000231-000246 DataBlock
  ................ 00 00 00 00 00 00 00 00 00 00 00 00 00 00 00 00
000247-000257 T0Block "normal_t0"
000258-000410 DataBlock
  ................ 00 00 00 00 00 00 00 00 00 00 00 00 00 00 00 00
  ......}......... 01 00 00 00 00 c4 7d 1a 00 00 00 00 00 00 00 00
  ............. 00 05 00 00 00 04 00 00 7f 7f 7f ff 00 00 00 00
  ................ 00 00 00 00 00 00 00 00 00 00 00 01 01 00 00 00
  ................ 00 00 00 00 00 00 00 00 00 00 00 00 00 00 00 00
  ....?........... 00 00 00 80 3f 00 00 00 00 00 00 00 00 00 00 00
  ................ 00 00 00 00 00 00 00 00 00 00 00 00 00 00 00 00
  ................ 00 00 00 00 00 00 00 00 00 00 00 00 00 00 00 00
  ................ 00 00 00 00 00 00 00 00 00 00 00 00 00 00 00 01
  ......E..        00 00 00 00 00 a0 45 e1 1a
000411-000427 StringBlock "popup_host_game"
000428-000429 DataBlock
  ..               00 00
000430-000446 StringBlock "MPHostGamePopup"
000447-000491 DataBlock
  ....E........... b4 01 00 00 45 01 00 00 01 01 00 00 00 00 01 00
  ................ 00 00 00 01 00 00 00 00 05 00 00 00 00 00 00 00
  .............    00 00 00 00 00 00 00 00 00 03 00 00 00
000492-000545 ImageBlock id=451145984 xsize=206 ysize=206 path="ui\\skins\\default\\panel_back_tile.png" unknown=595992576
000546-000546 DataBlock
  .                16
000547-000586 ImagePathBlock "ui\\skins\\default\\panel_back_border.png"
000587-000595 DataBlock
  .........        00 01 00 00 00 01 00 00 00
000596-000651 ImageBlock id=317225088 xsize=256 ysize=256 path="ui\\skins\\default\\panel_back_bottom.png" unknown=0
000652-000664 DataBlock
  ..........I..    00 00 00 00 00 01 00 00 00 00 49 e1 1a
000665-000674 StringBlock "NewState"
000675-000713 DataBlock
  ....5........... 98 01 00 00 35 01 00 00 00 00 00 00 04 00 00 00
  ................ 04 00 00 00 00 00 00 00 01 00 00 00 01 00 00 00
  .......          00 00 00 00 00 00 00
000714-000725 FontNameBlock "Norse-Bold"
000726-000741 DataBlock
  ................ 0a 00 00 00 02 00 00 00 01 00 00 00 dd da fa ff
000742-000764 StringBlock "Default Font Category"
000765-000784 DataBlock
  ................ 00 00 00 00 00 00 00 00 00 00 00 00 00 00 00 00
  ....             00 00 00 00
000785-000795 T0Block "normal_t0"
000796-000811 DataBlock
  ................ 00 00 00 00 00 00 00 00 00 00 00 00 00 00 00 00
000812-000822 T0Block "normal_t0"
000823-001173 DataBlock
  ................ 00 00 00 00 00 00 00 00 00 00 00 00 00 00 00 00
  ................ 03 00 00 00 00 f1 e3 1a 00 00 00 00 00 00 00 00
  ....5........... 98 01 00 00 35 01 00 00 ff ff ff ff 01 00 00 05
  ................ 00 00 00 00 00 00 00 00 00 00 00 01 01 00 00 00
  ................ 00 00 00 00 00 00 00 00 00 00 00 00 00 00 00 00
  ....?........... 00 00 00 80 3f 00 00 00 00 00 00 00 00 00 00 00
  ......... A.. A. 00 00 00 00 00 00 00 00 00 20 41 00 00 20 41 00
  . A.. A .#...... 00 20 41 00 00 20 41 20 86 23 16 00 00 00 00 00
  .......5........ 00 00 00 98 01 00 00 35 01 00 00 ff ff ff ff 01
  ................ 00 00 00 00 00 00 00 00 00 00 00 00 00 00 01 01
  ................ 00 00 00 00 00 00 00 00 00 00 00 00 00 00 00 00
  .......?........ 00 00 00 00 00 00 80 3f 00 00 00 00 00 00 00 00
  ............ B.. 00 00 00 00 00 00 00 00 00 00 00 00 20 42 00 00
   B.. B.. B.x.... 20 42 00 00 20 42 00 00 20 42 80 78 e8 12 00 00
  ..........K..... 00 00 ea 00 00 00 98 01 00 00 4b 00 00 00 ff ff
  ................ ff ff 01 00 00 08 00 00 00 00 00 00 00 00 00 00
  ................ 00 01 01 00 00 00 00 00 00 00 00 00 00 00 00 00
  ..........?..... 00 00 00 00 00 00 00 00 00 80 3f 00 00 00 00 00
  ................ 00 00 00 00 00 00 00 00 00 00 00 00 00 00 00 f0
  A.. B...A.. B... 41 00 00 20 42 00 00 f0 41 00 00 20 42 00 00 00
  ................ 00 00 00 00 00 00 00 00 00 00 00 00 00 c8 00 00
  ............K..  00 00 00 00 00 06 00 00 00 00 00 00 4b e1 1a
001174-001184 StringBlock "game_name"
001185-001186 DataBlock
  ..               00 00
001187-001197 StringBlock "TextInput"
001198-001242 DataBlock
  ^...P........... 5e 00 00 00 50 00 00 00 00 00 00 00 00 00 01 00
  ................ 00 00 00 01 00 00 00 00 02 00 00 00 00 00 00 00
  P............    50 00 00 00 00 00 00 00 00 01 00 00 00
001243-001291 ImageBlock id=451146400 xsize=183 ysize=27 path="ui\\skins\\default\\frame_text.png" unknown=0
001292-001304 DataBlock
  .........`N..    00 00 00 00 00 01 00 00 00 60 4e e1 1a
001305-001314 StringBlock "NewState"
001315-001359 DataBlock
  ................ dc 00 00 00 1c 00 00 00 03 00 2e 00 2e 00 2e 00
  ................ 00 00 04 00 00 00 04 00 00 00 02 00 00 00 02 00
  .............    00 00 01 00 00 00 00 00 00 00 00 00 00
001360-001372 FontNameBlock "la_gioconda"
001373-001388 DataBlock
  ................ 0c 00 00 00 01 00 00 00 00 00 00 00 d7 f8 ff ff
001389-001403 StringBlock "fe_input_text"
001404-001423 DataBlock
  ................ 06 00 00 00 00 00 00 00 00 00 00 00 00 00 00 00
  ....             01 00 00 00
001424-001434 T0Block "normal_t0"
001435-001450 DataBlock
  ................ 00 00 00 00 00 00 00 00 00 00 00 00 00 00 00 00
001451-001461 T0Block "normal_t0"
001462-001596 DataBlock
  ................ 00 00 00 00 00 00 00 00 00 00 00 00 00 00 00 00
  ................ 01 00 00 00 a0 f2 e3 1a 00 00 00 00 00 00 00 00
  ................ dc 00 00 00 1c 00 00 00 ff ff ff ff 01 00 00 00
  ................ 00 00 00 00 00 00 00 00 00 00 00 01 01 00 00 00
  ................ 00 00 00 00 00 00 00 00 00 00 00 00 00 00 00 00
  ....?........... 00 00 00 80 3f 00 00 00 00 00 00 00 00 00 00 00
  ..........@...@. 00 00 00 00 00 00 00 00 00 80 40 00 00 80 40 00
  ..@...@......... 00 80 40 00 00 80 40 00 00 00 00 00 00 00 00 00
  .......          00 00 00 01 00 00 00
001597-001606 StringBlock "TabOrder"
001607-001626 DataBlock
  ................ 00 00 c8 00 00 00 00 00 00 00 02 00 00 00 00 00
  .P..             80 50 e1 1a
001627-001637 StringBlock "highlight"
001638-001717 DataBlock
  ................ 00 00 00 00 03 00 00 00 03 00 00 00 01 01 00 00
  ................ 00 00 01 00 00 00 00 01 00 00 00 00 00 00 00 00
  ................ 00 00 00 00 00 00 00 00 00 00 00 00 00 01 00 00
  .@.............. 00 40 f4 e3 1a 00 00 c7 00 00 00 2e 00 00 00 00
  .............S.. 00 00 00 00 00 00 00 00 01 00 00 00 e0 53 e1 1a
001718-001727 StringBlock "NewState"
001728-001766 DataBlock
  ................ 1c 00 00 00 16 00 00 00 00 00 00 00 02 00 00 00
  ................ 00 00 00 00 00 00 00 00 01 00 00 00 01 00 00 00
  .......          00 00 00 00 00 00 00
001767-001789 FontNameBlock "la_gioconda_uppercase"
001790-001805 DataBlock
  ................ 10 00 00 00 04 00 00 00 00 00 00 00 00 00 00 ff
001806-001821 StringBlock "fe_button_text"
001822-001841 DataBlock
  ................ 00 00 00 00 00 00 00 00 00 00 00 00 00 00 00 00
  ....             00 00 00 00
001842-001852 T0Block "normal_t0"
001853-001868 DataBlock
  ................ 00 00 00 00 00 00 00 00 00 00 00 00 00 00 00 00
001869-001879 T0Block "normal_t0"
001880-002042 DataBlock
  ................ 00 00 00 00 00 00 00 00 00 00 00 00 00 00 00 00
  ....@........... 01 00 00 00 40 f4 e3 1a 00 00 00 00 00 00 00 00
  ................ 1c 00 00 00 16 00 00 00 00 bf ff 80 00 00 00 00
  ................ 00 00 00 00 00 00 00 00 00 00 00 01 01 00 00 00
  ................ 00 00 00 00 00 00 00 00 00 00 00 00 00 00 00 00
  ....?........... 00 00 00 80 3f 00 00 00 00 00 00 00 00 00 00 00
  ................ 00 00 00 00 00 00 00 00 00 00 00 00 00 00 00 00
  ................ 00 00 00 00 00 00 00 00 00 00 00 00 00 00 00 00
  ................ 00 00 00 00 00 00 00 c8 00 00 00 00 00 00 00 00
  ................ 00 00 00 00 00 00 00 00 00 00 00 00 00 00 00 c0
  ...              f5 e3 1a
002043-002052 StringBlock "label_tx"
002053-002117 DataBlock
  ................ 00 00 00 00 00 00 00 00 ea ff ff ff 01 01 00 00
  ................ 00 00 01 00 00 00 00 01 00 00 00 00 00 00 00 00
  ................ 00 00 00 00 00 00 00 00 00 00 00 00 00 00 00 00
  ............. .. 00 00 00 00 00 00 00 00 00 01 00 00 00 20 f9 e3
  .                1a
002118-002127 StringBlock "NewState"
002128-002135 DataBlock
  ........         db 00 00 00 14 00 00 00
002136-002157 UnicodeBlock "Game name:"
002158-002180 DataBlock
  ................ 00 00 02 00 00 00 04 00 00 00 00 00 00 00 02 00
  .......          00 00 01 00 00 00 01
002181-002240 UnicodeBlock "label_tx_NewState_Text_3d000e"
002241-002244 DataBlock
  ....             00 00 00 00
002245-002257 FontNameBlock "la_gioconda"
002258-002273 DataBlock
  ................ 0c 00 00 00 01 00 00 00 00 00 00 00 d7 f8 ff ff
002274-002282 StringBlock "fe_text"
002283-002302 DataBlock
  ................ 00 00 00 00 00 00 00 00 02 00 00 00 00 00 00 00
  ....             00 00 00 00
002303-002313 T0Block "normal_t0"
002314-002329 DataBlock
  ................ 00 00 00 00 00 00 00 00 00 00 00 00 00 00 00 00
002330-002340 T0Block "normal_t0"
002341-002414 DataBlock
  ................ 00 00 00 00 00 00 00 00 00 00 00 00 00 00 00 00
  ................ 00 00 00 00 00 00 00 00 00 00 00 00 00 00 00 00
  ................ 00 00 00 00 c8 00 00 00 00 00 00 00 00 00 00 00
  ................ 00 00 00 00 00 00 00 00 00 00 00 00 00 00 00 00
  ......@...       00 00 00 00 00 00 40 fb e3 1a
002415-002424 StringBlock "password"
002425-002426 DataBlock
  ..               00 00
002427-002437 StringBlock "TextInput"
002438-002482 DataBlock
  ^............... 5e 00 00 00 a0 00 00 00 00 00 00 00 00 00 01 00
  ................ 00 00 00 01 00 00 00 00 02 00 00 00 00 00 00 00
  .............    a0 00 00 00 00 00 00 00 00 01 00 00 00
002483-002531 ImageBlock id=451149472 xsize=183 ysize=27 path="ui\\skins\\default\\frame_text.png" unknown=0
002532-002544 DataBlock
  .........`...    00 00 00 00 00 01 00 00 00 60 ff e3 1a
002545-002554 StringBlock "NewState"
002555-002593 DataBlock
  ................ dc 00 00 00 1c 00 00 00 03 00 2e 00 2e 00 2e 00
  ................ 00 00 04 00 00 00 04 00 00 00 02 00 00 00 02 00
  .......          00 00 01 00 00 00 01
002594-002657 UnicodeBlock "text_field_NewState_Text_350007"
002658-002661 DataBlock
  ....             00 00 00 00
002662-002674 FontNameBlock "la_gioconda"
002675-002690 DataBlock
  ................ 0c 00 00 00 01 00 00 00 00 00 00 00 d7 f8 ff ff
002691-002705 StringBlock "fe_input_text"
002706-002725 DataBlock
  ................ 06 00 00 00 00 00 00 00 00 00 00 00 00 00 00 00
  ....             01 00 00 00
002726-002736 T0Block "normal_t0"
002737-002752 DataBlock
  ................ 00 00 00 00 00 00 00 00 00 00 00 00 00 00 00 00
002753-002763 T0Block "normal_t0"
002764-002898 DataBlock
  ................ 00 00 00 00 00 00 00 00 00 00 00 00 00 00 00 00
  ................ 01 00 00 00 a0 fe e3 1a 00 00 00 00 00 00 00 00
  ................ dc 00 00 00 1c 00 00 00 ff ff ff ff 01 00 00 00
  ................ 00 00 00 00 00 00 00 00 00 00 00 01 01 00 00 00
  ................ 00 00 00 00 00 00 00 00 00 00 00 00 00 00 00 00
  ....?........... 00 00 00 80 3f 00 00 00 00 00 00 00 00 00 00 00
  ..........@...@. 00 00 00 00 00 00 00 00 00 80 40 00 00 80 40 00
  ..@...@......... 00 80 40 00 00 80 40 00 00 00 00 00 00 00 00 00
  .......          00 00 00 02 00 00 00
002899-002909 StringBlock "HideInput"
002910-002911 DataBlock
  ..               00 00
002912-002921 StringBlock "TabOrder"
002922-002942 DataBlock
  ..2............. 01 00 32 c8 00 00 00 00 00 00 00 02 00 00 00 00
  .@...            00 40 02 e4 1a
002943-002953 StringBlock "highlight"
002954-003033 DataBlock
  ................ 00 00 00 00 03 00 00 00 03 00 00 00 01 01 00 00
  ................ 00 00 01 00 00 00 00 01 00 00 00 00 00 00 00 00
  ................ 00 00 00 00 00 00 00 00 00 00 00 00 00 01 00 00
  ................ 00 a0 05 e4 1a 00 00 c7 00 00 00 2e 00 00 00 00
  ............`... 00 00 00 00 00 00 00 00 01 00 00 00 60 06 e4 1a
003034-003043 StringBlock "NewState"
003044-003082 DataBlock
  ................ 1c 00 00 00 16 00 00 00 00 00 00 00 02 00 00 00
  ................ 00 00 00 00 00 00 00 00 01 00 00 00 01 00 00 00
  .......          00 00 00 00 00 00 00
003083-003105 FontNameBlock "la_gioconda_uppercase"
003106-003121 DataBlock
  ................ 10 00 00 00 04 00 00 00 00 00 00 00 00 00 00 ff
003122-003137 StringBlock "fe_button_text"
003138-003157 DataBlock
  ................ 00 00 00 00 00 00 00 00 00 00 00 00 00 00 00 00
  ....             00 00 00 00
003158-003168 T0Block "normal_t0"
003169-003184 DataBlock
  ................ 00 00 00 00 00 00 00 00 00 00 00 00 00 00 00 00
003185-003195 T0Block "normal_t0"
003196-003358 DataBlock
  ................ 00 00 00 00 00 00 00 00 00 00 00 00 00 00 00 00
  ................ 01 00 00 00 a0 05 e4 1a 00 00 00 00 00 00 00 00
  ................ 1c 00 00 00 16 00 00 00 00 bf ff 80 00 00 00 00
  ................ 00 00 00 00 00 00 00 00 00 00 00 01 01 00 00 00
  ................ 00 00 00 00 00 00 00 00 00 00 00 00 00 00 00 00
  ....?........... 00 00 00 80 3f 00 00 00 00 00 00 00 00 00 00 00
  ................ 00 00 00 00 00 00 00 00 00 00 00 00 00 00 00 00
  ................ 00 00 00 00 00 00 00 00 00 00 00 00 00 00 00 00
  ................ 00 00 00 00 00 00 00 c8 00 00 00 00 00 00 00 00
  ...............@ 00 00 00 00 00 00 00 00 00 00 00 00 00 00 00 40
  ...              09 e4 1a
003359-003368 StringBlock "label_tx"
003369-003433 DataBlock
  ................ 00 00 00 00 00 00 00 00 ea ff ff ff 01 01 00 00
  ................ 00 00 01 00 00 00 00 01 00 00 00 00 00 00 00 00
  ................ 00 00 00 00 00 00 00 00 00 00 00 00 00 00 00 00
  ................ 00 00 00 00 00 00 00 00 00 01 00 00 00 a0 0c e4
  .                1a
003434-003443 StringBlock "NewState"
003444-003451 DataBlock
  ........         dc 00 00 00 14 00 00 00
003452-003493 UnicodeBlock "Password: (optional)"
003494-003516 DataBlock
  ................ 00 00 02 00 00 00 04 00 00 00 00 00 00 00 02 00
  .......          00 00 01 00 00 00 01
003517-003574 UnicodeBlock "label_tx_NewState_Text_5002f"
003575-003578 DataBlock
  ....             00 00 00 00
003579-003591 FontNameBlock "la_gioconda"
003592-003607 DataBlock
  ................ 0c 00 00 00 01 00 00 00 00 00 00 00 d7 f8 ff ff
003608-003616 StringBlock "fe_text"
003617-003636 DataBlock
  ................ 00 00 00 00 00 00 00 00 02 00 00 00 00 00 00 00
  ....             00 00 00 00
003637-003647 T0Block "normal_t0"
003648-003663 DataBlock
  ................ 00 00 00 00 00 00 00 00 00 00 00 00 00 00 00 00
003664-003674 T0Block "normal_t0"
003675-003748 DataBlock
  ................ 00 00 00 00 00 00 00 00 00 00 00 00 00 00 00 00
  ................ 00 00 00 00 00 00 00 00 00 00 00 00 00 00 00 00
  ................ 00 00 00 00 c8 00 00 00 00 00 00 00 00 00 00 00
  ................ 00 00 00 00 00 00 00 00 00 00 00 00 00 00 00 00
  ..........       00 00 00 00 00 00 a0 0e e4 1a
003749-003763 StringBlock "dropdown_mode"
003764-003765 DataBlock
  ..               00 00
003766-003779 StringBlock "DropdownMenu"
003780-003824 DataBlock
  G............... 47 00 00 00 c0 00 00 00 00 00 00 00 00 00 00 00
  ................ 00 00 00 01 00 00 00 00 00 00 00 00 00 00 00 00
  .............    00 00 00 00 00 00 d8 dc 1a 05 00 00 00
003825-003887 ImageBlock id=451154432 xsize=128 ysize=128 path="ui\\skins\\default\\button_text_black_active.png" unknown=3826434048
003888-003888 DataBlock
  .                1a
003889-003934 ImagePathBlock "ui\\skins\\default\\button_text_black_hover.png"
003935-003943 DataBlock
  .........        80 00 00 00 80 00 00 00 00
003944-004004 ImageBlock id=451154816 xsize=128 ysize=128 path="ui\\skins\\default\\button_text_black_down.png" unknown=3826532352
004005-004005 DataBlock
  .                1a
004006-004054 ImagePathBlock "ui\\skins\\default\\button_text_black_down_off.png"
004055-004063 DataBlock
  .........        80 00 00 00 80 00 00 00 00
004064-004121 ImageBlock id=451155200 xsize=24 ysize=16 path="ui\\skins\\default\\arrow_dropdown_down.png" unknown=0
004122-004134 DataBlock
  .............    00 00 00 00 00 05 00 00 00 c0 15 e4 1a
004135-004141 StringBlock "hover"
004142-004180 DataBlock
  ................ dc 00 00 00 1e 00 00 00 00 00 00 00 02 00 00 00
  ................ 00 00 00 00 01 00 00 00 01 00 00 00 01 00 00 00
  .......          00 00 00 00 00 00 00
004181-004192 FontNameBlock "Norse-Bold"
004193-004208 DataBlock
  ................ 0a 00 00 00 02 00 00 00 01 00 00 00 dd da fa ff
004209-004231 StringBlock "Default Font Category"
004232-004251 DataBlock
  ................ 00 00 00 00 00 00 00 00 00 00 00 00 00 00 00 00
  ....             01 00 00 00
004252-004262 T0Block "normal_t0"
004263-004278 DataBlock
  ................ 00 00 00 00 00 00 00 00 00 00 00 00 00 00 00 00
004279-004289 T0Block "normal_t0"
004290-004563 DataBlock
  ................ 00 00 00 00 00 00 00 00 00 00 00 00 00 00 00 00
  ................ 02 00 00 00 c0 12 e4 1a 00 00 00 00 00 00 00 00
  ................ dc 00 00 00 1e 00 00 00 ff ff ff ff 01 00 00 00
  ................ 00 00 00 00 00 00 00 00 00 00 00 01 01 00 00 00
  ................ 00 00 00 00 00 00 00 00 00 00 00 00 00 00 00 00
  ....?........... 00 00 00 80 3f 00 00 00 00 00 00 00 00 00 00 00
  ..........A...A. 00 00 00 00 00 00 00 00 00 10 41 00 00 10 41 00
  ..A...A......... 00 10 41 00 00 10 41 00 15 e4 1a c4 00 00 00 07
  ................ 00 00 00 18 00 00 00 10 00 00 00 ff ff ff ff 00
  ................ 00 00 06 00 00 00 00 00 00 00 00 00 00 00 00 00
  ................ 00 00 00 00 00 00 00 00 00 00 00 00 00 00 00 00
  .......?........ 00 00 00 00 00 00 80 3f 00 00 00 00 00 00 00 00
  ................ 00 00 00 00 00 00 00 00 00 00 00 00 00 00 00 00
  ................ 00 00 00 00 00 00 00 00 00 00 d5 00 00 00 11 00
  ................ 00 00 02 00 00 00 01 00 00 00 00 d8 dc 1a 00 00
  ................ 00 00 00 00 00 00 00 00 00 00 02 00 00 00 e0 da
  ................ dc 1a 00 00 00 00 00 00 00 00 00 00 00 00 00 d6
  ..               dc 1a
004564-004573 StringBlock "inactive"
004574-004612 DataBlock
  ................ dc 00 00 00 1e 00 00 00 00 00 00 00 02 00 00 00
  ................ 00 00 00 00 01 00 00 00 01 00 00 00 01 00 00 00
  .......          00 00 00 00 00 00 00
004613-004624 FontNameBlock "Norse-Bold"
004625-004640 DataBlock
  ................ 0a 00 00 00 02 00 00 00 01 00 00 00 dd da fa ff
004641-004663 StringBlock "Default Font Category"
004664-004683 DataBlock
  ................ 00 00 00 00 00 00 00 00 00 00 00 00 00 00 00 00
  ....             01 01 00 00
004684-004701 T0Block "set_greyscale_t0"
004702-004717 DataBlock
  ...?...?........ 00 00 80 3f 00 00 00 3f 00 00 00 00 00 00 00 00
004718-004728 T0Block "normal_t0"
004729-004962 DataBlock
  ................ 00 00 00 00 00 00 00 00 00 00 00 00 00 00 00 00
  ................ 02 00 00 00 00 12 e4 1a 00 00 00 00 00 00 00 00
  ................ dc 00 00 00 1e 00 00 00 ff ff ff 96 01 00 00 00
  ................ 00 00 00 00 00 00 00 00 00 00 00 01 01 00 00 00
  ................ 00 00 00 00 00 00 00 00 00 00 00 00 00 00 00 00
  ....?........... 00 00 00 80 3f 00 00 00 00 00 00 00 00 00 00 00
  ..........A...A. 00 00 00 00 00 00 00 00 00 10 41 00 00 10 41 00
  ..A...A......... 00 10 41 00 00 10 41 00 15 e4 1a c4 00 00 00 07
  ................ 00 00 00 18 00 00 00 10 00 00 00 ff ff ff ff 00
  ................ 00 00 06 00 00 00 00 00 00 00 00 00 00 00 00 00
  ................ 00 00 00 00 00 00 00 00 00 00 00 00 00 00 00 00
  .......?........ 00 00 00 00 00 00 80 3f 00 00 00 00 00 00 00 00
  ................ 00 00 00 00 00 00 00 00 00 00 00 00 00 00 00 00
  ................ 00 00 00 00 00 00 00 00 00 00 00 00 00 00 00 00
  ..........       00 00 00 00 00 00 00 d8 dc 1a
004963-004970 StringBlock "active"
004971-005009 DataBlock
  ................ dc 00 00 00 1e 00 00 00 00 00 00 00 00 00 00 00
  ................ 02 00 00 00 01 00 00 00 01 00 00 00 01 00 00 00
  .......          00 00 00 00 00 00 00
005010-005021 FontNameBlock "Norse-Bold"
005022-005037 DataBlock
  ................ 0a 00 00 00 02 00 00 00 01 00 00 00 dd da fa ff
005038-005060 StringBlock "Default Font Category"
005061-005080 DataBlock
  ................ 00 00 00 00 00 00 00 00 00 00 00 00 00 00 00 00
  ....             01 00 00 00
005081-005091 T0Block "normal_t0"
005092-005107 DataBlock
  ................ 00 00 00 00 00 00 00 00 00 00 00 00 00 00 00 00
005108-005118 T0Block "normal_t0"
005119-005392 DataBlock
  ................ 00 00 00 00 00 00 00 00 00 00 00 00 00 00 00 00
  ................ 02 00 00 00 00 12 e4 1a 00 00 00 00 00 00 00 00
  ................ dc 00 00 00 1e 00 00 00 ff ff ff ff 01 00 00 00
  ................ 00 00 00 00 00 00 00 00 00 00 00 01 01 00 00 00
  ................ 00 00 00 00 00 00 00 00 00 00 00 00 00 00 00 00
  ....?........... 00 00 00 80 3f 00 00 00 00 00 00 00 00 00 00 00
  ..........A...A. 00 00 00 00 00 00 00 00 00 10 41 00 00 10 41 00
  ..A...A......... 00 10 41 00 00 10 41 00 15 e4 1a c4 00 00 00 07
  ................ 00 00 00 18 00 00 00 10 00 00 00 ff ff ff ff 00
  ................ 00 00 06 00 00 00 00 00 00 00 00 00 00 00 00 00
  ................ 00 00 00 00 00 00 00 00 00 00 00 00 00 00 00 00
  .......?........ 00 00 00 00 00 00 80 3f 00 00 00 00 00 00 00 00
  ................ 00 00 00 00 00 00 00 00 00 00 00 00 00 00 00 00
  ..........5..... 00 00 00 00 00 00 00 00 00 00 35 00 00 00 95 00
  ................ 00 00 02 00 00 00 00 00 00 00 c0 15 e4 1a 00 00
  ................ 00 00 01 00 00 00 00 00 00 00 02 00 00 00 e0 da
  ................ dc 1a 00 00 00 00 00 00 00 00 00 00 00 00 e0 da
  ..               dc 1a
005393-005398 StringBlock "down"
005399-005437 DataBlock
  ................ dc 00 00 00 1e 00 00 00 00 00 00 00 00 00 00 00
  ................ 02 00 00 00 01 00 00 00 01 00 00 00 01 00 00 00
  .......          00 00 00 00 00 00 00
005438-005449 FontNameBlock "Norse-Bold"
005450-005465 DataBlock
  ................ 0a 00 00 00 02 00 00 00 01 00 00 00 dd da fa ff
005466-005488 StringBlock "Default Font Category"
005489-005508 DataBlock
  ................ 00 00 00 00 00 00 00 00 00 00 00 00 00 00 00 00
  ....             01 00 00 00
005509-005519 T0Block "normal_t0"
005520-005535 DataBlock
  ................ 00 00 00 00 00 00 00 00 00 00 00 00 00 00 00 00
005536-005546 T0Block "normal_t0"
005547-005820 DataBlock
  ................ 00 00 00 00 00 00 00 00 00 00 00 00 00 00 00 00
  ................ 02 00 00 00 80 13 e4 1a 00 00 00 00 01 00 00 00
  ................ dc 00 00 00 1e 00 00 00 ff ff ff ff 01 00 00 00
  ................ 00 00 00 00 00 00 00 00 00 00 00 01 01 00 00 00
  ................ 00 00 00 00 00 00 00 00 00 00 00 00 00 00 00 00
  ....?........... 00 00 00 80 3f 00 00 00 00 00 00 00 00 00 00 00
  ..........A...A. 00 00 00 00 00 00 00 00 00 10 41 00 00 10 41 00
  ..A...A......... 00 10 41 00 00 10 41 00 15 e4 1a c4 00 00 00 07
  ................ 00 00 00 18 00 00 00 10 00 00 00 ff ff ff ff 00
  ................ 00 00 06 00 00 00 00 00 00 00 00 00 00 00 00 00
  ................ 00 00 00 00 00 00 00 00 00 00 00 00 00 00 00 00
  .......?........ 00 00 00 00 00 00 80 3f 00 00 00 00 00 00 00 00
  ................ 00 00 00 00 00 00 00 00 00 00 00 00 00 00 00 00
  ..........h..... 00 00 00 00 00 00 00 00 00 00 68 01 00 00 93 00
  ................ 00 00 02 00 00 00 03 00 00 00 c0 15 e4 1a 00 00
  ................ 00 00 00 00 00 00 00 00 00 00 01 00 00 00 a0 de
  ................ dc 1a 00 00 00 00 00 00 00 00 00 00 00 00 a0 de
  ..               dc 1a
005821-005830 StringBlock "down_off"
005831-005869 DataBlock
  ................ dc 00 00 00 1e 00 00 00 00 00 00 00 02 00 00 00
  ................ 00 00 00 00 01 00 00 00 01 00 00 00 01 00 00 00
  .......          00 00 00 00 00 00 00
005870-005881 FontNameBlock "Norse-Bold"
005882-005897 DataBlock
  ................ 0a 00 00 00 02 00 00 00 01 00 00 00 dd da fa ff
005898-005920 StringBlock "Default Font Category"
005921-005940 DataBlock
  ................ 00 00 00 00 00 00 00 00 00 00 00 00 00 00 00 00
  ....             01 00 00 00
005941-005951 T0Block "normal_t0"
005952-005967 DataBlock
  ................ 00 00 00 00 00 00 00 00 00 00 00 00 00 00 00 00
005968-005978 T0Block "normal_t0"
005979-006252 DataBlock
  ................ 00 00 00 00 00 00 00 00 00 00 00 00 00 00 00 00
  ....@........... 02 00 00 00 40 14 e4 1a 00 00 00 00 01 00 00 00
  ................ dc 00 00 00 1e 00 00 00 ff ff ff ff 01 00 00 00
  ................ 00 00 00 00 00 00 00 00 00 00 00 01 01 00 00 00
  ................ 00 00 00 00 00 00 00 00 00 00 00 00 00 00 00 00
  ....?........... 00 00 00 80 3f 00 00 00 00 00 00 00 00 00 00 00
  ..........A...A. 00 00 00 00 00 00 00 00 00 10 41 00 00 10 41 00
  ..A...A......... 00 10 41 00 00 10 41 00 15 e4 1a c4 00 00 00 07
  ................ 00 00 00 18 00 00 00 10 00 00 00 ff ff ff ff 00
  ................ 00 00 06 00 00 00 00 00 00 00 00 00 00 00 00 00
  ................ 00 00 00 00 00 00 00 00 00 00 00 00 00 00 00 00
  .......?........ 00 00 00 00 00 00 80 3f 00 00 00 00 00 00 00 00
  ................ 00 00 00 00 00 00 00 00 00 00 00 00 00 00 00 00
  ................ 00 00 00 00 00 00 00 00 00 00 de 00 00 00 0b 01
  ................ 00 00 02 00 00 00 00 00 00 00 e0 da dc 1a 00 00
  ................ 00 00 00 00 00 00 00 00 00 00 0b 00 00 00 00 d8
  ................ dc 1a 00 00 00 00 00 00 00 00 00 00 00 00 01 00
  ..               00 00
006253-006268 StringBlock "override_sound"
006269-006288 DataBlock
  ................ 00 00 c8 00 00 00 00 00 00 00 03 00 00 00 00 00
  `...             60 e2 dc 1a
006289-006305 StringBlock "dy_selected_txt"
006306-006370 DataBlock
  ................ 00 00 00 00 00 00 00 00 00 00 00 00 01 01 00 00
  ................ 00 00 01 00 00 00 00 01 00 00 00 00 04 00 00 00
  ................ 00 00 00 00 00 00 00 00 00 00 00 00 00 00 00 00
  ................ 00 00 00 00 00 00 00 00 00 01 00 00 00 c0 e5 dc
  .                1a
006371-006380 StringBlock "NewState"
006381-006419 DataBlock
  ..........x.x.x. dc 00 00 00 1e 00 00 00 03 00 78 00 78 00 78 00
  ................ 00 00 02 00 00 00 04 00 00 00 00 00 00 00 01 00
  .......          00 00 01 00 00 00 00
006420-006493 UnicodeBlock "dy_selected_txt_NewState_Text_780000"
006494-006497 DataBlock
  ....             00 00 00 00
006498-006510 FontNameBlock "la_gioconda"
006511-006526 DataBlock
  ................ 0c 00 00 00 01 00 00 00 00 00 00 00 00 00 00 ff
006527-006539 StringBlock "ingame_text"
006540-006559 DataBlock
  ................ 08 00 00 00 00 00 00 00 00 00 00 00 00 00 00 00
  ....             00 00 00 00
006560-006570 T0Block "normal_t0"
006571-006586 DataBlock
  ................ 00 00 00 00 00 00 00 00 00 00 00 00 00 00 00 00
006587-006597 T0Block "normal_t0"
006598-006661 DataBlock
  ................ 00 00 00 00 00 00 00 00 00 00 00 00 00 00 00 00
  ................ 00 00 00 00 00 00 00 00 00 00 00 00 00 00 00 00
  ................ 00 00 00 00 c8 00 00 00 00 00 00 00 00 00 00 00
  ................ 00 00 00 00 00 00 00 00 00 00 00 00 c0 e7 dc 1a
006662-006672 StringBlock "label_txt"
006673-006737 DataBlock
  ................ 00 00 00 00 01 00 00 00 e8 ff ff ff 01 01 00 00
  ................ 00 00 01 00 00 00 00 01 00 00 00 00 00 00 00 00
  ................ 00 00 00 00 00 00 00 00 00 00 00 00 00 00 00 00
  ............. .. 00 00 00 00 00 00 00 00 00 01 00 00 00 20 eb dc
  .                1a
006738-006747 StringBlock "NewState"
006748-006755 DataBlock
  ........         dc 00 00 00 18 00 00 00
006756-006777 UnicodeBlock "Game Mode:"
006778-006800 DataBlock
  ................ 00 00 02 00 00 00 04 00 00 00 00 00 00 00 01 00
  .......          00 00 01 00 00 00 01
006801-006864 UnicodeBlock "label_txt_NewState_Text_170000r"
006865-006868 DataBlock
  ....             00 00 00 00
006869-006881 FontNameBlock "la_gioconda"
006882-006897 DataBlock
  ................ 0c 00 00 00 01 00 00 00 00 00 00 00 d7 f8 ff ff
006898-006906 StringBlock "fe_text"
006907-006926 DataBlock
  ................ 00 00 00 00 00 00 00 00 00 00 00 00 00 00 00 00
  ....             01 01 00 00
006927-006937 T0Block "normal_t0"
006938-006953 DataBlock
  ................ 00 00 00 00 00 00 00 00 00 00 00 00 00 00 00 00
006954-006964 T0Block "normal_t0"
006965-007028 DataBlock
  ................ 00 00 00 00 00 00 00 00 00 00 00 00 00 00 00 00
  ................ 00 00 00 00 00 00 00 00 00 00 00 00 00 00 00 00
  ................ 00 00 00 00 c8 00 00 00 00 00 00 00 00 00 00 00
  ............ ... 00 00 00 00 00 00 00 00 00 00 00 00 20 ed dc 1a
007029-007040 StringBlock "popup_menu"
007041-007105 DataBlock
  ................ 00 00 00 00 00 00 00 00 1e 00 00 00 01 01 00 00
  ................ 00 00 00 00 00 00 00 01 00 00 00 00 00 00 00 00
  ................ 00 00 00 00 00 00 00 00 00 00 00 00 00 00 00 00
  ................ 00 00 00 00 00 00 00 00 00 01 00 00 00 80 f0 dc
  .                1a
007106-007115 StringBlock "NewState"
007116-007154 DataBlock
  ................ dc 00 00 00 19 00 00 00 00 00 00 00 02 00 00 00
  ................ 00 00 00 00 00 00 00 00 01 00 00 00 01 00 00 00
  .......          00 00 00 00 00 00 00
007155-007166 FontNameBlock "Norse-Bold"
007167-007182 DataBlock
  ................ 0a 00 00 00 02 00 00 00 01 00 00 00 dd da fa ff
007183-007205 StringBlock "Default Font Category"
007206-007225 DataBlock
  ................ 00 00 00 00 00 00 00 00 00 00 00 00 00 00 00 00
  ....             00 00 00 00
007226-007236 T0Block "normal_t0"
007237-007252 DataBlock
  ................ 00 00 00 00 00 00 00 00 00 00 00 00 00 00 00 00
007253-007263 T0Block "normal_t0"
007264-007317 DataBlock
  ................ 00 00 00 00 00 00 00 00 00 00 00 00 00 00 00 00
  ................ 00 00 00 00 00 00 00 00 00 00 00 00 00 00 00 00
  ................ 00 00 00 00 c8 00 00 00 00 00 00 00 03 00 00 00
  ......           00 00 80 f2 dc 1a
007318-007329 StringBlock "border_top"
007330-007394 DataBlock
  ................ 00 00 00 00 11 00 00 00 00 00 00 00 00 00 00 00
  ................ 00 00 00 00 00 00 00 01 00 00 00 00 02 00 00 00
  ................ 00 00 00 00 00 00 00 00 00 00 00 00 00 00 00 00
  ................ 00 00 00 00 00 00 00 00 00 01 00 00 00 e0 f5 dc
  .                1a
007395-007404 StringBlock "NewState"
007405-007443 DataBlock
  ................ ba 00 00 00 01 00 00 00 00 00 00 00 02 00 00 00
  ................ 00 00 00 00 00 00 00 00 01 00 00 00 01 00 00 00
  .......          00 00 00 00 00 00 00
007444-007455 FontNameBlock "Norse-Bold"
007456-007471 DataBlock
  ................ 0a 00 00 00 02 00 00 00 01 00 00 00 dd da fa ff
007472-007494 StringBlock "Default Font Category"
007495-007514 DataBlock
  ................ 00 00 00 00 00 00 00 00 00 00 00 00 00 00 00 00
  ....             00 00 00 00
007515-007525 T0Block "normal_t0"
007526-007541 DataBlock
  ................ 00 00 00 00 00 00 00 00 00 00 00 00 00 00 00 00
007542-007552 T0Block "normal_t0"
007553-007616 DataBlock
  ................ 00 00 00 00 00 00 00 00 00 00 00 00 00 00 00 00
  ................ 00 00 00 00 00 00 00 00 00 00 00 00 00 00 00 00
  ................ 00 00 00 00 c8 00 00 00 00 00 00 00 00 00 00 00
  ................ 00 00 00 00 00 00 00 00 00 00 00 00 00 f8 dc 1a
007617-007628 StringBlock "popup_list"
007629-007677 DataBlock
  ................ 00 00 00 00 00 00 00 00 02 00 00 00 01 01 00 00
  ................ 00 00 01 00 00 00 00 01 00 00 00 00 05 00 00 00
  ................ 00 00 00 00 00 00 00 00 00 00 00 00 00 01 00 00
  .                00
007678-007729 ImageBlock id=450689888 xsize=649 ysize=351 path="ui\\skins\\default\\tooltip_frame.png" unknown=0
007730-007742 DataBlock
  ......... ...    00 00 00 00 00 01 00 00 00 20 fc dc 1a
007743-007752 StringBlock "NewState"
007753-007791 DataBlock
  ................ dc 00 00 00 15 00 00 00 00 00 00 00 02 00 00 00
  ................ 00 00 00 00 00 00 00 00 01 00 00 00 01 00 00 00
  .......          00 00 00 00 00 00 00
007792-007803 FontNameBlock "Norse-Bold"
007804-007819 DataBlock
  ................ 0a 00 00 00 02 00 00 00 01 00 00 00 dd da fa ff
007820-007842 StringBlock "Default Font Category"
007843-007862 DataBlock
  ................ 00 00 00 00 00 00 00 00 00 00 00 00 00 00 00 00
  ....             00 00 00 00
007863-007873 T0Block "normal_t0"
007874-007889 DataBlock
  ................ 00 00 00 00 00 00 00 00 00 00 00 00 00 00 00 00
007890-007900 T0Block "normal_t0"
007901-008053 DataBlock
  ................ 00 00 00 00 00 00 00 00 00 00 00 00 00 00 00 00
  ....`........... 01 00 00 00 60 fb dc 1a 00 00 00 00 00 00 00 00
  ................ dc 00 00 00 15 00 00 00 ff ff ff ff 01 00 00 00
  ................ 00 00 00 00 00 00 00 00 00 00 00 01 01 00 00 00
  ................ 00 00 00 00 00 00 00 00 00 00 00 00 00 00 00 00
  ....?........... 00 00 00 80 3f 00 00 00 00 00 00 00 00 00 00 00
  ..........A...A. 00 00 00 00 00 00 00 00 00 d8 41 00 00 d8 41 00
  ..A...A......... 00 d8 41 00 00 d8 41 00 00 00 00 00 00 00 00 00
  ................ 00 00 00 00 00 00 00 c8 00 00 00 00 00 00 00 01
  ......K..        00 00 00 00 00 00 4b e0 1a
008054-008066 StringBlock "row_example"
008067-008068 DataBlock
  ..               00 00
008069-008088 StringBlock "DropdownMenuOption"
008089-008133 DataBlock
  ................ 00 00 00 00 00 00 00 00 01 01 00 00 00 00 01 00
  ................ 00 00 00 01 00 00 00 00 00 00 00 00 00 00 00 00
  .............    00 00 00 00 00 00 00 00 00 03 00 00 00
008134-008181 ImageBlock id=450690816 xsize=200 ysize=24 path="ui\\skins\\default\\row_hover.png" unknown=3763232768
008182-008182 DataBlock
  .                1a
008183-008217 ImagePathBlock "ui\\skins\\default\\row_selected.png"
008218-008226 DataBlock
  @...@....        40 00 00 00 40 00 00 00 00
008227-008271 ImageBlock id=450907936 xsize=400 ysize=24 path="ui\\skins\\default\\h_line.png" unknown=0
008272-008284 DataBlock
  ..........O..    00 00 00 00 00 04 00 00 00 e0 4f e0 1a
008285-008291 StringBlock "hover"
008292-008330 DataBlock
  ................ dc 00 00 00 15 00 00 00 00 00 00 00 02 00 00 00
  ................ 00 00 00 00 00 00 00 00 01 00 00 00 01 00 00 00
  .......          00 00 00 00 00 00 00
008331-008342 FontNameBlock "Norse-Bold"
008343-008358 DataBlock
  ................ 0a 00 00 00 02 00 00 00 01 00 00 00 dd da fa ff
008359-008381 StringBlock "Default Font Category"
008382-008401 DataBlock
  ................ 00 00 00 00 00 00 00 00 00 00 00 00 00 00 00 00
  ....             01 00 00 00
008402-008412 T0Block "normal_t0"
008413-008428 DataBlock
  ................ 00 00 00 00 00 00 00 00 00 00 00 00 00 00 00 00
008429-008439 T0Block "normal_t0"
008440-008693 DataBlock
  ................ 00 00 00 00 00 00 00 00 00 00 00 00 00 00 00 00
  ................ 02 00 00 00 00 ff dc 1a 00 00 00 00 00 00 00 00
  ...........d.... dc 00 00 00 15 00 00 00 ff ff ff 64 00 00 00 00
  ................ 00 00 00 00 00 00 00 00 00 00 00 01 01 00 00 00
  ................ 00 00 00 00 00 00 00 00 00 00 00 00 00 00 00 00
  ....?........... 00 00 00 80 3f 00 00 00 00 00 00 00 00 00 00 00
  ................ 00 00 00 00 00 00 00 00 00 00 00 00 00 00 00 00
  ....... O....... 00 00 00 00 00 00 00 20 4f e0 1a 00 00 00 00 00
  ................ 00 00 00 dc 00 00 00 15 00 00 00 ff ff ff ff 00
  ................ 00 00 00 00 00 00 00 00 00 00 00 00 00 00 01 01
  ................ 00 00 00 00 00 00 00 00 00 00 00 00 00 00 00 00
  .......?........ 00 00 00 00 00 00 80 3f 00 00 00 00 00 00 00 00
  ................ 00 00 00 00 00 00 00 00 00 00 00 00 00 00 00 00
  ..............u. 00 00 00 00 00 00 00 00 00 00 ec 00 00 00 75 00
  ..........`W..d. 00 00 01 00 00 00 01 00 00 00 60 57 e0 1a 64 00
  ..]........S..   00 00 5d 00 00 00 00 00 00 00 a0 53 e0 1a
008694-008703 StringBlock "selected"
008704-008742 DataBlock
  ................ dc 00 00 00 15 00 00 00 00 00 00 00 02 00 00 00
  ................ 00 00 00 00 00 00 00 00 01 00 00 00 01 00 00 00
  .......          00 00 00 00 00 00 00
008743-008754 FontNameBlock "Norse-Bold"
008755-008770 DataBlock
  ................ 0a 00 00 00 02 00 00 00 01 00 00 00 dd da fa ff
008771-008793 StringBlock "Default Font Category"
008794-008813 DataBlock
  ................ 00 00 00 00 00 00 00 00 00 00 00 00 00 00 00 00
  ....             01 00 00 00
008814-008824 T0Block "normal_t0"
008825-008840 DataBlock
  ................ 00 00 00 00 00 00 00 00 00 00 00 00 00 00 00 00
008841-008851 T0Block "normal_t0"
008852-009105 DataBlock
  ................ 00 00 00 00 00 00 00 00 00 00 00 00 00 00 00 00
  ....`N.......... 02 00 00 00 60 4e e0 1a 00 00 00 00 00 00 00 00
  ...........d.... dc 00 00 00 15 00 00 00 ff ff ff 64 00 00 00 00
  ................ 00 00 00 00 00 00 00 00 00 00 00 01 01 00 00 00
  ................ 00 00 00 00 00 00 00 00 00 00 00 00 00 00 00 00
  ....?........... 00 00 00 80 3f 00 00 00 00 00 00 00 00 00 00 00
  .........0A..0A. 00 00 00 00 00 00 00 00 00 30 41 00 00 30 41 00
  .0A..0A......... 00 30 41 00 00 30 41 00 ff dc 1a 00 00 00 00 00
  ................ 00 00 00 dc 00 00 00 15 00 00 00 ff ff ff 00 00
  ................ 00 00 00 00 00 00 00 00 00 00 00 00 00 00 01 01
  ................ 00 00 00 00 00 00 00 00 00 00 00 00 00 00 00 00
  .......?........ 00 00 00 00 00 00 80 3f 00 00 00 00 00 00 00 00
  ................ 00 00 00 00 00 00 00 00 00 00 00 00 00 00 00 00
  ..........1...\. 00 00 00 00 00 00 00 00 00 00 31 00 00 00 5c 01
  ...........[..d. 00 00 01 00 00 00 00 00 00 00 00 5b e0 1a 64 00
  ..].......`W..   00 00 5d 00 00 00 00 00 00 00 60 57 e0 1a
009106-009117 StringBlock "unselected"
009118-009156 DataBlock
  ................ dc 00 00 00 15 00 00 00 00 00 00 00 02 00 00 00
  ................ 00 00 00 00 00 00 00 00 01 00 00 00 01 00 00 00
  .......          00 00 00 00 00 00 00
009157-009168 FontNameBlock "Norse-Bold"
009169-009184 DataBlock
  ................ 0a 00 00 00 02 00 00 00 01 00 00 00 dd da fa ff
009185-009207 StringBlock "Default Font Category"
009208-009227 DataBlock
  ................ 00 00 00 00 00 00 00 00 00 00 00 00 00 00 00 00
  ....             01 00 00 00
009228-009238 T0Block "normal_t0"
009239-009254 DataBlock
  ................ 00 00 00 00 00 00 00 00 00 00 00 00 00 00 00 00
009255-009265 T0Block "normal_t0"
009266-009519 DataBlock
  ................ 00 00 00 00 00 00 00 00 00 00 00 00 00 00 00 00
  ................ 02 00 00 00 00 ff dc 1a 00 00 00 00 00 00 00 00
  ................ dc 00 00 00 15 00 00 00 ff ff ff 00 00 00 00 00
  ................ 00 00 00 00 00 00 00 00 00 00 00 01 01 00 00 00
  ................ 00 00 00 00 00 00 00 00 00 00 00 00 00 00 00 00
  ....?........... 00 00 00 80 3f 00 00 00 00 00 00 00 00 00 00 00
  ................ 00 00 00 00 00 00 00 00 00 00 00 00 00 00 00 00
  ....... O....... 00 00 00 00 00 00 00 20 4f e0 1a 00 00 00 00 00
  ................ 00 00 00 dc 00 00 00 15 00 00 00 ff ff ff ff 00
  ................ 00 00 00 00 00 00 00 00 00 00 00 00 00 00 01 01
  ................ 00 00 00 00 00 00 00 00 00 00 00 00 00 00 00 00
  .......?........ 00 00 00 00 00 00 80 3f 00 00 00 00 00 00 00 00
  ................ 00 00 00 00 00 00 00 00 00 00 00 00 00 00 00 00
  ..........5..... 00 00 00 00 00 00 00 00 00 00 35 00 00 00 2e 00
  ...........O..d. 00 00 01 00 00 00 00 00 00 00 e0 4f e0 1a 64 00
  ..]........[..   00 00 5d 00 00 00 00 00 00 00 00 5b e0 1a
009520-009535 StringBlock "selected_hover"
009536-009574 DataBlock
  ................ dc 00 00 00 15 00 00 00 00 00 00 00 02 00 00 00
  ................ 00 00 00 00 00 00 00 00 01 00 00 00 01 00 00 00
  .......          00 00 00 00 00 00 00
009575-009586 FontNameBlock "Norse-Bold"
009587-009602 DataBlock
  ................ 0a 00 00 00 02 00 00 00 01 00 00 00 dd da fa ff
009603-009625 StringBlock "Default Font Category"
009626-009645 DataBlock
  ................ 00 00 00 00 00 00 00 00 00 00 00 00 00 00 00 00
  ....             01 00 00 00
009646-009656 T0Block "normal_t0"
009657-009672 DataBlock
  ................ 00 00 00 00 00 00 00 00 00 00 00 00 00 00 00 00
009673-009683 T0Block "normal_t0"
009684-009937 DataBlock
  ................ 00 00 00 00 00 00 00 00 00 00 00 00 00 00 00 00
  ....`N.......... 02 00 00 00 60 4e e0 1a 00 00 00 00 00 00 00 00
  ...........d.... dc 00 00 00 15 00 00 00 ff ff ff 64 00 00 00 00
  ................ 00 00 00 00 00 00 00 00 00 00 00 01 01 00 00 00
  ................ 00 00 00 00 00 00 00 00 00 00 00 00 00 00 00 00
  ....?........... 00 00 00 80 3f 00 00 00 00 00 00 00 00 00 00 00
  .........0A..0A. 00 00 00 00 00 00 00 00 00 30 41 00 00 30 41 00
  .0A..0A......... 00 30 41 00 00 30 41 00 ff dc 1a 00 00 00 00 00
  ..............d. 00 00 00 dc 00 00 00 15 00 00 00 ff ff ff 64 00
  ................ 00 00 00 00 00 00 00 00 00 00 00 00 00 00 01 01
  ................ 00 00 00 00 00 00 00 00 00 00 00 00 00 00 00 00
  .......?........ 00 00 00 00 00 00 80 3f 00 00 00 00 00 00 00 00
  ................ 00 00 00 00 00 00 00 00 00 00 00 00 00 00 00 00
  ................ 00 00 00 00 00 00 00 00 00 00 93 00 00 00 07 01
  ...........S..d. 00 00 01 00 00 00 01 00 00 00 a0 53 e0 1a 64 00
  ..]...........   00 00 5d 00 00 00 00 00 00 00 01 00 00 00
009938-009953 StringBlock "override_sound"
009954-009973 DataBlock
  ................ 00 00 c8 00 00 00 00 00 00 00 01 00 00 00 00 00
  .^..             c0 5e e0 1a
009974-009981 StringBlock "row_tx"
009982-010046 DataBlock
  ................ 00 00 00 00 00 00 00 00 00 00 00 00 01 00 00 00
  ................ 00 00 01 00 00 00 00 01 00 00 00 00 01 00 00 00
  ................ 00 00 00 00 00 00 00 00 00 00 00 00 00 00 00 00
  ............. b. 00 00 00 00 00 00 00 00 00 01 00 00 00 20 62 e0
  .                1a
010047-010056 StringBlock "NewState"
010057-010064 DataBlock
  ........         e3 00 00 00 18 00 00 00
010065-010078 UnicodeBlock "Item 1"
010079-010101 DataBlock
  ................ 00 00 02 00 00 00 04 00 00 00 00 00 00 00 02 00
  .......          00 00 01 00 00 00 00
010102-010157 UnicodeBlock "row_tx_NewState_Text_28000c"
010158-010161 DataBlock
  ....             00 00 00 00
010162-010174 FontNameBlock "la_gioconda"
010175-010190 DataBlock
  ................ 0c 00 00 00 01 00 00 00 00 00 00 00 d7 f8 ff ff
010191-010207 StringBlock "fe_default_text"
010208-010227 DataBlock
  ................ 08 00 00 00 00 00 00 00 00 00 00 00 00 00 00 00
  ....             00 00 00 00
010228-010238 T0Block "normal_t0"
010239-010254 DataBlock
  ................ 00 00 00 00 00 00 00 00 00 00 00 00 00 00 00 00
010255-010265 T0Block "normal_t0"
010266-010324 DataBlock
  ................ 00 00 00 00 00 00 00 00 00 00 00 00 00 00 00 00
  ................ 00 00 00 00 00 00 00 00 00 00 00 00 00 00 00 00
  ................ 00 00 00 00 c8 00 00 00 00 00 00 00 00 00 00 00
  ...........      00 00 00 00 00 00 00 00 00 00 00
010325-010350 StringBlock "UI_GBL_TMP_DropDown_List"
010351-010358 DataBlock
  ........         00 00 00 00 00 00 00 01
010359-010364 StringBlock "List"
010365-010428 DataBlock
  ....33@C........ 01 00 00 00 33 33 40 43 00 00 00 00 00 00 00 00
  ................ 01 01 00 00 00 00 00 00 00 00 00 00 00 00 00 00
  ................ 00 00 00 00 00 00 00 00 00 00 00 00 00 00 00 00
  ............ d.. 00 00 00 00 00 00 00 00 00 00 00 00 20 64 e0 1a
010429-010443 StringBlock "border_bottom"
010444-010508 DataBlock
  ................ 00 00 00 00 00 00 00 00 16 00 00 00 01 00 00 00
  ................ 00 00 00 00 00 00 00 01 00 00 00 00 08 00 00 00
  ................ 00 00 00 00 00 00 00 00 00 00 00 00 00 00 00 00
  ..............g. 00 00 00 00 00 00 00 00 00 01 00 00 00 80 67 e0
  .                1a
010509-010518 StringBlock "NewState"
010519-010557 DataBlock
  ................ dc 00 00 00 03 00 00 00 00 00 00 00 02 00 00 00
  ................ 00 00 00 00 00 00 00 00 01 00 00 00 01 00 00 00
  .......          00 00 00 00 00 00 00
010558-010569 FontNameBlock "Norse-Bold"
010570-010585 DataBlock
  ................ 0a 00 00 00 02 00 00 00 01 00 00 00 dd da fa ff
010586-010608 StringBlock "Default Font Category"
010609-010628 DataBlock
  ................ 00 00 00 00 00 00 00 00 00 00 00 00 00 00 00 00
  ....             00 00 00 00
010629-010639 T0Block "normal_t0"
010640-010655 DataBlock
  ................ 00 00 00 00 00 00 00 00 00 00 00 00 00 00 00 00
010656-010666 T0Block "normal_t0"
010667-010735 DataBlock
  ................ 00 00 00 00 00 00 00 00 00 00 00 00 00 00 00 00
  ................ 00 00 00 00 00 00 00 00 00 00 00 00 00 00 00 00
  ................ 00 00 00 00 c8 00 00 00 00 00 00 00 00 00 00 00
  ................ 00 00 00 00 00 00 00 00 00 00 00 00 00 00 00 00
  .....            00 00 00 00 00
010736-010756 StringBlock "UI_GBL_TMP_DropDown"
010757-010763 DataBlock
  .......          00 00 00 00 00 00 00
010764-010776 StringBlock "panel_title"
010777-010782 DataBlock
  ......           01 00 00 00 00 00
010783-010796 StringBlock "title_plaque"
010797-010841 DataBlock
  ................ 00 00 00 00 00 00 00 00 00 00 00 00 c8 c1 00 00
  .C..lB....<..... fa 43 00 00 6c 42 02 00 00 00 3c 00 00 00 01 02
  .............    00 00 00 00 00 00 00 00 00 00 00 00 00
010842-010851 StringBlock "NewState"
010852-010867 DataBlock
  ................ 00 00 00 00 00 00 00 00 00 00 00 00 01 00 00 00
010868-010901 ImagePathBlock "ui\\skins\\default\\panel_title.png"
010902-010909 DataBlock
  .... ...         01 00 00 00 20 81 0e 1b
010910-010924 StringBlock "panel_heading"
010925-010989 DataBlock
  ................ 00 00 00 00 82 00 00 00 02 00 00 00 01 01 00 00
  ................ 00 00 01 00 00 00 00 01 00 00 00 00 05 00 00 00
  ................ 00 00 00 00 fe ff ff ff 00 80 86 0e 1b 00 00 00
  ................ 00 00 00 00 00 00 00 00 00 02 00 00 00 80 84 0e
  .                1b
010990-011004 StringBlock "host_campaign"
011005-011012 DataBlock
  ....2...         f0 00 00 00 32 00 00 00
011013-011040 UnicodeBlock "Host Campaign"
011041-011063 DataBlock
  ................ 00 00 04 00 00 00 00 00 00 00 00 00 00 00 02 00
  .......          00 00 01 00 00 00 01
011064-011127 UnicodeBlock "button_txt_NewState_Text_33000d"
011128-011131 DataBlock
  ....             00 00 00 00
011132-011154 FontNameBlock "la_gioconda_uppercase"
011155-011170 DataBlock
  ................ 12 00 00 00 01 00 00 00 00 00 00 00 d7 f8 ff ff
011171-011190 StringBlock "fe_section_heading"
011191-011210 DataBlock
  ................ 00 00 00 00 00 00 00 00 10 00 00 00 00 00 00 00
  ....             01 00 00 00
011211-011221 T0Block "normal_t0"
011222-011237 DataBlock
  ................ 00 00 00 00 00 00 00 00 00 00 00 00 00 00 00 00
011238-011248 T0Block "normal_t0"
011249-011284 DataBlock
  ................ 00 00 00 00 00 00 00 00 00 00 00 00 00 00 00 00
  ................ 00 00 00 00 00 00 00 00 00 00 00 00 00 00 00 00
  ....             80 86 0e 1b
011285-011297 StringBlock "host_battle"
011298-011305 DataBlock
  ....2...         f0 00 00 00 32 00 00 00
011306-011329 UnicodeBlock "Host Battle"
011330-011352 DataBlock
  ................ 00 00 04 00 00 00 00 00 00 00 00 00 00 00 02 00
  .......          00 00 01 00 00 00 01
011353-011416 UnicodeBlock "button_txt_NewState_Text_41006b"
011417-011420 DataBlock
  ....             00 00 00 00
011421-011443 FontNameBlock "la_gioconda_uppercase"
011444-011459 DataBlock
  ................ 12 00 00 00 01 00 00 00 00 00 00 00 d7 f8 ff ff
011460-011479 StringBlock "fe_section_heading"
011480-011499 DataBlock
  ................ 00 00 00 00 00 00 00 00 10 00 00 00 00 00 00 00
  ....             01 00 00 00
011500-011510 T0Block "normal_t0"
011511-011526 DataBlock
  ................ 00 00 00 00 00 00 00 00 00 00 00 00 00 00 00 00
011527-011537 T0Block "normal_t0"
011538-011573 DataBlock
  ................ 00 00 00 00 00 00 00 00 00 00 00 00 00 00 00 00
  ................ 00 00 00 00 00 00 00 00 00 00 00 00 00 00 00 00
  ....             02 00 00 00
011574-011588 StringBlock "dynamic_child"
011589-011591 DataBlock
  ..1              01 00 31
011592-011613 StringBlock "dynamic_child_parent"
011614-011627 StringBlock "title_plaque"
011628-011649 DataBlock
  ................ c8 00 00 00 00 00 00 00 00 00 00 00 00 00 00 00
  ......           00 00 00 00 00 00
011650-011666 StringBlock "dropdown_button"
011667-011670 DataBlock
  ....             08 00 00 00
011671-011682 StringBlock "border_top"
011683-011694 StringBlock "border_top"
011695-011739 DataBlock
  ................ 00 00 00 00 00 00 00 00 00 00 00 00 00 00 00 80
  .D.. A....A..... aa 44 00 00 20 41 02 00 00 00 41 00 00 00 00 02
  .............    00 00 00 00 00 00 00 00 00 00 00 00 00
011740-011749 StringBlock "NewState"
011750-011767 DataBlock
  ................ 00 00 00 00 00 00 00 00 00 00 00 00 00 00 00 00
  ..               00 00
011768-011790 StringBlock "dropdown_campaign_map"
011791-011792 DataBlock
  ..               00 00
011793-011806 StringBlock "DropdownMenu"
011807-011827 StringBlock "UI_GBL_TMP_DropDown"
011828-011866 DataBlock
  ...........C...B 00 00 00 00 00 00 9a c2 00 00 8c 43 00 00 08 42
  ................ 08 00 00 00 0a 00 00 00 00 0b 00 00 00 00 00 00
  .......          00 00 00 00 00 00 00
011867-011873 StringBlock "hover"
011874-011881 DataBlock
  ........         00 00 00 00 00 00 00 00
011882-011900 StringBlock "selected_down_off"
011901-011908 DataBlock
  ........         00 00 00 00 00 00 00 00
011909-011916 StringBlock "active"
011917-011924 DataBlock
  ........         00 00 00 00 00 00 00 00
011925-011940 StringBlock "selected_hover"
011941-011948 DataBlock
  ........         00 00 00 00 00 00 00 00
011949-011958 StringBlock "selected"
011959-011966 DataBlock
  ........         00 00 00 00 00 00 00 00
011967-011976 StringBlock "down_off"
011977-011984 DataBlock
  ........         00 00 00 00 00 00 00 00
011985-012003 StringBlock "selected_inactive"
012004-012011 DataBlock
  ........         00 00 00 00 00 00 00 00
012012-012026 StringBlock "selected_down"
012027-012034 DataBlock
  ........         00 00 00 00 00 00 00 00
012035-012040 StringBlock "down"
012041-012048 DataBlock
  ........         00 00 00 00 00 00 00 00
012049-012058 StringBlock "inactive"
012059-012074 DataBlock
  ................ 00 00 00 00 00 00 00 00 00 00 00 00 0a 00 00 00
012075-012130 ImagePathBlock "ui\\skins\\default\\button_dropdown_selected_inactive.png"
012131-012176 ImagePathBlock "ui\\skins\\default\\button_dropdown_pressed.png"
012177-012229 ImagePathBlock "ui\\skins\\default\\button_dropdown_selected_hover.png"
012230-012273 ImagePathBlock "ui\\skins\\default\\button_dropdown_hover.png"
012274-012318 ImagePathBlock "ui\\skins\\default\\button_dropdown_active.png"
012319-012365 ImagePathBlock "ui\\skins\\default\\button_dropdown_inactive.png"
012366-012412 ImagePathBlock "ui\\skins\\default\\button_dropdown_selected.png"
012413-012467 ImagePathBlock "ui\\skins\\default\\button_dropdown_selected_pressed.png"
012468-012523 ImagePathBlock "ui\\skins\\default\\button_dropdown_selected_underlay.png"
012524-012570 ImagePathBlock "ui\\skins\\default\\button_dropdown_underlay.png"
012571-012587 StringBlock "dy_selected_txt"
012588-012604 StringBlock "dy_selected_txt"
012605-012649 DataBlock
  .........@...@.. 00 00 00 00 00 00 00 00 c0 40 00 00 80 40 00 00
  hC...A....A..... 68 43 00 00 b8 41 00 00 00 00 41 00 00 00 01 02
  .............    00 00 00 00 00 00 00 00 00 00 00 00 00
012650-012659 StringBlock "NewState"
012660-012733 UnicodeBlock "dy_selected_txt_NewState_Text_780000"
012734-012753 DataBlock
  ..x.x.x......... 03 00 78 00 78 00 78 00 00 00 00 00 00 00 00 00
  ....             00 00 00 00
012754-012768 StringBlock "border_bottom"
012769-012783 StringBlock "border_bottom"
012784-012828 DataBlock
  ................ 00 00 00 00 00 00 00 00 00 00 00 00 00 00 00 80
  .C.. A....A..... 87 43 00 00 20 41 08 00 00 00 41 00 00 00 00 02
  .............    00 00 00 00 00 00 00 00 00 00 00 00 00
012829-012838 StringBlock "NewState"
012839-012854 DataBlock
  ................ 00 00 00 00 00 00 00 00 00 00 00 00 00 00 00 00
012855-012867 StringBlock "row_example"
012868-012880 StringBlock "row_example"
012881-012882 DataBlock
  ..               00 00
012883-012902 StringBlock "DropdownMenuOption"
012903-012928 StringBlock "UI_GBL_TMP_DropDown_List"
012929-012967 DataBlock
  ..........rC...A 00 00 00 00 00 00 00 00 00 00 72 43 00 00 d8 41
  ....A........... 00 00 00 00 41 00 00 00 01 05 00 00 00 00 00 00
  .......          00 00 00 00 00 00 00
012968-012974 StringBlock "hover"
012975-012982 DataBlock
  ........         00 00 00 00 00 00 00 00
012983-012992 StringBlock "selected"
012993-013000 DataBlock
  ........         00 00 00 00 00 00 00 00
013001-013012 StringBlock "unselected"
013013-013020 DataBlock
  ........         00 00 00 00 00 00 00 00
013021-013036 StringBlock "selected_hover"
013037-013052 DataBlock
  ................ 00 00 00 00 00 00 00 00 00 00 00 00 01 00 00 00
013053-013100 ImagePathBlock "ui\\skins\\default\\button_dropdown_highlight.png"
013101-013112 StringBlock "popup_list"
013113-013124 StringBlock "popup_list"
013125-013169 DataBlock
  ................ 00 00 00 00 00 00 00 00 00 00 00 00 00 00 00 00
  wC...A....A..... 77 43 00 00 d8 41 05 00 00 00 41 00 00 00 01 02
  .............    00 00 00 00 00 00 00 00 00 00 00 00 00
013170-013179 StringBlock "NewState"
013180-013195 DataBlock
  ................ 00 00 00 00 00 00 00 00 00 00 00 00 00 00 00 00
013196-013203 StringBlock "row_tx"
013204-013211 StringBlock "row_tx"
013212-013256 DataBlock
  ................ 00 00 00 00 00 00 00 00 00 00 00 00 00 00 00 00
  mC...A....A..... 6d 43 00 00 d8 41 01 00 00 00 41 00 00 00 01 02
  .............    00 00 00 00 00 00 00 00 00 00 00 00 00
013257-013266 StringBlock "NewState"
013267-013322 UnicodeBlock "row_tx_NewState_Text_28000c"
013323-013336 UnicodeBlock "Item 1"
013337-013348 DataBlock
  ............     00 00 00 00 00 00 00 00 00 00 00 00
013349-013360 StringBlock "popup_menu"
013361-013372 StringBlock "popup_menu"
013373-013417 DataBlock
  .............A.. 00 00 00 00 00 00 00 00 00 00 00 00 e8 41 00 00
  wC..LB....A..... 77 43 00 00 4c 42 00 00 00 00 41 00 00 00 00 02
  .............    00 00 00 00 00 00 00 00 00 00 00 00 00
013418-013427 StringBlock "NewState"
013428-013443 DataBlock
  ................ 00 00 00 00 00 00 00 00 00 00 00 00 01 00 00 00
013444-013487 ImagePathBlock "ui\\skins\\default\\button_dropdown_panel.png"
013488-013497 DataBlock
  .......L.&       00 00 00 00 00 00 00 4c e6 26
013498-013503 StringBlock "list"
013504-013568 DataBlock
  ................ 00 00 00 00 94 00 00 00 f3 00 00 00 01 00 00 00
  ................ 00 00 01 00 00 00 00 01 00 00 00 00 08 00 00 00
  ..........O.&... 00 00 00 00 f1 ff ff ff 00 80 4f e6 26 00 00 00
  ..............O. 00 00 00 00 00 00 00 00 00 01 00 00 00 80 4f e6
  &                26
013569-013578 StringBlock "NewState"
013579-013617 DataBlock
  p...3........... 70 00 00 00 33 00 00 00 00 00 00 00 02 00 00 00
  ................ 00 00 00 00 00 00 00 00 02 00 00 00 01 00 00 00
  .......          00 00 00 00 00 00 00
013618-013629 FontNameBlock "Norse-Bold"
013630-013645 DataBlock
  ................ 0a 00 00 00 02 00 00 00 01 00 00 00 dd da fa ff
013646-013668 StringBlock "Default Font Category"
013669-013688 DataBlock
  ................ 00 00 00 00 00 00 00 00 00 00 00 00 00 00 00 00
  ....             01 00 00 00
013689-013699 T0Block "normal_t0"
013700-013715 DataBlock
  ................ 00 00 00 00 00 00 00 00 00 00 00 00 00 00 00 00
013716-013726 T0Block "normal_t0"
013727-013780 DataBlock
  ................ 00 00 00 00 00 00 00 00 00 00 00 00 00 00 00 00
  ................ 00 00 00 00 00 00 00 00 00 00 00 00 00 00 00 00
  ................ 00 00 00 00 c8 00 00 00 00 00 00 00 03 00 00 00
  ...n..           00 00 d0 6e 0c 0b
013781-013797 StringBlock "button_purchase"
013798-013799 DataBlock
  ..               00 00
013800-013811 StringBlock "TextButton"
013812-013856 DataBlock
  ................ 00 00 00 00 00 00 00 00 00 00 00 00 00 00 00 00
  ................ 00 00 00 01 00 00 00 00 05 00 00 00 f4 ff ff ff
  ......7......    d4 00 00 00 00 e0 37 0c 0b 05 00 00 00
013857-013936 ImageBlock id=655404224 xsize=339 ysize=51 path="ui\\skins\\default\\button_square_large_text_purchase_pressed.png" unknown=2080718848
013937-013937 DataBlock
  .                19
013938-014000 ImagePathBlock "ui\\skins\\default\\button_square_large_text_purchase_active.png"
014001-014009 DataBlock
  S...3....        53 01 00 00 33 00 00 00 00
014010-014087 ImageBlock id=225213488 xsize=339 ysize=51 path="ui\\skins\\default\\button_square_large_text_purchase_hover.png" unknown=1325481984
014088-014088 DataBlock
  $                24
014089-014153 ImagePathBlock "ui\\skins\\default\\button_square_large_text_purchase_inactive.png"
014154-014162 DataBlock
  S...3....        53 01 00 00 33 00 00 00 00
014163-014243 ImageBlock id=609110848 xsize=339 ysize=51 path="ui\\skins\\default\\button_square_large_text_purchase_underlay.png" unknown=0
014244-014256 DataBlock
  ............*    00 00 00 00 00 05 00 00 00 80 f0 b5 2a
014257-014263 StringBlock "hover"
014264-014302 DataBlock
  6...3........... 36 01 00 00 33 00 00 00 00 00 00 00 02 00 00 00
  ................ 00 00 00 00 00 00 00 00 01 00 00 00 01 00 00 00
  .......          00 00 00 00 00 00 00
014303-014315 FontNameBlock "la_gioconda"
014316-014331 DataBlock
  ................ 0c 00 00 00 01 00 00 00 00 00 00 00 00 00 00 ff
014332-014344 StringBlock "ingame_text"
014345-014364 DataBlock
  ................ 00 00 00 00 00 00 00 00 00 00 00 00 00 00 00 00
  ....             01 00 00 00
014365-014375 T0Block "normal_t0"
014376-014391 DataBlock
  ................ 00 00 00 00 00 00 00 00 00 00 00 00 00 00 00 00
014392-014402 T0Block "normal_t0"
014403-014775 DataBlock
  ...>............ 9a 99 99 3e 00 00 00 00 00 00 00 00 00 00 00 00
  ....@KN$........ 03 00 00 00 40 4b 4e 24 00 00 00 00 04 00 00 00
  6...3........... 36 01 00 00 33 00 00 00 ff ff ff ff 01 00 00 00
  ................ 00 00 00 00 00 00 00 00 00 00 00 01 01 00 00 00
  ................ 00 00 00 00 00 00 00 00 00 00 00 00 00 00 00 00
  ....?........... 00 00 00 80 3f 00 00 00 00 00 00 00 00 00 00 00
  .............pB. 00 00 00 00 00 00 00 00 00 00 00 00 00 70 42 00
  .....pB@.|...... 00 00 00 00 00 70 42 40 05 7c 19 00 00 00 00 04
  ...6...3........ 00 00 00 36 01 00 00 33 00 00 00 ff ff ff 00 01
  ................ 00 00 00 00 00 00 00 00 00 00 00 00 00 00 01 01
  ................ 00 00 00 00 00 00 00 00 00 00 00 00 00 00 00 00
  .......?........ 00 00 00 00 00 00 80 3f 00 00 00 00 00 00 00 00
  ................ 00 00 00 00 00 00 00 00 00 00 00 00 00 00 00 00
  pB......pB0|l... 70 42 00 00 00 00 00 00 70 42 30 7c 6c 0d 00 00
  ......6...3..... 00 00 04 00 00 00 36 01 00 00 33 00 00 00 ff ff
  ................ ff ff 01 00 00 00 00 00 00 00 00 00 00 00 00 00
  ................ 00 01 01 00 00 00 00 00 00 00 00 00 00 00 00 00
  ..........?..... 00 00 00 00 00 00 00 00 00 80 3f 00 00 00 00 00
  ................ 00 00 00 00 00 00 00 00 00 00 00 00 00 00 00 00
  ...pB......pB... 00 00 00 70 42 00 00 00 00 00 00 70 42 89 00 00
  .~............7. 00 7e 00 00 00 02 00 00 00 01 00 00 00 e0 37 0c
  .....@.......... 0b c8 00 00 00 40 00 00 00 00 00 00 00 02 00 00
  ................ 00 c0 83 0c 0b 00 00 00 00 00 00 00 00 00 00 00
  .0.Z.            00 30 de 5a 0a
014776-014785 StringBlock "inactive"
014786-014824 DataBlock
  6...3........... 36 01 00 00 33 00 00 00 00 00 00 00 02 00 00 00
  ................ 00 00 00 00 00 00 00 00 01 00 00 00 01 00 00 00
  .......          00 00 00 00 00 00 00
014825-014837 FontNameBlock "la_gioconda"
014838-014853 DataBlock
  ................ 0c 00 00 00 01 00 00 00 00 00 00 00 00 00 00 ff
014854-014866 StringBlock "ingame_text"
014867-014886 DataBlock
  ................ 00 00 00 00 00 00 00 00 00 00 00 00 00 00 00 00
  ....             01 01 00 00
014887-014897 T0Block "normal_t0"
014898-014913 DataBlock
  ................ 00 00 00 00 00 00 00 00 00 00 00 00 00 00 00 00
014914-014924 T0Block "normal_t0"
014925-015158 DataBlock
  ................ 00 00 00 00 00 00 00 00 00 00 00 00 00 00 00 00
  ....@KN$........ 02 00 00 00 40 4b 4e 24 00 00 00 00 04 00 00 00
  6...3........... 36 01 00 00 33 00 00 00 ff ff ff ff 01 00 00 00
  ................ 00 00 00 00 00 00 00 00 00 00 00 01 01 00 00 00
  ................ 00 00 00 00 00 00 00 00 00 00 00 00 00 00 00 00
  ....?........... 00 00 00 80 3f 00 00 00 00 00 00 00 00 00 00 00
  .............pB. 00 00 00 00 00 00 00 00 00 00 00 00 00 70 42 00
  .....pB@.O$..... 00 00 00 00 00 70 42 40 01 4f 24 00 00 00 00 04
  ...6...3........ 00 00 00 36 01 00 00 33 00 00 00 ff ff ff ff 01
  ................ 00 00 00 00 00 00 00 00 00 00 00 00 00 00 01 01
  ................ 00 00 00 00 00 00 00 00 00 00 00 00 00 00 00 00
  .......?........ 00 00 00 00 00 00 80 3f 00 00 00 00 00 00 00 00
  ................ 00 00 00 00 00 00 00 00 00 00 00 00 00 00 00 00
  pB......pB...... 70 42 00 00 00 00 00 00 70 42 00 00 00 00 00 00
  .......7..       00 00 00 00 00 00 e0 37 0c 0b
015159-015166 StringBlock "active"
015167-015205 DataBlock
  6...3........... 36 01 00 00 33 00 00 00 00 00 00 00 02 00 00 00
  ................ 00 00 00 00 00 00 00 00 01 00 00 00 01 00 00 00
  .......          00 00 00 00 00 00 00
015206-015218 FontNameBlock "la_gioconda"
015219-015234 DataBlock
  ................ 0c 00 00 00 01 00 00 00 00 00 00 00 00 00 00 ff
015235-015247 StringBlock "ingame_text"
015248-015267 DataBlock
  ................ 00 00 00 00 00 00 00 00 00 00 00 00 00 00 00 00
  ....             01 00 00 00
015268-015278 T0Block "normal_t0"
015279-015294 DataBlock
  ................ 00 00 00 00 00 00 00 00 00 00 00 00 00 00 00 00
015295-015305 T0Block "normal_t0"
015306-015658 DataBlock
  ................ 00 00 00 00 00 00 00 00 00 00 00 00 00 00 00 00
  ....@KN$........ 03 00 00 00 40 4b 4e 24 00 00 00 00 04 00 00 00
  6...3........... 36 01 00 00 33 00 00 00 ff ff ff ff 01 00 00 00
  ................ 00 00 00 00 00 00 00 00 00 00 00 01 01 00 00 00
  ................ 00 00 00 00 00 00 00 00 00 00 00 00 00 00 00 00
  ....?........... 00 00 00 80 3f 00 00 00 00 00 00 00 00 00 00 00
  .............pB. 00 00 00 00 00 00 00 00 00 00 00 00 00 70 42 00
  .....pB@.|...... 00 00 00 00 00 70 42 40 05 7c 19 00 00 00 00 04
  ...6...3........ 00 00 00 36 01 00 00 33 00 00 00 ff ff ff ff 01
  ................ 00 00 00 00 00 00 00 00 00 00 00 00 00 00 01 01
  ................ 00 00 00 00 00 00 00 00 00 00 00 00 00 00 00 00
  .......?........ 00 00 00 00 00 00 80 3f 00 00 00 00 00 00 00 00
  ................ 00 00 00 00 00 00 00 00 00 00 00 00 00 00 00 00
  pB......pB0|l... 70 42 00 00 00 00 00 00 70 42 30 7c 6c 0d 00 00
  ......6...3..... 00 00 04 00 00 00 36 01 00 00 33 00 00 00 ff ff
  ................ ff 00 01 00 00 00 00 00 00 00 00 00 00 00 00 00
  ................ 00 01 01 00 00 00 00 00 00 00 00 00 00 00 00 00
  ..........?..... 00 00 00 00 00 00 00 00 00 80 3f 00 00 00 00 00
  ................ 00 00 00 00 00 00 00 00 00 00 00 00 00 00 00 00
  ...pB......pB... 00 00 00 70 42 00 00 00 00 00 00 70 42 14 00 00
  ................ 00 18 00 00 00 01 00 00 00 00 00 00 00 80 f0 b5
  *....@.......... 2a c8 00 00 00 40 00 00 00 00 00 00 00 c0 83 0c
  .                0b
015659-015664 StringBlock "down"
015665-015703 DataBlock
  6...3........... 36 01 00 00 33 00 00 00 00 00 00 00 02 00 00 00
  ................ 00 00 00 00 00 00 00 00 01 00 00 00 01 00 00 00
  .......          00 00 00 00 00 00 00
015704-015716 FontNameBlock "la_gioconda"
015717-015732 DataBlock
  ................ 0c 00 00 00 01 00 00 00 00 00 00 00 00 00 00 ff
015733-015745 StringBlock "ingame_text"
015746-015765 DataBlock
  ................ 00 00 00 00 00 00 00 00 00 00 00 00 00 00 00 00
  ....             01 00 00 00
015766-015776 T0Block "normal_t0"
015777-015792 DataBlock
  ................ 00 00 00 00 00 00 00 00 00 00 00 00 00 00 00 00
015793-015803 T0Block "normal_t0"
015804-016077 DataBlock
  ...>............ 9a 99 99 3e 00 00 00 00 00 00 00 00 00 00 00 00
  ....@KN$........ 02 00 00 00 40 4b 4e 24 00 00 00 00 04 00 00 00
  6...3........... 36 01 00 00 33 00 00 00 ff ff ff ff 01 00 00 00
  ................ 00 00 00 00 00 00 00 00 00 00 00 01 01 00 00 00
  ................ 00 00 00 00 00 00 00 00 00 00 00 00 00 00 00 00
  ....?........... 00 00 00 80 3f 00 00 00 00 00 00 00 00 00 00 00
  .............pB. 00 00 00 00 00 00 00 00 00 00 00 00 00 70 42 00
  .....pB...'..... 00 00 00 00 00 70 42 c0 ac 10 27 00 00 00 00 04
  ...6...3........ 00 00 00 36 01 00 00 33 00 00 00 ff ff ff ff 01
  ................ 00 00 00 00 00 00 00 00 00 00 00 00 00 00 01 01
  ................ 00 00 00 00 00 00 00 00 00 00 00 00 00 00 00 00
  .......?........ 00 00 00 00 00 00 80 3f 00 00 00 00 00 00 00 00
  ................ 00 00 00 00 00 00 00 00 00 00 00 00 00 00 00 00
  pB......pB...... 70 42 00 00 00 00 00 00 70 42 91 00 00 00 db 00
  .............*.. 00 00 02 00 00 00 03 00 00 00 80 f0 b5 2a 00 00
  ................ 00 00 00 00 00 00 00 00 00 00 01 00 00 00 e0 ce
  >............... 3e 0b 00 00 00 00 00 00 00 00 00 00 00 00 e0 ce
  >.               3e 0b
016078-016087 StringBlock "down_off"
016088-016126 DataBlock
  6...3........... 36 01 00 00 33 00 00 00 00 00 00 00 02 00 00 00
  ................ 00 00 00 00 00 00 00 00 01 00 00 00 01 00 00 00
  .......          00 00 00 00 00 00 00
016127-016139 FontNameBlock "la_gioconda"
016140-016155 DataBlock
  ................ 0c 00 00 00 01 00 00 00 00 00 00 00 00 00 00 ff
016156-016168 StringBlock "ingame_text"
016169-016188 DataBlock
  ................ 00 00 00 00 00 00 00 00 00 00 00 00 00 00 00 00
  ....             01 00 00 00
016189-016199 T0Block "normal_t0"
016200-016215 DataBlock
  ................ 00 00 00 00 00 00 00 00 00 00 00 00 00 00 00 00
016216-016226 T0Block "normal_t0"
016227-016500 DataBlock
  ................ 00 00 00 00 00 00 00 00 00 00 00 00 00 00 00 00
  ....@KN$........ 02 00 00 00 40 4b 4e 24 00 00 00 00 04 00 00 00
  6...3........... 36 01 00 00 33 00 00 00 ff ff ff ff 01 00 00 00
  ................ 00 00 00 00 00 00 00 00 00 00 00 01 01 00 00 00
  ................ 00 00 00 00 00 00 00 00 00 00 00 00 00 00 00 00
  ....?........... 00 00 00 80 3f 00 00 00 00 00 00 00 00 00 00 00
  .............pB. 00 00 00 00 00 00 00 00 00 00 00 00 00 70 42 00
  .....pB@.|...... 00 00 00 00 00 70 42 40 05 7c 19 00 00 00 00 04
  ...6...3........ 00 00 00 36 01 00 00 33 00 00 00 ff ff ff ff 01
  ................ 00 00 00 00 00 00 00 00 00 00 00 00 00 00 01 01
  ................ 00 00 00 00 00 00 00 00 00 00 00 00 00 00 00 00
  .......?........ 00 00 00 00 00 00 80 3f 00 00 00 00 00 00 00 00
  ................ 00 00 00 00 00 00 00 00 00 00 00 00 00 00 00 00
  pB......pB....?. 70 42 00 00 00 00 00 00 70 42 1d 00 00 00 3f 01
  ................ 00 00 02 00 00 00 00 00 00 00 c0 83 0c 0b 00 00
  ...............7 00 00 00 00 00 00 00 00 00 00 08 00 00 00 e0 37
  ................ 0c 0b 00 00 00 00 00 00 00 00 00 00 00 00 01 00
  ..               00 00
016501-016516 StringBlock "override_sound"
016517-016536 DataBlock
  ................ 00 00 c8 00 00 00 00 00 00 00 03 00 00 00 00 00
  0.>.             30 f0 3e 0b
016537-016555 StringBlock "smoke_clip_parent"
016556-016620 DataBlock
  ................ 00 00 00 00 1c 00 00 00 07 00 00 00 01 00 00 00
  ................ 00 00 01 01 00 00 00 01 00 00 00 00 05 00 00 00
  ................ 00 00 00 00 02 00 00 00 00 d0 ce 85 05 00 00 00
  ................ 00 00 00 00 00 00 00 00 00 01 00 00 00 d0 ce 85
  .                05
016621-016630 StringBlock "NewState"
016631-016669 DataBlock
  ....(........... fe 00 00 00 28 00 00 00 00 00 00 00 02 00 00 00
  ................ 00 00 00 00 00 00 00 00 02 00 00 00 01 00 00 00
  .......          00 00 00 00 00 00 00
016670-016681 FontNameBlock "Norse-Bold"
016682-016697 DataBlock
  ................ 0a 00 00 00 02 00 00 00 01 00 00 00 dd da fa ff
016698-016720 StringBlock "Default Font Category"
016721-016740 DataBlock
  ................ 00 00 00 00 00 00 00 00 00 00 00 00 00 00 00 00
  ....             00 00 00 00
016741-016751 T0Block "normal_t0"
016752-016767 DataBlock
  ................ 00 00 00 00 00 00 00 00 00 00 00 00 00 00 00 00
016768-016778 T0Block "normal_t0"
016779-016814 DataBlock
  ................ 00 00 00 00 00 00 00 00 00 00 00 00 00 00 00 00
  ................ 00 00 00 00 00 00 00 00 00 00 00 00 00 00 00 00
  ....             01 00 00 00
016815-016832 StringBlock "disable_override"
016833-016849 StringBlock "instance_resize"
016850-016867 DataBlock
  ................ c8 00 00 00 00 00 00 00 01 00 00 00 00 00 e0 83
  ..               8f 05
016868-016882 StringBlock "smoke_overlay"
016883-016931 DataBlock
  ................ 00 00 00 00 fe ff ff ff 92 ff ff ff 01 01 00 00
  ................ 00 00 01 00 00 00 00 01 00 00 00 00 05 00 00 00
  ......... .[.... fe ff ff ff fd ff ff ff 00 20 ab 5b 05 01 00 00
  .                00
016932-017009 ImageBlock id=188671504 xsize=339 ysize=51 path="ui\\skins\\default\\button_square_large_text_purchase_hover.png" unknown=0
017010-017022 DataBlock
  ......... .[.    00 00 00 00 00 01 00 00 00 20 ab 5b 05
017023-017032 StringBlock "NewState"
017033-017071 DataBlock
  ................ fe 00 00 00 fe 00 00 00 00 00 00 00 02 00 00 00
  ................ 00 00 00 00 00 00 00 00 02 00 00 00 01 00 00 00
  .......          00 00 00 00 00 00 00
017072-017083 FontNameBlock "Norse-Bold"
017084-017099 DataBlock
  ................ 0a 00 00 00 02 00 00 00 01 00 00 00 dd da fa ff
017100-017122 StringBlock "Default Font Category"
017123-017142 DataBlock
  ................ 00 00 00 00 00 00 00 00 00 00 00 00 00 00 00 00
  ....             00 00 00 00
017143-017160 T0Block "smoke_overlay_t0"
017161-017176 DataBlock
  ...?.. A........ 00 00 80 3f 00 00 20 41 00 00 00 00 00 00 00 00
017177-017187 T0Block "normal_t0"
017188-017322 DataBlock
  ................ 00 00 00 00 00 00 00 00 00 00 00 00 00 00 00 00
  ......>......... 01 00 00 00 10 e6 3e 0b 00 00 00 00 00 00 00 00
  ........@....... fe 00 00 00 fe 00 00 00 40 ff a5 80 00 00 00 00
  ................ 00 00 00 00 00 00 00 00 00 00 00 01 01 00 00 00
  ................ 00 00 00 00 00 00 00 00 00 00 00 00 00 00 00 00
  ....?........... 00 00 00 80 3f 00 00 00 00 00 00 00 00 00 00 00
  ................ 00 00 00 00 00 00 00 00 00 00 00 00 00 00 00 00
  ................ 00 00 00 00 00 00 00 00 00 00 00 00 00 00 00 00
  .......          00 00 00 01 00 00 00
017323-017340 StringBlock "disable_override"
017341-017357 StringBlock "instance_resize"
017358-017395 DataBlock
  ................ c8 00 00 00 00 00 00 00 00 00 00 00 00 00 00 00
  ................ 00 00 00 00 01 00 00 00 00 00 00 00 00 00 00 01
  ..0...           00 00 30 b6 10 05
017396-017407 StringBlock "frame_over"
017408-017456 DataBlock
  ................ 00 00 00 00 00 00 00 00 04 00 00 00 01 00 00 00
  ................ 00 00 01 00 00 00 00 01 00 00 00 00 05 00 00 00
  ...........;.... 00 00 00 00 04 00 00 00 00 e0 04 3b 0b 01 00 00
  .                00
017457-017533 ImageBlock id=609118976 xsize=339 ysize=51 path="ui\\skins\\default\\button_square_large_text_purchase_mask.png" unknown=0
017534-017546 DataBlock
  ...........;.    00 00 00 00 00 01 00 00 00 e0 04 3b 0b
017547-017556 StringBlock "NewState"
017557-017595 DataBlock
  6...3........... 36 01 00 00 33 00 00 00 00 00 00 00 02 00 00 00
  ................ 00 00 00 00 00 00 00 00 02 00 00 00 01 00 00 00
  .......          00 00 00 00 00 00 00
017596-017607 FontNameBlock "Norse-Bold"
017608-017623 DataBlock
  ................ 0a 00 00 00 02 00 00 00 01 00 00 00 dd da fa ff
017624-017646 StringBlock "Default Font Category"
017647-017666 DataBlock
  ................ 00 00 00 00 00 00 00 00 00 00 00 00 00 00 00 00
  ....             00 00 00 00
017667-017677 T0Block "normal_t0"
017678-017693 DataBlock
  ................ 00 00 00 00 00 00 00 00 00 00 00 00 00 00 00 00
017694-017704 T0Block "normal_t0"
017705-017839 DataBlock
  ................ 00 00 00 00 00 00 00 00 00 00 00 00 00 00 00 00
  .....kN$........ 01 00 00 00 00 6b 4e 24 00 00 00 00 00 00 00 00
  6...3........... 36 01 00 00 33 00 00 00 ff ff ff ff 00 00 00 00
  ................ 00 00 00 00 00 00 00 00 00 00 00 01 01 00 00 00
  ................ 00 00 00 00 00 00 00 00 00 00 00 00 00 00 00 00
  ....?........... 00 00 00 80 3f 00 00 00 00 00 00 00 00 00 00 00
  .............pB. 00 00 00 00 00 00 00 00 00 00 00 00 00 70 42 00
  .....pB......... 00 00 00 00 00 70 42 00 00 00 00 00 00 00 00 00
  .......          00 00 00 01 00 00 00
017840-017857 StringBlock "disable_override"
017858-017874 StringBlock "instance_resize"
017875-017902 DataBlock
  ................ c8 00 00 00 00 00 00 00 00 00 00 00 00 00 00 00
  ..........v.     00 00 00 00 00 00 00 00 e0 84 76 19
017903-017914 StringBlock "button_txt"
017915-017979 DataBlock
  ....%........... 00 00 00 00 25 00 00 00 04 00 00 00 01 00 00 00
  ................ 00 00 01 00 00 00 00 01 00 00 00 00 05 00 00 00
  ...........@.... 00 00 00 00 04 00 00 00 00 b0 86 40 0b 00 00 00
  ...............@ 00 00 00 00 00 00 00 00 00 02 00 00 00 b0 86 40
  .                0b
017980-017987 StringBlock "active"
017988-017995 DataBlock
  ....3...         eb 00 00 00 33 00 00 00
017996-018041 UnicodeBlock "Go to Steam store page"
018042-018064 DataBlock
  ................ 00 00 04 00 00 00 00 00 00 00 00 00 00 00 02 00
  .......          00 00 01 00 00 00 01
018065-018124 UnicodeBlock "button_txt_active_Text_2c003d"
018125-018128 DataBlock
  ....             00 00 00 00
018129-018151 FontNameBlock "la_gioconda_uppercase"
018152-018167 DataBlock
  ................ 10 00 00 00 01 00 00 00 00 00 00 00 d7 f8 ff ff
018168-018189 StringBlock "fe_paragraph_heading"
018190-018209 DataBlock
  ................ 00 00 00 00 00 00 00 00 0c 00 00 00 00 00 00 00
  ....             00 00 00 00
018210-018220 T0Block "normal_t0"
018221-018236 DataBlock
  ................ 00 00 00 00 00 00 00 00 00 00 00 00 00 00 00 00
018237-018247 T0Block "normal_t0"
018248-018283 DataBlock
  ................ 00 00 00 00 00 00 00 00 00 00 00 00 00 00 00 00
  ................ 00 00 00 00 00 00 00 00 00 00 00 00 00 00 00 00
  0N=.             30 4e 3d 0b
018284-018293 StringBlock "inactive"
018294-018301 DataBlock
  ....3...         eb 00 00 00 33 00 00 00
018302-018347 UnicodeBlock "Go to Steam store page"
018348-018370 DataBlock
  ................ 00 00 04 00 00 00 00 00 00 00 00 00 00 00 02 00
  .......          00 00 01 00 00 00 01
018371-018434 UnicodeBlock "button_txt_inactive_Text_2c003d"
018435-018438 DataBlock
  ....             00 00 00 00
018439-018461 FontNameBlock "la_gioconda_uppercase"
018462-018477 DataBlock
  ............fff. 10 00 00 00 02 00 00 00 01 00 00 00 66 66 66 ff
018478-018508 StringBlock "fe_paragraph_heading_inactive"
018509-018528 DataBlock
  ................ 00 00 00 00 00 00 00 00 0c 00 00 00 00 00 00 00
  ....             00 00 00 00
018529-018539 T0Block "normal_t0"
018540-018555 DataBlock
  ................ 00 00 00 00 00 00 00 00 00 00 00 00 00 00 00 00
018556-018566 T0Block "normal_t0"
018567-018602 DataBlock
  ................ 00 00 00 00 00 00 00 00 00 00 00 00 00 00 00 00
  ................ 00 00 00 00 00 00 00 00 00 00 00 00 00 00 00 00
  ....             01 00 00 00
018603-018620 StringBlock "disable_override"
018621-018637 StringBlock "instance_resize"
018638-018660 DataBlock
  ................ c8 00 00 00 00 00 00 00 00 00 00 00 00 00 00 00
  .......          00 00 00 00 00 01 00
018661-018681 StringBlock "UI_GBL_HUD_Purchase"
018682-018688 DataBlock
  .......          00 00 00 00 00 00 00
018689-018709 StringBlock "round_medium_button"
018710-018715 DataBlock
  ......           01 00 00 00 00 00
018716-018726 StringBlock "button_ok"
018727-018728 DataBlock
  ..               00 00
018729-018736 StringBlock "Button"
018737-018771 StringBlock "UI_GBL_HUD_Generic_Accept_Confirm"
018772-018806 DataBlock
  ...... ...`B..`B 00 00 f0 c1 00 00 20 c1 00 00 60 42 00 00 60 42
  ....<........... 08 00 00 00 3c 00 00 00 01 06 00 00 00 00 00 00
  ...              00 00 00
018807-018860 UnicodeBlock "button_tick_Tooltip_720052"
018861-018874 UnicodeBlock "Accept"
018875-018881 StringBlock "hover"
018882-018889 DataBlock
  ........         00 00 00 00 00 00 00 00
018890-018899 StringBlock "inactive"
018900-018907 DataBlock
  ........         00 00 00 00 00 00 00 00
018908-018915 StringBlock "active"
018916-018923 DataBlock
  ........         00 00 00 00 00 00 00 00
018924-018929 StringBlock "down"
018930-018937 DataBlock
  ........         00 00 00 00 00 00 00 00
018938-018947 StringBlock "down_off"
018948-018959 DataBlock
  ............     00 00 00 00 00 00 00 00 01 00 00 00
018960-018975 StringBlock "override_sound"
018976-018981 DataBlock
  ......           00 00 06 00 00 00
018982-019014 ImagePathBlock "ui\\skins\\default\\icon_check.png"
019015-019064 ImagePathBlock "ui\\skins\\default\\button_round_medium_pressed.png"
019065-019112 ImagePathBlock "ui\\skins\\default\\button_round_medium_hover.png"
019113-019161 ImagePathBlock "ui\\skins\\default\\button_round_medium_active.png"
019162-019212 ImagePathBlock "ui\\skins\\default\\button_round_medium_inactive.png"
019213-019263 ImagePathBlock "ui\\skins\\default\\button_round_medium_underlay.png"
019264-019267 DataBlock
  ....             00 00 00 00
019268-019288 StringBlock "round_medium_button"
019289-019294 DataBlock
  ......           01 00 00 00 00 00
019295-019309 StringBlock "button_cancel"
019310-019311 DataBlock
  ..               00 00
019312-019319 StringBlock "Button"
019320-019354 StringBlock "UI_GBL_HUD_Generic_Cancel_Decline"
019355-019389 DataBlock
  ...A.. ...`B..`B 00 00 f0 41 00 00 20 c1 00 00 60 42 00 00 60 42
  ....<........... 08 00 00 00 3c 00 00 00 01 06 00 00 00 00 00 00
  ...              00 00 00
019390-019449 UnicodeBlock "_button_cancel_Tooltip_1f006a"
019450-019463 UnicodeBlock "Cancel"
019464-019470 StringBlock "hover"
019471-019478 DataBlock
  ........         00 00 00 00 00 00 00 00
019479-019488 StringBlock "inactive"
019489-019496 DataBlock
  ........         00 00 00 00 00 00 00 00
019497-019504 StringBlock "active"
019505-019512 DataBlock
  ........         00 00 00 00 00 00 00 00
019513-019518 StringBlock "down"
019519-019526 DataBlock
  ........         00 00 00 00 00 00 00 00
019527-019536 StringBlock "down_off"
019537-019548 DataBlock
  ............     00 00 00 00 00 00 00 00 01 00 00 00
019549-019564 StringBlock "override_sound"
019565-019570 DataBlock
  ......           00 00 06 00 00 00
019571-019603 ImagePathBlock "ui\\skins\\default\\icon_cross.png"
019604-019653 ImagePathBlock "ui\\skins\\default\\button_round_medium_pressed.png"
019654-019701 ImagePathBlock "ui\\skins\\default\\button_round_medium_hover.png"
019702-019750 ImagePathBlock "ui\\skins\\default\\button_round_medium_active.png"
019751-019801 ImagePathBlock "ui\\skins\\default\\button_round_medium_inactive.png"
019802-019852 ImagePathBlock "ui\\skins\\default\\button_round_medium_underlay.png"
019853-019857 DataBlock
  .....            00 00 00 00 01
019858-019873 StringBlock "HorizontalList"
019874-019928 DataBlock
  ................ 00 00 00 00 00 00 00 00 00 00 00 00 00 01 00 00
  ................ 00 01 00 00 00 00 00 00 00 00 00 00 00 00 00 00
  ................ 00 00 00 00 00 00 00 00 00 00 00 00 00 00 00 00
  .......          00 00 00 00 00 00 00
019929-019949 StringBlock "UI_FE_POPUP_Generic"
019950-019966 DataBlock
  ................ 00 00 00 00 00 00 00 00 00 00 00 00 00 00 00 00
  .                00
