000000-000009 VersionBlock 105
000010-000013 DataBlock
  ...$             c0 d1 fb 24
000014-000019 StringBlock "root"
000020-000099 DataBlock
  ................ 00 00 00 00 00 00 00 00 00 00 00 00 01 01 00 00
  ................ 00 00 01 00 00 00 00 01 00 00 00 00 00 00 00 00
  ............&... 00 00 00 00 00 00 00 00 00 80 9e 1a 26 01 00 00
  ....&..@........ 00 c0 a0 2e 26 00 00 40 06 00 00 84 03 00 00 00
  ...............& 00 00 00 00 00 00 00 00 01 00 00 00 80 9e 1a 26
000100-000109 StringBlock "NewState"
000110-000148 DataBlock
  @............... 40 06 00 00 84 03 00 00 00 00 00 00 02 00 00 00
  ................ 00 00 00 00 00 00 00 00 02 00 00 00 01 00 00 00
  .......          00 00 00 00 00 00 00
000149-000160 StringBlock "Norse-Bold"
000161-000176 DataBlock
  ................ 0a 00 00 00 02 00 00 00 01 00 00 00 dd da fa ff
000177-000199 StringBlock "Default Font Category"
000200-000219 DataBlock
  ................ 00 00 00 00 00 00 00 00 00 00 00 00 00 00 00 00
  ....             01 00 00 00
000220-000230 StringBlock "normal_t0"
000231-000246 DataBlock
  ................ 00 00 00 00 00 00 00 00 00 00 00 00 00 00 00 00
000247-000257 StringBlock "normal_t0"
000258-000410 DataBlock
  ................ 00 00 00 00 00 00 00 00 00 00 00 00 00 00 00 00
  .......&........ 01 00 00 00 c0 a0 2e 26 00 00 00 00 00 00 00 00
  @............... 40 06 00 00 84 03 00 00 f0 f0 f0 ff 00 00 00 00
  ................ 00 00 00 00 00 00 00 00 00 00 00 01 01 00 00 00
  ................ 00 00 00 00 00 00 00 00 00 00 00 00 00 00 00 00
  ....?........... 00 00 00 80 3f 00 00 00 00 00 00 00 00 00 00 00
  ................ 00 00 00 00 00 00 00 00 00 00 00 00 00 00 00 00
  ................ 00 00 00 00 00 00 00 00 00 00 00 00 00 00 00 00
  ................ 00 00 00 00 00 00 00 00 00 00 00 00 00 00 00 01
  ........&        00 00 00 00 00 00 a0 12 26
000411-000440 StringBlock "enemy_retreated_notification"
000441-000493 DataBlock
  ....b........... 00 00 00 00 62 02 00 00 dd 00 00 00 01 01 00 00
  ................ 00 00 01 00 00 00 00 01 00 00 00 00 05 00 00 00
  ....8.......&... 00 00 00 00 38 ff ff ff 00 c0 07 1c 26 01 00 00
  ..B!&            00 80 42 21 26
000494-000538 ImagePathBlock "ui/skins/default/city_info_scroll_under.png"
000539-000563 DataBlock
  9...9........... 39 01 00 00 39 00 00 00 00 00 00 00 00 00 00 00
  ........&        00 01 00 00 00 c0 07 1c 26
000564-000573 StringBlock "NewState"
000574-000612 DataBlock
  |...9........... 7c 01 00 00 39 00 00 00 00 00 00 00 02 00 00 00
  ................ 00 00 00 00 00 00 00 00 01 00 00 00 01 00 00 00
  .......          00 00 00 00 00 00 00
000613-000625 StringBlock "la_gioconda"
000626-000641 DataBlock
  ................ 0c 00 00 00 01 00 00 00 00 00 00 00 00 00 00 ff
000642-000654 StringBlock "ingame_text"
000655-000674 DataBlock
  ................ 00 00 00 00 00 00 00 00 00 00 00 00 00 00 00 00
  ....             00 00 01 00
000675-000685 StringBlock "normal_t0"
000686-000701 DataBlock
  ................ 00 00 00 00 00 00 00 00 00 00 00 00 00 00 00 00
000702-000712 StringBlock "normal_t0"
000713-000855 DataBlock
  ................ 00 00 00 00 00 00 00 00 00 00 00 00 00 00 00 00
  .....B!&........ 01 00 00 00 80 42 21 26 00 00 00 00 00 00 00 00
  |...9........... 7c 01 00 00 39 00 00 00 ff ff ff ff 00 00 00 00
  ................ 00 00 00 00 00 00 00 00 00 00 00 01 01 00 00 00
  ................ 00 00 00 00 00 00 00 00 00 00 00 00 00 00 00 00
  ....?........... 00 00 00 80 3f 00 00 00 00 00 00 00 00 00 00 00
  ..............B. 00 00 00 00 00 00 00 00 00 00 00 00 00 a0 42 00
  ......B......... 00 00 00 00 00 a0 42 00 00 00 00 00 00 00 00 00
  .......<.......  00 00 00 00 00 00 00 3c 00 00 00 01 00 00 00
000856-000865 StringBlock "OnCreate"
000866-000931 DataBlock
  ............H... 01 00 05 00 00 00 00 00 00 00 00 00 48 c3 01 00
  ................ 00 00 01 00 00 00 ff ff ff 00 00 00 00 00 00 00
  ................ 00 00 00 00 00 00 00 00 00 00 00 00 00 00 ff ff
  ..........D..... ff ff ff ff ff ff 00 00 00 00 44 00 00 00 00 00
  .?               80 3f
000932-000939 StringBlock "Linear"
000940-000951 DataBlock
  ......!&....     01 00 00 00 00 86 21 26 00 00 00 00
000952-000969 StringBlock "Visibility false"
000970-001033 DataBlock
  ..........H..... 00 00 00 00 00 00 00 00 00 00 48 c3 90 01 00 00
  F............... 46 00 00 00 ff ff ff ff 00 00 00 00 00 00 00 00
  ................ 00 00 00 00 00 00 00 00 00 00 00 00 ff ff ff ff
  ........D......? ff ff ff ff fa 00 00 00 44 00 00 00 00 00 80 3f
001034-001041 StringBlock "Linear"
001042-001109 DataBlock
  ..............H. 00 00 00 00 00 00 00 00 00 00 00 00 00 00 48 c3
  |...9........... 7c 01 00 00 39 00 00 00 ff ff ff ff 00 00 00 00
  ................ 00 00 00 00 00 00 00 00 00 00 00 00 00 00 00 00
  ........d....... ff ff ff ff ff ff ff ff 64 00 00 00 04 00 00 00
  ...?             00 00 80 3f
001110-001117 StringBlock "Linear"
001118-001129 DataBlock
  ......!&....     02 00 00 00 00 86 21 26 00 00 00 00
001130-001146 StringBlock "Visibility true"
001147-001150 DataBlock
  ..!&             00 86 21 26
001151-001159 StringBlock "fade_in"
001160-001227 DataBlock
  ..............H. 00 00 00 00 00 00 00 00 00 00 00 00 00 00 48 c3
  |...9........... 7c 01 00 00 39 00 00 00 ff ff ff ff 00 00 00 00
  ................ 00 00 00 00 00 00 00 00 00 00 00 00 00 00 00 00
  ............@... ff ff ff ff ff ff ff ff d0 07 00 00 40 00 00 00
  ...?             00 00 80 3f
001228-001235 StringBlock "Linear"
001236-001303 DataBlock
  ..............H. 00 00 00 00 00 00 00 00 00 00 00 00 00 00 48 c3
  |...9........... 7c 01 00 00 39 00 00 00 ff ff ff 00 00 00 00 00
  ................ 00 00 00 00 00 00 00 00 00 00 00 00 00 00 00 00
  ........,...@... ff ff ff ff ff ff ff ff 2c 01 00 00 40 00 00 00
  ...?             00 00 80 3f
001304-001311 StringBlock "Linear"
001312-001329 DataBlock
  ................ 00 00 00 00 00 00 00 00 01 00 00 00 00 00 00 86
  !&               21 26
001330-001341 StringBlock "tx_retreat"
001342-001406 DataBlock
  ....2........... 00 00 00 00 32 00 00 00 0d 00 00 00 00 00 00 00
  ................ 00 00 01 00 00 00 00 01 00 00 00 00 05 00 00 00
  .........@.1&... 00 00 00 00 05 00 00 00 00 40 90 31 26 00 00 00
  .............@.1 00 00 00 00 00 00 00 00 00 01 00 00 00 40 90 31
  &                26
001407-001416 StringBlock "NewState"
001417-001424 DataBlock
  ....(...         18 01 00 00 28 00 00 00
001425-001474 UnicodeBlock "The enemy has retreated!"
001475-001497 DataBlock
  ................ 00 00 04 00 00 00 04 00 00 00 00 00 00 00 02 00
  .......          00 00 01 00 00 00 01
001498-001561 UnicodeBlock "tx_victory_NewState_Text_180020"
001562-001565 DataBlock
  ....             00 00 00 00
001566-001588 StringBlock "la_gioconda_uppercase"
001589-001604 DataBlock
  ................ 10 00 00 00 02 00 00 00 01 00 00 00 00 00 00 ff
001605-001630 StringBlock "ingame_paragraph_heading"
001631-001650 DataBlock
  ................ 00 00 00 00 00 00 00 00 00 00 00 00 00 00 00 00
  ....             01 00 00 00
001651-001661 StringBlock "normal_t0"
001662-001677 DataBlock
  ................ 00 00 00 00 00 00 00 00 00 00 00 00 00 00 00 00
001678-001688 StringBlock "normal_t0"
001689-001732 DataBlock
  ................ 00 00 00 00 00 00 00 00 00 00 00 00 00 00 00 00
  ................ 00 00 00 00 00 00 00 00 00 00 00 00 00 00 00 00
  ....<.......     00 00 00 00 3c 00 00 00 01 00 00 00
001733-001741 StringBlock "fade_in"
001742-001807 DataBlock
  ............0A#. 00 00 02 00 00 00 00 00 00 00 00 00 30 41 23 01
  ..(............. 00 00 28 00 00 00 ff ff ff 00 00 00 00 00 00 00
  ................ 00 00 00 00 00 00 00 00 00 00 00 00 00 00 ff ff
  ..........@..... ff ff ff ff ff ff 00 00 00 00 40 00 00 00 00 00
  .?               80 3f
001808-001815 StringBlock "Linear"
001816-001883 DataBlock
  ..............0A 00 00 00 00 00 00 00 00 00 00 00 00 00 00 30 41
  #...(........... 23 01 00 00 28 00 00 00 ff ff ff ff 00 00 00 00
  ................ 00 00 00 00 00 00 00 00 00 00 00 00 00 00 00 00
  ............@... ff ff ff ff ff ff ff ff c8 00 00 00 40 00 00 00
  ...?             00 00 80 3f
001884-001891 StringBlock "Linear"
001892-001933 DataBlock
  ................ 00 00 00 00 00 00 00 00 00 00 00 00 00 00 00 00
  ................ 00 00 00 01 00 00 00 00 00 00 00 00 00 00 00 00
  ..........       00 00 00 00 00 00 00 00 00 00
