000000-000009 VersionBlock 121
000010-000013 RootIDBlock 238014304
000014-000019 StringBlock "root"
000020-000021 StringBlock ""
000022-000025 DataBlock
  ....             01 00 00 00
000026-000039 StringBlock "FrontEndRoot"
000040-000115 DataBlock
  ................ 00 00 00 00 00 00 00 00 00 00 00 00 00 00 00 00
  ................ 01 01 00 00 00 00 01 00 00 00 00 01 00 00 00 00
  ................ 00 00 00 00 00 00 00 00 00 00 00 00 00 00 00 00
  .....p.......... 00 01 00 00 00 70 0a ec 06 00 00 00 05 00 00 c0
  ............     03 00 00 00 00 00 00 00 01 00 00 00
000116-000119 StateIDBlock 238012384
000120-000129 NewStateBlock "NewState"
000130-000133 XSizeBlock 1600
000134-000137 YSizeBlock 900
000138-000166 DataBlock
  ................ 00 00 00 00 02 00 00 00 00 00 00 00 00 00 00 00
  .............    01 00 00 00 00 00 00 00 00 00 00 00 00
000167-000184 StringBlock "profile_offc_pro"
000185-000200 DataBlock
  ................ 0a 00 00 00 01 00 00 00 00 00 00 00 ff ff ff ff
000201-000219 StringBlock "ingame_text_small"
000220-000239 DataBlock
  ................ 00 00 00 00 00 00 00 00 00 00 00 00 00 00 00 00
  ....             01 00 00 00
000240-000250 T0Block "normal_t0"
000251-000266 DataBlock
  ................ 00 00 00 00 00 00 00 00 00 00 00 00 00 00 00 00
000267-000277 T0Block "normal_t0"
000278-000432 DataBlock
  ................ 00 00 00 00 00 00 00 00 00 00 00 00 00 00 00 00
  ....p........... 01 00 00 00 70 0a ec 06 00 00 00 00 00 00 00 00
  @...L........... 40 06 00 00 4c 03 00 00 bb ff be ff 00 00 00 00
  ................ 00 00 00 00 00 00 00 00 00 00 00 00 00 01 01 00
  ................ 00 00 00 00 00 00 00 00 00 00 00 00 00 00 00 00
  ......?......... 00 00 00 00 00 80 3f 00 00 00 00 00 00 00 00 00
  ................ 00 00 00 00 00 00 00 00 00 00 00 00 00 00 00 00
  ................ 00 00 00 00 00 00 00 00 00 00 00 00 00 00 00 00
  ................ 00 00 00 00 00 00 00 00 00 00 00 00 00 00 00 00
  ........96.      00 01 00 00 00 00 00 00 39 36 0e
000433-000440 StringBlock "layout"
000441-000446 DataBlock
  ......           00 00 01 00 00 00
000447-000468 StringBlock "ScreenSizedComponent"
000469-000529 DataBlock
  ................ 00 00 00 00 00 00 00 00 00 00 00 00 00 00 00 00
  ................ 01 01 00 00 00 00 01 00 00 00 00 01 00 00 00 00
  ................ 05 00 00 00 00 00 00 00 00 00 00 00 00 00 00 00
  .............    00 00 00 00 00 00 00 00 00 01 00 00 00
000530-000533 StateIDBlock 238011904
000534-000543 NewStateBlock "NewState"
000544-000547 XSizeBlock 1600
000548-000551 YSizeBlock 900
000552-000580 DataBlock
  ................ 00 00 00 00 02 00 00 00 00 00 00 00 00 00 00 00
  .............    01 00 00 00 00 00 00 00 00 00 00 00 00
000581-000594 StringBlock "tw_troy_bold"
000595-000610 DataBlock
  ................ 0a 00 00 00 02 00 00 00 00 00 00 00 dd da fa ff
000611-000633 StringBlock "Default Font Category"
000634-000653 DataBlock
  ................ 00 00 00 00 00 00 00 00 00 00 00 00 00 00 00 00
  ....             01 00 00 00
000654-000664 T0Block "normal_t0"
000665-000680 DataBlock
  ......HB........ 00 00 00 00 00 00 48 42 00 00 00 00 00 00 00 00
000681-000691 T0Block "normal_t0"
000692-000727 DataBlock
  ................ 00 00 00 00 00 00 00 00 00 00 00 00 00 00 00 00
  ................ 00 00 00 00 00 00 00 00 00 00 00 00 00 00 00 00
  ....             05 00 00 00
000728-000734 StringBlock "audio"
000735-000737 DataBlock
  ..0              01 00 30
000738-000750 StringBlock "dont_double"
000751-000753 DataBlock
  ..1              01 00 31
000754-000759 StringBlock "loop"
000760-000762 DataBlock
  ..1              01 00 31
000763-000768 StringBlock "path"
000769-000770 DataBlock
  ..               00 00
000771-000785 StringBlock "pause_current"
000786-000806 DataBlock
  ..0............. 01 00 30 00 00 00 00 00 00 00 00 08 00 00 00 00
  ....J            00 00 1d c1 4a
000807-000820 StringBlock "bese_texture"
000821-000867 DataBlock
  ................ 00 00 00 00 00 00 00 00 00 00 00 00 00 00 01 01
  ................ 00 00 00 00 01 00 00 00 00 01 00 00 00 00 05 00
  ............S.J  00 00 00 00 00 00 00 00 00 00 00 80 53 b5 4a
000868-000931 ImageListBlock 1 elements:
  000872-000931 ImageBlock id=1252075392 xsize=256 ysize=256 path="ui\\skins\\default\\troy_crack_texture_18.png" unknown=0
000932-000936 DataBlock
  .....            00 01 00 00 00
000937-000940 StateIDBlock 1253397376
000941-000950 NewStateBlock "NewState"
000951-000954 XSizeBlock 1600
000955-000958 YSizeBlock 900
000959-000987 DataBlock
  ................ 00 00 00 00 02 00 00 00 00 00 00 00 00 00 00 00
  .............    02 00 00 00 00 00 00 00 00 00 00 00 00
000988-001001 StringBlock "tw_troy_bold"
001002-001017 DataBlock
  ................ 0a 00 00 00 02 00 00 00 00 00 00 00 dd da fa ff
001018-001040 StringBlock "Default Font Category"
001041-001060 DataBlock
  ................ 00 00 00 00 00 00 00 00 00 00 00 00 00 00 00 00
  ....             01 00 00 00
001061-001071 T0Block "normal_t0"
001072-001087 DataBlock
  ................ 00 00 00 00 00 00 00 00 00 00 00 00 00 00 00 00
001088-001098 T0Block "normal_t0"
001099-001118 DataBlock
  ................ 00 00 00 00 00 00 00 00 00 00 00 00 00 00 00 00
  ....             01 00 00 00
001119-001142 ImageUseBlock id=1252075392 xofs=0 yofs=0 xsize=1600 ysize=900 brga=4294967295
001143-001275 DataBlock
  ................ 00 00 01 00 00 00 00 00 00 00 00 00 00 00 00 00
  ................ 00 01 01 00 00 00 00 00 00 00 00 00 00 00 00 00
  ..........?..... 00 00 00 00 00 00 00 00 00 80 3f 00 00 00 00 00
  ................ 00 00 00 00 00 00 00 00 00 00 00 00 00 00 00 00
  ................ 00 00 00 00 00 00 00 00 00 00 00 00 00 00 00 00
  ................ 00 00 00 00 00 00 00 00 00 00 00 00 00 00 00 00
  ................ 00 00 00 00 00 00 00 00 00 00 00 00 00 00 00 00
  ......?...?...?. 00 00 00 00 00 80 3f 00 00 00 3f 00 00 00 3f 00
  .."[P            00 80 22 5b 50
001276-001292 StringBlock "slide_animation"
001293-001339 DataBlock
  ................ 00 00 00 00 00 00 00 00 00 00 b6 00 00 00 01 01
  ................ 00 00 00 00 01 00 00 00 00 01 00 00 00 00 05 00
  ............jGP  00 00 00 00 00 00 00 00 00 00 00 80 6a 47 50
001340-001397 ImageListBlock 1 elements:
  001344-001397 ImageBlock id=1402117504 xsize=2500 ysize=838 path="ui\\skins\\default\\slide_animation.png" unknown=0
001398-001402 DataBlock
  .....            00 01 00 00 00
001403-001406 StateIDBlock 1346857600
001407-001416 NewStateBlock "NewState"
001417-001420 XSizeBlock 1600
001421-001424 YSizeBlock 536
001425-001453 DataBlock
  ................ 00 00 00 00 02 00 00 00 00 00 00 00 00 00 00 00
  .............    02 00 00 00 00 00 00 00 00 00 00 00 00
001454-001467 StringBlock "tw_troy_bold"
001468-001483 DataBlock
  ................ 0a 00 00 00 02 00 00 00 00 00 00 00 dd da fa ff
001484-001506 StringBlock "Default Font Category"
001507-001526 DataBlock
  ................ 00 00 00 00 00 00 00 00 00 00 00 00 00 00 00 00
  ....             01 00 00 00
001527-001537 T0Block "normal_t0"
001538-001553 DataBlock
  ................ 00 00 00 00 00 00 00 00 00 00 00 00 00 00 00 00
001554-001564 T0Block "normal_t0"
001565-001584 DataBlock
  ................ 00 00 00 00 00 00 00 00 00 00 00 00 00 00 00 00
  ....             01 00 00 00
001585-001608 ImageUseBlock id=1402117504 xofs=0 yofs=0 xsize=1600 ysize=536 brga=4294967295
001609-001719 DataBlock
  ................ 00 00 00 00 00 00 00 00 00 00 00 00 00 00 00 00
  ................ 00 01 01 00 00 00 00 00 00 00 00 00 00 00 00 00
  ..........?..... 00 00 00 00 00 00 00 00 00 80 3f 00 00 00 00 00
  ................ 00 00 00 00 00 00 00 00 00 00 00 00 00 00 00 00
  ................ 00 00 00 00 00 00 00 00 00 00 00 00 00 00 00 00
  ................ 00 00 00 00 00 00 00 00 00 00 00 00 00 01 00 00
  ..............\  00 00 00 00 00 03 00 00 00 00 00 00 b8 a1 5c
001720-001738 StringBlock "smoke_clip_parent"
001739-001797 DataBlock
  ................ 00 00 00 00 00 00 00 00 00 00 00 00 00 00 01 01
  ................ 00 00 00 00 01 01 00 00 00 01 00 00 00 00 05 00
  ............u.[. 00 00 00 00 00 00 00 00 00 00 00 80 75 e8 5b 00
  ...........      00 00 00 00 00 00 00 01 00 00 00
001798-001801 StateIDBlock 1541961088
001802-001811 NewStateBlock "NewState"
001812-001815 XSizeBlock 1600
001816-001819 YSizeBlock 536
001820-001848 DataBlock
  ................ 00 00 00 00 02 00 00 00 00 00 00 00 00 00 00 00
  .............    02 00 00 00 00 00 00 00 00 00 00 00 00
001849-001862 StringBlock "tw_troy_bold"
001863-001878 DataBlock
  ................ 0a 00 00 00 02 00 00 00 00 00 00 00 dd da fa ff
001879-001901 StringBlock "Default Font Category"
001902-001921 DataBlock
  ................ 00 00 00 00 00 00 00 00 00 00 00 00 00 00 00 00
  ....             00 00 00 00
001922-001932 T0Block "normal_t0"
001933-001948 DataBlock
  ................ 00 00 00 00 00 00 00 00 00 00 00 00 00 00 00 00
001949-001959 T0Block "normal_t0"
001960-001995 DataBlock
  ................ 00 00 00 00 00 00 00 00 00 00 00 00 00 00 00 00
  ................ 00 00 00 00 00 00 00 00 00 00 00 00 00 00 00 00
  ....             01 00 00 00
001996-002013 StringBlock "disable_override"
002014-002030 StringBlock "instance_resize"
002031-002048 DataBlock
  i............... 69 00 00 00 00 00 00 00 01 00 00 00 00 00 00 82
  .Y               85 59
002049-002063 StringBlock "smoke_overlay"
002064-002110 DataBlock
  ......<......... 00 00 00 00 00 00 3c ff ff ff ea fd ff ff 01 01
  ................ 00 00 00 00 01 01 00 00 00 01 00 00 00 00 05 00
  ............G.\  00 00 04 00 00 00 fe ff ff ff 00 80 47 a1 5c
002111-002183 ImageListBlock 1 elements:
  002115-002183 ImageBlock id=1552908160 xsize=339 ysize=51 path="ui\\skins\\default\\button_square_large_text_hover.png" unknown=0
002184-002234 DataBlock
  ......G.\..wh1.. 00 02 00 00 00 80 47 a1 5c 03 00 77 68 31 d0 07
  ..@............. 00 00 40 06 00 00 00 00 00 00 02 00 00 00 00 00
  ................ 00 00 00 00 00 00 02 00 00 00 00 00 00 00 00 00
  ...              00 00 00
002235-002248 StringBlock "tw_troy_bold"
002249-002264 DataBlock
  ................ 0a 00 00 00 02 00 00 00 00 00 00 00 dd da fa ff
002265-002287 StringBlock "Default Font Category"
002288-002307 DataBlock
  ................ 00 00 00 00 00 00 00 00 00 00 00 00 00 00 00 00
  ....             00 00 00 00
002308-002325 T0Block "smoke_overlay_t0"
002326-002341 DataBlock
  ...?.. A........ 00 00 80 3f 00 00 20 41 00 00 00 00 00 00 00 00
002342-002352 T0Block "normal_t0"
002353-002372 DataBlock
  ................ 00 00 00 00 00 00 00 00 00 00 00 00 00 00 00 00
  ....             01 00 00 00
002373-002396 ImageUseBlock id=1552908160 xofs=0 yofs=0 xsize=2000 ysize=1600 brga=855599136
002397-002531 DataBlock
  ................ 00 00 00 00 00 00 00 00 00 00 00 00 00 00 00 00
  ................ 00 01 01 00 00 00 00 00 00 00 00 00 00 00 00 00
  ..........?..... 00 00 00 00 00 00 00 00 00 80 3f 00 00 00 00 00
  ................ 00 00 00 00 00 00 00 00 00 00 00 00 00 00 00 00
  ................ 00 00 00 00 00 00 00 00 00 00 00 00 00 00 00 00
  ..........J.\..w 00 00 00 00 00 00 00 00 00 00 4a a1 5c 03 00 77
  h2....@......... 68 32 d0 07 00 00 40 06 00 00 00 00 00 00 02 00
  ................ 00 00 00 00 00 00 00 00 00 00 02 00 00 00 00 00
  .......          00 00 00 00 00 00 00
002532-002545 StringBlock "tw_troy_bold"
002546-002561 DataBlock
  ................ 0a 00 00 00 02 00 00 00 00 00 00 00 dd da fa ff
002562-002584 StringBlock "Default Font Category"
002585-002604 DataBlock
  ................ 00 00 00 00 00 00 00 00 00 00 00 00 00 00 00 00
  ....             00 00 00 00
002605-002622 T0Block "smoke_overlay_t0"
002623-002638 DataBlock
  ...?.. A........ 00 00 80 3f 00 00 20 41 00 00 00 00 00 00 00 00
002639-002649 T0Block "normal_t0"
002650-002669 DataBlock
  ................ 00 00 00 00 00 00 00 00 00 00 00 00 00 00 00 00
  ....             01 00 00 00
002670-002693 ImageUseBlock id=1552908160 xofs=0 yofs=0 xsize=2000 ysize=1600 brga=2151735504
002694-002786 DataBlock
  ................ 00 00 00 00 00 00 00 00 00 00 00 00 00 00 00 00
  ................ 00 01 01 00 00 00 00 00 00 00 00 00 00 00 00 00
  ..........?..... 00 00 00 00 00 00 00 00 00 80 3f 00 00 00 00 00
  ................ 00 00 00 00 00 00 00 00 00 00 00 00 00 00 00 00
  ................ 00 00 00 00 00 00 00 00 00 00 00 00 00 00 00 00
  .............    00 00 00 00 00 00 00 00 00 01 00 00 00
002787-002804 StringBlock "disable_override"
002805-002821 StringBlock "instance_resize"
002822-002883 DataBlock
  i............... 69 00 00 00 00 00 00 00 00 00 00 00 00 00 00 00
  .........?...?.. 00 00 00 00 00 00 00 00 80 3f 00 00 00 3f 00 00
  .?.............? 00 3f 00 00 00 00 00 00 00 00 00 01 00 00 80 3f
  ...?...?.....F   00 00 00 3f 00 00 00 3f 00 00 00 94 f0 46
002884-002897 StringBlock "top_fragment"
002898-002944 DataBlock
  ................ 00 00 00 00 00 00 00 00 00 00 b0 ff ff ff 01 00
  ................ 00 00 00 00 01 00 00 00 00 01 00 00 00 00 02 00
  ..............F  00 00 00 00 00 00 b0 ff ff ff 00 00 98 f0 46
002945-003001 ImageListBlock 1 elements:
  002949-003001 ImageBlock id=1190188032 xsize=355 ysize=86 path="ui\\skins\\default\\ornament_tile2.png" unknown=0
003002-003006 DataBlock
  .....            00 01 00 00 00
003007-003010 StateIDBlock 1190172672
003011-003020 NewStateBlock "NewState"
003021-003024 XSizeBlock 1600
003025-003028 YSizeBlock 86
003029-003057 DataBlock
  ................ 00 00 00 00 02 00 00 00 00 00 00 00 00 00 00 00
  .............    02 00 00 00 00 00 00 00 00 00 00 00 00
003058-003071 StringBlock "tw_troy_bold"
003072-003087 DataBlock
  ................ 0a 00 00 00 02 00 00 00 00 00 00 00 dd da fa ff
003088-003110 StringBlock "Default Font Category"
003111-003130 DataBlock
  ................ 00 00 00 00 00 00 00 00 00 00 00 00 00 00 00 00
  ....             01 00 00 00
003131-003141 T0Block "normal_t0"
003142-003157 DataBlock
  ................ 00 00 00 00 00 00 00 00 00 00 00 00 00 00 00 00
003158-003168 T0Block "normal_t0"
003169-003188 DataBlock
  ................ 00 00 00 00 00 00 00 00 00 00 00 00 00 00 00 00
  ....             01 00 00 00
003189-003212 ImageUseBlock id=1190188032 xofs=0 yofs=0 xsize=1600 ysize=86 brga=4294967295
003213-003345 DataBlock
  ................ 00 00 01 00 00 05 00 00 00 00 00 00 00 00 00 00
  ................ 00 01 01 00 00 00 00 00 00 00 00 00 00 00 00 00
  ..........?..... 00 00 00 00 00 00 00 00 00 80 3f 00 00 00 00 00
  ................ 00 00 00 00 00 00 00 00 00 00 00 00 00 00 00 00
  ................ 00 00 00 00 00 00 00 00 00 00 00 00 00 00 00 00
  ................ 00 00 00 00 00 00 00 00 00 00 00 00 00 00 00 00
  ................ 00 00 00 00 00 00 00 00 00 00 00 00 00 00 00 00
  ......?...?..... 00 00 00 00 00 80 3f 00 00 00 3f 00 00 00 00 00
  ....F            00 00 cf f0 46
003346-003362 StringBlock "bottom_fragment"
003363-003409 DataBlock
  ................ 00 00 00 00 00 00 00 00 00 00 12 02 00 00 01 00
  ................ 00 00 00 00 01 00 00 00 00 01 00 00 00 00 08 00
  ......P......./  00 00 00 00 00 00 50 00 00 00 00 80 f0 05 2f
003410-003466 ImageListBlock 1 elements:
  003414-003466 ImageBlock id=788918080 xsize=355 ysize=86 path="ui\\skins\\default\\ornament_tile1.png" unknown=0
003467-003471 DataBlock
  .....            00 01 00 00 00
003472-003475 StateIDBlock 788918400
003476-003485 NewStateBlock "NewState"
003486-003489 XSizeBlock 1600
003490-003493 YSizeBlock 86
003494-003522 DataBlock
  ................ 00 00 00 00 02 00 00 00 00 00 00 00 00 00 00 00
  .............    02 00 00 00 00 00 00 00 00 00 00 00 00
003523-003536 StringBlock "tw_troy_bold"
003537-003552 DataBlock
  ................ 0a 00 00 00 02 00 00 00 00 00 00 00 dd da fa ff
003553-003575 StringBlock "Default Font Category"
003576-003595 DataBlock
  ................ 00 00 00 00 00 00 00 00 00 00 00 00 00 00 00 00
  ....             01 00 00 00
003596-003606 T0Block "normal_t0"
003607-003622 DataBlock
  ................ 00 00 00 00 00 00 00 00 00 00 00 00 00 00 00 00
003623-003633 T0Block "normal_t0"
003634-003653 DataBlock
  ................ 00 00 00 00 00 00 00 00 00 00 00 00 00 00 00 00
  ....             01 00 00 00
003654-003677 ImageUseBlock id=788918080 xofs=0 yofs=0 xsize=1600 ysize=86 brga=4294967295
003678-003832 DataBlock
  ................ 00 00 01 00 00 05 00 00 00 00 00 00 00 00 00 00
  ................ 00 01 01 00 00 00 00 00 00 00 00 00 00 00 00 00
  ..........?..... 00 00 00 00 00 00 00 00 00 80 3f 00 00 00 00 00
  ................ 00 00 00 00 00 00 00 00 00 00 00 00 00 00 00 00
  ................ 00 00 00 00 00 00 00 00 00 00 00 00 00 00 00 00
  ................ 00 00 00 00 00 00 00 00 00 00 00 00 00 00 00 00
  ................ 00 00 00 00 00 00 00 00 00 00 00 00 00 00 00 00
  ......?...?...?. 00 00 00 00 00 80 3f 00 00 00 3f 00 00 80 3f 00
  ............?... 00 00 00 00 00 00 00 01 00 00 00 80 3f 00 00 00
  ?...?......      3f 00 00 00 3f 00 00 80 83 b0 2e
003833-003847 StringBlock "dark_gradient"
003848-003894 DataBlock
  ................ 00 00 00 00 00 00 00 00 00 00 00 00 00 00 01 01
  ................ 00 00 00 00 01 00 00 00 00 01 00 00 00 00 05 00
  ...........@+..  00 00 00 00 00 00 00 00 00 00 00 40 2b b0 2e
003895-003959 ImageListBlock 1 elements:
  003899-003959 ImageBlock id=783272640 xsize=512 ysize=512 path="ui\\skins\\default\\dark_gradient_vertical.png" unknown=0
003960-003964 DataBlock
  .....            00 01 00 00 00
003965-003968 StateIDBlock 783297344
003969-003978 NewStateBlock "NewState"
003979-003982 XSizeBlock 1600
003983-003986 YSizeBlock 900
003987-004015 DataBlock
  ................ 00 00 00 00 02 00 00 00 00 00 00 00 00 00 00 00
  .............    02 00 00 00 00 00 00 00 00 00 00 00 00
004016-004029 StringBlock "tw_troy_bold"
004030-004045 DataBlock
  ................ 0a 00 00 00 02 00 00 00 00 00 00 00 dd da fa ff
004046-004068 StringBlock "Default Font Category"
004069-004088 DataBlock
  ................ 00 00 00 00 00 00 00 00 00 00 00 00 00 00 00 00
  ....             01 00 00 00
004089-004099 T0Block "normal_t0"
004100-004115 DataBlock
  ................ 00 00 00 00 00 00 00 00 00 00 00 00 00 00 00 00
004116-004126 T0Block "normal_t0"
004127-004146 DataBlock
  ................ 00 00 00 00 00 00 00 00 00 00 00 00 00 00 00 00
  ....             01 00 00 00
004147-004170 ImageUseBlock id=783272640 xofs=0 yofs=0 xsize=1600 ysize=900 brga=2030043135
004171-004213 DataBlock
  ................ 00 00 00 00 00 00 00 00 00 00 00 00 00 00 00 00
  ................ 00 01 01 00 00 00 00 00 00 00 00 00 00 00 00 00
  ..........?      00 00 00 00 00 00 00 00 00 80 3f
004214-004223 StringBlock "multiply"
004224-004311 DataBlock
  ................ 00 00 00 00 00 00 00 00 00 00 00 00 00 00 00 00
  ................ 00 00 00 00 00 00 00 00 00 00 00 00 00 00 00 00
  ................ 00 00 00 00 00 00 00 00 00 00 00 00 00 00 00 00
  ................ 00 00 00 00 00 00 00 00 00 00 00 00 00 00 00 00
  .........?...?.. 00 00 00 00 00 00 00 00 80 3f 00 00 00 3f 00 00
  .?...k.>         00 3f 00 00 80 6b 93 3e
004312-004322 StringBlock "top_light"
004323-004369 DataBlock
  ................ 00 00 00 00 00 00 00 00 00 00 00 00 00 00 01 01
  ................ 00 00 00 00 01 00 00 00 00 01 00 00 00 00 05 00
  ...........@o.>  00 00 00 00 00 00 00 00 00 00 00 40 6f 93 3e
004370-004421 ImageListBlock 1 elements:
  004374-004421 ImageBlock id=1049885824 xsize=1600 ysize=202 path="ui\\skins\\default\\top_light.png" unknown=0
004422-004426 DataBlock
  .....            00 01 00 00 00
004427-004430 StateIDBlock 1049849664
004431-004440 NewStateBlock "NewState"
004441-004444 XSizeBlock 1600
004445-004448 YSizeBlock 900
004449-004477 DataBlock
  ................ 00 00 00 00 02 00 00 00 00 00 00 00 00 00 00 00
  .............    02 00 00 00 00 00 00 00 00 00 00 00 00
004478-004491 StringBlock "tw_troy_bold"
004492-004507 DataBlock
  ................ 0a 00 00 00 02 00 00 00 00 00 00 00 dd da fa ff
004508-004530 StringBlock "Default Font Category"
004531-004550 DataBlock
  ................ 00 00 00 00 00 00 00 00 00 00 00 00 00 00 00 00
  ....             00 00 00 00
004551-004562 T0Block "overlay_t0"
004563-004578 DataBlock
  ................ 00 00 00 00 00 00 00 00 00 00 00 00 00 00 00 00
004579-004589 T0Block "normal_t0"
004590-004609 DataBlock
  ................ 00 00 00 00 00 00 00 00 00 00 00 00 00 00 00 00
  ....             01 00 00 00
004610-004633 ImageUseBlock id=1049885824 xofs=0 yofs=0 xsize=1600 ysize=202 brga=855638015
004634-004676 DataBlock
  ................ 00 00 00 00 00 02 00 00 00 00 00 00 00 00 00 00
  ................ 00 01 01 00 00 00 00 00 00 00 00 00 00 00 00 00
  ..........?      00 00 00 00 00 00 00 00 00 80 3f
004677-004687 T0Block "normal_t0"
004688-004775 DataBlock
  ................ 00 00 00 00 00 00 00 00 00 00 00 00 00 00 00 00
  ................ 00 00 00 00 00 00 00 00 00 00 00 00 00 00 00 00
  ................ 00 00 00 00 00 00 00 00 00 00 00 00 00 00 00 00
  ................ 00 00 00 00 00 00 00 00 00 00 00 00 00 00 00 00
  .........?...?.. 00 00 00 00 00 00 00 00 80 3f 00 00 00 3f 00 00
  .?...c.E         00 3f 00 00 00 63 c0 45
004776-004787 StringBlock "bgr_frames"
004788-004846 DataBlock
  ................ 00 00 00 00 00 00 00 00 00 00 00 00 00 00 01 01
  ................ 00 00 00 00 01 00 00 00 00 01 00 00 00 00 05 00
  ..............9. 00 00 00 00 00 00 00 00 00 00 00 c0 ee a7 39 00
  ...........      00 00 00 00 00 00 00 01 00 00 00
004847-004850 StateIDBlock 967306944
004851-004860 NewStateBlock "NewState"
004861-004864 XSizeBlock 1600
004865-004868 YSizeBlock 900
004869-004897 DataBlock
  ................ 00 00 00 00 02 00 00 00 00 00 00 00 00 00 00 00
  .............    02 00 00 00 00 00 00 00 00 00 00 00 00
004898-004911 StringBlock "tw_troy_bold"
004912-004927 DataBlock
  ................ 0a 00 00 00 02 00 00 00 00 00 00 00 dd da fa ff
004928-004950 StringBlock "Default Font Category"
004951-004970 DataBlock
  ................ 00 00 00 00 00 00 00 00 00 00 00 00 00 00 00 00
  ....             00 00 00 00
004971-004981 T0Block "normal_t0"
004982-004997 DataBlock
  ................ 00 00 00 00 00 00 00 00 00 00 00 00 00 00 00 00
004998-005008 T0Block "normal_t0"
005009-005062 DataBlock
  ................ 00 00 00 00 00 00 00 00 00 00 00 00 00 00 00 00
  ................ 00 00 00 00 00 00 00 00 00 00 00 00 00 00 00 00
  ................ 00 00 00 00 01 00 00 00 00 00 00 00 01 00 00 00
  ...piF           00 00 00 70 69 46
005063-005074 StringBlock "cloud_anim"
005075-005121 DataBlock
  ................ 00 00 00 00 00 00 00 00 00 00 00 00 00 00 01 01
  ................ 00 00 00 00 01 00 00 00 00 01 00 00 00 00 00 00
  ............E%B  00 00 00 00 00 00 00 00 00 00 00 80 45 25 42
005122-005180 ImageListBlock 1 elements:
  005126-005180 ImageBlock id=1161964032 xsize=799 ysize=1650 path="ui\\skins\\default\\clouds_animation.png" unknown=0
005181-005185 DataBlock
  .....            00 01 00 00 00
005186-005189 StateIDBlock 1109738880
005190-005199 NewStateBlock "NewState"
005200-005203 XSizeBlock 474
005204-005207 YSizeBlock 900
005208-005236 DataBlock
  ................ 00 00 00 00 02 00 00 00 00 00 00 00 00 00 00 00
  .............    02 00 00 00 00 00 00 00 00 00 00 00 00
005237-005250 StringBlock "tw_troy_bold"
005251-005266 DataBlock
  ................ 0a 00 00 00 02 00 00 00 00 00 00 00 dd da fa ff
005267-005289 StringBlock "Default Font Category"
005290-005309 DataBlock
  ................ 00 00 00 00 00 00 00 00 00 00 00 00 00 00 00 00
  ....             01 00 00 00
005310-005320 T0Block "normal_t0"
005321-005336 DataBlock
  ......L>........ 00 00 00 00 cd cc 4c 3e 00 00 00 00 00 00 00 00
005337-005347 T0Block "normal_t0"
005348-005367 DataBlock
  ................ 00 00 00 00 00 00 00 00 00 00 00 00 00 00 00 00
  ....             02 00 00 00
005368-005391 ImageUseBlock id=1161964032 xofs=0 yofs=0 xsize=474 ysize=900 brga=4294967295
005392-005434 DataBlock
  ................ 00 00 00 00 00 00 00 00 00 00 00 00 00 00 00 00
  ................ 00 01 01 00 00 00 00 00 00 00 00 00 00 00 00 00
  ..........?      00 00 00 00 00 00 00 00 00 80 3f
005435-005449 T0Block "glow_pulse_t0"
005450-005481 DataBlock
  ................ 00 00 00 00 00 00 00 00 00 00 00 00 00 00 00 00
  ................ 00 00 00 00 00 00 00 00 00 00 00 00 00 00 00 00
005482-005505 ImageUseBlock id=1161964032 xofs=0 yofs=0 xsize=474 ysize=900 brga=3036676095
005506-005548 DataBlock
  ................ 00 00 00 00 00 00 00 00 00 00 00 00 00 00 00 00
  ................ 00 01 01 00 00 00 00 00 00 00 00 00 00 00 00 00
  ..........?      00 00 00 00 00 00 00 00 00 80 3f
005549-005559 T0Block "normal_t0"
005560-005669 DataBlock
  ................ 00 00 00 00 00 00 00 00 00 00 00 00 00 00 00 00
  ................ 00 00 00 00 00 00 00 00 00 00 00 00 00 00 00 00
  ................ 00 00 00 00 00 00 00 00 00 00 00 00 00 00 00 00
  ................ 01 00 00 00 00 00 00 00 00 00 00 00 00 00 00 00
  .........?...... 00 00 00 00 00 00 00 00 80 3f 00 00 00 00 00 00
  ...............? 00 00 00 00 00 00 00 00 00 00 00 01 00 00 80 3f
  ...?...?......   00 00 00 3f 00 00 00 3f 00 00 a0 bc a1 04
005670-005680 StringBlock "troy_logo"
005681-005739 DataBlock
  ................ 00 00 00 00 00 00 90 02 00 00 00 00 00 00 00 00
  ................ 00 00 00 00 01 00 00 00 00 01 00 00 00 00 02 00
  .............4K. 00 00 00 00 00 00 00 00 00 00 00 00 83 34 4b 00
  ...........      00 00 00 00 00 00 00 01 00 00 00
005740-005743 StateIDBlock 1261732608
005744-005753 NewStateBlock "NewState"
005754-005757 XSizeBlock 288
005758-005761 YSizeBlock 382
005762-005790 DataBlock
  ................ 00 00 00 00 02 00 00 00 00 00 00 00 00 00 00 00
  .............    02 00 00 00 00 00 00 00 00 00 00 00 00
005791-005804 StringBlock "tw_troy_bold"
005805-005820 DataBlock
  ................ 0a 00 00 00 02 00 00 00 00 00 00 00 dd da fa ff
005821-005843 StringBlock "Default Font Category"
005844-005863 DataBlock
  ................ 00 00 00 00 00 00 00 00 00 00 00 00 00 00 00 00
  ....             01 00 00 00
005864-005874 T0Block "normal_t0"
005875-005890 DataBlock
  ................ 00 00 00 00 00 00 00 00 00 00 00 00 00 00 00 00
005891-005901 T0Block "normal_t0"
005902-005955 DataBlock
  ................ 00 00 00 00 00 00 00 00 00 00 00 00 00 00 00 00
  ................ 00 00 00 00 00 00 00 00 00 00 00 00 00 00 00 00
  ................ 00 00 00 00 01 00 00 00 00 00 00 00 02 00 00 00
  ....8K           00 00 00 a7 38 4b
005956-005971 StringBlock "game_logo_flag"
005972-006018 DataBlock
  ................ 00 00 00 00 00 00 14 00 00 00 01 00 00 00 01 01
  ................ 00 00 00 00 00 00 00 00 00 01 00 00 00 00 02 00
  ............r..  00 00 00 00 00 00 01 00 00 00 00 b0 72 a7 04
006019-006082 ImageListBlock 1 elements:
  006023-006082 ImageBlock id=1252341248 xsize=248 ysize=350 path="ui\\skins\\default\\game_logo_medium_flag.png" unknown=0
006083-006091 DataBlock
  ......r..        00 01 00 00 00 b0 72 a7 04
006092-006099 StringBlock "active"
006100-006136 DataBlock
  ....^........... f8 00 00 00 5e 01 00 00 00 00 00 00 02 00 00 00
  ................ 00 00 00 00 00 00 00 00 02 00 00 00 00 00 00 00
  .....            00 00 00 00 00
006137-006150 StringBlock "tw_troy_bold"
006151-006166 DataBlock
  ................ 0a 00 00 00 02 00 00 00 00 00 00 00 dd da fa ff
006167-006189 StringBlock "Default Font Category"
006190-006209 DataBlock
  ................ 00 00 00 00 00 00 00 00 00 00 00 00 00 00 00 00
  ....             01 00 00 00
006210-006220 T0Block "normal_t0"
006221-006236 DataBlock
  ................ 00 00 00 00 00 00 00 00 00 00 00 00 00 00 00 00
006237-006247 T0Block "normal_t0"
006248-006267 DataBlock
  ................ 00 00 00 00 00 00 00 00 00 00 00 00 00 00 00 00
  ....             01 00 00 00
006268-006291 ImageUseBlock id=1252341248 xofs=0 yofs=0 xsize=248 ysize=350 brga=4294967295
006292-006334 DataBlock
  ................ 00 00 00 00 00 00 00 00 00 00 00 00 00 00 00 00
  ................ 00 01 01 00 00 00 00 00 00 00 00 00 00 00 00 00
  ..........?      00 00 00 00 00 00 00 00 00 80 3f
006335-006345 T0Block "normal_t0"
006346-006433 DataBlock
  ................ 00 00 00 00 00 00 00 00 00 00 00 00 00 00 00 00
  ................ 00 00 00 00 00 00 00 00 00 00 00 00 00 00 00 00
  ................ 00 00 00 00 00 00 00 00 00 00 00 00 00 00 00 00
  ................ 01 00 00 00 00 00 00 00 00 00 00 00 00 00 00 00
  .........?...?.. 00 00 00 00 00 00 00 00 80 3f 00 00 00 3f 00 00
  .....c4K         00 00 00 00 00 63 34 4b
006434-006444 StringBlock "game_logo"
006445-006491 DataBlock
  ................ 00 00 00 00 00 00 eb ff ff ff 0e 00 00 00 00 00
  ................ 00 00 00 00 00 00 00 00 00 01 00 00 00 00 02 00
  .............7K  00 00 00 00 00 00 0e 00 00 00 00 00 c4 37 4b
006492-006550 ImageListBlock 1 elements:
  006496-006550 ImageBlock id=1175043712 xsize=330 ysize=120 path="ui\\skins\\default\\game_logo_medium.png" unknown=0
006551-006559 DataBlock
  .......7K        00 01 00 00 00 00 c4 37 4b
006560-006567 StringBlock "active"
006568-006604 DataBlock
  J...x........... 4a 01 00 00 78 00 00 00 00 00 00 00 02 00 00 00
  ................ 00 00 00 00 00 00 00 00 02 00 00 00 00 00 00 00
  .....            00 00 00 00 00
006605-006618 StringBlock "tw_troy_bold"
006619-006634 DataBlock
  ................ 0a 00 00 00 02 00 00 00 00 00 00 00 dd da fa ff
006635-006657 StringBlock "Default Font Category"
006658-006677 DataBlock
  ................ 00 00 00 00 00 00 00 00 00 00 00 00 00 00 00 00
  ....             01 00 00 00
006678-006688 T0Block "normal_t0"
006689-006704 DataBlock
  ................ 00 00 00 00 00 00 00 00 00 00 00 00 00 00 00 00
006705-006715 T0Block "normal_t0"
006716-006735 DataBlock
  ................ 00 00 00 00 00 00 00 00 00 00 00 00 00 00 00 00
  ....             01 00 00 00
006736-006759 ImageUseBlock id=1175043712 xofs=0 yofs=0 xsize=330 ysize=120 brga=4294967295
006760-006914 DataBlock
  ................ 00 00 00 00 00 05 00 00 00 00 00 00 00 00 00 00
  ................ 00 00 00 00 00 00 00 00 00 00 00 00 00 00 00 00
  ..........?..... 00 00 00 00 00 00 00 00 00 80 3f 00 00 00 00 00
  ................ 00 00 00 00 00 00 00 00 00 00 00 00 00 00 00 00
  ................ 00 00 00 00 00 00 00 00 00 00 00 00 00 00 00 00
  ................ 00 00 00 00 00 00 00 00 00 00 00 00 00 01 00 00
  ................ 00 00 00 00 00 00 00 00 00 00 00 00 00 00 00 00
  ......?...?..... 00 00 00 00 00 80 3f 00 00 00 3f 00 00 00 00 00
  ............?... 00 00 00 00 00 00 00 00 00 00 00 80 3f 00 00 00
  ?........2.      3f 00 00 00 00 00 00 a0 a5 32 1c
006915-006921 StringBlock "movie"
006922-006927 DataBlock
  ......           00 00 01 00 00 00
006928-006940 StringBlock "MoviePlayer"
006941-007001 DataBlock
  ................ 00 00 00 00 00 00 00 00 00 00 00 00 00 00 00 00
  ................ 01 01 00 00 00 00 01 00 00 00 00 01 00 00 00 00
  ..............L- 05 00 00 00 00 00 00 00 00 00 00 00 00 80 4c 2d
  .............    1c 00 00 00 00 00 00 00 00 01 00 00 00
007002-007005 StateIDBlock 472730752
007006-007015 NewStateBlock "NewState"
007016-007019 XSizeBlock 1600
007020-007023 YSizeBlock 900
007024-007052 DataBlock
  ................ 00 00 00 00 02 00 00 00 00 00 00 00 00 00 00 00
  .............    02 00 00 00 00 00 00 00 00 00 00 00 00
007053-007066 StringBlock "tw_troy_bold"
007067-007082 DataBlock
  ................ 0a 00 00 00 02 00 00 00 00 00 00 00 dd da fa ff
007083-007105 StringBlock "Default Font Category"
007106-007125 DataBlock
  ................ 00 00 00 00 00 00 00 00 00 00 00 00 00 00 00 00
  ....             01 00 00 00
007126-007136 T0Block "normal_t0"
007137-007152 DataBlock
  ................ 00 00 00 00 00 00 00 00 00 00 00 00 00 00 00 00
007153-007163 T0Block "normal_t0"
007164-007199 DataBlock
  ................ 00 00 00 00 00 00 00 00 00 00 00 00 00 00 00 00
  ................ 00 00 00 00 00 00 00 00 00 00 00 00 00 00 00 00
  ....             03 00 00 00
007200-007205 StringBlock "loop"
007206-007208 DataBlock
  ..1              01 00 31
007209-007221 StringBlock "movie_index"
007222-007224 DataBlock
  ..2              01 00 32
007225-007230 StringBlock "path"
007231-007240 StringBlock "MainMenu"
007241-007280 DataBlock
  ................ 00 00 00 00 00 00 00 00 00 00 00 00 00 00 00 00
  .........?...?.. 00 00 00 00 00 00 00 00 80 3f 00 00 00 3f 00 00
  .?..0...         00 3f 00 00 30 8f 00 05
007281-007292 StringBlock "preview_bg"
007293-007298 DataBlock
  ......           00 00 01 00 00 00
007299-007329 StringBlock "PreviewBGScreenSizedComponent"
007330-007378 DataBlock
  ................ 00 00 00 00 00 00 00 00 00 00 00 00 00 00 00 00
  ................ 01 01 00 00 00 00 00 00 00 00 00 01 00 00 00 00
  ................ 05 00 00 00 00 00 00 00 00 00 00 00 00 00 00 00
  .                00
007379-007430 ImageListBlock 1 elements:
  007383-007430 ImageBlock id=224738784 xsize=1920 ysize=1080 path="ui\\skins\\default\\replay_bg.png" unknown=0
007431-007435 DataBlock
  .....            00 01 00 00 00
007436-007439 StateIDBlock 215667392
007440-007449 NewStateBlock "NewState"
007450-007453 XSizeBlock 1600
007454-007457 YSizeBlock 900
007458-007486 DataBlock
  ................ 00 00 00 00 02 00 00 00 00 00 00 00 01 00 00 00
  .............    01 00 00 00 00 00 00 00 00 00 00 00 00
007487-007500 StringBlock "tw_troy_bold"
007501-007516 DataBlock
  ................ 0a 00 00 00 02 00 00 00 00 00 00 00 dd da fa ff
007517-007539 StringBlock "Default Font Category"
007540-007559 DataBlock
  ................ 00 00 00 00 00 00 00 00 00 00 00 00 00 00 00 00
  ....             01 00 00 00
007560-007570 T0Block "normal_t0"
007571-007586 DataBlock
  ................ 00 00 00 00 00 00 00 00 00 00 00 00 00 00 00 00
007587-007597 T0Block "normal_t0"
007598-007617 DataBlock
  ................ 00 00 00 00 00 00 00 00 00 00 00 00 00 00 00 00
  ....             01 00 00 00
007618-007641 ImageUseBlock id=224738784 xofs=0 yofs=0 xsize=1600 ysize=900 brga=4294967295
007642-007747 DataBlock
  ................ 00 00 00 00 00 00 00 00 00 00 00 00 00 00 00 00
  ................ 00 01 01 00 00 00 00 00 00 00 00 00 00 00 00 00
  ..........?..... 00 00 00 00 00 00 00 00 00 80 3f 00 00 00 00 00
  ................ 00 00 00 00 00 00 00 00 00 00 00 00 00 00 00 00
  ................ 00 00 00 00 00 00 00 00 00 00 00 00 00 00 00 00
  ................ 00 00 00 00 00 00 00 00 00 00 00 00 00 00 00 00
  ..........       00 00 00 00 00 00 00 00 00 00
007748-007768 StringBlock "UI_FE_POPUP_Generic"
007769-007831 DataBlock
  ..........?...?. 00 00 00 00 00 00 00 00 00 80 3f 00 00 00 3f 00
  ..?............. 00 00 3f 00 00 00 00 00 00 00 00 00 00 00 00 80
  ?...?...?....... 3f 00 00 00 3f 00 00 00 3f 00 00 00 00 00 00 00
  ......?........  00 00 00 00 00 80 3f 00 00 00 00 00 00 00 00
