000000-000009 VersionBlock 121
000010-000013 RootIDBlock 351093440
000014-000019 StringBlock "root"
000020-000097 DataBlock
  ................ 00 00 00 00 00 00 00 00 00 00 00 00 00 00 01 01
  ................ 00 00 00 00 01 00 00 00 00 01 00 00 00 00 00 00
  ................ 00 00 00 00 00 00 00 00 00 00 00 00 00 00 00 01
  ................ 00 00 00 e0 1a e5 15 00 00 00 05 00 00 00 04 00
  .......... F..   00 00 00 00 00 00 01 00 00 00 20 46 ed 14
000098-000107 NewStateBlock "NewState"
000108-000111 XSizeBlock 1280
000112-000115 YSizeBlock 960
000116-000144 DataBlock
  ................ 00 00 00 00 02 00 00 00 00 00 00 00 00 00 00 00
  .............    01 00 00 00 00 00 00 00 00 00 00 00 00
000145-000158 StringBlock "tw_troy_bold"
000159-000174 DataBlock
  ................ 0a 00 00 00 02 00 00 00 00 00 00 00 dd da fa ff
000175-000197 StringBlock "Default Font Category"
000198-000217 DataBlock
  ................ 00 00 00 00 00 00 00 00 00 00 00 00 00 00 00 00
  ....             01 00 00 00
000218-000228 T0Block "normal_t0"
000229-000244 DataBlock
  ................ 00 00 00 00 00 00 00 00 00 00 00 00 00 00 00 00
000245-000255 T0Block "normal_t0"
000256-000410 DataBlock
  ................ 00 00 00 00 00 00 00 00 00 00 00 00 00 00 00 00
  ................ 01 00 00 00 e0 1a e5 15 00 00 00 00 00 00 00 00
  ................ 00 05 00 00 00 04 00 00 bb ff be ff 00 00 00 00
  ................ 00 00 00 00 00 00 00 00 00 00 00 00 00 01 01 00
  ................ 00 00 00 00 00 00 00 00 00 00 00 00 00 00 00 00
  ......?......... 00 00 00 00 00 80 3f 00 00 00 00 00 00 00 00 00
  ................ 00 00 00 00 00 00 00 00 00 00 00 00 00 00 00 00
  ................ 00 00 00 00 00 00 00 00 00 00 00 00 00 00 00 00
  ................ 00 00 00 00 00 00 00 00 00 00 00 00 00 00 00 00
  ....... 7..      00 01 00 00 00 00 00 20 37 f2 14
000411-000432 StringBlock "enemy_vassal_options"
000433-000438 DataBlock
  ......           00 00 01 00 00 00
000439-000458 StringBlock "EnemyVassalOptions"
000459-000523 DataBlock
  ................ 00 00 00 00 00 00 00 00 99 01 00 00 03 01 00 00
  ................ 00 00 00 00 00 00 01 00 00 00 00 01 00 00 00 00
  ................ 05 00 00 00 00 00 00 00 00 00 00 00 00 00 00 00
  .............@H. 00 00 00 00 00 00 00 00 00 01 00 00 00 40 48 ed
  .                14
000524-000533 NewStateBlock "NewState"
000534-000537 XSizeBlock 461
000538-000541 YSizeBlock 441
000542-000570 DataBlock
  ................ 00 00 00 00 02 00 00 00 00 00 00 00 00 00 00 00
  .............    01 00 00 00 00 00 00 00 00 00 00 00 00
000571-000584 StringBlock "tw_troy_bold"
000585-000600 DataBlock
  ................ 0a 00 00 00 02 00 00 00 00 00 00 00 dd da fa ff
000601-000623 StringBlock "Default Font Category"
000624-000643 DataBlock
  ................ 00 00 00 00 00 00 00 00 00 00 00 00 00 00 00 00
  ....             01 00 00 00
000644-000654 T0Block "normal_t0"
000655-000670 DataBlock
  ................ 00 00 00 00 00 00 00 00 00 00 00 00 00 00 00 00
000671-000681 T0Block "normal_t0"
000682-000735 DataBlock
  ................ 00 00 00 00 00 00 00 00 00 00 00 00 00 00 00 00
  ................ 00 00 00 00 00 00 00 00 00 00 00 00 00 00 00 00
  ....2........... 00 00 00 00 32 00 00 00 00 00 00 00 09 00 00 00
  ...i.F           00 00 80 69 eb 46
000736-000754 StringBlock "plate_window_base"
000755-000801 DataBlock
  ................ 00 00 00 00 00 00 fa ff ff ff e9 ff ff ff 01 01
  ................ 00 00 00 00 01 00 00 00 00 01 00 00 00 00 05 00
  ...........d...  00 00 00 00 00 00 00 00 00 00 00 64 09 cc 01
000802-000865 ImageListBlock 1 elements:
  000806-000865 ImageBlock id=1182381056 xsize=256 ysize=256 path="ui\\skins\\default\\troy_crack_texture_15.png" unknown=0
000866-000946 DataBlock
  .....d.....bgr.. 00 01 00 00 00 64 09 cc 01 03 00 62 67 72 da 01
  ................ 00 00 e7 01 00 00 00 00 00 00 04 00 00 00 04 00
  ................ 00 00 00 00 00 00 02 00 00 00 00 00 00 00 00 00
  .....tw_troy_bol 00 00 00 0c 00 74 77 5f 74 72 6f 79 5f 62 6f 6c
  d............... 64 0a 00 00 00 02 00 00 00 00 00 00 00 dd da fa
  .                ff
000947-000969 StringBlock "Default Font Category"
000970-000989 DataBlock
  ................ 00 00 00 00 00 00 00 00 00 00 00 00 00 00 00 00
  ....             01 00 00 00
000990-001000 T0Block "normal_t0"
001001-001016 DataBlock
  ................ 00 00 00 00 00 00 00 00 00 00 00 00 00 00 00 00
001017-001027 T0Block "normal_t0"
001028-001164 DataBlock
  ................ 00 00 00 00 00 00 00 00 00 00 00 00 00 00 00 00
  ......yF........ 01 00 00 00 00 b4 79 46 00 00 00 00 00 00 00 00
  ................ da 01 00 00 e7 01 00 00 ff ff ff ff 00 00 01 00
  ................ 00 00 00 00 00 00 00 00 00 00 00 00 00 01 01 00
  ................ 00 00 00 00 00 00 00 00 00 00 00 00 00 00 00 00
  ......?......... 00 00 00 00 00 80 3f 00 00 00 00 00 00 00 00 00
  ................ 00 00 00 00 00 00 00 00 00 00 00 00 00 00 00 00
  ................ 00 00 00 00 00 00 00 00 00 00 00 00 00 00 00 00
  .........        00 00 00 00 00 01 00 00 00
001165-001179 StringBlock "dynamic_child"
001180-001200 DataBlock
  ..1A............ 01 00 31 41 00 00 00 00 00 00 00 04 00 00 00 00
  .d..1            00 64 af f8 31
001201-001212 StringBlock "main_title"
001213-001263 DataBlock
  ................ 00 00 00 00 00 00 07 00 00 00 07 00 00 00 01 00
  ................ 00 00 00 00 01 00 00 00 00 01 00 00 00 00 02 00
  .............. . 00 00 00 00 00 00 07 00 00 00 00 c0 f9 f9 20 02
  ...              00 00 00
001264-001323 ImageBlock id=187484420 xsize=256 ysize=256 path="ui\\skins\\default\\troy_crack_texture_10.png" unknown=673225728
001324-001324 DataBlock
  .                0b
001325-001371 ImagePathBlock "ui\\skins\\default\\dark_gradient_horizontal.png"
001372-001392 DataBlock
  @............... 40 00 00 00 04 00 00 00 00 00 00 00 00 01 00 00
  ....             00 c0 f9 f9 20
001393-001402 NewStateBlock "NewState"
001403-001406 XSizeBlock 460
001407-001410 YSizeBlock 42
001411-001439 DataBlock
  ................ 00 00 00 00 02 00 00 00 00 00 00 00 00 00 00 00
  .............    02 00 00 00 00 00 00 00 00 00 00 00 00
001440-001453 StringBlock "tw_troy_bold"
001454-001469 DataBlock
  ................ 0a 00 00 00 02 00 00 00 00 00 00 00 dd da fa ff
001470-001492 StringBlock "Default Font Category"
001493-001512 DataBlock
  ................ 00 00 00 00 00 00 00 00 00 00 00 00 00 00 00 00
  ....             00 00 00 00
001513-001523 T0Block "normal_t0"
001524-001539 DataBlock
  ................ 00 00 00 00 00 00 00 00 00 00 00 00 00 00 00 00
001540-001550 T0Block "normal_t0"
001551-001637 DataBlock
  ................ 00 00 00 00 00 00 00 00 00 00 00 00 00 00 00 00
  ......,......... 02 00 00 00 04 c9 2c 0b 00 00 00 00 00 00 00 00
  ....*........... cc 01 00 00 2a 00 00 00 ff ff ff ff 00 00 01 00
  ................ 00 05 00 00 00 00 00 00 00 00 00 00 00 01 01 00
  ................ 00 00 00 00 00 00 00 00 00 00 00 00 00 00 00 00
  ......?          00 00 00 00 00 80 3f
001638-001650 T0Block "brighten_t0"
001651-001817 DataBlock
  ...?............ 00 00 80 3f 00 00 00 00 00 00 00 00 00 00 00 00
  ................ 00 00 00 00 00 00 00 00 00 00 00 00 00 00 00 00
  . (............. 9c 20 28 0b 00 00 00 00 00 00 00 00 cc 01 00 00
  *......x........ 2a 00 00 00 ff ff ff 78 00 00 00 00 00 00 00 00
  ................ 00 00 00 00 00 00 00 00 00 01 01 00 00 00 00 00
  ................ 00 00 00 00 00 00 00 00 00 00 00 00 00 00 00 00
  ..?............. 00 80 3f 00 00 00 00 00 00 00 00 00 00 00 00 00
  ................ 00 00 00 00 00 00 00 00 00 00 00 00 00 00 00 00
  ................ 00 00 00 00 00 00 00 00 00 00 00 00 00 00 00 00
  .....A.......... 00 00 00 00 00 41 00 00 00 00 00 00 00 01 00 00
  .......          00 00 00 d0 fc 8a 0d
001818-001827 StringBlock "ornament"
001828-001874 DataBlock
  ................ 00 00 00 00 00 00 00 00 00 00 00 00 00 00 01 01
  ................ 00 00 00 00 01 00 00 00 00 01 00 00 00 00 05 00
  ...............  00 00 00 00 00 00 00 00 00 00 00 00 00 00 00
001875-001943 ImageListBlock 1 elements:
  001879-001943 ImageBlock id=187481292 xsize=455 ysize=42 path="ui\\skins\\default\\header_nameplate_ornament8.png" unknown=0
001944-002004 DataBlock
  ......?....subme 00 01 00 00 00 14 3f 81 15 0d 00 73 75 62 6d 65
  nu_title....*... 6e 75 5f 74 69 74 6c 65 cc 01 00 00 2a 00 00 00
  ................ 00 00 00 00 04 00 00 00 04 00 00 00 00 00 00 00
  .............    02 00 00 00 00 00 00 00 00 00 00 00 00
002005-002018 StringBlock "tw_troy_bold"
002019-002034 DataBlock
  ................ 0a 00 00 00 02 00 00 00 00 00 00 00 dd da fa ff
002035-002057 StringBlock "Default Font Category"
002058-002077 DataBlock
  ................ 00 00 00 00 00 00 00 00 00 00 00 00 00 00 00 00
  ....             00 00 00 00
002078-002088 T0Block "normal_t0"
002089-002104 DataBlock
  ................ 00 00 00 00 00 00 00 00 00 00 00 00 00 00 00 00
002105-002115 T0Block "normal_t0"
002116-002252 DataBlock
  ................ 00 00 00 00 00 00 00 00 00 00 00 00 00 00 00 00
  ......,......... 01 00 00 00 cc bc 2c 0b 00 00 00 00 00 00 00 00
  ....*........... cc 01 00 00 2a 00 00 00 ff ff ff ff 00 00 00 00
  ................ 00 00 00 00 00 00 00 00 00 00 00 00 00 01 00 00
  ................ 00 00 00 00 00 00 00 00 00 00 00 00 00 00 00 00
  ......?......... 00 00 00 00 00 80 3f 00 00 00 00 00 00 00 00 00
  ...............  00 00 00 00 00 00 00 00 00 00 00 00 00 00 00 20
  B...... B....... 42 00 00 00 00 00 00 20 42 00 00 00 00 00 00 00
  .........        00 00 00 00 00 03 00 00 00
002253-002268 StringBlock "max_text_width"
002269-002273 DataBlock
  ..360            03 00 33 36 30
002274-002289 StringBlock "min_text_width"
002290-002294 DataBlock
  ..160            03 00 31 36 30
002295-002310 StringBlock "override_sound"
002311-002374 DataBlock
  ..i............. 00 00 69 00 00 00 00 00 00 00 00 00 00 00 00 00
  ...........?...? 00 00 00 00 00 00 00 01 00 00 80 3f 00 00 00 3f
  ...?............ 00 00 00 3f 00 00 00 00 00 00 00 00 00 01 00 00
  .?...?......`.Z. 80 3f 00 00 00 3f 00 00 00 00 00 00 60 f8 5a 14
002375-002393 StringBlock "content_plate_two"
002394-002444 DataBlock
  ..........4..... 00 00 00 00 00 00 07 00 00 00 34 00 00 00 01 01
  ................ 00 00 00 00 01 00 00 00 00 01 00 00 00 00 02 00
  ......4......yF. 00 00 00 00 00 00 34 00 00 00 00 00 f9 79 46 0a
  ...              00 00 00
002445-002502 ImageBlock id=1165511168 xsize=256 ysize=256 path="ui\\skins\\default\\transperent_frame_1.png" unknown=3586264064
002503-002503 DataBlock
  .                01
002504-002547 ImagePathBlock "ui\\skins\\default\\troy_crack_texture_19.png"
002548-002552 DataBlock
  .....            00 01 00 00 00
002553-002617 ImageListBlock 1 elements:
  002557-002617 ImageBlock id=1180664064 xsize=512 ysize=512 path="ui\\skins\\default\\dark_gradient_vertical.png" unknown=3651599360
002618-002666 DataBlock
  .).ui\skins\defa 01 29 00 75 69 5c 73 6b 69 6e 73 5c 64 65 66 61
  ult\parchment_te 75 6c 74 5c 70 61 72 63 68 6d 65 6e 74 5f 74 65
  xture_01.png.... 78 74 75 72 65 5f 30 31 2e 70 6e 67 00 01 00 00
  .                00
002667-002726 ImageListBlock 1 elements:
  002671-002726 ImageBlock id=1164437376 xsize=284 ysize=284 path="ui\\skins\\default\\parchament_medium.png" unknown=3459902464
002727-002779 DataBlock
  .).ui\skins\defa 00 29 00 75 69 5c 73 6b 69 6e 73 5c 64 65 66 61
  ult\bottom_left_ 75 6c 74 5c 62 6f 74 74 6f 6d 5f 6c 65 66 74 5f
  corner_1.png,... 63 6f 72 6e 65 72 5f 31 2e 70 6e 67 2c 00 00 00
  ,....            2c 00 00 00 00
002780-002839 ImageBlock id=13521204 xsize=44 ysize=44 path="ui\\skins\\default\\bottom_right_corner_1.png" unknown=3577230336
002840-002840 DataBlock
  .                00
002841-002878 ImagePathBlock "ui\\skins\\default\\wave_ornament_1.png"
002879-002887 DataBlock
  .........        f8 00 00 00 17 00 00 00 00
002888-002947 ImageBlock id=1158944896 xsize=256 ysize=256 path="ui\\skins\\default\\parchament_texture_02.png" unknown=2051473408
002948-002948 DataBlock
  E                45
002949-002995 ImagePathBlock "ui\\skins\\default\\dark_gradient_horizontal.png"
002996-003016 DataBlock
  ................ 00 02 00 00 00 02 00 00 00 00 00 00 00 01 00 00
  ...yF            00 00 f9 79 46
003017-003026 NewStateBlock "NewState"
003027-003030 XSizeBlock 460
003031-003034 YSizeBlock 383
003035-003063 DataBlock
  ................ 00 00 00 00 02 00 00 00 00 00 00 00 00 00 00 00
  .............    02 00 00 00 00 00 00 00 00 00 00 00 00
003064-003077 StringBlock "tw_troy_bold"
003078-003093 DataBlock
  ................ 0a 00 00 00 02 00 00 00 00 00 00 00 dd da fa ff
003094-003116 StringBlock "Default Font Category"
003117-003136 DataBlock
  ................ 00 00 00 00 00 00 00 00 00 00 00 00 00 00 00 00
  ....             00 00 00 00
003137-003147 T0Block "normal_t0"
003148-003163 DataBlock
  ................ 00 00 00 00 00 00 00 00 00 00 00 00 00 00 00 00
003164-003174 T0Block "normal_t0"
003175-003463 DataBlock
  ................ 00 00 00 00 00 00 00 00 00 00 00 00 00 00 00 00
  ................ 0a 00 00 00 0c c2 d5 01 00 00 00 00 00 00 00 00
  ............... cc 01 00 00 7f 01 00 00 ff ff ff ff 00 00 01 00
  ................ 00 00 00 00 00 00 00 00 00 00 00 00 00 01 01 00
  ................ 00 00 00 00 00 00 00 00 00 00 00 00 00 00 00 00
  ......?......... 00 00 00 00 00 80 3f 00 00 00 00 00 00 00 00 00
  ................ 00 00 00 00 00 00 00 00 00 00 00 00 00 00 00 00
  ..........JxE... 00 00 00 00 00 00 00 00 00 00 4a 78 45 00 00 00
  ............... 00 00 00 00 00 cc 01 00 00 7f 01 00 00 ff ff ff
  ................ ff 00 00 00 00 00 00 00 00 00 00 00 00 00 00 00
  ................ 00 00 01 01 00 00 00 00 00 00 00 00 00 00 00 00
  ...........?.... 00 00 00 00 00 00 00 00 00 00 80 3f 00 00 00 00
  ................ 00 00 00 00 00 00 00 00 00 00 00 00 00 00 00 00
   A.. A.. A.. A.. 20 41 00 00 20 41 00 00 20 41 00 00 20 41 00 81
  _F............. 5f 46 ff ff ff ff 00 00 00 00 cf 01 00 00 7f 01
  .....F.......... 00 00 ff ff ff 46 00 00 00 00 00 02 00 00 00 00
  ................ 00 00 00 00 00 00 00 01 01 00 00 00 00 00 00 00
  ................ 00 00 00 00 00 00 00 00 00 00 00 00 00 00 00 80
  ?                3f
003464-003473 StringBlock "multiply"
003474-004268 DataBlock
  ................ 00 00 00 00 00 00 00 00 00 00 00 00 00 00 00 00
  ................ 00 00 00 00 00 00 00 00 00 00 00 00 00 00 00 00
  ................ fc a6 d9 01 11 00 00 00 15 00 00 00 ab 01 00 00
  ................ 0a 01 00 00 ff ff ff ff 00 00 01 00 00 00 00 00
  ................ 00 00 00 00 00 00 00 00 00 01 01 00 00 00 00 00
  ................ 00 00 00 00 00 00 00 00 00 00 00 00 00 00 00 00
  ..?............. 00 80 3f 00 00 00 00 00 00 00 00 00 00 00 00 00
  ................ 00 00 00 00 00 00 00 00 00 00 00 00 00 00 00 00
  .......gE....... 00 00 00 00 00 80 e7 67 45 07 00 00 00 0a 00 00
  ................ 00 be 01 00 00 1b 01 00 00 ff ff ff ff 00 00 01
  ................ 00 00 00 00 00 00 00 00 00 00 00 00 00 00 01 01
  ................ 00 00 00 00 00 00 00 00 00 00 00 00 00 00 00 00
  .......?........ 00 00 00 00 00 00 80 3f 00 00 00 00 00 00 00 00
  .............A.. 00 00 00 00 00 00 00 00 00 00 00 00 f0 41 00 00
  .A...A...A4Q.... f0 41 00 00 f0 41 00 00 f0 41 34 51 ce 00 9b 01
  ..N...,...,..... 00 00 4e 01 00 00 2c 00 00 00 2c 00 00 00 ff ff
  ................ ff ff 00 00 00 00 00 09 00 00 00 fb ff ff ff fb
  ................ ff ff ff 00 00 00 00 00 00 00 00 00 00 00 00 00
  ............?... 00 00 00 00 00 00 00 00 00 00 00 80 3f 00 00 00
  ................ 00 00 00 00 00 00 00 00 00 00 00 00 00 00 00 00
  ................ 00 00 00 00 00 00 00 00 00 00 00 00 00 00 00 ec
  9......N...,..., 39 ce 00 05 00 00 00 4e 01 00 00 2c 00 00 00 2c
  ................ 00 00 00 ff ff ff ff 00 00 00 00 00 07 00 00 00
  ................ 05 00 00 00 fb ff ff ff 00 00 00 00 00 00 00 00
  ................ 00 00 00 00 00 00 00 00 00 00 00 00 00 00 00 00
  .?.............. 80 3f 00 00 00 00 00 00 00 00 00 00 00 00 00 00
  ................ 00 00 00 00 00 00 00 00 00 00 00 00 00 00 00 00
  ....48.......... 00 00 00 00 34 38 d5 00 15 00 00 00 00 01 00 00
  ................ a1 01 00 00 17 00 00 00 ff ff ff ff 00 00 01 00
  .........L...... 00 05 00 00 00 00 00 00 00 4c 00 00 00 01 00 00
  ................ 00 00 00 00 00 00 00 00 00 00 00 00 00 00 00 00
  ......?......... 00 00 00 00 00 80 3f 00 00 00 00 00 00 00 00 00
  ................ 00 00 00 00 00 00 00 00 00 00 00 00 00 00 00 00
  ............E... 00 00 00 00 00 00 00 00 00 80 18 14 45 15 00 00
  .........O...... 00 19 00 00 00 a1 01 00 00 4f 00 00 00 ff ff ff
  ................ ff 00 00 01 00 00 02 00 00 00 00 00 00 00 19 00
  ................ 00 00 01 01 00 00 00 00 00 00 00 00 00 00 00 00
  ...........?.... 00 00 00 00 00 00 00 00 00 00 80 3f 00 00 00 00
  ................ 00 00 00 00 00 00 00 00 00 00 00 00 00 00 00 00
  ...............G 00 00 00 00 00 00 00 00 00 00 00 00 00 00 00 47
  zE............O. 7a 45 15 00 00 00 19 00 00 00 a1 01 00 00 4f 00
  .....(.......... 00 00 ff ff ff 28 00 00 00 00 00 02 00 00 00 00
  ................ 00 00 00 19 00 00 00 01 01 00 00 00 00 00 00 00
  ................ 00 00 00 00 00 00 00 00 00 00 00 00 00 00 00 80
  ?............... 3f 00 00 00 00 00 00 00 00 00 00 00 00 00 00 00
  ................ 00 00 00 00 00 00 00 00 00 00 00 00 00 00 00 00
  ................ 00 00 00 00 00 00 00 00 00 00 00 00 00 00 00 00
  ...i............ 00 00 00 69 00 00 00 00 00 00 00 00 00 00 00 00
  ............?... 00 00 00 00 00 00 00 00 01 00 00 80 3f 00 00 00
  ?.........F      3f 00 00 00 00 00 00 80 a1 e9 46
004269-004282 StringBlock "border_frame"
004283-004329 DataBlock
  ................ 00 00 00 00 00 00 00 00 00 00 00 00 00 00 01 01
  ................ 00 00 00 00 01 00 00 00 00 01 00 00 00 00 02 00
  ............8`F  00 00 00 00 00 00 00 00 00 00 00 80 38 60 46
004330-004388 ImageListBlock 1 elements:
  004334-004388 ImageBlock id=1189995648 xsize=250 ysize=256 path="ui\\skins\\default\\plate_borders_v1.png" unknown=0
004389-004442 DataBlock
  ......8`F..borde 00 01 00 00 00 80 38 60 46 06 00 62 6f 72 64 65
  r............... 72 da 01 00 00 e7 01 00 00 00 00 00 00 04 00 00
  ................ 00 04 00 00 00 00 00 00 00 02 00 00 00 00 00 00
  ......           00 00 00 00 00 00
004443-004456 StringBlock "tw_troy_bold"
004457-004472 DataBlock
  ................ 0a 00 00 00 02 00 00 00 00 00 00 00 dd da fa ff
004473-004495 StringBlock "Default Font Category"
004496-004515 DataBlock
  ................ 00 00 00 00 00 00 00 00 00 00 00 00 00 00 00 00
  ....             00 00 00 00
004516-004526 T0Block "normal_t0"
004527-004542 DataBlock
  ................ 00 00 00 00 00 00 00 00 00 00 00 00 00 00 00 00
004543-004553 T0Block "normal_t0"
004554-004708 DataBlock
  ................ 00 00 00 00 00 00 00 00 00 00 00 00 00 00 00 00
  .......F........ 01 00 00 00 80 e4 ed 46 00 00 00 00 00 00 00 00
  ................ da 01 00 00 e7 01 00 00 ff ff ff ff 00 00 01 00
  ................ 00 00 00 00 00 00 00 00 00 00 00 00 00 01 01 00
  ................ 00 00 00 00 00 00 00 00 00 00 00 00 00 00 00 00
  ......?......... 00 00 00 00 00 80 3f 00 00 00 00 00 00 00 00 00
  ............B... 00 00 00 00 00 00 00 00 00 00 00 b4 42 00 00 b4
  B...B...B....... 42 00 00 b4 42 00 00 b4 42 00 00 00 00 00 00 00
  .........A...... 00 00 00 00 00 00 00 00 00 41 00 00 00 00 00 00
  ..........0      00 02 00 00 00 00 00 80 f3 b2 30
004709-004729 StringBlock "border_top_ornament"
004730-004776 DataBlock
  ................ 00 00 00 00 00 00 00 00 00 00 fd ff ff ff 01 00
  ................ 00 00 00 00 01 00 00 00 00 01 00 00 00 00 02 00
  .............}E  00 00 00 00 00 00 fd ff ff ff 00 00 8f 7d 45
004777-004846 ImageListBlock 1 elements:
  004781-004846 ImageBlock id=1165701760 xsize=32 ysize=10 path="ui\\skins\\default\\border_horizontal_detail_01.png" unknown=0
004847-004902 DataBlock
  .......}E..NewSt 00 01 00 00 00 00 8f 7d 45 08 00 4e 65 77 53 74
  ate............. 61 74 65 da 01 00 00 0a 00 00 00 00 00 00 00 02
  ................ 00 00 00 00 00 00 00 00 00 00 00 02 00 00 00 00
  ........         00 00 00 00 00 00 00 00
004903-004916 StringBlock "tw_troy_bold"
004917-004932 DataBlock
  ................ 0a 00 00 00 02 00 00 00 00 00 00 00 dd da fa ff
004933-004955 StringBlock "Default Font Category"
004956-004975 DataBlock
  ................ 00 00 00 00 00 00 00 00 00 00 00 00 00 00 00 00
  ....             00 00 00 00
004976-004986 T0Block "normal_t0"
004987-005002 DataBlock
  ................ 00 00 00 00 00 00 00 00 00 00 00 00 00 00 00 00
005003-005013 T0Block "normal_t0"
005014-005190 DataBlock
  ................ 00 00 00 00 00 00 00 00 00 00 00 00 00 00 00 00
  .....2{E........ 01 00 00 00 80 32 7b 45 00 00 00 00 00 00 00 00
  ................ da 01 00 00 0a 00 00 00 ff ff ff ff 00 00 01 00
  ................ 00 00 00 00 00 00 00 00 00 00 00 00 00 01 00 00
  ................ 00 00 00 00 00 00 00 00 00 00 00 00 00 00 00 00
  ......?......... 00 00 00 00 00 80 3f 00 00 00 00 00 00 00 00 00
  ................ 00 00 00 00 00 00 00 00 00 00 00 00 00 00 00 00
  ................ 00 00 00 00 00 00 00 00 00 00 00 00 00 00 00 00
  .........A...... 00 00 00 00 00 00 00 00 00 41 00 00 00 00 00 00
  ................ 00 00 00 00 00 00 00 00 00 00 00 00 00 00 00 00
  ..?...?...... .. 00 80 3f 00 00 00 3f 00 00 00 00 00 00 20 84 bd
  .                1b
005191-005214 StringBlock "border_bottom_ornament"
005215-005261 DataBlock
  ................ 00 00 00 00 00 00 00 00 00 00 e1 01 00 00 01 00
  ................ 00 00 00 00 01 00 00 00 00 01 00 00 00 00 08 00
  .............mF  00 00 00 00 00 00 04 00 00 00 00 80 db 6d 46
005262-005331 ImageListBlock 1 elements:
  005266-005331 ImageBlock id=1166869760 xsize=32 ysize=10 path="ui\\skins\\default\\border_horizontal_detail_01.png" unknown=0
005332-005387 DataBlock
  .......mF..NewSt 00 01 00 00 00 80 db 6d 46 08 00 4e 65 77 53 74
  ate............. 61 74 65 da 01 00 00 0a 00 00 00 00 00 00 00 02
  ................ 00 00 00 00 00 00 00 00 00 00 00 02 00 00 00 00
  ........         00 00 00 00 00 00 00 00
005388-005401 StringBlock "tw_troy_bold"
005402-005417 DataBlock
  ................ 0a 00 00 00 02 00 00 00 00 00 00 00 dd da fa ff
005418-005440 StringBlock "Default Font Category"
005441-005460 DataBlock
  ................ 00 00 00 00 00 00 00 00 00 00 00 00 00 00 00 00
  ....             00 00 00 00
005461-005471 T0Block "normal_t0"
005472-005487 DataBlock
  ................ 00 00 00 00 00 00 00 00 00 00 00 00 00 00 00 00
005488-005498 T0Block "normal_t0"
005499-005697 DataBlock
  ................ 00 00 00 00 00 00 00 00 00 00 00 00 00 00 00 00
  .......E........ 01 00 00 00 00 05 8d 45 00 00 00 00 00 00 00 00
  ................ da 01 00 00 0a 00 00 00 ff ff ff ff 00 00 01 00
  ................ 00 00 00 00 00 00 00 00 00 00 00 00 00 01 00 00
  ................ 00 00 00 00 00 00 00 00 00 00 00 00 00 00 00 00
  ......?......... 00 00 00 00 00 80 3f 00 00 00 00 00 00 00 00 00
  ................ 00 00 00 00 00 00 00 00 00 00 00 00 00 00 00 00
  ................ 00 00 00 00 00 00 00 00 00 00 00 00 00 00 00 00
  .........A...... 00 00 00 00 00 00 00 00 00 41 00 00 00 00 00 00
  ................ 00 00 00 00 00 00 00 00 00 00 00 00 00 00 00 00
  ..?...?...?..... 00 80 3f 00 00 00 3f 00 00 80 3f 00 00 00 00 00
  ........?...?... 00 00 00 00 01 00 00 80 3f 00 00 00 3f 00 00 00
  ......1          00 00 00 9c ab f8 31
005698-005711 StringBlock "footer_frame"
005712-005762 DataBlock
  ................ 00 00 00 00 00 00 00 00 00 00 b7 01 00 00 01 00
  ................ 00 00 00 00 01 00 00 00 00 01 00 00 00 00 08 00
  ............ n.. 00 00 00 00 00 00 0a 00 00 00 00 ac 20 6e 15 03
  ...              00 00 00
005763-005820 ImageBlock id=186642068 xsize=128 ysize=128 path="ui\\skins\\default\\plate_border_medium.png" unknown=534928384
005821-005821 DataBlock
  .                0b
005822-005865 ImagePathBlock "ui\\skins\\default\\troy_crack_texture_19.png"
005866-005870 DataBlock
  .....            00 01 00 00 00
005871-005937 ImageListBlock 1 elements:
  005875-005937 ImageBlock id=186641700 xsize=64 ysize=4 path="ui\\skins\\default\\dark_gradient_horizontal.png" unknown=0
005938-005993 DataBlock
  ...... n...NewSt 00 01 00 00 00 ac 20 6e 15 08 00 4e 65 77 53 74
  ate....:........ 61 74 65 da 01 00 00 3a 00 00 00 00 00 00 00 02
  ................ 00 00 00 00 00 00 00 00 00 00 00 02 00 00 00 00
  ........         00 00 00 00 00 00 00 00
005994-006007 StringBlock "tw_troy_bold"
006008-006023 DataBlock
  ................ 0a 00 00 00 02 00 00 00 00 00 00 00 dd da fa ff
006024-006046 StringBlock "Default Font Category"
006047-006066 DataBlock
  ................ 00 00 00 00 00 00 00 00 00 00 00 00 00 00 00 00
  ....             01 00 00 00
006067-006077 T0Block "normal_t0"
006078-006093 DataBlock
  ................ 00 00 00 00 00 00 00 00 00 00 00 00 00 00 00 00
006094-006104 T0Block "normal_t0"
006105-006461 DataBlock
  ................ 00 00 00 00 00 00 00 00 00 00 00 00 00 00 00 00
  ....\........... 03 00 00 00 5c e2 1f 0b 00 00 00 00 00 00 00 00
  ....:........... da 01 00 00 3a 00 00 00 ff ff ff ff 00 00 01 00
  ................ 00 00 00 00 00 00 00 00 00 00 00 00 00 01 01 00
  ................ 00 00 00 00 00 00 00 00 00 00 00 00 00 00 00 00
  ......?......... 00 00 00 00 00 80 3f 00 00 00 00 00 00 00 00 00
  ................ 00 00 00 00 00 00 00 00 00 00 00 00 00 00 00 00
  .........$...... 00 00 00 00 00 00 00 00 00 24 ed 1f 0b 00 00 00
  .........:...... 00 00 00 00 00 da 01 00 00 3a 00 00 00 ff ff ff
  d............... 64 00 00 00 00 00 00 00 00 00 00 00 00 00 00 00
  ................ 00 00 01 01 00 00 00 00 00 00 00 00 00 00 00 00
  ...........?.... 00 00 00 00 00 00 00 00 00 00 80 3f 00 00 00 00
  ................ 00 00 00 00 00 00 00 00 00 00 00 00 00 00 00 00
  ................ 00 00 00 00 00 00 00 00 00 00 00 00 00 00 94 ee
  ..............:. 1f 0b 00 00 00 00 00 00 00 00 da 01 00 00 3a 00
  ................ 00 00 ff ff ff ff 00 00 00 00 00 00 00 00 00 00
  ................ 00 00 00 00 00 00 00 01 01 00 00 00 00 00 00 00
  ................ 00 00 00 00 00 00 00 00 00 00 00 00 00 00 00 80
  ?............... 3f 00 00 00 00 00 00 00 00 00 00 00 00 00 00 00
  .....@A..@A..@A. 00 00 00 00 00 40 41 00 00 40 41 00 00 40 41 00
  .@A............. 00 40 41 00 00 00 00 00 00 00 00 00 00 00 00 00
  ...A............ 00 00 00 41 00 00 00 00 00 00 00 03 00 00 00 00
  ....1            00 1c ba ea 31
006462-006478 StringBlock "bottom_ornament"
006479-006529 DataBlock
  ................ 00 00 00 00 00 00 03 00 00 00 04 00 00 00 01 00
  ................ 00 00 00 00 01 00 00 00 00 01 00 00 00 00 08 00
  ...........l.... 00 00 00 00 00 00 fb ff ff ff 00 6c 03 81 15 02
  ...              00 00 00
006530-006587 ImageBlock id=187070972 xsize=256 ysize=256 path="ui\\skins\\default\\transperent_frame_1.png" unknown=645575680
006588-006588 DataBlock
  .                0b
006589-006626 ImagePathBlock "ui\\skins\\default\\wave_ornament_3.png"
006627-006647 DataBlock
  ....(........... 07 01 00 00 28 00 00 00 00 00 00 00 00 01 00 00
  .l...            00 6c 03 81 15
006648-006657 NewStateBlock "NewState"
006658-006661 XSizeBlock 468
006662-006665 YSizeBlock 49
006666-006694 DataBlock
  ................ 00 00 00 00 02 00 00 00 00 00 00 00 00 00 00 00
  .............    02 00 00 00 00 00 00 00 00 00 00 00 00
006695-006708 StringBlock "tw_troy_bold"
006709-006724 DataBlock
  ................ 0a 00 00 00 02 00 00 00 00 00 00 00 dd da fa ff
006725-006747 StringBlock "Default Font Category"
006748-006767 DataBlock
  ................ 00 00 00 00 00 00 00 00 00 00 00 00 00 00 00 00
  ....             01 00 00 00
006768-006778 T0Block "normal_t0"
006779-006794 DataBlock
  ................ 00 00 00 00 00 00 00 00 00 00 00 00 00 00 00 00
006795-006805 T0Block "normal_t0"
006806-007083 DataBlock
  ................ 00 00 00 00 00 00 00 00 00 00 00 00 00 00 00 00
  .....y&......... 02 00 00 00 fc 79 26 0b 00 00 00 00 00 00 00 00
  ....1........... d4 01 00 00 31 00 00 00 ff ff ff ff 00 00 00 00
  ................ 00 02 00 00 00 00 00 00 00 00 00 00 00 01 01 00
  ................ 00 00 00 00 00 00 00 00 00 00 00 00 00 00 00 00
  ......?......... 00 00 00 00 00 80 3f 00 00 00 00 00 00 00 00 00
  ...........@A..@ 00 00 00 00 00 00 00 00 00 00 00 40 41 00 00 40
  A..@A..@A.z&.... 41 00 00 40 41 00 00 40 41 b4 7a 26 0b 03 00 00
  .........(...... 00 06 00 00 00 ce 01 00 00 28 00 00 00 ff ff ff
  ................ ff 00 00 01 00 00 02 00 00 00 00 00 00 00 06 00
  ................ 00 00 01 00 00 00 00 00 00 00 00 00 00 00 00 00
  ...........?.... 00 00 00 00 00 00 00 00 00 00 80 3f 00 00 00 00
  ................ 00 00 00 00 00 00 00 00 00 00 00 00 00 00 00 00
  ................ 00 00 00 00 00 00 00 00 00 00 00 00 00 00 00 00
  ..............A. 00 00 00 00 00 00 00 00 00 00 00 00 00 00 41 00
  ................ 00 00 00 00 00 00 00 00 00 00 00 00 00 00 00 00
  .......?...?...? 00 00 00 00 00 00 80 3f 00 00 00 3f 00 00 80 3f
  .....1           00 00 bc ba f8 31
007084-007107 StringBlock "border_bottom_ornament"
007108-007154 DataBlock
  ..........4..... 00 00 00 00 00 00 00 00 00 00 34 00 00 00 01 00
  ................ 00 00 00 00 01 00 00 00 00 01 00 00 00 00 11 00
  ...............  00 00 00 00 00 00 fa ff ff ff 00 d4 00 81 15
007155-007224 ImageListBlock 1 elements:
  007159-007224 ImageBlock id=187184316 xsize=32 ysize=10 path="ui\\skins\\default\\border_horizontal_detail_01.png" unknown=0
007225-007280 DataBlock
  ...........NewSt 00 01 00 00 00 d4 00 81 15 08 00 4e 65 77 53 74
  ate............. 61 74 65 da 01 00 00 0a 00 00 00 00 00 00 00 02
  ................ 00 00 00 00 00 00 00 00 00 00 00 02 00 00 00 00
  ........         00 00 00 00 00 00 00 00
007281-007294 StringBlock "tw_troy_bold"
007295-007310 DataBlock
  ................ 0a 00 00 00 02 00 00 00 00 00 00 00 dd da fa ff
007311-007333 StringBlock "Default Font Category"
007334-007353 DataBlock
  ................ 00 00 00 00 00 00 00 00 00 00 00 00 00 00 00 00
  ....             00 00 00 00
007354-007364 T0Block "normal_t0"
007365-007380 DataBlock
  ................ 00 00 00 00 00 00 00 00 00 00 00 00 00 00 00 00
007381-007391 T0Block "normal_t0"
007392-007568 DataBlock
  ................ 00 00 00 00 00 00 00 00 00 00 00 00 00 00 00 00
  .....4(......... 01 00 00 00 bc 34 28 0b 00 00 00 00 00 00 00 00
  ................ da 01 00 00 0a 00 00 00 ff ff ff ff 00 00 01 00
  ................ 00 00 00 00 00 00 00 00 00 00 00 00 00 01 00 00
  ................ 00 00 00 00 00 00 00 00 00 00 00 00 00 00 00 00
  ......?......... 00 00 00 00 00 80 3f 00 00 00 00 00 00 00 00 00
  ................ 00 00 00 00 00 00 00 00 00 00 00 00 00 00 00 00
  ................ 00 00 00 00 00 00 00 00 00 00 00 00 00 00 00 00
  .........A...... 00 00 00 00 00 00 00 00 00 41 00 00 00 00 00 00
  ................ 00 00 00 00 00 00 00 00 00 00 00 00 00 00 01 00
  ..?...?......... 00 80 3f 00 00 00 3f 00 00 00 80 00 00 dc c9 f8
  1                31
007569-007590 StringBlock "horizontal_separator"
007591-007637 DataBlock
  ................ 00 00 00 00 00 00 fd ff ff ff f9 ff ff ff 01 00
  ................ 00 00 00 00 01 00 00 00 00 01 00 00 00 00 0b 00
  ...............  00 00 00 00 00 00 05 00 00 00 00 9c 08 81 15
007638-007700 ImageListBlock 1 elements:
  007642-007700 ImageBlock id=187175300 xsize=870 ysize=12 path="ui\\skins\\default\\separator_horizontal.png" unknown=0
007701-007756 DataBlock
  ...........NewSt 00 01 00 00 00 9c 08 81 15 08 00 4e 65 77 53 74
  ate............. 61 74 65 e0 01 00 00 0c 00 00 00 00 00 00 00 02
  ................ 00 00 00 00 00 00 00 00 00 00 00 02 00 00 00 00
  ........         00 00 00 00 00 00 00 00
007757-007770 StringBlock "tw_troy_bold"
007771-007786 DataBlock
  ................ 0a 00 00 00 02 00 00 00 00 00 00 00 dd da fa ff
007787-007809 StringBlock "Default Font Category"
007810-007829 DataBlock
  ................ 00 00 00 00 00 00 00 00 00 00 00 00 00 00 00 00
  ....             01 00 00 00
007830-007840 T0Block "normal_t0"
007841-007856 DataBlock
  ................ 00 00 00 00 00 00 00 00 00 00 00 00 00 00 00 00
007857-007867 T0Block "normal_t0"
007868-008088 DataBlock
  ................ 00 00 00 00 00 00 00 00 00 00 00 00 00 00 00 00
  ......(......... 01 00 00 00 84 11 28 0b 00 00 00 00 00 00 00 00
  ................ e0 01 00 00 0c 00 00 00 ff ff ff ff 00 00 00 00
  ................ 00 00 00 00 00 00 00 00 00 00 00 00 00 01 00 00
  ................ 00 00 00 00 00 00 00 00 00 00 00 00 00 00 00 00
  ......?......... 00 00 00 00 00 80 3f 00 00 00 00 00 00 00 00 00
  ................ 00 00 00 00 00 00 00 00 00 00 00 00 00 00 00 80
  A.......A....... 41 00 00 00 00 00 00 80 41 00 00 00 00 00 00 00
  .........A...... 00 00 00 00 00 00 00 00 00 41 00 00 00 00 00 00
  ................ 00 00 00 00 00 00 00 00 00 00 00 00 00 00 01 00
  ..?...?...?..... 00 80 3f 00 00 00 3f 00 00 80 3f 00 00 00 00 00
  ........?...?... 00 00 00 00 00 00 00 80 3f 00 00 00 3f 00 00 80
  ?.............?. 3f 00 00 00 00 00 00 00 00 00 00 00 00 80 3f 00
  ..?...?..`q..    00 00 3f 00 00 00 3f 00 00 60 71 ee 14
008089-008100 StringBlock "tx_satrapy"
008101-008163 DataBlock
  ..........=..... 00 00 00 00 00 00 15 00 00 00 3d 00 00 00 01 01
  ................ 00 00 00 00 01 00 00 00 00 01 00 00 00 00 00 00
  ............t... 00 00 00 00 00 00 00 00 00 00 00 c0 74 ee 14 00
  ............t..  00 00 00 00 00 00 00 01 00 00 00 c0 74 ee 14
008164-008173 NewStateBlock "NewState"
008174-008177 XSizeBlock 188
008178-008181 YSizeBlock 24
008182-008197 UnicodeBlock "Vassal:"
008198-008216 DataBlock
  ................ 00 00 03 00 00 00 04 00 00 00 00 00 00 00 02 00
  ...              00 00 01
008217-008280 UnicodeBlock "tx_satrapy_NewState_Text_7e007e"
008281-008286 DataBlock
  ......           00 00 00 00 00 00
008287-008304 StringBlock "profile_offc_pro"
008305-008320 DataBlock
  .............2K. 0c 00 00 00 00 00 00 00 00 00 00 00 19 32 4b ff
008321-008336 StringBlock "parchment_text"
008337-008356 DataBlock
  ................ 00 00 00 00 00 00 00 00 00 00 00 00 00 00 00 00
  ....             01 00 00 00
008357-008367 T0Block "normal_t0"
008368-008383 DataBlock
  ................ 00 00 00 00 00 00 00 00 00 00 00 00 00 00 00 00
008384-008394 T0Block "normal_t0"
008395-008448 DataBlock
  ................ 00 00 00 00 00 00 00 00 00 00 00 00 00 00 00 00
  ................ 00 00 00 00 00 00 00 00 00 00 00 00 00 00 00 00
  ....-........... 00 00 00 00 2d 00 00 00 00 00 00 00 01 00 00 00
  ...v..           00 00 c0 76 ee 14
008449-008460 StringBlock "dy_faction"
008461-008523 DataBlock
  ................ 00 00 00 00 00 00 e6 00 00 00 00 00 00 00 01 00
  ................ 00 00 00 00 01 00 00 00 00 01 00 00 00 00 06 00
  ........... z... 00 00 c8 00 00 00 00 00 00 00 00 20 7a ee 14 00
  ........... z..  00 00 00 00 00 00 00 01 00 00 00 20 7a ee 14
008524-008533 NewStateBlock "NewState"
008534-008537 XSizeBlock 158
008538-008541 YSizeBlock 24
008542-008563 UnicodeBlock "dy_faction"
008564-008582 DataBlock
  ................ 00 00 02 00 00 00 04 00 00 00 00 00 00 00 02 00
  ...              00 00 00
008583-008646 UnicodeBlock "dy_faction_NewState_Text_7b0041"
008647-008652 DataBlock
  ......           00 00 00 00 00 00
008653-008670 StringBlock "profile_offc_pro"
008671-008686 DataBlock
  .............2K. 0c 00 00 00 00 00 00 00 00 00 00 00 19 32 4b ff
008687-008702 StringBlock "parchment_text"
008703-008722 DataBlock
  ................ 00 00 00 00 00 00 00 00 00 00 00 00 00 00 00 00
  ....             01 00 00 00
008723-008733 T0Block "normal_t0"
008734-008749 DataBlock
  ................ 00 00 00 00 00 00 00 00 00 00 00 00 00 00 00 00
008750-008760 T0Block "normal_t0"
008761-008814 DataBlock
  ................ 00 00 00 00 00 00 00 00 00 00 00 00 00 00 00 00
  ................ 00 00 00 00 00 00 00 00 00 00 00 00 00 00 00 00
  ....-........... 00 00 00 00 2d 00 00 00 00 00 00 00 01 00 00 00
  ..@|..           00 00 40 7c ee 14
008815-008822 StringBlock "dy_mon"
008823-008869 DataBlock
  ................ 00 00 00 00 00 00 e6 ff ff ff 00 00 00 00 01 01
  ................ 00 00 00 00 01 00 00 00 00 01 00 00 00 00 04 00
  ..............  00 00 e6 ff ff ff 00 00 00 00 00 a0 7f ee 14
008870-008918 ImageListBlock 1 elements:
  008874-008918 ImageBlock id=351421024 xsize=24 ysize=24 path="ui\\skins\\default\\mon_24.png" unknown=0
008919-008974 DataBlock
  ..........NewSt 00 01 00 00 00 a0 7f ee 14 08 00 4e 65 77 53 74
  ate............. 61 74 65 18 00 00 00 18 00 00 00 00 00 00 00 02
  ................ 00 00 00 00 00 00 00 00 00 00 00 01 00 00 00 00
  ........         00 00 00 00 00 00 00 00
008975-008988 StringBlock "tw_troy_bold"
008989-009004 DataBlock
  ................ 0a 00 00 00 02 00 00 00 00 00 00 00 dd da fa ff
009005-009027 StringBlock "Default Font Category"
009028-009047 DataBlock
  ................ 00 00 00 00 00 00 00 00 00 00 00 00 00 00 00 00
  ....             01 00 00 00
009048-009058 T0Block "normal_t0"
009059-009074 DataBlock
  ................ 00 00 00 00 00 00 00 00 00 00 00 00 00 00 00 00
009075-009085 T0Block "normal_t0"
009086-009306 DataBlock
  ................ 00 00 00 00 00 00 00 00 00 00 00 00 00 00 00 00
  ....`B.......... 01 00 00 00 60 42 f2 14 00 00 00 00 00 00 00 00
  ................ 18 00 00 00 18 00 00 00 ff ff ff ff 00 00 00 00
  ................ 00 00 00 00 00 00 00 00 00 00 00 00 00 01 01 00
  ................ 00 00 00 00 00 00 00 00 00 00 00 00 00 00 00 00
  ......?......... 00 00 00 00 00 80 3f 00 00 00 00 00 00 00 00 00
  ................ 00 00 00 00 00 00 00 00 00 00 00 00 00 00 00 00
  ................ 00 00 00 00 00 00 00 00 00 00 00 00 00 00 00 00
  .........-...... 00 00 00 00 00 00 00 00 00 2d 00 00 00 00 00 00
  ................ 00 00 00 00 00 00 00 00 00 00 00 00 00 00 00 00
  ..?.......?..... 00 80 3f 00 00 00 00 00 00 00 3f 00 00 00 00 00
  ........?...?... 00 00 01 00 00 00 00 80 3f 00 00 80 3f 00 00 00
  ?.............?. 3f 00 00 00 00 00 00 00 00 00 00 00 00 80 3f 00
  .............    00 00 00 00 00 00 00 00 00 80 82 ee 14
009307-009319 StringBlock "tx_overlord"
009320-009382 DataBlock
  ..........b..... 00 00 00 00 00 00 13 00 00 00 62 00 00 00 01 01
  ................ 00 00 00 00 01 00 00 00 00 01 00 00 00 00 00 00
  ................ 00 00 00 00 00 00 00 00 00 00 00 e0 85 ee 14 00
  ...............  00 00 00 00 00 00 00 01 00 00 00 e0 85 ee 14
009383-009392 NewStateBlock "NewState"
009393-009396 XSizeBlock 190
009397-009400 YSizeBlock 24
009401-009416 UnicodeBlock "Master:"
009417-009435 DataBlock
  ................ 00 00 03 00 00 00 04 00 00 00 00 00 00 00 02 00
  ...              00 00 01
009436-009501 UnicodeBlock "tx_overlord_NewState_Text_670061"
009502-009507 DataBlock
  ......           00 00 00 00 00 00
009508-009525 StringBlock "profile_offc_pro"
009526-009541 DataBlock
  .............2K. 0c 00 00 00 00 00 00 00 00 00 00 00 19 32 4b ff
009542-009557 StringBlock "parchment_text"
009558-009577 DataBlock
  ................ 00 00 00 00 00 00 00 00 00 00 00 00 00 00 00 00
  ....             01 00 00 00
009578-009588 T0Block "normal_t0"
009589-009604 DataBlock
  ................ 00 00 00 00 00 00 00 00 00 00 00 00 00 00 00 00
009605-009615 T0Block "normal_t0"
009616-009669 DataBlock
  ................ 00 00 00 00 00 00 00 00 00 00 00 00 00 00 00 00
  ................ 00 00 00 00 00 00 00 00 00 00 00 00 00 00 00 00
  ....-........... 00 00 00 00 2d 00 00 00 00 00 00 00 01 00 00 00
  ......           00 00 00 88 ee 14
009670-009681 StringBlock "dy_faction"
009682-009744 DataBlock
  ................ 00 00 00 00 00 00 e6 00 00 00 00 00 00 00 01 00
  ................ 00 00 00 00 01 00 00 00 00 01 00 00 00 00 06 00
  ...........`.... 00 00 c8 00 00 00 00 00 00 00 00 60 8b ee 14 00
  ...........`...  00 00 00 00 00 00 00 01 00 00 00 60 8b ee 14
009745-009754 NewStateBlock "NewState"
009755-009758 XSizeBlock 160
009759-009762 YSizeBlock 24
009763-009784 UnicodeBlock "dy_faction"
009785-009803 DataBlock
  ................ 00 00 02 00 00 00 04 00 00 00 00 00 00 00 02 00
  ...              00 00 00
009804-009867 UnicodeBlock "dy_faction_NewState_Text_7b0041"
009868-009873 DataBlock
  ......           00 00 00 00 00 00
009874-009891 StringBlock "profile_offc_pro"
009892-009907 DataBlock
  .............2K. 0c 00 00 00 00 00 00 00 00 00 00 00 19 32 4b ff
009908-009923 StringBlock "parchment_text"
009924-009943 DataBlock
  ................ 00 00 00 00 00 00 00 00 00 00 00 00 00 00 00 00
  ....             01 00 00 00
009944-009954 T0Block "normal_t0"
009955-009970 DataBlock
  ................ 00 00 00 00 00 00 00 00 00 00 00 00 00 00 00 00
009971-009981 T0Block "normal_t0"
009982-010035 DataBlock
  ................ 00 00 00 00 00 00 00 00 00 00 00 00 00 00 00 00
  ................ 00 00 00 00 00 00 00 00 00 00 00 00 00 00 00 00
  ....-........... 00 00 00 00 2d 00 00 00 00 00 00 00 01 00 00 00
  ..`...           00 00 60 8d ee 14
010036-010043 StringBlock "dy_mon"
010044-010090 DataBlock
  ................ 00 00 00 00 00 00 e6 ff ff ff 00 00 00 00 01 01
  ................ 00 00 00 00 01 00 00 00 00 01 00 00 00 00 04 00
  ...............  00 00 e6 ff ff ff 00 00 00 00 00 e0 91 ee 14
010091-010139 ImageListBlock 1 elements:
  010095-010139 ImageBlock id=351179040 xsize=24 ysize=24 path="ui\\skins\\default\\mon_24.png" unknown=0
010140-010195 DataBlock
  ...........NewSt 00 01 00 00 00 e0 91 ee 14 08 00 4e 65 77 53 74
  ate............. 61 74 65 18 00 00 00 18 00 00 00 00 00 00 00 02
  ................ 00 00 00 00 00 00 00 00 00 00 00 01 00 00 00 00
  ........         00 00 00 00 00 00 00 00
010196-010209 StringBlock "tw_troy_bold"
010210-010225 DataBlock
  ................ 0a 00 00 00 02 00 00 00 00 00 00 00 dd da fa ff
010226-010248 StringBlock "Default Font Category"
010249-010268 DataBlock
  ................ 00 00 00 00 00 00 00 00 00 00 00 00 00 00 00 00
  ....             01 00 00 00
010269-010279 T0Block "normal_t0"
010280-010295 DataBlock
  ................ 00 00 00 00 00 00 00 00 00 00 00 00 00 00 00 00
010296-010306 T0Block "normal_t0"
010307-010527 DataBlock
  ................ 00 00 00 00 00 00 00 00 00 00 00 00 00 00 00 00
  .... ........... 01 00 00 00 20 91 ee 14 00 00 00 00 00 00 00 00
  ................ 18 00 00 00 18 00 00 00 ff ff ff ff 00 00 00 00
  ................ 00 00 00 00 00 00 00 00 00 00 00 00 00 01 01 00
  ................ 00 00 00 00 00 00 00 00 00 00 00 00 00 00 00 00
  ......?......... 00 00 00 00 00 80 3f 00 00 00 00 00 00 00 00 00
  ................ 00 00 00 00 00 00 00 00 00 00 00 00 00 00 00 00
  ................ 00 00 00 00 00 00 00 00 00 00 00 00 00 00 00 00
  .........-...... 00 00 00 00 00 00 00 00 00 2d 00 00 00 00 00 00
  ................ 00 00 00 00 00 00 00 00 00 00 00 00 00 00 00 00
  ..?.......?..... 00 80 3f 00 00 00 00 00 00 00 3f 00 00 00 00 00
  ........?...?... 00 00 01 00 00 00 00 80 3f 00 00 80 3f 00 00 00
  ?.............?. 3f 00 00 00 00 00 00 00 00 00 00 00 00 80 3f 00
  .........@...    00 00 00 00 00 00 00 00 00 40 95 ee 14
010528-010537 StringBlock "tx_descr"
010538-010600 DataBlock
  ................ 00 00 00 00 00 00 19 00 00 00 94 00 00 00 01 01
  ................ 00 00 00 00 01 00 00 00 00 01 00 00 00 00 05 00
  ................ 00 00 00 00 00 00 e2 ff ff ff 00 00 00 00 00 00
  ...............  00 00 00 00 00 00 00 01 00 00 00 00 99 ee 14
010601-010610 NewStateBlock "NewState"
010611-010614 XSizeBlock 410
010615-010618 YSizeBlock 84
010619-010900 UnicodeBlock "This enemy of your faction has become a vassal of another faction. You must either make peace with them, or declare war on their new master."
010901-010919 DataBlock
  ................ 00 00 04 00 00 00 04 00 00 00 00 00 00 00 01 00
  ...              00 00 01
010920-010979 UnicodeBlock "tx_descr_NewState_Text_360021"
010980-010985 DataBlock
  ......           00 00 00 00 00 00
010986-011003 StringBlock "profile_offc_pro"
011004-011019 DataBlock
  .............2K. 0c 00 00 00 00 00 00 00 00 00 00 00 19 32 4b ff
011020-011035 StringBlock "parchment_text"
011036-011055 DataBlock
  ................ 00 00 00 00 00 00 00 00 00 00 00 00 00 00 00 00
  ....             01 00 00 00
011056-011066 T0Block "normal_t0"
011067-011082 DataBlock
  ................ 00 00 00 00 00 00 00 00 00 00 00 00 00 00 00 00
011083-011093 T0Block "normal_t0"
011094-011169 DataBlock
  ................ 00 00 00 00 00 00 00 00 00 00 00 00 00 00 00 00
  ................ 00 00 00 00 00 00 00 00 00 00 00 00 00 00 00 00
  ....-........... 00 00 00 00 2d 00 00 00 00 00 00 00 00 00 00 00
  .............?.. 00 00 00 00 00 00 00 00 00 00 00 00 80 3f 00 00
  .?...?...%..     00 3f 00 00 00 3f 00 00 00 25 bd 1e
011170-011182 StringBlock "panel_title"
011183-011245 DataBlock
  ................ 00 00 00 00 00 00 ff ff ff ff f0 ff ff ff 00 00
  ................ 00 00 00 00 01 00 00 00 00 01 00 00 00 00 02 00
  ...........p.... 00 00 00 00 00 00 f0 ff ff ff 00 70 b9 10 05 00
  ...........p...  00 00 00 00 00 00 00 01 00 00 00 70 b9 10 05
011246-011255 NewStateBlock "NewState"
011256-011259 XSizeBlock 463
011260-011263 YSizeBlock 38
011264-011292 DataBlock
  ................ 00 00 00 00 02 00 00 00 00 00 00 00 00 00 00 00
  .............    01 00 00 00 00 00 00 00 00 00 00 00 00
011293-011306 StringBlock "tw_troy_bold"
011307-011322 DataBlock
  ................ 0a 00 00 00 02 00 00 00 00 00 00 00 dd da fa ff
011323-011345 StringBlock "Default Font Category"
011346-011365 DataBlock
  ................ 00 00 00 00 00 00 00 00 00 00 00 00 00 00 00 00
  ....             00 00 00 00
011366-011376 T0Block "normal_t0"
011377-011392 DataBlock
  ................ 00 00 00 00 00 00 00 00 00 00 00 00 00 00 00 00
011393-011403 T0Block "normal_t0"
011404-011457 DataBlock
  ................ 00 00 00 00 00 00 00 00 00 00 00 00 00 00 00 00
  ................ 00 00 00 00 00 00 00 00 00 00 00 00 00 00 00 00
  ....<........... 00 00 00 00 3c 00 00 00 00 00 00 00 01 00 00 00
  ..`;..           00 00 60 3b f2 14
011458-011470 StringBlock "title_frame"
011471-011533 DataBlock
  ......B......... 00 00 00 00 00 00 42 00 00 00 0a 00 00 00 01 01
  ................ 00 00 00 00 01 00 00 00 00 01 00 00 00 00 05 00
  ................ 00 00 00 00 00 00 04 00 00 00 00 00 00 00 00 00
  ............>..  00 00 00 00 00 00 00 01 00 00 00 c0 3e f2 14
011534-011543 NewStateBlock "NewState"
011544-011547 XSizeBlock 330
011548-011551 YSizeBlock 25
011552-011605 UnicodeBlock "Enemy has become a vassal!"
011606-011624 DataBlock
  ................ 00 00 04 00 00 00 04 00 00 00 00 00 00 00 02 00
  ...              00 00 01
011625-011690 UnicodeBlock "title_frame_NewState_Text_290050"
011691-011696 DataBlock
  ......           00 00 00 00 00 00
011697-011712 StringBlock "tw_troy_medium"
011713-011728 DataBlock
  ................ 0e 00 00 00 01 00 00 00 00 00 00 00 b8 d8 f1 ff
011729-011749 StringBlock "header_title_medium"
011750-011769 DataBlock
  ................ 00 00 00 00 00 00 00 00 00 00 00 00 00 00 00 00
  ....             01 00 00 00
011770-011780 T0Block "normal_t0"
011781-011796 DataBlock
  ................ 00 00 00 00 00 00 00 00 00 00 00 00 00 00 00 00
011797-011809 T0Block "brighten_t0"
011810-011845 DataBlock
  ...?............ 00 00 80 3f 00 00 00 00 00 00 00 00 00 00 00 00
  ................ 00 00 00 00 00 00 00 00 00 00 00 00 00 00 00 00
  ....             02 00 00 00
011846-011860 StringBlock "dynamic_child"
011861-011863 DataBlock
  ..1              01 00 31
011864-011885 StringBlock "dynamic_child_parent"
011886-011898 StringBlock "panel_title"
011899-011954 DataBlock
  -............... 2d 00 00 00 00 00 00 00 00 00 00 00 00 00 00 00
  .........?...?.. 00 00 00 00 00 00 00 00 80 3f 00 00 00 3f 00 00
  .?.............? 00 3f 00 00 00 00 00 00 00 00 00 00 00 00 80 3f
  ...?....         00 00 00 3f 00 00 00 00
011955-011979 StringBlock "square_dark_text_button"
011980-011987 DataBlock
  ...1....         fc d8 f8 31 02 00 00 00
011988-011999 StringBlock "button_txt"
012000-012011 StringBlock "button_txt"
012012-012058 DataBlock
  ................ 00 00 00 00 00 00 00 00 00 00 00 00 00 00 00 00
  ...C...B........ 00 00 87 43 00 00 00 42 05 00 00 00 00 00 00 00
  ...............  01 03 00 00 00 00 00 00 00 00 00 00 00 00 00
012059-012066 StringBlock "active"
012067-012126 UnicodeBlock "button_txt_active_Text_6c002f"
012127-012182 UnicodeBlock "Declare war on their master"
012183-012186 DataBlock
  ....             00 00 00 00
012187-012196 StringBlock "inactive"
012197-012256 UnicodeBlock "button_txt_active_Text_6c002f"
012257-012312 UnicodeBlock "Declare war on their master"
012313-012320 DataBlock
  ........         00 00 00 00 01 00 00 00
012321-012335 StringBlock "dynamic_child"
012336-012344 DataBlock
  ..1......        01 00 31 00 00 00 00 00 00
012345-012358 StringBlock "options_bar1"
012359-012364 DataBlock
  ......           00 00 01 00 00 00
012365-012376 StringBlock "TextButton"
012377-012384 DataBlock
  ........         00 00 00 00 00 00 00 00
012385-012424 StringBlock "UI_GBL_TMP_Square_Medium_Button_Toggle"
012425-012463 DataBlock
  ...........C...B 00 00 00 00 00 00 a0 c2 00 00 87 43 00 00 00 42
  ....2........... 08 00 00 00 32 00 00 00 01 06 00 00 00 00 00 00
  .......          00 00 00 00 00 00 00
012464-012471 StringBlock "active"
012472-012479 DataBlock
  ........         00 00 00 00 00 00 00 00
012480-012485 StringBlock "down"
012486-012493 DataBlock
  ........         00 00 00 00 00 00 00 00
012494-012503 StringBlock "down_off"
012504-012511 DataBlock
  ........         00 00 00 00 00 00 00 00
012512-012518 StringBlock "hover"
012519-012526 DataBlock
  ........         00 00 00 00 00 00 00 00
012527-012536 StringBlock "inactive"
012537-012548 DataBlock
  ............     00 00 00 00 00 00 00 00 00 00 00 00
012549-012746 ImagePathListBlock 4 elements:
  012553-012600 ImagePathBlock "ui\\skins\\default\\button_square_dark_active.png"
  012601-012649 ImagePathBlock "ui\\skins\\default\\button_square_dark_pressed.png"
  012650-012696 ImagePathBlock "ui\\skins\\default\\button_square_dark_hover.png"
  012697-012746 ImagePathBlock "ui\\skins\\default\\button_square_dark_inactive.png"
012747-012829 DataBlock
  ....@.i...button 01 00 00 00 40 bb 69 1b 0a 00 62 75 74 74 6f 6e
  _txt............ 5f 74 78 74 00 00 00 00 00 00 00 00 00 00 00 00
  ................ 00 00 00 00 00 00 00 00 01 00 00 00 00 01 00 00
  ...............  00 00 05 00 00 00 00 00 00 00 00 00 00 00 00 20
  ...............  00 9a 1b 00 00 00 00 00 00 00 00 02 00 00 00 20
  ...              00 9a 1b
012830-012837 StringBlock "active"
012838-012845 DataBlock
  .... ...         0e 01 00 00 20 00 00 00
012846-012901 UnicodeBlock "Declare war on their master"
012902-012920 DataBlock
  ................ 00 00 04 00 00 00 04 00 00 00 00 00 00 00 02 00
  ...              00 00 01
012921-012980 UnicodeBlock "button_txt_active_Text_6c002f"
012981-012986 DataBlock
  ......           00 00 00 00 00 00
012987-013004 StringBlock "profile_offc_pro"
013005-013020 DataBlock
  ................ 0c 00 00 00 00 00 00 00 00 00 00 00 ff ff ff ff
013021-013039 StringBlock "ingame_text_white"
013040-013059 DataBlock
  ................ 00 00 00 00 00 00 00 00 00 00 00 00 00 00 00 00
  ....             00 00 00 00
013060-013070 T0Block "normal_t0"
013071-013086 DataBlock
  ................ 00 00 00 00 00 00 00 00 00 00 00 00 00 00 00 00
013087-013097 T0Block "normal_t0"
013098-013133 DataBlock
  ................ 00 00 00 00 00 00 00 00 00 00 00 00 00 00 00 00
  ................ 00 00 00 00 00 00 00 00 00 00 00 00 00 00 00 00
  ....             c0 04 9a 1b
013134-013143 StringBlock "inactive"
013144-013151 DataBlock
  .... ...         0e 01 00 00 20 00 00 00
013152-013207 UnicodeBlock "Declare war on their master"
013208-013226 DataBlock
  ................ 00 00 04 00 00 00 04 00 00 00 00 00 00 00 02 00
  ...              00 00 01
013227-013286 UnicodeBlock "button_txt_active_Text_6c002f"
013287-013292 DataBlock
  ......           00 00 00 00 00 00
013293-013310 StringBlock "profile_offc_pro"
013311-013326 DataBlock
  ................ 0c 00 00 00 00 00 00 00 00 00 00 00 ff ff ff ff
013327-013345 StringBlock "ingame_text_white"
013346-013365 DataBlock
  ................ 00 00 00 00 00 00 00 00 00 00 00 00 00 00 00 00
  ....             00 00 00 00
013366-013376 T0Block "normal_t0"
013377-013392 DataBlock
  ................ 00 00 00 00 00 00 00 00 00 00 00 00 00 00 00 00
013393-013410 T0Block "set_greyscale_t0"
013411-013446 DataBlock
  ...?...?........ 00 00 00 3f 9a 99 19 3f 00 00 00 00 00 00 00 00
  ................ 00 00 00 00 00 00 00 00 00 00 00 00 00 00 00 00
  ....             03 00 00 00
013447-013464 StringBlock "disable_override"
013465-013481 StringBlock "instance_resize"
013482-013496 StringBlock "dynamic_child"
013497-013499 DataBlock
  ..1              01 00 31
013500-013521 StringBlock "dynamic_child_parent"
013522-013535 StringBlock "options_bar1"
013536-013569 DataBlock
  ................ 00 00 00 00 00 00 00 00 00 00 00 00 00 00 00 00
  .........?...?.. 00 00 00 00 00 00 00 00 80 3f 00 00 00 3f 00 00
  .?               00 3f
013570-013594 StringBlock "square_dark_text_button"
013595-013602 DataBlock
  ...1....         e4 bd ea 31 02 00 00 00
013603-013614 StringBlock "button_txt"
013615-013626 StringBlock "button_txt"
013627-013673 DataBlock
  ................ 00 00 00 00 00 00 00 00 00 00 00 00 00 00 00 00
  ...C...B....2... 00 00 87 43 00 00 00 42 05 00 00 00 32 00 00 00
  ...............  01 03 00 00 00 00 00 00 00 00 00 00 00 00 00
013674-013681 StringBlock "active"
013682-013741 UnicodeBlock "button_txt_active_Text_650054"
013742-013795 UnicodeBlock "Make peace with the vassal"
013796-013799 DataBlock
  ....             00 00 00 00
013800-013809 StringBlock "inactive"
013810-013869 UnicodeBlock "button_txt_active_Text_650054"
013870-013923 UnicodeBlock "Make peace with the vassal"
013924-013931 DataBlock
  ........         00 00 00 00 01 00 00 00
013932-013946 StringBlock "dynamic_child"
013947-013955 DataBlock
  ..1......        01 00 31 00 00 00 00 00 00
013956-013969 StringBlock "options_bar2"
013970-013975 DataBlock
  ......           00 00 01 00 00 00
013976-013987 StringBlock "TextButton"
013988-013995 DataBlock
  ........         00 00 00 00 00 00 00 00
013996-014035 StringBlock "UI_GBL_TMP_Square_Medium_Button_Toggle"
014036-014074 DataBlock
  ......(....C...B 00 00 00 00 00 00 28 c2 00 00 87 43 00 00 00 42
  ....2........... 08 00 00 00 32 00 00 00 01 06 00 00 00 00 00 00
  .......          00 00 00 00 00 00 00
014075-014082 StringBlock "active"
014083-014090 DataBlock
  ........         00 00 00 00 00 00 00 00
014091-014096 StringBlock "down"
014097-014104 DataBlock
  ........         00 00 00 00 00 00 00 00
014105-014114 StringBlock "down_off"
014115-014122 DataBlock
  ........         00 00 00 00 00 00 00 00
014123-014129 StringBlock "hover"
014130-014137 DataBlock
  ........         00 00 00 00 00 00 00 00
014138-014147 StringBlock "inactive"
014148-014159 DataBlock
  ............     00 00 00 00 00 00 00 00 00 00 00 00
014160-014357 ImagePathListBlock 4 elements:
  014164-014211 ImagePathBlock "ui\\skins\\default\\button_square_dark_active.png"
  014212-014260 ImagePathBlock "ui\\skins\\default\\button_square_dark_pressed.png"
  014261-014307 ImagePathBlock "ui\\skins\\default\\button_square_dark_hover.png"
  014308-014357 ImagePathBlock "ui\\skins\\default\\button_square_dark_inactive.png"
014358-014440 DataBlock
  .....$k...button 01 00 00 00 a0 24 6b 1b 0a 00 62 75 74 74 6f 6e
  _txt............ 5f 74 78 74 00 00 00 00 00 00 00 00 00 00 00 00
  ................ 00 00 01 00 00 00 00 00 01 00 00 00 00 01 00 00
  ...............t 00 00 05 00 00 00 00 00 00 00 00 00 00 00 00 74
  P..............t 50 80 15 00 00 00 00 00 00 00 00 02 00 00 00 74
  P..              50 80 15
014441-014448 StringBlock "active"
014449-014456 DataBlock
  .... ...         0e 01 00 00 20 00 00 00
014457-014510 UnicodeBlock "Make peace with the vassal"
014511-014529 DataBlock
  ................ 00 00 04 00 00 00 04 00 00 00 00 00 00 00 02 00
  ...              00 00 01
014530-014589 UnicodeBlock "button_txt_active_Text_650054"
014590-014595 DataBlock
  ......           00 00 00 00 00 00
014596-014613 StringBlock "profile_offc_pro"
014614-014629 DataBlock
  ................ 0c 00 00 00 00 00 00 00 00 00 00 00 ff ff ff ff
014630-014648 StringBlock "ingame_text_white"
014649-014668 DataBlock
  ................ 00 00 00 00 00 00 00 00 00 00 00 00 00 00 00 00
  ....             00 00 00 00
014669-014679 T0Block "normal_t0"
014680-014695 DataBlock
  ................ 00 00 00 00 00 00 00 00 00 00 00 00 00 00 00 00
014696-014706 T0Block "normal_t0"
014707-014742 DataBlock
  ................ 00 00 00 00 00 00 00 00 00 00 00 00 00 00 00 00
  ................ 00 00 00 00 00 00 00 00 00 00 00 00 00 00 00 00
  .H..             ac 48 80 15
014743-014752 StringBlock "inactive"
014753-014760 DataBlock
  .... ...         0e 01 00 00 20 00 00 00
014761-014814 UnicodeBlock "Make peace with the vassal"
014815-014833 DataBlock
  ................ 00 00 04 00 00 00 04 00 00 00 00 00 00 00 02 00
  ...              00 00 01
014834-014893 UnicodeBlock "button_txt_active_Text_650054"
014894-014899 DataBlock
  ......           00 00 00 00 00 00
014900-014917 StringBlock "profile_offc_pro"
014918-014933 DataBlock
  ................ 0c 00 00 00 00 00 00 00 00 00 00 00 ff ff ff ff
014934-014952 StringBlock "ingame_text_white"
014953-014972 DataBlock
  ................ 00 00 00 00 00 00 00 00 00 00 00 00 00 00 00 00
  ....             00 00 00 00
014973-014983 T0Block "normal_t0"
014984-014999 DataBlock
  ................ 00 00 00 00 00 00 00 00 00 00 00 00 00 00 00 00
015000-015017 T0Block "set_greyscale_t0"
015018-015053 DataBlock
  ...?...?........ 00 00 00 3f 9a 99 19 3f 00 00 00 00 00 00 00 00
  ................ 00 00 00 00 00 00 00 00 00 00 00 00 00 00 00 00
  ....             03 00 00 00
015054-015071 StringBlock "disable_override"
015072-015088 StringBlock "instance_resize"
015089-015103 StringBlock "dynamic_child"
015104-015106 DataBlock
  ..1              01 00 31
015107-015128 StringBlock "dynamic_child_parent"
015129-015142 StringBlock "options_bar2"
015143-015182 DataBlock
  2............... 32 00 00 00 00 00 00 00 00 00 00 00 00 00 00 00
  .........?...?.. 00 00 00 00 00 00 00 00 80 3f 00 00 00 3f 00 00
  .?......         00 3f 00 00 a0 9c ee 14
015183-015192 StringBlock "tx_power"
015193-015255 DataBlock
  ................ 00 00 00 00 00 00 15 00 00 00 e5 00 00 00 01 01
  ................ 00 00 00 00 01 00 00 00 00 01 00 00 00 00 05 00
  ......!....`.... 00 00 00 00 00 00 21 00 00 00 00 60 a0 ee 14 00
  ...........`...  00 00 00 00 00 00 00 01 00 00 00 60 a0 ee 14
015256-015265 NewStateBlock "NewState"
015266-015269 XSizeBlock 419
015270-015273 YSizeBlock 48
015274-015365 UnicodeBlock "Power relations between you and their master:"
015366-015384 DataBlock
  ................ 00 00 04 00 00 00 04 00 00 00 00 00 00 00 00 00
  ...              00 00 01
015385-015444 UnicodeBlock "tx_power_NewState_Text_190015"
015445-015450 DataBlock
  ......           00 00 00 00 00 00
015451-015468 StringBlock "profile_offc_pro"
015469-015484 DataBlock
  .............2K. 0c 00 00 00 00 00 00 00 00 00 00 00 19 32 4b ff
015485-015500 StringBlock "parchment_text"
015501-015520 DataBlock
  ................ 00 00 00 00 00 00 00 00 00 00 00 00 00 00 00 00
  ....             01 00 00 00
015521-015531 T0Block "normal_t0"
015532-015547 DataBlock
  ................ 00 00 00 00 00 00 00 00 00 00 00 00 00 00 00 00
015548-015558 T0Block "normal_t0"
015559-015612 DataBlock
  ................ 00 00 00 00 00 00 00 00 00 00 00 00 00 00 00 00
  ................ 00 00 00 00 00 00 00 00 00 00 00 00 00 00 00 00
  ....-........... 00 00 00 00 2d 00 00 00 00 00 00 00 01 00 00 00
  ...P..           00 00 80 50 b7 1e
015613-015634 StringBlock "strength_balance_bar"
015635-015697 DataBlock
  ..........&..... 00 00 00 00 00 00 ab 00 00 00 26 00 00 00 00 00
  ................ 00 00 00 00 01 00 00 00 00 01 00 00 00 00 01 00
  ......&....`T... 00 00 ab 00 00 00 26 00 00 00 00 60 54 b8 1e 00
  ...........`T..  00 00 00 00 00 00 00 01 00 00 00 60 54 b8 1e
015698-015707 NewStateBlock "NewState"
015708-015711 XSizeBlock 95
015712-015715 YSizeBlock 20
015716-015744 DataBlock
  ................ 00 00 00 00 02 00 00 00 00 00 00 00 00 00 00 00
  .............    01 00 00 00 00 00 00 00 00 00 00 00 00
015745-015762 StringBlock "profile_offc_pro"
015763-015778 DataBlock
  ................ 0a 00 00 00 01 00 00 00 00 00 00 00 ff ff ff ff
015779-015797 StringBlock "ingame_text_small"
015798-015817 DataBlock
  ................ 00 00 00 00 00 00 00 00 00 00 00 00 00 00 00 00
  ....             00 00 00 00
015818-015828 T0Block "normal_t0"
015829-015844 DataBlock
  ................ 00 00 00 00 00 00 00 00 00 00 00 00 00 00 00 00
015845-015855 T0Block "normal_t0"
015856-015891 DataBlock
  ................ 00 00 00 00 00 00 00 00 00 00 00 00 00 00 00 00
  ................ 00 00 00 00 00 00 00 00 00 00 00 00 00 00 00 00
  ....             02 00 00 00
015892-015906 StringBlock "dynamic_child"
015907-015909 DataBlock
  ..1              01 00 31
015910-015931 StringBlock "dynamic_child_parent"
015932-015954 DataBlock
  ..row-.......... 03 00 72 6f 77 2d 00 00 00 00 00 00 00 02 00 00
  ... ...          00 00 00 20 fb ba 1a
015955-015961 StringBlock "enemy"
015962-016012 DataBlock
  ................ 00 00 00 00 00 00 00 00 00 00 00 00 00 00 01 00
  ................ 00 00 00 00 01 00 00 00 00 01 00 00 00 00 05 00
  ............V... 00 00 00 00 00 00 00 00 00 00 00 80 56 b8 1e 02
  ...              00 00 00
016013-016062 ImageBlock id=419740416 xsize=95 ysize=20 path="ui\\skins\\default\\bop_bar_red.png" unknown=168968192
016063-016063 DataBlock
  .                19
016064-016102 ImagePathBlock "ui\\skins\\default\\bop_bar_underlay.png"
016103-016123 DataBlock
  _............... 5f 00 00 00 14 00 00 00 00 00 00 00 00 01 00 00
  ..V..            00 80 56 b8 1e
016124-016133 NewStateBlock "NewState"
016134-016137 XSizeBlock 95
016138-016141 YSizeBlock 20
016142-016170 DataBlock
  ................ 00 00 00 00 02 00 00 00 00 00 00 00 00 00 00 00
  .............    01 00 00 00 00 00 00 00 00 00 00 00 00
016171-016188 StringBlock "profile_offc_pro"
016189-016204 DataBlock
  ................ 0a 00 00 00 01 00 00 00 00 00 00 00 ff ff ff ff
016205-016223 StringBlock "ingame_text_small"
016224-016243 DataBlock
  ................ 00 00 00 00 00 00 00 00 00 00 00 00 00 00 00 00
  ....             00 00 00 00
016244-016254 T0Block "normal_t0"
016255-016270 DataBlock
  ................ 00 00 00 00 00 00 00 00 00 00 00 00 00 00 00 00
016271-016281 T0Block "normal_t0"
016282-016559 DataBlock
  ................ 00 00 00 00 00 00 00 00 00 00 00 00 00 00 00 00
  ....@........... 02 00 00 00 40 12 0a 19 00 00 00 00 00 00 00 00
  _............... 5f 00 00 00 14 00 00 00 ff ff ff ff 00 00 00 00
  ................ 00 00 00 00 00 00 00 00 00 00 00 00 00 01 01 00
  ................ 00 00 00 00 00 00 00 00 00 00 00 00 00 00 00 00
  ......?......... 00 00 00 00 00 80 3f 00 00 00 00 00 00 00 00 00
  ................ 00 00 00 00 00 00 00 00 00 00 00 00 00 00 00 00
  ................ 00 00 00 00 00 00 00 00 00 00 bb 04 19 00 00 00
  ....._.......... 00 00 00 00 00 5f 00 00 00 14 00 00 00 ff ff ff
  ................ ff 00 00 00 00 00 00 00 00 00 00 00 00 00 00 00
  ................ 00 00 00 00 00 00 00 00 00 00 00 00 00 00 00 00
  ...........?.... 00 00 00 00 00 00 00 00 00 00 80 3f 00 00 00 00
  ................ 00 00 00 00 00 00 00 00 00 00 00 00 00 00 00 00
  ................ 00 00 00 00 00 00 00 00 00 00 00 00 00 00 00 00
  ..............-. 00 00 00 00 00 00 00 00 00 00 00 00 00 00 2d 00
  ................ 00 00 00 00 00 00 00 00 00 00 00 00 00 00 00 00
  .......?...?...? 00 00 00 00 00 00 80 3f 00 00 00 3f 00 00 00 3f
  ..`...           00 00 60 bb be 1e
016560-016567 StringBlock "player"
016568-016614 DataBlock
  ................ 00 00 00 00 00 00 00 00 00 00 00 00 00 00 01 00
  ................ 00 00 00 00 01 00 00 00 00 01 00 00 00 00 04 00
  ...............  00 00 00 00 00 00 00 00 00 00 00 c0 80 90 15
016615-016671 ImageListBlock 1 elements:
  016619-016671 ImageBlock id=448462464 xsize=95 ysize=20 path="ui\\skins\\default\\bop_bar_yellow.png" unknown=0
016672-016727 DataBlock
  ...........NewSt 00 01 00 00 00 c0 80 90 15 08 00 4e 65 77 53 74
  ate/............ 61 74 65 2f 00 00 00 14 00 00 00 00 00 00 00 02
  ................ 00 00 00 00 00 00 00 00 00 00 00 01 00 00 00 00
  ........         00 00 00 00 00 00 00 00
016728-016745 StringBlock "profile_offc_pro"
016746-016761 DataBlock
  ................ 0a 00 00 00 01 00 00 00 00 00 00 00 ff ff ff ff
016762-016780 StringBlock "ingame_text_small"
016781-016800 DataBlock
  ................ 00 00 00 00 00 00 00 00 00 00 00 00 00 00 00 00
  ....             00 00 00 00
016801-016811 T0Block "normal_t0"
016812-016827 DataBlock
  ................ 00 00 00 00 00 00 00 00 00 00 00 00 00 00 00 00
016828-016838 T0Block "normal_t0"
016839-016983 DataBlock
  ................ 00 00 00 00 00 00 00 00 00 00 00 00 00 00 00 00
  ................ 01 00 00 00 80 fe ba 1a 00 00 00 00 00 00 00 00
  /............... 2f 00 00 00 14 00 00 00 ff ff ff ff 00 00 01 00
  ................ 00 00 00 00 00 00 00 00 00 00 00 00 00 01 00 00
  ................ 00 00 00 00 00 00 00 00 00 00 00 00 00 00 00 00
  ......?......... 00 00 00 00 00 80 3f 00 00 00 00 00 00 00 00 00
  ................ 00 00 00 00 00 00 00 00 00 00 00 00 00 00 00 00
  ................ 00 00 00 00 00 00 00 00 00 00 00 00 00 00 00 00
  .........-...... 00 00 00 00 00 00 00 00 00 2d 00 00 00 01 00 00
  .                00
016984-016991 StringBlock "resize"
016992-017065 DataBlock
  ................ 00 00 01 00 00 00 00 00 00 00 00 00 00 00 00 00
  ..(............. 00 00 28 00 00 00 0b 00 00 00 ff ff ff ff 00 00
  ................ 00 00 00 00 00 00 00 00 00 00 00 00 00 00 00 00
  .............?.. 00 00 ff ff ff ff ff ff ff ff 00 00 80 3f 90 01
  .........?       00 00 04 00 00 00 00 00 80 3f
017066-017080 StringBlock "Quadratic Out"
017081-017166 DataBlock
  ................ 00 00 00 00 00 00 00 00 00 00 00 00 00 00 00 00
  ...........?.... 00 00 00 00 00 00 00 00 00 00 80 3f 00 00 00 00
  ...?............ 00 00 00 3f 00 00 00 00 00 00 00 00 00 00 00 00
  .?.............. 80 3f 00 00 00 00 00 00 00 00 00 00 00 00 00 00
  .......?...?...? 00 01 00 00 00 00 80 3f 00 00 00 3f 00 00 00 3f
  ...&..           00 00 80 26 06 19
017167-017173 StringBlock "hline"
017174-017220 DataBlock
  ................ 00 00 00 00 00 00 16 00 00 00 85 00 00 00 01 01
  ................ 00 00 00 00 01 00 00 00 00 01 00 00 00 00 05 00
  ...............  00 00 00 00 00 00 b0 ff ff ff 00 c0 ae 0c 19
017221-017279 ImageListBlock 1 elements:
  017225-017279 ImageBlock id=368969920 xsize=19 ysize=14 path="ui\\skins\\default\\greek_ornament_1.png" unknown=0
017280-017335 DataBlock
  ...........NewSt 00 01 00 00 00 c0 ae 0c 19 08 00 4e 65 77 53 74
  ate............. 61 74 65 a1 01 00 00 0e 00 00 00 00 00 00 00 02
  ................ 00 00 00 00 00 00 00 00 00 00 00 02 00 00 00 00
  ........         00 00 00 00 00 00 00 00
017336-017349 StringBlock "tw_troy_bold"
017350-017365 DataBlock
  ................ 0a 00 00 00 02 00 00 00 00 00 00 00 dd da fa ff
017366-017388 StringBlock "Default Font Category"
017389-017408 DataBlock
  ................ 00 00 00 00 00 00 00 00 00 00 00 00 00 00 00 00
  ....             01 00 00 00
017409-017419 T0Block "normal_t0"
017420-017435 DataBlock
  ................ 00 00 00 00 00 00 00 00 00 00 00 00 00 00 00 00
017436-017446 T0Block "normal_t0"
017447-017618 DataBlock
  ................ 00 00 00 00 00 00 00 00 00 00 00 00 00 00 00 00
  ................ 01 00 00 00 c0 08 fe 15 00 00 00 00 00 00 00 00
  ................ a1 01 00 00 0e 00 00 00 ff ff ff ff 00 00 01 00
  ................ 00 05 00 00 00 00 00 00 00 00 00 00 00 00 00 00
  ................ 00 00 00 00 00 00 00 00 00 00 00 00 00 00 00 00
  ......?......... 00 00 00 00 00 80 3f 00 00 00 00 00 00 00 00 00
  ................ 00 00 00 00 00 00 00 00 00 00 00 00 00 00 00 00
  ................ 00 00 00 00 00 00 00 00 00 00 00 00 00 00 00 00
  .........2...... 00 00 00 00 00 00 00 00 00 32 00 00 00 00 00 00
  ................ 00 00 00 00 00 00 00 00 00 00 00 00 00 00 00 00
  ..?...?...?.     00 80 3f 00 00 00 3f 00 00 00 3f 00
017619-017640 StringBlock "UI_CAM_POPUP_Generic"
017641-017681 DataBlock
  ..........?...?. 00 00 00 00 00 00 00 00 00 80 3f 00 00 00 3f 00
  ..?............. 00 00 3f 00 00 00 00 00 00 00 00 00 00 00 00 80
  ?........        3f 00 00 00 00 00 00 00 00
