000000-000009 VersionBlock 121
000010-000013 RootIDBlock 308381248
000014-000019 StringBlock "root"
000020-000097 DataBlock
  ................ 00 00 00 00 00 00 00 00 00 00 00 00 00 00 01 01
  ................ 00 00 00 00 01 00 00 00 00 01 00 00 00 00 00 00
  .............,.. 00 00 00 00 00 00 00 00 00 00 00 90 05 2c 0f 01
  ...@............ 00 00 00 40 ed 84 11 00 00 00 05 00 00 00 04 00
  ............,.   00 00 00 00 00 00 01 00 00 00 90 05 2c 0f
000098-000107 NewStateBlock "NewState"
000108-000111 XSizeBlock 1280
000112-000115 YSizeBlock 1024
000116-000144 DataBlock
  ................ 00 00 00 00 02 00 00 00 00 00 00 00 00 00 00 00
  .............    01 00 00 00 00 00 00 00 00 00 00 00 00
000145-000158 StringBlock "tw_troy_bold"
000159-000174 DataBlock
  ................ 0a 00 00 00 02 00 00 00 00 00 00 00 dd da fa ff
000175-000197 StringBlock "Default Font Category"
000198-000217 DataBlock
  ................ 00 00 00 00 00 00 00 00 00 00 00 00 00 00 00 00
  ....             01 00 00 00
000218-000228 T0Block "normal_t0"
000229-000244 DataBlock
  ................ 00 00 00 00 00 00 00 00 00 00 00 00 00 00 00 00
000245-000255 T0Block "normal_t0"
000256-000410 DataBlock
  ................ 00 00 00 00 00 00 00 00 00 00 00 00 00 00 00 00
  ....@........... 01 00 00 00 40 ed 84 11 00 00 00 00 00 00 00 00
  ................ 00 05 00 00 00 04 00 00 f0 f0 f0 ff 00 00 00 00
  ................ 00 00 00 00 00 00 00 00 00 00 00 00 00 01 01 00
  ................ 00 00 00 00 00 00 00 00 00 00 00 00 00 00 00 00
  ......?......... 00 00 00 00 00 80 3f 00 00 00 00 00 00 00 00 00
  ................ 00 00 00 00 00 00 00 00 00 00 00 00 00 00 00 00
  ................ 00 00 00 00 00 00 00 00 00 00 00 00 00 00 00 00
  ................ 00 00 00 00 00 00 00 00 00 00 00 00 00 00 00 00
  .......`.a.      00 01 00 00 00 00 00 60 c3 61 12
000411-000432 StringBlock "fullscreen_highlight"
000433-000438 DataBlock
  ......           00 00 01 00 00 00
000439-000459 StringBlock "FullscreenHighlight"
000460-000524 DataBlock
  ................ 00 00 00 00 00 00 00 00 b0 ff ff ff 00 00 00 00
  ................ 01 01 00 00 00 00 01 00 00 00 00 01 00 00 00 00
  ...............$ 05 00 00 00 00 00 00 00 00 00 00 00 00 a0 ed 24
  ...............$ 11 00 00 00 00 00 00 00 00 01 00 00 00 a0 ed 24
  .                11
000525-000534 NewStateBlock "NewState"
000535-000538 XSizeBlock 1440
000539-000542 YSizeBlock 1024
000543-000571 DataBlock
  ................ 00 00 00 00 02 00 00 00 00 00 00 00 01 00 00 00
  .............    01 00 00 00 00 00 00 00 00 00 00 00 00
000572-000585 StringBlock "tw_troy_bold"
000586-000601 DataBlock
  ................ 0a 00 00 00 02 00 00 00 00 00 00 00 dd da fa ff
000602-000624 StringBlock "Default Font Category"
000625-000644 DataBlock
  ................ 00 00 00 00 00 00 00 00 00 00 00 00 00 00 00 00
  ....             01 00 00 00
000645-000655 T0Block "normal_t0"
000656-000671 DataBlock
  ................ 00 00 00 00 00 00 00 00 00 00 00 00 00 00 00 00
000672-000682 T0Block "normal_t0"
000683-000726 DataBlock
  ................ 00 00 00 00 00 00 00 00 00 00 00 00 00 00 00 00
  ................ 00 00 00 00 00 00 00 00 00 00 00 00 00 00 00 00
  ............     00 00 00 00 e8 03 00 00 02 00 00 00
000727-000732 StringBlock "show"
000733-000806 DataBlock
  ................ 01 00 02 00 00 00 00 00 00 00 00 00 00 00 00 00
  ................ 00 00 a0 05 00 00 00 04 00 00 ff ff ff 00 00 00
  ................ 00 00 00 00 00 00 00 00 00 00 00 00 00 00 00 00
  .............?.. 00 00 ff ff ff ff ff ff ff ff 00 00 80 3f 00 00
  ..@......?       00 00 40 00 00 00 00 00 80 3f
000807-000814 StringBlock "Linear"
000815-000888 DataBlock
  ................ 00 00 00 00 00 00 00 00 00 00 00 00 00 00 00 00
  ................ 00 00 a0 05 00 00 00 04 00 00 ff ff ff ff 00 00
  ................ 00 00 00 00 00 00 00 00 00 00 00 00 00 00 00 00
  .............? . 00 00 ff ff ff ff ff ff ff ff 00 00 80 3f 20 03
  ..@......?       00 00 40 00 00 00 00 00 80 3f
000889-000903 StringBlock "Quadratic Out"
000904-000913 DataBlock
  ..........       00 00 00 00 00 00 00 00 00 00
000914-000922 StringBlock "destroy"
000923-000996 DataBlock
  ................ 01 00 01 00 00 00 00 00 00 00 00 00 00 00 00 00
  ................ 00 00 a0 05 00 00 00 04 00 00 ff ff ff 00 00 00
  ................ 00 00 00 00 00 00 00 00 00 00 00 00 00 00 00 00
  .............?.. 00 00 ff ff ff ff ff ff ff ff 00 00 80 3f f4 01
  ..@......?       00 00 40 00 00 00 00 00 80 3f
000997-001011 StringBlock "Quadratic Out"
001012-001023 DataBlock
  ....`.a.....     01 00 00 00 60 c3 61 12 00 00 00 00
001024-001032 StringBlock "destroy"
001033-001048 DataBlock
  .............1.. 00 00 00 00 00 00 06 00 00 00 00 00 b0 31 9e 0f
001049-001054 StringBlock "left"
001055-001132 DataBlock
  ................ 00 00 00 00 00 00 00 00 00 00 00 00 00 00 01 01
  ................ 00 00 00 00 01 00 00 00 00 01 00 00 00 00 01 00
  ...........@.... 00 00 00 00 00 00 00 00 00 00 00 40 15 86 11 01
  ................ 00 00 00 80 14 86 11 00 00 d8 00 00 00 bd 00 00
  ..........@...   00 00 00 00 00 00 01 00 00 00 40 15 86 11
001133-001142 NewStateBlock "NewState"
001143-001146 XSizeBlock 597
001147-001150 YSizeBlock 1024
001151-001179 DataBlock
  ................ 00 00 00 00 02 00 00 00 00 00 00 00 00 00 00 00
  .............    01 00 00 00 00 00 00 00 00 00 00 00 00
001180-001193 StringBlock "tw_troy_bold"
001194-001209 DataBlock
  ................ 0a 00 00 00 02 00 00 00 00 00 00 00 dd da fa ff
001210-001232 StringBlock "Default Font Category"
001233-001252 DataBlock
  ................ 00 00 00 00 00 00 00 00 00 00 00 00 00 00 00 00
  ....             01 00 00 00
001253-001263 T0Block "normal_t0"
001264-001279 DataBlock
  ................ 00 00 00 00 00 00 00 00 00 00 00 00 00 00 00 00
001280-001290 T0Block "normal_t0"
001291-001467 DataBlock
  ................ 00 00 00 00 00 00 00 00 00 00 00 00 00 00 00 00
  ................ 01 00 00 00 80 14 86 11 00 00 00 00 00 00 00 00
  U............... 55 02 00 00 00 04 00 00 00 00 00 c8 00 00 00 00
  ................ 00 00 00 00 00 00 00 00 00 00 00 00 00 01 01 00
  ................ 00 00 00 00 00 00 00 00 00 00 00 00 00 00 00 00
  ......?......... 00 00 00 00 00 80 3f 00 00 00 00 00 00 00 00 00
  ................ 00 00 00 00 00 00 00 00 00 00 00 00 00 00 00 00
  ................ 00 00 00 00 00 00 00 00 00 00 00 00 00 00 00 00
  ................ 00 00 00 00 00 00 00 00 00 00 00 00 00 00 00 00
  ................ 00 00 00 00 00 00 00 00 00 00 00 00 00 00 00 00
  ..?...........:. 00 80 3f 00 00 00 00 00 00 00 00 00 00 d0 3a 9e
  .                0f
001468-001474 StringBlock "right"
001475-001552 DataBlock
  ......K......... 00 00 00 00 00 00 4b 03 00 00 00 00 00 00 01 01
  ................ 00 00 00 00 01 00 00 00 00 01 00 00 00 00 03 00
  ............=... 00 00 00 00 00 00 00 00 00 00 00 f0 3d 9e 0f 01
  ................ 00 00 00 80 80 ff 11 00 00 d8 00 00 00 bd 00 00
  ...........=..   00 00 00 00 00 00 01 00 00 00 f0 3d 9e 0f
001553-001562 NewStateBlock "NewState"
001563-001566 XSizeBlock 597
001567-001570 YSizeBlock 1024
001571-001599 DataBlock
  ................ 00 00 00 00 02 00 00 00 00 00 00 00 00 00 00 00
  .............    01 00 00 00 00 00 00 00 00 00 00 00 00
001600-001613 StringBlock "tw_troy_bold"
001614-001629 DataBlock
  ................ 0a 00 00 00 02 00 00 00 00 00 00 00 dd da fa ff
001630-001652 StringBlock "Default Font Category"
001653-001672 DataBlock
  ................ 00 00 00 00 00 00 00 00 00 00 00 00 00 00 00 00
  ....             01 00 00 00
001673-001683 T0Block "normal_t0"
001684-001699 DataBlock
  ................ 00 00 00 00 00 00 00 00 00 00 00 00 00 00 00 00
001700-001710 T0Block "normal_t0"
001711-001970 DataBlock
  ................ 00 00 00 00 00 00 00 00 00 00 00 00 00 00 00 00
  ................ 01 00 00 00 80 80 ff 11 00 00 00 00 00 00 00 00
  U............... 55 02 00 00 00 04 00 00 00 00 00 c8 00 00 00 00
  ................ 00 00 00 00 00 00 00 00 00 00 00 00 00 01 01 00
  ................ 00 00 00 00 00 00 00 00 00 00 00 00 00 00 00 00
  ......?......... 00 00 00 00 00 80 3f 00 00 00 00 00 00 00 00 00
  ................ 00 00 00 00 00 00 00 00 00 00 00 00 00 00 00 00
  ................ 00 00 00 00 00 00 00 00 00 00 00 00 00 00 00 00
  ................ 00 00 00 00 00 00 00 00 00 00 00 00 00 00 00 00
  ................ 00 00 00 00 00 00 00 00 00 00 00 00 00 00 00 00
  ..?...?......... 00 80 3f 00 00 80 3f 00 00 00 00 00 00 a0 94 ff
  ...top......U... 11 03 00 74 6f 70 00 00 00 00 00 00 55 02 00 00
  ................ 00 00 00 00 01 01 00 00 00 00 01 00 00 00 00 01
  ........U....... 00 00 00 00 01 00 00 00 55 02 00 00 00 00 00 00
  ..?......@...... 00 e0 3f 9e 0f 01 00 00 00 40 98 ff 11 00 00 d8
  ................ 00 00 00 bd 00 00 00 00 00 00 00 00 01 00 00 00
  .?..             e0 3f 9e 0f
001971-001980 NewStateBlock "NewState"
001981-001984 XSizeBlock 246
001985-001988 YSizeBlock 500
001989-002017 DataBlock
  ................ 00 00 00 00 02 00 00 00 00 00 00 00 00 00 00 00
  .............    01 00 00 00 00 00 00 00 00 00 00 00 00
002018-002031 StringBlock "tw_troy_bold"
002032-002047 DataBlock
  ................ 0a 00 00 00 02 00 00 00 00 00 00 00 dd da fa ff
002048-002070 StringBlock "Default Font Category"
002071-002090 DataBlock
  ................ 00 00 00 00 00 00 00 00 00 00 00 00 00 00 00 00
  ....             01 00 00 00
002091-002101 T0Block "normal_t0"
002102-002117 DataBlock
  ................ 00 00 00 00 00 00 00 00 00 00 00 00 00 00 00 00
002118-002128 T0Block "normal_t0"
002129-002305 DataBlock
  ................ 00 00 00 00 00 00 00 00 00 00 00 00 00 00 00 00
  ....@........... 01 00 00 00 40 98 ff 11 00 00 00 00 00 00 00 00
  ................ f6 00 00 00 f4 01 00 00 00 00 00 c8 00 00 00 00
  ................ 00 00 00 00 00 00 00 00 00 00 00 00 00 01 01 00
  ................ 00 00 00 00 00 00 00 00 00 00 00 00 00 00 00 00
  ......?......... 00 00 00 00 00 80 3f 00 00 00 00 00 00 00 00 00
  ................ 00 00 00 00 00 00 00 00 00 00 00 00 00 00 00 00
  ................ 00 00 00 00 00 00 00 00 00 00 00 00 00 00 00 00
  ................ 00 00 00 00 00 00 00 00 00 00 00 00 00 00 00 00
  ................ 00 00 00 00 00 00 00 00 00 00 00 00 00 00 00 00
  ..?...........A. 00 80 3f 00 00 00 00 00 00 00 00 00 00 d0 41 9e
  .                0f
002306-002313 StringBlock "bottom"
002314-002391 DataBlock
  ......U......... 00 00 00 00 00 00 55 02 00 00 0c 02 00 00 01 01
  ................ 00 00 00 00 01 00 00 00 00 01 00 00 00 00 07 00
  ..U.........E... 00 00 55 02 00 00 00 00 00 00 00 b0 45 9e 0f 01
  ....E........... 00 00 00 00 45 9e 0f 00 00 d8 00 00 00 bd 00 00
  ...........E..   00 00 00 00 00 00 01 00 00 00 b0 45 9e 0f
002392-002401 NewStateBlock "NewState"
002402-002405 XSizeBlock 246
002406-002409 YSizeBlock 500
002410-002438 DataBlock
  ................ 00 00 00 00 02 00 00 00 00 00 00 00 00 00 00 00
  .............    01 00 00 00 00 00 00 00 00 00 00 00 00
002439-002452 StringBlock "tw_troy_bold"
002453-002468 DataBlock
  ................ 0a 00 00 00 02 00 00 00 00 00 00 00 dd da fa ff
002469-002491 StringBlock "Default Font Category"
002492-002511 DataBlock
  ................ 00 00 00 00 00 00 00 00 00 00 00 00 00 00 00 00
  ....             01 00 00 00
002512-002522 T0Block "normal_t0"
002523-002538 DataBlock
  ................ 00 00 00 00 00 00 00 00 00 00 00 00 00 00 00 00
002539-002549 T0Block "normal_t0"
002550-002726 DataBlock
  ................ 00 00 00 00 00 00 00 00 00 00 00 00 00 00 00 00
  .....E.......... 01 00 00 00 00 45 9e 0f 00 00 00 00 00 00 00 00
  ................ f6 00 00 00 f4 01 00 00 00 00 00 c8 00 00 00 00
  ................ 00 00 00 00 00 00 00 00 00 00 00 00 00 01 01 00
  ................ 00 00 00 00 00 00 00 00 00 00 00 00 00 00 00 00
  ......?......... 00 00 00 00 00 80 3f 00 00 00 00 00 00 00 00 00
  ................ 00 00 00 00 00 00 00 00 00 00 00 00 00 00 00 00
  ................ 00 00 00 00 00 00 00 00 00 00 00 00 00 00 00 00
  ................ 00 00 00 00 00 00 00 00 00 00 00 00 00 00 00 00
  ................ 00 00 00 00 00 00 00 00 00 00 00 00 00 00 00 00
  ..?.......?...,. 00 80 3f 00 00 00 00 00 00 80 3f 00 00 90 2c 07
  .                0a
002727-002733 StringBlock "label"
002734-002796 DataBlock
  ......K......... 00 00 00 00 00 00 4b 03 00 00 0d 02 00 00 00 01
  ................ 00 00 00 00 01 00 00 00 00 01 00 00 00 00 01 00
  ..K........ 0... 00 00 4b 03 00 00 0d 02 00 00 00 20 30 07 0a 00
  ........... 0..  00 00 00 00 00 00 00 01 00 00 00 20 30 07 0a
002797-002806 NewStateBlock "NewState"
002807-002810 XSizeBlock 328
002811-002814 YSizeBlock 32
002815-002902 UnicodeBlock "This is some example text for highlight...."
002903-002921 DataBlock
  ................ 00 00 02 00 00 00 00 00 00 00 00 00 00 00 03 00
  ...              00 00 01
002922-002975 UnicodeBlock "label_NewState_Text_2a007c"
002976-002981 DataBlock
  ......           00 00 00 00 00 00
002982-002999 StringBlock "profile_offc_pro"
003000-003015 DataBlock
  ................ 0c 00 00 00 02 00 00 00 00 00 00 00 99 b2 c7 ff
003016-003024 StringBlock "fe_text"
003025-003044 DataBlock
  ................ 00 00 00 00 00 00 00 00 04 00 00 00 0c 00 00 00
  ....             01 01 00 00
003045-003055 T0Block "normal_t0"
003056-003071 DataBlock
  ................ 00 00 00 00 00 00 00 00 00 00 00 00 00 00 00 00
003072-003082 T0Block "normal_t0"
003083-003158 DataBlock
  ................ 00 00 00 00 00 00 00 00 00 00 00 00 00 00 00 00
  ................ 00 00 00 00 00 00 00 00 00 00 00 00 00 00 00 00
  ................ 00 00 00 00 00 00 00 00 00 00 00 00 00 00 00 00
  .............?.. 00 00 00 00 00 00 00 00 00 00 00 00 80 3f 00 00
  ........@...     00 00 00 00 00 00 00 00 40 9d 19 1f
003159-003164 StringBlock "fill"
003165-003211 DataBlock
  ......U......... 00 00 00 00 00 00 55 02 00 00 f4 01 00 00 01 01
  ................ 00 00 00 00 01 00 00 00 00 01 00 00 00 00 01 00
  ..U........@..#  00 00 55 02 00 00 f4 01 00 00 00 40 03 bb 23
003212-003279 ImageListBlock 1 elements:
  003216-003279 ImageBlock id=499900416 xsize=32 ysize=32 path="ui\\skins\\default\\fullscreen_highlight_fill.png" unknown=0
003280-003335 DataBlock
  .....@..#..NewSt 00 01 00 00 00 40 03 bb 23 08 00 4e 65 77 53 74
  ate............. 61 74 65 f6 00 00 00 18 00 00 00 00 00 00 00 02
  ................ 00 00 00 00 00 00 00 00 00 00 00 02 00 00 00 00
  ........         00 00 00 00 00 00 00 00
003336-003349 StringBlock "tw_troy_bold"
003350-003365 DataBlock
  ................ 0a 00 00 00 02 00 00 00 00 00 00 00 dd da fa ff
003366-003388 StringBlock "Default Font Category"
003389-003408 DataBlock
  ................ 00 00 00 00 00 00 00 00 00 00 00 00 00 00 00 00
  ....             01 00 00 00
003409-003419 T0Block "normal_t0"
003420-003435 DataBlock
  ................ 00 00 00 00 00 00 00 00 00 00 00 00 00 00 00 00
003436-003446 T0Block "normal_t0"
003447-003661 DataBlock
  ................ 00 00 00 00 00 00 00 00 00 00 00 00 00 00 00 00
  ................ 01 00 00 00 00 e0 cb 1d 00 00 00 00 00 00 00 00
  ................ f6 00 00 00 18 00 00 00 ff ff ff c8 00 00 00 00
  ................ 00 00 00 00 00 00 00 00 00 00 00 00 00 01 01 00
  ................ 00 00 00 00 00 00 00 00 00 00 00 00 00 00 00 00
  ......?......... 00 00 00 00 00 80 3f 00 00 00 00 00 00 00 00 00
  ...........@A..@ 00 00 00 00 00 00 00 00 00 00 00 40 41 00 00 40
  A..@A..@A....... 41 00 00 40 41 00 00 40 41 00 00 00 00 00 00 00
  ................ 00 00 00 00 00 00 00 00 00 e8 03 00 00 00 00 00
  ................ 00 00 00 00 00 00 00 00 00 00 00 00 00 00 00 00
  ..?............. 00 80 3f 00 00 00 00 00 00 00 00 00 00 00 00 00
  ........?...?... 00 00 00 00 00 00 00 80 3f 00 00 00 3f 00 00 00
  ?.............?. 3f 00 00 00 00 00 00 00 00 00 00 00 00 80 3f 00
  .......          00 00 00 00 00 00 00
