000000-000009 VersionBlock 121
000010-000013 RootIDBlock 351093440
000014-000019 StringBlock "root"
000020-000021 StringBlock ""
000022-000025 XOffsetBlock 0
000026-000029 YOffsetBlock 0
000030-000093 DataBlock
  ................ 00 00 00 00 01 01 00 00 00 00 01 00 00 00 00 01
  ................ 00 00 00 00 00 00 00 00 00 00 00 00 00 00 00 00
  ................ 00 00 00 00 00 01 00 00 00 e0 1a e5 15 00 00 00
  ................ 05 00 00 00 04 00 00 00 00 00 00 00 01 00 00 00
000094-000097 StateIDBlock 351094304
000098-000107 StateNameBlock "NewState"
000108-000111 XSizeBlock 1280
000112-000115 YSizeBlock 960
000116-000144 DataBlock
  ................ 00 00 00 00 02 00 00 00 00 00 00 00 00 00 00 00
  .............    01 00 00 00 00 00 00 00 00 00 00 00 00
000145-000158 StringBlock "tw_troy_bold"
000159-000174 DataBlock
  ................ 0a 00 00 00 02 00 00 00 00 00 00 00 dd da fa ff
000175-000197 StringBlock "Default Font Category"
000198-000217 DataBlock
  ................ 00 00 00 00 00 00 00 00 00 00 00 00 00 00 00 00
  ....             01 00 00 00
000218-000228 ShaderNameBlock "normal_t0"
000229-000232 ShaderVariableBlock 0.0 (0)
000233-000236 ShaderVariableBlock 0.0 (0)
000237-000240 ShaderVariableBlock 0.0 (0)
000241-000244 ShaderVariableBlock 0.0 (0)
000245-000255 ShaderNameBlock "normal_t0"
000256-000259 ShaderVariableBlock 0.0 (0)
000260-000263 ShaderVariableBlock 0.0 (0)
000264-000267 ShaderVariableBlock 0.0 (0)
000268-000271 ShaderVariableBlock 0.0 (0)
000272-000410 DataBlock
  ................ 01 00 00 00 e0 1a e5 15 00 00 00 00 00 00 00 00
  ................ 00 05 00 00 00 04 00 00 bb ff be ff 00 00 00 00
  ................ 00 00 00 00 00 00 00 00 00 00 00 00 00 01 01 00
  ................ 00 00 00 00 00 00 00 00 00 00 00 00 00 00 00 00
  ......?......... 00 00 00 00 00 80 3f 00 00 00 00 00 00 00 00 00
  ................ 00 00 00 00 00 00 00 00 00 00 00 00 00 00 00 00
  ................ 00 00 00 00 00 00 00 00 00 00 00 00 00 00 00 00
  ................ 00 00 00 00 00 00 00 00 00 00 00 00 00 00 00 00
  ....... 7..      00 01 00 00 00 00 00 20 37 f2 14
000411-000432 StringBlock "enemy_vassal_options"
000433-000438 DataBlock
  ......           00 00 01 00 00 00
000439-000458 StringBlock "EnemyVassalOptions"
000459-000519 DataBlock
  ................ 00 00 00 00 00 00 00 00 99 01 00 00 03 01 00 00
  ................ 00 00 00 00 00 00 01 00 00 00 00 01 00 00 00 00
  ................ 05 00 00 00 00 00 00 00 00 00 00 00 00 00 00 00
  .............    00 00 00 00 00 00 00 00 00 01 00 00 00
000520-000523 StateIDBlock 351094848
000524-000533 StateNameBlock "NewState"
000534-000537 XSizeBlock 461
000538-000541 YSizeBlock 441
000542-000570 DataBlock
  ................ 00 00 00 00 02 00 00 00 00 00 00 00 00 00 00 00
  .............    01 00 00 00 00 00 00 00 00 00 00 00 00
000571-000584 StringBlock "tw_troy_bold"
000585-000600 DataBlock
  ................ 0a 00 00 00 02 00 00 00 00 00 00 00 dd da fa ff
000601-000623 StringBlock "Default Font Category"
000624-000643 DataBlock
  ................ 00 00 00 00 00 00 00 00 00 00 00 00 00 00 00 00
  ....             01 00 00 00
000644-000654 ShaderNameBlock "normal_t0"
000655-000658 ShaderVariableBlock 0.0 (0)
000659-000662 ShaderVariableBlock 0.0 (0)
000663-000666 ShaderVariableBlock 0.0 (0)
000667-000670 ShaderVariableBlock 0.0 (0)
000671-000681 ShaderNameBlock "normal_t0"
000682-000685 ShaderVariableBlock 0.0 (0)
000686-000689 ShaderVariableBlock 0.0 (0)
000690-000693 ShaderVariableBlock 0.0 (0)
000694-000697 ShaderVariableBlock 0.0 (0)
000698-000735 DataBlock
  ................ 00 00 00 00 00 00 00 00 00 00 00 00 00 00 00 00
  ....2........... 00 00 00 00 32 00 00 00 00 00 00 00 09 00 00 00
  ...i.F           00 00 80 69 eb 46
000736-000754 StringBlock "plate_window_base"
000755-000801 DataBlock
  ................ 00 00 00 00 00 00 fa ff ff ff e9 ff ff ff 01 01
  ................ 00 00 00 00 01 00 00 00 00 01 00 00 00 00 05 00
  ...........d...  00 00 00 00 00 00 00 00 00 00 00 64 09 cc 01
000802-000861 ImageListBlock 1 elements:
  000806-000861 ImageBlockGen2 id=1182381056 xsize=256 ysize=256 path="ui\\skins\\default\\troy_crack_texture_15"
000862-000916 DataBlock
  .........d.....b 00 00 00 00 00 01 00 00 00 64 09 cc 01 03 00 62
  gr.............. 67 72 da 01 00 00 e7 01 00 00 00 00 00 00 04 00
  ................ 00 00 04 00 00 00 00 00 00 00 02 00 00 00 00 00
  .......          00 00 00 00 00 00 00
000917-000930 StringBlock "tw_troy_bold"
000931-000946 DataBlock
  ................ 0a 00 00 00 02 00 00 00 00 00 00 00 dd da fa ff
000947-000969 StringBlock "Default Font Category"
000970-000989 DataBlock
  ................ 00 00 00 00 00 00 00 00 00 00 00 00 00 00 00 00
  ....             01 00 00 00
000990-001000 ShaderNameBlock "normal_t0"
001001-001004 ShaderVariableBlock 0.0 (0)
001005-001008 ShaderVariableBlock 0.0 (0)
001009-001012 ShaderVariableBlock 0.0 (0)
001013-001016 ShaderVariableBlock 0.0 (0)
001017-001027 ShaderNameBlock "normal_t0"
001028-001031 ShaderVariableBlock 0.0 (0)
001032-001035 ShaderVariableBlock 0.0 (0)
001036-001039 ShaderVariableBlock 0.0 (0)
001040-001043 ShaderVariableBlock 0.0 (0)
001044-001047 DataBlock
  ....             01 00 00 00
001048-001071 ImageUseBlock id=1182381056 xofs=0 yofs=0 xsize=474 ysize=487 bgra=bgra(255,255,255,255)
001072-001164 DataBlock
  ................ 00 00 01 00 00 00 00 00 00 00 00 00 00 00 00 00
  ................ 00 01 01 00 00 00 00 00 00 00 00 00 00 00 00 00
  ..........?..... 00 00 00 00 00 00 00 00 00 80 3f 00 00 00 00 00
  ................ 00 00 00 00 00 00 00 00 00 00 00 00 00 00 00 00
  ................ 00 00 00 00 00 00 00 00 00 00 00 00 00 00 00 00
  .............    00 00 00 00 00 00 00 00 00 01 00 00 00
001165-001179 StringBlock "dynamic_child"
001180-001200 DataBlock
  ..1A............ 01 00 31 41 00 00 00 00 00 00 00 04 00 00 00 00
  .d..1            00 64 af f8 31
001201-001212 StringBlock "main_title"
001213-001263 DataBlock
  ................ 00 00 00 00 00 00 07 00 00 00 07 00 00 00 01 00
  ................ 00 00 00 00 01 00 00 00 00 01 00 00 00 00 02 00
  .............. . 00 00 00 00 00 00 07 00 00 00 00 c0 f9 f9 20 02
  ...              00 00 00
001264-001319 ImageBlockGen2 id=187484420 xsize=256 ysize=256 path="ui\\skins\\default\\troy_crack_texture_10"
001320-001320 DataBlock
  .                00
001321-001379 ImageBlockGen2 id=187179164 xsize=64 ysize=4 path="ui\\skins\\default\\dark_gradient_horizontal"
001380-001388 DataBlock
  .........        00 00 00 00 00 01 00 00 00
001389-001392 StateIDBlock 553253312
001393-001402 StateNameBlock "NewState"
001403-001406 XSizeBlock 460
001407-001410 YSizeBlock 42
001411-001439 DataBlock
  ................ 00 00 00 00 02 00 00 00 00 00 00 00 00 00 00 00
  .............    02 00 00 00 00 00 00 00 00 00 00 00 00
001440-001453 StringBlock "tw_troy_bold"
001454-001469 DataBlock
  ................ 0a 00 00 00 02 00 00 00 00 00 00 00 dd da fa ff
001470-001492 StringBlock "Default Font Category"
001493-001512 DataBlock
  ................ 00 00 00 00 00 00 00 00 00 00 00 00 00 00 00 00
  ....             00 00 00 00
001513-001523 ShaderNameBlock "normal_t0"
001524-001527 ShaderVariableBlock 0.0 (0)
001528-001531 ShaderVariableBlock 0.0 (0)
001532-001535 ShaderVariableBlock 0.0 (0)
001536-001539 ShaderVariableBlock 0.0 (0)
001540-001550 ShaderNameBlock "normal_t0"
001551-001554 ShaderVariableBlock 0.0 (0)
001555-001558 ShaderVariableBlock 0.0 (0)
001559-001562 ShaderVariableBlock 0.0 (0)
001563-001566 ShaderVariableBlock 0.0 (0)
001567-001570 DataBlock
  ....             02 00 00 00
001571-001594 ImageUseBlock id=187484420 xofs=0 yofs=0 xsize=460 ysize=42 bgra=bgra(255,255,255,255)
001595-001637 DataBlock
  ................ 00 00 01 00 00 05 00 00 00 00 00 00 00 00 00 00
  ................ 00 01 01 00 00 00 00 00 00 00 00 00 00 00 00 00
  ..........?      00 00 00 00 00 00 00 00 00 80 3f
001638-001650 ShaderNameBlock "brighten_t0"
001651-001654 ShaderVariableBlock 1.0 (1065353216)
001655-001658 ShaderVariableBlock 0.0 (0)
001659-001662 ShaderVariableBlock 0.0 (0)
001663-001666 ShaderVariableBlock 0.0 (0)
001667-001682 DataBlock
  ................ 00 00 00 00 00 00 00 00 00 00 00 00 00 00 00 00
001683-001706 ImageUseBlock id=187179164 xofs=0 yofs=0 xsize=460 ysize=42 bgra=bgra(255,255,255,120)
001707-001817 DataBlock
  ................ 00 00 00 00 00 00 00 00 00 00 00 00 00 00 00 00
  ................ 00 01 01 00 00 00 00 00 00 00 00 00 00 00 00 00
  ..........?..... 00 00 00 00 00 00 00 00 00 80 3f 00 00 00 00 00
  ................ 00 00 00 00 00 00 00 00 00 00 00 00 00 00 00 00
  ................ 00 00 00 00 00 00 00 00 00 00 00 00 00 00 00 00
  .............A.. 00 00 00 00 00 00 00 00 00 00 00 00 00 41 00 00
  ...............  00 00 00 00 00 01 00 00 00 00 00 d0 fc 8a 0d
001818-001827 StringBlock "ornament"
001828-001874 DataBlock
  ................ 00 00 00 00 00 00 00 00 00 00 00 00 00 00 01 01
  ................ 00 00 00 00 01 00 00 00 00 01 00 00 00 00 05 00
  ...............  00 00 00 00 00 00 00 00 00 00 00 00 00 00 00
001875-001939 ImageListBlock 1 elements:
  001879-001939 ImageBlockGen2 id=187481292 xsize=455 ysize=42 path="ui\\skins\\default\\header_nameplate_ornament8"
001940-001952 DataBlock
  ..........?..    00 00 00 00 00 01 00 00 00 14 3f 81 15
001953-001967 StringBlock "submenu_title"
001968-002004 DataBlock
  ....*........... cc 01 00 00 2a 00 00 00 00 00 00 00 04 00 00 00
  ................ 04 00 00 00 00 00 00 00 02 00 00 00 00 00 00 00
  .....            00 00 00 00 00
002005-002018 StringBlock "tw_troy_bold"
002019-002034 DataBlock
  ................ 0a 00 00 00 02 00 00 00 00 00 00 00 dd da fa ff
002035-002057 StringBlock "Default Font Category"
002058-002077 DataBlock
  ................ 00 00 00 00 00 00 00 00 00 00 00 00 00 00 00 00
  ....             00 00 00 00
002078-002088 ShaderNameBlock "normal_t0"
002089-002092 ShaderVariableBlock 0.0 (0)
002093-002096 ShaderVariableBlock 0.0 (0)
002097-002100 ShaderVariableBlock 0.0 (0)
002101-002104 ShaderVariableBlock 0.0 (0)
002105-002115 ShaderNameBlock "normal_t0"
002116-002119 ShaderVariableBlock 0.0 (0)
002120-002123 ShaderVariableBlock 0.0 (0)
002124-002127 ShaderVariableBlock 0.0 (0)
002128-002131 ShaderVariableBlock 0.0 (0)
002132-002135 DataBlock
  ....             01 00 00 00
002136-002159 ImageUseBlock id=187481292 xofs=0 yofs=0 xsize=460 ysize=42 bgra=bgra(255,255,255,255)
002160-002252 DataBlock
  ................ 00 00 00 00 00 00 00 00 00 00 00 00 00 00 00 00
  ................ 00 01 00 00 00 00 00 00 00 00 00 00 00 00 00 00
  ..........?..... 00 00 00 00 00 00 00 00 00 80 3f 00 00 00 00 00
  ................ 00 00 00 00 00 00 00 00 00 00 00 00 00 00 00 00
  ... B...... B... 00 00 00 20 42 00 00 00 00 00 00 20 42 00 00 00
  .............    00 00 00 00 00 00 00 00 00 03 00 00 00
002253-002268 StringBlock "max_text_width"
002269-002273 DataBlock
  ..360            03 00 33 36 30
002274-002289 StringBlock "min_text_width"
002290-002294 DataBlock
  ..160            03 00 31 36 30
002295-002310 StringBlock "override_sound"
002311-002374 DataBlock
  ..i............. 00 00 69 00 00 00 00 00 00 00 00 00 00 00 00 00
  ...........?...? 00 00 00 00 00 00 00 01 00 00 80 3f 00 00 00 3f
  ...?............ 00 00 00 3f 00 00 00 00 00 00 00 00 00 01 00 00
  .?...?......`.Z. 80 3f 00 00 00 3f 00 00 00 00 00 00 60 f8 5a 14
002375-002393 StringBlock "content_plate_two"
002394-002444 DataBlock
  ..........4..... 00 00 00 00 00 00 07 00 00 00 34 00 00 00 01 01
  ................ 00 00 00 00 01 00 00 00 00 01 00 00 00 00 02 00
  ......4......yF. 00 00 00 00 00 00 34 00 00 00 00 00 f9 79 46 0a
  ...              00 00 00
002445-002498 ImageBlockGen2 id=1165511168 xsize=256 ysize=256 path="ui\\skins\\default\\transperent_frame_1"
002499-002499 DataBlock
  .                00
002500-002555 ImageBlockGen2 id=30786060 xsize=256 ysize=256 path="ui\\skins\\default\\troy_crack_texture_19"
002556-002556 DataBlock
  .                00
002557-002613 ImageBlockGen2 id=1180664064 xsize=512 ysize=512 path="ui\\skins\\default\\dark_gradient_vertical"
002614-002614 DataBlock
  .                00
002615-002669 ImageBlockGen2 id=31041276 xsize=256 ysize=256 path="ui\\skins\\default\\parchment_texture_01"
002670-002670 DataBlock
  .                00
002671-002722 ImageBlockGen2 id=1164437376 xsize=284 ysize=284 path="ui\\skins\\default\\parchament_medium"
002723-002723 DataBlock
  .                00
002724-002778 ImageBlockGen2 id=13515244 xsize=44 ysize=44 path="ui\\skins\\default\\bottom_left_corner_1"
002779-002779 DataBlock
  .                00
002780-002835 ImageBlockGen2 id=13521204 xsize=44 ysize=44 path="ui\\skins\\default\\bottom_right_corner_1"
002836-002836 DataBlock
  .                00
002837-002886 ImageBlockGen2 id=13973556 xsize=248 ysize=23 path="ui\\skins\\default\\wave_ornament_1"
002887-002887 DataBlock
  .                00
002888-002943 ImageBlockGen2 id=1158944896 xsize=256 ysize=256 path="ui\\skins\\default\\parchament_texture_02"
002944-002944 DataBlock
  .                00
002945-003003 ImageBlockGen2 id=1165641472 xsize=512 ysize=512 path="ui\\skins\\default\\dark_gradient_horizontal"
003004-003012 DataBlock
  .........        00 00 00 00 00 01 00 00 00
003013-003016 StateIDBlock 1182398720
003017-003026 StateNameBlock "NewState"
003027-003030 XSizeBlock 460
003031-003034 YSizeBlock 383
003035-003063 DataBlock
  ................ 00 00 00 00 02 00 00 00 00 00 00 00 00 00 00 00
  .............    02 00 00 00 00 00 00 00 00 00 00 00 00
003064-003077 StringBlock "tw_troy_bold"
003078-003093 DataBlock
  ................ 0a 00 00 00 02 00 00 00 00 00 00 00 dd da fa ff
003094-003116 StringBlock "Default Font Category"
003117-003136 DataBlock
  ................ 00 00 00 00 00 00 00 00 00 00 00 00 00 00 00 00
  ....             00 00 00 00
003137-003147 ShaderNameBlock "normal_t0"
003148-003151 ShaderVariableBlock 0.0 (0)
003152-003155 ShaderVariableBlock 0.0 (0)
003156-003159 ShaderVariableBlock 0.0 (0)
003160-003163 ShaderVariableBlock 0.0 (0)
003164-003174 ShaderNameBlock "normal_t0"
003175-003178 ShaderVariableBlock 0.0 (0)
003179-003182 ShaderVariableBlock 0.0 (0)
003183-003186 ShaderVariableBlock 0.0 (0)
003187-003190 ShaderVariableBlock 0.0 (0)
003191-003194 DataBlock
  ....             0a 00 00 00
003195-003218 ImageUseBlock id=30786060 xofs=0 yofs=0 xsize=460 ysize=383 bgra=bgra(255,255,255,255)
003219-003295 DataBlock
  ................ 00 00 01 00 00 00 00 00 00 00 00 00 00 00 00 00
  ................ 00 01 01 00 00 00 00 00 00 00 00 00 00 00 00 00
  ..........?..... 00 00 00 00 00 00 00 00 00 80 3f 00 00 00 00 00
  ................ 00 00 00 00 00 00 00 00 00 00 00 00 00 00 00 00
  .............    00 00 00 00 00 00 00 00 00 00 00 00 00
003296-003319 ImageUseBlock id=1165511168 xofs=0 yofs=0 xsize=460 ysize=383 bgra=bgra(255,255,255,255)
003320-003396 DataBlock
  ................ 00 00 00 00 00 00 00 00 00 00 00 00 00 00 00 00
  ................ 00 01 01 00 00 00 00 00 00 00 00 00 00 00 00 00
  ..........?..... 00 00 00 00 00 00 00 00 00 80 3f 00 00 00 00 00
  ...............  00 00 00 00 00 00 00 00 00 00 00 00 00 00 00 20
  A.. A.. A.. A    41 00 00 20 41 00 00 20 41 00 00 20 41
003397-003420 ImageUseBlock id=1180664064 xofs=4294967295 yofs=0 xsize=463 ysize=383 bgra=bgra(255,255,255,70)
003421-003463 DataBlock
  ................ 00 00 00 00 00 02 00 00 00 00 00 00 00 00 00 00
  ................ 00 01 01 00 00 00 00 00 00 00 00 00 00 00 00 00
  ..........?      00 00 00 00 00 00 00 00 00 80 3f
003464-003473 StringBlock "multiply"
003474-003505 DataBlock
  ................ 00 00 00 00 00 00 00 00 00 00 00 00 00 00 00 00
  ................ 00 00 00 00 00 00 00 00 00 00 00 00 00 00 00 00
003506-003529 ImageUseBlock id=31041276 xofs=17 yofs=21 xsize=427 ysize=266 bgra=bgra(255,255,255,255)
003530-003606 DataBlock
  ................ 00 00 01 00 00 00 00 00 00 00 00 00 00 00 00 00
  ................ 00 01 01 00 00 00 00 00 00 00 00 00 00 00 00 00
  ..........?..... 00 00 00 00 00 00 00 00 00 80 3f 00 00 00 00 00
  ................ 00 00 00 00 00 00 00 00 00 00 00 00 00 00 00 00
  .............    00 00 00 00 00 00 00 00 00 00 00 00 00
003607-003630 ImageUseBlock id=1164437376 xofs=7 yofs=10 xsize=446 ysize=283 bgra=bgra(255,255,255,255)
003631-003707 DataBlock
  ................ 00 00 01 00 00 00 00 00 00 00 00 00 00 00 00 00
  ................ 00 01 01 00 00 00 00 00 00 00 00 00 00 00 00 00
  ..........?..... 00 00 00 00 00 00 00 00 00 80 3f 00 00 00 00 00
  ................ 00 00 00 00 00 00 00 00 00 00 00 00 00 00 00 f0
  A...A...A...A    41 00 00 f0 41 00 00 f0 41 00 00 f0 41
003708-003731 ImageUseBlock id=13521204 xofs=411 yofs=334 xsize=44 ysize=44 bgra=bgra(255,255,255,255)
003732-003808 DataBlock
  ................ 00 00 00 00 00 09 00 00 00 fb ff ff ff fb ff ff
  ................ ff 00 00 00 00 00 00 00 00 00 00 00 00 00 00 00
  ..........?..... 00 00 00 00 00 00 00 00 00 80 3f 00 00 00 00 00
  ................ 00 00 00 00 00 00 00 00 00 00 00 00 00 00 00 00
  .............    00 00 00 00 00 00 00 00 00 00 00 00 00
003809-003832 ImageUseBlock id=13515244 xofs=5 yofs=334 xsize=44 ysize=44 bgra=bgra(255,255,255,255)
003833-003909 DataBlock
  ................ 00 00 00 00 00 07 00 00 00 05 00 00 00 fb ff ff
  ................ ff 00 00 00 00 00 00 00 00 00 00 00 00 00 00 00
  ..........?..... 00 00 00 00 00 00 00 00 00 80 3f 00 00 00 00 00
  ................ 00 00 00 00 00 00 00 00 00 00 00 00 00 00 00 00
  .............    00 00 00 00 00 00 00 00 00 00 00 00 00
003910-003933 ImageUseBlock id=13973556 xofs=21 yofs=256 xsize=417 ysize=23 bgra=bgra(255,255,255,255)
003934-004010 DataBlock
  .............L.. 00 00 01 00 00 05 00 00 00 00 00 00 00 4c 00 00
  ................ 00 01 00 00 00 00 00 00 00 00 00 00 00 00 00 00
  ..........?..... 00 00 00 00 00 00 00 00 00 80 3f 00 00 00 00 00
  ................ 00 00 00 00 00 00 00 00 00 00 00 00 00 00 00 00
  .............    00 00 00 00 00 00 00 00 00 00 00 00 00
004011-004034 ImageUseBlock id=1158944896 xofs=21 yofs=25 xsize=417 ysize=79 bgra=bgra(255,255,255,255)
004035-004111 DataBlock
  ................ 00 00 01 00 00 02 00 00 00 00 00 00 00 19 00 00
  ................ 00 01 01 00 00 00 00 00 00 00 00 00 00 00 00 00
  ..........?..... 00 00 00 00 00 00 00 00 00 80 3f 00 00 00 00 00
  ................ 00 00 00 00 00 00 00 00 00 00 00 00 00 00 00 00
  .............    00 00 00 00 00 00 00 00 00 00 00 00 00
004112-004135 ImageUseBlock id=1165641472 xofs=21 yofs=25 xsize=417 ysize=79 bgra=bgra(255,255,255,40)
004136-004268 DataBlock
  ................ 00 00 00 00 00 02 00 00 00 00 00 00 00 19 00 00
  ................ 00 01 01 00 00 00 00 00 00 00 00 00 00 00 00 00
  ..........?..... 00 00 00 00 00 00 00 00 00 80 3f 00 00 00 00 00
  ................ 00 00 00 00 00 00 00 00 00 00 00 00 00 00 00 00
  ................ 00 00 00 00 00 00 00 00 00 00 00 00 00 00 00 00
  .............i.. 00 00 00 00 00 00 00 00 00 00 00 00 00 69 00 00
  ................ 00 00 00 00 00 00 00 00 00 00 00 00 00 00 00 00
  ......?...?..... 00 00 01 00 00 80 3f 00 00 00 3f 00 00 00 00 00
  ....F            00 80 a1 e9 46
004269-004282 StringBlock "border_frame"
004283-004329 DataBlock
  ................ 00 00 00 00 00 00 00 00 00 00 00 00 00 00 01 01
  ................ 00 00 00 00 01 00 00 00 00 01 00 00 00 00 02 00
  ............8`F  00 00 00 00 00 00 00 00 00 00 00 80 38 60 46
004330-004384 ImageListBlock 1 elements:
  004334-004384 ImageBlockGen2 id=1189995648 xsize=250 ysize=256 path="ui\\skins\\default\\plate_borders_v1"
004385-004397 DataBlock
  ..........8`F    00 00 00 00 00 01 00 00 00 80 38 60 46
004398-004405 StringBlock "border"
004406-004442 DataBlock
  ................ da 01 00 00 e7 01 00 00 00 00 00 00 04 00 00 00
  ................ 04 00 00 00 00 00 00 00 02 00 00 00 00 00 00 00
  .....            00 00 00 00 00
004443-004456 StringBlock "tw_troy_bold"
004457-004472 DataBlock
  ................ 0a 00 00 00 02 00 00 00 00 00 00 00 dd da fa ff
004473-004495 StringBlock "Default Font Category"
004496-004515 DataBlock
  ................ 00 00 00 00 00 00 00 00 00 00 00 00 00 00 00 00
  ....             00 00 00 00
004516-004526 ShaderNameBlock "normal_t0"
004527-004530 ShaderVariableBlock 0.0 (0)
004531-004534 ShaderVariableBlock 0.0 (0)
004535-004538 ShaderVariableBlock 0.0 (0)
004539-004542 ShaderVariableBlock 0.0 (0)
004543-004553 ShaderNameBlock "normal_t0"
004554-004557 ShaderVariableBlock 0.0 (0)
004558-004561 ShaderVariableBlock 0.0 (0)
004562-004565 ShaderVariableBlock 0.0 (0)
004566-004569 ShaderVariableBlock 0.0 (0)
004570-004573 DataBlock
  ....             01 00 00 00
004574-004597 ImageUseBlock id=1189995648 xofs=0 yofs=0 xsize=474 ysize=487 bgra=bgra(255,255,255,255)
004598-004708 DataBlock
  ................ 00 00 01 00 00 00 00 00 00 00 00 00 00 00 00 00
  ................ 00 01 01 00 00 00 00 00 00 00 00 00 00 00 00 00
  ..........?..... 00 00 00 00 00 00 00 00 00 80 3f 00 00 00 00 00
  ................ 00 00 00 00 00 00 00 00 00 00 00 00 00 00 00 b4
  B...B...B...B... 42 00 00 b4 42 00 00 b4 42 00 00 b4 42 00 00 00
  .............A.. 00 00 00 00 00 00 00 00 00 00 00 00 00 41 00 00
  ..............0  00 00 00 00 00 02 00 00 00 00 00 80 f3 b2 30
004709-004729 StringBlock "border_top_ornament"
004730-004776 DataBlock
  ................ 00 00 00 00 00 00 00 00 00 00 fd ff ff ff 01 00
  ................ 00 00 00 00 01 00 00 00 00 01 00 00 00 00 02 00
  .............}E  00 00 00 00 00 00 fd ff ff ff 00 00 8f 7d 45
004777-004842 ImageListBlock 1 elements:
  004781-004842 ImageBlockGen2 id=1165701760 xsize=32 ysize=10 path="ui\\skins\\default\\border_horizontal_detail_01"
004843-004851 DataBlock
  .........        00 00 00 00 00 01 00 00 00
004852-004855 StateIDBlock 1165856512
004856-004865 StateNameBlock "NewState"
004866-004869 XSizeBlock 474
004870-004873 YSizeBlock 10
004874-004902 DataBlock
  ................ 00 00 00 00 02 00 00 00 00 00 00 00 00 00 00 00
  .............    02 00 00 00 00 00 00 00 00 00 00 00 00
004903-004916 StringBlock "tw_troy_bold"
004917-004932 DataBlock
  ................ 0a 00 00 00 02 00 00 00 00 00 00 00 dd da fa ff
004933-004955 StringBlock "Default Font Category"
004956-004975 DataBlock
  ................ 00 00 00 00 00 00 00 00 00 00 00 00 00 00 00 00
  ....             00 00 00 00
004976-004986 ShaderNameBlock "normal_t0"
004987-004990 ShaderVariableBlock 0.0 (0)
004991-004994 ShaderVariableBlock 0.0 (0)
004995-004998 ShaderVariableBlock 0.0 (0)
004999-005002 ShaderVariableBlock 0.0 (0)
005003-005013 ShaderNameBlock "normal_t0"
005014-005017 ShaderVariableBlock 0.0 (0)
005018-005021 ShaderVariableBlock 0.0 (0)
005022-005025 ShaderVariableBlock 0.0 (0)
005026-005029 ShaderVariableBlock 0.0 (0)
005030-005033 DataBlock
  ....             01 00 00 00
005034-005057 ImageUseBlock id=1165701760 xofs=0 yofs=0 xsize=474 ysize=10 bgra=bgra(255,255,255,255)
005058-005190 DataBlock
  ................ 00 00 01 00 00 00 00 00 00 00 00 00 00 00 00 00
  ................ 00 01 00 00 00 00 00 00 00 00 00 00 00 00 00 00
  ..........?..... 00 00 00 00 00 00 00 00 00 80 3f 00 00 00 00 00
  ................ 00 00 00 00 00 00 00 00 00 00 00 00 00 00 00 00
  ................ 00 00 00 00 00 00 00 00 00 00 00 00 00 00 00 00
  .............A.. 00 00 00 00 00 00 00 00 00 00 00 00 00 41 00 00
  ................ 00 00 00 00 00 00 00 00 00 00 00 00 00 00 00 00
  ......?...?..... 00 00 00 00 00 80 3f 00 00 00 3f 00 00 00 00 00
  . ...            00 20 84 bd 1b
005191-005214 StringBlock "border_bottom_ornament"
005215-005261 DataBlock
  ................ 00 00 00 00 00 00 00 00 00 00 e1 01 00 00 01 00
  ................ 00 00 00 00 01 00 00 00 00 01 00 00 00 00 08 00
  .............mF  00 00 00 00 00 00 04 00 00 00 00 80 db 6d 46
005262-005327 ImageListBlock 1 elements:
  005266-005327 ImageBlockGen2 id=1166869760 xsize=32 ysize=10 path="ui\\skins\\default\\border_horizontal_detail_01"
005328-005336 DataBlock
  .........        00 00 00 00 00 01 00 00 00
005337-005340 StateIDBlock 1181604736
005341-005350 StateNameBlock "NewState"
005351-005354 XSizeBlock 474
005355-005358 YSizeBlock 10
005359-005387 DataBlock
  ................ 00 00 00 00 02 00 00 00 00 00 00 00 00 00 00 00
  .............    02 00 00 00 00 00 00 00 00 00 00 00 00
005388-005401 StringBlock "tw_troy_bold"
005402-005417 DataBlock
  ................ 0a 00 00 00 02 00 00 00 00 00 00 00 dd da fa ff
005418-005440 StringBlock "Default Font Category"
005441-005460 DataBlock
  ................ 00 00 00 00 00 00 00 00 00 00 00 00 00 00 00 00
  ....             00 00 00 00
005461-005471 ShaderNameBlock "normal_t0"
005472-005475 ShaderVariableBlock 0.0 (0)
005476-005479 ShaderVariableBlock 0.0 (0)
005480-005483 ShaderVariableBlock 0.0 (0)
005484-005487 ShaderVariableBlock 0.0 (0)
005488-005498 ShaderNameBlock "normal_t0"
005499-005502 ShaderVariableBlock 0.0 (0)
005503-005506 ShaderVariableBlock 0.0 (0)
005507-005510 ShaderVariableBlock 0.0 (0)
005511-005514 ShaderVariableBlock 0.0 (0)
005515-005518 DataBlock
  ....             01 00 00 00
005519-005542 ImageUseBlock id=1166869760 xofs=0 yofs=0 xsize=474 ysize=10 bgra=bgra(255,255,255,255)
005543-005697 DataBlock
  ................ 00 00 01 00 00 00 00 00 00 00 00 00 00 00 00 00
  ................ 00 01 00 00 00 00 00 00 00 00 00 00 00 00 00 00
  ..........?..... 00 00 00 00 00 00 00 00 00 80 3f 00 00 00 00 00
  ................ 00 00 00 00 00 00 00 00 00 00 00 00 00 00 00 00
  ................ 00 00 00 00 00 00 00 00 00 00 00 00 00 00 00 00
  .............A.. 00 00 00 00 00 00 00 00 00 00 00 00 00 41 00 00
  ................ 00 00 00 00 00 00 00 00 00 00 00 00 00 00 00 00
  ......?...?...?. 00 00 00 00 00 80 3f 00 00 00 3f 00 00 80 3f 00
  ............?... 00 00 00 00 00 00 00 00 01 00 00 80 3f 00 00 00
  ?.........1      3f 00 00 00 00 00 00 9c ab f8 31
005698-005711 StringBlock "footer_frame"
005712-005762 DataBlock
  ................ 00 00 00 00 00 00 00 00 00 00 b7 01 00 00 01 00
  ................ 00 00 00 00 01 00 00 00 00 01 00 00 00 00 08 00
  ............ n.. 00 00 00 00 00 00 0a 00 00 00 00 ac 20 6e 15 03
  ...              00 00 00
005763-005816 ImageBlockGen2 id=186642068 xsize=128 ysize=128 path="ui\\skins\\default\\plate_border_medium"
005817-005817 DataBlock
  .                00
005818-005873 ImageBlockGen2 id=186638940 xsize=256 ysize=256 path="ui\\skins\\default\\troy_crack_texture_19"
005874-005874 DataBlock
  .                00
005875-005933 ImageBlockGen2 id=186641700 xsize=64 ysize=4 path="ui\\skins\\default\\dark_gradient_horizontal"
005934-005942 DataBlock
  .........        00 00 00 00 00 01 00 00 00
005943-005946 StateIDBlock 359538860
005947-005956 StateNameBlock "NewState"
005957-005960 XSizeBlock 474
005961-005964 YSizeBlock 58
005965-005993 DataBlock
  ................ 00 00 00 00 02 00 00 00 00 00 00 00 00 00 00 00
  .............    02 00 00 00 00 00 00 00 00 00 00 00 00
005994-006007 StringBlock "tw_troy_bold"
006008-006023 DataBlock
  ................ 0a 00 00 00 02 00 00 00 00 00 00 00 dd da fa ff
006024-006046 StringBlock "Default Font Category"
006047-006066 DataBlock
  ................ 00 00 00 00 00 00 00 00 00 00 00 00 00 00 00 00
  ....             01 00 00 00
006067-006077 ShaderNameBlock "normal_t0"
006078-006081 ShaderVariableBlock 0.0 (0)
006082-006085 ShaderVariableBlock 0.0 (0)
006086-006089 ShaderVariableBlock 0.0 (0)
006090-006093 ShaderVariableBlock 0.0 (0)
006094-006104 ShaderNameBlock "normal_t0"
006105-006108 ShaderVariableBlock 0.0 (0)
006109-006112 ShaderVariableBlock 0.0 (0)
006113-006116 ShaderVariableBlock 0.0 (0)
006117-006120 ShaderVariableBlock 0.0 (0)
006121-006124 DataBlock
  ....             03 00 00 00
006125-006148 ImageUseBlock id=186638940 xofs=0 yofs=0 xsize=474 ysize=58 bgra=bgra(255,255,255,255)
006149-006225 DataBlock
  ................ 00 00 01 00 00 00 00 00 00 00 00 00 00 00 00 00
  ................ 00 01 01 00 00 00 00 00 00 00 00 00 00 00 00 00
  ..........?..... 00 00 00 00 00 00 00 00 00 80 3f 00 00 00 00 00
  ................ 00 00 00 00 00 00 00 00 00 00 00 00 00 00 00 00
  .............    00 00 00 00 00 00 00 00 00 00 00 00 00
006226-006249 ImageUseBlock id=186641700 xofs=0 yofs=0 xsize=474 ysize=58 bgra=bgra(255,255,255,100)
006250-006326 DataBlock
  ................ 00 00 00 00 00 00 00 00 00 00 00 00 00 00 00 00
  ................ 00 01 01 00 00 00 00 00 00 00 00 00 00 00 00 00
  ..........?..... 00 00 00 00 00 00 00 00 00 80 3f 00 00 00 00 00
  ................ 00 00 00 00 00 00 00 00 00 00 00 00 00 00 00 00
  .............    00 00 00 00 00 00 00 00 00 00 00 00 00
006327-006350 ImageUseBlock id=186642068 xofs=0 yofs=0 xsize=474 ysize=58 bgra=bgra(255,255,255,255)
006351-006461 DataBlock
  ................ 00 00 00 00 00 00 00 00 00 00 00 00 00 00 00 00
  ................ 00 01 01 00 00 00 00 00 00 00 00 00 00 00 00 00
  ..........?..... 00 00 00 00 00 00 00 00 00 80 3f 00 00 00 00 00
  ...............@ 00 00 00 00 00 00 00 00 00 00 00 00 00 00 00 40
  A..@A..@A..@A... 41 00 00 40 41 00 00 40 41 00 00 40 41 00 00 00
  .............A.. 00 00 00 00 00 00 00 00 00 00 00 00 00 41 00 00
  ..............1  00 00 00 00 00 03 00 00 00 00 00 1c ba ea 31
006462-006478 StringBlock "bottom_ornament"
006479-006529 DataBlock
  ................ 00 00 00 00 00 00 03 00 00 00 04 00 00 00 01 00
  ................ 00 00 00 00 01 00 00 00 00 01 00 00 00 00 08 00
  ...........l.... 00 00 00 00 00 00 fb ff ff ff 00 6c 03 81 15 02
  ...              00 00 00
006530-006583 ImageBlockGen2 id=187070972 xsize=256 ysize=256 path="ui\\skins\\default\\transperent_frame_1"
006584-006584 DataBlock
  .                00
006585-006634 ImageBlockGen2 id=187071156 xsize=263 ysize=40 path="ui\\skins\\default\\wave_ornament_3"
006635-006643 DataBlock
  .........        00 00 00 00 00 01 00 00 00
006644-006647 StateIDBlock 360776556
006648-006657 StateNameBlock "NewState"
006658-006661 XSizeBlock 468
006662-006665 YSizeBlock 49
006666-006694 DataBlock
  ................ 00 00 00 00 02 00 00 00 00 00 00 00 00 00 00 00
  .............    02 00 00 00 00 00 00 00 00 00 00 00 00
006695-006708 StringBlock "tw_troy_bold"
006709-006724 DataBlock
  ................ 0a 00 00 00 02 00 00 00 00 00 00 00 dd da fa ff
006725-006747 StringBlock "Default Font Category"
006748-006767 DataBlock
  ................ 00 00 00 00 00 00 00 00 00 00 00 00 00 00 00 00
  ....             01 00 00 00
006768-006778 ShaderNameBlock "normal_t0"
006779-006782 ShaderVariableBlock 0.0 (0)
006783-006786 ShaderVariableBlock 0.0 (0)
006787-006790 ShaderVariableBlock 0.0 (0)
006791-006794 ShaderVariableBlock 0.0 (0)
006795-006805 ShaderNameBlock "normal_t0"
006806-006809 ShaderVariableBlock 0.0 (0)
006810-006813 ShaderVariableBlock 0.0 (0)
006814-006817 ShaderVariableBlock 0.0 (0)
006818-006821 ShaderVariableBlock 0.0 (0)
006822-006825 DataBlock
  ....             02 00 00 00
006826-006849 ImageUseBlock id=187070972 xofs=0 yofs=0 xsize=468 ysize=49 bgra=bgra(255,255,255,255)
006850-006926 DataBlock
  ................ 00 00 00 00 00 02 00 00 00 00 00 00 00 00 00 00
  ................ 00 01 01 00 00 00 00 00 00 00 00 00 00 00 00 00
  ..........?..... 00 00 00 00 00 00 00 00 00 80 3f 00 00 00 00 00
  ...............@ 00 00 00 00 00 00 00 00 00 00 00 00 00 00 00 40
  A..@A..@A..@A    41 00 00 40 41 00 00 40 41 00 00 40 41
006927-006950 ImageUseBlock id=187071156 xofs=3 yofs=6 xsize=462 ysize=40 bgra=bgra(255,255,255,255)
006951-007083 DataBlock
  ................ 00 00 01 00 00 02 00 00 00 00 00 00 00 06 00 00
  ................ 00 01 00 00 00 00 00 00 00 00 00 00 00 00 00 00
  ..........?..... 00 00 00 00 00 00 00 00 00 80 3f 00 00 00 00 00
  ................ 00 00 00 00 00 00 00 00 00 00 00 00 00 00 00 00
  ................ 00 00 00 00 00 00 00 00 00 00 00 00 00 00 00 00
  .............A.. 00 00 00 00 00 00 00 00 00 00 00 00 00 41 00 00
  ................ 00 00 00 00 00 00 00 00 00 00 00 00 00 00 00 00
  ......?...?...?. 00 00 00 00 00 80 3f 00 00 00 3f 00 00 80 3f 00
  ....1            00 bc ba f8 31
007084-007107 StringBlock "border_bottom_ornament"
007108-007154 DataBlock
  ..........4..... 00 00 00 00 00 00 00 00 00 00 34 00 00 00 01 00
  ................ 00 00 00 00 01 00 00 00 00 01 00 00 00 00 11 00
  ...............  00 00 00 00 00 00 fa ff ff ff 00 d4 00 81 15
007155-007220 ImageListBlock 1 elements:
  007159-007220 ImageBlockGen2 id=187184316 xsize=32 ysize=10 path="ui\\skins\\default\\border_horizontal_detail_01"
007221-007229 DataBlock
  .........        00 00 00 00 00 01 00 00 00
007230-007233 StateIDBlock 360775892
007234-007243 StateNameBlock "NewState"
007244-007247 XSizeBlock 474
007248-007251 YSizeBlock 10
007252-007280 DataBlock
  ................ 00 00 00 00 02 00 00 00 00 00 00 00 00 00 00 00
  .............    02 00 00 00 00 00 00 00 00 00 00 00 00
007281-007294 StringBlock "tw_troy_bold"
007295-007310 DataBlock
  ................ 0a 00 00 00 02 00 00 00 00 00 00 00 dd da fa ff
007311-007333 StringBlock "Default Font Category"
007334-007353 DataBlock
  ................ 00 00 00 00 00 00 00 00 00 00 00 00 00 00 00 00
  ....             00 00 00 00
007354-007364 ShaderNameBlock "normal_t0"
007365-007368 ShaderVariableBlock 0.0 (0)
007369-007372 ShaderVariableBlock 0.0 (0)
007373-007376 ShaderVariableBlock 0.0 (0)
007377-007380 ShaderVariableBlock 0.0 (0)
007381-007391 ShaderNameBlock "normal_t0"
007392-007395 ShaderVariableBlock 0.0 (0)
007396-007399 ShaderVariableBlock 0.0 (0)
007400-007403 ShaderVariableBlock 0.0 (0)
007404-007407 ShaderVariableBlock 0.0 (0)
007408-007411 DataBlock
  ....             01 00 00 00
007412-007435 ImageUseBlock id=187184316 xofs=0 yofs=0 xsize=474 ysize=10 bgra=bgra(255,255,255,255)
007436-007568 DataBlock
  ................ 00 00 01 00 00 00 00 00 00 00 00 00 00 00 00 00
  ................ 00 01 00 00 00 00 00 00 00 00 00 00 00 00 00 00
  ..........?..... 00 00 00 00 00 00 00 00 00 80 3f 00 00 00 00 00
  ................ 00 00 00 00 00 00 00 00 00 00 00 00 00 00 00 00
  ................ 00 00 00 00 00 00 00 00 00 00 00 00 00 00 00 00
  .............A.. 00 00 00 00 00 00 00 00 00 00 00 00 00 41 00 00
  ................ 00 00 00 00 00 00 00 00 00 00 00 00 00 00 00 00
  ......?...?..... 00 00 01 00 00 80 3f 00 00 00 3f 00 00 00 80 00
  ....1            00 dc c9 f8 31
007569-007590 StringBlock "horizontal_separator"
007591-007637 DataBlock
  ................ 00 00 00 00 00 00 fd ff ff ff f9 ff ff ff 01 00
  ................ 00 00 00 00 01 00 00 00 00 01 00 00 00 00 0b 00
  ...............  00 00 00 00 00 00 05 00 00 00 00 9c 08 81 15
007638-007696 ImageListBlock 1 elements:
  007642-007696 ImageBlockGen2 id=187175300 xsize=870 ysize=12 path="ui\\skins\\default\\separator_horizontal"
007697-007705 DataBlock
  .........        00 00 00 00 00 01 00 00 00
007706-007709 StateIDBlock 360777884
007710-007719 StateNameBlock "NewState"
007720-007723 XSizeBlock 480
007724-007727 YSizeBlock 12
007728-007756 DataBlock
  ................ 00 00 00 00 02 00 00 00 00 00 00 00 00 00 00 00
  .............    02 00 00 00 00 00 00 00 00 00 00 00 00
007757-007770 StringBlock "tw_troy_bold"
007771-007786 DataBlock
  ................ 0a 00 00 00 02 00 00 00 00 00 00 00 dd da fa ff
007787-007809 StringBlock "Default Font Category"
007810-007829 DataBlock
  ................ 00 00 00 00 00 00 00 00 00 00 00 00 00 00 00 00
  ....             01 00 00 00
007830-007840 ShaderNameBlock "normal_t0"
007841-007844 ShaderVariableBlock 0.0 (0)
007845-007848 ShaderVariableBlock 0.0 (0)
007849-007852 ShaderVariableBlock 0.0 (0)
007853-007856 ShaderVariableBlock 0.0 (0)
007857-007867 ShaderNameBlock "normal_t0"
007868-007871 ShaderVariableBlock 0.0 (0)
007872-007875 ShaderVariableBlock 0.0 (0)
007876-007879 ShaderVariableBlock 0.0 (0)
007880-007883 ShaderVariableBlock 0.0 (0)
007884-007887 DataBlock
  ....             01 00 00 00
007888-007911 ImageUseBlock id=187175300 xofs=0 yofs=0 xsize=480 ysize=12 bgra=bgra(255,255,255,255)
007912-008088 DataBlock
  ................ 00 00 00 00 00 00 00 00 00 00 00 00 00 00 00 00
  ................ 00 01 00 00 00 00 00 00 00 00 00 00 00 00 00 00
  ..........?..... 00 00 00 00 00 00 00 00 00 80 3f 00 00 00 00 00
  ................ 00 00 00 00 00 00 00 00 00 00 00 00 00 00 00 00
  ....A.......A... 00 00 00 80 41 00 00 00 00 00 00 80 41 00 00 00
  .............A.. 00 00 00 00 00 00 00 00 00 00 00 00 00 41 00 00
  ................ 00 00 00 00 00 00 00 00 00 00 00 00 00 00 00 00
  ......?...?...?. 00 00 01 00 00 80 3f 00 00 00 3f 00 00 80 3f 00
  ............?... 00 00 00 00 00 00 00 00 00 00 00 80 3f 00 00 00
  ?...?........... 3f 00 00 80 3f 00 00 00 00 00 00 00 00 00 00 00
  ..?...?...?..`q. 00 80 3f 00 00 00 3f 00 00 00 3f 00 00 60 71 ee
  .                14
008089-008100 StringBlock "tx_satrapy"
008101-008159 DataBlock
  ..........=..... 00 00 00 00 00 00 15 00 00 00 3d 00 00 00 01 01
  ................ 00 00 00 00 01 00 00 00 00 01 00 00 00 00 00 00
  ............t... 00 00 00 00 00 00 00 00 00 00 00 c0 74 ee 14 00
  ...........      00 00 00 00 00 00 00 01 00 00 00
008160-008163 StateIDBlock 351171776
008164-008173 StateNameBlock "NewState"
008174-008177 XSizeBlock 188
008178-008181 YSizeBlock 24
008182-008197 UnicodeBlock "Vassal:"
008198-008216 DataBlock
  ................ 00 00 03 00 00 00 04 00 00 00 00 00 00 00 02 00
  ...              00 00 01
008217-008280 UnicodeBlock "tx_satrapy_NewState_Text_7e007e"
008281-008286 DataBlock
  ......           00 00 00 00 00 00
008287-008304 StringBlock "profile_offc_pro"
008305-008320 DataBlock
  .............2K. 0c 00 00 00 00 00 00 00 00 00 00 00 19 32 4b ff
008321-008336 StringBlock "parchment_text"
008337-008356 DataBlock
  ................ 00 00 00 00 00 00 00 00 00 00 00 00 00 00 00 00
  ....             01 00 00 00
008357-008367 ShaderNameBlock "normal_t0"
008368-008371 ShaderVariableBlock 0.0 (0)
008372-008375 ShaderVariableBlock 0.0 (0)
008376-008379 ShaderVariableBlock 0.0 (0)
008380-008383 ShaderVariableBlock 0.0 (0)
008384-008394 ShaderNameBlock "normal_t0"
008395-008398 ShaderVariableBlock 0.0 (0)
008399-008402 ShaderVariableBlock 0.0 (0)
008403-008406 ShaderVariableBlock 0.0 (0)
008407-008410 ShaderVariableBlock 0.0 (0)
008411-008448 DataBlock
  ................ 00 00 00 00 00 00 00 00 00 00 00 00 00 00 00 00
  ....-........... 00 00 00 00 2d 00 00 00 00 00 00 00 01 00 00 00
  ...v..           00 00 c0 76 ee 14
008449-008460 StringBlock "dy_faction"
008461-008519 DataBlock
  ................ 00 00 00 00 00 00 e6 00 00 00 00 00 00 00 01 00
  ................ 00 00 00 00 01 00 00 00 00 01 00 00 00 00 06 00
  ........... z... 00 00 c8 00 00 00 00 00 00 00 00 20 7a ee 14 00
  ...........      00 00 00 00 00 00 00 01 00 00 00
008520-008523 StateIDBlock 351173152
008524-008533 StateNameBlock "NewState"
008534-008537 XSizeBlock 158
008538-008541 YSizeBlock 24
008542-008563 UnicodeBlock "dy_faction"
008564-008582 DataBlock
  ................ 00 00 02 00 00 00 04 00 00 00 00 00 00 00 02 00
  ...              00 00 00
008583-008646 UnicodeBlock "dy_faction_NewState_Text_7b0041"
008647-008652 DataBlock
  ......           00 00 00 00 00 00
008653-008670 StringBlock "profile_offc_pro"
008671-008686 DataBlock
  .............2K. 0c 00 00 00 00 00 00 00 00 00 00 00 19 32 4b ff
008687-008702 StringBlock "parchment_text"
008703-008722 DataBlock
  ................ 00 00 00 00 00 00 00 00 00 00 00 00 00 00 00 00
  ....             01 00 00 00
008723-008733 ShaderNameBlock "normal_t0"
008734-008737 ShaderVariableBlock 0.0 (0)
008738-008741 ShaderVariableBlock 0.0 (0)
008742-008745 ShaderVariableBlock 0.0 (0)
008746-008749 ShaderVariableBlock 0.0 (0)
008750-008760 ShaderNameBlock "normal_t0"
008761-008764 ShaderVariableBlock 0.0 (0)
008765-008768 ShaderVariableBlock 0.0 (0)
008769-008772 ShaderVariableBlock 0.0 (0)
008773-008776 ShaderVariableBlock 0.0 (0)
008777-008814 DataBlock
  ................ 00 00 00 00 00 00 00 00 00 00 00 00 00 00 00 00
  ....-........... 00 00 00 00 2d 00 00 00 00 00 00 00 01 00 00 00
  ..@|..           00 00 40 7c ee 14
008815-008822 StringBlock "dy_mon"
008823-008869 DataBlock
  ................ 00 00 00 00 00 00 e6 ff ff ff 00 00 00 00 01 01
  ................ 00 00 00 00 01 00 00 00 00 01 00 00 00 00 04 00
  ...............  00 00 e6 ff ff ff 00 00 00 00 00 a0 7f ee 14
008870-008914 ImageListBlock 1 elements:
  008874-008914 ImageBlockGen2 id=351421024 xsize=24 ysize=24 path="ui\\skins\\default\\mon_24"
008915-008923 DataBlock
  .........        00 00 00 00 00 01 00 00 00
008924-008927 StateIDBlock 351174560
008928-008937 StateNameBlock "NewState"
008938-008941 XSizeBlock 24
008942-008945 YSizeBlock 24
008946-008974 DataBlock
  ................ 00 00 00 00 02 00 00 00 00 00 00 00 00 00 00 00
  .............    01 00 00 00 00 00 00 00 00 00 00 00 00
008975-008988 StringBlock "tw_troy_bold"
008989-009004 DataBlock
  ................ 0a 00 00 00 02 00 00 00 00 00 00 00 dd da fa ff
009005-009027 StringBlock "Default Font Category"
009028-009047 DataBlock
  ................ 00 00 00 00 00 00 00 00 00 00 00 00 00 00 00 00
  ....             01 00 00 00
009048-009058 ShaderNameBlock "normal_t0"
009059-009062 ShaderVariableBlock 0.0 (0)
009063-009066 ShaderVariableBlock 0.0 (0)
009067-009070 ShaderVariableBlock 0.0 (0)
009071-009074 ShaderVariableBlock 0.0 (0)
009075-009085 ShaderNameBlock "normal_t0"
009086-009089 ShaderVariableBlock 0.0 (0)
009090-009093 ShaderVariableBlock 0.0 (0)
009094-009097 ShaderVariableBlock 0.0 (0)
009098-009101 ShaderVariableBlock 0.0 (0)
009102-009105 DataBlock
  ....             01 00 00 00
009106-009129 ImageUseBlock id=351421024 xofs=0 yofs=0 xsize=24 ysize=24 bgra=bgra(255,255,255,255)
009130-009306 DataBlock
  ................ 00 00 00 00 00 00 00 00 00 00 00 00 00 00 00 00
  ................ 00 01 01 00 00 00 00 00 00 00 00 00 00 00 00 00
  ..........?..... 00 00 00 00 00 00 00 00 00 80 3f 00 00 00 00 00
  ................ 00 00 00 00 00 00 00 00 00 00 00 00 00 00 00 00
  ................ 00 00 00 00 00 00 00 00 00 00 00 00 00 00 00 00
  .............-.. 00 00 00 00 00 00 00 00 00 00 00 00 00 2d 00 00
  ................ 00 00 00 00 00 00 00 00 00 00 00 00 00 00 00 00
  ......?.......?. 00 00 00 00 00 80 3f 00 00 00 00 00 00 00 3f 00
  ............?... 00 00 00 00 00 00 01 00 00 00 00 80 3f 00 00 80
  ?...?........... 3f 00 00 00 3f 00 00 00 00 00 00 00 00 00 00 00
  ..?............. 00 80 3f 00 00 00 00 00 00 00 00 00 00 80 82 ee
  .                14
009307-009319 StringBlock "tx_overlord"
009320-009378 DataBlock
  ..........b..... 00 00 00 00 00 00 13 00 00 00 62 00 00 00 01 01
  ................ 00 00 00 00 01 00 00 00 00 01 00 00 00 00 00 00
  ................ 00 00 00 00 00 00 00 00 00 00 00 e0 85 ee 14 00
  ...........      00 00 00 00 00 00 00 01 00 00 00
009379-009382 StateIDBlock 351176160
009383-009392 StateNameBlock "NewState"
009393-009396 XSizeBlock 190
009397-009400 YSizeBlock 24
009401-009416 UnicodeBlock "Master:"
009417-009435 DataBlock
  ................ 00 00 03 00 00 00 04 00 00 00 00 00 00 00 02 00
  ...              00 00 01
009436-009501 UnicodeBlock "tx_overlord_NewState_Text_670061"
009502-009507 DataBlock
  ......           00 00 00 00 00 00
009508-009525 StringBlock "profile_offc_pro"
009526-009541 DataBlock
  .............2K. 0c 00 00 00 00 00 00 00 00 00 00 00 19 32 4b ff
009542-009557 StringBlock "parchment_text"
009558-009577 DataBlock
  ................ 00 00 00 00 00 00 00 00 00 00 00 00 00 00 00 00
  ....             01 00 00 00
009578-009588 ShaderNameBlock "normal_t0"
009589-009592 ShaderVariableBlock 0.0 (0)
009593-009596 ShaderVariableBlock 0.0 (0)
009597-009600 ShaderVariableBlock 0.0 (0)
009601-009604 ShaderVariableBlock 0.0 (0)
009605-009615 ShaderNameBlock "normal_t0"
009616-009619 ShaderVariableBlock 0.0 (0)
009620-009623 ShaderVariableBlock 0.0 (0)
009624-009627 ShaderVariableBlock 0.0 (0)
009628-009631 ShaderVariableBlock 0.0 (0)
009632-009669 DataBlock
  ................ 00 00 00 00 00 00 00 00 00 00 00 00 00 00 00 00
  ....-........... 00 00 00 00 2d 00 00 00 00 00 00 00 01 00 00 00
  ......           00 00 00 88 ee 14
009670-009681 StringBlock "dy_faction"
009682-009740 DataBlock
  ................ 00 00 00 00 00 00 e6 00 00 00 00 00 00 00 01 00
  ................ 00 00 00 00 01 00 00 00 00 01 00 00 00 00 06 00
  ...........`.... 00 00 c8 00 00 00 00 00 00 00 00 60 8b ee 14 00
  ...........      00 00 00 00 00 00 00 01 00 00 00
009741-009744 StateIDBlock 351177568
009745-009754 StateNameBlock "NewState"
009755-009758 XSizeBlock 160
009759-009762 YSizeBlock 24
009763-009784 UnicodeBlock "dy_faction"
009785-009803 DataBlock
  ................ 00 00 02 00 00 00 04 00 00 00 00 00 00 00 02 00
  ...              00 00 00
009804-009867 UnicodeBlock "dy_faction_NewState_Text_7b0041"
009868-009873 DataBlock
  ......           00 00 00 00 00 00
009874-009891 StringBlock "profile_offc_pro"
009892-009907 DataBlock
  .............2K. 0c 00 00 00 00 00 00 00 00 00 00 00 19 32 4b ff
009908-009923 StringBlock "parchment_text"
009924-009943 DataBlock
  ................ 00 00 00 00 00 00 00 00 00 00 00 00 00 00 00 00
  ....             01 00 00 00
009944-009954 ShaderNameBlock "normal_t0"
009955-009958 ShaderVariableBlock 0.0 (0)
009959-009962 ShaderVariableBlock 0.0 (0)
009963-009966 ShaderVariableBlock 0.0 (0)
009967-009970 ShaderVariableBlock 0.0 (0)
009971-009981 ShaderNameBlock "normal_t0"
009982-009985 ShaderVariableBlock 0.0 (0)
009986-009989 ShaderVariableBlock 0.0 (0)
009990-009993 ShaderVariableBlock 0.0 (0)
009994-009997 ShaderVariableBlock 0.0 (0)
009998-010035 DataBlock
  ................ 00 00 00 00 00 00 00 00 00 00 00 00 00 00 00 00
  ....-........... 00 00 00 00 2d 00 00 00 00 00 00 00 01 00 00 00
  ..`...           00 00 60 8d ee 14
010036-010043 StringBlock "dy_mon"
010044-010090 DataBlock
  ................ 00 00 00 00 00 00 e6 ff ff ff 00 00 00 00 01 01
  ................ 00 00 00 00 01 00 00 00 00 01 00 00 00 00 04 00
  ...............  00 00 e6 ff ff ff 00 00 00 00 00 e0 91 ee 14
010091-010135 ImageListBlock 1 elements:
  010095-010135 ImageBlockGen2 id=351179040 xsize=24 ysize=24 path="ui\\skins\\default\\mon_24"
010136-010144 DataBlock
  .........        00 00 00 00 00 01 00 00 00
010145-010148 StateIDBlock 351179232
010149-010158 StateNameBlock "NewState"
010159-010162 XSizeBlock 24
010163-010166 YSizeBlock 24
010167-010195 DataBlock
  ................ 00 00 00 00 02 00 00 00 00 00 00 00 00 00 00 00
  .............    01 00 00 00 00 00 00 00 00 00 00 00 00
010196-010209 StringBlock "tw_troy_bold"
010210-010225 DataBlock
  ................ 0a 00 00 00 02 00 00 00 00 00 00 00 dd da fa ff
010226-010248 StringBlock "Default Font Category"
010249-010268 DataBlock
  ................ 00 00 00 00 00 00 00 00 00 00 00 00 00 00 00 00
  ....             01 00 00 00
010269-010279 ShaderNameBlock "normal_t0"
010280-010283 ShaderVariableBlock 0.0 (0)
010284-010287 ShaderVariableBlock 0.0 (0)
010288-010291 ShaderVariableBlock 0.0 (0)
010292-010295 ShaderVariableBlock 0.0 (0)
010296-010306 ShaderNameBlock "normal_t0"
010307-010310 ShaderVariableBlock 0.0 (0)
010311-010314 ShaderVariableBlock 0.0 (0)
010315-010318 ShaderVariableBlock 0.0 (0)
010319-010322 ShaderVariableBlock 0.0 (0)
010323-010326 DataBlock
  ....             01 00 00 00
010327-010350 ImageUseBlock id=351179040 xofs=0 yofs=0 xsize=24 ysize=24 bgra=bgra(255,255,255,255)
010351-010527 DataBlock
  ................ 00 00 00 00 00 00 00 00 00 00 00 00 00 00 00 00
  ................ 00 01 01 00 00 00 00 00 00 00 00 00 00 00 00 00
  ..........?..... 00 00 00 00 00 00 00 00 00 80 3f 00 00 00 00 00
  ................ 00 00 00 00 00 00 00 00 00 00 00 00 00 00 00 00
  ................ 00 00 00 00 00 00 00 00 00 00 00 00 00 00 00 00
  .............-.. 00 00 00 00 00 00 00 00 00 00 00 00 00 2d 00 00
  ................ 00 00 00 00 00 00 00 00 00 00 00 00 00 00 00 00
  ......?.......?. 00 00 00 00 00 80 3f 00 00 00 00 00 00 00 3f 00
  ............?... 00 00 00 00 00 00 01 00 00 00 00 80 3f 00 00 80
  ?...?........... 3f 00 00 00 3f 00 00 00 00 00 00 00 00 00 00 00
  ..?..........@.. 00 80 3f 00 00 00 00 00 00 00 00 00 00 40 95 ee
  .                14
010528-010537 StringBlock "tx_descr"
010538-010596 DataBlock
  ................ 00 00 00 00 00 00 19 00 00 00 94 00 00 00 01 01
  ................ 00 00 00 00 01 00 00 00 00 01 00 00 00 00 05 00
  ................ 00 00 00 00 00 00 e2 ff ff ff 00 00 00 00 00 00
  ...........      00 00 00 00 00 00 00 01 00 00 00
010597-010600 StateIDBlock 351181056
010601-010610 StateNameBlock "NewState"
010611-010614 XSizeBlock 410
010615-010618 YSizeBlock 84
010619-010900 UnicodeBlock "This enemy of your faction has become a vassal of another faction. You must either make peace with them, or declare war on their new master."
010901-010919 DataBlock
  ................ 00 00 04 00 00 00 04 00 00 00 00 00 00 00 01 00
  ...              00 00 01
010920-010979 UnicodeBlock "tx_descr_NewState_Text_360021"
010980-010985 DataBlock
  ......           00 00 00 00 00 00
010986-011003 StringBlock "profile_offc_pro"
011004-011019 DataBlock
  .............2K. 0c 00 00 00 00 00 00 00 00 00 00 00 19 32 4b ff
011020-011035 StringBlock "parchment_text"
011036-011055 DataBlock
  ................ 00 00 00 00 00 00 00 00 00 00 00 00 00 00 00 00
  ....             01 00 00 00
011056-011066 ShaderNameBlock "normal_t0"
011067-011070 ShaderVariableBlock 0.0 (0)
011071-011074 ShaderVariableBlock 0.0 (0)
011075-011078 ShaderVariableBlock 0.0 (0)
011079-011082 ShaderVariableBlock 0.0 (0)
011083-011093 ShaderNameBlock "normal_t0"
011094-011097 ShaderVariableBlock 0.0 (0)
011098-011101 ShaderVariableBlock 0.0 (0)
011102-011105 ShaderVariableBlock 0.0 (0)
011106-011109 ShaderVariableBlock 0.0 (0)
011110-011169 DataBlock
  ................ 00 00 00 00 00 00 00 00 00 00 00 00 00 00 00 00
  ....-........... 00 00 00 00 2d 00 00 00 00 00 00 00 00 00 00 00
  .............?.. 00 00 00 00 00 00 00 00 00 00 00 00 80 3f 00 00
  .?...?...%..     00 3f 00 00 00 3f 00 00 00 25 bd 1e
011170-011182 StringBlock "panel_title"
011183-011241 DataBlock
  ................ 00 00 00 00 00 00 ff ff ff ff f0 ff ff ff 00 00
  ................ 00 00 00 00 01 00 00 00 00 01 00 00 00 00 02 00
  ...........p.... 00 00 00 00 00 00 f0 ff ff ff 00 70 b9 10 05 00
  ...........      00 00 00 00 00 00 00 01 00 00 00
011242-011245 StateIDBlock 84982128
011246-011255 StateNameBlock "NewState"
011256-011259 XSizeBlock 463
011260-011263 YSizeBlock 38
011264-011292 DataBlock
  ................ 00 00 00 00 02 00 00 00 00 00 00 00 00 00 00 00
  .............    01 00 00 00 00 00 00 00 00 00 00 00 00
011293-011306 StringBlock "tw_troy_bold"
011307-011322 DataBlock
  ................ 0a 00 00 00 02 00 00 00 00 00 00 00 dd da fa ff
011323-011345 StringBlock "Default Font Category"
011346-011365 DataBlock
  ................ 00 00 00 00 00 00 00 00 00 00 00 00 00 00 00 00
  ....             00 00 00 00
011366-011376 ShaderNameBlock "normal_t0"
011377-011380 ShaderVariableBlock 0.0 (0)
011381-011384 ShaderVariableBlock 0.0 (0)
011385-011388 ShaderVariableBlock 0.0 (0)
011389-011392 ShaderVariableBlock 0.0 (0)
011393-011403 ShaderNameBlock "normal_t0"
011404-011407 ShaderVariableBlock 0.0 (0)
011408-011411 ShaderVariableBlock 0.0 (0)
011412-011415 ShaderVariableBlock 0.0 (0)
011416-011419 ShaderVariableBlock 0.0 (0)
011420-011457 DataBlock
  ................ 00 00 00 00 00 00 00 00 00 00 00 00 00 00 00 00
  ....<........... 00 00 00 00 3c 00 00 00 00 00 00 00 01 00 00 00
  ..`;..           00 00 60 3b f2 14
011458-011470 StringBlock "title_frame"
011471-011529 DataBlock
  ......B......... 00 00 00 00 00 00 42 00 00 00 0a 00 00 00 01 01
  ................ 00 00 00 00 01 00 00 00 00 01 00 00 00 00 05 00
  ................ 00 00 00 00 00 00 04 00 00 00 00 00 00 00 00 00
  ...........      00 00 00 00 00 00 00 01 00 00 00
011530-011533 StateIDBlock 351420096
011534-011543 StateNameBlock "NewState"
011544-011547 XSizeBlock 330
011548-011551 YSizeBlock 25
011552-011605 UnicodeBlock "Enemy has become a vassal!"
011606-011624 DataBlock
  ................ 00 00 04 00 00 00 04 00 00 00 00 00 00 00 02 00
  ...              00 00 01
011625-011690 UnicodeBlock "title_frame_NewState_Text_290050"
011691-011696 DataBlock
  ......           00 00 00 00 00 00
011697-011712 StringBlock "tw_troy_medium"
011713-011728 DataBlock
  ................ 0e 00 00 00 01 00 00 00 00 00 00 00 b8 d8 f1 ff
011729-011749 StringBlock "header_title_medium"
011750-011769 DataBlock
  ................ 00 00 00 00 00 00 00 00 00 00 00 00 00 00 00 00
  ....             01 00 00 00
011770-011780 ShaderNameBlock "normal_t0"
011781-011784 ShaderVariableBlock 0.0 (0)
011785-011788 ShaderVariableBlock 0.0 (0)
011789-011792 ShaderVariableBlock 0.0 (0)
011793-011796 ShaderVariableBlock 0.0 (0)
011797-011809 ShaderNameBlock "brighten_t0"
011810-011813 ShaderVariableBlock 1.0 (1065353216)
011814-011817 ShaderVariableBlock 0.0 (0)
011818-011821 ShaderVariableBlock 0.0 (0)
011822-011825 ShaderVariableBlock 0.0 (0)
011826-011845 DataBlock
  ................ 00 00 00 00 00 00 00 00 00 00 00 00 00 00 00 00
  ....             02 00 00 00
011846-011860 StringBlock "dynamic_child"
011861-011863 DataBlock
  ..1              01 00 31
011864-011885 StringBlock "dynamic_child_parent"
011886-011898 StringBlock "panel_title"
011899-011954 DataBlock
  -............... 2d 00 00 00 00 00 00 00 00 00 00 00 00 00 00 00
  .........?...?.. 00 00 00 00 00 00 00 00 80 3f 00 00 00 3f 00 00
  .?.............? 00 3f 00 00 00 00 00 00 00 00 00 00 00 00 80 3f
  ...?....         00 00 00 3f 00 00 00 00
011955-011979 StringBlock "square_dark_text_button"
011980-011987 DataBlock
  ...1....         fc d8 f8 31 02 00 00 00
011988-011999 StringBlock "button_txt"
012000-012011 StringBlock "button_txt"
012012-012058 DataBlock
  ................ 00 00 00 00 00 00 00 00 00 00 00 00 00 00 00 00
  ...C...B........ 00 00 87 43 00 00 00 42 05 00 00 00 00 00 00 00
  ...............  01 03 00 00 00 00 00 00 00 00 00 00 00 00 00
012059-012066 StringBlock "active"
012067-012126 UnicodeBlock "button_txt_active_Text_6c002f"
012127-012182 UnicodeBlock "Declare war on their master"
012183-012186 DataBlock
  ....             00 00 00 00
012187-012196 StringBlock "inactive"
012197-012256 UnicodeBlock "button_txt_active_Text_6c002f"
012257-012312 UnicodeBlock "Declare war on their master"
012313-012320 DataBlock
  ........         00 00 00 00 01 00 00 00
012321-012335 StringBlock "dynamic_child"
012336-012344 DataBlock
  ..1......        01 00 31 00 00 00 00 00 00
012345-012358 StringBlock "options_bar1"
012359-012364 DataBlock
  ......           00 00 01 00 00 00
012365-012376 StringBlock "TextButton"
012377-012384 DataBlock
  ........         00 00 00 00 00 00 00 00
012385-012424 StringBlock "UI_GBL_TMP_Square_Medium_Button_Toggle"
012425-012463 DataBlock
  ...........C...B 00 00 00 00 00 00 a0 c2 00 00 87 43 00 00 00 42
  ....2........... 08 00 00 00 32 00 00 00 01 06 00 00 00 00 00 00
  .......          00 00 00 00 00 00 00
012464-012471 StringBlock "active"
012472-012479 DataBlock
  ........         00 00 00 00 00 00 00 00
012480-012485 StringBlock "down"
012486-012493 DataBlock
  ........         00 00 00 00 00 00 00 00
012494-012503 StringBlock "down_off"
012504-012511 DataBlock
  ........         00 00 00 00 00 00 00 00
012512-012518 StringBlock "hover"
012519-012526 DataBlock
  ........         00 00 00 00 00 00 00 00
012527-012536 StringBlock "inactive"
012537-012548 DataBlock
  ............     00 00 00 00 00 00 00 00 00 00 00 00
012549-012746 ImagePathListBlock 4 elements:
  012553-012600 ImagePathBlock "ui\\skins\\default\\button_square_dark_active.png"
  012601-012649 ImagePathBlock "ui\\skins\\default\\button_square_dark_pressed.png"
  012650-012696 ImagePathBlock "ui\\skins\\default\\button_square_dark_hover.png"
  012697-012746 ImagePathBlock "ui\\skins\\default\\button_square_dark_inactive.png"
012747-012754 DataBlock
  ....@.i.         01 00 00 00 40 bb 69 1b
012755-012766 StringBlock "button_txt"
012767-012829 DataBlock
  ................ 00 00 00 00 00 00 00 00 00 00 00 00 00 00 00 00
  ................ 00 00 00 00 01 00 00 00 00 01 00 00 00 00 05 00
  ........... .... 00 00 00 00 00 00 00 00 00 00 00 20 00 9a 1b 00
  ........... ...  00 00 00 00 00 00 00 02 00 00 00 20 00 9a 1b
012830-012837 StringBlock "active"
012838-012845 DataBlock
  .... ...         0e 01 00 00 20 00 00 00
012846-012901 UnicodeBlock "Declare war on their master"
012902-012920 DataBlock
  ................ 00 00 04 00 00 00 04 00 00 00 00 00 00 00 02 00
  ...              00 00 01
012921-012980 UnicodeBlock "button_txt_active_Text_6c002f"
012981-012986 DataBlock
  ......           00 00 00 00 00 00
012987-013004 StringBlock "profile_offc_pro"
013005-013020 DataBlock
  ................ 0c 00 00 00 00 00 00 00 00 00 00 00 ff ff ff ff
013021-013039 StringBlock "ingame_text_white"
013040-013059 DataBlock
  ................ 00 00 00 00 00 00 00 00 00 00 00 00 00 00 00 00
  ....             00 00 00 00
013060-013070 ShaderNameBlock "normal_t0"
013071-013074 ShaderVariableBlock 0.0 (0)
013075-013078 ShaderVariableBlock 0.0 (0)
013079-013082 ShaderVariableBlock 0.0 (0)
013083-013086 ShaderVariableBlock 0.0 (0)
013087-013097 ShaderNameBlock "normal_t0"
013098-013101 ShaderVariableBlock 0.0 (0)
013102-013105 ShaderVariableBlock 0.0 (0)
013106-013109 ShaderVariableBlock 0.0 (0)
013110-013113 ShaderVariableBlock 0.0 (0)
013114-013133 DataBlock
  ................ 00 00 00 00 00 00 00 00 00 00 00 00 00 00 00 00
  ....             c0 04 9a 1b
013134-013143 StringBlock "inactive"
013144-013151 DataBlock
  .... ...         0e 01 00 00 20 00 00 00
013152-013207 UnicodeBlock "Declare war on their master"
013208-013226 DataBlock
  ................ 00 00 04 00 00 00 04 00 00 00 00 00 00 00 02 00
  ...              00 00 01
013227-013286 UnicodeBlock "button_txt_active_Text_6c002f"
013287-013292 DataBlock
  ......           00 00 00 00 00 00
013293-013310 StringBlock "profile_offc_pro"
013311-013326 DataBlock
  ................ 0c 00 00 00 00 00 00 00 00 00 00 00 ff ff ff ff
013327-013345 StringBlock "ingame_text_white"
013346-013365 DataBlock
  ................ 00 00 00 00 00 00 00 00 00 00 00 00 00 00 00 00
  ....             00 00 00 00
013366-013376 ShaderNameBlock "normal_t0"
013377-013380 ShaderVariableBlock 0.0 (0)
013381-013384 ShaderVariableBlock 0.0 (0)
013385-013388 ShaderVariableBlock 0.0 (0)
013389-013392 ShaderVariableBlock 0.0 (0)
013393-013410 ShaderNameBlock "set_greyscale_t0"
013411-013414 ShaderVariableBlock 0.5 (1056964608)
013415-013418 ShaderVariableBlock 0.6000000238418579 (1058642330)
013419-013422 ShaderVariableBlock 0.0 (0)
013423-013426 ShaderVariableBlock 0.0 (0)
013427-013446 DataBlock
  ................ 00 00 00 00 00 00 00 00 00 00 00 00 00 00 00 00
  ....             03 00 00 00
013447-013464 StringBlock "disable_override"
013465-013481 StringBlock "instance_resize"
013482-013496 StringBlock "dynamic_child"
013497-013499 DataBlock
  ..1              01 00 31
013500-013521 StringBlock "dynamic_child_parent"
013522-013535 StringBlock "options_bar1"
013536-013569 DataBlock
  ................ 00 00 00 00 00 00 00 00 00 00 00 00 00 00 00 00
  .........?...?.. 00 00 00 00 00 00 00 00 80 3f 00 00 00 3f 00 00
  .?               00 3f
013570-013594 StringBlock "square_dark_text_button"
013595-013602 DataBlock
  ...1....         e4 bd ea 31 02 00 00 00
013603-013614 StringBlock "button_txt"
013615-013626 StringBlock "button_txt"
013627-013673 DataBlock
  ................ 00 00 00 00 00 00 00 00 00 00 00 00 00 00 00 00
  ...C...B....2... 00 00 87 43 00 00 00 42 05 00 00 00 32 00 00 00
  ...............  01 03 00 00 00 00 00 00 00 00 00 00 00 00 00
013674-013681 StringBlock "active"
013682-013741 UnicodeBlock "button_txt_active_Text_650054"
013742-013795 UnicodeBlock "Make peace with the vassal"
013796-013799 DataBlock
  ....             00 00 00 00
013800-013809 StringBlock "inactive"
013810-013869 UnicodeBlock "button_txt_active_Text_650054"
013870-013923 UnicodeBlock "Make peace with the vassal"
013924-013931 DataBlock
  ........         00 00 00 00 01 00 00 00
013932-013946 StringBlock "dynamic_child"
013947-013955 DataBlock
  ..1......        01 00 31 00 00 00 00 00 00
013956-013969 StringBlock "options_bar2"
013970-013975 DataBlock
  ......           00 00 01 00 00 00
013976-013987 StringBlock "TextButton"
013988-013995 DataBlock
  ........         00 00 00 00 00 00 00 00
013996-014035 StringBlock "UI_GBL_TMP_Square_Medium_Button_Toggle"
014036-014074 DataBlock
  ......(....C...B 00 00 00 00 00 00 28 c2 00 00 87 43 00 00 00 42
  ....2........... 08 00 00 00 32 00 00 00 01 06 00 00 00 00 00 00
  .......          00 00 00 00 00 00 00
014075-014082 StringBlock "active"
014083-014090 DataBlock
  ........         00 00 00 00 00 00 00 00
014091-014096 StringBlock "down"
014097-014104 DataBlock
  ........         00 00 00 00 00 00 00 00
014105-014114 StringBlock "down_off"
014115-014122 DataBlock
  ........         00 00 00 00 00 00 00 00
014123-014129 StringBlock "hover"
014130-014137 DataBlock
  ........         00 00 00 00 00 00 00 00
014138-014147 StringBlock "inactive"
014148-014159 DataBlock
  ............     00 00 00 00 00 00 00 00 00 00 00 00
014160-014357 ImagePathListBlock 4 elements:
  014164-014211 ImagePathBlock "ui\\skins\\default\\button_square_dark_active.png"
  014212-014260 ImagePathBlock "ui\\skins\\default\\button_square_dark_pressed.png"
  014261-014307 ImagePathBlock "ui\\skins\\default\\button_square_dark_hover.png"
  014308-014357 ImagePathBlock "ui\\skins\\default\\button_square_dark_inactive.png"
014358-014365 DataBlock
  .....$k.         01 00 00 00 a0 24 6b 1b
014366-014377 StringBlock "button_txt"
014378-014440 DataBlock
  ................ 00 00 00 00 00 00 00 00 00 00 00 00 00 00 01 00
  ................ 00 00 00 00 01 00 00 00 00 01 00 00 00 00 05 00
  ...........tP... 00 00 00 00 00 00 00 00 00 00 00 74 50 80 15 00
  ...........tP..  00 00 00 00 00 00 00 02 00 00 00 74 50 80 15
014441-014448 StringBlock "active"
014449-014456 DataBlock
  .... ...         0e 01 00 00 20 00 00 00
014457-014510 UnicodeBlock "Make peace with the vassal"
014511-014529 DataBlock
  ................ 00 00 04 00 00 00 04 00 00 00 00 00 00 00 02 00
  ...              00 00 01
014530-014589 UnicodeBlock "button_txt_active_Text_650054"
014590-014595 DataBlock
  ......           00 00 00 00 00 00
014596-014613 StringBlock "profile_offc_pro"
014614-014629 DataBlock
  ................ 0c 00 00 00 00 00 00 00 00 00 00 00 ff ff ff ff
014630-014648 StringBlock "ingame_text_white"
014649-014668 DataBlock
  ................ 00 00 00 00 00 00 00 00 00 00 00 00 00 00 00 00
  ....             00 00 00 00
014669-014679 ShaderNameBlock "normal_t0"
014680-014683 ShaderVariableBlock 0.0 (0)
014684-014687 ShaderVariableBlock 0.0 (0)
014688-014691 ShaderVariableBlock 0.0 (0)
014692-014695 ShaderVariableBlock 0.0 (0)
014696-014706 ShaderNameBlock "normal_t0"
014707-014710 ShaderVariableBlock 0.0 (0)
014711-014714 ShaderVariableBlock 0.0 (0)
014715-014718 ShaderVariableBlock 0.0 (0)
014719-014722 ShaderVariableBlock 0.0 (0)
014723-014742 DataBlock
  ................ 00 00 00 00 00 00 00 00 00 00 00 00 00 00 00 00
  .H..             ac 48 80 15
014743-014752 StringBlock "inactive"
014753-014760 DataBlock
  .... ...         0e 01 00 00 20 00 00 00
014761-014814 UnicodeBlock "Make peace with the vassal"
014815-014833 DataBlock
  ................ 00 00 04 00 00 00 04 00 00 00 00 00 00 00 02 00
  ...              00 00 01
014834-014893 UnicodeBlock "button_txt_active_Text_650054"
014894-014899 DataBlock
  ......           00 00 00 00 00 00
014900-014917 StringBlock "profile_offc_pro"
014918-014933 DataBlock
  ................ 0c 00 00 00 00 00 00 00 00 00 00 00 ff ff ff ff
014934-014952 StringBlock "ingame_text_white"
014953-014972 DataBlock
  ................ 00 00 00 00 00 00 00 00 00 00 00 00 00 00 00 00
  ....             00 00 00 00
014973-014983 ShaderNameBlock "normal_t0"
014984-014987 ShaderVariableBlock 0.0 (0)
014988-014991 ShaderVariableBlock 0.0 (0)
014992-014995 ShaderVariableBlock 0.0 (0)
014996-014999 ShaderVariableBlock 0.0 (0)
015000-015017 ShaderNameBlock "set_greyscale_t0"
015018-015021 ShaderVariableBlock 0.5 (1056964608)
015022-015025 ShaderVariableBlock 0.6000000238418579 (1058642330)
015026-015029 ShaderVariableBlock 0.0 (0)
015030-015033 ShaderVariableBlock 0.0 (0)
015034-015053 DataBlock
  ................ 00 00 00 00 00 00 00 00 00 00 00 00 00 00 00 00
  ....             03 00 00 00
015054-015071 StringBlock "disable_override"
015072-015088 StringBlock "instance_resize"
015089-015103 StringBlock "dynamic_child"
015104-015106 DataBlock
  ..1              01 00 31
015107-015128 StringBlock "dynamic_child_parent"
015129-015142 StringBlock "options_bar2"
015143-015182 DataBlock
  2............... 32 00 00 00 00 00 00 00 00 00 00 00 00 00 00 00
  .........?...?.. 00 00 00 00 00 00 00 00 80 3f 00 00 00 3f 00 00
  .?......         00 3f 00 00 a0 9c ee 14
015183-015192 StringBlock "tx_power"
015193-015251 DataBlock
  ................ 00 00 00 00 00 00 15 00 00 00 e5 00 00 00 01 01
  ................ 00 00 00 00 01 00 00 00 00 01 00 00 00 00 05 00
  ......!....`.... 00 00 00 00 00 00 21 00 00 00 00 60 a0 ee 14 00
  ...........      00 00 00 00 00 00 00 01 00 00 00
015252-015255 StateIDBlock 351182944
015256-015265 StateNameBlock "NewState"
015266-015269 XSizeBlock 419
015270-015273 YSizeBlock 48
015274-015365 UnicodeBlock "Power relations between you and their master:"
015366-015384 DataBlock
  ................ 00 00 04 00 00 00 04 00 00 00 00 00 00 00 00 00
  ...              00 00 01
015385-015444 UnicodeBlock "tx_power_NewState_Text_190015"
015445-015450 DataBlock
  ......           00 00 00 00 00 00
015451-015468 StringBlock "profile_offc_pro"
015469-015484 DataBlock
  .............2K. 0c 00 00 00 00 00 00 00 00 00 00 00 19 32 4b ff
015485-015500 StringBlock "parchment_text"
015501-015520 DataBlock
  ................ 00 00 00 00 00 00 00 00 00 00 00 00 00 00 00 00
  ....             01 00 00 00
015521-015531 ShaderNameBlock "normal_t0"
015532-015535 ShaderVariableBlock 0.0 (0)
015536-015539 ShaderVariableBlock 0.0 (0)
015540-015543 ShaderVariableBlock 0.0 (0)
015544-015547 ShaderVariableBlock 0.0 (0)
015548-015558 ShaderNameBlock "normal_t0"
015559-015562 ShaderVariableBlock 0.0 (0)
015563-015566 ShaderVariableBlock 0.0 (0)
015567-015570 ShaderVariableBlock 0.0 (0)
015571-015574 ShaderVariableBlock 0.0 (0)
015575-015612 DataBlock
  ................ 00 00 00 00 00 00 00 00 00 00 00 00 00 00 00 00
  ....-........... 00 00 00 00 2d 00 00 00 00 00 00 00 01 00 00 00
  ...P..           00 00 80 50 b7 1e
015613-015634 StringBlock "strength_balance_bar"
015635-015693 DataBlock
  ..........&..... 00 00 00 00 00 00 ab 00 00 00 26 00 00 00 00 00
  ................ 00 00 00 00 01 00 00 00 00 01 00 00 00 00 01 00
  ......&....`T... 00 00 ab 00 00 00 26 00 00 00 00 60 54 b8 1e 00
  ...........      00 00 00 00 00 00 00 01 00 00 00
015694-015697 StateIDBlock 515396704
015698-015707 StateNameBlock "NewState"
015708-015711 XSizeBlock 95
015712-015715 YSizeBlock 20
015716-015744 DataBlock
  ................ 00 00 00 00 02 00 00 00 00 00 00 00 00 00 00 00
  .............    01 00 00 00 00 00 00 00 00 00 00 00 00
015745-015762 StringBlock "profile_offc_pro"
015763-015778 DataBlock
  ................ 0a 00 00 00 01 00 00 00 00 00 00 00 ff ff ff ff
015779-015797 StringBlock "ingame_text_small"
015798-015817 DataBlock
  ................ 00 00 00 00 00 00 00 00 00 00 00 00 00 00 00 00
  ....             00 00 00 00
015818-015828 ShaderNameBlock "normal_t0"
015829-015832 ShaderVariableBlock 0.0 (0)
015833-015836 ShaderVariableBlock 0.0 (0)
015837-015840 ShaderVariableBlock 0.0 (0)
015841-015844 ShaderVariableBlock 0.0 (0)
015845-015855 ShaderNameBlock "normal_t0"
015856-015859 ShaderVariableBlock 0.0 (0)
015860-015863 ShaderVariableBlock 0.0 (0)
015864-015867 ShaderVariableBlock 0.0 (0)
015868-015871 ShaderVariableBlock 0.0 (0)
015872-015891 DataBlock
  ................ 00 00 00 00 00 00 00 00 00 00 00 00 00 00 00 00
  ....             02 00 00 00
015892-015906 StringBlock "dynamic_child"
015907-015909 DataBlock
  ..1              01 00 31
015910-015931 StringBlock "dynamic_child_parent"
015932-015954 DataBlock
  ..row-.......... 03 00 72 6f 77 2d 00 00 00 00 00 00 00 02 00 00
  ... ...          00 00 00 20 fb ba 1a
015955-015961 StringBlock "enemy"
015962-016012 DataBlock
  ................ 00 00 00 00 00 00 00 00 00 00 00 00 00 00 01 00
  ................ 00 00 00 00 01 00 00 00 00 01 00 00 00 00 05 00
  ............V... 00 00 00 00 00 00 00 00 00 00 00 80 56 b8 1e 02
  ...              00 00 00
016013-016058 ImageBlockGen2 id=419740416 xsize=95 ysize=20 path="ui\\skins\\default\\bop_bar_red"
016059-016059 DataBlock
  .                00
016060-016110 ImageBlockGen2 id=420090432 xsize=95 ysize=20 path="ui\\skins\\default\\bop_bar_underlay"
016111-016119 DataBlock
  .........        00 00 00 00 00 01 00 00 00
016120-016123 StateIDBlock 515397248
016124-016133 StateNameBlock "NewState"
016134-016137 XSizeBlock 95
016138-016141 YSizeBlock 20
016142-016170 DataBlock
  ................ 00 00 00 00 02 00 00 00 00 00 00 00 00 00 00 00
  .............    01 00 00 00 00 00 00 00 00 00 00 00 00
016171-016188 StringBlock "profile_offc_pro"
016189-016204 DataBlock
  ................ 0a 00 00 00 01 00 00 00 00 00 00 00 ff ff ff ff
016205-016223 StringBlock "ingame_text_small"
016224-016243 DataBlock
  ................ 00 00 00 00 00 00 00 00 00 00 00 00 00 00 00 00
  ....             00 00 00 00
016244-016254 ShaderNameBlock "normal_t0"
016255-016258 ShaderVariableBlock 0.0 (0)
016259-016262 ShaderVariableBlock 0.0 (0)
016263-016266 ShaderVariableBlock 0.0 (0)
016267-016270 ShaderVariableBlock 0.0 (0)
016271-016281 ShaderNameBlock "normal_t0"
016282-016285 ShaderVariableBlock 0.0 (0)
016286-016289 ShaderVariableBlock 0.0 (0)
016290-016293 ShaderVariableBlock 0.0 (0)
016294-016297 ShaderVariableBlock 0.0 (0)
016298-016301 DataBlock
  ....             02 00 00 00
016302-016325 ImageUseBlock id=420090432 xofs=0 yofs=0 xsize=95 ysize=20 bgra=bgra(255,255,255,255)
016326-016402 DataBlock
  ................ 00 00 00 00 00 00 00 00 00 00 00 00 00 00 00 00
  ................ 00 01 01 00 00 00 00 00 00 00 00 00 00 00 00 00
  ..........?..... 00 00 00 00 00 00 00 00 00 80 3f 00 00 00 00 00
  ................ 00 00 00 00 00 00 00 00 00 00 00 00 00 00 00 00
  .............    00 00 00 00 00 00 00 00 00 00 00 00 00
016403-016426 ImageUseBlock id=419740416 xofs=0 yofs=0 xsize=95 ysize=20 bgra=bgra(255,255,255,255)
016427-016559 DataBlock
  ................ 00 00 00 00 00 00 00 00 00 00 00 00 00 00 00 00
  ................ 00 00 00 00 00 00 00 00 00 00 00 00 00 00 00 00
  ..........?..... 00 00 00 00 00 00 00 00 00 80 3f 00 00 00 00 00
  ................ 00 00 00 00 00 00 00 00 00 00 00 00 00 00 00 00
  ................ 00 00 00 00 00 00 00 00 00 00 00 00 00 00 00 00
  .............-.. 00 00 00 00 00 00 00 00 00 00 00 00 00 2d 00 00
  ................ 00 00 00 00 00 00 00 00 00 00 00 00 00 00 00 00
  ......?...?...?. 00 00 00 00 00 80 3f 00 00 00 3f 00 00 00 3f 00
  .`...            00 60 bb be 1e
016560-016567 StringBlock "player"
016568-016614 DataBlock
  ................ 00 00 00 00 00 00 00 00 00 00 00 00 00 00 01 00
  ................ 00 00 00 00 01 00 00 00 00 01 00 00 00 00 04 00
  ...............  00 00 00 00 00 00 00 00 00 00 00 c0 80 90 15
016615-016667 ImageListBlock 1 elements:
  016619-016667 ImageBlockGen2 id=448462464 xsize=95 ysize=20 path="ui\\skins\\default\\bop_bar_yellow"
016668-016676 DataBlock
  .........        00 00 00 00 00 01 00 00 00
016677-016680 StateIDBlock 361791680
016681-016690 StateNameBlock "NewState"
016691-016694 XSizeBlock 47
016695-016698 YSizeBlock 20
016699-016727 DataBlock
  ................ 00 00 00 00 02 00 00 00 00 00 00 00 00 00 00 00
  .............    01 00 00 00 00 00 00 00 00 00 00 00 00
016728-016745 StringBlock "profile_offc_pro"
016746-016761 DataBlock
  ................ 0a 00 00 00 01 00 00 00 00 00 00 00 ff ff ff ff
016762-016780 StringBlock "ingame_text_small"
016781-016800 DataBlock
  ................ 00 00 00 00 00 00 00 00 00 00 00 00 00 00 00 00
  ....             00 00 00 00
016801-016811 ShaderNameBlock "normal_t0"
016812-016815 ShaderVariableBlock 0.0 (0)
016816-016819 ShaderVariableBlock 0.0 (0)
016820-016823 ShaderVariableBlock 0.0 (0)
016824-016827 ShaderVariableBlock 0.0 (0)
016828-016838 ShaderNameBlock "normal_t0"
016839-016842 ShaderVariableBlock 0.0 (0)
016843-016846 ShaderVariableBlock 0.0 (0)
016847-016850 ShaderVariableBlock 0.0 (0)
016851-016854 ShaderVariableBlock 0.0 (0)
016855-016858 DataBlock
  ....             01 00 00 00
016859-016882 ImageUseBlock id=448462464 xofs=0 yofs=0 xsize=47 ysize=20 bgra=bgra(255,255,255,255)
016883-016983 DataBlock
  ................ 00 00 01 00 00 00 00 00 00 00 00 00 00 00 00 00
  ................ 00 01 00 00 00 00 00 00 00 00 00 00 00 00 00 00
  ..........?..... 00 00 00 00 00 00 00 00 00 80 3f 00 00 00 00 00
  ................ 00 00 00 00 00 00 00 00 00 00 00 00 00 00 00 00
  ................ 00 00 00 00 00 00 00 00 00 00 00 00 00 00 00 00
  .............-.. 00 00 00 00 00 00 00 00 00 00 00 00 00 2d 00 00
  .....            00 01 00 00 00
016984-016991 StringBlock "resize"
016992-017065 DataBlock
  ................ 00 00 01 00 00 00 00 00 00 00 00 00 00 00 00 00
  ..(............. 00 00 28 00 00 00 0b 00 00 00 ff ff ff ff 00 00
  ................ 00 00 00 00 00 00 00 00 00 00 00 00 00 00 00 00
  .............?.. 00 00 ff ff ff ff ff ff ff ff 00 00 80 3f 90 01
  .........?       00 00 04 00 00 00 00 00 80 3f
017066-017080 StringBlock "Quadratic Out"
017081-017166 DataBlock
  ................ 00 00 00 00 00 00 00 00 00 00 00 00 00 00 00 00
  ...........?.... 00 00 00 00 00 00 00 00 00 00 80 3f 00 00 00 00
  ...?............ 00 00 00 3f 00 00 00 00 00 00 00 00 00 00 00 00
  .?.............. 80 3f 00 00 00 00 00 00 00 00 00 00 00 00 00 00
  .......?...?...? 00 01 00 00 00 00 80 3f 00 00 00 3f 00 00 00 3f
  ...&..           00 00 80 26 06 19
017167-017173 StringBlock "hline"
017174-017220 DataBlock
  ................ 00 00 00 00 00 00 16 00 00 00 85 00 00 00 01 01
  ................ 00 00 00 00 01 00 00 00 00 01 00 00 00 00 05 00
  ...............  00 00 00 00 00 00 b0 ff ff ff 00 c0 ae 0c 19
017221-017275 ImageListBlock 1 elements:
  017225-017275 ImageBlockGen2 id=368969920 xsize=19 ysize=14 path="ui\\skins\\default\\greek_ornament_1"
017276-017284 DataBlock
  .........        00 00 00 00 00 01 00 00 00
017285-017288 StateIDBlock 420261568
017289-017298 StateNameBlock "NewState"
017299-017302 XSizeBlock 417
017303-017306 YSizeBlock 14
017307-017335 DataBlock
  ................ 00 00 00 00 02 00 00 00 00 00 00 00 00 00 00 00
  .............    02 00 00 00 00 00 00 00 00 00 00 00 00
017336-017349 StringBlock "tw_troy_bold"
017350-017365 DataBlock
  ................ 0a 00 00 00 02 00 00 00 00 00 00 00 dd da fa ff
017366-017388 StringBlock "Default Font Category"
017389-017408 DataBlock
  ................ 00 00 00 00 00 00 00 00 00 00 00 00 00 00 00 00
  ....             01 00 00 00
017409-017419 ShaderNameBlock "normal_t0"
017420-017423 ShaderVariableBlock 0.0 (0)
017424-017427 ShaderVariableBlock 0.0 (0)
017428-017431 ShaderVariableBlock 0.0 (0)
017432-017435 ShaderVariableBlock 0.0 (0)
017436-017446 ShaderNameBlock "normal_t0"
017447-017450 ShaderVariableBlock 0.0 (0)
017451-017454 ShaderVariableBlock 0.0 (0)
017455-017458 ShaderVariableBlock 0.0 (0)
017459-017462 ShaderVariableBlock 0.0 (0)
017463-017466 DataBlock
  ....             01 00 00 00
017467-017490 ImageUseBlock id=368969920 xofs=0 yofs=0 xsize=417 ysize=14 bgra=bgra(255,255,255,255)
017491-017618 DataBlock
  ................ 00 00 01 00 00 05 00 00 00 00 00 00 00 00 00 00
  ................ 00 00 00 00 00 00 00 00 00 00 00 00 00 00 00 00
  ..........?..... 00 00 00 00 00 00 00 00 00 80 3f 00 00 00 00 00
  ................ 00 00 00 00 00 00 00 00 00 00 00 00 00 00 00 00
  ................ 00 00 00 00 00 00 00 00 00 00 00 00 00 00 00 00
  .............2.. 00 00 00 00 00 00 00 00 00 00 00 00 00 32 00 00
  ................ 00 00 00 00 00 00 00 00 00 00 00 00 00 00 00 00
  ......?...?...?. 00 00 00 00 00 80 3f 00 00 00 3f 00 00 00 3f 00
017619-017640 StringBlock "UI_CAM_POPUP_Generic"
017641-017681 DataBlock
  ..........?...?. 00 00 00 00 00 00 00 00 00 80 3f 00 00 00 3f 00
  ..?............. 00 00 3f 00 00 00 00 00 00 00 00 00 00 00 00 80
  ?........        3f 00 00 00 00 00 00 00 00
