000000-000009 VersionBlock 121
000010-000013 RootIDBlock 427196832
000014-000019 StringBlock "root"
000020-000021 StringBlock ""
000022-000025 XOffsetBlock 0
000026-000029 YOffsetBlock 0
000030-000093 DataBlock
  ................ 00 00 00 00 01 01 00 00 00 00 01 00 00 00 00 01
  ................ 00 00 00 00 00 00 00 00 00 00 00 00 00 00 00 00
  . .[.....@.|.... 00 20 ab 5b 05 01 00 00 00 40 05 7c 19 00 00 a0
  ................ 05 00 00 84 03 00 00 00 00 00 00 00 01 00 00 00
000094-000097 StateIDBlock 89893664
000098-000107 NewStateBlock "NewState"
000108-000111 XSizeBlock 1440
000112-000115 YSizeBlock 900
000116-000144 DataBlock
  ................ 00 00 00 00 02 00 00 00 00 00 00 00 00 00 00 00
  .............    01 00 00 00 00 00 00 00 00 00 00 00 00
000145-000158 StringBlock "tw_troy_bold"
000159-000174 DataBlock
  ................ 0a 00 00 00 02 00 00 00 00 00 00 00 dd da fa ff
000175-000197 StringBlock "Default Font Category"
000198-000217 DataBlock
  ................ 00 00 00 00 00 00 00 00 00 00 00 00 00 00 00 00
  ....             01 00 00 00
000218-000228 T0Block "normal_t0"
000229-000244 DataBlock
  ................ 00 00 00 00 00 00 00 00 00 00 00 00 00 00 00 00
000245-000255 T0Block "normal_t0"
000256-000410 DataBlock
  ................ 00 00 00 00 00 00 00 00 00 00 00 00 00 00 00 00
  ....@.|......... 01 00 00 00 40 05 7c 19 00 00 00 00 00 00 00 00
  ................ a0 05 00 00 84 03 00 00 f0 f0 f0 ff 00 00 00 00
  ................ 00 00 00 00 00 00 00 00 00 00 00 00 00 01 01 00
  ................ 00 00 00 00 00 00 00 00 00 00 00 00 00 00 00 00
  ......?......... 00 00 00 00 00 80 3f 00 00 00 00 00 00 00 00 00
  ................ 00 00 00 00 00 00 00 00 00 00 00 00 00 00 00 00
  ................ 00 00 00 00 00 00 00 00 00 00 00 00 00 00 00 00
  ................ 00 00 00 00 00 00 00 00 00 00 00 00 00 00 00 00
  .........v.      00 01 00 00 00 00 00 e0 84 76 19
000411-000436 StringBlock "menu_small_button_toggle"
000437-000442 DataBlock
  ......           00 00 01 00 00 00
000443-000450 StringBlock "Button"
000451-000503 DataBlock
  ................ 00 00 00 00 00 00 00 00 bf 02 00 00 b1 01 00 00
  ................ 00 00 00 00 00 00 01 00 00 00 00 01 00 00 00 00
  ...............v 00 00 00 00 00 00 00 00 00 00 00 00 00 c0 cc 76
  .....            19 0b 00 00 00
000504-000559 ImageBlock id=181236080 xsize=34 ysize=34 path="ui\\skins\\default\\icon_menu_advisor.png" unknown=6135808
000560-000560 DataBlock
  .                0a
000561-000618 ImagePathBlock "ui\\skins\\default\\small_menu_button_selected_inactive.png"
000619-000627 DataBlock
  "..."....        22 00 00 00 22 00 00 00 00
000628-000688 ImageBlock id=90705664 xsize=34 ysize=34 path="ui\\skins\\default\\small_menu_button_down.png" unknown=4102443008
000689-000689 DataBlock
  .                0a
000690-000744 ImagePathBlock "ui\\skins\\default\\small_menu_button_selected_hover.png"
000745-000753 DataBlock
  "..."....        22 00 00 00 22 00 00 00 00
000754-000815 ImageBlock id=90730272 xsize=34 ysize=34 path="ui\\skins\\default\\small_menu_button_hover.png" unknown=2054889472
000816-000816 DataBlock
  .                19
000817-000863 ImagePathBlock "ui\\skins\\default\\small_menu_button_active.png"
000864-000872 DataBlock
  "..."....        22 00 00 00 22 00 00 00 00
000873-000937 ImageBlock id=427457472 xsize=34 ysize=34 path="ui\\skins\\default\\small_menu_button_inactive.png" unknown=2094735360
000938-000938 DataBlock
  .                19
000939-000987 ImagePathBlock "ui\\skins\\default\\small_menu_button_selected.png"
000988-000996 DataBlock
  "..."....        22 00 00 00 22 00 00 00 00
000997-001066 ImageBlock id=427582560 xsize=34 ysize=34 path="ui\\skins\\default\\small_menu_button_selected_down.png" unknown=1538068480
001067-001067 DataBlock
  .                05
001068-001116 ImagePathBlock "ui\\skins\\default\\small_menu_button_underlay.png"
001117-001125 DataBlock
  "..."....        22 00 00 00 22 00 00 00 00
001126-001199 ImageBlock id=1209554816 xsize=34 ysize=34 path="ui\\skins\\default\\small_menu_button_selected_underlay.png" unknown=0
001200-001208 DataBlock
  .......v.        00 0a 00 00 00 c0 cc 76 19
001209-001216 StringBlock "active"
001217-001253 DataBlock
  "..."........... 22 00 00 00 22 00 00 00 00 00 00 00 02 00 00 00
  ................ 00 00 00 00 00 00 00 00 01 00 00 00 00 00 00 00
  .....            00 00 00 00 00
001254-001271 StringBlock "profile_offc_pro"
001272-001287 DataBlock
  ................ 0c 00 00 00 00 00 00 00 00 00 00 00 a0 ad b4 ff
001288-001300 StringBlock "ingame_text"
001301-001320 DataBlock
  ................ 00 00 00 00 00 00 00 00 00 00 00 00 00 00 00 00
  ....             01 00 00 00
001321-001331 T0Block "normal_t0"
001332-001347 DataBlock
  ................ 00 00 00 00 00 00 00 00 00 00 00 00 00 00 00 00
001348-001358 T0Block "normal_t0"
001359-001681 DataBlock
  ................ 00 00 00 00 00 00 00 00 00 00 00 00 00 00 00 00
  ......[......... 07 00 00 00 10 ad 5b 05 00 00 00 00 00 00 00 00
  "..."........... 22 00 00 00 22 00 00 00 ff ff ff 00 00 00 00 00
  ................ 00 05 00 00 00 00 00 00 00 00 00 00 00 01 01 00
  ................ 00 00 00 00 00 00 00 00 00 00 00 00 00 00 00 00
  ......?......... 00 00 00 00 00 80 3f 00 00 00 00 00 00 00 00 00
  ................ 00 00 00 00 00 00 00 00 00 00 00 00 00 00 00 00
  ......... {z.... 00 00 00 00 00 00 00 00 00 20 7b 7a 19 00 00 00
  ....."..."...... 00 00 00 00 00 22 00 00 00 22 00 00 00 ff ff ff
  ................ ff 00 00 00 00 00 05 00 00 00 00 00 00 00 00 00
  ................ 00 00 01 01 00 00 00 00 00 00 00 00 00 00 00 00
  ...........?.... 00 00 00 00 00 00 00 00 00 00 80 3f 00 00 00 00
  ................ 00 00 00 00 00 00 00 00 00 00 00 00 00 00 00 00
  .............. { 00 00 00 00 00 00 00 00 00 00 00 00 00 00 20 7b
  z........."...". 7a 19 00 00 00 00 00 00 00 00 22 00 00 00 22 00
  ................ 00 00 ff ff ff 00 00 00 00 00 00 05 00 00 00 00
  ................ 00 00 00 00 00 00 00 01 01 00 00 00 00 00 00 00
  ................ 00 00 00 00 00 00 00 00 00 00 00 00 00 00 00 80
  ?............... 3f 00 00 00 00 00 00 00 00 00 00 00 00 00 00 00
  ................ 00 00 00 00 00 00 00 00 00 00 00 00 00 00 00 00
  ...              00 00 00
001682-001705 ImageUseBlock id=90730272 xofs=0 yofs=0 xsize=34 ysize=34 brga=16777215
001706-001782 DataBlock
  ................ 00 00 00 00 00 05 00 00 00 00 00 00 00 00 00 00
  ................ 00 01 01 00 00 00 00 00 00 00 00 00 00 00 00 00
  ..........?..... 00 00 00 00 00 00 00 00 00 80 3f 00 00 00 00 00
  ................ 00 00 00 00 00 00 00 00 00 00 00 00 00 00 00 00
  .............    00 00 00 00 00 00 00 00 00 00 00 00 00
001783-001806 ImageUseBlock id=181236080 xofs=0 yofs=0 xsize=34 ysize=34 brga=4294967295
001807-001849 DataBlock
  ................ 00 00 00 00 00 05 00 00 00 00 00 00 00 00 00 00
  ................ 00 01 01 00 00 00 00 00 00 00 00 00 00 00 00 00
  ..........?      00 00 00 00 00 00 00 00 00 80 3f
001850-001862 T0Block "brighten_t0"
001863-001894 DataBlock
  ................ 00 00 00 00 00 00 00 00 00 00 00 00 00 00 00 00
  ................ 00 00 00 00 00 00 00 00 00 00 00 00 00 00 00 00
001895-001918 ImageUseBlock id=181236080 xofs=0 yofs=0 xsize=34 ysize=34 brga=16777215
001919-001961 DataBlock
  ................ 00 00 00 00 00 05 00 00 00 00 00 00 00 00 00 00
  ................ 00 01 01 00 00 00 00 00 00 00 00 00 00 00 00 00
  ..........?      00 00 00 00 00 00 00 00 00 80 3f
001962-001974 T0Block "brighten_t0"
001975-002006 DataBlock
  ...?............ 00 00 00 3f 00 00 00 00 00 00 00 00 00 00 00 00
  ................ 00 00 00 00 00 00 00 00 00 00 00 00 00 00 00 00
002007-002030 ImageUseBlock id=181236080 xofs=0 yofs=0 xsize=34 ysize=34 brga=4294967295
002031-002073 DataBlock
  ................ 00 00 00 00 00 05 00 00 00 00 00 00 00 00 00 00
  ................ 00 01 01 00 00 00 00 00 00 00 00 00 00 00 00 00
  ..........?      00 00 00 00 00 00 00 00 00 80 3f
002074-002086 T0Block "brighten_t0"
002087-002154 DataBlock
  ................ 00 00 00 00 00 00 00 00 00 00 00 00 00 00 00 00
  ................ 00 00 00 00 00 00 00 00 00 00 00 00 00 00 00 00
  ................ 14 00 00 00 18 00 00 00 01 00 00 00 00 00 00 00
  .[|.....@....... e0 5b 7c 19 c8 00 00 00 40 00 00 00 00 00 00 00
  P...             50 ec e1 09
002155-002160 StringBlock "down"
002161-002197 DataBlock
  "..."........... 22 00 00 00 22 00 00 00 00 00 00 00 02 00 00 00
  ................ 00 00 00 00 00 00 00 00 01 00 00 00 00 00 00 00
  .....            00 00 00 00 00
002198-002215 StringBlock "profile_offc_pro"
002216-002231 DataBlock
  ................ 0c 00 00 00 00 00 00 00 00 00 00 00 a0 ad b4 ff
002232-002244 StringBlock "ingame_text"
002245-002264 DataBlock
  ................ 00 00 00 00 00 00 00 00 00 00 00 00 00 00 00 00
  ....             01 00 00 00
002265-002275 T0Block "normal_t0"
002276-002291 DataBlock
  ................ 00 00 00 00 00 00 00 00 00 00 00 00 00 00 00 00
002292-002302 T0Block "normal_t0"
002303-002524 DataBlock
  ...>............ 9a 99 99 3e 00 00 00 00 00 00 00 00 00 00 00 00
  ......[......... 04 00 00 00 10 ad 5b 05 00 00 00 00 00 00 00 00
  "..."........... 22 00 00 00 22 00 00 00 ff ff ff 00 00 00 00 00
  ................ 00 05 00 00 00 00 00 00 00 00 00 00 00 01 01 00
  ................ 00 00 00 00 00 00 00 00 00 00 00 00 00 00 00 00
  ......?......... 00 00 00 00 00 80 3f 00 00 00 00 00 00 00 00 00
  ................ 00 00 00 00 00 00 00 00 00 00 00 00 00 00 00 00
  ......... {z.... 00 00 00 00 00 00 00 00 00 20 7b 7a 19 00 00 00
  ....."..."...... 00 00 00 00 00 22 00 00 00 22 00 00 00 ff ff ff
  ................ 00 00 00 00 00 00 05 00 00 00 00 00 00 00 00 00
  ................ 00 00 01 01 00 00 00 00 00 00 00 00 00 00 00 00
  ...........?.... 00 00 00 00 00 00 00 00 00 00 80 3f 00 00 00 00
  ................ 00 00 00 00 00 00 00 00 00 00 00 00 00 00 00 00
  ..............   00 00 00 00 00 00 00 00 00 00 00 00 00 00
002525-002548 ImageUseBlock id=90705664 xofs=0 yofs=0 xsize=34 ysize=34 brga=4294967295
002549-002625 DataBlock
  ................ 00 00 00 00 00 05 00 00 00 00 00 00 00 00 00 00
  ................ 00 01 01 00 00 00 00 00 00 00 00 00 00 00 00 00
  ..........?..... 00 00 00 00 00 00 00 00 00 80 3f 00 00 00 00 00
  ................ 00 00 00 00 00 00 00 00 00 00 00 00 00 00 00 00
  .............    00 00 00 00 00 00 00 00 00 00 00 00 00
002626-002649 ImageUseBlock id=181236080 xofs=0 yofs=1 xsize=34 ysize=34 brga=4294946139
002650-002782 DataBlock
  ................ 00 00 00 00 00 05 00 00 00 00 00 00 00 01 00 00
  ................ 00 01 01 00 00 00 00 00 00 00 00 00 00 00 00 00
  ..........?..... 00 00 00 00 00 00 00 00 00 80 3f 00 00 00 00 00
  ................ 00 00 00 00 00 00 00 00 00 00 00 00 00 00 00 00
  ................ 00 00 00 00 00 00 00 00 00 00 00 00 00 91 00 00
  ...............v 00 db 00 00 00 02 00 00 00 01 00 00 00 a0 d2 76
  ................ 19 00 00 00 00 00 00 00 00 00 00 00 00 03 00 00
  ...v............ 00 c0 ce 76 19 00 00 00 00 00 00 00 00 00 00 00
  ...v.            00 a0 d2 76 19
002783-002792 StringBlock "down_off"
002793-002829 DataBlock
  "..."........... 22 00 00 00 22 00 00 00 00 00 00 00 02 00 00 00
  ................ 00 00 00 00 00 00 00 00 01 00 00 00 00 00 00 00
  .....            00 00 00 00 00
002830-002847 StringBlock "profile_offc_pro"
002848-002863 DataBlock
  ................ 0c 00 00 00 00 00 00 00 00 00 00 00 a0 ad b4 ff
002864-002876 StringBlock "ingame_text"
002877-002896 DataBlock
  ................ 00 00 00 00 00 00 00 00 00 00 00 00 00 00 00 00
  ....             01 00 00 00
002897-002907 T0Block "normal_t0"
002908-002923 DataBlock
  ................ 00 00 00 00 00 00 00 00 00 00 00 00 00 00 00 00
002924-002934 T0Block "normal_t0"
002935-003257 DataBlock
  ................ 00 00 00 00 00 00 00 00 00 00 00 00 00 00 00 00
  ......[......... 04 00 00 00 10 ad 5b 05 00 00 00 00 00 00 00 00
  "..."........... 22 00 00 00 22 00 00 00 ff ff ff 00 00 00 00 00
  ................ 00 05 00 00 00 00 00 00 00 00 00 00 00 01 01 00
  ................ 00 00 00 00 00 00 00 00 00 00 00 00 00 00 00 00
  ......?......... 00 00 00 00 00 80 3f 00 00 00 00 00 00 00 00 00
  ................ 00 00 00 00 00 00 00 00 00 00 00 00 00 00 00 00
  ......... {z.... 00 00 00 00 00 00 00 00 00 20 7b 7a 19 00 00 00
  ....."..."...... 00 00 00 00 00 22 00 00 00 22 00 00 00 ff ff ff
  ................ 00 00 00 00 00 00 05 00 00 00 00 00 00 00 00 00
  ................ 00 00 01 01 00 00 00 00 00 00 00 00 00 00 00 00
  ...........?.... 00 00 00 00 00 00 00 00 00 00 80 3f 00 00 00 00
  ................ 00 00 00 00 00 00 00 00 00 00 00 00 00 00 00 00
  .............. { 00 00 00 00 00 00 00 00 00 00 00 00 00 00 20 7b
  z........."...". 7a 19 00 00 00 00 00 00 00 00 22 00 00 00 22 00
  ................ 00 00 ff ff ff ff 00 00 00 00 00 05 00 00 00 00
  ................ 00 00 00 00 00 00 00 01 01 00 00 00 00 00 00 00
  ................ 00 00 00 00 00 00 00 00 00 00 00 00 00 00 00 80
  ?............... 3f 00 00 00 00 00 00 00 00 00 00 00 00 00 00 00
  ................ 00 00 00 00 00 00 00 00 00 00 00 00 00 00 00 00
  ...              00 00 00
003258-003281 ImageUseBlock id=181236080 xofs=0 yofs=0 xsize=34 ysize=34 brga=4294967295
003282-003414 DataBlock
  ................ 00 00 00 00 00 05 00 00 00 00 00 00 00 00 00 00
  ................ 00 01 01 00 00 00 00 00 00 00 00 00 00 00 00 00
  ..........?..... 00 00 00 00 00 00 00 00 00 80 3f 00 00 00 00 00
  ................ 00 00 00 00 00 00 00 00 00 00 00 00 00 00 00 00
  ................ 00 00 00 00 00 00 00 00 00 00 00 00 00 1d 00 00
  .?...........P.. 00 3f 01 00 00 02 00 00 00 00 00 00 00 50 ec e1
  ................ 09 00 00 00 00 00 00 00 00 00 00 00 00 08 00 00
  ...v............ 00 c0 cc 76 19 00 00 00 00 00 00 00 00 00 00 00
  ..[|.            00 e0 5b 7c 19
003415-003421 StringBlock "hover"
003422-003458 DataBlock
  "..."........... 22 00 00 00 22 00 00 00 00 00 00 00 02 00 00 00
  ................ 00 00 00 00 00 00 00 00 01 00 00 00 00 00 00 00
  .....            00 00 00 00 00
003459-003476 StringBlock "profile_offc_pro"
003477-003492 DataBlock
  ................ 0c 00 00 00 00 00 00 00 00 00 00 00 a0 ad b4 ff
003493-003505 StringBlock "ingame_text"
003506-003525 DataBlock
  ................ 00 00 00 00 00 00 00 00 00 00 00 00 00 00 00 00
  ....             01 00 00 00
003526-003536 T0Block "normal_t0"
003537-003552 DataBlock
  ................ 00 00 00 00 00 00 00 00 00 00 00 00 00 00 00 00
003553-003563 T0Block "normal_t0"
003564-003886 DataBlock
  ...>............ 9a 99 99 3e 00 00 00 00 00 00 00 00 00 00 00 00
  ......[......... 07 00 00 00 10 ad 5b 05 00 00 00 00 00 00 00 00
  "..."........... 22 00 00 00 22 00 00 00 ff ff ff 00 00 00 00 00
  ................ 00 05 00 00 00 00 00 00 00 00 00 00 00 01 01 00
  ................ 00 00 00 00 00 00 00 00 00 00 00 00 00 00 00 00
  ......?......... 00 00 00 00 00 80 3f 00 00 00 00 00 00 00 00 00
  ................ 00 00 00 00 00 00 00 00 00 00 00 00 00 00 00 00
  ......... {z.... 00 00 00 00 00 00 00 00 00 20 7b 7a 19 00 00 00
  ....."..."...... 00 00 00 00 00 22 00 00 00 22 00 00 00 ff ff ff
  ................ 00 00 00 00 00 00 05 00 00 00 00 00 00 00 00 00
  ................ 00 00 01 01 00 00 00 00 00 00 00 00 00 00 00 00
  ...........?.... 00 00 00 00 00 00 00 00 00 00 80 3f 00 00 00 00
  ................ 00 00 00 00 00 00 00 00 00 00 00 00 00 00 00 00
  .............. { 00 00 00 00 00 00 00 00 00 00 00 00 00 00 20 7b
  z........."...". 7a 19 00 00 00 00 00 00 00 00 22 00 00 00 22 00
  ................ 00 00 ff ff ff 00 00 00 00 00 00 05 00 00 00 00
  ................ 00 00 00 00 00 00 00 01 01 00 00 00 00 00 00 00
  ................ 00 00 00 00 00 00 00 00 00 00 00 00 00 00 00 80
  ?............... 3f 00 00 00 00 00 00 00 00 00 00 00 00 00 00 00
  ................ 00 00 00 00 00 00 00 00 00 00 00 00 00 00 00 00
  ...              00 00 00
003887-003910 ImageUseBlock id=90730272 xofs=0 yofs=0 xsize=34 ysize=34 brga=4294967295
003911-003987 DataBlock
  ................ 00 00 00 00 00 05 00 00 00 00 00 00 00 00 00 00
  ................ 00 01 01 00 00 00 00 00 00 00 00 00 00 00 00 00
  ..........?..... 00 00 00 00 00 00 00 00 00 80 3f 00 00 00 00 00
  ................ 00 00 00 00 00 00 00 00 00 00 00 00 00 00 00 00
  .............    00 00 00 00 00 00 00 00 00 00 00 00 00
003988-004011 ImageUseBlock id=181236080 xofs=0 yofs=0 xsize=34 ysize=34 brga=4294967295
004012-004054 DataBlock
  ................ 00 00 00 00 00 05 00 00 00 00 00 00 00 00 00 00
  ................ 00 01 01 00 00 00 00 00 00 00 00 00 00 00 00 00
  ..........?      00 00 00 00 00 00 00 00 00 80 3f
004055-004067 T0Block "brighten_t0"
004068-004099 DataBlock
  ................ 00 00 00 00 00 00 00 00 00 00 00 00 00 00 00 00
  ................ 00 00 00 00 00 00 00 00 00 00 00 00 00 00 00 00
004100-004123 ImageUseBlock id=181236080 xofs=0 yofs=0 xsize=34 ysize=34 brga=4294967295
004124-004166 DataBlock
  ................ 00 00 00 00 00 05 00 00 00 00 00 00 00 00 00 00
  ................ 00 01 01 00 00 00 00 00 00 00 00 00 00 00 00 00
  ..........?      00 00 00 00 00 00 00 00 00 80 3f
004167-004179 T0Block "brighten_t0"
004180-004211 DataBlock
  ...?............ 00 00 00 3f 00 00 00 00 00 00 00 00 00 00 00 00
  ................ 00 00 00 00 00 00 00 00 00 00 00 00 00 00 00 00
004212-004235 ImageUseBlock id=181236080 xofs=0 yofs=0 xsize=34 ysize=34 brga=16777215
004236-004278 DataBlock
  ................ 00 00 00 00 00 05 00 00 00 00 00 00 00 00 00 00
  ................ 00 01 01 00 00 00 00 00 00 00 00 00 00 00 00 00
  ..........?      00 00 00 00 00 00 00 00 00 80 3f
004279-004291 T0Block "brighten_t0"
004292-004379 DataBlock
  ................ 00 00 00 00 00 00 00 00 00 00 00 00 00 00 00 00
  ................ 00 00 00 00 00 00 00 00 00 00 00 00 00 00 00 00
  ....~........... 89 00 00 00 7e 00 00 00 02 00 00 00 01 00 00 00
  ..v.....@....... c0 cc 76 19 c8 00 00 00 40 00 00 00 00 00 00 00
  ....P........... 02 00 00 00 50 ec e1 09 00 00 00 00 00 00 00 00
  ........         00 00 00 00 e0 f0 e1 09
004380-004389 StringBlock "inactive"
004390-004426 DataBlock
  "..."........... 22 00 00 00 22 00 00 00 00 00 00 00 02 00 00 00
  ................ 00 00 00 00 00 00 00 00 01 00 00 00 00 00 00 00
  .....            00 00 00 00 00
004427-004444 StringBlock "profile_offc_pro"
004445-004460 DataBlock
  ................ 0c 00 00 00 00 00 00 00 00 00 00 00 a0 ad b4 ff
004461-004473 StringBlock "ingame_text"
004474-004493 DataBlock
  ................ 00 00 00 00 00 00 00 00 00 00 00 00 00 00 00 00
  ....             01 01 00 00
004494-004511 T0Block "set_greyscale_t0"
004512-004527 DataBlock
  ...?...?........ 00 00 80 3f 00 00 80 3f 00 00 00 00 00 00 00 00
004528-004538 T0Block "normal_t0"
004539-004760 DataBlock
  ................ 00 00 00 00 00 00 00 00 00 00 00 00 00 00 00 00
  ......[......... 04 00 00 00 10 ad 5b 05 00 00 00 00 00 00 00 00
  "..."........... 22 00 00 00 22 00 00 00 ff ff ff 00 00 00 00 00
  ................ 00 05 00 00 00 00 00 00 00 00 00 00 00 01 01 00
  ................ 00 00 00 00 00 00 00 00 00 00 00 00 00 00 00 00
  ......?......... 00 00 00 00 00 80 3f 00 00 00 00 00 00 00 00 00
  ................ 00 00 00 00 00 00 00 00 00 00 00 00 00 00 00 00
  ......... {z.... 00 00 00 00 00 00 00 00 00 20 7b 7a 19 00 00 00
  ....."..."...... 00 00 00 00 00 22 00 00 00 22 00 00 00 ff ff ff
  ................ 00 00 00 00 00 00 05 00 00 00 00 00 00 00 00 00
  ................ 00 00 01 01 00 00 00 00 00 00 00 00 00 00 00 00
  ...........?.... 00 00 00 00 00 00 00 00 00 00 80 3f 00 00 00 00
  ................ 00 00 00 00 00 00 00 00 00 00 00 00 00 00 00 00
  ..............   00 00 00 00 00 00 00 00 00 00 00 00 00 00
004761-004784 ImageUseBlock id=427457472 xofs=0 yofs=0 xsize=34 ysize=34 brga=4294967295
004785-004861 DataBlock
  ................ 00 00 00 00 00 05 00 00 00 00 00 00 00 00 00 00
  ................ 00 01 01 00 00 00 00 00 00 00 00 00 00 00 00 00
  ..........?..... 00 00 00 00 00 00 00 00 00 80 3f 00 00 00 00 00
  ................ 00 00 00 00 00 00 00 00 00 00 00 00 00 00 00 00
  .............    00 00 00 00 00 00 00 00 00 00 00 00 00
004862-004885 ImageUseBlock id=181236080 xofs=0 yofs=0 xsize=34 ysize=34 brga=2701131775
004886-004978 DataBlock
  ................ 00 00 00 00 00 05 00 00 00 00 00 00 00 00 00 00
  ................ 00 01 01 00 00 00 00 00 00 00 00 00 00 00 00 00
  ..........?..... 00 00 00 00 00 00 00 00 00 80 3f 00 00 00 00 00
  ................ 00 00 00 00 00 00 00 00 00 00 00 00 00 00 00 00
  ................ 00 00 00 00 00 00 00 00 00 00 00 00 00 00 00 00
  ...........v.    00 00 00 00 00 00 00 00 00 a0 d0 76 19
004979-004988 StringBlock "selected"
004989-005025 DataBlock
  "..."........... 22 00 00 00 22 00 00 00 00 00 00 00 02 00 00 00
  ................ 00 00 00 00 00 00 00 00 01 00 00 00 00 00 00 00
  .....            00 00 00 00 00
005026-005043 StringBlock "profile_offc_pro"
005044-005059 DataBlock
  ................ 0c 00 00 00 00 00 00 00 00 00 00 00 a0 ad b4 ff
005060-005072 StringBlock "ingame_text"
005073-005092 DataBlock
  ................ 00 00 00 00 00 00 00 00 00 00 00 00 00 00 00 00
  ....             01 00 00 00
005093-005103 T0Block "normal_t0"
005104-005119 DataBlock
  ................ 00 00 00 00 00 00 00 00 00 00 00 00 00 00 00 00
005120-005130 T0Block "normal_t0"
005131-005150 DataBlock
  ................ 00 00 00 00 00 00 00 00 00 00 00 00 00 00 00 00
  ....             07 00 00 00
005151-005174 ImageUseBlock id=1209554816 xofs=0 yofs=0 xsize=34 ysize=34 brga=16777215
005175-005554 DataBlock
  ................ 00 00 00 00 00 05 00 00 00 00 00 00 00 00 00 00
  ................ 00 01 01 00 00 00 00 00 00 00 00 00 00 00 00 00
  ..........?..... 00 00 00 00 00 00 00 00 00 80 3f 00 00 00 00 00
  ................ 00 00 00 00 00 00 00 00 00 00 00 00 00 00 00 00
  ............. .| 00 00 00 00 00 00 00 00 00 00 00 00 00 20 db 7c
  ........."...".. 19 00 00 00 00 00 00 00 00 22 00 00 00 22 00 00
  ................ 00 ff ff ff 00 00 00 00 00 00 05 00 00 00 00 00
  ................ 00 00 00 00 00 00 01 01 00 00 00 00 00 00 00 00
  ...............? 00 00 00 00 00 00 00 00 00 00 00 00 00 00 80 3f
  ................ 00 00 00 00 00 00 00 00 00 00 00 00 00 00 00 00
  ................ 00 00 00 00 00 00 00 00 00 00 00 00 00 00 00 00
  .. .|.........". 00 00 20 db 7c 19 00 00 00 00 00 00 00 00 22 00
  .."............. 00 00 22 00 00 00 ff ff ff ff 00 00 00 00 00 05
  ................ 00 00 00 00 00 00 00 00 00 00 00 01 01 00 00 00
  ................ 00 00 00 00 00 00 00 00 00 00 00 00 00 00 00 00
  ....?........... 00 00 00 80 3f 00 00 00 00 00 00 00 00 00 00 00
  ................ 00 00 00 00 00 00 00 00 00 00 00 00 00 00 00 00
  .......P........ 00 00 00 00 00 00 00 50 86 f4 0a 00 00 00 00 00
  ..."..."........ 00 00 00 22 00 00 00 22 00 00 00 ff ff ff 00 00
  ................ 00 00 00 00 05 00 00 00 00 00 00 00 00 00 00 00
  ................ 01 01 00 00 00 00 00 00 00 00 00 00 00 00 00 00
  .........?...... 00 00 00 00 00 00 00 00 80 3f 00 00 00 00 00 00
  ................ 00 00 00 00 00 00 00 00 00 00 00 00 00 00 00 00
  ............     00 00 00 00 00 00 00 00 00 00 00 00
005555-005578 ImageUseBlock id=181236080 xofs=0 yofs=0 xsize=34 ysize=34 brga=4294967295
005579-005655 DataBlock
  ................ 00 00 00 00 00 05 00 00 00 00 00 00 00 00 00 00
  ................ 00 01 01 00 00 00 00 00 00 00 00 00 00 00 00 00
  ..........?..... 00 00 00 00 00 00 00 00 00 80 3f 00 00 00 00 00
  ................ 00 00 00 00 00 00 00 00 00 00 00 00 00 00 00 00
  .............    00 00 00 00 00 00 00 00 00 00 00 00 00
005656-005679 ImageUseBlock id=181236080 xofs=0 yofs=0 xsize=34 ysize=34 brga=4294967295
005680-005722 DataBlock
  ................ 00 00 00 00 00 05 00 00 00 00 00 00 00 00 00 00
  ................ 00 01 01 00 00 00 00 00 00 00 00 00 00 00 00 00
  ..........?      00 00 00 00 00 00 00 00 00 80 3f
005723-005735 T0Block "brighten_t0"
005736-005767 DataBlock
  ..L>............ cd cc 4c 3e 00 00 00 00 00 00 00 00 00 00 00 00
  ................ 00 00 00 00 00 00 00 00 00 00 00 00 00 00 00 00
005768-005791 ImageUseBlock id=181236080 xofs=0 yofs=0 xsize=34 ysize=34 brga=16777215
005792-005834 DataBlock
  ................ 00 00 00 00 00 05 00 00 00 00 00 00 00 00 00 00
  ................ 00 01 01 00 00 00 00 00 00 00 00 00 00 00 00 00
  ..........?      00 00 00 00 00 00 00 00 00 80 3f
005835-005847 T0Block "brighten_t0"
005848-005915 DataBlock
  ...?............ 00 00 80 3f 00 00 00 00 00 00 00 00 00 00 00 00
  ................ 00 00 00 00 00 00 00 00 00 00 00 00 00 00 00 00
  ....M........... 91 01 00 00 4d 01 00 00 01 00 00 00 00 00 00 00
  ..v.....@....... c0 ce 76 19 c8 00 00 00 40 00 00 00 00 00 00 00
  ....             a0 e8 e1 09
005916-005930 StringBlock "selected_down"
005931-005967 DataBlock
  "..."........... 22 00 00 00 22 00 00 00 00 00 00 00 02 00 00 00
  ................ 00 00 00 00 00 00 00 00 01 00 00 00 00 00 00 00
  .....            00 00 00 00 00
005968-005985 StringBlock "profile_offc_pro"
005986-006001 DataBlock
  ................ 0c 00 00 00 00 00 00 00 00 00 00 00 a0 ad b4 ff
006002-006014 StringBlock "ingame_text"
006015-006034 DataBlock
  ................ 00 00 00 00 00 00 00 00 00 00 00 00 00 00 00 00
  ....             01 00 00 00
006035-006045 T0Block "normal_t0"
006046-006061 DataBlock
  ................ 00 00 00 00 00 00 00 00 00 00 00 00 00 00 00 00
006062-006072 T0Block "normal_t0"
006073-006092 DataBlock
  ...>............ 9a 99 99 3e 00 00 00 00 00 00 00 00 00 00 00 00
  ....             04 00 00 00
006093-006116 ImageUseBlock id=1209554816 xofs=0 yofs=0 xsize=34 ysize=34 brga=16777215
006117-006294 DataBlock
  ................ 00 00 00 00 00 05 00 00 00 00 00 00 00 00 00 00
  ................ 00 01 01 00 00 00 00 00 00 00 00 00 00 00 00 00
  ..........?..... 00 00 00 00 00 00 00 00 00 80 3f 00 00 00 00 00
  ................ 00 00 00 00 00 00 00 00 00 00 00 00 00 00 00 00
  ............. .| 00 00 00 00 00 00 00 00 00 00 00 00 00 20 db 7c
  ........."...".. 19 00 00 00 00 00 00 00 00 22 00 00 00 22 00 00
  ................ 00 ff ff ff 00 00 00 00 00 00 05 00 00 00 00 00
  ................ 00 00 00 00 00 00 01 01 00 00 00 00 00 00 00 00
  ...............? 00 00 00 00 00 00 00 00 00 00 00 00 00 00 80 3f
  ................ 00 00 00 00 00 00 00 00 00 00 00 00 00 00 00 00
  ................ 00 00 00 00 00 00 00 00 00 00 00 00 00 00 00 00
  ..               00 00
006295-006318 ImageUseBlock id=427582560 xofs=0 yofs=0 xsize=34 ysize=34 brga=4294967295
006319-006395 DataBlock
  ................ 00 00 00 00 00 05 00 00 00 00 00 00 00 00 00 00
  ................ 00 01 01 00 00 00 00 00 00 00 00 00 00 00 00 00
  ..........?..... 00 00 00 00 00 00 00 00 00 80 3f 00 00 00 00 00
  ................ 00 00 00 00 00 00 00 00 00 00 00 00 00 00 00 00
  .............    00 00 00 00 00 00 00 00 00 00 00 00 00
006396-006419 ImageUseBlock id=181236080 xofs=0 yofs=1 xsize=34 ysize=34 brga=4294946139
006420-006552 DataBlock
  ................ 00 00 00 00 00 05 00 00 00 00 00 00 00 01 00 00
  ................ 00 01 01 00 00 00 00 00 00 00 00 00 00 00 00 00
  ..........?..... 00 00 00 00 00 00 00 00 00 80 3f 00 00 00 00 00
  ................ 00 00 00 00 00 00 00 00 00 00 00 00 00 00 00 00
  ................ 00 00 00 00 00 00 00 00 00 00 00 00 00 0c 01 00
  .x.............v 00 78 00 00 00 02 00 00 00 01 00 00 00 e0 ca 76
  ................ 19 00 00 00 00 00 00 00 00 00 00 00 00 03 00 00
  ..[|............ 00 e0 5b 7c 19 00 00 00 00 00 00 00 00 00 00 00
  ...v.            00 e0 ca 76 19
006553-006571 StringBlock "selected_down_off"
006572-006608 DataBlock
  "..."........... 22 00 00 00 22 00 00 00 00 00 00 00 02 00 00 00
  ................ 00 00 00 00 00 00 00 00 01 00 00 00 00 00 00 00
  .....            00 00 00 00 00
006609-006626 StringBlock "profile_offc_pro"
006627-006642 DataBlock
  ................ 0c 00 00 00 00 00 00 00 00 00 00 00 a0 ad b4 ff
006643-006655 StringBlock "ingame_text"
006656-006675 DataBlock
  ................ 00 00 00 00 00 00 00 00 00 00 00 00 00 00 00 00
  ....             01 00 00 00
006676-006686 T0Block "normal_t0"
006687-006702 DataBlock
  ................ 00 00 00 00 00 00 00 00 00 00 00 00 00 00 00 00
006703-006713 T0Block "normal_t0"
006714-006733 DataBlock
  ................ 00 00 00 00 00 00 00 00 00 00 00 00 00 00 00 00
  ....             04 00 00 00
006734-006757 ImageUseBlock id=1209554816 xofs=0 yofs=0 xsize=34 ysize=34 brga=16777215
006758-007036 DataBlock
  ................ 00 00 00 00 00 05 00 00 00 00 00 00 00 00 00 00
  ................ 00 01 01 00 00 00 00 00 00 00 00 00 00 00 00 00
  ..........?..... 00 00 00 00 00 00 00 00 00 80 3f 00 00 00 00 00
  ................ 00 00 00 00 00 00 00 00 00 00 00 00 00 00 00 00
  ............. .| 00 00 00 00 00 00 00 00 00 00 00 00 00 20 db 7c
  ........."...".. 19 00 00 00 00 00 00 00 00 22 00 00 00 22 00 00
  ................ 00 ff ff ff 00 00 00 00 00 00 05 00 00 00 00 00
  ................ 00 00 00 00 00 00 01 01 00 00 00 00 00 00 00 00
  ...............? 00 00 00 00 00 00 00 00 00 00 00 00 00 00 80 3f
  ................ 00 00 00 00 00 00 00 00 00 00 00 00 00 00 00 00
  ................ 00 00 00 00 00 00 00 00 00 00 00 00 00 00 00 00
  .. .|.........". 00 00 20 db 7c 19 00 00 00 00 00 00 00 00 22 00
  .."............. 00 00 22 00 00 00 ff ff ff ff 00 00 00 00 00 05
  ................ 00 00 00 00 00 00 00 00 00 00 00 01 01 00 00 00
  ................ 00 00 00 00 00 00 00 00 00 00 00 00 00 00 00 00
  ....?........... 00 00 00 80 3f 00 00 00 00 00 00 00 00 00 00 00
  ................ 00 00 00 00 00 00 00 00 00 00 00 00 00 00 00 00
  .......          00 00 00 00 00 00 00
007037-007060 ImageUseBlock id=181236080 xofs=0 yofs=0 xsize=34 ysize=34 brga=4294967295
007061-007103 DataBlock
  ................ 00 00 00 00 00 05 00 00 00 00 00 00 00 00 00 00
  ................ 00 01 01 00 00 00 00 00 00 00 00 00 00 00 00 00
  ..........?      00 00 00 00 00 00 00 00 00 80 3f
007104-007116 T0Block "brighten_t0"
007117-007204 DataBlock
  ...?............ 00 00 00 3f 00 00 00 00 00 00 00 00 00 00 00 00
  ................ 00 00 00 00 00 00 00 00 00 00 00 00 00 00 00 00
  ................ 80 01 00 00 15 00 00 00 02 00 00 00 00 00 00 00
  ................ a0 e8 e1 09 00 00 00 00 00 00 00 00 00 00 00 00
  ......v......... 08 00 00 00 a0 d0 76 19 00 00 00 00 00 00 00 00
  ......v.         00 00 00 00 c0 ce 76 19
007205-007220 StringBlock "selected_hover"
007221-007257 DataBlock
  "..."........... 22 00 00 00 22 00 00 00 00 00 00 00 02 00 00 00
  ................ 00 00 00 00 00 00 00 00 01 00 00 00 00 00 00 00
  .....            00 00 00 00 00
007258-007275 StringBlock "profile_offc_pro"
007276-007291 DataBlock
  ................ 0c 00 00 00 00 00 00 00 00 00 00 00 a0 ad b4 ff
007292-007304 StringBlock "ingame_text"
007305-007324 DataBlock
  ................ 00 00 00 00 00 00 00 00 00 00 00 00 00 00 00 00
  ....             01 00 00 00
007325-007335 T0Block "normal_t0"
007336-007351 DataBlock
  ................ 00 00 00 00 00 00 00 00 00 00 00 00 00 00 00 00
007352-007362 T0Block "normal_t0"
007363-007382 DataBlock
  ...>............ 9a 99 99 3e 00 00 00 00 00 00 00 00 00 00 00 00
  ....             07 00 00 00
007383-007406 ImageUseBlock id=1209554816 xofs=0 yofs=0 xsize=34 ysize=34 brga=16777215
007407-007786 DataBlock
  ................ 00 00 00 00 00 05 00 00 00 00 00 00 00 00 00 00
  ................ 00 01 01 00 00 00 00 00 00 00 00 00 00 00 00 00
  ..........?..... 00 00 00 00 00 00 00 00 00 80 3f 00 00 00 00 00
  ................ 00 00 00 00 00 00 00 00 00 00 00 00 00 00 00 00
  ............. .| 00 00 00 00 00 00 00 00 00 00 00 00 00 20 db 7c
  ........."...".. 19 00 00 00 00 00 00 00 00 22 00 00 00 22 00 00
  ................ 00 ff ff ff 00 00 00 00 00 00 05 00 00 00 00 00
  ................ 00 00 00 00 00 00 01 01 00 00 00 00 00 00 00 00
  ...............? 00 00 00 00 00 00 00 00 00 00 00 00 00 00 80 3f
  ................ 00 00 00 00 00 00 00 00 00 00 00 00 00 00 00 00
  ................ 00 00 00 00 00 00 00 00 00 00 00 00 00 00 00 00
  .. .|.........". 00 00 20 db 7c 19 00 00 00 00 00 00 00 00 22 00
  .."............. 00 00 22 00 00 00 ff ff ff 00 00 00 00 00 00 05
  ................ 00 00 00 00 00 00 00 00 00 00 00 01 01 00 00 00
  ................ 00 00 00 00 00 00 00 00 00 00 00 00 00 00 00 00
  ....?........... 00 00 00 80 3f 00 00 00 00 00 00 00 00 00 00 00
  ................ 00 00 00 00 00 00 00 00 00 00 00 00 00 00 00 00
  .......P........ 00 00 00 00 00 00 00 50 86 f4 0a 00 00 00 00 00
  ..."..."........ 00 00 00 22 00 00 00 22 00 00 00 ff ff ff ff 00
  ................ 00 00 00 00 05 00 00 00 00 00 00 00 00 00 00 00
  ................ 01 01 00 00 00 00 00 00 00 00 00 00 00 00 00 00
  .........?...... 00 00 00 00 00 00 00 00 80 3f 00 00 00 00 00 00
  ................ 00 00 00 00 00 00 00 00 00 00 00 00 00 00 00 00
  ............     00 00 00 00 00 00 00 00 00 00 00 00
007787-007810 ImageUseBlock id=181236080 xofs=0 yofs=0 xsize=34 ysize=34 brga=4294967295
007811-007853 DataBlock
  ................ 00 00 00 00 00 05 00 00 00 00 00 00 00 00 00 00
  ................ 00 01 01 00 00 00 00 00 00 00 00 00 00 00 00 00
  ..........?      00 00 00 00 00 00 00 00 00 80 3f
007854-007866 T0Block "brighten_t0"
007867-007898 DataBlock
  ...?............ 00 00 80 3f 00 00 00 00 00 00 00 00 00 00 00 00
  ................ 00 00 00 00 00 00 00 00 00 00 00 00 00 00 00 00
007899-007922 ImageUseBlock id=181236080 xofs=0 yofs=0 xsize=34 ysize=34 brga=16777215
007923-007965 DataBlock
  ................ 00 00 00 00 00 05 00 00 00 00 00 00 00 00 00 00
  ................ 00 01 01 00 00 00 00 00 00 00 00 00 00 00 00 00
  ..........?      00 00 00 00 00 00 00 00 00 80 3f
007966-007978 T0Block "brighten_t0"
007979-008010 DataBlock
  ...?............ 00 00 80 3f 00 00 00 00 00 00 00 00 00 00 00 00
  ................ 00 00 00 00 00 00 00 00 00 00 00 00 00 00 00 00
008011-008034 ImageUseBlock id=181236080 xofs=0 yofs=0 xsize=34 ysize=34 brga=4294967295
008035-008077 DataBlock
  ................ 00 00 00 00 00 05 00 00 00 00 00 00 00 00 00 00
  ................ 00 01 01 00 00 00 00 00 00 00 00 00 00 00 00 00
  ..........?      00 00 00 00 00 00 00 00 00 80 3f
008078-008090 T0Block "brighten_t0"
008091-008178 DataBlock
  ...?............ 00 00 80 3f 00 00 00 00 00 00 00 00 00 00 00 00
  ................ 00 00 00 00 00 00 00 00 00 00 00 00 00 00 00 00
  ................ 0d 01 00 00 d8 00 00 00 02 00 00 00 01 00 00 00
  ..v.....@....... a0 d0 76 19 c8 00 00 00 40 00 00 00 00 00 00 00
  ................ 02 00 00 00 a0 e8 e1 09 00 00 00 00 00 00 00 00
  ........         00 00 00 00 b0 e6 e1 09
008179-008197 StringBlock "selected_inactive"
008198-008234 DataBlock
  "..."........... 22 00 00 00 22 00 00 00 00 00 00 00 02 00 00 00
  ................ 00 00 00 00 00 00 00 00 01 00 00 00 00 00 00 00
  .....            00 00 00 00 00
008235-008252 StringBlock "profile_offc_pro"
008253-008268 DataBlock
  ................ 0c 00 00 00 00 00 00 00 00 00 00 00 a0 ad b4 ff
008269-008281 StringBlock "ingame_text"
008282-008301 DataBlock
  ................ 00 00 00 00 00 00 00 00 00 00 00 00 00 00 00 00
  ....             01 01 00 00
008302-008319 T0Block "set_greyscale_t0"
008320-008335 DataBlock
  ...>...?........ 9a 99 99 3e 00 00 80 3f 00 00 00 00 00 00 00 00
008336-008346 T0Block "normal_t0"
008347-008366 DataBlock
  ................ 00 00 00 00 00 00 00 00 00 00 00 00 00 00 00 00
  ....             04 00 00 00
008367-008390 ImageUseBlock id=1209554816 xofs=0 yofs=0 xsize=34 ysize=34 brga=16777215
008391-008669 DataBlock
  ................ 00 00 00 00 00 05 00 00 00 00 00 00 00 00 00 00
  ................ 00 01 01 00 00 00 00 00 00 00 00 00 00 00 00 00
  ..........?..... 00 00 00 00 00 00 00 00 00 80 3f 00 00 00 00 00
  ................ 00 00 00 00 00 00 00 00 00 00 00 00 00 00 00 00
  ............. .| 00 00 00 00 00 00 00 00 00 00 00 00 00 20 db 7c
  ........."...".. 19 00 00 00 00 00 00 00 00 22 00 00 00 22 00 00
  ................ 00 ff ff ff 00 00 00 00 00 00 05 00 00 00 00 00
  ................ 00 00 00 00 00 00 01 01 00 00 00 00 00 00 00 00
  ...............? 00 00 00 00 00 00 00 00 00 00 00 00 00 00 80 3f
  ................ 00 00 00 00 00 00 00 00 00 00 00 00 00 00 00 00
  ................ 00 00 00 00 00 00 00 00 00 00 00 00 00 00 00 00
  ...]..........". 00 00 a0 5d 00 0a 00 00 00 00 00 00 00 00 22 00
  .."............. 00 00 22 00 00 00 ff ff ff ff 00 00 00 00 00 05
  ................ 00 00 00 00 00 00 00 00 00 00 00 01 01 00 00 00
  ................ 00 00 00 00 00 00 00 00 00 00 00 00 00 00 00 00
  ....?........... 00 00 00 80 3f 00 00 00 00 00 00 00 00 00 00 00
  ................ 00 00 00 00 00 00 00 00 00 00 00 00 00 00 00 00
  .......          00 00 00 00 00 00 00
008670-008693 ImageUseBlock id=181236080 xofs=0 yofs=0 xsize=34 ysize=34 brga=2701131775
008694-008736 DataBlock
  ................ 00 00 00 00 00 05 00 00 00 00 00 00 00 00 00 00
  ................ 00 01 01 00 00 00 00 00 00 00 00 00 00 00 00 00
  ..........?      00 00 00 00 00 00 00 00 00 80 3f
008737-008749 T0Block "brighten_t0"
008750-008797 DataBlock
  ...?............ 00 00 80 3f 00 00 00 00 00 00 00 00 00 00 00 00
  ................ 00 00 00 00 00 00 00 00 00 00 00 00 00 00 00 00
  ................ 00 00 00 00 00 00 00 00 00 00 00 00 01 00 00 00
008798-008812 StringBlock "dynamic_image"
008813-008828 DataBlock
  ..0............. 01 00 30 00 00 00 00 00 00 00 00 00 00 00 00 00
008829-008866 StringBlock "UI_GBL_TMP_Round_Small_Button_Toggle"
008867-008907 DataBlock
  ..........?..... 00 00 00 00 00 00 00 00 00 80 3f 00 00 00 00 00
  ................ 00 00 00 00 00 00 00 00 00 00 00 00 00 00 00 80
  ?........        3f 00 00 00 00 00 00 00 00
