000000-000009 VersionBlock 121
000010-000013 RootIDBlock 1432609024
000014-000019 StringBlock "root"
000020-000021 StringBlock ""
000022-000025 XOffsetBlock 0
000026-000029 YOffsetBlock 0
000030-000093 DataBlock
  ................ 00 00 00 00 01 01 00 00 00 00 01 00 00 00 00 01
  ................ 00 00 00 00 00 00 00 00 00 00 00 00 00 00 00 00
  ..."U......CL..@ 00 00 15 22 55 01 00 00 00 80 95 43 4c 00 00 40
  ................ 06 00 00 84 03 00 00 00 00 00 00 00 01 00 00 00
000094-000097 StateIDBlock 1428296960
000098-000107 StateNameBlock "NewState"
000108-000111 XSizeBlock 1600
000112-000115 YSizeBlock 900
000116-000144 DataBlock
  ................ 00 00 00 00 02 00 00 00 00 00 00 00 00 00 00 00
  .............    02 00 00 00 00 00 00 00 00 00 00 00 00
000145-000158 StringBlock "tw_troy_bold"
000159-000174 DataBlock
  ................ 0a 00 00 00 02 00 00 00 00 00 00 00 dd da fa ff
000175-000197 StringBlock "Default Font Category"
000198-000217 DataBlock
  ................ 00 00 00 00 00 00 00 00 00 00 00 00 00 00 00 00
  ....             01 00 00 00
000218-000228 ShaderNameBlock "normal_t0"
000229-000232 ShaderVariableBlock 0.0 (0)
000233-000236 ShaderVariableBlock 0.0 (0)
000237-000240 ShaderVariableBlock 0.0 (0)
000241-000244 ShaderVariableBlock 0.0 (0)
000245-000255 ShaderNameBlock "normal_t0"
000256-000259 ShaderVariableBlock 0.0 (0)
000260-000263 ShaderVariableBlock 0.0 (0)
000264-000267 ShaderVariableBlock 0.0 (0)
000268-000271 ShaderVariableBlock 0.0 (0)
000272-000410 DataBlock
  ......CL........ 01 00 00 00 80 95 43 4c 00 00 00 00 00 00 00 00
  @............... 40 06 00 00 84 03 00 00 f0 f0 f0 ff 00 00 00 00
  ................ 00 00 00 00 00 00 00 00 00 00 00 00 00 01 01 00
  ................ 00 00 00 00 00 00 00 00 00 00 00 00 00 00 00 00
  ......?......... 00 00 00 00 00 80 3f 00 00 00 00 00 00 00 00 00
  ................ 00 00 00 00 00 00 00 00 00 00 00 00 00 00 00 00
  ................ 00 00 00 00 00 00 00 00 00 00 00 00 00 00 00 00
  ................ 00 00 00 00 00 00 00 00 00 00 00 00 00 00 00 00
  ..........L      00 01 00 00 00 00 00 00 a3 2e 4c
000411-000427 StringBlock "overlay_tooltip"
000428-000433 DataBlock
  ......           00 00 01 00 00 00
000434-000457 StringBlock "OverlayTooltipCallback"
000458-000510 DataBlock
  ........b...N... 00 00 00 00 00 00 00 00 62 02 00 00 4e 01 00 00
  ................ 01 01 00 00 00 00 01 00 00 00 00 01 00 00 00 00
  ................ 00 00 00 00 00 00 00 00 00 00 00 00 00 00 a7 2e
  L....            4c 02 00 00 00
000511-000566 ImageBlockGen2 id=1443858432 xsize=256 ysize=256 path="ui\\skins\\default\\parchament_texture_05"
000567-000567 DataBlock
  .                00
000568-000619 ImageBlockGen2 id=1432165760 xsize=284 ysize=284 path="ui\\skins\\default\\parchament_medium"
000620-000628 DataBlock
  .........        00 00 00 00 00 01 00 00 00
000629-000632 StateIDBlock 1278125824
000633-000642 StateNameBlock "NewState"
000643-000646 XSizeBlock 380
000647-000650 YSizeBlock 261
000651-000679 DataBlock
  ................ 00 00 00 00 02 00 00 00 00 00 00 00 00 00 00 00
  .............    02 00 00 00 00 00 00 00 00 00 00 00 00
000680-000693 StringBlock "tw_troy_bold"
000694-000709 DataBlock
  ................ 0a 00 00 00 02 00 00 00 00 00 00 00 dd da fa ff
000710-000732 StringBlock "Default Font Category"
000733-000752 DataBlock
  ................ 00 00 00 00 00 00 00 00 00 00 00 00 00 00 00 00
  ....             01 00 00 00
000753-000763 ShaderNameBlock "normal_t0"
000764-000767 ShaderVariableBlock 0.0 (0)
000768-000771 ShaderVariableBlock 0.0 (0)
000772-000775 ShaderVariableBlock 0.0 (0)
000776-000779 ShaderVariableBlock 0.0 (0)
000780-000790 ShaderNameBlock "normal_t0"
000791-000794 ShaderVariableBlock 0.0 (0)
000795-000798 ShaderVariableBlock 0.0 (0)
000799-000802 ShaderVariableBlock 0.0 (0)
000803-000806 ShaderVariableBlock 0.0 (0)
000807-000810 DataBlock
  ....             02 00 00 00
000811-000834 ImageUseBlock id=1443858432 xofs=5 yofs=5 xsize=370 ysize=251 bgra=bgra(255,255,255,255)
000835-000877 DataBlock
  ................ 00 00 01 00 00 05 00 00 00 00 00 00 00 00 00 00
  ................ 00 01 01 00 00 00 00 00 00 00 00 00 00 00 00 00
  ..........?      00 00 00 00 00 00 00 00 00 80 3f
000878-000890 ShaderNameBlock "brighten_t0"
000891-000894 ShaderVariableBlock 1.7000000476837158 (1071225242)
000895-000898 ShaderVariableBlock 0.0 (0)
000899-000902 ShaderVariableBlock 0.0 (0)
000903-000906 ShaderVariableBlock 0.0 (0)
000907-000922 DataBlock
  ..pB..pB..pB..pB 00 00 70 42 00 00 70 42 00 00 70 42 00 00 70 42
000923-000946 ImageUseBlock id=1432165760 xofs=0 yofs=0 xsize=380 ysize=261 bgra=bgra(255,255,255,255)
000947-000989 DataBlock
  ................ 00 00 01 00 00 00 00 00 00 00 00 00 00 00 00 00
  ................ 00 01 01 00 00 00 00 00 00 00 00 00 00 00 00 00
  ..........?      00 00 00 00 00 00 00 00 00 80 3f
000990-001002 ShaderNameBlock "brighten_t0"
001003-001006 ShaderVariableBlock 0.5 (1056964608)
001007-001010 ShaderVariableBlock 0.0 (0)
001011-001014 ShaderVariableBlock 0.0 (0)
001015-001018 ShaderVariableBlock 0.0 (0)
001019-001068 DataBlock
  ..pB..pB..pB..pB 00 00 70 42 00 00 70 42 00 00 70 42 00 00 70 42
  ................ 00 00 00 00 00 00 00 00 00 00 00 00 00 00 00 00
  <............... 3c 00 00 00 00 00 00 00 06 00 00 00 00 00 00 19
  tM               74 4d
001069-001079 StringBlock "tx_header"
001080-001138 DataBlock
  ................ 00 00 00 00 00 00 0f 00 00 00 0f 00 00 00 00 01
  ................ 00 00 00 00 01 00 00 00 00 01 00 00 00 00 00 00
  ..............M. 00 00 00 00 00 00 00 00 00 00 00 00 b1 8a 4d 00
  ...........      00 00 00 00 00 00 00 01 00 00 00
001139-001142 StateIDBlock 1300934912
001143-001152 StateNameBlock "NewState"
001153-001156 XSizeBlock 350
001157-001160 YSizeBlock 22
001161-001180 UnicodeBlock "dy_header"
001181-001199 DataBlock
  ................ 00 00 04 00 00 00 00 00 00 00 00 00 00 00 03 00
  ...              00 00 00
001200-001261 UnicodeBlock "tx_header_NewState_Text_150048"
001262-001267 DataBlock
  ......           00 00 00 00 00 00
001268-001283 StringBlock "tw_troy_medium"
001284-001299 DataBlock
  .............0d. 0c 00 00 00 00 00 00 00 00 00 00 00 00 30 64 ff
001300-001323 StringBlock "parchment_header_small"
001324-001343 DataBlock
  ................ 03 00 00 00 03 00 00 00 06 00 00 00 00 00 00 00
  ....             01 00 00 00
001344-001354 ShaderNameBlock "normal_t0"
001355-001358 ShaderVariableBlock 0.0 (0)
001359-001362 ShaderVariableBlock 0.0 (0)
001363-001366 ShaderVariableBlock 0.0 (0)
001367-001370 ShaderVariableBlock 0.0 (0)
001371-001381 ShaderNameBlock "normal_t0"
001382-001385 ShaderVariableBlock 0.0 (0)
001386-001389 ShaderVariableBlock 0.0 (0)
001390-001393 ShaderVariableBlock 0.0 (0)
001394-001397 ShaderVariableBlock 0.0 (0)
001398-001457 DataBlock
  ................ 00 00 00 00 00 00 00 00 00 00 00 00 00 00 00 00
  ....<........... 00 00 00 00 3c 00 00 00 00 00 00 00 00 00 00 00
  .............?.. 00 00 00 00 00 00 00 00 00 00 00 00 80 3f 00 00
  ...........V     00 00 00 00 00 00 00 00 80 c6 12 56
001458-001475 StringBlock "separator_header"
001476-001522 DataBlock
  ..........(..... 00 00 00 00 00 00 0f 00 00 00 28 00 00 00 01 00
  ................ 00 00 00 00 01 00 00 00 00 01 00 00 00 00 00 00
  .............]U  00 00 00 00 00 00 00 00 00 00 00 80 1a 5d 55
001523-001583 ImageListBlock 1 elements:
  001527-001583 ImageBlockGen2 id=1444089472 xsize=38 ysize=28 path="ui\\skins\\default\\greek_ornament_1_large"
001584-001592 DataBlock
  .........        00 00 00 00 00 01 00 00 00
001593-001596 StateIDBlock 1432164992
001597-001606 StateNameBlock "NewState"
001607-001610 XSizeBlock 350
001611-001614 YSizeBlock 28
001615-001643 DataBlock
  ................ 00 00 00 00 02 00 00 00 00 00 00 00 00 00 00 00
  .............    02 00 00 00 00 00 00 00 00 00 00 00 00
001644-001657 StringBlock "tw_troy_bold"
001658-001673 DataBlock
  ................ 0a 00 00 00 02 00 00 00 00 00 00 00 dd da fa ff
001674-001696 StringBlock "Default Font Category"
001697-001716 DataBlock
  ................ 00 00 00 00 00 00 00 00 00 00 00 00 00 00 00 00
  ....             00 00 00 00
001717-001727 ShaderNameBlock "normal_t0"
001728-001731 ShaderVariableBlock 0.0 (0)
001732-001735 ShaderVariableBlock 0.0 (0)
001736-001739 ShaderVariableBlock 0.0 (0)
001740-001743 ShaderVariableBlock 0.0 (0)
001744-001754 ShaderNameBlock "normal_t0"
001755-001758 ShaderVariableBlock 0.0 (0)
001759-001762 ShaderVariableBlock 0.0 (0)
001763-001766 ShaderVariableBlock 0.0 (0)
001767-001770 ShaderVariableBlock 0.0 (0)
001771-001774 DataBlock
  ....             01 00 00 00
001775-001798 ImageUseBlock id=1444089472 xofs=0 yofs=0 xsize=350 ysize=28 bgra=bgra(255,255,255,180)
001799-001931 DataBlock
  ................ 00 00 01 00 00 00 00 00 00 00 00 00 00 00 00 00
  ................ 00 00 00 00 00 00 00 00 00 00 00 00 00 00 00 00
  ..........?..... 00 00 00 00 00 00 00 00 00 80 3f 00 00 00 00 00
  ................ 00 00 00 00 00 00 00 00 00 00 00 00 00 00 00 00
  ................ 00 00 00 00 00 00 00 00 00 00 00 00 00 00 00 00
  .............<.. 00 00 00 00 00 00 00 00 00 00 00 00 00 3c 00 00
  ................ 00 00 00 00 00 00 00 00 00 00 00 00 00 00 00 00
  ......?......... 00 00 00 00 00 80 3f 00 00 00 00 00 00 00 00 00
  ....2            00 00 8f b6 32
001932-001940 StringBlock "dy_desc"
001941-001999 DataBlock
  ..........G..... 00 00 00 00 00 00 0f 00 00 00 47 00 00 00 00 01
  ................ 00 00 00 00 01 00 00 00 00 01 00 00 00 00 00 00
  ..............2. 00 00 00 00 00 00 00 00 00 00 00 80 a2 b6 32 00
  ...........      00 00 00 00 00 00 00 01 00 00 00
002000-002003 StateIDBlock 850829952
002004-002013 StateNameBlock "NewState"
002014-002017 XSizeBlock 350
002018-002021 YSizeBlock 36
002022-002037 UnicodeBlock "dy_desc"
002038-002056 DataBlock
  ................ 00 00 02 00 00 00 00 00 00 00 00 00 00 00 03 00
  ...              00 00 00
002057-002114 UnicodeBlock "dy_desc_NewState_Text_6e003d"
002115-002120 DataBlock
  ......           00 00 00 00 00 00
002121-002138 StringBlock "profile_offc_pro"
002139-002154 DataBlock
  .............3.. 0c 00 00 00 00 00 00 00 00 00 00 00 1b 33 c4 ff
002155-002174 StringBlock "parchment_text_red"
002175-002194 DataBlock
  ................ 14 00 00 00 14 00 00 00 0a 00 00 00 0a 00 00 00
  ....             01 00 00 00
002195-002205 ShaderNameBlock "normal_t0"
002206-002209 ShaderVariableBlock 0.0 (0)
002210-002213 ShaderVariableBlock 0.0 (0)
002214-002217 ShaderVariableBlock 0.0 (0)
002218-002221 ShaderVariableBlock 0.0 (0)
002222-002232 ShaderNameBlock "normal_t0"
002233-002236 ShaderVariableBlock 0.0 (0)
002237-002240 ShaderVariableBlock 0.0 (0)
002241-002244 ShaderVariableBlock 0.0 (0)
002245-002248 ShaderVariableBlock 0.0 (0)
002249-002308 DataBlock
  ................ 00 00 00 00 00 00 00 00 00 00 00 00 00 00 00 00
  ....<........... 00 00 00 00 3c 00 00 00 00 00 00 00 00 00 00 00
  .............?.. 00 00 00 00 00 00 00 00 00 00 00 00 80 3f 00 00
  ...........K     00 00 00 00 00 00 00 00 a8 0d a2 4b
002309-002324 StringBlock "separator_desc"
002325-002383 DataBlock
  ..........n..... 00 00 00 00 00 00 1f 00 00 00 6e 00 00 00 01 00
  ................ 00 00 00 00 01 00 00 00 00 01 00 00 00 00 00 00
  ...........`.~:. 00 00 10 00 00 00 00 00 00 00 00 60 f4 7e 3a 00
  ...........      00 00 00 00 00 00 00 01 00 00 00
002384-002387 StateIDBlock 981398624
002388-002397 StateNameBlock "NewState"
002398-002401 XSizeBlock 318
002402-002405 YSizeBlock 10
002406-002434 DataBlock
  ................ 00 00 00 00 02 00 00 00 00 00 00 00 00 00 00 00
  .............    02 00 00 00 00 00 00 00 00 00 00 00 00
002435-002448 StringBlock "tw_troy_bold"
002449-002464 DataBlock
  ................ 0a 00 00 00 02 00 00 00 00 00 00 00 dd da fa ff
002465-002487 StringBlock "Default Font Category"
002488-002507 DataBlock
  ................ 00 00 00 00 00 00 00 00 00 00 00 00 00 00 00 00
  ....             01 00 00 00
002508-002518 ShaderNameBlock "normal_t0"
002519-002522 ShaderVariableBlock 0.0 (0)
002523-002526 ShaderVariableBlock 0.0 (0)
002527-002530 ShaderVariableBlock 0.0 (0)
002531-002534 ShaderVariableBlock 0.0 (0)
002535-002545 ShaderNameBlock "normal_t0"
002546-002549 ShaderVariableBlock 0.0 (0)
002550-002553 ShaderVariableBlock 0.0 (0)
002554-002557 ShaderVariableBlock 0.0 (0)
002558-002561 ShaderVariableBlock 0.0 (0)
002562-002599 DataBlock
  ................ 00 00 00 00 00 00 00 00 00 00 00 00 00 00 00 00
  ....<........... 00 00 00 00 3c 00 00 00 00 00 00 00 05 00 00 00
  ..x..K           00 00 78 ba a1 4b
002600-002605 StringBlock "left"
002606-002652 DataBlock
  ................ 00 00 00 00 00 00 00 00 00 00 00 00 00 00 00 00
  ................ 00 00 00 00 01 00 00 00 00 01 00 00 00 00 00 00
  ..............:  00 00 00 00 00 00 00 00 00 00 00 e8 16 7f 3a
002653-002713 ImageListBlock 1 elements:
  002657-002713 ImageBlockGen2 id=967961008 xsize=14 ysize=10 path="ui\\skins\\default\\troy_sep_orange_side_h"
002714-002722 DataBlock
  .........        00 00 00 00 00 01 00 00 00
002723-002726 StateIDBlock 981407464
002727-002736 StateNameBlock "NewState"
002737-002740 XSizeBlock 14
002741-002744 YSizeBlock 10
002745-002773 DataBlock
  ................ 00 00 00 00 02 00 00 00 00 00 00 00 00 00 00 00
  .............    02 00 00 00 00 00 00 00 00 00 00 00 00
002774-002787 StringBlock "tw_troy_bold"
002788-002803 DataBlock
  ................ 0a 00 00 00 02 00 00 00 00 00 00 00 dd da fa ff
002804-002826 StringBlock "Default Font Category"
002827-002846 DataBlock
  ................ 00 00 00 00 00 00 00 00 00 00 00 00 00 00 00 00
  ....             01 00 00 00
002847-002857 ShaderNameBlock "normal_t0"
002858-002861 ShaderVariableBlock 0.0 (0)
002862-002865 ShaderVariableBlock 0.0 (0)
002866-002869 ShaderVariableBlock 0.0 (0)
002870-002873 ShaderVariableBlock 0.0 (0)
002874-002884 ShaderNameBlock "normal_t0"
002885-002888 ShaderVariableBlock 0.0 (0)
002889-002892 ShaderVariableBlock 0.0 (0)
002893-002896 ShaderVariableBlock 0.0 (0)
002897-002900 ShaderVariableBlock 0.0 (0)
002901-002904 DataBlock
  ....             01 00 00 00
002905-002928 ImageUseBlock id=967961008 xofs=0 yofs=0 xsize=14 ysize=10 bgra=bgra(255,255,255,255)
002929-003061 DataBlock
  ................ 00 00 00 00 00 00 00 00 00 00 00 00 00 00 00 00
  ................ 00 01 01 00 00 00 00 00 00 00 00 00 00 00 00 00
  ..........?..... 00 00 00 00 00 00 00 00 00 80 3f 00 00 00 00 00
  ................ 00 00 00 00 00 00 00 00 00 00 00 00 00 00 00 00
  ................ 00 00 00 00 00 00 00 00 00 00 00 00 00 00 00 00
  .............<.. 00 00 00 00 00 00 00 00 00 00 00 00 00 3c 00 00
  ................ 00 00 00 00 00 00 00 00 00 00 00 00 00 00 00 00
  ......?......... 00 00 00 00 00 80 3f 00 00 00 00 00 00 00 00 00
  ....K            00 98 c9 a1 4b
003062-003072 StringBlock "left_line"
003073-003119 DataBlock
  ................ 00 00 00 00 00 00 0e 00 00 00 00 00 00 00 01 00
  ................ 00 00 00 00 01 00 00 00 00 01 00 00 00 00 00 00
  ...........(.~:  00 00 00 00 00 00 00 00 00 00 00 28 d7 7e 3a
003120-003180 ImageListBlock 1 elements:
  003124-003180 ImageBlockGen2 id=967959424 xsize=193 ysize=10 path="ui\\skins\\default\\troy_sep_orange_line_h"
003181-003189 DataBlock
  .........        00 00 00 00 00 01 00 00 00
003190-003193 StateIDBlock 981391144
003194-003203 StateNameBlock "NewState"
003204-003207 XSizeBlock 127
003208-003211 YSizeBlock 10
003212-003240 DataBlock
  ................ 00 00 00 00 02 00 00 00 00 00 00 00 00 00 00 00
  .............    02 00 00 00 00 00 00 00 00 00 00 00 00
003241-003254 StringBlock "tw_troy_bold"
003255-003270 DataBlock
  ................ 0a 00 00 00 02 00 00 00 00 00 00 00 dd da fa ff
003271-003293 StringBlock "Default Font Category"
003294-003313 DataBlock
  ................ 00 00 00 00 00 00 00 00 00 00 00 00 00 00 00 00
  ....             01 00 00 00
003314-003324 ShaderNameBlock "normal_t0"
003325-003328 ShaderVariableBlock 0.0 (0)
003329-003332 ShaderVariableBlock 0.0 (0)
003333-003336 ShaderVariableBlock 0.0 (0)
003337-003340 ShaderVariableBlock 0.0 (0)
003341-003351 ShaderNameBlock "normal_t0"
003352-003355 ShaderVariableBlock 0.0 (0)
003356-003359 ShaderVariableBlock 0.0 (0)
003360-003363 ShaderVariableBlock 0.0 (0)
003364-003367 ShaderVariableBlock 0.0 (0)
003368-003371 DataBlock
  ....             01 00 00 00
003372-003395 ImageUseBlock id=967959424 xofs=0 yofs=0 xsize=127 ysize=10 bgra=bgra(255,255,255,255)
003396-003528 DataBlock
  ................ 00 00 00 00 00 00 00 00 00 00 00 00 00 00 00 00
  ................ 00 01 01 00 00 00 00 00 00 00 00 00 00 00 00 00
  ..........?..... 00 00 00 00 00 00 00 00 00 80 3f 00 00 00 00 00
  ................ 00 00 00 00 00 00 00 00 00 00 00 00 00 00 00 00
  ................ 00 00 00 00 00 00 00 00 00 00 00 00 00 00 00 00
  .............<.. 00 00 00 00 00 00 00 00 00 00 00 00 00 3c 00 00
  ................ 00 00 00 00 00 00 00 00 00 00 00 00 00 00 00 00
  ......?......... 00 00 00 00 00 80 3f 00 00 00 00 00 00 00 00 00
  .`...            00 60 f3 eb 1c
003529-003536 StringBlock "middle"
003537-003583 DataBlock
  ................ 00 00 00 00 00 00 8d 00 00 00 00 00 00 00 00 00
  ................ 00 00 00 00 01 00 00 00 00 01 00 00 00 00 00 00
  ........... .~:  00 00 00 00 00 00 00 00 00 00 00 20 df 7e 3a
003584-003646 ImageListBlock 1 elements:
  003588-003646 ImageBlockGen2 id=967960304 xsize=35 ysize=10 path="ui\\skins\\default\\troy_sep_orange_middle_h"
003647-003655 DataBlock
  .........        00 00 00 00 00 01 00 00 00
003656-003659 StateIDBlock 981393184
003660-003669 StateNameBlock "NewState"
003670-003673 XSizeBlock 36
003674-003677 YSizeBlock 10
003678-003706 DataBlock
  ................ 00 00 00 00 02 00 00 00 00 00 00 00 00 00 00 00
  .............    02 00 00 00 00 00 00 00 00 00 00 00 00
003707-003720 StringBlock "tw_troy_bold"
003721-003736 DataBlock
  ................ 0a 00 00 00 02 00 00 00 00 00 00 00 dd da fa ff
003737-003759 StringBlock "Default Font Category"
003760-003779 DataBlock
  ................ 00 00 00 00 00 00 00 00 00 00 00 00 00 00 00 00
  ....             01 00 00 00
003780-003790 ShaderNameBlock "normal_t0"
003791-003794 ShaderVariableBlock 0.0 (0)
003795-003798 ShaderVariableBlock 0.0 (0)
003799-003802 ShaderVariableBlock 0.0 (0)
003803-003806 ShaderVariableBlock 0.0 (0)
003807-003817 ShaderNameBlock "normal_t0"
003818-003821 ShaderVariableBlock 0.0 (0)
003822-003825 ShaderVariableBlock 0.0 (0)
003826-003829 ShaderVariableBlock 0.0 (0)
003830-003833 ShaderVariableBlock 0.0 (0)
003834-003837 DataBlock
  ....             01 00 00 00
003838-003861 ImageUseBlock id=967960304 xofs=0 yofs=0 xsize=36 ysize=10 bgra=bgra(255,255,255,255)
003862-003994 DataBlock
  ................ 00 00 00 00 00 00 00 00 00 00 00 00 00 00 00 00
  ................ 00 01 01 00 00 00 00 00 00 00 00 00 00 00 00 00
  ..........?..... 00 00 00 00 00 00 00 00 00 80 3f 00 00 00 00 00
  ................ 00 00 00 00 00 00 00 00 00 00 00 00 00 00 00 00
  ................ 00 00 00 00 00 00 00 00 00 00 00 00 00 00 00 00
  .............<.. 00 00 00 00 00 00 00 00 00 00 00 00 00 3c 00 00
  ................ 00 00 00 00 00 00 00 00 00 00 00 00 00 00 00 00
  ......?......... 00 00 00 00 00 80 3f 00 00 00 00 00 00 00 00 00
  ....K            00 08 c2 a1 4b
003995-004006 StringBlock "right_line"
004007-004053 DataBlock
  ................ 00 00 00 00 00 00 b1 00 00 00 00 00 00 00 01 00
  ................ 00 00 00 00 01 00 00 00 00 01 00 00 00 00 00 00
  ...........@..:  00 00 00 00 00 00 00 00 00 00 00 40 14 7f 3a
004054-004114 ImageListBlock 1 elements:
  004058-004114 ImageBlockGen2 id=967960480 xsize=193 ysize=10 path="ui\\skins\\default\\troy_sep_orange_line_h"
004115-004123 DataBlock
  .........        00 00 00 00 00 01 00 00 00
004124-004127 StateIDBlock 981406784
004128-004137 StateNameBlock "NewState"
004138-004141 XSizeBlock 127
004142-004145 YSizeBlock 10
004146-004174 DataBlock
  ................ 00 00 00 00 02 00 00 00 00 00 00 00 00 00 00 00
  .............    02 00 00 00 00 00 00 00 00 00 00 00 00
004175-004188 StringBlock "tw_troy_bold"
004189-004204 DataBlock
  ................ 0a 00 00 00 02 00 00 00 00 00 00 00 dd da fa ff
004205-004227 StringBlock "Default Font Category"
004228-004247 DataBlock
  ................ 00 00 00 00 00 00 00 00 00 00 00 00 00 00 00 00
  ....             01 00 00 00
004248-004258 ShaderNameBlock "normal_t0"
004259-004262 ShaderVariableBlock 0.0 (0)
004263-004266 ShaderVariableBlock 0.0 (0)
004267-004270 ShaderVariableBlock 0.0 (0)
004271-004274 ShaderVariableBlock 0.0 (0)
004275-004285 ShaderNameBlock "normal_t0"
004286-004289 ShaderVariableBlock 0.0 (0)
004290-004293 ShaderVariableBlock 0.0 (0)
004294-004297 ShaderVariableBlock 0.0 (0)
004298-004301 ShaderVariableBlock 0.0 (0)
004302-004305 DataBlock
  ....             01 00 00 00
004306-004329 ImageUseBlock id=967960480 xofs=0 yofs=0 xsize=127 ysize=10 bgra=bgra(255,255,255,255)
004330-004462 DataBlock
  ................ 00 00 00 00 00 00 00 00 00 00 00 00 00 00 00 00
  ................ 00 01 01 00 00 00 00 00 00 00 00 00 00 00 00 00
  ..........?..... 00 00 00 00 00 00 00 00 00 80 3f 00 00 00 00 00
  ................ 00 00 00 00 00 00 00 00 00 00 00 00 00 00 00 00
  ................ 00 00 00 00 00 00 00 00 00 00 00 00 00 00 00 00
  .............<.. 00 00 00 00 00 00 00 00 00 00 00 00 00 3c 00 00
  ................ 00 00 00 00 00 00 00 00 00 00 00 00 00 00 00 00
  ......?......... 00 00 00 00 00 80 3f 00 00 00 00 00 00 00 00 00
  .(..K            00 28 d1 a1 4b
004463-004469 StringBlock "right"
004470-004516 DataBlock
  ......0......... 00 00 00 00 00 00 30 01 00 00 00 00 00 00 00 00
  ................ 00 00 00 00 01 00 00 00 00 01 00 00 00 00 00 00
  .............~:  00 00 00 00 00 00 00 00 00 00 00 08 f7 7e 3a
004517-004577 ImageListBlock 1 elements:
  004521-004577 ImageBlockGen2 id=967960656 xsize=14 ysize=10 path="ui\\skins\\default\\troy_sep_orange_side_h"
004578-004586 DataBlock
  .........        00 00 00 00 00 01 00 00 00
004587-004590 StateIDBlock 981399304
004591-004600 StateNameBlock "NewState"
004601-004604 XSizeBlock 14
004605-004608 YSizeBlock 10
004609-004637 DataBlock
  ................ 00 00 00 00 02 00 00 00 00 00 00 00 00 00 00 00
  .............    02 00 00 00 00 00 00 00 00 00 00 00 00
004638-004651 StringBlock "tw_troy_bold"
004652-004667 DataBlock
  ................ 0a 00 00 00 02 00 00 00 00 00 00 00 dd da fa ff
004668-004690 StringBlock "Default Font Category"
004691-004710 DataBlock
  ................ 00 00 00 00 00 00 00 00 00 00 00 00 00 00 00 00
  ....             01 00 00 00
004711-004721 ShaderNameBlock "normal_t0"
004722-004725 ShaderVariableBlock 0.0 (0)
004726-004729 ShaderVariableBlock 0.0 (0)
004730-004733 ShaderVariableBlock 0.0 (0)
004734-004737 ShaderVariableBlock 0.0 (0)
004738-004748 ShaderNameBlock "normal_t0"
004749-004752 ShaderVariableBlock 0.0 (0)
004753-004756 ShaderVariableBlock 0.0 (0)
004757-004760 ShaderVariableBlock 0.0 (0)
004761-004764 ShaderVariableBlock 0.0 (0)
004765-004768 DataBlock
  ....             01 00 00 00
004769-004792 ImageUseBlock id=967960656 xofs=0 yofs=0 xsize=14 ysize=10 bgra=bgra(255,255,255,255)
004793-004920 DataBlock
  ................ 00 00 00 01 00 00 00 00 00 00 00 00 00 00 00 00
  ................ 00 01 01 00 00 00 00 00 00 00 00 00 00 00 00 00
  ..........?..... 00 00 00 00 00 00 00 00 00 80 3f 00 00 00 00 00
  ................ 00 00 00 00 00 00 00 00 00 00 00 00 00 00 00 00
  ................ 00 00 00 00 00 00 00 00 00 00 00 00 00 00 00 00
  .............<.. 00 00 00 00 00 00 00 00 00 00 00 00 00 3c 00 00
  ................ 00 00 00 00 00 00 00 00 00 00 00 00 00 00 00 00
  ......?......... 00 00 00 00 00 80 3f 00 00 00 00 00 00 00 00 01
004921-004926 StringBlock "List"
004927-005011 DataBlock
  .......C........ 01 00 00 00 00 80 9c 43 00 00 00 00 00 00 00 00
  ................ 00 0c 00 00 00 01 00 00 00 00 00 00 00 00 00 00
  ................ 00 00 00 00 00 00 00 00 00 00 00 00 00 00 00 00
  ................ 00 00 00 00 00 00 00 00 00 00 00 00 00 00 00 00
  ......?......... 00 00 00 00 00 80 3f 00 00 00 00 00 00 00 00 00
  ..Bc.            00 f4 42 63 01
005012-005017 StringBlock "list"
005018-005076 DataBlock
  ..........{..... 00 00 00 00 00 00 0f 00 00 00 7b 00 00 00 01 01
  ................ 00 00 00 00 01 00 00 00 00 01 00 00 00 00 00 00
  ............Ic.. 00 00 00 00 00 00 00 00 00 00 00 04 49 63 01 00
  ...........      00 00 00 00 00 00 00 01 00 00 00
005077-005080 StateIDBlock 23283972
005081-005090 StateNameBlock "NewState"
005091-005094 XSizeBlock 350
005095-005098 YSizeBlock 97
005099-005127 DataBlock
  ................ 00 00 00 00 02 00 00 00 00 00 00 00 00 00 00 00
  .............    02 00 00 00 00 00 00 00 00 00 00 00 00
005128-005141 StringBlock "tw_troy_bold"
005142-005157 DataBlock
  ................ 0a 00 00 00 02 00 00 00 00 00 00 00 dd da fa ff
005158-005180 StringBlock "Default Font Category"
005181-005200 DataBlock
  ................ 00 00 00 00 00 00 00 00 00 00 00 00 00 00 00 00
  ....             01 00 00 00
005201-005211 ShaderNameBlock "normal_t0"
005212-005215 ShaderVariableBlock 0.0 (0)
005216-005219 ShaderVariableBlock 0.0 (0)
005220-005223 ShaderVariableBlock 0.0 (0)
005224-005227 ShaderVariableBlock 0.0 (0)
005228-005238 ShaderNameBlock "normal_t0"
005239-005242 ShaderVariableBlock 0.0 (0)
005243-005246 ShaderVariableBlock 0.0 (0)
005247-005250 ShaderVariableBlock 0.0 (0)
005251-005254 ShaderVariableBlock 0.0 (0)
005255-005292 DataBlock
  ................ 00 00 00 00 00 00 00 00 00 00 00 00 00 00 00 00
  ....<........... 00 00 00 00 3c 00 00 00 00 00 00 00 02 00 00 00
  ...}]U           00 00 00 7d 5d 55
005293-005312 StringBlock "icon_text_template"
005313-005371 DataBlock
  ................ 00 00 00 00 00 00 00 00 00 00 0a 00 00 00 00 01
  ................ 00 00 00 00 01 00 00 00 00 01 00 00 00 00 00 00
  .............lU. 00 00 00 00 00 00 00 00 00 00 00 80 ba 6c 55 00
  ...........      00 00 00 00 00 00 00 01 00 00 00
005372-005375 StateIDBlock 1433188992
005376-005385 StateNameBlock "NewState"
005386-005389 XSizeBlock 350
005390-005393 YSizeBlock 42
005394-005422 DataBlock
  ................ 00 00 00 00 02 00 00 00 00 00 00 00 00 00 00 00
  .............    02 00 00 00 00 00 00 00 00 00 00 00 00
005423-005436 StringBlock "tw_troy_bold"
005437-005452 DataBlock
  ................ 0a 00 00 00 02 00 00 00 00 00 00 00 dd da fa ff
005453-005475 StringBlock "Default Font Category"
005476-005495 DataBlock
  ................ 00 00 00 00 00 00 00 00 00 00 00 00 00 00 00 00
  ....             00 00 00 00
005496-005506 ShaderNameBlock "normal_t0"
005507-005510 ShaderVariableBlock 0.0 (0)
005511-005514 ShaderVariableBlock 0.0 (0)
005515-005518 ShaderVariableBlock 0.0 (0)
005519-005522 ShaderVariableBlock 0.0 (0)
005523-005533 ShaderNameBlock "normal_t0"
005534-005537 ShaderVariableBlock 0.0 (0)
005538-005541 ShaderVariableBlock 0.0 (0)
005542-005545 ShaderVariableBlock 0.0 (0)
005546-005549 ShaderVariableBlock 0.0 (0)
005550-005587 DataBlock
  ................ 00 00 00 00 00 00 00 00 00 00 00 00 00 00 00 00
  ....<........... 00 00 00 00 3c 00 00 00 00 00 00 00 02 00 00 00
  ...NgU           00 00 00 4e 67 55
005588-005593 StringBlock "icon"
005594-005667 DataBlock
  ................ 00 00 00 00 00 00 14 00 00 00 00 00 00 00 00 00
  ................ 00 00 00 00 01 00 00 00 00 01 00 00 00 00 00 00
  ............\gU. 00 00 00 00 00 00 00 00 00 00 00 00 5c 67 55 01
  ....ZgU..2...2.. 00 00 00 80 5a 67 55 00 00 32 00 00 00 32 00 00
  ..........       00 00 00 00 00 00 01 00 00 00
005668-005671 StateIDBlock 1432837120
005672-005681 StateNameBlock "NewState"
005682-005685 XSizeBlock 42
005686-005689 YSizeBlock 42
005690-005718 DataBlock
  ................ 00 00 00 00 02 00 00 00 00 00 00 00 00 00 00 00
  .............    02 00 00 00 00 00 00 00 00 00 00 00 00
005719-005732 StringBlock "tw_troy_bold"
005733-005748 DataBlock
  ................ 0a 00 00 00 02 00 00 00 00 00 00 00 dd da fa ff
005749-005771 StringBlock "Default Font Category"
005772-005791 DataBlock
  ................ 00 00 00 00 00 00 00 00 00 00 00 00 00 00 00 00
  ....             00 00 00 00
005792-005802 ShaderNameBlock "normal_t0"
005803-005806 ShaderVariableBlock 0.0 (0)
005807-005810 ShaderVariableBlock 0.0 (0)
005811-005814 ShaderVariableBlock 0.0 (0)
005815-005818 ShaderVariableBlock 0.0 (0)
005819-005829 ShaderNameBlock "normal_t0"
005830-005833 ShaderVariableBlock 0.0 (0)
005834-005837 ShaderVariableBlock 0.0 (0)
005838-005841 ShaderVariableBlock 0.0 (0)
005842-005845 ShaderVariableBlock 0.0 (0)
005846-006006 DataBlock
  .....ZgU........ 01 00 00 00 80 5a 67 55 00 00 00 00 00 00 00 00
  *...*........... 2a 00 00 00 2a 00 00 00 ff ff ff ff 00 00 00 00
  ................ 00 00 00 00 00 00 00 00 00 00 00 00 00 01 01 00
  ................ 00 00 00 00 00 00 00 00 00 00 00 00 00 00 00 00
  ......?......... 00 00 00 00 00 80 3f 00 00 00 00 00 00 00 00 00
  ................ 00 00 00 00 00 00 00 00 00 00 00 00 00 00 00 00
  ................ 00 00 00 00 00 00 00 00 00 00 00 00 00 00 00 00
  .........<...... 00 00 00 00 00 00 00 00 00 3c 00 00 00 00 00 00
  ................ 00 00 00 00 00 00 00 00 00 00 00 00 00 00 00 00
  ..?............w 00 80 3f 00 00 00 00 00 00 00 00 00 00 00 e8 77
  U                55
006007-006015 StringBlock "dy_text"
006016-006074 DataBlock
  ......>......... 00 00 00 00 00 00 3e 00 00 00 00 00 00 00 00 01
  ................ 00 00 00 00 01 00 00 00 00 01 00 00 00 00 00 00
  ..............V. 00 00 00 00 00 00 00 00 00 00 00 80 9c 0d 56 00
  ...........      00 00 00 00 00 00 00 01 00 00 00
006075-006078 StateIDBlock 1443732608
006079-006088 StateNameBlock "NewState"
006089-006092 XSizeBlock 280
006093-006096 YSizeBlock 22
006097-006112 UnicodeBlock "dy_text"
006113-006131 DataBlock
  ................ 00 00 02 00 00 00 00 00 00 00 00 00 00 00 03 00
  ...              00 00 00
006132-006189 UnicodeBlock "dy_text_NewState_Text_75002a"
006190-006195 DataBlock
  ......           00 00 00 00 00 00
006196-006213 StringBlock "profile_offc_pro"
006214-006229 DataBlock
  .............2K. 0c 00 00 00 00 00 00 00 00 00 00 00 19 32 4b ff
006230-006245 StringBlock "parchment_text"
006246-006265 DataBlock
  ................ 0a 00 00 00 14 00 00 00 03 00 00 00 03 00 00 00
  ....             00 00 00 00
006266-006276 ShaderNameBlock "normal_t0"
006277-006280 ShaderVariableBlock 0.0 (0)
006281-006284 ShaderVariableBlock 0.0 (0)
006285-006288 ShaderVariableBlock 0.0 (0)
006289-006292 ShaderVariableBlock 0.0 (0)
006293-006303 ShaderNameBlock "normal_t0"
006304-006307 ShaderVariableBlock 0.0 (0)
006308-006311 ShaderVariableBlock 0.0 (0)
006312-006315 ShaderVariableBlock 0.0 (0)
006316-006319 ShaderVariableBlock 0.0 (0)
006320-006374 DataBlock
  ................ 00 00 00 00 00 00 00 00 00 00 00 00 00 00 00 00
  ....<........... 00 00 00 00 3c 00 00 00 00 00 00 00 00 00 00 00
  .............?.. 00 00 00 00 00 00 00 00 00 00 00 00 80 3f 00 00
  .......          00 00 00 00 00 00 01
006375-006390 StringBlock "HorizontalList"
006391-006471 DataBlock
  ................ 00 00 00 00 00 00 00 00 00 00 00 00 00 01 00 00
  ................ 00 01 00 14 00 00 00 00 00 00 00 00 00 00 00 00
  ................ 00 00 00 00 00 00 00 00 00 00 00 00 00 00 00 00
  ................ 00 00 00 00 00 00 00 00 00 00 00 00 00 00 00 00
  ..?............. 00 80 3f 00 00 00 00 00 00 00 00 00 00 f0 0a d1
  .                09
006472-006486 StringBlock "text_template"
006487-006545 DataBlock
  ..........<..... 00 00 00 00 00 00 00 00 00 00 3c 00 00 00 00 01
  ................ 00 00 00 00 01 00 00 00 00 01 00 00 00 00 00 00
  ........... .... 00 00 00 00 00 00 00 00 00 00 00 20 1f d1 09 00
  ...........      00 00 00 00 00 00 00 01 00 00 00
006546-006549 StateIDBlock 164699936
006550-006559 StateNameBlock "NewState"
006560-006563 XSizeBlock 350
006564-006567 YSizeBlock 22
006568-006596 DataBlock
  ................ 00 00 00 00 02 00 00 00 00 00 00 00 00 00 00 00
  .............    02 00 00 00 00 00 00 00 00 00 00 00 00
006597-006610 StringBlock "tw_troy_bold"
006611-006626 DataBlock
  ................ 0a 00 00 00 02 00 00 00 00 00 00 00 dd da fa ff
006627-006649 StringBlock "Default Font Category"
006650-006669 DataBlock
  ................ 00 00 00 00 00 00 00 00 00 00 00 00 00 00 00 00
  ....             00 00 00 00
006670-006680 ShaderNameBlock "normal_t0"
006681-006684 ShaderVariableBlock 0.0 (0)
006685-006688 ShaderVariableBlock 0.0 (0)
006689-006692 ShaderVariableBlock 0.0 (0)
006693-006696 ShaderVariableBlock 0.0 (0)
006697-006707 ShaderNameBlock "normal_t0"
006708-006711 ShaderVariableBlock 0.0 (0)
006712-006715 ShaderVariableBlock 0.0 (0)
006716-006719 ShaderVariableBlock 0.0 (0)
006720-006723 ShaderVariableBlock 0.0 (0)
006724-006761 DataBlock
  ................ 00 00 00 00 00 00 00 00 00 00 00 00 00 00 00 00
  ....<........... 00 00 00 00 3c 00 00 00 00 00 00 00 01 00 00 00
  ......           00 00 f0 d0 d0 09
006762-006770 StringBlock "dy_text"
006771-006829 DataBlock
  ................ 00 00 00 00 00 00 14 00 00 00 00 00 00 00 00 01
  ................ 00 00 00 00 01 00 00 00 00 01 00 00 00 00 00 00
  ................ 00 00 00 00 00 00 00 00 00 00 00 e0 d4 d0 09 00
  ...........      00 00 00 00 00 00 00 01 00 00 00
006830-006833 StateIDBlock 164680928
006834-006843 StateNameBlock "NewState"
006844-006847 XSizeBlock 330
006848-006851 YSizeBlock 22
006852-006867 UnicodeBlock "dy_text"
006868-006886 DataBlock
  ................ 00 00 02 00 00 00 00 00 00 00 00 00 00 00 03 00
  ...              00 00 00
006887-006944 UnicodeBlock "dy_text_NewState_Text_75002a"
006945-006950 DataBlock
  ......           00 00 00 00 00 00
006951-006968 StringBlock "profile_offc_pro"
006969-006984 DataBlock
  .............2K. 0c 00 00 00 00 00 00 00 00 00 00 00 19 32 4b ff
006985-007000 StringBlock "parchment_text"
007001-007020 DataBlock
  ................ 00 00 00 00 14 00 00 00 03 00 00 00 03 00 00 00
  ....             00 00 00 00
007021-007031 ShaderNameBlock "normal_t0"
007032-007035 ShaderVariableBlock 0.0 (0)
007036-007039 ShaderVariableBlock 0.0 (0)
007040-007043 ShaderVariableBlock 0.0 (0)
007044-007047 ShaderVariableBlock 0.0 (0)
007048-007058 ShaderNameBlock "normal_t0"
007059-007062 ShaderVariableBlock 0.0 (0)
007063-007066 ShaderVariableBlock 0.0 (0)
007067-007070 ShaderVariableBlock 0.0 (0)
007071-007074 ShaderVariableBlock 0.0 (0)
007075-007129 DataBlock
  ................ 00 00 00 00 00 00 00 00 00 00 00 00 00 00 00 00
  ....<........... 00 00 00 00 3c 00 00 00 00 00 00 00 00 00 00 00
  .............?.. 00 00 00 00 00 00 00 00 00 00 00 00 80 3f 00 00
  .......          00 00 00 00 00 00 01
007130-007145 StringBlock "HorizontalList"
007146-007221 DataBlock
  ................ 00 00 00 00 00 00 00 00 00 00 00 00 00 01 00 00
  ................ 00 01 00 14 00 00 00 00 00 00 00 00 00 00 00 00
  ................ 00 00 00 00 00 00 00 00 00 00 00 00 00 00 00 00
  ................ 00 00 00 00 00 00 00 00 00 00 00 00 00 00 00 00
  ..?.........     00 80 3f 00 00 00 00 00 00 00 00 01
007222-007227 StringBlock "List"
007228-007312 DataBlock
  .......C........ 01 00 00 00 00 00 af 43 00 00 00 00 08 00 00 00
  ................ 00 01 00 00 00 01 00 0a 00 00 00 0f 00 00 00 00
  ................ 00 00 00 00 00 00 00 00 00 00 00 00 00 00 00 00
  ................ 00 00 00 00 00 00 00 00 00 00 00 00 00 00 00 00
  ......?......... 00 00 00 00 00 80 3f 00 00 00 00 00 00 00 00 00
  ..t.0            00 e0 74 18 30
007313-007329 StringBlock "bottom_ornament"
007330-007376 DataBlock
  ................ 00 00 00 00 00 00 0f 00 00 00 df 00 00 00 01 01
  ................ 00 00 00 00 01 00 00 00 00 01 00 00 00 00 00 00
  ............f.1  00 00 00 00 00 00 00 00 00 00 00 e0 66 c9 31
007377-007430 ImageListBlock 1 elements:
  007381-007430 ImageBlockGen2 id=968952104 xsize=248 ysize=23 path="ui\\skins\\default\\wave_ornament_1"
007431-007439 DataBlock
  .........        00 00 00 00 00 01 00 00 00
007440-007443 StateIDBlock 835282656
007444-007453 StateNameBlock "NewState"
007454-007457 XSizeBlock 350
007458-007461 YSizeBlock 23
007462-007490 DataBlock
  ................ 00 00 00 00 02 00 00 00 00 00 00 00 00 00 00 00
  .............    02 00 00 00 00 00 00 00 00 00 00 00 00
007491-007504 StringBlock "tw_troy_bold"
007505-007520 DataBlock
  ................ 0a 00 00 00 02 00 00 00 00 00 00 00 dd da fa ff
007521-007543 StringBlock "Default Font Category"
007544-007563 DataBlock
  ................ 00 00 00 00 00 00 00 00 00 00 00 00 00 00 00 00
  ....             01 00 00 00
007564-007574 ShaderNameBlock "normal_t0"
007575-007578 ShaderVariableBlock 0.0 (0)
007579-007582 ShaderVariableBlock 0.0 (0)
007583-007586 ShaderVariableBlock 0.0 (0)
007587-007590 ShaderVariableBlock 0.0 (0)
007591-007601 ShaderNameBlock "normal_t0"
007602-007605 ShaderVariableBlock 0.0 (0)
007606-007609 ShaderVariableBlock 0.0 (0)
007610-007613 ShaderVariableBlock 0.0 (0)
007614-007617 ShaderVariableBlock 0.0 (0)
007618-007621 DataBlock
  ....             01 00 00 00
007622-007645 ImageUseBlock id=968952104 xofs=0 yofs=0 xsize=350 ysize=23 bgra=bgra(255,255,255,255)
007646-007773 DataBlock
  ................ 00 00 01 00 00 07 00 00 00 00 00 00 00 00 00 00
  ................ 00 01 01 00 00 00 00 00 00 00 00 00 00 00 00 00
  ..........?..... 00 00 00 00 00 00 00 00 00 80 3f 00 00 00 00 00
  ................ 00 00 00 00 00 00 00 00 00 00 00 00 00 00 00 00
  ................ 00 00 00 00 00 00 00 00 00 00 00 00 00 00 00 00
  .............<.. 00 00 00 00 00 00 00 00 00 00 00 00 00 3c 00 00
  ................ 00 00 00 00 00 00 00 00 00 00 00 00 00 00 00 00
  ......?......... 00 00 00 00 00 80 3f 00 00 00 00 00 00 00 00 01
007774-007779 StringBlock "List"
007780-007880 DataBlock
  .......C........ 01 00 00 00 00 00 af 43 00 00 00 00 03 00 00 00
  ................ 00 01 00 00 00 01 00 0f 00 00 00 0f 00 00 00 0f
  ................ 00 00 00 0f 00 00 00 00 00 00 00 00 00 00 00 00
  ................ 00 00 00 00 00 00 00 00 00 00 00 00 00 00 00 00
  ......?......... 00 00 00 00 00 80 3f 00 00 00 00 00 00 00 00 00
  ............?... 00 00 00 00 00 00 00 00 00 00 00 80 3f 00 00 00
  .....            00 00 00 00 00
