000000-000009 VersionBlock 121
000010-000013 RootIDBlock 1071746112
000014-000019 StringBlock "root"
000020-000021 StringBlock ""
000022-000025 XOffsetBlock 0
000026-000029 YOffsetBlock 0
000030-000093 DataBlock
  ................ 00 00 00 00 01 01 00 00 00 00 01 00 00 00 00 01
  ................ 00 00 00 00 00 00 00 00 00 00 00 00 00 00 00 00
  ....,.....e.2..@ 00 c0 cf f7 2c 01 00 00 00 00 65 83 32 00 00 40
  ................ 06 00 00 84 03 00 00 00 00 00 00 00 01 00 00 00
000094-000097 StateIDBlock 754438080
000098-000107 NewStateBlock "NewState"
000108-000111 XSizeBlock 1600
000112-000115 YSizeBlock 900
000116-000144 DataBlock
  ................ 00 00 00 00 02 00 00 00 00 00 00 00 00 00 00 00
  .............    02 00 00 00 00 00 00 00 00 00 00 00 00
000145-000158 StringBlock "tw_troy_bold"
000159-000174 DataBlock
  ................ 0a 00 00 00 02 00 00 00 00 00 00 00 dd da fa ff
000175-000197 StringBlock "Default Font Category"
000198-000217 DataBlock
  ................ 00 00 00 00 00 00 00 00 00 00 00 00 00 00 00 00
  ....             01 00 00 00
000218-000228 T0Block "normal_t0"
000229-000244 DataBlock
  ................ 00 00 00 00 00 00 00 00 00 00 00 00 00 00 00 00
000245-000255 T0Block "normal_t0"
000256-000410 DataBlock
  ................ 00 00 00 00 00 00 00 00 00 00 00 00 00 00 00 00
  .....e.2........ 01 00 00 00 00 65 83 32 00 00 00 00 00 00 00 00
  @............... 40 06 00 00 84 03 00 00 f0 f0 f0 ff 00 00 00 00
  ................ 00 00 00 00 00 00 00 00 00 00 00 00 00 01 01 00
  ................ 00 00 00 00 00 00 00 00 00 00 00 00 00 00 00 00
  ......?......... 00 00 00 00 00 80 3f 00 00 00 00 00 00 00 00 00
  ................ 00 00 00 00 00 00 00 00 00 00 00 00 00 00 00 00
  ................ 00 00 00 00 00 00 00 00 00 00 00 00 00 00 00 00
  ................ 00 00 00 00 00 00 00 00 00 00 00 00 00 00 00 00
  ........H..      00 01 00 00 00 00 00 b0 48 03 1e
000411-000421 StringBlock "button_ok"
000422-000427 DataBlock
  ......           00 00 01 00 00 00
000428-000435 StringBlock "Button"
000436-000463 DataBlock
  ................ 00 00 00 00 00 00 00 00 07 03 00 00 a9 01 00 00
  ............     00 00 00 00 00 00 01 00 00 00 00 01
000464-000489 UnicodeBlock "Add to offer"
000490-000553 UnicodeBlock "button_ok_barter_Tooltip_500072"
000554-000574 DataBlock
  ............. .N 05 00 00 00 00 00 00 00 00 00 00 00 00 20 c5 4e
  .....            19 09 00 00 00
000575-000628 ImageBlock id=193562400 xsize=44 ysize=44 path="ui\\skins\\default\\icon_agree_deal.png" unknown=2260934656
000629-000629 DataBlock
  .                0b
000630-000671 ImagePathBlock "ui\\skins\\default\\button_frame_active.png"
000672-000680 DataBlock
  2...2....        32 00 00 00 32 00 00 00 00
000681-000739 ImageBlock id=194166624 xsize=50 ysize=50 path="ui\\skins\\default\\button_frame_pressed.png" unknown=2250022912
000740-000740 DataBlock
  .                0b
000741-000780 ImagePathBlock "ui\\skins\\default\\button_bg_pressed.png"
000781-000789 DataBlock
  2...2....        32 00 00 00 32 00 00 00 00
000790-000843 ImageBlock id=194373600 xsize=50 ysize=50 path="ui\\skins\\default\\button_bg_hover.png" unknown=2364350464
000844-000844 DataBlock
  .                0b
000845-000885 ImagePathBlock "ui\\skins\\default\\button_frame_hover.png"
000886-000894 DataBlock
  2...2....        32 00 00 00 32 00 00 00 00
000895-000951 ImageBlock id=193444128 xsize=50 ysize=50 path="ui\\skins\\default\\button_bg_inactive.png" unknown=220769280
000952-000952 DataBlock
  .                0d
000953-000996 ImagePathBlock "ui\\skins\\default\\button_frame_inactive.png"
000997-001005 DataBlock
  2...2....        32 00 00 00 32 00 00 00 00
001006-001060 ImageBlock id=247527796 xsize=50 ysize=50 path="ui\\skins\\default\\button_bg_active.png" unknown=0
001061-001069 DataBlock
  ..... .N.        00 05 00 00 00 20 c5 4e 19
001070-001077 StringBlock "active"
001078-001114 DataBlock
  2...2........... 32 00 00 00 32 00 00 00 00 00 00 00 02 00 00 00
  ................ 00 00 00 00 00 00 00 00 01 00 00 00 00 00 00 00
  .....            00 00 00 00 00
001115-001132 StringBlock "profile_offc_pro"
001133-001148 DataBlock
  ................ 0c 00 00 00 00 00 00 00 00 00 00 00 a0 ad b4 ff
001149-001161 StringBlock "ingame_text"
001162-001181 DataBlock
  ................ 00 00 00 00 00 00 00 00 00 00 00 00 00 00 00 00
  ....             01 00 00 00
001182-001192 T0Block "normal_t0"
001193-001208 DataBlock
  ................ 00 00 00 00 00 00 00 00 00 00 00 00 00 00 00 00
001209-001219 T0Block "normal_t0"
001220-001239 DataBlock
  ................ 00 00 00 00 00 00 00 00 00 00 00 00 00 00 00 00
  ....             03 00 00 00
001240-001263 ImageUseBlock id=247527796 xofs=0 yofs=0 xsize=50 ysize=50 brga=4284129069
001264-001270 StringBlock "green"
001271-001311 DataBlock
  ................ 00 00 00 00 00 00 00 00 00 00 00 00 00 00 00 01
  ................ 01 00 00 00 00 00 00 00 00 00 00 00 00 00 00 00
  ........?        00 00 00 00 00 00 00 80 3f
001312-001324 T0Block "brighten_t0"
001325-001457 DataBlock
  ..@@............ 00 00 40 40 00 00 00 00 00 00 00 00 00 00 00 00
  ................ 00 00 00 00 00 00 00 00 00 00 00 00 00 00 00 00
   ...........2... 20 c3 86 0b 00 00 00 00 00 00 00 00 32 00 00 00
  2............... 32 00 00 00 ff ff ff ff 00 00 00 00 00 00 00 00
  ................ 00 00 00 00 00 00 00 00 00 01 01 00 00 00 00 00
  ................ 00 00 00 00 00 00 00 00 00 00 00 00 00 00 00 00
  ..?............. 00 80 3f 00 00 00 00 00 00 00 00 00 00 00 00 00
  ................ 00 00 00 00 00 00 00 00 00 00 00 00 00 00 00 00
  .....            00 00 00 00 00
001458-001481 ImageUseBlock id=193562400 xofs=3 yofs=3 xsize=44 ysize=44 brga=4294967295
001482-001524 DataBlock
  ................ 00 00 00 00 00 05 00 00 00 00 00 00 00 00 00 00
  ................ 00 01 01 00 00 00 00 00 00 00 00 00 00 00 00 00
  ..........?      00 00 00 00 00 00 00 00 00 80 3f
001525-001537 T0Block "brighten_t0"
001538-001605 DataBlock
  ................ 00 00 00 00 00 00 00 00 00 00 00 00 00 00 00 00
  ................ 00 00 00 00 00 00 00 00 00 00 00 00 00 00 00 00
  ................ 14 00 00 00 18 00 00 00 01 00 00 00 00 00 00 00
   a......@....... 20 61 89 92 c8 00 00 00 40 00 00 00 00 00 00 00
  ....             00 a3 af 92
001606-001611 StringBlock "down"
001612-001648 DataBlock
  2...2........... 32 00 00 00 32 00 00 00 00 00 00 00 02 00 00 00
  ................ 00 00 00 00 00 00 00 00 01 00 00 00 00 00 00 00
  .....            00 00 00 00 00
001649-001666 StringBlock "profile_offc_pro"
001667-001682 DataBlock
  ................ 0c 00 00 00 00 00 00 00 00 00 00 00 a0 ad b4 ff
001683-001695 StringBlock "ingame_text"
001696-001715 DataBlock
  ................ 00 00 00 00 00 00 00 00 00 00 00 00 00 00 00 00
  ....             01 00 00 00
001716-001726 T0Block "normal_t0"
001727-001742 DataBlock
  ................ 00 00 00 00 00 00 00 00 00 00 00 00 00 00 00 00
001743-001753 T0Block "normal_t0"
001754-001797 DataBlock
  ...>............ 9a 99 99 3e 00 00 00 00 00 00 00 00 00 00 00 00
  ................ 03 00 00 00 a0 1c 86 0b 00 00 00 00 00 00 00 00
  2...2...-.Z.     32 00 00 00 32 00 00 00 2d 9f 5a ff
001798-001804 StringBlock "green"
001805-001845 DataBlock
  ................ 00 00 00 00 00 00 00 00 00 00 00 00 00 00 00 01
  ................ 01 00 00 00 00 00 00 00 00 00 00 00 00 00 00 00
  ........?        00 00 00 00 00 00 00 80 3f
001846-001858 T0Block "brighten_t0"
001859-001890 DataBlock
  ..@@............ 00 00 40 40 00 00 00 00 00 00 00 00 00 00 00 00
  ................ 00 00 00 00 00 00 00 00 00 00 00 00 00 00 00 00
001891-001914 ImageUseBlock id=194166624 xofs=0 yofs=0 xsize=50 ysize=50 brga=4294967295
001915-001991 DataBlock
  ................ 00 00 00 00 00 00 00 00 00 00 00 00 00 00 00 00
  ................ 00 01 01 00 00 00 00 00 00 00 00 00 00 00 00 00
  ..........?..... 00 00 00 00 00 00 00 00 00 80 3f 00 00 00 00 00
  ................ 00 00 00 00 00 00 00 00 00 00 00 00 00 00 00 00
  .............    00 00 00 00 00 00 00 00 00 00 00 00 00
001992-002015 ImageUseBlock id=193562400 xofs=3 yofs=4 xsize=44 ysize=44 brga=4294967295
002016-002058 DataBlock
  ................ 00 00 00 00 00 05 00 00 00 00 00 00 00 01 00 00
  ................ 00 01 01 00 00 00 00 00 00 00 00 00 00 00 00 00
  ..........?      00 00 00 00 00 00 00 00 00 80 3f
002059-002076 T0Block "set_greyscale_t0"
002077-002164 DataBlock
  ...?...?........ 00 00 80 3f 9a 99 19 3f 00 00 00 00 00 00 00 00
  ................ 00 00 00 00 00 00 00 00 00 00 00 00 00 00 00 00
  ................ 91 00 00 00 db 00 00 00 02 00 00 00 01 00 00 00
  ................ e0 97 8f 92 00 00 00 00 00 00 00 00 00 00 00 00
  .... a.......... 03 00 00 00 20 61 89 92 00 00 00 00 00 00 00 00
  ........         00 00 00 00 e0 97 8f 92
002165-002174 StringBlock "down_off"
002175-002211 DataBlock
  2...2........... 32 00 00 00 32 00 00 00 00 00 00 00 02 00 00 00
  ................ 00 00 00 00 00 00 00 00 01 00 00 00 00 00 00 00
  .....            00 00 00 00 00
002212-002229 StringBlock "profile_offc_pro"
002230-002245 DataBlock
  ................ 0c 00 00 00 00 00 00 00 00 00 00 00 a0 ad b4 ff
002246-002258 StringBlock "ingame_text"
002259-002278 DataBlock
  ................ 00 00 00 00 00 00 00 00 00 00 00 00 00 00 00 00
  ....             01 00 00 00
002279-002289 T0Block "normal_t0"
002290-002305 DataBlock
  ................ 00 00 00 00 00 00 00 00 00 00 00 00 00 00 00 00
002306-002316 T0Block "normal_t0"
002317-002336 DataBlock
  ................ 00 00 00 00 00 00 00 00 00 00 00 00 00 00 00 00
  ....             03 00 00 00
002337-002360 ImageUseBlock id=247527796 xofs=0 yofs=0 xsize=50 ysize=50 brga=4284129069
002361-002367 StringBlock "green"
002368-002408 DataBlock
  ................ 00 00 00 00 00 00 00 00 00 00 00 00 00 00 00 01
  ................ 01 00 00 00 00 00 00 00 00 00 00 00 00 00 00 00
  ........?        00 00 00 00 00 00 00 80 3f
002409-002421 T0Block "brighten_t0"
002422-002554 DataBlock
  ..@@............ 00 00 40 40 00 00 00 00 00 00 00 00 00 00 00 00
  ................ 00 00 00 00 00 00 00 00 00 00 00 00 00 00 00 00
   ...........2... 20 c3 86 0b 00 00 00 00 00 00 00 00 32 00 00 00
  2............... 32 00 00 00 ff ff ff ff 00 00 00 00 00 00 00 00
  ................ 00 00 00 00 00 00 00 00 00 01 01 00 00 00 00 00
  ................ 00 00 00 00 00 00 00 00 00 00 00 00 00 00 00 00
  ..?............. 00 80 3f 00 00 00 00 00 00 00 00 00 00 00 00 00
  ................ 00 00 00 00 00 00 00 00 00 00 00 00 00 00 00 00
  .....            00 00 00 00 00
002555-002578 ImageUseBlock id=193562400 xofs=3 yofs=3 xsize=44 ysize=44 brga=4294967295
002579-002711 DataBlock
  ................ 00 00 00 00 00 05 00 00 00 00 00 00 00 00 00 00
  ................ 00 01 01 00 00 00 00 00 00 00 00 00 00 00 00 00
  ..........?..... 00 00 00 00 00 00 00 00 00 80 3f 00 00 00 00 00
  ................ 00 00 00 00 00 00 00 00 00 00 00 00 00 00 00 00
  ................ 00 00 00 00 00 00 00 00 00 00 00 00 00 1d 00 00
  .?.............. 00 3f 01 00 00 02 00 00 00 00 00 00 00 00 a3 af
  ................ 92 00 00 00 00 00 00 00 00 00 00 00 00 08 00 00
  . .N............ 00 20 c5 4e 19 00 00 00 00 00 00 00 00 00 00 00
  . a..            00 20 61 89 92
002712-002718 StringBlock "hover"
002719-002755 DataBlock
  2...2........... 32 00 00 00 32 00 00 00 00 00 00 00 02 00 00 00
  ................ 00 00 00 00 00 00 00 00 01 00 00 00 00 00 00 00
  .....            00 00 00 00 00
002756-002773 StringBlock "profile_offc_pro"
002774-002789 DataBlock
  ................ 0c 00 00 00 00 00 00 00 00 00 00 00 a0 ad b4 ff
002790-002802 StringBlock "ingame_text"
002803-002822 DataBlock
  ................ 00 00 00 00 00 00 00 00 00 00 00 00 00 00 00 00
  ....             01 00 00 00
002823-002833 T0Block "normal_t0"
002834-002849 DataBlock
  ................ 00 00 00 00 00 00 00 00 00 00 00 00 00 00 00 00
002850-002860 T0Block "normal_t0"
002861-002880 DataBlock
  ...>............ 9a 99 99 3e 00 00 00 00 00 00 00 00 00 00 00 00
  ....             03 00 00 00
002881-002904 ImageUseBlock id=194373600 xofs=0 yofs=0 xsize=50 ysize=50 brga=4284129069
002905-002911 StringBlock "green"
002912-002952 DataBlock
  ................ 00 00 00 05 00 00 00 00 00 00 00 00 00 00 00 01
  ................ 01 00 00 00 00 00 00 00 00 00 00 00 00 00 00 00
  ........?        00 00 00 00 00 00 00 80 3f
002953-002965 T0Block "brighten_t0"
002966-003098 DataBlock
  ...@............ 00 00 a0 40 00 00 00 00 00 00 00 00 00 00 00 00
  ................ 00 00 00 00 00 00 00 00 00 00 00 00 00 00 00 00
   ...........2... 20 ed 8c 0b 00 00 00 00 00 00 00 00 32 00 00 00
  2............... 32 00 00 00 ff ff ff ff 00 00 00 00 00 00 00 00
  ................ 00 00 00 00 00 00 00 00 00 01 01 00 00 00 00 00
  ................ 00 00 00 00 00 00 00 00 00 00 00 00 00 00 00 00
  ..?............. 00 80 3f 00 00 00 00 00 00 00 00 00 00 00 00 00
  ................ 00 00 00 00 00 00 00 00 00 00 00 00 00 00 00 00
  .....            00 00 00 00 00
003099-003122 ImageUseBlock id=193562400 xofs=3 yofs=3 xsize=44 ysize=44 brga=4294967295
003123-003165 DataBlock
  ................ 00 00 00 00 00 05 00 00 00 00 00 00 00 00 00 00
  ................ 00 01 01 00 00 00 00 00 00 00 00 00 00 00 00 00
  ..........?      00 00 00 00 00 00 00 00 00 80 3f
003166-003178 T0Block "brighten_t0"
003179-003266 DataBlock
  ...?............ 00 00 00 3f 00 00 00 00 00 00 00 00 00 00 00 00
  ................ 00 00 00 00 00 00 00 00 00 00 00 00 00 00 00 00
  ....~........... 89 00 00 00 7e 00 00 00 02 00 00 00 01 00 00 00
   .N.....@....... 20 c5 4e 19 c8 00 00 00 40 00 00 00 00 00 00 00
  ................ 02 00 00 00 00 a3 af 92 00 00 00 00 00 00 00 00
  ....`...         00 00 00 00 60 1b 8c 92
003267-003276 StringBlock "inactive"
003277-003313 DataBlock
  2...2........... 32 00 00 00 32 00 00 00 00 00 00 00 02 00 00 00
  ................ 00 00 00 00 00 00 00 00 01 00 00 00 00 00 00 00
  .....            00 00 00 00 00
003314-003331 StringBlock "profile_offc_pro"
003332-003347 DataBlock
  ................ 0c 00 00 00 00 00 00 00 00 00 00 00 a0 ad b4 ff
003348-003360 StringBlock "ingame_text"
003361-003380 DataBlock
  ................ 00 00 00 00 00 00 00 00 00 00 00 00 00 00 00 00
  ....             01 01 00 00
003381-003391 T0Block "normal_t0"
003392-003407 DataBlock
  ................ 00 00 00 00 00 00 00 00 00 00 00 00 00 00 00 00
003408-003418 T0Block "normal_t0"
003419-003438 DataBlock
  ................ 00 00 00 00 00 00 00 00 00 00 00 00 00 00 00 00
  ....             03 00 00 00
003439-003462 ImageUseBlock id=193444128 xofs=0 yofs=0 xsize=50 ysize=50 brga=4284129069
003463-003469 StringBlock "green"
003470-003645 DataBlock
  ................ 00 00 00 05 00 00 00 00 00 00 00 00 00 00 00 01
  ................ 01 00 00 00 00 00 00 00 00 00 00 00 00 00 00 00
  ........?....... 00 00 00 00 00 00 00 80 3f 00 00 00 00 00 00 00
  ..?............. 00 80 3f 00 00 00 00 00 00 00 00 00 00 00 00 00
  ............(... 00 00 00 00 00 00 00 00 00 00 00 ac 28 0d 0d 00
  .......2...2.... 00 00 00 00 00 00 00 32 00 00 00 32 00 00 00 ff
  ................ ff ff ff 00 00 00 00 00 00 00 00 00 00 00 00 00
  ................ 00 00 00 00 01 01 00 00 00 00 00 00 00 00 00 00
  .............?.. 00 00 00 00 00 00 00 00 00 00 00 00 80 3f 00 00
  ................ 00 00 00 00 00 00 00 00 00 00 00 00 00 00 00 00
  ................ 00 00 00 00 00 00 00 00 00 00 00 00 00 00 00 00
003646-003669 ImageUseBlock id=193562400 xofs=3 yofs=3 xsize=44 ysize=44 brga=1526726655
003670-003762 DataBlock
  ................ 00 00 00 00 00 05 00 00 00 00 00 00 00 00 00 00
  ................ 00 01 01 00 00 00 00 00 00 00 00 00 00 00 00 00
  ..........?..... 00 00 00 00 00 00 00 00 00 80 3f 00 00 00 00 00
  ................ 00 00 00 00 00 00 00 00 00 00 00 00 00 00 00 00
  ................ 00 00 00 00 00 00 00 00 00 00 00 00 00 00 00 00
  .............    00 00 00 00 00 00 00 00 00 02 00 00 00
003763-003780 StringBlock "disable_override"
003781-003791 StringBlock "resizable"
003792-003806 StringBlock "dynamic_image"
003807-003822 DataBlock
  ..08............ 01 00 30 38 00 00 00 00 00 00 00 00 00 00 00 00
003823-003857 StringBlock "UI_GBL_HUD_Generic_Accept_Confirm"
003858-003898 DataBlock
  ..........?...?. 00 00 00 00 00 00 00 00 00 80 3f 00 00 00 3f 00
  ..?............. 00 00 3f 00 00 00 00 00 00 00 00 00 00 00 00 80
  ?........        3f 00 00 00 00 00 00 00 00
