000000-000009 VersionBlock 121
000010-000013 RootIDBlock 177021440
000014-000019 StringBlock "root"
000020-000021 StringBlock ""
000022-000025 XOffsetBlock 0
000026-000029 YOffsetBlock 0
000030-000093 DataBlock
  ................ 00 00 00 00 01 01 00 00 00 00 01 00 00 00 00 01
  ................ 00 00 00 00 00 00 00 00 00 00 00 00 00 00 00 00
  ...1.....P?,.... 00 00 9c 31 0a 01 00 00 00 50 3f 2c 0a 00 00 00
  ................ 05 00 00 c0 03 00 00 00 00 00 00 00 01 00 00 00
000094-000097 StateIDBlock 171023360
000098-000107 StateNameBlock "NewState"
000108-000111 XSizeBlock 1280
000112-000115 YSizeBlock 1024
000116-000144 DataBlock
  ................ 00 00 00 00 02 00 00 00 00 00 00 00 00 00 00 00
  .............    01 00 00 00 00 00 00 00 00 00 00 00 00
000145-000158 StringBlock "tw_troy_bold"
000159-000174 DataBlock
  ................ 0a 00 00 00 02 00 00 00 00 00 00 00 dd da fa ff
000175-000197 StringBlock "Default Font Category"
000198-000217 DataBlock
  ................ 00 00 00 00 00 00 00 00 00 00 00 00 00 00 00 00
  ....             01 00 00 00
000218-000228 ShaderNameBlock "normal_t0"
000229-000232 ShaderVariableBlock 0.0 (0)
000233-000236 ShaderVariableBlock 0.0 (0)
000237-000240 ShaderVariableBlock 0.0 (0)
000241-000244 ShaderVariableBlock 0.0 (0)
000245-000255 ShaderNameBlock "normal_t0"
000256-000259 ShaderVariableBlock 0.0 (0)
000260-000263 ShaderVariableBlock 0.0 (0)
000264-000267 ShaderVariableBlock 0.0 (0)
000268-000271 ShaderVariableBlock 0.0 (0)
000272-000410 DataBlock
  ....P?,......... 01 00 00 00 50 3f 2c 0a 00 00 00 00 00 00 00 00
  ................ 00 05 00 00 c0 03 00 00 c0 c0 c0 ff 00 00 00 00
  ................ 00 00 00 00 00 00 00 00 00 00 00 00 00 01 01 00
  ................ 00 00 00 00 00 00 00 00 00 00 00 00 00 00 00 00
  ......?......... 00 00 00 00 00 80 3f 00 00 00 00 00 00 00 00 00
  ................ 00 00 00 00 00 00 00 00 00 00 00 00 00 00 00 00
  ................ 00 00 00 00 00 00 00 00 00 00 00 00 00 00 00 00
  ................ 00 00 00 00 00 00 00 00 00 00 00 00 00 00 00 00
  ..........4      00 01 00 00 00 00 00 04 0a c4 34
000411-000438 StringBlock "motivation_effects_tooltip"
000439-000444 DataBlock
  ......           00 00 01 00 00 00
000445-000459 StringBlock "CustomTooltip"
000460-000512 DataBlock
  ........T...k... 00 00 00 00 00 00 00 00 54 01 00 00 6b 01 00 00
  ................ 00 01 00 00 00 00 01 01 00 00 00 01 00 00 00 00
  ................ 05 00 00 00 00 00 00 00 00 00 00 00 00 00 00 00
  .....            00 03 00 00 00
000513-000568 ImageBlockGen2 id=184118356 xsize=256 ysize=256 path="ui\\skins\\default\\troy_crack_texture_17"
000569-000569 DataBlock
  .                00
000570-000624 ImageBlockGen2 id=184118172 xsize=128 ysize=128 path="ui\\skins\\default\\tooltip_border_black"
000625-000625 DataBlock
  .                00
000626-000678 ImageBlockGen2 id=184118540 xsize=256 ysize=32 path="ui\\skins\\default\\tooltip_title_line"
000679-000687 DataBlock
  .........        00 00 00 00 00 01 00 00 00
000688-000691 StateIDBlock 513929516
000692-000701 StateNameBlock "NewState"
000702-000705 XSizeBlock 600
000706-000709 YSizeBlock 298
000710-000738 DataBlock
  ................ 00 00 00 00 02 00 00 00 00 00 00 00 00 00 00 00
  .............    00 00 00 00 00 00 00 00 00 00 00 00 00
000739-000756 StringBlock "profile_offc_pro"
000757-000772 DataBlock
  ................ 0c 00 00 00 00 00 00 00 00 00 00 00 af ca e4 ff
000773-000791 StringBlock "ingame_text_light"
000792-000811 DataBlock
  ........$....... 08 00 00 00 00 00 00 00 24 00 00 00 00 00 00 00
  ....             00 00 00 00
000812-000822 ShaderNameBlock "normal_t0"
000823-000826 ShaderVariableBlock 0.0 (0)
000827-000830 ShaderVariableBlock 0.0 (0)
000831-000834 ShaderVariableBlock 0.0 (0)
000835-000838 ShaderVariableBlock 0.0 (0)
000839-000849 ShaderNameBlock "normal_t0"
000850-000853 ShaderVariableBlock 0.0 (0)
000854-000857 ShaderVariableBlock 0.0 (0)
000858-000861 ShaderVariableBlock 0.0 (0)
000862-000865 ShaderVariableBlock 0.0 (0)
000866-000869 DataBlock
  ....             03 00 00 00
000870-000893 ImageUseBlock id=184118356 xofs=0 yofs=0 xsize=600 ysize=298 bgra=bgra(255,255,255,200)
000894-000970 DataBlock
  ................ 00 00 01 00 00 00 00 00 00 00 00 00 00 00 00 00
  ................ 00 01 01 00 00 00 00 00 00 00 00 00 00 00 00 00
  ..........?..... 00 00 00 00 00 00 00 00 00 80 3f 00 00 00 00 00
  ................ 00 00 00 00 00 00 00 00 00 00 00 00 00 00 00 80
  A...A...A...A    41 00 00 a0 41 00 00 80 41 00 00 a0 41
000971-000994 ImageUseBlock id=184118540 xofs=0 yofs=0 xsize=600 ysize=32 bgra=bgra(255,255,255,255)
000995-001071 DataBlock
  ................ 00 00 01 00 00 00 00 00 00 00 00 00 00 00 00 00
  ................ 00 01 00 00 00 00 00 00 00 00 00 00 00 00 00 00
  ..........?..... 00 00 00 00 00 00 00 00 00 80 3f 00 00 00 00 00
  ................ 00 00 00 00 00 00 00 00 00 00 00 00 00 00 00 00
  ....B.......B    00 00 00 a0 42 00 00 00 00 00 00 a0 42
001072-001095 ImageUseBlock id=184118172 xofs=0 yofs=0 xsize=600 ysize=298 bgra=bgra(255,255,255,255)
001096-001188 DataBlock
  ................ 00 00 00 00 00 00 00 00 00 00 00 00 00 00 00 00
  ................ 00 01 01 00 00 00 00 00 00 00 00 00 00 00 00 00
  ..........?..... 00 00 00 00 00 00 00 00 00 80 3f 00 00 00 00 00
  ...............  00 00 00 00 00 00 00 00 00 00 00 00 00 00 00 20
  A.. A.. A.. A... 41 00 00 20 41 00 00 20 41 00 00 20 41 00 00 00
  .............    00 00 00 00 00 00 00 00 00 03 00 00 00
001189-001202 StringBlock "expand_delay"
001203-001207 DataBlock
  ..0.0            03 00 30 2e 30
001208-001219 StringBlock "min_height"
001220-001223 DataBlock
  ..48             02 00 34 38
001224-001234 StringBlock "min_width"
001235-001247 DataBlock
  ..280........    03 00 32 38 30 0a 00 00 00 04 00 00 00
001248-001256 StringBlock "fade_in"
001257-001330 DataBlock
  ................ 01 00 03 00 00 00 00 00 00 00 00 00 00 00 00 00
  ......X......... 00 00 8b 00 00 00 58 00 00 00 ff ff ff 00 00 00
  ................ 00 00 00 00 00 00 00 00 00 00 00 00 00 00 00 00
  .............?.. 00 00 ff ff ff ff ff ff ff ff 00 00 80 3f 00 00
  ..@......?       00 00 40 00 00 00 00 00 80 3f
001331-001338 StringBlock "Linear"
001339-001412 DataBlock
  ................ 00 00 00 00 00 00 00 00 00 00 00 00 00 00 00 00
  ......X......... 00 00 8b 00 00 00 58 00 00 00 ff ff ff ff 00 00
  ................ 00 00 00 00 00 00 00 00 00 00 00 00 00 00 00 00
  .............?.. 00 00 ff ff ff ff ff ff ff ff 00 00 80 3f 00 00
  .........?       00 00 00 00 00 00 00 00 80 3f
001413-001420 StringBlock "Linear"
001421-001494 DataBlock
  ................ 00 00 00 00 00 00 00 00 00 00 00 00 00 00 00 00
  ......X......... 00 00 8b 00 00 00 58 00 00 00 ff ff ff ff 00 00
  ................ 00 00 00 00 00 00 00 00 00 00 00 00 00 00 00 00
  .............?.. 00 00 ff ff ff ff ff ff ff ff 00 00 80 3f f4 01
  ..@......?       00 00 40 00 00 00 00 00 80 3f
001495-001502 StringBlock "Linear"
001503-001512 DataBlock
  ..........       00 00 00 00 00 00 00 00 00 00
001513-001520 StringBlock "expand"
001521-001594 DataBlock
  ................ 00 00 02 00 00 00 00 00 00 00 00 00 00 00 00 00
  ................ 00 00 c8 00 00 00 c8 00 00 00 ff ff ff ff 00 00
  ................ 00 00 00 00 00 00 00 00 00 00 00 00 00 00 00 00
  .............?.. 00 00 ff ff ff ff ff ff ff ff 00 00 80 3f 00 00
  .........?       00 00 00 00 00 00 00 00 80 3f
001595-001602 StringBlock "Linear"
001603-001676 DataBlock
  ................ 00 00 00 00 00 00 00 00 00 00 00 00 00 00 00 00
  ................ 00 00 c8 00 00 00 c8 00 00 00 ff ff ff ff 00 00
  ................ 00 00 00 00 00 00 00 00 00 00 00 00 00 00 00 00
  .............?.. 00 00 ff ff ff ff ff ff ff ff 00 00 80 3f c8 00
  .........?       00 00 04 00 00 00 00 00 80 3f
001677-001684 StringBlock "Linear"
001685-001694 DataBlock
  ..........       00 00 00 00 00 00 00 00 00 00
001695-001704 StringBlock "fade_out"
001705-001778 DataBlock
  ................ 01 00 02 00 00 00 00 00 00 00 00 00 00 00 00 00
  ......X......... 00 00 8b 00 00 00 58 00 00 00 ff ff ff ff 00 00
  ................ 00 00 00 00 00 00 00 00 00 00 00 00 00 00 00 00
  .............?.. 00 00 ff ff ff ff ff ff ff ff 00 00 80 3f 00 00
  ..D......?       00 00 44 00 00 00 00 00 80 3f
001779-001786 StringBlock "Linear"
001787-001860 DataBlock
  ................ 00 00 00 00 00 00 00 00 00 00 00 00 00 00 00 00
  ......X......... 00 00 8b 00 00 00 58 00 00 00 ff ff ff 00 00 00
  ................ 00 00 00 00 00 00 00 00 00 00 00 00 00 00 00 00
  .............?.. 00 00 ff ff ff ff ff ff ff ff 00 00 80 3f 00 00
  ..@......?       00 00 40 00 00 00 00 00 80 3f
001861-001868 StringBlock "Linear"
001869-001878 DataBlock
  ..........       00 00 00 00 00 00 00 00 00 00
001879-001895 StringBlock "fade_in_partial"
001896-001969 DataBlock
  ................ 01 00 01 00 00 00 00 00 00 00 00 00 00 00 00 00
  ......X......... 00 00 8b 00 00 00 58 00 00 00 ff ff ff ff 00 00
  ................ 00 00 00 00 00 00 00 00 00 00 00 00 00 00 00 00
  .............?.. 00 00 ff ff ff ff ff ff ff ff 00 00 80 3f f4 01
  ..@......?       00 00 40 00 00 00 00 00 80 3f
001970-001977 StringBlock "Linear"
001978-001997 DataBlock
  ................ 00 00 00 00 00 00 00 00 00 00 04 00 00 00 00 00
  ...4             cc 0d c4 34
001998-002005 StringBlock "header"
002006-002056 DataBlock
  ................ 00 00 00 00 00 00 00 00 00 00 00 00 00 00 01 00
  ................ 00 00 00 00 01 00 00 00 00 01 00 00 00 00 00 00
  ...........\.... 00 00 00 00 00 00 00 00 00 00 00 5c f6 a1 1e 02
  ...              00 00 00
002057-002116 ImageBlockGen2 id=184118908 xsize=256 ysize=32 path="ui\\skins\\default\\tooltip_title_line_common"
002117-002117 DataBlock
  .                00
002118-002175 ImageBlockGen2 id=236062688 xsize=256 ysize=32 path="ui\\skins\\default\\tooltip_title_line_grey"
002176-002188 DataBlock
  .............    00 00 00 00 00 03 00 00 00 c4 f3 a1 1e
002189-002198 StringBlock "negative"
002199-002235 DataBlock
  X... ........... 58 02 00 00 20 00 00 00 00 00 00 00 02 00 00 00
  ................ 00 00 00 00 00 00 00 00 01 00 00 00 00 00 00 00
  .....            00 00 00 00 00
002236-002253 StringBlock "profile_offc_pro"
002254-002269 DataBlock
  ................ 0c 00 00 00 01 00 00 00 00 00 00 00 00 00 aa ff
002270-002282 StringBlock "fe_text_red"
002283-002302 DataBlock
  ................ 10 00 00 00 00 00 00 00 0a 00 00 00 00 00 00 00
  ....             00 00 00 00
002303-002313 ShaderNameBlock "normal_t0"
002314-002317 ShaderVariableBlock 0.0 (0)
002318-002321 ShaderVariableBlock 0.0 (0)
002322-002325 ShaderVariableBlock 0.0 (0)
002326-002329 ShaderVariableBlock 0.0 (0)
002330-002340 ShaderNameBlock "normal_t0"
002341-002344 ShaderVariableBlock 0.0 (0)
002345-002348 ShaderVariableBlock 0.0 (0)
002349-002352 ShaderVariableBlock 0.0 (0)
002353-002356 ShaderVariableBlock 0.0 (0)
002357-002360 DataBlock
  ....             02 00 00 00
002361-002384 ImageUseBlock id=184118908 xofs=0 yofs=4 xsize=600 ysize=32 bgra=bgra(32,32,223,0)
002385-002427 DataBlock
  ................ 00 00 01 00 00 00 00 00 00 00 00 00 00 00 00 00
  ................ 00 01 00 00 00 00 00 00 00 00 00 00 00 00 00 00
  ..........?      00 00 00 00 00 00 00 00 00 80 3f
002428-002440 ShaderNameBlock "brighten_t0"
002441-002444 ShaderVariableBlock 3.0 (1077936128)
002445-002448 ShaderVariableBlock 0.0 (0)
002449-002452 ShaderVariableBlock 0.0 (0)
002453-002456 ShaderVariableBlock 0.0 (0)
002457-002472 DataBlock
  .......B.......B 00 00 00 00 00 00 b4 42 00 00 00 00 00 00 b4 42
002473-002496 ImageUseBlock id=236062688 xofs=0 yofs=4 xsize=600 ysize=32 bgra=bgra(27,51,196,255)
002497-002592 DataBlock
  ..red........... 03 00 72 65 64 01 00 00 00 00 00 00 00 00 00 00
  ................ 00 00 00 00 01 01 00 00 00 00 00 00 00 00 00 00
  .............?.. 00 00 00 00 00 00 00 00 00 00 00 00 80 3f 00 00
  ................ 00 00 00 00 00 00 00 00 00 00 00 00 00 00 00 00
  .......B.......B 00 00 00 00 00 00 b4 42 00 00 00 00 00 00 b4 42
  ............\... 00 00 00 00 00 00 00 00 00 00 00 00 5c f6 a1 1e
002593-002601 StringBlock "neutral"
002602-002638 DataBlock
  X... ........... 58 02 00 00 20 00 00 00 00 00 00 00 02 00 00 00
  ................ 00 00 00 00 00 00 00 00 01 00 00 00 00 00 00 00
  .....            00 00 00 00 00
002639-002656 StringBlock "profile_offc_pro"
002657-002672 DataBlock
  ................ 0c 00 00 00 02 00 00 00 00 00 00 00 99 b2 c7 ff
002673-002681 StringBlock "fe_text"
002682-002701 DataBlock
  ................ 10 00 00 00 00 00 00 00 0a 00 00 00 00 00 00 00
  ....             00 00 00 00
002702-002712 ShaderNameBlock "normal_t0"
002713-002716 ShaderVariableBlock 0.0 (0)
002717-002720 ShaderVariableBlock 0.0 (0)
002721-002724 ShaderVariableBlock 0.0 (0)
002725-002728 ShaderVariableBlock 0.0 (0)
002729-002746 ShaderNameBlock "set_greyscale_t0"
002747-002750 ShaderVariableBlock 1.0 (1065353216)
002751-002754 ShaderVariableBlock 1.0 (1065353216)
002755-002758 ShaderVariableBlock 0.0 (0)
002759-002762 ShaderVariableBlock 0.0 (0)
002763-002766 DataBlock
  ....             01 00 00 00
002767-002790 ImageUseBlock id=184118908 xofs=0 yofs=4 xsize=600 ysize=32 bgra=bgra(255,255,255,255)
002791-002833 DataBlock
  ................ 00 00 01 00 00 00 00 00 00 00 00 00 00 00 00 00
  ................ 00 01 00 00 00 00 00 00 00 00 00 00 00 00 00 00
  ..........?      00 00 00 00 00 00 00 00 00 80 3f
002834-002846 ShaderNameBlock "brighten_t0"
002847-002850 ShaderVariableBlock 0.30000001192092896 (1050253722)
002851-002854 ShaderVariableBlock 0.0 (0)
002855-002858 ShaderVariableBlock 0.0 (0)
002859-002862 ShaderVariableBlock 0.0 (0)
002863-002894 DataBlock
  .......B.......B 00 00 00 00 00 00 b4 42 00 00 00 00 00 00 b4 42
  ................ 00 00 00 00 00 00 00 00 00 00 00 00 f4 f8 a1 1e
002895-002904 StringBlock "positive"
002905-002941 DataBlock
  X... ........... 58 02 00 00 20 00 00 00 00 00 00 00 02 00 00 00
  ................ 00 00 00 00 00 00 00 00 01 00 00 00 00 00 00 00
  .....            00 00 00 00 00
002942-002959 StringBlock "profile_offc_pro"
002960-002975 DataBlock
  ............-.Z. 0c 00 00 00 01 00 00 00 00 00 00 00 2d 9f 5a ff
002976-002990 StringBlock "fe_text_green"
002991-003010 DataBlock
  ................ 10 00 00 00 00 00 00 00 0a 00 00 00 00 00 00 00
  ....             00 00 00 00
003011-003021 ShaderNameBlock "normal_t0"
003022-003025 ShaderVariableBlock 0.0 (0)
003026-003029 ShaderVariableBlock 0.0 (0)
003030-003033 ShaderVariableBlock 0.0 (0)
003034-003037 ShaderVariableBlock 0.0 (0)
003038-003050 ShaderNameBlock "brighten_t0"
003051-003054 ShaderVariableBlock 3.0 (1077936128)
003055-003058 ShaderVariableBlock 0.0 (0)
003059-003062 ShaderVariableBlock 0.0 (0)
003063-003066 ShaderVariableBlock 0.0 (0)
003067-003070 DataBlock
  ....             02 00 00 00
003071-003094 ImageUseBlock id=184118908 xofs=0 yofs=4 xsize=600 ysize=32 bgra=bgra(15,153,61,0)
003095-003111 StringBlock "healthbar_green"
003112-003152 DataBlock
  ................ 01 00 00 00 00 00 00 00 00 00 00 00 00 00 00 01
  ................ 00 00 00 00 00 00 00 00 00 00 00 00 00 00 00 00
  ........?        00 00 00 00 00 00 00 80 3f
003153-003165 ShaderNameBlock "brighten_t0"
003166-003169 ShaderVariableBlock 3.0 (1077936128)
003170-003173 ShaderVariableBlock 0.0 (0)
003174-003177 ShaderVariableBlock 0.0 (0)
003178-003181 ShaderVariableBlock 0.0 (0)
003182-003197 DataBlock
  .......B.......B 00 00 00 00 00 00 b4 42 00 00 00 00 00 00 b4 42
003198-003221 ImageUseBlock id=236062688 xofs=0 yofs=4 xsize=600 ysize=32 bgra=bgra(15,153,61,255)
003222-003238 StringBlock "healthbar_green"
003239-003347 DataBlock
  ................ 01 00 00 00 00 00 00 00 00 00 00 00 00 00 00 01
  ................ 01 00 00 00 00 00 00 00 00 00 00 00 00 00 00 00
  ........?....... 00 00 00 00 00 00 00 80 3f 00 00 00 00 00 00 00
  ................ 00 00 00 00 00 00 00 00 00 00 00 00 00 00 00 00
  ..B.......B..... 00 b4 42 00 00 00 00 00 00 b4 42 00 00 00 00 00
  ................ 00 00 00 00 00 00 00 00 00 00 00 0a 00 00 00 00
  ............4    00 00 00 01 00 00 00 00 00 94 11 c4 34
003348-003354 StringBlock "title"
003355-003413 DataBlock
  ................ 00 00 00 00 00 00 00 00 00 00 00 00 00 00 01 00
  ................ 00 00 00 00 01 00 00 00 00 01 00 00 00 00 04 00
  ................ 00 00 00 00 00 00 00 00 00 00 00 8c fb a1 1e 00
  ...........      00 00 00 00 00 00 00 01 00 00 00
003414-003417 StateIDBlock 513932172
003418-003427 StateNameBlock "NewState"
003428-003431 XSizeBlock 135
003432-003435 YSizeBlock 32
003436-003473 UnicodeBlock "Motivation Effects"
003474-003492 DataBlock
  ................ 00 00 02 00 00 00 00 00 00 00 00 00 00 00 03 00
  ...              00 00 01
003493-003546 UnicodeBlock "title_NewState_Text_530003"
003547-003552 DataBlock
  ......           00 00 00 00 00 00
003553-003570 StringBlock "profile_offc_pro"
003571-003586 DataBlock
  ................ 0c 00 00 00 00 00 00 00 00 00 00 00 af ca e4 ff
003587-003605 StringBlock "ingame_text_light"
003606-003625 DataBlock
  ................ 10 00 00 00 06 00 00 00 0a 00 00 00 00 00 00 00
  ....             00 00 00 00
003626-003636 ShaderNameBlock "normal_t0"
003637-003640 ShaderVariableBlock 0.0 (0)
003641-003644 ShaderVariableBlock 0.0 (0)
003645-003648 ShaderVariableBlock 0.0 (0)
003649-003652 ShaderVariableBlock 0.0 (0)
003653-003665 ShaderNameBlock "brighten_t0"
003666-003669 ShaderVariableBlock 0.0 (0)
003670-003673 ShaderVariableBlock 0.0 (0)
003674-003677 ShaderVariableBlock 0.0 (0)
003678-003681 ShaderVariableBlock 0.0 (0)
003682-003763 DataBlock
  ................ 00 00 00 00 00 00 00 00 00 00 00 00 00 00 00 00
  ................ 00 00 00 00 0a 00 00 00 00 00 00 00 00 00 00 00
  .............?.. 00 00 00 00 00 00 00 00 00 00 00 00 80 3f 00 00
  .....?.......... 00 00 00 00 00 3f 00 00 00 00 00 00 00 00 00 00
  ...?..........$. 00 00 80 3f 00 00 00 00 00 00 00 00 00 00 24 19
  .4               c4 34
003764-003778 StringBlock "txt_info_text"
003779-003837 DataBlock
  ..........&..... 00 00 00 00 00 00 00 00 00 00 26 00 00 00 00 01
  ................ 00 00 00 00 01 00 00 00 00 01 00 00 00 00 00 00
  ................ 00 00 00 00 00 00 00 00 00 00 00 ec 05 a2 1e 00
  ...........      00 00 00 00 00 00 00 01 00 00 00
003838-003841 StateIDBlock 513934828
003842-003851 StateNameBlock "NewState"
003852-003855 XSizeBlock 600
003856-003859 YSizeBlock 26
003860-003929 UnicodeBlock "{{tr:hp_gameplay_loyalty_desc_02}}"
003930-003948 DataBlock
  ................ 00 00 02 00 00 00 02 00 00 00 00 00 00 00 03 00
  ...              00 00 01
003949-004016 UnicodeBlock "dy_info_text_NewState_Text_28006f"
004017-004022 DataBlock
  ......           00 00 00 00 00 00
004023-004047 StringBlock "profile_offc_pro_italic"
004048-004063 DataBlock
  ................ 0c 00 00 00 01 00 00 00 00 00 00 00 ad ad ad ff
004064-004076 StringBlock "grey_italic"
004077-004096 DataBlock
  ................ 10 00 00 00 10 00 00 00 05 00 00 00 05 00 00 00
  ....             00 00 00 00
004097-004107 ShaderNameBlock "normal_t0"
004108-004111 ShaderVariableBlock 0.0 (0)
004112-004115 ShaderVariableBlock 0.0 (0)
004116-004119 ShaderVariableBlock 0.0 (0)
004120-004123 ShaderVariableBlock 0.0 (0)
004124-004134 ShaderNameBlock "normal_t0"
004135-004138 ShaderVariableBlock 0.0 (0)
004139-004142 ShaderVariableBlock 0.0 (0)
004143-004146 ShaderVariableBlock 0.0 (0)
004147-004150 ShaderVariableBlock 0.0 (0)
004151-004210 DataBlock
  ................ 00 00 00 00 00 00 00 00 00 00 00 00 00 00 00 00
  ................ 00 00 00 00 0a 00 00 00 00 00 00 00 00 00 00 00
  .............?.. 00 00 00 00 00 00 00 00 00 00 00 00 80 3f 00 00
  ...........4     00 00 00 00 00 00 00 00 ec 1c c4 34
004211-004221 StringBlock "separator"
004222-004280 DataBlock
  ..........F..... 00 00 00 00 00 00 00 00 00 00 46 00 00 00 00 00
  ................ 00 00 00 00 00 00 00 00 00 01 00 00 00 00 00 00
  ................ 00 00 00 00 00 00 00 00 00 00 00 84 08 a2 1e 00
  ...........      00 00 00 00 00 00 00 01 00 00 00
004281-004284 StateIDBlock 513935492
004285-004294 StateNameBlock "NewState"
004295-004298 XSizeBlock 440
004299-004302 YSizeBlock 18
004303-004331 DataBlock
  ................ 00 00 00 00 02 00 00 00 00 00 00 00 00 00 00 00
  .............    02 00 00 00 00 00 00 00 00 00 00 00 00
004332-004345 StringBlock "tw_troy_bold"
004346-004361 DataBlock
  ................ 0a 00 00 00 02 00 00 00 00 00 00 00 dd da fa ff
004362-004384 StringBlock "Default Font Category"
004385-004404 DataBlock
  ................ 00 00 00 00 00 00 00 00 00 00 00 00 00 00 00 00
  ....             01 00 00 00
004405-004415 ShaderNameBlock "normal_t0"
004416-004419 ShaderVariableBlock 0.0 (0)
004420-004423 ShaderVariableBlock 0.0 (0)
004424-004427 ShaderVariableBlock 0.0 (0)
004428-004431 ShaderVariableBlock 0.0 (0)
004432-004442 ShaderNameBlock "normal_t0"
004443-004446 ShaderVariableBlock 0.0 (0)
004447-004450 ShaderVariableBlock 0.0 (0)
004451-004454 ShaderVariableBlock 0.0 (0)
004455-004458 ShaderVariableBlock 0.0 (0)
004459-004496 DataBlock
  ................ 00 00 00 00 00 00 00 00 00 00 00 00 00 00 00 00
  ................ 00 00 00 00 0a 00 00 00 00 00 00 00 03 00 00 00
  ... .4           00 00 b4 20 c4 34
004497-004517 StringBlock "separator_line_left"
004518-004564 DataBlock
  ................ 00 00 00 00 00 00 0c 00 00 00 00 00 00 00 00 00
  ................ 00 00 00 00 01 00 00 00 00 01 00 00 00 00 00 00
  ...............  00 00 00 00 00 00 00 00 00 00 00 1c 0b a2 1e
004565-004633 ImageListBlock 1 elements:
  004569-004633 ImageBlockGen2 id=184119276 xsize=12 ysize=8 path="ui\\skins\\default\\troy_ornamented_separator_line"
004634-004642 DataBlock
  .........        00 00 00 00 00 01 00 00 00
004643-004646 StateIDBlock 513936156
004647-004656 StateNameBlock "NewState"
004657-004660 XSizeBlock 197
004661-004664 YSizeBlock 18
004665-004693 DataBlock
  ................ 00 00 00 00 02 00 00 00 00 00 00 00 00 00 00 00
  .............    02 00 00 00 00 00 00 00 00 00 00 00 00
004694-004707 StringBlock "tw_troy_bold"
004708-004723 DataBlock
  ................ 0a 00 00 00 02 00 00 00 00 00 00 00 dd da fa ff
004724-004746 StringBlock "Default Font Category"
004747-004766 DataBlock
  ................ 00 00 00 00 00 00 00 00 00 00 00 00 00 00 00 00
  ....             01 00 00 00
004767-004777 ShaderNameBlock "normal_t0"
004778-004781 ShaderVariableBlock 0.0 (0)
004782-004785 ShaderVariableBlock 0.0 (0)
004786-004789 ShaderVariableBlock 0.0 (0)
004790-004793 ShaderVariableBlock 0.0 (0)
004794-004804 ShaderNameBlock "normal_t0"
004805-004808 ShaderVariableBlock 0.0 (0)
004809-004812 ShaderVariableBlock 0.0 (0)
004813-004816 ShaderVariableBlock 0.0 (0)
004817-004820 ShaderVariableBlock 0.0 (0)
004821-004824 DataBlock
  ....             02 00 00 00
004825-004848 ImageUseBlock id=184119276 xofs=0 yofs=0 xsize=197 ysize=8 bgra=bgra(255,255,255,255)
004849-004925 DataBlock
  ................ 00 00 00 00 01 03 00 00 00 00 00 00 00 00 00 00
  ................ 00 01 00 00 00 00 00 00 00 00 00 00 00 00 00 00
  ..........?..... 00 00 00 00 00 00 00 00 00 80 3f 00 00 00 00 00
  ................ 00 00 00 00 00 00 00 00 00 00 00 00 00 00 00 00
  .............    00 00 00 00 00 00 00 00 00 00 00 00 00
004926-004949 ImageUseBlock id=184119276 xofs=0 yofs=0 xsize=197 ysize=8 bgra=bgra(255,255,255,255)
004950-005082 DataBlock
  ................ 00 00 00 00 01 03 00 00 00 00 00 00 00 00 00 00
  ................ 00 01 00 00 00 00 00 00 00 00 00 00 00 00 00 00
  ..........?..... 00 00 00 00 00 00 00 00 00 80 3f 00 00 00 00 00
  ................ 00 00 00 00 00 00 00 00 00 00 00 00 00 00 00 00
  ................ 00 00 00 00 00 00 00 00 00 00 00 00 00 00 00 00
  ................ 00 00 00 00 00 00 00 00 00 00 00 00 00 0a 00 00
  ................ 00 00 00 00 00 00 00 00 00 00 00 00 00 00 00 00
  ......?......... 00 00 00 00 00 80 3f 00 00 00 00 00 00 00 00 00
  .|$.4            00 7c 24 c4 34
005083-005100 StringBlock "separator_middle"
005101-005147 DataBlock
  ................ 00 00 00 00 00 00 d1 00 00 00 00 00 00 00 00 00
  ................ 00 00 00 00 01 00 00 00 00 01 00 00 00 00 00 00
  ...............  00 00 00 00 00 00 00 00 00 00 00 b4 0d a2 1e
005148-005218 ImageListBlock 1 elements:
  005152-005218 ImageBlockGen2 id=184119460 xsize=22 ysize=18 path="ui\\skins\\default\\troy_ornamented_separator_middle"
005219-005227 DataBlock
  .........        00 00 00 00 00 01 00 00 00
005228-005231 StateIDBlock 513936820
005232-005241 StateNameBlock "NewState"
005242-005245 XSizeBlock 22
005246-005249 YSizeBlock 18
005250-005278 DataBlock
  ................ 00 00 00 00 02 00 00 00 00 00 00 00 00 00 00 00
  .............    02 00 00 00 00 00 00 00 00 00 00 00 00
005279-005292 StringBlock "tw_troy_bold"
005293-005308 DataBlock
  ................ 0a 00 00 00 02 00 00 00 00 00 00 00 dd da fa ff
005309-005331 StringBlock "Default Font Category"
005332-005351 DataBlock
  ................ 00 00 00 00 00 00 00 00 00 00 00 00 00 00 00 00
  ....             01 00 00 00
005352-005362 ShaderNameBlock "normal_t0"
005363-005366 ShaderVariableBlock 0.0 (0)
005367-005370 ShaderVariableBlock 0.0 (0)
005371-005374 ShaderVariableBlock 0.0 (0)
005375-005378 ShaderVariableBlock 0.0 (0)
005379-005389 ShaderNameBlock "normal_t0"
005390-005393 ShaderVariableBlock 0.0 (0)
005394-005397 ShaderVariableBlock 0.0 (0)
005398-005401 ShaderVariableBlock 0.0 (0)
005402-005405 ShaderVariableBlock 0.0 (0)
005406-005409 DataBlock
  ....             02 00 00 00
005410-005433 ImageUseBlock id=184119460 xofs=0 yofs=0 xsize=22 ysize=18 bgra=bgra(255,255,255,255)
005434-005510 DataBlock
  ................ 00 00 00 00 01 02 00 00 00 00 00 00 00 00 00 00
  ................ 00 00 00 00 00 00 00 00 00 00 00 00 00 00 00 00
  ..........?..... 00 00 00 00 00 00 00 00 00 80 3f 00 00 00 00 00
  ................ 00 00 00 00 00 00 00 00 00 00 00 00 00 00 00 00
  .............    00 00 00 00 00 00 00 00 00 00 00 00 00
005511-005534 ImageUseBlock id=184119460 xofs=0 yofs=0 xsize=22 ysize=18 bgra=bgra(255,255,255,255)
005535-005667 DataBlock
  ................ 00 00 00 00 01 02 00 00 00 00 00 00 00 00 00 00
  ................ 00 00 00 00 00 00 00 00 00 00 00 00 00 00 00 00
  ..........?..... 00 00 00 00 00 00 00 00 00 80 3f 00 00 00 00 00
  ................ 00 00 00 00 00 00 00 00 00 00 00 00 00 00 00 00
  ................ 00 00 00 00 00 00 00 00 00 00 00 00 00 00 00 00
  ................ 00 00 00 00 00 00 00 00 00 00 00 00 00 0a 00 00
  ................ 00 00 00 00 00 00 00 00 00 00 00 00 00 00 00 00
  ......?......... 00 00 00 00 00 80 3f 00 00 00 00 00 00 00 00 00
  .D(.4            00 44 28 c4 34
005668-005689 StringBlock "separator_line_right"
005690-005736 DataBlock
  ................ 00 00 00 00 00 00 e7 00 00 00 00 00 00 00 00 00
  ................ 00 00 00 00 01 00 00 00 00 01 00 00 00 00 00 00
  ...........L...  00 00 00 00 00 00 00 00 00 00 00 4c 10 a2 1e
005737-005805 ImageListBlock 1 elements:
  005741-005805 ImageBlockGen2 id=184119644 xsize=12 ysize=8 path="ui\\skins\\default\\troy_ornamented_separator_line"
005806-005814 DataBlock
  .........        00 00 00 00 00 01 00 00 00
005815-005818 StateIDBlock 513937484
005819-005828 StateNameBlock "NewState"
005829-005832 XSizeBlock 197
005833-005836 YSizeBlock 18
005837-005865 DataBlock
  ................ 00 00 00 00 02 00 00 00 00 00 00 00 00 00 00 00
  .............    02 00 00 00 00 00 00 00 00 00 00 00 00
005866-005879 StringBlock "tw_troy_bold"
005880-005895 DataBlock
  ................ 0a 00 00 00 02 00 00 00 00 00 00 00 dd da fa ff
005896-005918 StringBlock "Default Font Category"
005919-005938 DataBlock
  ................ 00 00 00 00 00 00 00 00 00 00 00 00 00 00 00 00
  ....             01 00 00 00
005939-005949 ShaderNameBlock "normal_t0"
005950-005953 ShaderVariableBlock 0.0 (0)
005954-005957 ShaderVariableBlock 0.0 (0)
005958-005961 ShaderVariableBlock 0.0 (0)
005962-005965 ShaderVariableBlock 0.0 (0)
005966-005976 ShaderNameBlock "normal_t0"
005977-005980 ShaderVariableBlock 0.0 (0)
005981-005984 ShaderVariableBlock 0.0 (0)
005985-005988 ShaderVariableBlock 0.0 (0)
005989-005992 ShaderVariableBlock 0.0 (0)
005993-005996 DataBlock
  ....             02 00 00 00
005997-006020 ImageUseBlock id=184119644 xofs=0 yofs=0 xsize=197 ysize=8 bgra=bgra(255,255,255,255)
006021-006097 DataBlock
  ................ 00 00 00 00 01 03 00 00 00 00 00 00 00 00 00 00
  ................ 00 01 00 00 00 00 00 00 00 00 00 00 00 00 00 00
  ..........?..... 00 00 00 00 00 00 00 00 00 80 3f 00 00 00 00 00
  ................ 00 00 00 00 00 00 00 00 00 00 00 00 00 00 00 00
  .............    00 00 00 00 00 00 00 00 00 00 00 00 00
006098-006121 ImageUseBlock id=184119644 xofs=0 yofs=0 xsize=197 ysize=8 bgra=bgra(255,255,255,255)
006122-006249 DataBlock
  ................ 00 00 00 00 01 03 00 00 00 00 00 00 00 00 00 00
  ................ 00 01 00 00 00 00 00 00 00 00 00 00 00 00 00 00
  ..........?..... 00 00 00 00 00 00 00 00 00 80 3f 00 00 00 00 00
  ................ 00 00 00 00 00 00 00 00 00 00 00 00 00 00 00 00
  ................ 00 00 00 00 00 00 00 00 00 00 00 00 00 00 00 00
  ................ 00 00 00 00 00 00 00 00 00 00 00 00 00 0a 00 00
  ................ 00 00 00 00 00 00 00 00 00 00 00 00 00 00 00 00
  ......?......... 00 00 00 00 00 80 3f 00 00 00 00 00 00 00 00 01
006250-006255 StringBlock "List"
006256-006340 DataBlock
  .......C........ 01 00 00 00 00 00 a0 43 00 00 00 00 00 00 00 00
  ................ 00 03 00 00 00 01 00 00 00 00 00 00 00 00 00 0c
  ................ 00 00 00 0c 00 00 00 00 00 00 00 00 00 00 00 00
  ................ 00 00 00 00 00 00 00 00 00 00 00 00 00 00 00 00
  ......?......... 00 00 00 00 00 80 3f 00 00 00 00 00 00 00 00 00
  ..,.4            00 0c 2c c4 34
006341-006358 StringBlock "levels_container"
006359-006417 DataBlock
  ..........F..... 00 00 00 00 00 00 00 00 00 00 46 00 00 00 01 01
  ................ 00 00 00 00 01 00 00 00 00 01 00 00 00 00 00 00
  ................ 00 00 00 00 00 00 00 00 00 00 00 e4 12 a2 1e 00
  ...........      00 00 00 00 00 00 00 01 00 00 00
006418-006421 StateIDBlock 513938148
006422-006431 StateNameBlock "NewState"
006432-006435 XSizeBlock 600
006436-006439 YSizeBlock 220
006440-006468 DataBlock
  ................ 00 00 00 00 02 00 00 00 00 00 00 00 00 00 00 00
  .............    02 00 00 00 00 00 00 00 00 00 00 00 00
006469-006482 StringBlock "tw_troy_bold"
006483-006498 DataBlock
  ................ 0a 00 00 00 02 00 00 00 00 00 00 00 dd da fa ff
006499-006521 StringBlock "Default Font Category"
006522-006541 DataBlock
  ................ 00 00 00 00 00 00 00 00 00 00 00 00 00 00 00 00
  ....             00 00 00 00
006542-006552 ShaderNameBlock "normal_t0"
006553-006556 ShaderVariableBlock 0.0 (0)
006557-006560 ShaderVariableBlock 0.0 (0)
006561-006564 ShaderVariableBlock 0.0 (0)
006565-006568 ShaderVariableBlock 0.0 (0)
006569-006579 ShaderNameBlock "normal_t0"
006580-006583 ShaderVariableBlock 0.0 (0)
006584-006587 ShaderVariableBlock 0.0 (0)
006588-006591 ShaderVariableBlock 0.0 (0)
006592-006595 ShaderVariableBlock 0.0 (0)
006596-006633 DataBlock
  ................ 00 00 00 00 00 00 00 00 00 00 00 00 00 00 00 00
  ................ 00 00 00 00 0a 00 00 00 00 00 00 00 05 00 00 00
  .../.4           00 00 d4 2f c4 34
006634-006649 StringBlock "template_level"
006650-006696 DataBlock
  ................ 00 00 00 00 00 00 00 00 00 00 00 00 00 00 00 00
  ................ 00 00 00 00 01 00 00 00 00 01 00 00 00 00 00 00
  ...........|...  00 00 00 00 00 00 00 00 00 00 00 7c 15 a2 1e
006697-006754 ImageListBlock 1 elements:
  006701-006754 ImageBlockGen2 id=184120012 xsize=256 ysize=256 path="ui\\skins\\default\\transperent_frame_1"
006755-006763 DataBlock
  .........        00 00 00 00 00 01 00 00 00
006764-006767 StateIDBlock 513938812
006768-006777 StateNameBlock "NewState"
006778-006781 XSizeBlock 600
006782-006785 YSizeBlock 44
006786-006814 DataBlock
  ................ 00 00 00 00 02 00 00 00 00 00 00 00 00 00 00 00
  .............    02 00 00 00 00 00 00 00 00 00 00 00 00
006815-006828 StringBlock "tw_troy_bold"
006829-006844 DataBlock
  ................ 0a 00 00 00 02 00 00 00 00 00 00 00 dd da fa ff
006845-006867 StringBlock "Default Font Category"
006868-006887 DataBlock
  ................ 00 00 00 00 00 00 00 00 00 00 00 00 00 00 00 00
  ....             00 00 00 00
006888-006898 ShaderNameBlock "normal_t0"
006899-006902 ShaderVariableBlock 0.0 (0)
006903-006906 ShaderVariableBlock 0.0 (0)
006907-006910 ShaderVariableBlock 0.0 (0)
006911-006914 ShaderVariableBlock 0.0 (0)
006915-006925 ShaderNameBlock "normal_t0"
006926-006929 ShaderVariableBlock 0.0 (0)
006930-006933 ShaderVariableBlock 0.0 (0)
006934-006937 ShaderVariableBlock 0.0 (0)
006938-006941 ShaderVariableBlock 0.0 (0)
006942-006945 DataBlock
  ....             01 00 00 00
006946-006969 ImageUseBlock id=184120012 xofs=7 yofs=0 xsize=586 ysize=44 bgra=bgra(255,255,255,255)
006970-007080 DataBlock
  ................ 00 00 00 00 00 05 00 00 00 00 00 00 00 00 00 00
  ................ 00 01 01 00 00 00 00 00 00 00 00 00 00 00 00 00
  ..........?..... 00 00 00 00 00 00 00 00 00 80 3f 00 00 00 00 00
  ................ 00 00 00 00 00 00 00 00 00 00 00 00 00 00 00 c0
  @...@...@...@... 40 00 00 c0 40 00 00 c0 40 00 00 c0 40 00 00 00
  ................ 00 00 00 00 00 00 00 00 00 00 00 00 00 0a 00 00
  ............3.4  00 00 00 00 00 01 00 00 00 00 00 9c 33 c4 34
007081-007090 StringBlock "dy_level"
007091-007149 DataBlock
  ................ 00 00 00 00 00 00 00 00 00 00 00 00 00 00 01 00
  ................ 00 00 00 00 01 00 00 00 00 01 00 00 00 00 04 00
  ................ 00 00 00 00 00 00 00 00 00 00 00 ac 1a a2 1e 00
  ...........      00 00 00 00 00 00 00 01 00 00 00
007150-007153 StateIDBlock 513940140
007154-007163 StateNameBlock "NewState"
007164-007167 XSizeBlock 80
007168-007171 YSizeBlock 44
007172-007196 DataBlock
  ..0.:........... 02 00 30 00 3a 00 00 00 03 00 00 00 00 00 00 00
  .........        00 00 00 00 03 00 00 00 00
007197-007256 UnicodeBlock "dy_level_NewState_Text_3a0030"
007257-007262 DataBlock
  ......           00 00 00 00 00 00
007263-007278 StringBlock "tw_troy_medium"
007279-007294 DataBlock
  ................ 0c 00 00 00 00 00 00 00 00 00 00 00 b0 c0 cc ff
007295-007314 StringBlock "_value_medium_grey"
007315-007334 DataBlock
  <............... 3c 00 00 00 08 00 00 00 0e 00 00 00 00 00 00 00
  ....             00 00 00 00
007335-007345 ShaderNameBlock "normal_t0"
007346-007349 ShaderVariableBlock 0.0 (0)
007350-007353 ShaderVariableBlock 0.0 (0)
007354-007357 ShaderVariableBlock 0.0 (0)
007358-007361 ShaderVariableBlock 0.0 (0)
007362-007372 ShaderNameBlock "normal_t0"
007373-007376 ShaderVariableBlock 0.0 (0)
007377-007380 ShaderVariableBlock 0.0 (0)
007381-007384 ShaderVariableBlock 0.0 (0)
007385-007388 ShaderVariableBlock 0.0 (0)
007389-007426 DataBlock
  ................ 00 00 00 00 00 00 00 00 00 00 00 00 00 00 00 00
  ................ 00 00 00 00 0a 00 00 00 00 00 00 00 01 00 00 00
  .....4           00 00 1c 05 c3 34
007427-007434 StringBlock "dy_txt"
007435-007493 DataBlock
  ......P......... 00 00 00 00 00 00 50 00 00 00 00 00 00 00 01 00
  ................ 00 00 00 00 01 00 00 00 00 01 00 00 00 00 0f 00
  ............r... 00 00 00 00 00 00 00 00 00 00 00 14 72 a1 1e 00
  ...........      00 00 00 00 00 00 00 01 00 00 00
007494-007497 StateIDBlock 513896980
007498-007507 StateNameBlock "NewState"
007508-007511 XSizeBlock 510
007512-007515 YSizeBlock 44
007516-007537 UnicodeBlock "No effects"
007538-007556 DataBlock
  ................ 00 00 02 00 00 00 04 00 00 00 00 00 00 00 01 00
  ...              00 00 01
007557-007612 UnicodeBlock "dy_txt_NewState_Text_7c0037"
007613-007618 DataBlock
  ......           00 00 00 00 00 00
007619-007636 StringBlock "profile_offc_pro"
007637-007652 DataBlock
  ................ 0c 00 00 00 00 00 00 00 00 00 00 00 ff ff ff ff
007653-007670 StringBlock "_resource_income"
007671-007690 DataBlock
  ................ 00 00 00 00 00 00 00 00 00 00 00 00 00 00 00 00
  ....             00 00 00 00
007691-007701 ShaderNameBlock "normal_t0"
007702-007705 ShaderVariableBlock 0.0 (0)
007706-007709 ShaderVariableBlock 0.0 (0)
007710-007713 ShaderVariableBlock 0.0 (0)
007714-007717 ShaderVariableBlock 0.0 (0)
007718-007728 ShaderNameBlock "normal_t0"
007729-007732 ShaderVariableBlock 0.0 (0)
007733-007736 ShaderVariableBlock 0.0 (0)
007737-007740 ShaderVariableBlock 0.0 (0)
007741-007744 ShaderVariableBlock 0.0 (0)
007745-007848 DataBlock
  ................ 00 00 00 00 00 00 00 00 00 00 00 00 00 00 00 00
  ................ 00 00 00 00 0a 00 00 00 00 00 00 00 00 00 00 00
  .............?.. 00 00 00 00 00 00 00 00 00 00 00 00 80 3f 00 00
  .....?.......... 00 80 00 00 00 3f 00 00 00 00 00 00 00 00 00 00
  ...?.......?.... 00 00 80 3f 00 00 00 00 00 00 00 3f 00 00 00 00
  .........?...... 00 00 00 00 00 00 00 00 80 3f 00 00 00 00 00 00
  .....B.4         00 00 00 00 bd 42 c4 34
007849-007860 StringBlock "levels 1-2"
007861-007907 DataBlock
  ..........,..... 00 00 00 00 00 00 00 00 00 00 2c 00 00 00 00 00
  ................ 00 00 00 00 01 00 00 00 00 01 00 00 00 00 00 00
  ............A..  00 00 00 00 00 00 00 00 00 00 00 95 41 a2 1e
007908-007965 ImageListBlock 1 elements:
  007912-007965 ImageBlockGen2 id=184121485 xsize=256 ysize=256 path="ui\\skins\\default\\transperent_frame_1"
007966-007974 DataBlock
  .........        00 00 00 00 00 01 00 00 00
007975-007978 StateIDBlock 513950101
007979-007988 StateNameBlock "NewState"
007989-007992 XSizeBlock 600
007993-007996 YSizeBlock 44
007997-008025 DataBlock
  ................ 00 00 00 00 02 00 00 00 00 00 00 00 00 00 00 00
  .............    02 00 00 00 00 00 00 00 00 00 00 00 00
008026-008039 StringBlock "tw_troy_bold"
008040-008055 DataBlock
  ................ 0a 00 00 00 02 00 00 00 00 00 00 00 dd da fa ff
008056-008078 StringBlock "Default Font Category"
008079-008098 DataBlock
  ................ 00 00 00 00 00 00 00 00 00 00 00 00 00 00 00 00
  ....             00 00 00 00
008099-008109 ShaderNameBlock "normal_t0"
008110-008113 ShaderVariableBlock 0.0 (0)
008114-008117 ShaderVariableBlock 0.0 (0)
008118-008121 ShaderVariableBlock 0.0 (0)
008122-008125 ShaderVariableBlock 0.0 (0)
008126-008136 ShaderNameBlock "normal_t0"
008137-008140 ShaderVariableBlock 0.0 (0)
008141-008144 ShaderVariableBlock 0.0 (0)
008145-008148 ShaderVariableBlock 0.0 (0)
008149-008152 ShaderVariableBlock 0.0 (0)
008153-008156 DataBlock
  ....             01 00 00 00
008157-008180 ImageUseBlock id=184121485 xofs=7 yofs=0 xsize=586 ysize=44 bgra=bgra(255,255,255,255)
008181-008291 DataBlock
  ................ 00 00 00 00 00 05 00 00 00 00 00 00 00 00 00 00
  ................ 00 01 01 00 00 00 00 00 00 00 00 00 00 00 00 00
  ..........?..... 00 00 00 00 00 00 00 00 00 80 3f 00 00 00 00 00
  ................ 00 00 00 00 00 00 00 00 00 00 00 00 00 00 00 c0
  @...@...@...@... 40 00 00 c0 40 00 00 c0 40 00 00 c0 40 00 00 00
  ................ 00 00 00 00 00 00 00 00 00 00 00 00 00 0a 00 00
  ............>.4  00 00 00 00 00 01 00 00 00 00 00 f5 3e c4 34
008292-008298 StringBlock "level"
008299-008361 DataBlock
  ................ 00 00 00 00 00 00 00 00 00 00 00 00 00 00 01 00
  ................ 00 00 00 00 01 00 00 00 00 01 00 00 00 00 04 00
  ...........e<... 00 00 00 00 00 00 00 00 00 00 00 65 3c a2 1e 00
  ...........e<..  00 00 00 00 00 00 00 01 00 00 00 65 3c a2 1e
008362-008370 StringBlock "NewStat"
008371-008378 DataBlock
  T...,...         54 00 00 00 2c 00 00 00
008379-008396 UnicodeBlock "+/- 1-2:"
008397-008415 DataBlock
  ................ 00 00 00 00 00 00 00 00 00 00 00 00 00 00 03 00
  ...              00 00 00
008416-008467 UnicodeBlock "level_NewStat_Text_180005"
008468-008473 DataBlock
  ......           00 00 00 00 00 00
008474-008489 StringBlock "tw_troy_medium"
008490-008505 DataBlock
  ................ 0c 00 00 00 00 00 00 00 00 00 00 00 b0 c0 cc ff
008506-008525 StringBlock "_value_medium_grey"
008526-008545 DataBlock
  ................ 18 00 00 00 08 00 00 00 0e 00 00 00 00 00 00 00
  ....             00 00 00 00
008546-008556 ShaderNameBlock "normal_t0"
008557-008560 ShaderVariableBlock 0.0 (0)
008561-008564 ShaderVariableBlock 0.0 (0)
008565-008568 ShaderVariableBlock 0.0 (0)
008569-008572 ShaderVariableBlock 0.0 (0)
008573-008583 ShaderNameBlock "normal_t0"
008584-008587 ShaderVariableBlock 0.0 (0)
008588-008591 ShaderVariableBlock 0.0 (0)
008592-008595 ShaderVariableBlock 0.0 (0)
008596-008599 ShaderVariableBlock 0.0 (0)
008600-008701 DataBlock
  ................ 00 00 00 00 00 00 00 00 00 00 00 00 00 00 00 00
  ................ 00 00 00 00 0a 00 00 00 00 00 00 00 01 00 00 00
  ..-;.4..txt..... 00 00 2d 3b c4 34 03 00 74 78 74 00 00 00 00 00
  .T.............. 00 54 00 00 00 00 00 00 00 01 00 00 00 00 00 01
  ................ 00 00 00 00 01 00 00 00 00 0f 00 00 00 00 00 00
  ......57........ 00 00 00 00 00 00 35 37 a2 1e 00 00 00 00 00 00
  ......           00 00 01 00 00 00
008702-008705 StateIDBlock 513947445
008706-008715 StateNameBlock "NewState"
008716-008719 XSizeBlock 510
008720-008723 YSizeBlock 44
008724-008781 UnicodeBlock "Affects morale of Hero unit."
008782-008800 DataBlock
  ................ 00 00 02 00 00 00 04 00 00 00 00 00 00 00 02 00
  ...              00 00 01
008801-008850 UnicodeBlock "txt_NewState_Text_4b0002"
008851-008856 DataBlock
  ......           00 00 00 00 00 00
008857-008874 StringBlock "profile_offc_pro"
008875-008890 DataBlock
  ................ 0c 00 00 00 00 00 00 00 00 00 00 00 ff ff ff ff
008891-008908 StringBlock "_resource_income"
008909-008928 DataBlock
  ................ 00 00 00 00 00 00 00 00 00 00 00 00 00 00 00 00
  ....             00 00 00 00
008929-008939 ShaderNameBlock "normal_t0"
008940-008943 ShaderVariableBlock 0.0 (0)
008944-008947 ShaderVariableBlock 0.0 (0)
008948-008951 ShaderVariableBlock 0.0 (0)
008952-008955 ShaderVariableBlock 0.0 (0)
008956-008966 ShaderNameBlock "normal_t0"
008967-008970 ShaderVariableBlock 0.0 (0)
008971-008974 ShaderVariableBlock 0.0 (0)
008975-008978 ShaderVariableBlock 0.0 (0)
008979-008982 ShaderVariableBlock 0.0 (0)
008983-009086 DataBlock
  ................ 00 00 00 00 00 00 00 00 00 00 00 00 00 00 00 00
  ................ 00 00 00 00 0a 00 00 00 00 00 00 00 00 00 00 00
  .............?.. 00 00 00 00 00 00 00 00 00 00 00 00 80 3f 00 00
  .....?.......... 00 80 00 00 00 3f 00 00 00 00 00 00 00 00 00 00
  ...?.......?.... 00 00 80 3f 00 00 00 00 00 00 00 3f 00 00 00 00
  .........?...... 00 00 00 00 00 00 00 00 80 3f 00 00 00 00 00 00
  .....).4         00 00 00 00 cc 29 c2 34
009087-009098 StringBlock "levels 3-4"
009099-009145 DataBlock
  ..........X..... 00 00 00 00 00 00 00 00 00 00 58 00 00 00 00 00
  ................ 00 00 00 00 01 00 00 00 00 01 00 00 00 00 00 00
  ............|..  00 00 00 00 00 00 00 00 00 00 00 b4 7c 9e 1e
009146-009203 ImageListBlock 1 elements:
  009150-009203 ImageBlockGen2 id=183695708 xsize=256 ysize=256 path="ui\\skins\\default\\transperent_frame_1"
009204-009212 DataBlock
  .........        00 00 00 00 00 01 00 00 00
009213-009216 StateIDBlock 513703092
009217-009226 StateNameBlock "NewState"
009227-009230 XSizeBlock 600
009231-009234 YSizeBlock 44
009235-009263 DataBlock
  ................ 00 00 00 00 02 00 00 00 00 00 00 00 00 00 00 00
  .............    02 00 00 00 00 00 00 00 00 00 00 00 00
009264-009277 StringBlock "tw_troy_bold"
009278-009293 DataBlock
  ................ 0a 00 00 00 02 00 00 00 00 00 00 00 dd da fa ff
009294-009316 StringBlock "Default Font Category"
009317-009336 DataBlock
  ................ 00 00 00 00 00 00 00 00 00 00 00 00 00 00 00 00
  ....             00 00 00 00
009337-009347 ShaderNameBlock "normal_t0"
009348-009351 ShaderVariableBlock 0.0 (0)
009352-009355 ShaderVariableBlock 0.0 (0)
009356-009359 ShaderVariableBlock 0.0 (0)
009360-009363 ShaderVariableBlock 0.0 (0)
009364-009374 ShaderNameBlock "normal_t0"
009375-009378 ShaderVariableBlock 0.0 (0)
009379-009382 ShaderVariableBlock 0.0 (0)
009383-009386 ShaderVariableBlock 0.0 (0)
009387-009390 ShaderVariableBlock 0.0 (0)
009391-009394 DataBlock
  ....             01 00 00 00
009395-009418 ImageUseBlock id=183695708 xofs=7 yofs=0 xsize=586 ysize=44 bgra=bgra(255,255,255,255)
009419-009529 DataBlock
  ................ 00 00 00 00 00 05 00 00 00 00 00 00 00 00 00 00
  ................ 00 01 01 00 00 00 00 00 00 00 00 00 00 00 00 00
  ..........?..... 00 00 00 00 00 00 00 00 00 80 3f 00 00 00 00 00
  ................ 00 00 00 00 00 00 00 00 00 00 00 00 00 00 00 c0
  @...@...@...@... 40 00 00 c0 40 00 00 c0 40 00 00 c0 40 00 00 00
  ................ 00 00 00 00 00 00 00 00 00 00 00 00 00 0a 00 00
  ..............4  00 00 00 00 00 01 00 00 00 00 00 c4 80 c2 34
009530-009536 StringBlock "level"
009537-009595 DataBlock
  ................ 00 00 00 00 00 00 00 00 00 00 00 00 00 00 01 00
  ................ 00 00 00 00 01 00 00 00 00 01 00 00 00 00 04 00
  ...........,.... 00 00 00 00 00 00 00 00 00 00 00 2c b3 9e 1e 00
  ...........      00 00 00 00 00 00 00 01 00 00 00
009596-009599 StateIDBlock 513717036
009600-009609 StateNameBlock "NewState"
009610-009613 XSizeBlock 84
009614-009617 YSizeBlock 44
009618-009635 UnicodeBlock "+/- 3-4:"
009636-009654 DataBlock
  ................ 00 00 00 00 00 00 00 00 00 00 00 00 00 00 03 00
  ...              00 00 00
009655-009708 UnicodeBlock "level_NewState_Text_180001"
009709-009714 DataBlock
  ......           00 00 00 00 00 00
009715-009730 StringBlock "tw_troy_medium"
009731-009746 DataBlock
  ................ 0c 00 00 00 00 00 00 00 00 00 00 00 b0 c0 cc ff
009747-009766 StringBlock "_value_medium_grey"
009767-009786 DataBlock
  ................ 18 00 00 00 08 00 00 00 0e 00 00 00 00 00 00 00
  ....             00 00 00 00
009787-009797 ShaderNameBlock "normal_t0"
009798-009801 ShaderVariableBlock 0.0 (0)
009802-009805 ShaderVariableBlock 0.0 (0)
009806-009809 ShaderVariableBlock 0.0 (0)
009810-009813 ShaderVariableBlock 0.0 (0)
009814-009824 ShaderNameBlock "normal_t0"
009825-009828 ShaderVariableBlock 0.0 (0)
009829-009832 ShaderVariableBlock 0.0 (0)
009833-009836 ShaderVariableBlock 0.0 (0)
009837-009840 ShaderVariableBlock 0.0 (0)
009841-009942 DataBlock
  ................ 00 00 00 00 00 00 00 00 00 00 00 00 00 00 00 00
  ................ 00 00 00 00 0a 00 00 00 00 00 00 00 01 00 00 00
  ..$5.4..txt..... 00 00 24 35 c2 34 03 00 74 78 74 00 00 00 00 00
  .T.............. 00 54 00 00 00 00 00 00 00 01 00 00 00 00 00 01
  ................ 00 00 00 00 01 00 00 00 00 0f 00 00 00 00 00 00
  ................ 00 00 00 00 00 00 8c bd 9e 1e 00 00 00 00 00 00
  ......           00 00 01 00 00 00
009943-009946 StateIDBlock 513719692
009947-009956 StateNameBlock "NewState"
009957-009960 XSizeBlock 510
009961-009964 YSizeBlock 44
009965-010086 UnicodeBlock "Affects morale of Hero unit and influence in local province."
010087-010105 DataBlock
  ................ 00 00 02 00 00 00 04 00 00 00 00 00 00 00 01 00
  ...              00 00 01
010106-010155 UnicodeBlock "txt_NewState_Text_19001e"
010156-010161 DataBlock
  ......           00 00 00 00 00 00
010162-010179 StringBlock "profile_offc_pro"
010180-010195 DataBlock
  ................ 0c 00 00 00 00 00 00 00 00 00 00 00 ff ff ff ff
010196-010213 StringBlock "_resource_income"
010214-010233 DataBlock
  ................ 00 00 00 00 00 00 00 00 00 00 00 00 00 00 00 00
  ....             00 00 00 00
010234-010244 ShaderNameBlock "normal_t0"
010245-010248 ShaderVariableBlock 0.0 (0)
010249-010252 ShaderVariableBlock 0.0 (0)
010253-010256 ShaderVariableBlock 0.0 (0)
010257-010260 ShaderVariableBlock 0.0 (0)
010261-010271 ShaderNameBlock "normal_t0"
010272-010275 ShaderVariableBlock 0.0 (0)
010276-010279 ShaderVariableBlock 0.0 (0)
010280-010283 ShaderVariableBlock 0.0 (0)
010284-010287 ShaderVariableBlock 0.0 (0)
010288-010391 DataBlock
  ................ 00 00 00 00 00 00 00 00 00 00 00 00 00 00 00 00
  ................ 00 00 00 00 0a 00 00 00 00 00 00 00 00 00 00 00
  .............?.. 00 00 00 00 00 00 00 00 00 00 00 00 80 3f 00 00
  .....?.......... 00 80 00 00 00 3f 00 00 00 00 00 00 00 00 00 00
  ...?.......?.... 00 00 80 3f 00 00 00 00 00 00 00 3f 00 00 00 00
  .........?...... 00 00 00 00 00 00 00 00 80 3f 00 00 00 00 00 00
  .....<.4         00 00 00 00 b4 3c c2 34
010392-010403 StringBlock "levels 5-7"
010404-010450 DataBlock
  ................ 00 00 00 00 00 00 00 00 00 00 84 00 00 00 00 00
  ................ 00 00 00 00 01 00 00 00 00 01 00 00 00 00 00 00
  ...............  00 00 00 00 00 00 00 00 00 00 00 bc c2 9e 1e
010451-010508 ImageListBlock 1 elements:
  010455-010508 ImageBlockGen2 id=183693868 xsize=256 ysize=256 path="ui\\skins\\default\\transperent_frame_1"
010509-010517 DataBlock
  .........        00 00 00 00 00 01 00 00 00
010518-010521 StateIDBlock 513721020
010522-010531 StateNameBlock "NewState"
010532-010535 XSizeBlock 600
010536-010539 YSizeBlock 44
010540-010568 DataBlock
  ................ 00 00 00 00 02 00 00 00 00 00 00 00 00 00 00 00
  .............    02 00 00 00 00 00 00 00 00 00 00 00 00
010569-010582 StringBlock "tw_troy_bold"
010583-010598 DataBlock
  ................ 0a 00 00 00 02 00 00 00 00 00 00 00 dd da fa ff
010599-010621 StringBlock "Default Font Category"
010622-010641 DataBlock
  ................ 00 00 00 00 00 00 00 00 00 00 00 00 00 00 00 00
  ....             00 00 00 00
010642-010652 ShaderNameBlock "normal_t0"
010653-010656 ShaderVariableBlock 0.0 (0)
010657-010660 ShaderVariableBlock 0.0 (0)
010661-010664 ShaderVariableBlock 0.0 (0)
010665-010668 ShaderVariableBlock 0.0 (0)
010669-010679 ShaderNameBlock "normal_t0"
010680-010683 ShaderVariableBlock 0.0 (0)
010684-010687 ShaderVariableBlock 0.0 (0)
010688-010691 ShaderVariableBlock 0.0 (0)
010692-010695 ShaderVariableBlock 0.0 (0)
010696-010699 DataBlock
  ....             01 00 00 00
010700-010723 ImageUseBlock id=183693868 xofs=7 yofs=0 xsize=586 ysize=44 bgra=bgra(255,255,255,255)
010724-010834 DataBlock
  ................ 00 00 00 00 00 05 00 00 00 00 00 00 00 00 00 00
  ................ 00 01 01 00 00 00 00 00 00 00 00 00 00 00 00 00
  ..........?..... 00 00 00 00 00 00 00 00 00 80 3f 00 00 00 00 00
  ................ 00 00 00 00 00 00 00 00 00 00 00 00 00 00 00 c0
  @...@...@...@... 40 00 00 c0 40 00 00 c0 40 00 00 c0 40 00 00 00
  ................ 00 00 00 00 00 00 00 00 00 00 00 00 00 0a 00 00
  ............^.4  00 00 00 00 00 01 00 00 00 00 00 bc 5e c2 34
010835-010841 StringBlock "level"
010842-010900 DataBlock
  ................ 00 00 00 00 00 00 00 00 00 00 00 00 00 00 01 00
  ................ 00 00 00 00 01 00 00 00 00 01 00 00 00 00 04 00
  ................ 00 00 00 00 00 00 00 00 00 00 00 ec c7 9e 1e 00
  ...........      00 00 00 00 00 00 00 01 00 00 00
010901-010904 StateIDBlock 513722348
010905-010914 StateNameBlock "NewState"
010915-010918 XSizeBlock 84
010919-010922 YSizeBlock 44
010923-010940 UnicodeBlock "+/- 5-7:"
010941-010959 DataBlock
  ................ 00 00 00 00 00 00 00 00 00 00 00 00 00 00 03 00
  ...              00 00 00
010960-011013 UnicodeBlock "level_NewState_Text_180004"
011014-011019 DataBlock
  ......           00 00 00 00 00 00
011020-011035 StringBlock "tw_troy_medium"
011036-011051 DataBlock
  ................ 0c 00 00 00 00 00 00 00 00 00 00 00 b0 c0 cc ff
011052-011071 StringBlock "_value_medium_grey"
011072-011091 DataBlock
  ................ 18 00 00 00 08 00 00 00 0e 00 00 00 00 00 00 00
  ....             00 00 00 00
011092-011102 ShaderNameBlock "normal_t0"
011103-011106 ShaderVariableBlock 0.0 (0)
011107-011110 ShaderVariableBlock 0.0 (0)
011111-011114 ShaderVariableBlock 0.0 (0)
011115-011118 ShaderVariableBlock 0.0 (0)
011119-011129 ShaderNameBlock "normal_t0"
011130-011133 ShaderVariableBlock 0.0 (0)
011134-011137 ShaderVariableBlock 0.0 (0)
011138-011141 ShaderVariableBlock 0.0 (0)
011142-011145 ShaderVariableBlock 0.0 (0)
011146-011247 DataBlock
  ................ 00 00 00 00 00 00 00 00 00 00 00 00 00 00 00 00
  ................ 00 00 00 00 0a 00 00 00 00 00 00 00 01 00 00 00
  ..<".4..txt..... 00 00 3c 22 c2 34 03 00 74 78 74 00 00 00 00 00
  .T.............. 00 54 00 00 00 00 00 00 00 01 00 00 00 00 00 01
  ................ 00 00 00 00 01 00 00 00 00 0f 00 00 00 00 00 00
  ......T......... 00 00 00 00 00 00 54 c5 9e 1e 00 00 00 00 00 00
  ......           00 00 01 00 00 00
011248-011251 StateIDBlock 513721684
011252-011261 StateNameBlock "NewState"
011262-011265 XSizeBlock 510
011266-011269 YSizeBlock 44
011270-011423 UnicodeBlock "Affects morale of Hero unit, rage in battle and influence in local province."
011424-011442 DataBlock
  ................ 00 00 02 00 00 00 04 00 00 00 00 00 00 00 01 00
  ...              00 00 01
011443-011492 UnicodeBlock "txt_NewState_Text_140003"
011493-011498 DataBlock
  ......           00 00 00 00 00 00
011499-011516 StringBlock "profile_offc_pro"
011517-011532 DataBlock
  ................ 0c 00 00 00 00 00 00 00 00 00 00 00 ff ff ff ff
011533-011550 StringBlock "_resource_income"
011551-011570 DataBlock
  ................ 00 00 00 00 00 00 00 00 00 00 00 00 00 00 00 00
  ....             00 00 00 00
011571-011581 ShaderNameBlock "normal_t0"
011582-011585 ShaderVariableBlock 0.0 (0)
011586-011589 ShaderVariableBlock 0.0 (0)
011590-011593 ShaderVariableBlock 0.0 (0)
011594-011597 ShaderVariableBlock 0.0 (0)
011598-011608 ShaderNameBlock "normal_t0"
011609-011612 ShaderVariableBlock 0.0 (0)
011613-011616 ShaderVariableBlock 0.0 (0)
011617-011620 ShaderVariableBlock 0.0 (0)
011621-011624 ShaderVariableBlock 0.0 (0)
011625-011728 DataBlock
  ................ 00 00 00 00 00 00 00 00 00 00 00 00 00 00 00 00
  ................ 00 00 00 00 0a 00 00 00 00 00 00 00 00 00 00 00
  .............?.. 00 00 00 00 00 00 00 00 00 00 00 00 80 3f 00 00
  .....?.......... 00 80 00 00 00 3f 00 00 00 00 00 00 00 00 00 00
  ...?.......?.... 00 00 80 3f 00 00 00 00 00 00 00 3f 00 00 00 00
  .........?...... 00 00 00 00 00 00 00 00 80 3f 00 00 00 00 00 00
  .....Z.4         00 00 00 00 f4 5a c2 34
011729-011741 StringBlock "levels 8-10"
011742-011788 DataBlock
  ................ 00 00 00 00 00 00 00 00 00 00 b0 00 00 00 00 00
  ................ 00 00 00 00 01 00 00 00 00 01 00 00 00 00 00 00
  ............z..  00 00 00 00 00 00 00 00 00 00 00 1c 7a 9e 1e
011789-011846 ImageListBlock 1 elements:
  011793-011846 ImageBlockGen2 id=184118909 xsize=256 ysize=256 path="ui\\skins\\default\\transperent_frame_1"
011847-011855 DataBlock
  .........        00 00 00 00 00 01 00 00 00
011856-011859 StateIDBlock 513702428
011860-011869 StateNameBlock "NewState"
011870-011873 XSizeBlock 600
011874-011877 YSizeBlock 44
011878-011906 DataBlock
  ................ 00 00 00 00 02 00 00 00 00 00 00 00 00 00 00 00
  .............    02 00 00 00 00 00 00 00 00 00 00 00 00
011907-011920 StringBlock "tw_troy_bold"
011921-011936 DataBlock
  ................ 0a 00 00 00 02 00 00 00 00 00 00 00 dd da fa ff
011937-011959 StringBlock "Default Font Category"
011960-011979 DataBlock
  ................ 00 00 00 00 00 00 00 00 00 00 00 00 00 00 00 00
  ....             00 00 00 00
011980-011990 ShaderNameBlock "normal_t0"
011991-011994 ShaderVariableBlock 0.0 (0)
011995-011998 ShaderVariableBlock 0.0 (0)
011999-012002 ShaderVariableBlock 0.0 (0)
012003-012006 ShaderVariableBlock 0.0 (0)
012007-012017 ShaderNameBlock "normal_t0"
012018-012021 ShaderVariableBlock 0.0 (0)
012022-012025 ShaderVariableBlock 0.0 (0)
012026-012029 ShaderVariableBlock 0.0 (0)
012030-012033 ShaderVariableBlock 0.0 (0)
012034-012037 DataBlock
  ....             01 00 00 00
012038-012061 ImageUseBlock id=184118909 xofs=7 yofs=0 xsize=586 ysize=44 bgra=bgra(255,255,255,255)
012062-012172 DataBlock
  ................ 00 00 00 00 00 05 00 00 00 00 00 00 00 00 00 00
  ................ 00 01 01 00 00 00 00 00 00 00 00 00 00 00 00 00
  ..........?..... 00 00 00 00 00 00 00 00 00 80 3f 00 00 00 00 00
  ................ 00 00 00 00 00 00 00 00 00 00 00 00 00 00 00 c0
  @...@...@...@... 40 00 00 c0 40 00 00 c0 40 00 00 c0 40 00 00 00
  ................ 00 00 00 00 00 00 00 00 00 00 00 00 00 0a 00 00
  ............b.4  00 00 00 00 00 01 00 00 00 00 00 84 62 c2 34
012173-012179 StringBlock "level"
012180-012238 DataBlock
  ................ 00 00 00 00 00 00 00 00 00 00 00 00 00 00 01 00
  ................ 00 00 00 00 01 00 00 00 00 01 00 00 00 00 04 00
  ...........t.... 00 00 00 00 00 00 00 00 00 00 00 74 91 9e 1e 00
  ...........      00 00 00 00 00 00 00 01 00 00 00
012239-012242 StateIDBlock 513708404
012243-012252 StateNameBlock "NewState"
012253-012256 XSizeBlock 85
012257-012260 YSizeBlock 44
012261-012280 UnicodeBlock "+/- 8-10:"
012281-012299 DataBlock
  ................ 00 00 00 00 00 00 00 00 00 00 00 00 00 00 03 00
  ...              00 00 00
012300-012353 UnicodeBlock "level_NewState_Text_120035"
012354-012359 DataBlock
  ......           00 00 00 00 00 00
012360-012375 StringBlock "tw_troy_medium"
012376-012391 DataBlock
  ................ 0c 00 00 00 00 00 00 00 00 00 00 00 b0 c0 cc ff
012392-012411 StringBlock "_value_medium_grey"
012412-012431 DataBlock
  ................ 10 00 00 00 08 00 00 00 0e 00 00 00 00 00 00 00
  ....             00 00 00 00
012432-012442 ShaderNameBlock "normal_t0"
012443-012446 ShaderVariableBlock 0.0 (0)
012447-012450 ShaderVariableBlock 0.0 (0)
012451-012454 ShaderVariableBlock 0.0 (0)
012455-012458 ShaderVariableBlock 0.0 (0)
012459-012469 ShaderNameBlock "normal_t0"
012470-012473 ShaderVariableBlock 0.0 (0)
012474-012477 ShaderVariableBlock 0.0 (0)
012478-012481 ShaderVariableBlock 0.0 (0)
012482-012485 ShaderVariableBlock 0.0 (0)
012486-012587 DataBlock
  ................ 00 00 00 00 00 00 00 00 00 00 00 00 00 00 00 00
  ................ 00 00 00 00 0a 00 00 00 00 00 00 00 01 00 00 00
  ..lu.4..txt..... 00 00 6c 75 c2 34 03 00 74 78 74 00 00 00 00 00
  .U.............. 00 55 00 00 00 00 00 00 00 01 00 00 00 00 00 01
  ................ 00 00 00 00 01 00 00 00 00 0f 00 00 00 00 00 00
  ......L......... 00 00 00 00 00 00 4c 7f 9e 1e 00 00 00 00 00 00
  ......           00 00 01 00 00 00
012588-012591 StateIDBlock 513703756
012592-012601 StateNameBlock "NewState"
012602-012605 XSizeBlock 510
012606-012609 YSizeBlock 44
012610-012861 UnicodeBlock "Affects morale of Hero unit, rage in battle, campaign movement speed of this army, influence and happiness in local province."
012862-012880 DataBlock
  ................ 00 00 02 00 00 00 04 00 00 00 00 00 00 00 01 00
  ...              00 00 01
012881-012928 UnicodeBlock "txt_NewState_Text_a0024"
012929-012934 DataBlock
  ......           00 00 00 00 00 00
012935-012952 StringBlock "profile_offc_pro"
012953-012968 DataBlock
  ................ 0c 00 00 00 00 00 00 00 00 00 00 00 ff ff ff ff
012969-012986 StringBlock "_resource_income"
012987-013006 DataBlock
  ................ 00 00 00 00 00 00 00 00 00 00 00 00 00 00 00 00
  ....             00 00 00 00
013007-013017 ShaderNameBlock "normal_t0"
013018-013021 ShaderVariableBlock 0.0 (0)
013022-013025 ShaderVariableBlock 0.0 (0)
013026-013029 ShaderVariableBlock 0.0 (0)
013030-013033 ShaderVariableBlock 0.0 (0)
013034-013044 ShaderNameBlock "normal_t0"
013045-013048 ShaderVariableBlock 0.0 (0)
013049-013052 ShaderVariableBlock 0.0 (0)
013053-013056 ShaderVariableBlock 0.0 (0)
013057-013060 ShaderVariableBlock 0.0 (0)
013061-013159 DataBlock
  ................ 00 00 00 00 00 00 00 00 00 00 00 00 00 00 00 00
  ................ 00 00 00 00 0a 00 00 00 00 00 00 00 00 00 00 00
  .............?.. 00 00 00 00 00 00 00 00 00 00 00 00 80 3f 00 00
  .....?.......... 00 80 00 00 00 3f 00 00 00 00 00 00 00 00 00 00
  ...?.......?.... 00 00 80 3f 00 00 00 00 00 00 00 3f 00 00 00 00
  .........?...... 00 00 00 00 00 00 00 00 80 3f 00 00 00 00 00 00
  ...              00 00 01
013160-013165 StringBlock "List"
013166-013245 DataBlock
  .......C........ 01 00 00 00 00 00 dc 43 00 00 00 00 00 00 00 00
  ................ 00 01 00 00 00 01 00 00 00 00 00 00 00 00 00 00
  ................ 00 00 00 00 00 00 00 00 00 00 00 00 00 00 00 00
  ................ 00 00 00 00 00 00 00 00 00 00 00 00 00 00 00 00
  ......?......... 00 00 00 00 00 80 3f 00 00 00 00 00 00 00 00 01
013246-013251 StringBlock "List"
013252-013352 DataBlock
  .......C........ 01 00 00 00 00 00 af 43 00 00 00 00 06 00 00 00
  ................ 00 01 00 00 00 01 00 00 00 00 00 08 00 00 00 00
  ................ 00 00 00 00 00 00 00 00 00 00 00 00 00 00 00 00
  ................ 00 00 00 00 00 00 00 00 00 00 00 00 00 00 00 00
  ......?...?...?. 01 00 00 00 00 80 3f 00 00 00 3f 00 00 00 3f 00
  ............?... 00 00 00 00 00 00 00 00 00 00 00 80 3f 00 00 00
  .....            00 00 00 00 00
