000000-000009 VersionBlock 121
000010-000013 RootIDBlock 942384128
000014-000019 StringBlock "root"
000020-000097 DataBlock
  ................ 00 00 00 00 00 00 00 00 00 00 00 00 00 00 01 01
  ................ 00 00 00 00 01 00 00 00 00 01 00 00 00 00 00 00
  ...........P`... 00 00 00 00 00 00 00 00 00 00 00 50 60 df 0d 01
  .........@...... 00 00 00 80 10 92 10 00 00 40 06 00 00 84 03 00
  ..........P`..   00 00 00 00 00 00 01 00 00 00 50 60 df 0d
000098-000107 NewStateBlock "NewState"
000108-000144 DataBlock
  @............... 40 06 00 00 84 03 00 00 00 00 00 00 02 00 00 00
  ................ 00 00 00 00 00 00 00 00 02 00 00 00 00 00 00 00
  .....            00 00 00 00 00
000145-000153 StringBlock "tw_troy"
000154-000169 DataBlock
  ................ 0a 00 00 00 02 00 00 00 00 00 00 00 dd da fa ff
000170-000192 StringBlock "Default Font Category"
000193-000212 DataBlock
  ................ 00 00 00 00 00 00 00 00 00 00 00 00 00 00 00 00
  ....             01 00 00 00
000213-000223 T0Block "normal_t0"
000224-000239 DataBlock
  ................ 00 00 00 00 00 00 00 00 00 00 00 00 00 00 00 00
000240-000250 T0Block "normal_t0"
000251-000405 DataBlock
  ................ 00 00 00 00 00 00 00 00 00 00 00 00 00 00 00 00
  ................ 01 00 00 00 80 10 92 10 00 00 00 00 00 00 00 00
  @............... 40 06 00 00 84 03 00 00 f0 f0 f0 ff 00 00 00 00
  ................ 00 00 00 00 00 00 00 00 00 00 00 00 00 01 01 00
  ................ 00 00 00 00 00 00 00 00 00 00 00 00 00 00 00 00
  ......?......... 00 00 00 00 00 80 3f 00 00 00 00 00 00 00 00 00
  ................ 00 00 00 00 00 00 00 00 00 00 00 00 00 00 00 00
  ................ 00 00 00 00 00 00 00 00 00 00 00 00 00 00 00 00
  ................ 00 00 00 00 00 00 00 00 00 00 00 00 00 00 00 00
  ..........8      00 01 00 00 00 00 00 d8 82 ae 38
000406-000419 StringBlock "info_overlay"
000420-000425 DataBlock
  ......           00 00 01 00 00 00
000426-000448 StringBlock "OverlayTooltipHandler"
000449-000501 DataBlock
  ................ 00 00 00 00 00 00 00 00 ee 02 00 00 90 01 00 00
  ................ 01 01 00 00 00 00 01 00 00 00 00 01 00 00 00 00
  .............8N. 05 00 00 00 00 00 00 00 00 00 00 00 00 38 4e 06
  9....            39 02 00 00 00
000502-000562 ImageBlock id=1093919688 xsize=256 ysize=256 path="ui\\skins\\default\\overlay_tooltip_active.png" unknown=870610944
000563-000563 DataBlock
  A                41
000564-000607 ImagePathBlock "ui\\skins\\default\\overlay_tooltip_hover.png"
000608-000628 DataBlock
  ................ 00 01 00 00 00 01 00 00 00 00 00 00 00 02 00 00
  .8N.9            00 38 4e 06 39
000629-000636 StringBlock "active"
000637-000673 DataBlock
  d...d........... 64 00 00 00 64 00 00 00 00 00 00 00 02 00 00 00
  ................ 00 00 00 00 00 00 00 00 02 00 00 00 00 00 00 00
  .....            00 00 00 00 00
000674-000682 StringBlock "tw_troy"
000683-000698 DataBlock
  ................ 0a 00 00 00 02 00 00 00 00 00 00 00 dd da fa ff
000699-000721 StringBlock "Default Font Category"
000722-000741 DataBlock
  ................ 00 00 00 00 00 00 00 00 00 00 00 00 00 00 00 00
  ....             01 00 00 00
000742-000752 T0Block "normal_t0"
000753-000768 DataBlock
  ................ 00 00 00 00 00 00 00 00 00 00 00 00 00 00 00 00
000769-000779 T0Block "normal_t0"
000780-000936 DataBlock
  ................ 00 00 00 00 00 00 00 00 00 00 00 00 00 00 00 00
  ......3A........ 01 00 00 00 c8 e3 33 41 00 00 00 00 00 00 00 00
  d...d........... 64 00 00 00 64 00 00 00 ff ff ff ff 00 00 01 00
  ................ 00 01 00 00 00 00 00 00 00 00 00 00 00 01 01 00
  ................ 00 00 00 00 00 00 00 00 00 00 00 00 00 00 00 00
  ......?......... 00 00 00 00 00 80 3f 00 00 00 00 00 00 00 00 00
  ............A... 00 00 00 00 00 00 00 00 00 00 00 00 41 00 00 00
  A...A...Aq...;.. 41 00 00 00 41 00 00 00 41 71 00 00 00 3b 00 00
  ..........X.9... 00 01 00 00 00 00 00 00 00 d8 58 06 39 00 00 00
  ..........X.9    00 00 00 00 00 00 00 00 00 d8 58 06 39
000937-000943 StringBlock "hover"
000944-000980 DataBlock
  d...d........... 64 00 00 00 64 00 00 00 00 00 00 00 02 00 00 00
  ................ 00 00 00 00 00 00 00 00 02 00 00 00 00 00 00 00
  .....            00 00 00 00 00
000981-000989 StringBlock "tw_troy"
000990-001005 DataBlock
  ................ 0a 00 00 00 02 00 00 00 00 00 00 00 dd da fa ff
001006-001028 StringBlock "Default Font Category"
001029-001048 DataBlock
  ................ 00 00 00 00 00 00 00 00 00 00 00 00 00 00 00 00
  ....             01 00 00 00
001049-001059 T0Block "normal_t0"
001060-001075 DataBlock
  ................ 00 00 00 00 00 00 00 00 00 00 00 00 00 00 00 00
001076-001086 T0Block "normal_t0"
001087-001299 DataBlock
  ................ 00 00 00 00 00 00 00 00 00 00 00 00 00 00 00 00
  ....x.3A........ 01 00 00 00 78 e4 33 41 00 00 00 00 00 00 00 00
  d...d........... 64 00 00 00 64 00 00 00 ff ff ff ff 00 00 01 00
  ................ 00 00 00 00 00 00 00 00 00 00 00 00 00 01 01 00
  ................ 00 00 00 00 00 00 00 00 00 00 00 00 00 00 00 00
  ......?......... 00 00 00 00 00 80 3f 00 00 00 00 00 00 00 00 00
  ............A... 00 00 00 00 00 00 00 00 00 00 00 00 41 00 00 00
  A...A...A....... 41 00 00 00 41 00 00 00 41 18 01 00 00 a5 00 00
  .........8N.9... 00 01 00 00 00 01 00 00 00 38 4e 06 39 00 00 00
  ................ 00 00 00 00 00 00 00 00 00 00 00 00 00 00 00 00
  ................ 00 00 00 00 00 00 00 00 00 00 00 00 00 00 00 00
  ......?...?...?. 00 00 00 00 00 80 3f 00 00 00 3f 00 00 00 3f 00
  ............?... 00 00 00 00 00 00 00 00 00 00 00 80 3f 00 00 00
  .....            00 00 00 00 00
