000000-000009 VersionBlock 121
000010-000013 RootIDBlock 325901376
000014-000019 StringBlock "root"
000020-000021 StringBlock ""
000022-000025 XOffsetBlock 0
000026-000029 YOffsetBlock 0
000030-000093 DataBlock
  ................ 00 00 00 00 01 01 00 00 00 00 01 00 00 00 00 01
  ................ 00 00 00 00 00 00 00 00 00 00 00 00 00 00 00 00
  .........`...... 00 00 00 00 00 01 00 00 00 60 93 ff 14 00 00 00
  ................ 05 00 00 c0 03 00 00 00 00 00 00 00 01 00 00 00
000094-000097 StateIDBlock 261040544
000098-000107 NewStateBlock "NewState"
000108-000111 XSizeBlock 1280
000112-000115 YSizeBlock 960
000116-000144 DataBlock
  ................ 00 00 00 00 02 00 00 00 00 00 00 00 00 00 00 00
  .............    01 00 00 00 00 00 00 00 00 00 00 00 00
000145-000158 StringBlock "tw_troy_bold"
000159-000174 DataBlock
  ................ 0a 00 00 00 02 00 00 00 00 00 00 00 dd da fa ff
000175-000197 StringBlock "Default Font Category"
000198-000217 DataBlock
  ................ 00 00 00 00 00 00 00 00 00 00 00 00 00 00 00 00
  ....             01 00 00 00
000218-000228 T0Block "normal_t0"
000229-000244 DataBlock
  ................ 00 00 00 00 00 00 00 00 00 00 00 00 00 00 00 00
000245-000255 T0Block "normal_t0"
000256-000410 DataBlock
  ................ 00 00 00 00 00 00 00 00 00 00 00 00 00 00 00 00
  ....`........... 01 00 00 00 60 93 ff 14 00 00 00 00 00 00 00 00
  ........4&...... 00 05 00 00 c0 03 00 00 34 26 1b ff 00 00 00 00
  ................ 00 00 00 00 00 00 00 00 00 00 00 00 00 01 01 00
  ................ 00 00 00 00 00 00 00 00 00 00 00 00 00 00 00 00
  ......?......... 00 00 00 00 00 80 3f 00 00 00 00 00 00 00 00 00
  ................ 00 00 00 00 00 00 00 00 00 00 00 00 00 00 00 00
  ................ 00 00 00 00 00 00 00 00 00 00 00 00 00 00 00 00
  ................ 00 00 00 00 00 00 00 00 00 00 00 00 00 00 00 00
  ....... ...      00 01 00 00 00 00 00 20 95 ff 14
000411-000426 StringBlock "password_entry"
000427-000432 DataBlock
  ......           00 00 01 00 00 00
000433-000449 StringBlock "MPPasswordEntry"
000450-000510 DataBlock
  ............p... 00 00 00 00 00 00 00 00 b8 01 00 00 70 01 00 00
  ................ 01 01 00 00 00 00 01 00 00 00 00 01 00 00 00 00
  ................ 05 00 00 00 00 00 00 00 00 00 00 00 00 00 00 00
  .............    00 00 00 00 00 00 00 00 00 01 00 00 00
000511-000514 StateIDBlock 316390720
000515-000524 NewStateBlock "NewState"
000525-000528 XSizeBlock 400
000529-000532 YSizeBlock 224
000533-000561 DataBlock
  ................ 00 00 00 00 04 00 00 00 04 00 00 00 00 00 00 00
  .............    01 00 00 00 00 00 00 00 00 00 00 00 00
000562-000575 StringBlock "tw_troy_bold"
000576-000591 DataBlock
  ................ 0a 00 00 00 02 00 00 00 00 00 00 00 dd da fa ff
000592-000614 StringBlock "Default Font Category"
000615-000634 DataBlock
  ................ 00 00 00 00 00 00 00 00 00 00 00 00 00 00 00 00
  ....             00 00 00 00
000635-000645 T0Block "normal_t0"
000646-000661 DataBlock
  ................ 00 00 00 00 00 00 00 00 00 00 00 00 00 00 00 00
000662-000672 T0Block "normal_t0"
000673-000726 DataBlock
  ................ 00 00 00 00 00 00 00 00 00 00 00 00 00 00 00 00
  ................ 00 00 00 00 00 00 00 00 00 00 00 00 00 00 00 00
  ................ 00 00 00 00 c8 00 00 00 00 00 00 00 05 00 00 00
  ....h.           00 00 e4 13 68 00
000727-000745 StringBlock "plate_window_base"
000746-000792 DataBlock
  ................ 00 00 00 00 00 00 04 00 00 00 f1 ff ff ff 01 01
  ................ 00 00 00 00 01 00 00 00 00 01 00 00 00 00 05 00
  .............h.  00 00 00 00 00 00 00 00 00 00 00 8c 19 68 00
000793-000856 ImageListBlock 1 elements:
  000797-000856 ImageBlock id=6822068 xsize=256 ysize=256 path="ui\\skins\\default\\troy_crack_texture_15.png" unknown=0
000857-000907 DataBlock
  .......h...bgr.. 00 01 00 00 00 8c 19 68 00 03 00 62 67 72 88 01
  ................ 00 00 fe 00 00 00 00 00 00 00 04 00 00 00 04 00
  ................ 00 00 00 00 00 00 02 00 00 00 00 00 00 00 00 00
  ...              00 00 00
000908-000921 StringBlock "tw_troy_bold"
000922-000937 DataBlock
  ................ 0a 00 00 00 02 00 00 00 00 00 00 00 dd da fa ff
000938-000960 StringBlock "Default Font Category"
000961-000980 DataBlock
  ................ 00 00 00 00 00 00 00 00 00 00 00 00 00 00 00 00
  ....             01 00 00 00
000981-000991 T0Block "normal_t0"
000992-001007 DataBlock
  ................ 00 00 00 00 00 00 00 00 00 00 00 00 00 00 00 00
001008-001018 T0Block "normal_t0"
001019-001038 DataBlock
  ................ 00 00 00 00 00 00 00 00 00 00 00 00 00 00 00 00
  ....             01 00 00 00
001039-001062 ImageUseBlock id=6822068 xofs=0 yofs=0 xsize=392 ysize=254 brga=4294967295
001063-001155 DataBlock
  ................ 00 00 01 00 00 00 00 00 00 00 00 00 00 00 00 00
  ................ 00 01 01 00 00 00 00 00 00 00 00 00 00 00 00 00
  ..........?..... 00 00 00 00 00 00 00 00 00 80 3f 00 00 00 00 00
  ................ 00 00 00 00 00 00 00 00 00 00 00 00 00 00 00 00
  ................ 00 00 00 00 00 00 00 00 00 00 00 00 00 00 00 00
  .............    00 00 00 00 00 00 00 00 00 01 00 00 00
001156-001170 StringBlock "dynamic_child"
001171-001191 DataBlock
  ..1............. 01 00 31 c8 00 00 00 00 00 00 00 04 00 00 00 00
  .....            00 d0 fc 8a 0d
001192-001203 StringBlock "main_title"
001204-001254 DataBlock
  ................ 00 00 00 00 00 00 07 00 00 00 07 00 00 00 01 00
  ................ 00 00 00 00 01 00 00 00 00 01 00 00 00 00 02 00
  ............9... 00 00 00 00 00 00 07 00 00 00 00 d4 39 b8 14 02
  ...              00 00 00
001255-001314 ImageBlock id=171688164 xsize=256 ysize=256 path="ui\\skins\\default\\troy_crack_texture_10.png" unknown=863869952
001315-001315 DataBlock
  .                0a
001316-001362 ImagePathBlock "ui\\skins\\default\\dark_gradient_horizontal.png"
001363-001379 DataBlock
  @............... 40 00 00 00 04 00 00 00 00 00 00 00 00 01 00 00
  .                00
001380-001383 StateIDBlock 347617748
001384-001393 NewStateBlock "NewState"
001394-001397 XSizeBlock 378
001398-001401 YSizeBlock 42
001402-001430 DataBlock
  ................ 00 00 00 00 02 00 00 00 00 00 00 00 00 00 00 00
  .............    02 00 00 00 00 00 00 00 00 00 00 00 00
001431-001444 StringBlock "tw_troy_bold"
001445-001460 DataBlock
  ................ 0a 00 00 00 02 00 00 00 00 00 00 00 dd da fa ff
001461-001483 StringBlock "Default Font Category"
001484-001503 DataBlock
  ................ 00 00 00 00 00 00 00 00 00 00 00 00 00 00 00 00
  ....             00 00 00 00
001504-001514 T0Block "normal_t0"
001515-001530 DataBlock
  ................ 00 00 00 00 00 00 00 00 00 00 00 00 00 00 00 00
001531-001541 T0Block "normal_t0"
001542-001561 DataBlock
  ................ 00 00 00 00 00 00 00 00 00 00 00 00 00 00 00 00
  ....             02 00 00 00
001562-001585 ImageUseBlock id=171688164 xofs=0 yofs=0 xsize=378 ysize=42 brga=4294967295
001586-001628 DataBlock
  ................ 00 00 01 00 00 05 00 00 00 00 00 00 00 00 00 00
  ................ 00 01 01 00 00 00 00 00 00 00 00 00 00 00 00 00
  ..........?      00 00 00 00 00 00 00 00 00 80 3f
001629-001641 T0Block "brighten_t0"
001642-001808 DataBlock
  ...?............ 00 00 80 3f 00 00 00 00 00 00 00 00 00 00 00 00
  ................ 00 00 00 00 00 00 00 00 00 00 00 00 00 00 00 00
  .}3.........z... 9c 7d 33 0a 00 00 00 00 00 00 00 00 7a 01 00 00
  *......x........ 2a 00 00 00 ff ff ff 78 00 00 00 00 00 00 00 00
  ................ 00 00 00 00 00 00 00 00 00 01 01 00 00 00 00 00
  ................ 00 00 00 00 00 00 00 00 00 00 00 00 00 00 00 00
  ..?............. 00 80 3f 00 00 00 00 00 00 00 00 00 00 00 00 00
  ................ 00 00 00 00 00 00 00 00 00 00 00 00 00 00 00 00
  ................ 00 00 00 00 00 00 00 00 00 00 00 00 00 00 00 00
  ................ 00 00 00 00 00 c8 00 00 00 00 00 00 00 01 00 00
  ...@..!          00 00 00 40 f8 07 21
001809-001818 StringBlock "ornament"
001819-001865 DataBlock
  ................ 00 00 00 00 00 00 00 00 00 00 00 00 00 00 01 01
  ................ 00 00 00 00 01 00 00 00 00 01 00 00 00 00 05 00
  ...............  00 00 00 00 00 00 00 00 00 00 00 00 00 00 00
001866-001934 ImageListBlock 1 elements:
  001870-001934 ImageBlock id=171597084 xsize=455 ysize=42 path="ui\\skins\\default\\header_nameplate_ornament8.png" unknown=0
001935-001943 DataBlock
  ......2..        00 01 00 00 00 0c 32 b8 14
001944-001958 StringBlock "submenu_title"
001959-001995 DataBlock
  z...*........... 7a 01 00 00 2a 00 00 00 00 00 00 00 04 00 00 00
  ................ 04 00 00 00 00 00 00 00 02 00 00 00 00 00 00 00
  .....            00 00 00 00 00
001996-002009 StringBlock "tw_troy_bold"
002010-002025 DataBlock
  ................ 0a 00 00 00 02 00 00 00 00 00 00 00 dd da fa ff
002026-002048 StringBlock "Default Font Category"
002049-002068 DataBlock
  ................ 00 00 00 00 00 00 00 00 00 00 00 00 00 00 00 00
  ....             00 00 00 00
002069-002079 T0Block "normal_t0"
002080-002095 DataBlock
  ................ 00 00 00 00 00 00 00 00 00 00 00 00 00 00 00 00
002096-002106 T0Block "normal_t0"
002107-002126 DataBlock
  ................ 00 00 00 00 00 00 00 00 00 00 00 00 00 00 00 00
  ....             01 00 00 00
002127-002150 ImageUseBlock id=171597084 xofs=0 yofs=0 xsize=378 ysize=42 brga=4294967295
002151-002243 DataBlock
  ................ 00 00 00 00 00 00 00 00 00 00 00 00 00 00 00 00
  ................ 00 01 00 00 00 00 00 00 00 00 00 00 00 00 00 00
  ..........?..... 00 00 00 00 00 00 00 00 00 80 3f 00 00 00 00 00
  ................ 00 00 00 00 00 00 00 00 00 00 00 00 00 00 00 00
  ... B...... B... 00 00 00 20 42 00 00 00 00 00 00 20 42 00 00 00
  .............    00 00 00 00 00 00 00 00 00 03 00 00 00
002244-002259 StringBlock "max_text_width"
002260-002264 DataBlock
  ..360            03 00 33 36 30
002265-002280 StringBlock "min_text_width"
002281-002285 DataBlock
  ..160            03 00 31 36 30
002286-002301 StringBlock "override_sound"
002302-002365 DataBlock
  ................ 00 00 c8 00 00 00 00 00 00 00 00 00 00 00 00 00
  ...........?...? 00 00 00 00 00 00 00 01 00 00 80 3f 00 00 00 3f
  ...?............ 00 00 00 3f 00 00 00 00 00 00 00 00 00 01 00 00
  .?...?......DIh. 80 3f 00 00 00 3f 00 00 00 00 00 00 44 49 68 00
002366-002384 StringBlock "content_plate_two"
002385-002435 DataBlock
  ..........4..... 00 00 00 00 00 00 07 00 00 00 34 00 00 00 01 01
  ................ 00 00 00 00 01 00 00 00 00 01 00 00 00 00 02 00
  ......4.....Ph.. 00 00 00 00 00 00 34 00 00 00 00 a4 50 68 00 03
  ...              00 00 00
002436-002498 ImageBlock id=6835732 xsize=532 ysize=590 path="ui\\skins\\default\\content_rectangle_detail.png" unknown=1750002688
002499-002499 DataBlock
  .                00
002500-002543 ImagePathBlock "ui\\skins\\default\\troy_crack_texture_19.png"
002544-002548 DataBlock
  .....            00 01 00 00 00
002549-002613 ImageListBlock 1 elements:
  002553-002613 ImageBlock id=6836164 xsize=512 ysize=512 path="ui\\skins\\default\\dark_gradient_vertical.png" unknown=0
002614-002618 DataBlock
  .....            00 01 00 00 00
002619-002622 StateIDBlock 6836388
002623-002632 NewStateBlock "NewState"
002633-002636 XSizeBlock 378
002637-002640 YSizeBlock 150
002641-002669 DataBlock
  ................ 00 00 00 00 02 00 00 00 00 00 00 00 00 00 00 00
  .............    02 00 00 00 00 00 00 00 00 00 00 00 00
002670-002683 StringBlock "tw_troy_bold"
002684-002699 DataBlock
  ................ 0a 00 00 00 02 00 00 00 00 00 00 00 dd da fa ff
002700-002722 StringBlock "Default Font Category"
002723-002742 DataBlock
  ................ 00 00 00 00 00 00 00 00 00 00 00 00 00 00 00 00
  ....             00 00 00 00
002743-002753 T0Block "normal_t0"
002754-002769 DataBlock
  ................ 00 00 00 00 00 00 00 00 00 00 00 00 00 00 00 00
002770-002780 T0Block "normal_t0"
002781-002901 DataBlock
  ................ 00 00 00 00 00 00 00 00 00 00 00 00 00 00 00 00
  .....Nh......... 03 00 00 00 ec 4e 68 00 00 00 00 00 00 00 00 00
  z............... 7a 01 00 00 96 00 00 00 ff ff ff ff 00 00 01 00
  ................ 00 00 00 00 00 00 00 00 00 00 00 00 00 01 01 00
  ................ 00 00 00 00 00 00 00 00 00 00 00 00 00 00 00 00
  ......?......... 00 00 00 00 00 80 3f 00 00 00 00 00 00 00 00 00
  ................ 00 00 00 00 00 00 00 00 00 00 00 00 00 00 00 00
  .........        00 00 00 00 00 00 00 00 00
002902-002925 ImageUseBlock id=6835732 xofs=0 yofs=0 xsize=378 ysize=150 brga=4294967295
002926-003002 DataBlock
  ................ 00 00 00 00 00 00 00 00 00 00 00 00 00 00 00 00
  ................ 00 01 01 00 00 00 00 00 00 00 00 00 00 00 00 00
  ..........?..... 00 00 00 00 00 00 00 00 00 80 3f 00 00 00 00 00
  ...............\ 00 00 00 00 00 00 00 00 00 00 00 00 00 00 00 5c
  B..\B..\B..\B    42 00 00 5c 42 00 00 5c 42 00 00 5c 42
003003-003026 ImageUseBlock id=6836164 xofs=0 yofs=0 xsize=378 ysize=150 brga=1191182335
003027-003069 DataBlock
  ................ 00 00 00 00 00 02 00 00 00 00 00 00 00 00 00 00
  ................ 00 01 01 00 00 00 00 00 00 00 00 00 00 00 00 00
  ..........?      00 00 00 00 00 00 00 00 00 80 3f
003070-003079 StringBlock "multiply"
003080-003145 DataBlock
  ................ 00 00 00 00 00 00 00 00 00 00 00 00 00 00 00 00
  ................ 00 00 00 00 00 00 00 00 00 00 00 00 00 00 00 00
  ................ 00 00 00 00 00 00 00 00 00 00 00 00 00 00 00 00
  ..............<V c8 00 00 00 00 00 00 00 02 00 00 00 00 00 3c 56
  h.               68 00
003146-003153 StringBlock "footer"
003154-003204 DataBlock
  ..........i..... 00 00 00 00 00 00 00 00 00 00 69 00 00 00 01 00
  ................ 00 00 00 00 00 00 00 00 00 01 00 00 00 00 08 00
  ...........$^h.. 00 00 00 00 00 00 fe ff ff ff 00 24 5e 68 00 04
  ...              00 00 00
003205-003266 ImageBlock id=6839004 xsize=532 ysize=9 path="ui\\skins\\default\\detail_small_horizontal.png" unknown=1750840320
003267-003267 DataBlock
  .                00
003268-003312 ImagePathBlock "ui\\skins\\default\\footer_detail_ornament.png"
003313-003321 DataBlock
  ...."....        14 02 00 00 22 00 00 00 00
003322-003384 ImageBlock id=6839436 xsize=512 ysize=512 path="ui\\skins\\default\\dark_gradient_horizontal.png" unknown=1750952960
003385-003385 DataBlock
  .                00
003386-003429 ImagePathBlock "ui\\skins\\default\\troy_crack_texture_03.png"
003430-003446 DataBlock
  ................ 00 01 00 00 00 01 00 00 00 00 00 00 00 01 00 00
  .                00
003447-003450 StateIDBlock 6839844
003451-003460 NewStateBlock "NewState"
003461-003464 XSizeBlock 378
003465-003468 YSizeBlock 43
003469-003497 DataBlock
  ................ 00 00 00 00 02 00 00 00 00 00 00 00 00 00 00 00
  .............    02 00 00 00 00 00 00 00 00 00 00 00 00
003498-003511 StringBlock "tw_troy_bold"
003512-003527 DataBlock
  ................ 0a 00 00 00 02 00 00 00 00 00 00 00 dd da fa ff
003528-003550 StringBlock "Default Font Category"
003551-003570 DataBlock
  ................ 00 00 00 00 00 00 00 00 00 00 00 00 00 00 00 00
  ....             00 00 00 00
003571-003581 T0Block "normal_t0"
003582-003597 DataBlock
  ................ 00 00 00 00 00 00 00 00 00 00 00 00 00 00 00 00
003598-003608 T0Block "normal_t0"
003609-003830 DataBlock
  ................ 00 00 00 00 00 00 00 00 00 00 00 00 00 00 00 00
  ....l]h......... 04 00 00 00 6c 5d 68 00 00 00 00 00 2e 00 00 00
  z...+........... 7a 01 00 00 2b 00 00 00 ff ff ff ff 00 00 01 00
  ................ 00 08 00 00 00 00 00 00 00 2e 00 00 00 01 01 00
  ................ 00 00 00 00 00 00 00 00 00 00 00 00 00 00 00 00
  ......?......... 00 00 00 00 00 80 3f 00 00 00 00 00 00 00 00 00
  ................ 00 00 00 00 00 00 00 00 00 00 00 00 00 00 00 00
  ..........[h.... 00 00 00 00 00 00 00 00 00 b4 5b 68 00 00 00 00
  .-...z..."...... 00 2d 00 00 00 7a 01 00 00 22 00 00 00 ff ff ff
  ..............$. ff 00 00 01 00 00 08 00 00 00 00 00 00 00 24 00
  ................ 00 00 01 00 00 00 00 00 00 00 00 00 00 00 00 00
  ...........?.... 00 00 00 00 00 00 00 00 00 00 80 3f 00 00 00 00
  ................ 00 00 00 00 00 00 00 00 00 00 00 00 00 00 00 00
  .@...@...@...@   c0 40 00 00 c0 40 00 00 c0 40 00 00 c0 40
003831-003854 ImageUseBlock id=6839004 xofs=0 yofs=80 xsize=378 ysize=9 brga=4294967295
003855-003931 DataBlock
  ................ 00 00 01 00 00 08 00 00 00 00 00 00 00 2e 00 00
  ................ 00 01 00 00 00 00 00 00 00 00 00 00 00 00 00 00
  ..........?..... 00 00 00 00 00 00 00 00 00 80 3f 00 00 00 00 00
  ................ 00 00 00 00 00 00 00 00 00 00 00 00 00 00 00 00
  ....A.......A    00 00 00 00 41 00 00 00 00 00 00 00 41
003932-003955 ImageUseBlock id=6839436 xofs=0 yofs=46 xsize=378 ysize=43 brga=2533359615
003956-003998 DataBlock
  ................ 00 00 00 00 00 08 00 00 00 00 00 00 00 2e 00 00
  ................ 00 01 01 00 00 00 00 00 00 00 00 00 00 00 00 00
  ..........?      00 00 00 00 00 00 00 00 00 80 3f
003999-004008 StringBlock "multiply"
004009-004096 DataBlock
  ................ 00 00 00 00 00 00 00 00 00 00 00 00 00 00 00 00
  ................ 00 00 00 00 00 00 00 00 00 00 00 00 00 00 00 00
  ................ 00 00 00 00 00 00 00 00 00 00 00 00 00 00 00 00
  ................ c8 00 00 00 00 00 00 00 00 00 00 00 00 00 00 00
  .........?...?.. 00 00 00 00 00 00 00 00 80 3f 00 00 00 3f 00 00
  .?...dh.         80 3f 00 00 ac 64 68 00
004097-004115 StringBlock "smoke_clip_parent"
004116-004174 DataBlock
  ................ 00 00 00 00 00 00 00 00 00 00 c1 00 00 00 01 01
  ................ 00 00 00 00 00 01 00 00 00 01 00 00 00 00 08 00
  ......,.....ih.. 00 00 00 00 00 00 2c 00 00 00 00 9c 69 68 00 00
  ...........      00 00 00 00 00 00 00 01 00 00 00
004175-004178 StateIDBlock 6842780
004179-004188 NewStateBlock "NewState"
004189-004192 XSizeBlock 378
004193-004196 YSizeBlock 1
004197-004225 DataBlock
  ................ 00 00 00 00 02 00 00 00 00 00 00 00 00 00 00 00
  .............    02 00 00 00 00 00 00 00 00 00 00 00 00
004226-004239 StringBlock "tw_troy_bold"
004240-004255 DataBlock
  ................ 0a 00 00 00 02 00 00 00 00 00 00 00 dd da fa ff
004256-004278 StringBlock "Default Font Category"
004279-004298 DataBlock
  ................ 00 00 00 00 00 00 00 00 00 00 00 00 00 00 00 00
  ....             00 00 00 00
004299-004309 T0Block "normal_t0"
004310-004325 DataBlock
  ................ 00 00 00 00 00 00 00 00 00 00 00 00 00 00 00 00
004326-004336 T0Block "normal_t0"
004337-004372 DataBlock
  ................ 00 00 00 00 00 00 00 00 00 00 00 00 00 00 00 00
  ................ 00 00 00 00 00 00 00 00 00 00 00 00 00 00 00 00
  ....             01 00 00 00
004373-004390 StringBlock "disable_override"
004391-004407 StringBlock "instance_resize"
004408-004425 DataBlock
  ...............l c8 00 00 00 00 00 00 00 01 00 00 00 00 00 8c 6c
  h.               68 00
004426-004440 StringBlock "smoke_overlay"
004441-004487 DataBlock
  ................ 00 00 00 00 00 00 96 ff ff ff fb ff ff ff 01 01
  ................ 00 00 00 00 01 01 00 00 00 01 00 00 00 00 05 00
  ............rh.  00 00 04 00 00 00 fe ff ff ff 00 cc 72 68 00
004488-004560 ImageListBlock 1 elements:
  004492-004560 ImageBlock id=6844884 xsize=339 ysize=51 path="ui\\skins\\default\\button_square_large_text_hover.png" unknown=0
004561-004611 DataBlock
  ......rh...wh1W. 00 02 00 00 00 cc 72 68 00 03 00 77 68 31 57 02
  ................ 00 00 08 00 00 00 00 00 00 00 02 00 00 00 00 00
  ................ 00 00 00 00 00 00 02 00 00 00 00 00 00 00 00 00
  ...              00 00 00
004612-004625 StringBlock "tw_troy_bold"
004626-004641 DataBlock
  ................ 0a 00 00 00 02 00 00 00 00 00 00 00 dd da fa ff
004642-004664 StringBlock "Default Font Category"
004665-004684 DataBlock
  ................ 00 00 00 00 00 00 00 00 00 00 00 00 00 00 00 00
  ....             00 00 00 00
004685-004702 T0Block "smoke_overlay_t0"
004703-004718 DataBlock
  ...?.. A........ 00 00 80 3f 00 00 20 41 00 00 00 00 00 00 00 00
004719-004729 T0Block "normal_t0"
004730-004749 DataBlock
  ................ 00 00 00 00 00 00 00 00 00 00 00 00 00 00 00 00
  ....             01 00 00 00
004750-004773 ImageUseBlock id=6844884 xofs=0 yofs=0 xsize=599 ysize=8 brga=855599136
004774-004908 DataBlock
  ................ 00 00 00 00 00 00 00 00 00 00 00 00 00 00 00 00
  ................ 00 01 01 00 00 00 00 00 00 00 00 00 00 00 00 00
  ..........?..... 00 00 00 00 00 00 00 00 00 80 3f 00 00 00 00 00
  ................ 00 00 00 00 00 00 00 00 00 00 00 00 00 00 00 00
  ................ 00 00 00 00 00 00 00 00 00 00 00 00 00 00 00 00
  .........|vh...w 00 00 00 00 00 00 00 00 00 7c 76 68 00 03 00 77
  h2W............. 68 32 57 02 00 00 08 00 00 00 00 00 00 00 02 00
  ................ 00 00 00 00 00 00 00 00 00 00 02 00 00 00 00 00
  .......          00 00 00 00 00 00 00
004909-004922 StringBlock "tw_troy_bold"
004923-004938 DataBlock
  ................ 0a 00 00 00 02 00 00 00 00 00 00 00 dd da fa ff
004939-004961 StringBlock "Default Font Category"
004962-004981 DataBlock
  ................ 00 00 00 00 00 00 00 00 00 00 00 00 00 00 00 00
  ....             00 00 00 00
004982-004999 T0Block "smoke_overlay_t0"
005000-005015 DataBlock
  ...?.. A........ 00 00 80 3f 00 00 20 41 00 00 00 00 00 00 00 00
005016-005026 T0Block "normal_t0"
005027-005046 DataBlock
  ................ 00 00 00 00 00 00 00 00 00 00 00 00 00 00 00 00
  ....             01 00 00 00
005047-005070 ImageUseBlock id=6844884 xofs=0 yofs=0 xsize=599 ysize=8 brga=2151735504
005071-005163 DataBlock
  ................ 00 00 00 00 00 00 00 00 00 00 00 00 00 00 00 00
  ................ 00 01 01 00 00 00 00 00 00 00 00 00 00 00 00 00
  ..........?..... 00 00 00 00 00 00 00 00 00 80 3f 00 00 00 00 00
  ................ 00 00 00 00 00 00 00 00 00 00 00 00 00 00 00 00
  ................ 00 00 00 00 00 00 00 00 00 00 00 00 00 00 00 00
  .............    00 00 00 00 00 00 00 00 00 01 00 00 00
005164-005181 StringBlock "disable_override"
005182-005198 StringBlock "instance_resize"
005199-005282 DataBlock
  ................ c8 00 00 00 00 00 00 00 00 00 00 00 00 00 00 00
  .........?...?.. 00 00 00 00 00 00 00 00 80 3f 00 00 00 3f 00 00
  .?.............? 00 3f 00 00 00 00 00 00 00 00 00 01 00 00 80 3f
  ...?...?........ 00 00 00 3f 00 00 80 3f 00 00 00 00 00 00 00 00
  .....?...?...... 00 01 00 00 80 3f 00 00 00 3f 00 00 00 00 00 00
  ..h.             a4 f9 68 00
005283-005296 StringBlock "border_frame"
005297-005343 DataBlock
  ................ 00 00 00 00 00 00 00 00 00 00 00 00 00 00 01 01
  ................ 00 00 00 00 01 00 00 00 00 01 00 00 00 00 02 00
  ........... .e.  00 00 00 00 00 00 00 00 00 00 00 20 00 65 11
005344-005402 ImageListBlock 1 elements:
  005348-005402 ImageBlock id=6880796 xsize=250 ysize=256 path="ui\\skins\\default\\plate_borders_v1.png" unknown=0
005403-005411 DataBlock
  ..... .e.        00 01 00 00 00 20 00 65 11
005412-005419 StringBlock "border"
005420-005456 DataBlock
  ................ 88 01 00 00 fe 00 00 00 00 00 00 00 04 00 00 00
  ................ 04 00 00 00 00 00 00 00 02 00 00 00 00 00 00 00
  .....            00 00 00 00 00
005457-005470 StringBlock "tw_troy_bold"
005471-005486 DataBlock
  ................ 0a 00 00 00 02 00 00 00 00 00 00 00 dd da fa ff
005487-005509 StringBlock "Default Font Category"
005510-005529 DataBlock
  ................ 00 00 00 00 00 00 00 00 00 00 00 00 00 00 00 00
  ....             00 00 00 00
005530-005540 T0Block "normal_t0"
005541-005556 DataBlock
  ................ 00 00 00 00 00 00 00 00 00 00 00 00 00 00 00 00
005557-005567 T0Block "normal_t0"
005568-005587 DataBlock
  ................ 00 00 00 00 00 00 00 00 00 00 00 00 00 00 00 00
  ....             01 00 00 00
005588-005611 ImageUseBlock id=6880796 xofs=0 yofs=0 xsize=392 ysize=254 brga=4294967295
005612-005722 DataBlock
  ................ 00 00 01 00 00 00 00 00 00 00 00 00 00 00 00 00
  ................ 00 01 01 00 00 00 00 00 00 00 00 00 00 00 00 00
  ..........?..... 00 00 00 00 00 00 00 00 00 80 3f 00 00 00 00 00
  ................ 00 00 00 00 00 00 00 00 00 00 00 00 00 00 00 b4
  B...B...B...B... 42 00 00 b4 42 00 00 b4 42 00 00 b4 42 00 00 00
  ................ 00 00 00 00 00 00 00 00 00 00 00 00 00 c8 00 00
  ...........`.e.  00 00 00 00 00 02 00 00 00 00 00 60 03 65 11
005723-005743 StringBlock "border_top_ornament"
005744-005790 DataBlock
  ................ 00 00 00 00 00 00 00 00 00 00 fd ff ff ff 01 00
  ................ 00 00 00 00 01 00 00 00 00 01 00 00 00 00 02 00
  .............e.  00 00 00 00 00 00 fd ff ff ff 00 e0 08 65 11
005791-005860 ImageListBlock 1 elements:
  005795-005860 ImageBlock id=291833856 xsize=32 ysize=10 path="ui\\skins\\default\\border_horizontal_detail_01.png" unknown=0
005861-005865 DataBlock
  .....            00 01 00 00 00
005866-005869 StateIDBlock 291834080
005870-005879 NewStateBlock "NewState"
005880-005883 XSizeBlock 392
005884-005887 YSizeBlock 10
005888-005916 DataBlock
  ................ 00 00 00 00 02 00 00 00 00 00 00 00 00 00 00 00
  .............    02 00 00 00 00 00 00 00 00 00 00 00 00
005917-005930 StringBlock "tw_troy_bold"
005931-005946 DataBlock
  ................ 0a 00 00 00 02 00 00 00 00 00 00 00 dd da fa ff
005947-005969 StringBlock "Default Font Category"
005970-005989 DataBlock
  ................ 00 00 00 00 00 00 00 00 00 00 00 00 00 00 00 00
  ....             00 00 00 00
005990-006000 T0Block "normal_t0"
006001-006016 DataBlock
  ................ 00 00 00 00 00 00 00 00 00 00 00 00 00 00 00 00
006017-006027 T0Block "normal_t0"
006028-006047 DataBlock
  ................ 00 00 00 00 00 00 00 00 00 00 00 00 00 00 00 00
  ....             01 00 00 00
006048-006071 ImageUseBlock id=291833856 xofs=0 yofs=0 xsize=392 ysize=10 brga=4294967295
006072-006204 DataBlock
  ................ 00 00 01 00 00 00 00 00 00 00 00 00 00 00 00 00
  ................ 00 01 00 00 00 00 00 00 00 00 00 00 00 00 00 00
  ..........?..... 00 00 00 00 00 00 00 00 00 80 3f 00 00 00 00 00
  ................ 00 00 00 00 00 00 00 00 00 00 00 00 00 00 00 00
  ................ 00 00 00 00 00 00 00 00 00 00 00 00 00 00 00 00
  ................ 00 00 00 00 00 00 00 00 00 00 00 00 00 c8 00 00
  ................ 00 00 00 00 00 00 00 00 00 00 00 00 00 00 00 00
  ......?...?..... 00 00 00 00 00 80 3f 00 00 00 3f 00 00 00 00 00
  ...e.            00 c0 0c 65 11
006205-006228 StringBlock "border_bottom_ornament"
006229-006275 DataBlock
  ................ 00 00 00 00 00 00 00 00 00 00 f8 00 00 00 01 00
  ................ 00 00 00 00 01 00 00 00 00 01 00 00 00 00 08 00
  ...........`.e.  00 00 00 00 00 00 04 00 00 00 00 60 12 65 11
006276-006345 ImageListBlock 1 elements:
  006280-006345 ImageBlock id=291836288 xsize=32 ysize=10 path="ui\\skins\\default\\border_horizontal_detail_01.png" unknown=0
006346-006350 DataBlock
  .....            00 01 00 00 00
006351-006354 StateIDBlock 291836512
006355-006364 NewStateBlock "NewState"
006365-006368 XSizeBlock 392
006369-006372 YSizeBlock 10
006373-006401 DataBlock
  ................ 00 00 00 00 02 00 00 00 00 00 00 00 00 00 00 00
  .............    02 00 00 00 00 00 00 00 00 00 00 00 00
006402-006415 StringBlock "tw_troy_bold"
006416-006431 DataBlock
  ................ 0a 00 00 00 02 00 00 00 00 00 00 00 dd da fa ff
006432-006454 StringBlock "Default Font Category"
006455-006474 DataBlock
  ................ 00 00 00 00 00 00 00 00 00 00 00 00 00 00 00 00
  ....             00 00 00 00
006475-006485 T0Block "normal_t0"
006486-006501 DataBlock
  ................ 00 00 00 00 00 00 00 00 00 00 00 00 00 00 00 00
006502-006512 T0Block "normal_t0"
006513-006532 DataBlock
  ................ 00 00 00 00 00 00 00 00 00 00 00 00 00 00 00 00
  ....             01 00 00 00
006533-006556 ImageUseBlock id=291836288 xofs=0 yofs=0 xsize=392 ysize=10 brga=4294967295
006557-006711 DataBlock
  ................ 00 00 01 00 00 00 00 00 00 00 00 00 00 00 00 00
  ................ 00 01 00 00 00 00 00 00 00 00 00 00 00 00 00 00
  ..........?..... 00 00 00 00 00 00 00 00 00 80 3f 00 00 00 00 00
  ................ 00 00 00 00 00 00 00 00 00 00 00 00 00 00 00 00
  ................ 00 00 00 00 00 00 00 00 00 00 00 00 00 00 00 00
  ................ 00 00 00 00 00 00 00 00 00 00 00 00 00 c8 00 00
  ................ 00 00 00 00 00 00 00 00 00 00 00 00 00 00 00 00
  ......?...?...?. 00 00 00 00 00 80 3f 00 00 00 3f 00 00 80 3f 00
  ............?... 00 00 00 00 00 00 00 00 01 00 00 80 3f 00 00 00
  ?......$L.2      3f 00 00 00 00 00 00 24 4c f2 32
006712-006725 StringBlock "footer_frame"
006726-006776 DataBlock
  ................ 00 00 00 00 00 00 ff ff ff ff cf 00 00 00 01 00
  ................ 00 00 00 00 01 00 00 00 00 01 00 00 00 00 07 00
  ............j... 00 00 ff ff ff ff 0b 00 00 00 00 0c 6a b0 14 03
  ...              00 00 00
006777-006834 ImageBlock id=171682460 xsize=128 ysize=128 path="ui\\skins\\default\\plate_border_medium.png" unknown=1001083904
006835-006835 DataBlock
  .                0a
006836-006879 ImagePathBlock "ui\\skins\\default\\troy_crack_texture_19.png"
006880-006884 DataBlock
  .....            00 01 00 00 00
006885-006951 ImageListBlock 1 elements:
  006889-006951 ImageBlock id=171682276 xsize=64 ysize=4 path="ui\\skins\\default\\dark_gradient_horizontal.png" unknown=0
006952-006956 DataBlock
  .....            00 01 00 00 00
006957-006960 StateIDBlock 347105804
006961-006970 NewStateBlock "NewState"
006971-006974 XSizeBlock 393
006975-006978 YSizeBlock 58
006979-007007 DataBlock
  ................ 00 00 00 00 02 00 00 00 00 00 00 00 00 00 00 00
  .............    02 00 00 00 00 00 00 00 00 00 00 00 00
007008-007021 StringBlock "tw_troy_bold"
007022-007037 DataBlock
  ................ 0a 00 00 00 02 00 00 00 00 00 00 00 dd da fa ff
007038-007060 StringBlock "Default Font Category"
007061-007080 DataBlock
  ................ 00 00 00 00 00 00 00 00 00 00 00 00 00 00 00 00
  ....             01 00 00 00
007081-007091 T0Block "normal_t0"
007092-007107 DataBlock
  ................ 00 00 00 00 00 00 00 00 00 00 00 00 00 00 00 00
007108-007118 T0Block "normal_t0"
007119-007239 DataBlock
  ................ 00 00 00 00 00 00 00 00 00 00 00 00 00 00 00 00
  ....T.;......... 03 00 00 00 54 ab 3b 0a 00 00 00 00 00 00 00 00
  ....:........... 89 01 00 00 3a 00 00 00 ff ff ff ff 00 00 01 00
  ................ 00 00 00 00 00 00 00 00 00 00 00 00 00 01 01 00
  ................ 00 00 00 00 00 00 00 00 00 00 00 00 00 00 00 00
  ......?......... 00 00 00 00 00 80 3f 00 00 00 00 00 00 00 00 00
  ................ 00 00 00 00 00 00 00 00 00 00 00 00 00 00 00 00
  .........        00 00 00 00 00 00 00 00 00
007240-007263 ImageUseBlock id=171682276 xofs=0 yofs=0 xsize=393 ysize=58 brga=1694498815
007264-007340 DataBlock
  ................ 00 00 00 00 00 00 00 00 00 00 00 00 00 00 00 00
  ................ 00 01 01 00 00 00 00 00 00 00 00 00 00 00 00 00
  ..........?..... 00 00 00 00 00 00 00 00 00 80 3f 00 00 00 00 00
  ................ 00 00 00 00 00 00 00 00 00 00 00 00 00 00 00 00
  .............    00 00 00 00 00 00 00 00 00 00 00 00 00
007341-007364 ImageUseBlock id=171682460 xofs=0 yofs=0 xsize=393 ysize=58 brga=4294967295
007365-007475 DataBlock
  ................ 00 00 00 00 00 00 00 00 00 00 00 00 00 00 00 00
  ................ 00 01 01 00 00 00 00 00 00 00 00 00 00 00 00 00
  ..........?..... 00 00 00 00 00 00 00 00 00 80 3f 00 00 00 00 00
  ...............@ 00 00 00 00 00 00 00 00 00 00 00 00 00 00 00 40
  A..@A..@A..@A... 41 00 00 40 41 00 00 40 41 00 00 40 41 00 00 00
  ................ 00 00 00 00 00 00 00 00 00 00 00 00 00 c8 00 00
  ..............2  00 00 00 00 00 04 00 00 00 00 00 dc 92 f1 32
007476-007492 StringBlock "bottom_ornament"
007493-007543 DataBlock
  ................ 00 00 00 00 00 00 02 00 00 00 04 00 00 00 01 00
  ................ 00 00 00 00 01 00 00 00 00 01 00 00 00 00 08 00
  ............l... 00 00 00 00 00 00 fb ff ff ff 00 a4 6c b0 14 02
  ...              00 00 00
007544-007601 ImageBlock id=171682092 xsize=256 ysize=256 path="ui\\skins\\default\\transperent_frame_1.png" unknown=1000895488
007602-007602 DataBlock
  .                0a
007603-007640 ImagePathBlock "ui\\skins\\default\\wave_ornament_3.png"
007641-007657 DataBlock
  ....(........... 07 01 00 00 28 00 00 00 00 00 00 00 00 01 00 00
  .                00
007658-007661 StateIDBlock 347106468
007662-007671 NewStateBlock "NewState"
007672-007675 XSizeBlock 388
007676-007679 YSizeBlock 49
007680-007708 DataBlock
  ................ 00 00 00 00 02 00 00 00 00 00 00 00 00 00 00 00
  .............    02 00 00 00 00 00 00 00 00 00 00 00 00
007709-007722 StringBlock "tw_troy_bold"
007723-007738 DataBlock
  ................ 0a 00 00 00 02 00 00 00 00 00 00 00 dd da fa ff
007739-007761 StringBlock "Default Font Category"
007762-007781 DataBlock
  ................ 00 00 00 00 00 00 00 00 00 00 00 00 00 00 00 00
  ....             01 00 00 00
007782-007792 T0Block "normal_t0"
007793-007808 DataBlock
  ................ 00 00 00 00 00 00 00 00 00 00 00 00 00 00 00 00
007809-007819 T0Block "normal_t0"
007820-007839 DataBlock
  ................ 00 00 00 00 00 00 00 00 00 00 00 00 00 00 00 00
  ....             02 00 00 00
007840-007863 ImageUseBlock id=171682092 xofs=0 yofs=0 xsize=388 ysize=49 brga=4294967295
007864-008097 DataBlock
  ................ 00 00 00 00 00 02 00 00 00 00 00 00 00 00 00 00
  ................ 00 01 01 00 00 00 00 00 00 00 00 00 00 00 00 00
  ..........?..... 00 00 00 00 00 00 00 00 00 80 3f 00 00 00 00 00
  ...............@ 00 00 00 00 00 00 00 00 00 00 00 00 00 00 00 40
  A..@A..@A..@At.; 41 00 00 40 41 00 00 40 41 00 00 40 41 74 a8 3b
  ............(.. 0a 02 00 00 00 06 00 00 00 7f 01 00 00 28 00 00
  ................ 00 ff ff ff ff 00 00 01 00 00 02 00 00 00 00 00
  ................ 00 00 06 00 00 00 01 00 00 00 00 00 00 00 00 00
  ...............? 00 00 00 00 00 00 00 00 00 00 00 00 00 00 80 3f
  ................ 00 00 00 00 00 00 00 00 00 00 00 00 00 00 00 00
  ................ 00 00 00 00 00 00 00 00 00 00 00 00 00 00 00 00
  ................ 00 00 00 00 00 00 00 00 00 00 00 00 00 00 00 00
  ................ 00 00 c8 00 00 00 00 00 00 00 00 00 00 00 00 00
  ...........?...? 00 00 00 00 00 00 00 00 00 00 80 3f 00 00 00 3f
  ...?..|I.2       00 00 80 3f 00 00 7c 49 f3 32
008098-008113 StringBlock "bottom_buttons"
008114-008172 DataBlock
  ......t......... 00 00 00 00 00 00 74 00 00 00 05 00 00 00 01 00
  ................ 00 00 00 00 01 00 00 00 00 01 00 00 00 00 08 00
  ...........tg... 00 00 00 00 00 00 00 00 00 00 00 74 67 b0 14 00
  ...........      00 00 00 00 00 00 00 01 00 00 00
008173-008176 StateIDBlock 347105140
008177-008186 NewStateBlock "NewState"
008187-008190 XSizeBlock 160
008191-008194 YSizeBlock 53
008195-008223 DataBlock
  ................ 00 00 00 00 02 00 00 00 00 00 00 00 00 00 00 00
  .............    01 00 00 00 00 00 00 00 00 00 00 00 00
008224-008237 StringBlock "tw_troy_bold"
008238-008253 DataBlock
  ................ 0a 00 00 00 02 00 00 00 00 00 00 00 dd da fa ff
008254-008276 StringBlock "Default Font Category"
008277-008296 DataBlock
  ................ 00 00 00 00 00 00 00 00 00 00 00 00 00 00 00 00
  ....             00 00 00 00
008297-008307 T0Block "normal_t0"
008308-008323 DataBlock
  ................ 00 00 00 00 00 00 00 00 00 00 00 00 00 00 00 00
008324-008334 T0Block "normal_t0"
008335-008388 DataBlock
  ................ 00 00 00 00 00 00 00 00 00 00 00 00 00 00 00 00
  ................ 00 00 00 00 00 00 00 00 00 00 00 00 00 00 00 00
  ................ 00 00 00 00 c8 00 00 00 00 00 00 00 04 00 00 00
  ..\..2           00 00 5c 9c ec 32
008389-008398 StringBlock "left_cap"
008399-008445 DataBlock
  ................ 00 00 00 00 00 00 00 00 00 00 00 00 00 00 01 01
  ................ 00 00 00 00 01 00 00 00 00 01 00 00 00 00 00 00
  ............d..  00 00 00 00 00 00 00 00 00 00 00 dc 64 b0 14
008446-008514 ImageListBlock 1 elements:
  008450-008514 ImageBlock id=171681540 xsize=28 ysize=53 path="ui\\skins\\default\\small_menu_list_plate_left.png" unknown=0
008515-008519 DataBlock
  .....            00 01 00 00 00
008520-008523 StateIDBlock 347104476
008524-008533 NewStateBlock "NewState"
008534-008537 XSizeBlock 28
008538-008541 YSizeBlock 53
008542-008570 DataBlock
  ................ 00 00 00 00 02 00 00 00 00 00 00 00 00 00 00 00
  .............    02 00 00 00 00 00 00 00 00 00 00 00 00
008571-008584 StringBlock "tw_troy_bold"
008585-008600 DataBlock
  ................ 0a 00 00 00 02 00 00 00 00 00 00 00 dd da fa ff
008601-008623 StringBlock "Default Font Category"
008624-008643 DataBlock
  ................ 00 00 00 00 00 00 00 00 00 00 00 00 00 00 00 00
  ....             01 00 00 00
008644-008654 T0Block "normal_t0"
008655-008670 DataBlock
  ................ 00 00 00 00 00 00 00 00 00 00 00 00 00 00 00 00
008671-008681 T0Block "normal_t0"
008682-008701 DataBlock
  ................ 00 00 00 00 00 00 00 00 00 00 00 00 00 00 00 00
  ....             01 00 00 00
008702-008725 ImageUseBlock id=171681540 xofs=0 yofs=0 xsize=28 ysize=53 brga=4294967295
008726-008768 DataBlock
  ................ 00 00 00 00 00 00 00 00 00 00 00 00 00 00 00 00
  ................ 00 01 01 00 00 00 00 00 00 00 00 00 00 00 00 00
  ..........?      00 00 00 00 00 00 00 00 00 80 3f
008769-008781 T0Block "brighten_t0"
008782-008869 DataBlock
  ...?............ 9a 99 19 3f 00 00 00 00 00 00 00 00 00 00 00 00
  ................ 00 00 00 00 00 00 00 00 00 00 00 00 00 00 00 00
  ................ 00 00 00 00 00 00 00 00 00 00 00 00 00 00 00 00
  ................ c8 00 00 00 00 00 00 00 00 00 00 00 00 00 00 00
  .........?...... 00 00 00 00 00 00 00 00 80 3f 00 00 00 00 00 00
  ....D..2         00 00 00 00 44 d4 f2 32
008870-008883 StringBlock "button_slot1"
008884-008930 DataBlock
  ................ 00 00 00 00 00 00 1c 00 00 00 00 00 00 00 00 00
  ................ 00 00 00 00 01 00 00 00 00 01 00 00 00 00 00 00
  ...........Db..  00 00 00 00 00 00 00 00 00 00 00 44 62 b0 14
008931-008994 ImageListBlock 1 elements:
  008935-008994 ImageBlock id=171681356 xsize=52 ysize=53 path="ui\\skins\\default\\small_menu_list_plate.png" unknown=0
008995-008999 DataBlock
  .....            00 01 00 00 00
009000-009003 StateIDBlock 347103812
009004-009013 NewStateBlock "NewState"
009014-009017 XSizeBlock 52
009018-009021 YSizeBlock 53
009022-009050 DataBlock
  ................ 00 00 00 00 02 00 00 00 00 00 00 00 00 00 00 00
  .............    02 00 00 00 00 00 00 00 00 00 00 00 00
009051-009064 StringBlock "tw_troy_bold"
009065-009080 DataBlock
  ................ 0a 00 00 00 02 00 00 00 00 00 00 00 dd da fa ff
009081-009103 StringBlock "Default Font Category"
009104-009123 DataBlock
  ................ 00 00 00 00 00 00 00 00 00 00 00 00 00 00 00 00
  ....             01 00 00 00
009124-009134 T0Block "normal_t0"
009135-009150 DataBlock
  ................ 00 00 00 00 00 00 00 00 00 00 00 00 00 00 00 00
009151-009161 T0Block "normal_t0"
009162-009181 DataBlock
  ................ 00 00 00 00 00 00 00 00 00 00 00 00 00 00 00 00
  ....             01 00 00 00
009182-009205 ImageUseBlock id=171681356 xofs=0 yofs=0 xsize=52 ysize=53 brga=4294967295
009206-009248 DataBlock
  ................ 00 00 00 00 00 00 00 00 00 00 00 00 00 00 00 00
  ................ 00 01 01 00 00 00 00 00 00 00 00 00 00 00 00 00
  ..........?      00 00 00 00 00 00 00 00 00 80 3f
009249-009261 T0Block "brighten_t0"
009262-009321 DataBlock
  ...?............ 9a 99 19 3f 00 00 00 00 00 00 00 00 00 00 00 00
  ................ 00 00 00 00 00 00 00 00 00 00 00 00 00 00 00 00
  ................ 00 00 00 00 00 00 00 00 00 00 00 00 00 00 00 00
  ............     c8 00 00 00 00 00 00 00 01 00 00 00
009322-009341 StringBlock "round_small_button"
009342-009351 DataBlock
  ...2......       8c 14 f3 32 01 00 00 00 00 00
009352-009362 StringBlock "button_ok"
009363-009368 DataBlock
  ......           00 00 01 00 00 00
009369-009376 StringBlock "Button"
009377-009384 DataBlock
  ........         00 00 00 00 00 00 00 00
009385-009416 StringBlock "UI_GBL_TMP_Round_Medium_Button"
009417-009451 DataBlock
  .......@.. B.. B 00 00 00 00 00 00 00 40 00 00 20 42 00 00 20 42
  ................ 02 00 00 00 c8 00 00 00 01 06 00 00 00 00 00 00
  ...              00 00 00
009452-009495 UnicodeBlock "btn_ok_Tooltip_640011"
009496-009525 UnicodeBlock "Accept changes"
009526-009533 StringBlock "active"
009534-009541 DataBlock
  ........         00 00 00 00 00 00 00 00
009542-009547 StringBlock "down"
009548-009555 DataBlock
  ........         00 00 00 00 00 00 00 00
009556-009565 StringBlock "down_off"
009566-009573 DataBlock
  ........         00 00 00 00 00 00 00 00
009574-009580 StringBlock "hover"
009581-009588 DataBlock
  ........         00 00 00 00 00 00 00 00
009589-009598 StringBlock "inactive"
009599-009610 DataBlock
  ............     00 00 00 00 00 00 00 00 00 00 00 00
009611-009885 ImagePathListBlock 6 elements:
  009615-009656 ImagePathBlock "ui\\skins\\default\\icon_check_medium_h.png"
  009657-009702 ImagePathBlock "ui\\skins\\default\\button_round_40_pressed.png"
  009703-009746 ImagePathBlock "ui\\skins\\default\\button_round_40_hover.png"
  009747-009791 ImagePathBlock "ui\\skins\\default\\button_round_40_active.png"
  009792-009838 ImagePathBlock "ui\\skins\\default\\button_round_40_inactive.png"
  009839-009885 ImagePathBlock "ui\\skins\\default\\button_round_40_underlay.png"
009886-009917 DataBlock
  ................ 00 00 00 00 00 00 00 00 00 00 00 00 00 00 00 00
  .?.............2 80 3f 00 00 00 00 00 00 00 00 00 00 e4 b4 f1 32
009918-009931 StringBlock "button_slot2"
009932-009978 DataBlock
  ......P......... 00 00 00 00 00 00 50 00 00 00 00 00 00 00 00 00
  ................ 00 00 00 00 01 00 00 00 00 01 00 00 00 00 00 00
  ...............  00 00 00 00 00 00 00 00 00 00 00 ec bf b7 14
009979-010042 ImageListBlock 1 elements:
  009983-010042 ImageBlock id=171556052 xsize=52 ysize=53 path="ui\\skins\\default\\small_menu_list_plate.png" unknown=0
010043-010047 DataBlock
  .....            00 01 00 00 00
010048-010051 StateIDBlock 347586540
010052-010061 NewStateBlock "NewState"
010062-010065 XSizeBlock 52
010066-010069 YSizeBlock 53
010070-010098 DataBlock
  ................ 00 00 00 00 02 00 00 00 00 00 00 00 00 00 00 00
  .............    02 00 00 00 00 00 00 00 00 00 00 00 00
010099-010112 StringBlock "tw_troy_bold"
010113-010128 DataBlock
  ................ 0a 00 00 00 02 00 00 00 00 00 00 00 dd da fa ff
010129-010151 StringBlock "Default Font Category"
010152-010171 DataBlock
  ................ 00 00 00 00 00 00 00 00 00 00 00 00 00 00 00 00
  ....             01 00 00 00
010172-010182 T0Block "normal_t0"
010183-010198 DataBlock
  ................ 00 00 00 00 00 00 00 00 00 00 00 00 00 00 00 00
010199-010209 T0Block "normal_t0"
010210-010229 DataBlock
  ................ 00 00 00 00 00 00 00 00 00 00 00 00 00 00 00 00
  ....             01 00 00 00
010230-010253 ImageUseBlock id=171556052 xofs=0 yofs=0 xsize=52 ysize=53 brga=4294967295
010254-010296 DataBlock
  ................ 00 00 00 00 00 00 00 00 00 00 00 00 00 00 00 00
  ................ 00 01 01 00 00 00 00 00 00 00 00 00 00 00 00 00
  ..........?      00 00 00 00 00 00 00 00 00 80 3f
010297-010309 T0Block "brighten_t0"
010310-010369 DataBlock
  ...?............ 9a 99 19 3f 00 00 00 00 00 00 00 00 00 00 00 00
  ................ 00 00 00 00 00 00 00 00 00 00 00 00 00 00 00 00
  ................ 00 00 00 00 00 00 00 00 00 00 00 00 00 00 00 00
  ............     c8 00 00 00 00 00 00 00 01 00 00 00
010370-010389 StringBlock "round_small_button"
010390-010399 DataBlock
  tC.2......       74 43 f1 32 01 00 00 00 00 00
010400-010414 StringBlock "button_cancel"
010415-010420 DataBlock
  ......           00 00 01 00 00 00
010421-010428 StringBlock "Button"
010429-010436 DataBlock
  ........         00 00 00 00 00 00 00 00
010437-010468 StringBlock "UI_GBL_TMP_Round_Medium_Button"
010469-010503 DataBlock
  .......@.. B.. B 00 00 00 00 00 00 00 40 00 00 20 42 00 00 20 42
  ................ 02 00 00 00 c8 00 00 00 01 06 00 00 00 00 00 00
  ...              00 00 00
010504-010547 UnicodeBlock "btn_no_Tooltip_78000b"
010548-010577 UnicodeBlock "Cancel changes"
010578-010585 StringBlock "active"
010586-010593 DataBlock
  ........         00 00 00 00 00 00 00 00
010594-010599 StringBlock "down"
010600-010607 DataBlock
  ........         00 00 00 00 00 00 00 00
010608-010617 StringBlock "down_off"
010618-010625 DataBlock
  ........         00 00 00 00 00 00 00 00
010626-010632 StringBlock "hover"
010633-010640 DataBlock
  ........         00 00 00 00 00 00 00 00
010641-010650 StringBlock "inactive"
010651-010662 DataBlock
  ............     00 00 00 00 00 00 00 00 00 00 00 00
010663-010938 ImagePathListBlock 6 elements:
  010667-010709 ImagePathBlock "ui\\skins\\default\\icon_cancel_medium_h.png"
  010710-010755 ImagePathBlock "ui\\skins\\default\\button_round_40_pressed.png"
  010756-010799 ImagePathBlock "ui\\skins\\default\\button_round_40_hover.png"
  010800-010844 ImagePathBlock "ui\\skins\\default\\button_round_40_active.png"
  010845-010891 ImagePathBlock "ui\\skins\\default\\button_round_40_inactive.png"
  010892-010938 ImagePathBlock "ui\\skins\\default\\button_round_40_underlay.png"
010939-010970 DataBlock
  ................ 00 00 00 00 00 00 00 00 00 00 00 00 00 00 00 00
  .?...........8.2 80 3f 00 00 00 00 00 00 00 00 00 00 1c 38 f1 32
010971-010981 StringBlock "right_cap"
010982-011028 DataBlock
  ................ 00 00 00 00 00 00 84 00 00 00 00 00 00 00 01 01
  ................ 00 00 00 00 01 00 00 00 00 01 00 00 00 00 00 00
  ...........\...  00 00 00 00 00 00 00 00 00 00 00 5c b0 b7 14
011029-011098 ImageListBlock 1 elements:
  011033-011098 ImageBlock id=171557892 xsize=28 ysize=53 path="ui\\skins\\default\\small_menu_list_plate_right.png" unknown=0
011099-011103 DataBlock
  .....            00 01 00 00 00
011104-011107 StateIDBlock 347582556
011108-011117 NewStateBlock "NewState"
011118-011121 XSizeBlock 28
011122-011125 YSizeBlock 53
011126-011154 DataBlock
  ................ 00 00 00 00 02 00 00 00 00 00 00 00 00 00 00 00
  .............    02 00 00 00 00 00 00 00 00 00 00 00 00
011155-011168 StringBlock "tw_troy_bold"
011169-011184 DataBlock
  ................ 0a 00 00 00 02 00 00 00 00 00 00 00 dd da fa ff
011185-011207 StringBlock "Default Font Category"
011208-011227 DataBlock
  ................ 00 00 00 00 00 00 00 00 00 00 00 00 00 00 00 00
  ....             01 00 00 00
011228-011238 T0Block "normal_t0"
011239-011254 DataBlock
  ................ 00 00 00 00 00 00 00 00 00 00 00 00 00 00 00 00
011255-011265 T0Block "normal_t0"
011266-011285 DataBlock
  ................ 00 00 00 00 00 00 00 00 00 00 00 00 00 00 00 00
  ....             01 00 00 00
011286-011309 ImageUseBlock id=171557892 xofs=0 yofs=0 xsize=28 ysize=53 brga=4294967295
011310-011352 DataBlock
  ................ 00 00 00 00 00 00 00 00 00 00 00 00 00 00 00 00
  ................ 00 01 01 00 00 00 00 00 00 00 00 00 00 00 00 00
  ..........?      00 00 00 00 00 00 00 00 00 80 3f
011353-011365 T0Block "brighten_t0"
011366-011448 DataBlock
  ...?............ 9a 99 19 3f 00 00 00 00 00 00 00 00 00 00 00 00
  ................ 00 00 00 00 00 00 00 00 00 00 00 00 00 00 00 00
  ................ 00 00 00 00 00 00 00 00 00 00 00 00 00 00 00 00
  ................ c8 00 00 00 00 00 00 00 00 00 00 00 00 00 00 00
  .........?...... 00 00 00 00 00 00 00 00 80 3f 00 00 00 00 00 00
  ...              00 00 01
011449-011454 StringBlock "List"
011455-011539 DataBlock
  .......B........ 01 00 00 00 00 00 d8 42 00 00 00 00 00 00 00 00
  ................ 00 0a 00 00 00 01 00 00 00 00 00 00 00 00 00 00
  ................ 00 00 00 00 00 00 00 00 00 00 00 00 00 00 00 00
  ................ 00 00 00 00 00 00 00 00 00 00 00 00 00 00 00 00
  ......?...?...?. 00 00 00 00 00 80 3f 00 00 00 3f 00 00 80 3f 00
  ..a.2            00 b4 61 f1 32
011540-011563 StringBlock "border_bottom_ornament"
011564-011610 DataBlock
  ..........4..... 00 00 00 00 00 00 00 00 00 00 34 00 00 00 01 00
  ................ 00 00 00 00 01 00 00 00 00 01 00 00 00 00 11 00
  ...............  00 00 00 00 00 00 fa ff ff ff 00 c4 ad b7 14
011611-011680 ImageListBlock 1 elements:
  011615-011680 ImageBlock id=171557708 xsize=32 ysize=10 path="ui\\skins\\default\\border_horizontal_detail_01.png" unknown=0
011681-011685 DataBlock
  .....            00 01 00 00 00
011686-011689 StateIDBlock 347581892
011690-011699 NewStateBlock "NewState"
011700-011703 XSizeBlock 393
011704-011707 YSizeBlock 10
011708-011736 DataBlock
  ................ 00 00 00 00 02 00 00 00 00 00 00 00 00 00 00 00
  .............    02 00 00 00 00 00 00 00 00 00 00 00 00
011737-011750 StringBlock "tw_troy_bold"
011751-011766 DataBlock
  ................ 0a 00 00 00 02 00 00 00 00 00 00 00 dd da fa ff
011767-011789 StringBlock "Default Font Category"
011790-011809 DataBlock
  ................ 00 00 00 00 00 00 00 00 00 00 00 00 00 00 00 00
  ....             00 00 00 00
011810-011820 T0Block "normal_t0"
011821-011836 DataBlock
  ................ 00 00 00 00 00 00 00 00 00 00 00 00 00 00 00 00
011837-011847 T0Block "normal_t0"
011848-011867 DataBlock
  ................ 00 00 00 00 00 00 00 00 00 00 00 00 00 00 00 00
  ....             01 00 00 00
011868-011891 ImageUseBlock id=171557708 xofs=0 yofs=0 xsize=393 ysize=10 brga=4294967295
011892-012024 DataBlock
  ................ 00 00 01 00 00 00 00 00 00 00 00 00 00 00 00 00
  ................ 00 01 00 00 00 00 00 00 00 00 00 00 00 00 00 00
  ..........?..... 00 00 00 00 00 00 00 00 00 80 3f 00 00 00 00 00
  ................ 00 00 00 00 00 00 00 00 00 00 00 00 00 00 00 00
  ................ 00 00 00 00 00 00 00 00 00 00 00 00 00 00 00 00
  ................ 00 00 00 00 00 00 00 00 00 00 00 00 00 c8 00 00
  ................ 00 00 00 00 00 00 00 00 00 00 00 00 00 00 00 00
  ......?...?..... 00 00 01 00 00 80 3f 00 00 00 3f 00 00 00 80 00
  ....2            00 fc 0c f3 32
012025-012046 StringBlock "horizontal_separator"
012047-012093 DataBlock
  ................ 00 00 00 00 00 00 fd ff ff ff f9 ff ff ff 01 00
  ................ 00 00 00 00 01 00 00 00 00 01 00 00 00 00 0b 00
  ...........,...  00 00 00 00 00 00 05 00 00 00 00 2c ab b7 14
012094-012156 ImageListBlock 1 elements:
  012098-012156 ImageBlock id=171557524 xsize=870 ysize=12 path="ui\\skins\\default\\separator_horizontal.png" unknown=0
012157-012161 DataBlock
  .....            00 01 00 00 00
012162-012165 StateIDBlock 347581228
012166-012175 NewStateBlock "NewState"
012176-012179 XSizeBlock 399
012180-012183 YSizeBlock 12
012184-012212 DataBlock
  ................ 00 00 00 00 02 00 00 00 00 00 00 00 00 00 00 00
  .............    02 00 00 00 00 00 00 00 00 00 00 00 00
012213-012226 StringBlock "tw_troy_bold"
012227-012242 DataBlock
  ................ 0a 00 00 00 02 00 00 00 00 00 00 00 dd da fa ff
012243-012265 StringBlock "Default Font Category"
012266-012285 DataBlock
  ................ 00 00 00 00 00 00 00 00 00 00 00 00 00 00 00 00
  ....             01 00 00 00
012286-012296 T0Block "normal_t0"
012297-012312 DataBlock
  ................ 00 00 00 00 00 00 00 00 00 00 00 00 00 00 00 00
012313-012323 T0Block "normal_t0"
012324-012343 DataBlock
  ................ 00 00 00 00 00 00 00 00 00 00 00 00 00 00 00 00
  ....             01 00 00 00
012344-012367 ImageUseBlock id=171557524 xofs=0 yofs=0 xsize=399 ysize=12 brga=4294967295
012368-012544 DataBlock
  ................ 00 00 00 00 00 00 00 00 00 00 00 00 00 00 00 00
  ................ 00 01 00 00 00 00 00 00 00 00 00 00 00 00 00 00
  ..........?..... 00 00 00 00 00 00 00 00 00 80 3f 00 00 00 00 00
  ................ 00 00 00 00 00 00 00 00 00 00 00 00 00 00 00 00
  ....A.......A... 00 00 00 80 41 00 00 00 00 00 00 80 41 00 00 00
  ................ 00 00 00 00 00 00 00 00 00 00 00 00 00 c8 00 00
  ................ 00 00 00 00 00 00 00 00 00 00 00 00 00 00 00 00
  ......?...?...?. 00 00 01 00 00 80 3f 00 00 00 3f 00 00 80 3f 00
  ............?... 00 00 00 00 00 00 00 00 00 00 00 80 3f 00 00 00
  ....?........... 00 00 00 80 3f 00 00 00 00 00 00 00 00 00 00 00
  ..?...?...?...y. 00 80 3f 00 00 00 3f 00 00 00 3f 00 00 00 79 cd
  .                14
012545-012554 StringBlock "label_tx"
012555-012613 DataBlock
  ..........G..... 00 00 00 00 00 00 0f 00 00 00 47 00 00 00 01 01
  ................ 00 00 00 00 01 00 00 00 00 01 00 00 00 00 05 00
  ................ 00 00 00 00 00 00 e2 ff ff ff 00 00 00 00 00 00
  ...........      00 00 00 00 00 00 00 01 00 00 00
012614-012617 StateIDBlock 318469632
012618-012627 NewStateBlock "NewState"
012628-012631 XSizeBlock 370
012632-012635 YSizeBlock 22
012636-012655 UnicodeBlock "Password:"
012656-012674 DataBlock
  ................ 00 00 04 00 00 00 04 00 00 00 00 00 00 00 02 00
  ...              00 00 01
012675-012734 UnicodeBlock "label_tx_NewState_Text_19001c"
012735-012740 DataBlock
  ......           00 00 00 00 00 00
012741-012758 StringBlock "profile_offc_pro"
012759-012774 DataBlock
  ................ 0c 00 00 00 00 00 00 00 00 00 00 00 af ca e4 ff
012775-012793 StringBlock "ingame_text_light"
012794-012813 DataBlock
  ................ 04 00 00 00 00 00 00 00 00 00 00 00 00 00 00 00
  ....             00 00 00 00
012814-012824 T0Block "normal_t0"
012825-012840 DataBlock
  ................ 00 00 00 00 00 00 00 00 00 00 00 00 00 00 00 00
012841-012851 T0Block "normal_t0"
012852-012927 DataBlock
  ................ 00 00 00 00 00 00 00 00 00 00 00 00 00 00 00 00
  ................ 00 00 00 00 00 00 00 00 00 00 00 00 00 00 00 00
  ................ 00 00 00 00 c8 00 00 00 00 00 00 00 00 00 00 00
  .............?.. 00 00 00 00 00 00 00 00 00 00 00 00 80 3f 00 00
  .?...?.. R..     00 3f 00 00 00 3f 00 00 20 52 9e 13
012928-012937 StringBlock "input_pw"
012938-012943 DataBlock
  ......           00 00 01 00 00 00
012944-012954 StringBlock "TextInput"
012955-013007 DataBlock
  ........2...a... 00 00 00 00 00 00 00 00 32 00 00 00 61 00 00 00
  ................ 01 01 00 00 00 00 01 00 00 00 00 01 00 00 00 00
  ................ 00 00 00 00 00 00 00 00 00 00 00 00 00 00 00 00
  .....            00 02 00 00 00
013008-013067 ImageBlock id=794620672 xsize=256 ysize=256 path="ui\\skins\\default\\troy_crack_texture_06.png" unknown=3846307840
013068-013068 DataBlock
  .                12
013069-013107 ImagePathBlock "ui\\skins\\default\\plate_borders_v2.png"
013108-013124 DataBlock
  ................ fa 00 00 00 00 01 00 00 00 00 00 00 00 01 00 00
  .                00
013125-013128 StateIDBlock 346526976
013129-013138 NewStateBlock "NewState"
013139-013142 XSizeBlock 300
013143-013146 YSizeBlock 33
013147-013173 DataBlock
  ................ 03 00 2e 00 2e 00 2e 00 00 00 04 00 00 00 04 00
  ...........      00 00 00 00 00 00 02 00 00 00 01
013174-013237 UnicodeBlock "text_field_NewState_Text_350007"
013238-013243 DataBlock
  ......           00 00 00 00 00 00
013244-013259 StringBlock "tw_troy_medium"
013260-013275 DataBlock
  ................ 10 00 00 00 00 00 00 00 00 00 00 00 d7 f8 ff ff
013276-013297 StringBlock "fe_paragraph_heading"
013298-013317 DataBlock
  ................ 06 00 00 00 00 00 00 00 00 00 00 00 00 00 00 00
  ....             01 00 00 00
013318-013328 T0Block "normal_t0"
013329-013344 DataBlock
  ................ 00 00 00 00 00 00 00 00 00 00 00 00 00 00 00 00
013345-013355 T0Block "normal_t0"
013356-013375 DataBlock
  ................ 00 00 00 00 00 00 00 00 00 00 00 00 00 00 00 00
  ....             02 00 00 00
013376-013399 ImageUseBlock id=794620672 xofs=0 yofs=0 xsize=300 ysize=33 brga=4294967295
013400-013593 DataBlock
  ................ 00 00 01 00 00 00 00 00 00 00 00 00 00 00 00 00
  ................ 00 01 01 00 00 00 00 00 00 00 00 00 00 00 00 00
  ..........?..... 00 00 00 00 00 00 00 00 00 80 3f 00 00 00 00 00
  ................ 00 00 00 00 00 00 00 00 00 00 00 00 00 00 00 00
  ..............B. 00 00 00 00 00 00 00 00 00 00 00 00 00 00 42 e5
  .........,...!.. 12 00 00 00 00 00 00 00 00 2c 01 00 00 21 00 00
  ................ 00 ff ff ff ff 00 00 01 00 00 00 00 00 00 00 00
  ................ 00 00 00 00 00 00 01 01 00 00 00 00 00 00 00 00
  ...............? 00 00 00 00 00 00 00 00 00 00 00 00 00 00 80 3f
  ................ 00 00 00 00 00 00 00 00 00 00 00 00 00 00 00 00
  .....@...@...@.. 00 00 00 00 a0 40 00 00 a0 40 00 00 a0 40 00 00
  .@.............. a0 40 00 00 00 00 00 00 00 00 00 00 00 00 01 00
  ..               00 00
013594-013604 StringBlock "HideInput"
013605-013625 DataBlock
  ..1............. 01 00 31 c8 00 00 00 00 00 00 00 01 00 00 00 00
  .....            00 c0 1d b4 14
013626-013636 StringBlock "highlight"
013637-013710 DataBlock
  ................ 00 00 00 00 00 00 03 00 00 00 03 00 00 00 01 01
  ................ 00 00 00 00 01 00 00 00 00 01 00 00 00 00 00 00
  ............&... 00 00 00 00 00 00 00 00 00 00 00 c0 26 05 14 01
  ...@4^.......... 00 00 00 40 34 5e 13 00 00 c7 00 00 00 2e 00 00
  ..........       00 00 00 00 00 00 01 00 00 00
013711-013714 StateIDBlock 335881920
013715-013724 NewStateBlock "NewState"
013725-013728 XSizeBlock 294
013729-013732 YSizeBlock 26
013733-013761 DataBlock
  ................ 00 00 00 00 02 00 00 00 00 00 00 00 00 00 00 00
  .............    01 00 00 00 00 00 00 00 00 00 00 00 00
013762-013777 StringBlock "tw_troy_medium"
013778-013793 DataBlock
  ................ 10 00 00 00 00 00 00 00 00 00 00 00 d7 f8 ff ff
013794-013815 StringBlock "fe_paragraph_heading"
013816-013835 DataBlock
  ................ 00 00 00 00 00 00 00 00 00 00 00 00 00 00 00 00
  ....             00 00 00 00
013836-013846 T0Block "normal_t0"
013847-013862 DataBlock
  ................ 00 00 00 00 00 00 00 00 00 00 00 00 00 00 00 00
013863-013873 T0Block "normal_t0"
013874-014072 DataBlock
  ................ 00 00 00 00 00 00 00 00 00 00 00 00 00 00 00 00
  ....@4^......... 01 00 00 00 40 34 5e 13 00 00 00 00 00 00 00 00
  &..........2.... 26 01 00 00 1a 00 00 00 00 bf ff 32 00 00 00 00
  ................ 00 00 00 00 00 00 00 00 00 00 00 00 00 01 01 00
  ................ 00 00 00 00 00 00 00 00 00 00 00 00 00 00 00 00
  ......?......... 00 00 00 00 00 80 3f 00 00 00 00 00 00 00 00 00
  ................ 00 00 00 00 00 00 00 00 00 00 00 00 00 00 00 00
  ................ 00 00 00 00 00 00 00 00 00 00 00 00 00 00 00 00
  ................ 00 00 00 00 00 00 00 00 00 c8 00 00 00 00 00 00
  ................ 00 00 00 00 00 00 00 00 00 00 00 00 00 00 00 00
  ..?............. 00 80 3f 00 00 00 00 00 00 00 00 00 00 00 00 00
  ........?....... 00 00 00 00 00 00 00 80 3f 00 00 00 00 00 00 00
  ....<.7          00 00 00 80 3c e1 37
014073-014085 StringBlock "panel_title"
014086-014144 DataBlock
  ................ 00 00 00 00 00 00 07 00 00 00 f9 ff ff ff 01 01
  ................ 00 00 00 00 01 00 00 00 00 01 00 00 00 00 02 00
  ...........p.... 00 00 00 00 00 00 f9 ff ff ff 00 70 b9 10 05 00
  ...........      00 00 00 00 00 00 00 01 00 00 00
014145-014148 StateIDBlock 84982128
014149-014158 NewStateBlock "NewState"
014159-014162 XSizeBlock 386
014163-014166 YSizeBlock 42
014167-014195 DataBlock
  ................ 00 00 00 00 02 00 00 00 00 00 00 00 00 00 00 00
  .............    01 00 00 00 00 00 00 00 00 00 00 00 00
014196-014209 StringBlock "tw_troy_bold"
014210-014225 DataBlock
  ................ 0a 00 00 00 02 00 00 00 00 00 00 00 dd da fa ff
014226-014248 StringBlock "Default Font Category"
014249-014268 DataBlock
  ................ 00 00 00 00 00 00 00 00 00 00 00 00 00 00 00 00
  ....             00 00 00 00
014269-014279 T0Block "normal_t0"
014280-014295 DataBlock
  ................ 00 00 00 00 00 00 00 00 00 00 00 00 00 00 00 00
014296-014306 T0Block "normal_t0"
014307-014360 DataBlock
  ................ 00 00 00 00 00 00 00 00 00 00 00 00 00 00 00 00
  ................ 00 00 00 00 00 00 00 00 00 00 00 00 00 00 00 00
  ....<........... 00 00 00 00 3c 00 00 00 00 00 00 00 01 00 00 00
  ......           00 00 e0 e5 09 14
014361-014373 StringBlock "heading_txt"
014374-014449 DataBlock
  ......!......... 00 00 00 00 00 00 21 00 00 00 09 00 00 00 01 01
  ................ 00 00 00 00 01 00 00 00 00 01 00 00 00 00 05 00
  ................ 00 00 00 00 00 00 00 00 00 00 00 00 00 00 00 00
  ............G... 00 00 00 00 00 00 00 01 00 00 00 e0 47 c2 13 03
  .txt@.......     00 74 78 74 40 01 00 00 18 00 00 00
014450-014479 UnicodeBlock "Enter Password"
014480-014498 DataBlock
  ................ 00 00 04 00 00 00 04 00 00 00 00 00 00 00 02 00
  ...              00 00 01
014499-014556 UnicodeBlock "heading_txt_txt_Text_320065v"
014557-014562 DataBlock
  ......           00 00 00 00 00 00
014563-014578 StringBlock "tw_troy_medium"
014579-014594 DataBlock
  ................ 0e 00 00 00 01 00 00 00 00 00 00 00 b8 d8 f1 ff
014595-014615 StringBlock "header_title_medium"
014616-014635 DataBlock
  ................ 00 00 00 00 00 00 00 00 00 00 00 00 00 00 00 00
  ....             00 00 00 00
014636-014646 T0Block "normal_t0"
014647-014662 DataBlock
  ................ 00 00 00 00 00 00 00 00 00 00 00 00 00 00 00 00
014663-014675 T0Block "brighten_t0"
014676-014711 DataBlock
  ...?............ 00 00 80 3f 00 00 00 00 00 00 00 00 00 00 00 00
  ................ 00 00 00 00 00 00 00 00 00 00 00 00 00 00 00 00
  ....             02 00 00 00
014712-014726 StringBlock "dynamic_child"
014727-014729 DataBlock
  ..1              01 00 31
014730-014751 StringBlock "dynamic_child_parent"
014752-014764 StringBlock "panel_title"
014765-014826 DataBlock
  ................ c8 00 00 00 00 00 00 00 00 00 00 00 00 00 00 00
  .........?...?.. 00 00 00 00 00 00 00 00 80 3f 00 00 00 3f 00 00
  .?.............? 00 3f 00 00 00 00 00 00 00 00 00 00 00 00 80 3f
  ...?........F.   00 00 00 3f 00 00 00 00 00 00 d0 a4 46 0d
014827-014849 StringBlock "ok_cancel_buttongroup"
014850-014908 DataBlock
  ................ 00 00 00 00 00 00 87 00 00 00 ae 00 00 00 01 01
  ................ 00 00 00 00 00 00 00 00 00 01 00 00 00 00 08 00
  .............F.. 00 00 00 00 00 00 00 00 00 00 00 e0 a7 46 0d 00
  ...........      00 00 00 00 00 00 00 01 00 00 00
014909-014912 StateIDBlock 222734304
014913-014922 NewStateBlock "NewState"
014923-014926 XSizeBlock 130
014927-014930 YSizeBlock 50
014931-014959 DataBlock
  ................ 00 00 00 00 02 00 00 00 00 00 00 00 00 00 00 00
  .............    01 00 00 00 00 00 00 00 00 00 00 00 00
014960-014973 StringBlock "tw_troy_bold"
014974-014989 DataBlock
  ................ 0a 00 00 00 02 00 00 00 00 00 00 00 dd da fa ff
014990-015012 StringBlock "Default Font Category"
015013-015032 DataBlock
  ................ 00 00 00 00 00 00 00 00 00 00 00 00 00 00 00 00
  ....             00 00 00 00
015033-015043 T0Block "normal_t0"
015044-015059 DataBlock
  ................ 00 00 00 00 00 00 00 00 00 00 00 00 00 00 00 00
015060-015070 T0Block "normal_t0"
015071-015118 DataBlock
  ................ 00 00 00 00 00 00 00 00 00 00 00 00 00 00 00 00
  ................ 00 00 00 00 00 00 00 00 00 00 00 00 00 00 00 00
  ....<........... 00 00 00 00 3c 00 00 00 00 00 00 00 02 00 00 00
015119-015139 StringBlock "round_medium_button"
015140-015149 DataBlock
  ..B.......       b0 9e 42 0c 01 00 00 00 00 00
015150-015160 StringBlock "button_ok"
015161-015166 DataBlock
  ......           00 00 01 00 00 00
015167-015174 StringBlock "Button"
015175-015182 DataBlock
  ........         00 00 00 00 00 00 00 00
015183-015217 StringBlock "UI_GBL_HUD_Generic_Accept_Confirm"
015218-015252 DataBlock
  ...... ...`B..`B 00 00 f0 c1 00 00 20 c1 00 00 60 42 00 00 60 42
  ....<........... 08 00 00 00 3c 00 00 00 01 06 00 00 00 00 00 00
  ...              00 00 00
015253-015306 UnicodeBlock "button_tick_Tooltip_720052"
015307-015320 UnicodeBlock "Accept"
015321-015328 StringBlock "active"
015329-015336 DataBlock
  ........         00 00 00 00 00 00 00 00
015337-015342 StringBlock "down"
015343-015350 DataBlock
  ........         00 00 00 00 00 00 00 00
015351-015360 StringBlock "down_off"
015361-015368 DataBlock
  ........         00 00 00 00 00 00 00 00
015369-015375 StringBlock "hover"
015376-015383 DataBlock
  ........         00 00 00 00 00 00 00 00
015384-015393 StringBlock "inactive"
015394-015405 DataBlock
  ............     00 00 00 00 00 00 00 00 02 00 00 00
015406-015421 StringBlock "override_sound"
015422-015423 DataBlock
  ..               00 00
015424-015439 StringBlock "override_sound"
015440-015441 DataBlock
  ..               00 00
015442-015727 ImagePathListBlock 6 elements:
  015446-015478 ImagePathBlock "ui/skins/default/icon_check.png"
  015479-015528 ImagePathBlock "ui\\skins\\default\\button_round_medium_pressed.png"
  015529-015576 ImagePathBlock "ui\\skins\\default\\button_round_medium_hover.png"
  015577-015625 ImagePathBlock "ui\\skins\\default\\button_round_medium_active.png"
  015626-015676 ImagePathBlock "ui\\skins\\default\\button_round_medium_inactive.png"
  015677-015727 ImagePathBlock "ui\\skins\\default\\button_round_medium_underlay.png"
015728-015731 DataBlock
  ....             00 00 00 00
015732-015752 StringBlock "round_medium_button"
015753-015762 DataBlock
  ..B.......       d0 c5 42 0c 01 00 00 00 00 00
015763-015777 StringBlock "button_cancel"
015778-015783 DataBlock
  ......           00 00 01 00 00 00
015784-015791 StringBlock "Button"
015792-015799 DataBlock
  ........         00 00 00 00 00 00 00 00
015800-015834 StringBlock "UI_GBL_HUD_Generic_Cancel_Decline"
015835-015869 DataBlock
  ...A.. ...`B..`B 00 00 f0 41 00 00 20 c1 00 00 60 42 00 00 60 42
  ....<........... 08 00 00 00 3c 00 00 00 01 06 00 00 00 00 00 00
  ...              00 00 00
015870-015929 UnicodeBlock "_button_cancel_Tooltip_1f006a"
015930-015943 UnicodeBlock "Cancel"
015944-015951 StringBlock "active"
015952-015959 DataBlock
  ........         00 00 00 00 00 00 00 00
015960-015965 StringBlock "down"
015966-015973 DataBlock
  ........         00 00 00 00 00 00 00 00
015974-015983 StringBlock "down_off"
015984-015991 DataBlock
  ........         00 00 00 00 00 00 00 00
015992-015998 StringBlock "hover"
015999-016006 DataBlock
  ........         00 00 00 00 00 00 00 00
016007-016016 StringBlock "inactive"
016017-016028 DataBlock
  ............     00 00 00 00 00 00 00 00 02 00 00 00
016029-016044 StringBlock "override_sound"
016045-016046 DataBlock
  ..               00 00
016047-016062 StringBlock "override_sound"
016063-016064 DataBlock
  ..               00 00
016065-016350 ImagePathListBlock 6 elements:
  016069-016101 ImagePathBlock "ui/skins/default/icon_cross.png"
  016102-016151 ImagePathBlock "ui\\skins\\default\\button_round_medium_pressed.png"
  016152-016199 ImagePathBlock "ui\\skins\\default\\button_round_medium_hover.png"
  016200-016248 ImagePathBlock "ui\\skins\\default\\button_round_medium_active.png"
  016249-016299 ImagePathBlock "ui\\skins\\default\\button_round_medium_inactive.png"
  016300-016350 ImagePathBlock "ui\\skins\\default\\button_round_medium_underlay.png"
016351-016377 DataBlock
  ................ 00 00 00 00 00 00 00 00 00 00 00 00 00 00 00 00
  .?...?...?.      80 3f 00 00 00 3f 00 00 80 3f 00
016378-016398 StringBlock "UI_FE_POPUP_Generic"
016399-016439 DataBlock
  ..........?...?. 00 00 00 00 00 00 00 00 00 80 3f 00 00 00 3f 00
  ..?............. 00 00 3f 00 00 00 00 00 00 00 00 00 00 00 00 80
  ?........        3f 00 00 00 00 00 00 00 00
