000000-000009 VersionBlock 121
000010-000013 RootIDBlock 120582864
000014-000019 StringBlock "root"
000020-000097 DataBlock
  ................ 00 00 00 00 00 00 00 00 00 00 00 00 00 00 01 01
  ................ 00 00 00 00 01 00 00 00 00 01 00 00 00 00 00 00
  ................ 00 00 00 00 00 00 00 00 00 00 00 00 00 00 00 01
  ...p............ 00 00 00 70 c5 83 0d 00 00 00 05 00 00 c0 03 00
  ...........r..   00 00 00 00 00 00 01 00 00 00 e0 72 a3 0a
000098-000107 NewStateBlock "NewState"
000108-000111 XSizeBlock 1280
000112-000115 YSizeBlock 960
000116-000144 DataBlock
  ................ 00 00 00 00 02 00 00 00 00 00 00 00 00 00 00 00
  .............    01 00 00 00 00 00 00 00 00 00 00 00 00
000145-000158 StringBlock "tw_troy_bold"
000159-000174 DataBlock
  ................ 0a 00 00 00 02 00 00 00 00 00 00 00 dd da fa ff
000175-000197 StringBlock "Default Font Category"
000198-000217 DataBlock
  ................ 00 00 00 00 00 00 00 00 00 00 00 00 00 00 00 00
  ....             01 00 00 00
000218-000228 T0Block "normal_t0"
000229-000244 DataBlock
  ................ 00 00 00 00 00 00 00 00 00 00 00 00 00 00 00 00
000245-000255 T0Block "normal_t0"
000256-000410 DataBlock
  ................ 00 00 00 00 00 00 00 00 00 00 00 00 00 00 00 00
  ....p........... 01 00 00 00 70 c5 83 0d 00 00 00 00 00 00 00 00
  ............. 00 05 00 00 c0 03 00 00 7f 7f 7f ff 00 00 00 00
  ................ 00 00 00 00 00 00 00 00 00 00 00 00 00 01 01 00
  ................ 00 00 00 00 00 00 00 00 00 00 00 00 00 00 00 00
  ......?......... 00 00 00 00 00 80 3f 00 00 00 00 00 00 00 00 00
  ................ 00 00 00 00 00 00 00 00 00 00 00 00 00 00 00 00
  ................ 00 00 00 00 00 00 00 00 00 00 00 00 00 00 00 00
  ................ 00 00 00 00 00 00 00 00 00 00 00 00 00 00 00 00
  .......@.."      00 01 00 00 00 00 00 40 f1 1e 22
000411-000435 StringBlock "in_battle_results_popup"
000436-000441 DataBlock
  ......           00 00 01 00 00 00
000442-000461 StringBlock "BattleResultsPopup"
000462-000514 DataBlock
  ................ 00 00 00 00 00 00 00 00 ca 01 00 00 bb 00 00 00
  ................ 00 01 00 00 00 00 01 00 00 00 00 01 00 00 00 00
  ................ 05 00 00 00 00 00 00 00 00 00 00 00 00 00 00 00
  .....            00 03 00 00 00
000515-000574 ImageBlock id=695529984 xsize=256 ysize=256 path="ui\\skins\\default\\troy_crack_texture_19.png" unknown=1557741568
000575-000575 DataBlock
  )                29
000576-000617 ImagePathBlock "ui\\skins\\default\\plate_border_medium.png"
000618-000626 DataBlock
  .........        80 00 00 00 80 00 00 00 00
000627-000692 ImageBlock id=1288764928 xsize=32 ysize=10 path="ui\\skins\\default\\border_horizontal_detail_01.png" unknown=0
000693-000701 DataBlock
  ......./"        00 01 00 00 00 80 82 2f 22
000702-000711 NewStateBlock "NewState"
000712-000715 XSizeBlock 364
000716-000719 YSizeBlock 586
000720-000748 DataBlock
  ................ 00 00 00 00 04 00 00 00 04 00 00 00 00 00 00 00
  .............    01 00 00 00 01 00 00 00 00 00 00 00 00
000749-000766 StringBlock "profile_offc_pro"
000767-000782 DataBlock
  ................ 0a 00 00 00 01 00 00 00 00 00 00 00 ff ff ff ff
000783-000801 StringBlock "ingame_text_small"
000802-000821 DataBlock
  ................ 00 00 00 00 00 00 00 00 00 00 00 00 00 00 00 00
  ....             00 00 00 00
000822-000832 T0Block "normal_t0"
000833-000848 DataBlock
  ................ 00 00 00 00 00 00 00 00 00 00 00 00 00 00 00 00
000849-000859 T0Block "normal_t0"
000860-000879 DataBlock
  ................ 00 00 00 00 00 00 00 00 00 00 00 00 00 00 00 00
  ....             04 00 00 00
000880-000903 ImageUseBlock id=695529984 xofs=0 yofs=0 xsize=364 ysize=586 brga=4294967295
000904-001081 DataBlock
  ................ 00 00 01 00 00 00 00 00 00 00 00 00 00 00 00 00
  ................ 00 01 01 00 00 00 00 00 00 00 00 00 00 00 00 00
  ..........?..... 00 00 00 00 00 00 00 00 00 80 3f 00 00 00 00 00
  ................ 00 00 00 00 00 00 00 00 00 00 00 00 00 00 00 00
  .............@.\ 00 00 00 00 00 00 00 00 00 00 00 00 00 40 d9 5c
  )........l...J.. 29 00 00 00 00 00 00 00 00 6c 01 00 00 4a 02 00
  ................ 00 ff ff ff ff 00 00 00 00 00 00 00 00 00 00 00
  ................ 00 00 00 00 00 00 01 01 00 00 00 00 00 00 00 00
  ...............? 00 00 00 00 00 00 00 00 00 00 00 00 00 00 80 3f
  ................ 00 00 00 00 00 00 00 00 00 00 00 00 00 00 00 00
  .... A.. A.. A.. 00 00 00 00 20 41 00 00 20 41 00 00 20 41 00 00
   A               20 41
001082-001105 ImageUseBlock id=1288764928 xofs=0 yofs=4294967292 xsize=364 ysize=10 brga=4294967295
001106-001182 DataBlock
  ................ 00 00 01 00 00 0b 00 00 00 00 00 00 00 06 00 00
  ................ 00 01 00 00 00 00 00 00 00 00 00 00 00 00 00 00
  ..........?..... 00 00 00 00 00 00 00 00 00 80 3f 00 00 00 00 00
  ................ 00 00 00 00 00 00 00 00 00 00 00 00 00 00 00 00
  .............    00 00 00 00 00 00 00 00 00 00 00 00 00
001183-001206 ImageUseBlock id=1288764928 xofs=0 yofs=580 xsize=364 ysize=10 brga=4294967295
001207-001299 DataBlock
  ................ 00 00 01 00 00 11 00 00 00 00 00 00 00 fa ff ff
  ................ ff 01 00 00 00 00 00 00 00 00 00 00 00 00 00 00
  ..........?..... 00 00 00 00 00 00 00 00 00 80 3f 00 00 00 00 00
  ................ 00 00 00 00 00 00 00 00 00 00 00 00 00 00 00 00
  ................ 00 00 00 00 00 00 00 00 00 00 00 00 00 00 00 00
  .............    00 00 00 00 00 00 00 00 00 01 00 00 00
001300-001312 StringBlock "replay_size"
001313-001335 DataBlock
  ..4503.......... 03 00 34 35 30 33 00 00 00 00 00 00 00 04 00 00
  ....(.D          00 00 00 00 28 b0 44
001336-001353 StringBlock "title_panel_base"
001354-001404 DataBlock
  ................ 00 00 00 00 00 00 0a 00 00 00 0a 00 00 00 01 00
  ................ 00 00 00 00 01 00 00 00 00 01 00 00 00 00 00 00
  ............!.D. 00 00 00 00 00 00 00 00 00 00 00 00 21 b0 44 02
  ...              00 00 00
001405-001464 ImageBlock id=732864576 xsize=256 ysize=256 path="ui\\skins\\default\\troy_crack_texture_10.png" unknown=270336000
001465-001465 DataBlock
  M                4d
001466-001512 ImagePathBlock "ui\\skins\\default\\dark_gradient_horizontal.png"
001513-001533 DataBlock
  ................ 00 02 00 00 00 02 00 00 00 00 00 00 00 01 00 00
  ..!.D            00 00 21 b0 44
001534-001543 NewStateBlock "NewState"
001544-001547 XSizeBlock 344
001548-001551 YSizeBlock 42
001552-001580 DataBlock
  ................ 00 00 00 00 02 00 00 00 00 00 00 00 00 00 00 00
  .............    02 00 00 00 00 00 00 00 00 00 00 00 00
001581-001594 StringBlock "tw_troy_bold"
001595-001610 DataBlock
  ................ 0a 00 00 00 02 00 00 00 00 00 00 00 dd da fa ff
001611-001633 StringBlock "Default Font Category"
001634-001653 DataBlock
  ................ 00 00 00 00 00 00 00 00 00 00 00 00 00 00 00 00
  ....             00 00 00 00
001654-001664 T0Block "normal_t0"
001665-001680 DataBlock
  ................ 00 00 00 00 00 00 00 00 00 00 00 00 00 00 00 00
001681-001691 T0Block "normal_t0"
001692-001711 DataBlock
  ................ 00 00 00 00 00 00 00 00 00 00 00 00 00 00 00 00
  ....             02 00 00 00
001712-001735 ImageUseBlock id=732864576 xofs=0 yofs=0 xsize=344 ysize=42 brga=4294967295
001736-001947 DataBlock
  ................ 00 00 00 00 00 05 00 00 00 00 00 00 00 00 00 00
  ................ 00 01 01 00 00 00 00 00 00 00 00 00 00 00 00 00
  ..........?..... 00 00 00 00 00 00 00 00 00 80 3f 00 00 00 00 00
  ................ 00 00 00 00 00 00 00 00 00 00 00 00 00 00 00 00
  ................ 00 00 00 00 00 00 00 00 00 00 00 00 00 00 1d 10
  M........X...*.. 4d 00 00 00 00 00 00 00 00 58 01 00 00 2a 00 00
  ....x........... 00 ff ff ff 78 00 00 00 00 00 00 00 00 00 00 00
  ................ 00 00 00 00 00 00 01 01 00 00 00 00 00 00 00 00
  ...............? 00 00 00 00 00 00 00 00 00 00 00 00 00 00 80 3f
  ................ 00 00 00 00 00 00 00 00 00 00 00 00 00 00 00 00
  ................ 00 00 00 00 00 00 00 00 00 00 00 00 00 00 00 00
  ................ 00 00 00 00 00 00 00 00 00 00 00 00 00 00 00 00
  ................ 00 00 00 00 00 00 00 00 00 00 04 00 00 00 00 00
  ...b             80 c0 f6 62
001948-001964 StringBlock "animated_effect"
001965-002027 DataBlock
  ................ 00 00 00 00 00 00 00 00 00 00 00 00 00 00 01 00
  ................ 00 00 00 00 01 01 00 00 00 01 00 00 00 00 00 00
  ................ 00 00 00 00 00 00 00 00 00 00 00 80 83 e9 09 00
  ...............  00 00 00 00 00 00 00 01 00 00 00 80 83 e9 09
002028-002037 NewStateBlock "NewState"
002038-002041 XSizeBlock 344
002042-002045 YSizeBlock 42
002046-002074 DataBlock
  ................ 00 00 00 00 02 00 00 00 00 00 00 00 00 00 00 00
  .............    02 00 00 00 00 00 00 00 00 00 00 00 00
002075-002088 StringBlock "tw_troy_bold"
002089-002104 DataBlock
  ................ 0a 00 00 00 02 00 00 00 00 00 00 00 dd da fa ff
002105-002127 StringBlock "Default Font Category"
002128-002147 DataBlock
  ................ 00 00 00 00 00 00 00 00 00 00 00 00 00 00 00 00
  ....             01 00 00 00
002148-002158 T0Block "normal_t0"
002159-002174 DataBlock
  ................ 00 00 00 00 00 00 00 00 00 00 00 00 00 00 00 00
002175-002185 T0Block "normal_t0"
002186-002229 DataBlock
  ................ 00 00 00 00 00 00 00 00 00 00 00 00 00 00 00 00
  ................ 00 00 00 00 00 00 00 00 00 00 00 00 00 00 00 00
  ............     00 00 00 00 01 00 00 00 02 00 00 00
002230-002245 StringBlock "hide_campaigns"
002246-002319 DataBlock
  ............zC.. 00 00 01 00 00 00 00 00 00 00 00 00 7a 43 00 00
  .A....|......... 80 41 0e 01 00 00 7c 01 00 00 ff ff ff 00 00 00
  ................ 00 00 00 00 00 00 00 00 00 00 00 00 00 00 00 00
  .............?d. 00 00 ff ff ff ff ff ff ff ff 00 00 80 3f 64 00
  ..B......?       00 00 42 00 00 00 00 00 80 3f
002320-002327 StringBlock "Linear"
002328-002339 DataBlock
  .......b....     01 00 00 00 80 c0 f6 62 00 00 00 00
002340-002354 StringBlock "visible false"
002355-002360 DataBlock
  ......           01 00 00 00 00 00
002361-002376 StringBlock "show_campaigns"
002377-002450 DataBlock
  ............zC.. 01 00 02 00 00 00 00 00 00 00 00 00 7a 43 00 00
  .A.............. 80 41 f2 00 00 00 1e 00 00 00 ff ff ff 00 00 00
  ................ 00 00 00 00 00 00 00 00 00 00 00 00 00 00 00 00
  .............?.. 00 00 ff ff ff ff ff ff ff ff 00 00 80 3f 00 00
  ..B......?       00 00 42 00 00 00 00 00 80 3f
002451-002458 StringBlock "Linear"
002459-002532 DataBlock
  .............B.. 00 00 00 00 01 00 00 00 00 00 00 00 9e 42 00 00
  .A.............. 80 41 f2 00 00 00 1e 00 00 00 ff ff ff ff 00 00
  ................ 00 00 00 00 00 00 00 00 00 00 00 00 00 00 00 00
  .............?.. 00 00 ff ff ff ff ff ff ff ff 00 00 80 3f c8 00
  ..B......?       00 00 42 00 00 00 00 00 80 3f
002533-002540 StringBlock "Linear"
002541-002560 DataBlock
  ................ 00 00 00 00 01 00 00 00 00 00 01 00 00 00 00 00
   ...             20 88 e9 09
002561-002577 StringBlock "smoke_clip_left"
002578-002640 DataBlock
  ................ 00 00 00 00 00 00 06 00 00 00 05 00 00 00 01 01
  ................ 00 00 00 00 01 01 00 00 00 01 00 00 00 00 02 00
  ................ 00 00 00 00 00 00 05 00 00 00 00 10 8c e9 09 00
  ...............  00 00 00 00 00 00 00 01 00 00 00 10 8c e9 09
002641-002650 NewStateBlock "NewState"
002651-002654 XSizeBlock 332
002655-002658 YSizeBlock 33
002659-002687 DataBlock
  ................ 00 00 00 00 02 00 00 00 00 00 00 00 00 00 00 00
  .............    02 00 00 00 00 00 00 00 00 00 00 00 00
002688-002701 StringBlock "tw_troy_bold"
002702-002717 DataBlock
  ................ 0a 00 00 00 02 00 00 00 00 00 00 00 dd da fa ff
002718-002740 StringBlock "Default Font Category"
002741-002760 DataBlock
  ................ 00 00 00 00 00 00 00 00 00 00 00 00 00 00 00 00
  ....             00 00 00 00
002761-002771 T0Block "normal_t0"
002772-002787 DataBlock
  ................ 00 00 00 00 00 00 00 00 00 00 00 00 00 00 00 00
002788-002798 T0Block "normal_t0"
002799-002834 DataBlock
  ................ 00 00 00 00 00 00 00 00 00 00 00 00 00 00 00 00
  ................ 00 00 00 00 00 00 00 00 00 00 00 00 00 00 00 00
  ....             01 00 00 00
002835-002852 StringBlock "disable_override"
002853-002869 StringBlock "instance_resize"
002870-002887 DataBlock
  i.............p. 69 00 00 00 00 00 00 00 01 00 00 00 00 00 70 8e
  ..               e9 09
002888-002902 StringBlock "smoke_overlay"
002903-002949 DataBlock
  ................ 00 00 00 00 00 00 aa ff ff ff 0f ff ff ff 00 00
  ................ 00 00 00 00 01 01 00 00 00 01 00 00 00 00 05 00
  ...........P...  00 00 04 00 00 00 fe ff ff ff 00 50 92 e9 09
002950-003022 ImageListBlock 1 elements:
  002954-003022 ImageBlock id=1660332160 xsize=339 ysize=51 path="ui\\skins\\default\\button_square_large_text_hover.png" unknown=0
003023-003103 DataBlock
  .....P.....wh1.. 00 02 00 00 00 50 92 e9 09 03 00 77 68 31 00 02
  ................ 00 00 00 02 00 00 00 00 00 00 02 00 00 00 00 00
  ................ 00 00 00 00 00 00 02 00 00 00 00 00 00 00 00 00
  .....tw_troy_bol 00 00 00 0c 00 74 77 5f 74 72 6f 79 5f 62 6f 6c
  d............... 64 0a 00 00 00 02 00 00 00 00 00 00 00 dd da fa
  .                ff
003104-003126 StringBlock "Default Font Category"
003127-003146 DataBlock
  ................ 00 00 00 00 00 00 00 00 00 00 00 00 00 00 00 00
  ....             00 00 00 00
003147-003164 T0Block "smoke_overlay_t0"
003165-003180 DataBlock
  ...?...@........ 00 00 80 3f 00 00 00 40 00 00 00 00 00 00 00 00
003181-003191 T0Block "normal_t0"
003192-003211 DataBlock
  ................ 00 00 00 00 00 00 00 00 00 00 00 00 00 00 00 00
  ....             01 00 00 00
003212-003235 ImageUseBlock id=1660332160 xofs=0 yofs=0 xsize=512 ysize=512 brga=2030004256
003236-003370 DataBlock
  ................ 00 00 00 00 00 00 00 00 00 00 00 00 00 00 00 00
  ................ 00 01 01 00 00 00 00 00 00 00 00 00 00 00 00 00
  ..........?..... 00 00 00 00 00 00 00 00 00 80 3f 00 00 00 00 00
  ................ 00 00 00 00 00 00 00 00 00 00 00 00 00 00 00 00
  ................ 00 00 00 00 00 00 00 00 00 00 00 00 00 00 00 00
  ...............w 00 00 00 00 00 00 00 00 00 a0 95 e9 09 03 00 77
  h2.............. 68 32 00 02 00 00 00 02 00 00 00 00 00 00 02 00
  ................ 00 00 00 00 00 00 00 00 00 00 02 00 00 00 00 00
  .......          00 00 00 00 00 00 00
003371-003384 StringBlock "tw_troy_bold"
003385-003400 DataBlock
  ................ 0a 00 00 00 02 00 00 00 00 00 00 00 dd da fa ff
003401-003423 StringBlock "Default Font Category"
003424-003443 DataBlock
  ................ 00 00 00 00 00 00 00 00 00 00 00 00 00 00 00 00
  ....             00 00 00 00
003444-003461 T0Block "smoke_overlay_t0"
003462-003477 DataBlock
  ...?...?........ 00 00 80 3f 00 00 80 3f 00 00 00 00 00 00 00 00
003478-003488 T0Block "normal_t0"
003489-003508 DataBlock
  ................ 00 00 00 00 00 00 00 00 00 00 00 00 00 00 00 00
  ....             01 00 00 00
003509-003532 ImageUseBlock id=1660332160 xofs=0 yofs=0 xsize=512 ysize=512 brga=2164221984
003533-003625 DataBlock
  ................ 00 00 00 00 00 00 00 00 00 00 00 00 00 00 00 00
  ................ 00 01 01 00 00 00 00 00 00 00 00 00 00 00 00 00
  ..........?..... 00 00 00 00 00 00 00 00 00 80 3f 00 00 00 00 00
  ................ 00 00 00 00 00 00 00 00 00 00 00 00 00 00 00 00
  ................ 00 00 00 00 00 00 00 00 00 00 00 00 00 00 00 00
  .............    00 00 00 00 00 00 00 00 00 01 00 00 00
003626-003643 StringBlock "disable_override"
003644-003660 StringBlock "instance_resize"
003661-003744 DataBlock
  i............... 69 00 00 00 00 00 00 00 00 00 00 00 00 00 00 00
  .........?...?.. 00 00 00 00 00 00 00 00 80 3f 00 00 00 3f 00 00
  .?.............? 00 3f 00 00 00 00 00 00 00 00 00 00 00 00 80 3f
  ...?............ 00 00 00 3f 00 00 00 00 00 00 00 00 00 00 00 00
  .....?.......... 00 01 00 00 80 3f 00 00 00 00 00 00 00 00 00 00
  ..e)             c0 9f 65 29
003745-003754 StringBlock "ornament"
003755-003801 DataBlock
  ................ 00 00 00 00 00 00 00 00 00 00 00 00 00 00 01 01
  ................ 00 00 00 00 01 00 00 00 00 01 00 00 00 00 05 00
  ...............  00 00 00 00 00 00 00 00 00 00 00 00 00 00 00
003802-003870 ImageListBlock 1 elements:
  003806-003870 ImageBlock id=694520768 xsize=455 ysize=42 path="ui\\skins\\default\\header_nameplate_ornament8.png" unknown=0
003871-003931 DataBlock
  .....@.e)..subme 00 01 00 00 00 40 a8 65 29 0d 00 73 75 62 6d 65
  nu_titleX...*... 6e 75 5f 74 69 74 6c 65 58 01 00 00 2a 00 00 00
  ................ 00 00 00 00 04 00 00 00 04 00 00 00 00 00 00 00
  .............    02 00 00 00 00 00 00 00 00 00 00 00 00
003932-003945 StringBlock "tw_troy_bold"
003946-003961 DataBlock
  ................ 0a 00 00 00 02 00 00 00 00 00 00 00 dd da fa ff
003962-003984 StringBlock "Default Font Category"
003985-004004 DataBlock
  ................ 00 00 00 00 00 00 00 00 00 00 00 00 00 00 00 00
  ....             00 00 00 00
004005-004015 T0Block "normal_t0"
004016-004031 DataBlock
  ................ 00 00 00 00 00 00 00 00 00 00 00 00 00 00 00 00
004032-004044 T0Block "brighten_t0"
004045-004064 DataBlock
  ...?............ 00 00 00 3f 00 00 00 00 00 00 00 00 00 00 00 00
  ....             01 00 00 00
004065-004088 ImageUseBlock id=694520768 xofs=0 yofs=0 xsize=344 ysize=42 brga=4294967295
004089-004181 DataBlock
  ................ 00 00 00 00 00 00 00 00 00 00 00 00 00 00 00 00
  ................ 00 01 00 00 00 00 00 00 00 00 00 00 00 00 00 00
  ..........?..... 00 00 00 00 00 00 00 00 00 80 3f 00 00 00 00 00
  ................ 00 00 00 00 00 00 00 00 00 00 00 00 00 00 00 00
  ... B...... B... 00 00 00 20 42 00 00 00 00 00 00 20 42 00 00 00
  .............    00 00 00 00 00 00 00 00 00 03 00 00 00
004182-004197 StringBlock "max_text_width"
004198-004202 DataBlock
  ..360            03 00 33 36 30
004203-004218 StringBlock "min_text_width"
004219-004223 DataBlock
  ..160            03 00 31 36 30
004224-004239 StringBlock "override_sound"
004240-004281 DataBlock
  ..i............. 00 00 69 00 00 00 00 00 00 00 00 00 00 00 00 00
  ...........?...? 00 00 00 00 00 00 00 01 00 00 80 3f 00 00 00 3f
  ...?.....D       00 00 00 3f 00 00 00 f2 c3 44
004282-004288 StringBlock "title"
004289-004351 DataBlock
  ................ 00 00 00 00 00 00 00 00 00 00 03 00 00 00 01 01
  ................ 00 00 00 00 00 00 00 00 00 01 00 00 00 00 05 00
  ................ 00 00 00 00 00 00 03 00 00 00 00 00 00 00 00 00
  ..............D  00 00 00 00 00 00 00 01 00 00 00 80 80 bc 44
004352-004366 StringBlock "submenu_title"
004367-004374 DataBlock
  X...*...         58 01 00 00 2a 00 00 00
004375-004394 UnicodeBlock "Game Menu"
004395-004413 DataBlock
  ................ 00 00 04 00 00 00 04 00 00 00 00 00 00 00 02 00
  ...              00 00 01
004414-004467 UnicodeBlock "title_NewState_Text_27001a"
004468-004473 DataBlock
  ......           00 00 00 00 00 00
004474-004491 StringBlock "profile_offc_pro"
004492-004507 DataBlock
  ................ 0c 00 00 00 02 00 00 00 00 00 00 00 99 b2 c7 ff
004508-004516 StringBlock "fe_text"
004517-004536 DataBlock
  ................ 00 00 00 00 00 00 00 00 00 00 00 00 00 00 00 00
  ....             00 00 00 00
004537-004547 T0Block "normal_t0"
004548-004563 DataBlock
  ................ 00 00 00 00 00 00 00 00 00 00 00 00 00 00 00 00
004564-004574 T0Block "normal_t0"
004575-004610 DataBlock
  ................ 00 00 00 00 00 00 00 00 00 00 00 00 00 00 00 00
  ................ 00 00 00 00 00 00 00 00 00 00 00 00 00 00 00 00
  ....             03 00 00 00
004611-004626 StringBlock "max_text_width"
004627-004631 DataBlock
  ..360            03 00 33 36 30
004632-004647 StringBlock "min_text_width"
004648-004652 DataBlock
  ..160            03 00 31 36 30
004653-004668 StringBlock "override_sound"
004669-004710 DataBlock
  ..i............. 00 00 69 00 00 00 00 00 00 00 00 00 00 00 00 00
  ...........?...? 00 00 00 00 00 00 00 01 00 00 80 3f 00 00 00 3f
  ...?......       00 00 00 3f 00 00 b0 dd c4 0a
004711-004719 StringBlock "DY_text"
004720-004782 DataBlock
  ................ 00 00 00 00 00 00 01 00 00 00 04 00 00 00 01 01
  ................ 00 00 00 00 01 00 00 00 00 01 00 00 00 00 08 00
  ................ 00 00 00 00 00 00 fe ff ff ff 00 00 00 00 00 00
  ...............  00 00 00 00 00 00 00 01 00 00 00 80 e7 c4 0a
004783-004790 StringBlock "normal"
004791-004798 DataBlock
  U...$...         55 01 00 00 24 00 00 00
004799-004818 UnicodeBlock "dy_header"
004819-004837 DataBlock
  ................ 00 00 04 00 00 00 04 00 00 00 00 00 00 00 02 00
  ...              00 00 00
004838-004891 UnicodeBlock "DY_text_normal_Text_150048"
004892-004897 DataBlock
  ......           00 00 00 00 00 00
004898-004913 StringBlock "tw_troy_medium"
004914-004929 DataBlock
  ................ 0e 00 00 00 01 00 00 00 00 00 00 00 b8 d8 f1 ff
004930-004950 StringBlock "header_title_medium"
004951-004970 DataBlock
  ................ 0f 00 00 00 00 00 00 00 07 00 00 00 00 00 00 00
  ....             01 00 00 00
004971-004981 T0Block "normal_t0"
004982-004997 DataBlock
  ................ 00 00 00 00 00 00 00 00 00 00 00 00 00 00 00 00
004998-005013 T0Block "drop_shadow_t0"
005014-005111 DataBlock
  .......?...@.... 00 00 00 00 00 00 80 3f 00 00 00 40 00 00 00 00
  ................ 00 00 00 00 00 00 00 00 00 00 00 00 00 00 00 00
  ................ 00 00 00 00 0a 00 00 00 00 00 00 00 00 00 00 00
  .............?.. 00 00 00 00 00 00 00 00 00 00 00 00 80 3f 00 00
  .?...?.......... 00 3f 00 00 80 3f 00 00 00 00 00 00 00 00 00 01
  ...?...........h 00 00 80 3f 00 00 00 00 00 00 00 00 00 00 00 68
  KU               4b 55
005112-005132 StringBlock "faction_flag_holder"
005133-005195 DataBlock
  ..........6..... 00 00 00 00 00 00 0a 00 00 00 36 00 00 00 01 00
  ................ 00 00 00 00 01 00 00 00 00 01 00 00 00 00 00 00
  ..............U. 00 00 00 00 00 00 00 00 00 00 00 80 c1 0f 55 00
  ..............U  00 00 00 00 00 00 00 01 00 00 00 80 c1 0f 55
005196-005205 NewStateBlock "NewState"
005206-005209 XSizeBlock 344
005210-005213 YSizeBlock 190
005214-005242 DataBlock
  ................ 00 00 00 00 02 00 00 00 00 00 00 00 00 00 00 00
  .............    02 00 00 00 00 00 00 00 00 00 00 00 00
005243-005256 StringBlock "tw_troy_bold"
005257-005272 DataBlock
  ................ 0a 00 00 00 02 00 00 00 00 00 00 00 dd da fa ff
005273-005295 StringBlock "Default Font Category"
005296-005315 DataBlock
  ................ 00 00 00 00 00 00 00 00 00 00 00 00 00 00 00 00
  ....             00 00 00 00
005316-005326 T0Block "normal_t0"
005327-005342 DataBlock
  ................ 00 00 00 00 00 00 00 00 00 00 00 00 00 00 00 00
005343-005353 T0Block "normal_t0"
005354-005407 DataBlock
  ................ 00 00 00 00 00 00 00 00 00 00 00 00 00 00 00 00
  ................ 00 00 00 00 00 00 00 00 00 00 00 00 00 00 00 00
  ................ 00 00 00 00 00 00 00 00 00 00 00 00 01 00 00 00
  ......           00 00 f0 be db 0b
005408-005421 StringBlock "faction_flag"
005422-005472 DataBlock
  ......R......... 00 00 00 00 00 00 52 00 00 00 05 00 00 00 00 00
  ................ 00 00 00 00 01 00 00 00 00 01 00 00 00 00 05 00
  ................ 00 00 00 00 00 00 00 00 00 00 00 00 83 c4 0a 02
  ...              00 00 00
005473-005518 ImageBlock id=188483616 xsize=256 ysize=256 path="ui\\skins\\default\\mon_256.png" unknown=1007091712
005519-005519 DataBlock
  .                0b
005520-005552 ImagePathBlock "ui\\skins\\default\\mon_defeat.png"
005553-005573 DataBlock
  ................ 00 01 00 00 00 01 00 00 00 00 00 00 00 02 00 00
  .....            00 00 83 c4 0a
005574-005582 StringBlock "default"
005583-005619 DataBlock
  ................ b4 00 00 00 b4 00 00 00 00 00 00 00 02 00 00 00
  ................ 00 00 00 00 00 00 00 00 01 00 00 00 00 00 00 00
  .....            00 00 00 00 00
005620-005633 StringBlock "tw_troy_bold"
005634-005649 DataBlock
  ................ 0a 00 00 00 02 00 00 00 00 00 00 00 dd da fa ff
005650-005672 StringBlock "Default Font Category"
005673-005692 DataBlock
  ................ 00 00 00 00 00 00 00 00 00 00 00 00 00 00 00 00
  ....             00 00 00 00
005693-005703 T0Block "normal_t0"
005704-005719 DataBlock
  ................ 00 00 00 00 00 00 00 00 00 00 00 00 00 00 00 00
005720-005730 T0Block "normal_t0"
005731-005750 DataBlock
  ................ 00 00 00 00 00 00 00 00 00 00 00 00 00 00 00 00
  ....             01 00 00 00
005751-005774 ImageUseBlock id=188483616 xofs=0 yofs=0 xsize=180 ysize=180 brga=4293980400
005775-005867 DataBlock
  ................ 00 00 00 00 00 00 00 00 00 00 00 00 00 00 00 00
  ................ 00 01 01 00 00 00 00 00 00 00 00 00 00 00 00 00
  ..........?..... 00 00 00 00 00 00 00 00 00 80 3f 00 00 00 00 00
  ................ 00 00 00 00 00 00 00 00 00 00 00 00 00 00 00 00
  ................ 00 00 00 00 00 00 00 00 00 00 00 00 00 00 00 00
  ......... ...    00 00 00 00 00 00 00 00 00 20 85 c4 0a
005868-005874 StringBlock "loser"
005875-005911 DataBlock
  ................ b4 00 00 00 b4 00 00 00 00 00 00 00 02 00 00 00
  ................ 00 00 00 00 00 00 00 00 01 00 00 00 00 00 00 00
  .....            00 00 00 00 00
005912-005925 StringBlock "tw_troy_bold"
005926-005941 DataBlock
  ................ 0a 00 00 00 02 00 00 00 00 00 00 00 dd da fa ff
005942-005964 StringBlock "Default Font Category"
005965-005984 DataBlock
  ................ 00 00 00 00 00 00 00 00 00 00 00 00 00 00 00 00
  ....             00 00 00 00
005985-005995 T0Block "normal_t0"
005996-006011 DataBlock
  ................ 00 00 00 00 00 00 00 00 00 00 00 00 00 00 00 00
006012-006022 T0Block "normal_t0"
006023-006042 DataBlock
  ................ 00 00 00 00 00 00 00 00 00 00 00 00 00 00 00 00
  ....             02 00 00 00
006043-006066 ImageUseBlock id=188483616 xofs=0 yofs=0 xsize=180 ysize=180 brga=4293980400
006067-006278 DataBlock
  ................ 00 00 00 00 00 00 00 00 00 00 00 00 00 00 00 00
  ................ 00 01 01 00 00 00 00 00 00 00 00 00 00 00 00 00
  ..........?..... 00 00 00 00 00 00 00 00 00 80 3f 00 00 00 00 00
  ................ 00 00 00 00 00 00 00 00 00 00 00 00 00 00 00 00
  ...............< 00 00 00 00 00 00 00 00 00 00 00 00 00 00 07 3c
  ................ 0b fc ff ff ff ff ff ff ff b4 00 00 00 b4 00 00
  ................ 00 ff ff ff ff 00 00 00 00 00 00 00 00 00 00 00
  ................ 00 00 00 00 00 00 01 01 00 00 00 00 00 00 00 00
  ...............? 00 00 00 00 00 00 00 00 00 00 00 00 00 00 80 3f
  ................ 00 00 00 00 00 00 00 00 00 00 00 00 00 00 00 00
  ................ 00 00 00 00 00 00 00 00 00 00 00 00 00 00 00 00
  ................ 00 00 00 00 00 00 00 00 00 00 00 00 00 00 00 00
  ................ 00 00 00 00 00 00 00 00 00 00 01 00 00 00 00 00
  0...             30 87 c4 0a
006279-006285 StringBlock "frame"
006286-006348 DataBlock
  ................ 00 00 00 00 00 00 f7 ff ff ff f5 ff ff ff 00 00
  ................ 00 00 00 00 00 00 00 00 00 01 00 00 00 00 00 00
  ...........@.... 00 00 00 00 00 00 00 00 00 00 00 40 9e c4 0a 00
  ...........@...  00 00 00 00 00 00 00 01 00 00 00 40 9e c4 0a
006349-006358 NewStateBlock "NewState"
006359-006362 XSizeBlock 200
006363-006366 YSizeBlock 200
006367-006395 DataBlock
  ................ 00 00 00 00 02 00 00 00 00 00 00 00 00 00 00 00
  .............    01 00 00 00 00 00 00 00 00 00 00 00 00
006396-006409 StringBlock "tw_troy_bold"
006410-006425 DataBlock
  ................ 0a 00 00 00 02 00 00 00 00 00 00 00 dd da fa ff
006426-006448 StringBlock "Default Font Category"
006449-006468 DataBlock
  ................ 00 00 00 00 00 00 00 00 00 00 00 00 00 00 00 00
  ....             00 00 00 00
006469-006479 T0Block "normal_t0"
006480-006495 DataBlock
  ................ 00 00 00 00 00 00 00 00 00 00 00 00 00 00 00 00
006496-006506 T0Block "normal_t0"
006507-006626 DataBlock
  ................ 00 00 00 00 00 00 00 00 00 00 00 00 00 00 00 00
  ................ 00 00 00 00 00 00 00 00 00 00 00 00 00 00 00 00
  ................ 00 00 00 00 00 00 00 00 00 00 00 00 00 00 00 00
  .............?.. 00 00 00 00 00 00 00 00 00 00 00 00 80 3f 00 00
  ................ 00 00 00 00 00 00 00 00 00 00 00 00 00 00 00 00
  ...?...?...?.... 00 00 80 3f 00 00 00 3f 00 00 00 3f 00 00 00 00
  .........?...... 00 00 00 00 00 00 00 00 80 3f 00 00 00 00 00 00
  .....|..         00 00 00 00 c0 7c a6 07
006627-006643 StringBlock "panel_parchment"
006644-006694 DataBlock
  ................ 00 00 00 00 00 00 0a 00 00 00 f6 00 00 00 00 00
  ................ 00 00 00 00 01 00 00 00 00 01 00 00 00 00 00 00
  ................ 00 00 00 00 00 00 00 00 00 00 00 00 00 00 00 02
  ...              00 00 00
006695-006754 ImageBlock id=306609088 xsize=256 ysize=256 path="ui\\skins\\default\\parchament_texture_05.png" unknown=2371616768
006755-006755 DataBlock
  K                4b
006756-006793 ImagePathBlock "ui\\skins\\default\\parchament_dark.png"
006794-006814 DataBlock
  ................ 1c 01 00 00 1c 01 00 00 00 00 00 00 00 01 00 00
  .p...            00 70 bd 06 0a
006815-006822 StringBlock "normal"
006823-006859 DataBlock
  X...l........... 58 01 00 00 6c 00 00 00 00 00 00 00 04 00 00 00
  ................ 00 00 00 00 00 00 00 00 01 00 00 00 00 00 00 00
  .....            00 00 00 00 00
006860-006877 StringBlock "profile_offc_pro"
006878-006893 DataBlock
  ................ 0c 00 00 00 02 00 00 00 00 00 00 00 99 b2 c7 ff
006894-006902 StringBlock "fe_text"
006903-006922 DataBlock
  ................ 00 00 00 00 00 00 00 00 00 00 00 00 00 00 00 00
  ....             01 00 00 00
006923-006933 T0Block "normal_t0"
006934-006949 DataBlock
  ................ 00 00 00 00 00 00 00 00 00 00 00 00 00 00 00 00
006950-006960 T0Block "normal_t0"
006961-006980 DataBlock
  ................ 00 00 00 00 00 00 00 00 00 00 00 00 00 00 00 00
  ....             02 00 00 00
006981-007004 ImageUseBlock id=306609088 xofs=8 yofs=9 xsize=328 ysize=90 brga=4294967295
007005-007047 DataBlock
  ................ 00 00 01 00 00 05 00 00 00 00 00 00 00 00 00 00
  ................ 00 01 01 00 00 00 00 00 00 00 00 00 00 00 00 00
  ..........?      00 00 00 00 00 00 00 00 00 80 3f
007048-007060 T0Block "brighten_t0"
007061-007159 DataBlock
  ...?............ 00 00 80 3f 00 00 00 00 00 00 00 00 00 00 00 00
  ................ 00 00 00 00 00 00 00 00 00 00 00 00 00 00 00 00
  .\.K........\... 00 5c 8d 4b fe ff ff ff ff ff ff ff 5c 01 00 00
  n............... 6e 00 00 00 ff ff ff ff 00 00 01 00 00 05 00 00
  ................ 00 00 00 00 00 00 00 00 00 01 01 00 00 00 00 00
  ................ 00 00 00 00 00 00 00 00 00 00 00 00 00 00 00 00
  ..?              00 80 3f
007160-007172 T0Block "brighten_t0"
007173-007238 DataBlock
  ...?............ 00 00 80 3f 00 00 00 00 00 00 00 00 00 00 00 00
  ..4B..4B..4B..4B 00 00 34 42 00 00 34 42 00 00 34 42 00 00 34 42
  ................ 00 00 00 00 00 00 00 00 00 00 00 00 00 00 00 00
  2.............`. 32 00 00 00 00 00 00 00 01 00 00 00 00 00 60 a0
  ..               c4 0a
007239-007251 StringBlock "tx_text_box"
007252-007314 DataBlock
  ................ 00 00 00 00 00 00 05 00 00 00 0e 00 00 00 01 01
  ................ 00 00 00 00 01 00 00 00 00 01 00 00 00 00 05 00
  ................ 00 00 00 00 00 00 00 00 00 00 00 c0 a3 c4 0a 00
  ...............  00 00 00 00 00 00 00 02 00 00 00 10 d6 c4 0a
007315-007329 StringBlock "lost_prologue"
007330-007337 DataBlock
  M...P...         4d 01 00 00 50 00 00 00
007338-007475 UnicodeBlock "You have lost, would you like to rematch or return to the main menu?"
007476-007494 DataBlock
  ................ 00 00 04 00 00 00 04 00 00 00 00 00 00 00 00 00
  ...              00 00 01
007495-007570 UnicodeBlock "tx_text_box_lost_prologue_Text_5a001d"
007571-007576 DataBlock
  ......           00 00 00 00 00 00
007577-007594 StringBlock "profile_offc_pro"
007595-007610 DataBlock
  .............2K. 0c 00 00 00 00 00 00 00 00 00 00 00 19 32 4b ff
007611-007626 StringBlock "parchment_text"
007627-007646 DataBlock
  ................ 0f 00 00 00 0f 00 00 00 00 00 00 00 00 00 00 00
  ....             01 00 00 00
007647-007657 T0Block "normal_t0"
007658-007673 DataBlock
  ................ 00 00 00 00 00 00 00 00 00 00 00 00 00 00 00 00
007674-007684 T0Block "normal_t0"
007685-007720 DataBlock
  ................ 00 00 00 00 00 00 00 00 00 00 00 00 00 00 00 00
  ................ 00 00 00 00 00 00 00 00 00 00 00 00 00 00 00 00
  ....             c0 a3 c4 0a
007721-007728 StringBlock "normal"
007729-007736 DataBlock
  M...P...         4d 01 00 00 50 00 00 00
007737-007752 UnicodeBlock "dy_text"
007753-007771 DataBlock
  ................ 00 00 04 00 00 00 04 00 00 00 00 00 00 00 00 00
  ...              00 00 00
007772-007831 UnicodeBlock "tx_text_box_normal_Text_50000"
007832-007837 DataBlock
  ......           00 00 00 00 00 00
007838-007855 StringBlock "profile_offc_pro"
007856-007871 DataBlock
  .............2K. 0c 00 00 00 00 00 00 00 00 00 00 00 19 32 4b ff
007872-007887 StringBlock "parchment_text"
007888-007907 DataBlock
  ................ 0f 00 00 00 0f 00 00 00 00 00 00 00 00 00 00 00
  ....             01 00 00 00
007908-007918 T0Block "normal_t0"
007919-007934 DataBlock
  ................ 00 00 00 00 00 00 00 00 00 00 00 00 00 00 00 00
007935-007945 T0Block "normal_t0"
007946-008043 DataBlock
  ................ 00 00 00 00 00 00 00 00 00 00 00 00 00 00 00 00
  ................ 00 00 00 00 00 00 00 00 00 00 00 00 00 00 00 00
  ....#........... 00 00 00 00 23 00 00 00 00 00 00 00 00 00 00 00
  .............?.. 00 00 00 00 00 00 00 00 00 00 00 00 80 3f 00 00
  .?...?.......... 00 3f 00 00 00 3f 00 00 00 00 00 00 00 00 00 00
  ...?...........z 00 00 80 3f 00 00 00 00 00 00 00 00 00 00 80 7a
  W5               57 35
008044-008058 StringBlock "button_parent"
008059-008109 DataBlock
  ..........d..... 00 00 00 00 00 00 0a 00 00 00 64 01 00 00 00 01
  ................ 00 00 00 00 01 00 00 00 00 01 00 00 00 00 00 00
  .............W5. 00 00 00 00 00 00 00 00 00 00 00 00 8a 57 35 05
  ...              00 00 00
008110-008169 ImageBlock id=877687232 xsize=256 ysize=256 path="ui\\skins\\default\\troy_crack_texture_19.png" unknown=869564416
008170-008170 DataBlock
  <                3c
008171-008212 ImagePathBlock "ui\\skins\\default\\transperent_frame_1.png"
008213-008217 DataBlock
  .....            00 01 00 00 00
008218-008281 ImageListBlock 1 elements:
  008222-008281 ImageBlock id=923831488 xsize=256 ysize=256 path="ui\\skins\\default\\troy_crack_texture_10.png" unknown=3149430784
008282-008338 DataBlock
  D-.ui\skins\defa 44 2d 00 75 69 5c 73 6b 69 6e 73 5c 64 65 66 61
  ult\dark_gradien 75 6c 74 5c 64 61 72 6b 5f 67 72 61 64 69 65 6e
  t_horizontal.png 74 5f 68 6f 72 69 7a 6f 6e 74 61 6c 2e 70 6e 67
  .........        00 02 00 00 00 02 00 00 00
008339-008392 ImageBlock id=1289742720 xsize=248 ysize=22 path="ui\\skins\\default\\wave_ornament_2.png" unknown=0
008393-008401 DataBlock
  .......W5        00 01 00 00 00 00 8a 57 35
008402-008411 NewStateBlock "NewState"
008412-008415 XSizeBlock 344
008416-008419 YSizeBlock 220
008420-008448 DataBlock
  ................ 00 00 00 00 04 00 00 00 04 00 00 00 00 00 00 00
  .............    00 00 00 00 00 00 00 00 00 00 00 00 00
008449-008466 StringBlock "profile_offc_pro"
008467-008482 DataBlock
  ................ 0c 00 00 00 00 00 00 00 00 00 00 00 a0 ad b4 ff
008483-008495 StringBlock "ingame_text"
008496-008515 DataBlock
  ................ 14 00 00 00 14 00 00 00 04 00 00 00 04 00 00 00
  ....             00 00 00 00
008516-008526 T0Block "normal_t0"
008527-008542 DataBlock
  ................ 00 00 00 00 00 00 00 00 00 00 00 00 00 00 00 00
008543-008553 T0Block "normal_t0"
008554-008573 DataBlock
  ................ 00 00 00 00 00 00 00 00 00 00 00 00 00 00 00 00
  ....             05 00 00 00
008574-008597 ImageUseBlock id=877687232 xofs=0 yofs=0 xsize=344 ysize=220 brga=4294967295
008598-008674 DataBlock
  ................ 00 00 01 00 00 05 00 00 00 00 00 00 00 00 00 00
  ................ 00 01 01 00 00 00 00 00 00 00 00 00 00 00 00 00
  ..........?..... 00 00 00 00 00 00 00 00 00 80 3f 00 00 00 00 00
  ................ 00 00 00 00 00 00 00 00 00 00 00 00 00 00 00 00
  .............    00 00 00 00 00 00 00 00 00 00 00 00 00
008675-008698 ImageUseBlock id=923831488 xofs=0 yofs=0 xsize=344 ysize=54 brga=16777215
008699-008842 DataBlock
  ................ 00 00 01 00 00 00 00 00 00 00 00 00 00 00 00 00
  ................ 00 01 00 00 00 00 00 00 00 00 00 00 00 00 00 00
  ..........?..... 00 00 00 00 00 00 00 00 00 80 3f 00 00 00 00 00
  ................ 00 00 00 00 00 00 00 00 00 00 00 00 00 00 00 00
  ................ 00 00 00 00 00 00 00 00 00 00 00 00 00 80 b8 bb
  D........X...6.. 44 00 00 00 00 00 00 00 00 58 01 00 00 36 00 00
  ................ 00 ff ff ff 00 00 00 00 00 00 00 00 00 00 00 00
  ................ 00 00 00 00 00 00 01 00 00 00 00 00 00 00 00 00
  ...............? 00 00 00 00 00 00 00 00 00 00 00 00 00 00 80 3f
008843-008852 StringBlock "multiply"
008853-008985 DataBlock
  ................ 00 00 00 00 00 00 00 00 00 00 00 00 00 00 00 00
  ................ 00 00 00 00 00 00 00 00 00 00 00 00 00 00 00 00
  ..3<........X... 80 d4 33 3c 00 00 00 00 00 00 00 00 58 01 00 00
  ................ dc 00 00 00 ff ff ff ff 00 00 01 00 00 05 00 00
  ................ 00 00 00 00 00 00 00 00 00 01 01 00 00 00 00 00
  ................ 00 00 00 00 00 00 00 00 00 00 00 00 00 00 00 00
  ..?............. 00 80 3f 00 00 00 00 00 00 00 00 00 00 00 00 00
  ........A...A... 00 00 00 00 00 00 00 80 41 00 00 80 41 00 00 80
  A...A            41 00 00 80 41
008986-009009 ImageUseBlock id=1289742720 xofs=8 yofs=194 xsize=327 ysize=22 brga=4294967295
009010-009114 DataBlock
  ................ 00 00 01 00 00 08 00 00 00 00 00 00 00 fc ff ff
  ................ ff 01 00 00 00 00 00 00 00 00 00 00 00 00 00 00
  ..........?..... 00 00 00 00 00 00 00 00 00 80 3f 00 00 00 00 00
  ................ 00 00 00 00 00 00 00 00 00 00 00 00 00 00 00 00
  ................ 00 00 00 00 00 00 00 00 00 00 00 00 00 00 00 00
  ................ 00 00 00 00 00 00 00 00 00 00 00 00 00 00 00 00
  .........        00 00 00 00 00 05 00 00 00
009115-009138 StringBlock "square_ornament_button"
009139-009146 DataBlock
  ..,V....         80 1f 2c 56 02 00 00 00
009147-009159 StringBlock "dy_province"
009160-009172 StringBlock "dy_province"
009173-009219 DataBlock
  ................ 00 00 00 00 00 00 00 00 00 00 00 00 00 00 00 00
  ...C...B........ 00 00 a2 43 00 00 00 42 05 00 00 00 00 00 00 00
  ...............  01 02 00 00 00 00 00 00 00 00 00 00 00 00 00
009220-009228 StringBlock "default"
009229-009302 UnicodeBlock "heading_txt_load_replay_Text_48007dg"
009303-009326 UnicodeBlock "Load Replay"
009327-009340 DataBlock
  ..............   00 00 00 00 00 00 00 00 00 00 00 00 00 00
009341-009360 StringBlock "button_load_replay"
009361-009366 DataBlock
  ......           00 00 01 00 00 00
009367-009378 StringBlock "TextButton"
009379-009386 DataBlock
  ........         00 00 00 00 00 00 00 00
009387-009431 StringBlock "UI_GBL_TMP_Square_Medium_Text_Button_Toggle"
009432-009470 DataBlock
  ...........C...B 00 00 00 00 00 00 00 00 00 00 a2 43 00 00 00 42
  ................ 00 00 00 00 00 00 00 00 01 06 00 00 00 00 00 00
  .......          00 00 00 00 00 00 00
009471-009478 StringBlock "active"
009479-009486 DataBlock
  ........         00 00 00 00 00 00 00 00
009487-009492 StringBlock "down"
009493-009500 DataBlock
  ........         00 00 00 00 00 00 00 00
009501-009510 StringBlock "down_off"
009511-009518 DataBlock
  ........         00 00 00 00 00 00 00 00
009519-009525 StringBlock "hover"
009526-009533 DataBlock
  ........         00 00 00 00 00 00 00 00
009534-009543 StringBlock "inactive"
009544-009555 DataBlock
  ............     00 00 00 00 00 00 00 00 00 00 00 00
009556-009880 ImagePathListBlock 6 elements:
  009560-009612 ImagePathBlock "ui\\skins\\default\\button_square_ornament_pressed.png"
  009613-009664 ImagePathBlock "ui\\skins\\default\\button_square_ornament_active.png"
  009665-009715 ImagePathBlock "ui\\skins\\default\\button_square_ornament_hover.png"
  009716-009769 ImagePathBlock "ui\\skins\\default\\button_square_ornament_inactive.png"
  009770-009823 ImagePathBlock "ui\\skins\\default\\button_square_ornament_underlay.png"
  009824-009880 ImagePathBlock "ui\\skins\\default\\button_square_ornament_pressed_off.png"
009881-009916 DataBlock
  ......square_orn 00 00 00 00 16 00 73 71 75 61 72 65 5f 6f 72 6e
  ament_button..EL 61 6d 65 6e 74 5f 62 75 74 74 6f 6e 80 e5 45 4c
  ....             02 00 00 00
009917-009929 StringBlock "dy_province"
009930-009942 StringBlock "dy_province"
009943-009989 DataBlock
  ................ 00 00 00 00 00 00 00 00 00 00 00 00 00 00 00 00
  ...C...B........ 00 00 a2 43 00 00 00 42 05 00 00 00 00 00 00 00
  ...............  01 02 00 00 00 00 00 00 00 00 00 00 00 00 00
009990-009998 StringBlock "default"
009999-010062 UnicodeBlock "button_txt_NewState_Text_470075"
010063-010086 UnicodeBlock "Save Replay"
010087-010100 DataBlock
  ..............   00 00 00 00 00 00 00 00 00 00 00 00 00 00
010101-010120 StringBlock "button_save_replay"
010121-010126 DataBlock
  ......           00 00 01 00 00 00
010127-010138 StringBlock "TextButton"
010139-010146 DataBlock
  ........         00 00 00 00 00 00 00 00
010147-010191 StringBlock "UI_GBL_TMP_Square_Medium_Text_Button_Toggle"
010192-010230 DataBlock
  ...........C...B 00 00 00 00 00 00 00 00 00 00 a2 43 00 00 00 42
  ................ 00 00 00 00 00 00 00 00 01 06 00 00 00 00 00 00
  .......          00 00 00 00 00 00 00
010231-010238 StringBlock "active"
010239-010246 DataBlock
  ........         00 00 00 00 00 00 00 00
010247-010252 StringBlock "down"
010253-010260 DataBlock
  ........         00 00 00 00 00 00 00 00
010261-010270 StringBlock "down_off"
010271-010278 DataBlock
  ........         00 00 00 00 00 00 00 00
010279-010285 StringBlock "hover"
010286-010293 DataBlock
  ........         00 00 00 00 00 00 00 00
010294-010303 StringBlock "inactive"
010304-010315 DataBlock
  ............     00 00 00 00 00 00 00 00 00 00 00 00
010316-010640 ImagePathListBlock 6 elements:
  010320-010372 ImagePathBlock "ui\\skins\\default\\button_square_ornament_pressed.png"
  010373-010424 ImagePathBlock "ui\\skins\\default\\button_square_ornament_active.png"
  010425-010475 ImagePathBlock "ui\\skins\\default\\button_square_ornament_hover.png"
  010476-010529 ImagePathBlock "ui\\skins\\default\\button_square_ornament_inactive.png"
  010530-010583 ImagePathBlock "ui\\skins\\default\\button_square_ornament_underlay.png"
  010584-010640 ImagePathBlock "ui\\skins\\default\\button_square_ornament_pressed_off.png"
010641-010676 DataBlock
  ......square_orn 00 00 00 00 16 00 73 71 75 61 72 65 5f 6f 72 6e
  ament_button..EL 61 6d 65 6e 74 5f 62 75 74 74 6f 6e 00 d6 45 4c
  ....             02 00 00 00
010677-010689 StringBlock "dy_province"
010690-010702 StringBlock "dy_province"
010703-010749 DataBlock
  ................ 00 00 00 00 00 00 00 00 00 00 00 00 00 00 00 00
  ...C...B........ 00 00 a2 43 00 00 00 42 05 00 00 00 00 00 00 00
  ...............  01 02 00 00 00 00 00 00 00 00 00 00 00 00 00
010750-010758 StringBlock "default"
010759-010822 UnicodeBlock "button_txt_NewState_Text_670023"
010823-010838 UnicodeBlock "Rematch"
010839-010852 DataBlock
  ..............   00 00 00 00 00 00 00 00 00 00 00 00 00 00
010853-010868 StringBlock "button_rematch"
010869-010874 DataBlock
  ......           00 00 01 00 00 00
010875-010886 StringBlock "TextButton"
010887-010894 DataBlock
  ........         00 00 00 00 00 00 00 00
010895-010939 StringBlock "UI_GBL_TMP_Square_Medium_Text_Button_Toggle"
010940-010978 DataBlock
  ...........C...B 00 00 00 00 00 00 00 00 00 00 a2 43 00 00 00 42
  ................ 00 00 00 00 00 00 00 00 01 06 00 00 00 00 00 00
  .......          00 00 00 00 00 00 00
010979-010986 StringBlock "active"
010987-010994 DataBlock
  ........         00 00 00 00 00 00 00 00
010995-011000 StringBlock "down"
011001-011008 DataBlock
  ........         00 00 00 00 00 00 00 00
011009-011018 StringBlock "down_off"
011019-011026 DataBlock
  ........         00 00 00 00 00 00 00 00
011027-011033 StringBlock "hover"
011034-011041 DataBlock
  ........         00 00 00 00 00 00 00 00
011042-011051 StringBlock "inactive"
011052-011063 DataBlock
  ............     00 00 00 00 00 00 00 00 00 00 00 00
011064-011388 ImagePathListBlock 6 elements:
  011068-011120 ImagePathBlock "ui\\skins\\default\\button_square_ornament_pressed.png"
  011121-011172 ImagePathBlock "ui\\skins\\default\\button_square_ornament_active.png"
  011173-011223 ImagePathBlock "ui\\skins\\default\\button_square_ornament_hover.png"
  011224-011277 ImagePathBlock "ui\\skins\\default\\button_square_ornament_inactive.png"
  011278-011331 ImagePathBlock "ui\\skins\\default\\button_square_ornament_underlay.png"
  011332-011388 ImagePathBlock "ui\\skins\\default\\button_square_ornament_pressed_off.png"
011389-011474 DataBlock
  ........RL..empt 00 00 00 00 00 00 80 d7 52 4c 0b 00 65 6d 70 74
  y_space......... 79 5f 73 70 61 63 65 00 00 00 00 00 00 0a 00 00
  .v.............. 00 76 00 00 00 01 01 00 00 00 00 01 00 00 00 00
  ................ 01 00 00 00 00 00 00 00 00 00 00 00 00 00 00 00
  ................ 00 00 80 f1 8f 1d 00 00 00 00 00 00 00 00 01 00
  ......           00 00 80 f1 8f 1d
011475-011484 NewStateBlock "NewState"
011485-011488 XSizeBlock 324
011489-011492 YSizeBlock 32
011493-011521 DataBlock
  ................ 00 00 00 00 02 00 00 00 00 00 00 00 00 00 00 00
  .............    02 00 00 00 00 00 00 00 00 00 00 00 00
011522-011535 StringBlock "tw_troy_bold"
011536-011551 DataBlock
  ................ 0a 00 00 00 02 00 00 00 00 00 00 00 dd da fa ff
011552-011574 StringBlock "Default Font Category"
011575-011594 DataBlock
  ................ 00 00 00 00 00 00 00 00 00 00 00 00 00 00 00 00
  ....             00 00 00 00
011595-011605 T0Block "normal_t0"
011606-011621 DataBlock
  ................ 00 00 00 00 00 00 00 00 00 00 00 00 00 00 00 00
011622-011632 T0Block "normal_t0"
011633-011702 DataBlock
  ................ 00 00 00 00 00 00 00 00 00 00 00 00 00 00 00 00
  ................ 00 00 00 00 00 00 00 00 00 00 00 00 00 00 00 00
  ................ 00 00 00 00 00 00 00 00 00 00 00 00 00 00 00 00
  .............?.. 00 00 00 00 00 00 00 00 00 00 00 00 80 3f 00 00
  ......           00 00 00 00 00 00
011703-011726 StringBlock "square_ornament_button"
011727-011734 DataBlock
  ..RL....         81 d7 52 4c 02 00 00 00
011735-011747 StringBlock "dy_province"
011748-011760 StringBlock "dy_province"
011761-011807 DataBlock
  ................ 00 00 00 00 00 00 00 00 00 00 00 00 00 00 00 00
  ...C...B........ 00 00 a2 43 00 00 00 42 05 00 00 00 00 00 00 00
  ...............  01 02 00 00 00 00 00 00 00 00 00 00 00 00 00
011808-011816 StringBlock "default"
011817-011880 UnicodeBlock "button_txt_NewState_Text_3e007b"
011881-011902 UnicodeBlock "End Battle"
011903-011916 DataBlock
  ..............   00 00 00 00 00 00 00 00 00 00 00 00 00 00
011917-011940 StringBlock "button_dismiss_results"
011941-011946 DataBlock
  ......           00 00 01 00 00 00
011947-011958 StringBlock "TextButton"
011959-011966 DataBlock
  ........         00 00 00 00 00 00 00 00
011967-012011 StringBlock "UI_GBL_TMP_Square_Medium_Text_Button_Toggle"
012012-012050 DataBlock
  ...........C...B 00 00 00 00 00 00 00 00 00 00 a2 43 00 00 00 42
  ................ 00 00 00 00 00 00 00 00 01 06 00 00 00 00 00 00
  .......          00 00 00 00 00 00 00
012051-012058 StringBlock "active"
012059-012066 DataBlock
  ........         00 00 00 00 00 00 00 00
012067-012072 StringBlock "down"
012073-012080 DataBlock
  ........         00 00 00 00 00 00 00 00
012081-012090 StringBlock "down_off"
012091-012098 DataBlock
  ........         00 00 00 00 00 00 00 00
012099-012105 StringBlock "hover"
012106-012113 DataBlock
  ........         00 00 00 00 00 00 00 00
012114-012123 StringBlock "inactive"
012124-012135 DataBlock
  ............     00 00 00 00 00 00 00 00 00 00 00 00
012136-012460 ImagePathListBlock 6 elements:
  012140-012192 ImagePathBlock "ui\\skins\\default\\button_square_ornament_pressed.png"
  012193-012244 ImagePathBlock "ui\\skins\\default\\button_square_ornament_active.png"
  012245-012295 ImagePathBlock "ui\\skins\\default\\button_square_ornament_hover.png"
  012296-012349 ImagePathBlock "ui\\skins\\default\\button_square_ornament_inactive.png"
  012350-012403 ImagePathBlock "ui\\skins\\default\\button_square_ornament_underlay.png"
  012404-012460 ImagePathBlock "ui\\skins\\default\\button_square_ornament_pressed_off.png"
012461-012551 DataBlock
  .......List..... 00 00 00 00 01 04 00 4c 69 73 74 01 00 00 00 00
  ..C............. 00 8e 43 00 00 00 00 04 00 00 00 00 01 00 00 00
  ......"......... 01 00 0a 00 00 00 22 00 00 00 0a 00 00 00 0a 00
  ................ 00 00 00 00 00 00 00 00 00 00 00 00 00 00 00 00
  ................ 00 00 00 00 00 00 00 00 00 00 00 00 00 01 00 00
  .?.........      80 3f 00 00 00 00 00 00 00 00 01
012552-012557 StringBlock "List"
012558-012658 DataBlock
  .......C........ 01 00 00 00 00 00 9b 43 00 00 00 00 02 00 00 00
  ................ 00 01 00 00 00 01 00 0a 00 00 00 0a 00 00 00 0a
  ................ 00 00 00 0a 00 00 00 00 00 00 00 00 00 00 00 00
  ................ 00 00 00 00 00 00 00 00 00 00 00 00 00 00 00 00
  ......?...?...?. 00 00 00 00 00 80 3f 00 00 00 3f 00 00 00 3f 00
  ............?... 00 00 00 00 00 00 00 00 00 00 00 80 3f 00 00 00
  .....            00 00 00 00 00
