000000-000009 VersionBlock 121
000010-000013 RootIDBlock 910273728
000014-000019 StringBlock "root"
000020-000021 StringBlock ""
000022-000025 XOffsetBlock 0
000026-000029 YOffsetBlock 0
000030-000093 DataBlock
  ................ 00 00 00 00 01 01 00 00 00 00 01 00 00 00 00 01
  ................ 00 00 00 00 00 00 00 00 00 00 00 00 00 00 00 00
  ....(.....n.K..@ 00 c0 be 8b 28 01 00 00 00 80 6e 1b 4b 00 00 40
  ................ 06 00 00 84 03 00 00 00 00 00 00 00 01 00 00 00
000094-000097 StateIDBlock 680246976
000098-000107 StateNameBlock "NewState"
000108-000111 XSizeBlock 1600
000112-000115 YSizeBlock 900
000116-000144 DataBlock
  ................ 00 00 00 00 02 00 00 00 00 00 00 00 00 00 00 00
  .............    02 00 00 00 00 00 00 00 00 00 00 00 00
000145-000158 StringBlock "tw_troy_bold"
000159-000174 DataBlock
  ................ 0a 00 00 00 02 00 00 00 00 00 00 00 dd da fa ff
000175-000197 StringBlock "Default Font Category"
000198-000217 DataBlock
  ................ 00 00 00 00 00 00 00 00 00 00 00 00 00 00 00 00
  ....             01 00 00 00
000218-000228 ShaderNameBlock "normal_t0"
000229-000232 ShaderVariableBlock 0.0 (0)
000233-000236 ShaderVariableBlock 0.0 (0)
000237-000240 ShaderVariableBlock 0.0 (0)
000241-000244 ShaderVariableBlock 0.0 (0)
000245-000255 ShaderNameBlock "normal_t0"
000256-000259 ShaderVariableBlock 0.0 (0)
000260-000263 ShaderVariableBlock 0.0 (0)
000264-000267 ShaderVariableBlock 0.0 (0)
000268-000271 ShaderVariableBlock 0.0 (0)
000272-000410 DataBlock
  .....n.K........ 01 00 00 00 80 6e 1b 4b 00 00 00 00 00 00 00 00
  @............... 40 06 00 00 84 03 00 00 f0 f0 f0 ff 00 00 00 00
  ................ 00 00 00 00 00 00 00 00 00 00 00 00 00 01 01 00
  ................ 00 00 00 00 00 00 00 00 00 00 00 00 00 00 00 00
  ......?......... 00 00 00 00 00 80 3f 00 00 00 00 00 00 00 00 00
  ................ 00 00 00 00 00 00 00 00 00 00 00 00 00 00 00 00
  ................ 00 00 00 00 00 00 00 00 00 00 00 00 00 00 00 00
  ................ 00 00 00 00 00 00 00 00 00 00 00 00 00 00 00 00
  ........<.K      00 01 00 00 00 00 00 00 3c c3 4b
000411-000432 StringBlock "unit_upgrade_tooltip"
000433-000491 DataBlock
  ................ 00 00 00 00 00 00 00 00 00 00 00 00 00 00 01 01
  ................ 00 00 00 00 01 00 00 00 00 01 00 00 00 00 01 00
  ............p.L. 00 00 00 00 00 00 00 00 00 00 00 00 70 9c 4c 00
  ...........      00 00 00 00 00 00 00 01 00 00 00
000492-000495 StateIDBlock 1285320704
000496-000505 StateNameBlock "NewState"
000506-000509 XSizeBlock 256
000510-000513 YSizeBlock 741
000514-000542 DataBlock
  ................ 00 00 00 00 02 00 00 00 00 00 00 00 00 00 00 00
  .............    02 00 00 00 00 00 00 00 00 00 00 00 00
000543-000556 StringBlock "tw_troy_bold"
000557-000572 DataBlock
  ................ 0a 00 00 00 02 00 00 00 00 00 00 00 dd da fa ff
000573-000595 StringBlock "Default Font Category"
000596-000615 DataBlock
  ................ 00 00 00 00 00 00 00 00 00 00 00 00 00 00 00 00
  ....             01 00 00 00
000616-000626 ShaderNameBlock "normal_t0"
000627-000630 ShaderVariableBlock 0.0 (0)
000631-000634 ShaderVariableBlock 0.0 (0)
000635-000638 ShaderVariableBlock 0.0 (0)
000639-000642 ShaderVariableBlock 0.0 (0)
000643-000653 ShaderNameBlock "normal_t0"
000654-000657 ShaderVariableBlock 0.0 (0)
000658-000661 ShaderVariableBlock 0.0 (0)
000662-000665 ShaderVariableBlock 0.0 (0)
000666-000669 ShaderVariableBlock 0.0 (0)
000670-000707 DataBlock
  ................ 00 00 00 00 00 00 00 00 00 00 00 00 00 00 00 00
  ................ 00 00 00 00 2e 00 00 00 00 00 00 00 02 00 00 00
  ...L.K           00 00 00 4c 9b 4b
000708-000733 StringBlock "unit_information_creator"
000734-000739 DataBlock
  ......           00 00 01 00 00 00
000740-000757 StringBlock "ComponentCreator"
000758-000818 DataBlock
  ................ 00 00 00 00 00 00 00 00 00 00 00 00 00 00 00 00
  ................ 00 00 00 00 00 00 01 00 00 00 00 01 00 00 00 00
  .............`.. 00 00 00 00 00 00 00 00 00 00 00 00 00 60 e9 f7
  .............    10 00 00 00 00 00 00 00 00 01 00 00 00
000819-000822 StateIDBlock 284682592
000823-000832 StateNameBlock "NewState"
000833-000836 XSizeBlock 256
000837-000840 YSizeBlock 585
000841-000869 DataBlock
  ................ 00 00 00 00 02 00 00 00 00 00 00 00 00 00 00 00
  .............    02 00 00 00 00 00 00 00 00 00 00 00 00
000870-000883 StringBlock "tw_troy_bold"
000884-000899 DataBlock
  ................ 0a 00 00 00 02 00 00 00 00 00 00 00 dd da fa ff
000900-000922 StringBlock "Default Font Category"
000923-000942 DataBlock
  ................ 00 00 00 00 00 00 00 00 00 00 00 00 00 00 00 00
  ....             00 00 00 00
000943-000953 ShaderNameBlock "normal_t0"
000954-000957 ShaderVariableBlock 0.0 (0)
000958-000961 ShaderVariableBlock 0.0 (0)
000962-000965 ShaderVariableBlock 0.0 (0)
000966-000969 ShaderVariableBlock 0.0 (0)
000970-000980 ShaderNameBlock "normal_t0"
000981-000984 ShaderVariableBlock 0.0 (0)
000985-000988 ShaderVariableBlock 0.0 (0)
000989-000992 ShaderVariableBlock 0.0 (0)
000993-000996 ShaderVariableBlock 0.0 (0)
000997-001016 DataBlock
  ................ 00 00 00 00 00 00 00 00 00 00 00 00 00 00 00 00
  ....             01 00 00 00
001017-001024 StringBlock "layout"
001025-001060 StringBlock "data/ui/common ui/unit_information"
001061-001100 DataBlock
  ................ 01 00 00 00 00 00 00 00 00 00 00 00 00 00 00 00
  .........?...... 00 00 00 00 00 00 00 00 80 3f 00 00 00 00 00 00
  ....@;.$         00 00 00 00 40 3b ce 24
001101-001123 StringBlock "parchament_bachground"
001124-001186 DataBlock
  ..........I..... 00 00 00 00 00 00 00 00 00 00 49 02 00 00 01 01
  ................ 00 00 00 00 01 01 01 00 00 01 00 00 00 00 00 00
  ............Ga.. 00 00 00 00 00 00 00 00 00 00 00 00 47 61 1d 00
  ...........\y`"  00 00 00 00 00 00 00 02 00 00 00 5c 79 60 22
001187-001194 StringBlock "battle"
001195-001231 DataBlock
  ................ 00 01 00 00 9c 00 00 00 00 00 00 00 02 00 00 00
  ................ 00 00 00 00 00 00 00 00 02 00 00 00 00 00 00 00
  .....            00 00 00 00 00
001232-001245 StringBlock "tw_troy_bold"
001246-001261 DataBlock
  ................ 0a 00 00 00 02 00 00 00 00 00 00 00 dd da fa ff
001262-001284 StringBlock "Default Font Category"
001285-001304 DataBlock
  ................ 00 00 00 00 00 00 00 00 00 00 00 00 00 00 00 00
  ....             01 00 00 00
001305-001317 ShaderNameBlock "brighten_t0"
001318-001321 ShaderVariableBlock 0.30000001192092896 (1050253722)
001322-001325 ShaderVariableBlock 0.0 (0)
001326-001329 ShaderVariableBlock 0.0 (0)
001330-001333 ShaderVariableBlock 0.0 (0)
001334-001344 ShaderNameBlock "normal_t0"
001345-001348 ShaderVariableBlock 0.0 (0)
001349-001352 ShaderVariableBlock 0.0 (0)
001353-001356 ShaderVariableBlock 0.0 (0)
001357-001360 ShaderVariableBlock 0.0 (0)
001361-001380 DataBlock
  ................ 00 00 00 00 00 00 00 00 00 00 00 00 00 00 00 00
  .Ga.             00 47 61 1d
001381-001390 StringBlock "campaign"
001391-001427 DataBlock
  ................ 00 01 00 00 9c 00 00 00 00 00 00 00 02 00 00 00
  ................ 00 00 00 00 00 00 00 00 02 00 00 00 00 00 00 00
  .....            00 00 00 00 00
001428-001441 StringBlock "tw_troy_bold"
001442-001457 DataBlock
  ................ 0a 00 00 00 02 00 00 00 00 00 00 00 dd da fa ff
001458-001480 StringBlock "Default Font Category"
001481-001500 DataBlock
  ................ 00 00 00 00 00 00 00 00 00 00 00 00 00 00 00 00
  ....             01 00 00 00
001501-001513 ShaderNameBlock "brighten_t0"
001514-001517 ShaderVariableBlock 0.30000001192092896 (1050253722)
001518-001521 ShaderVariableBlock 0.0 (0)
001522-001525 ShaderVariableBlock 0.0 (0)
001526-001529 ShaderVariableBlock 0.0 (0)
001530-001540 ShaderNameBlock "normal_t0"
001541-001544 ShaderVariableBlock 0.0 (0)
001545-001548 ShaderVariableBlock 0.0 (0)
001549-001552 ShaderVariableBlock 0.0 (0)
001553-001556 ShaderVariableBlock 0.0 (0)
001557-001594 DataBlock
  ................ 00 00 00 00 00 00 00 00 00 00 00 00 00 00 00 00
  ....-........... 00 00 00 00 2d 00 00 00 00 00 00 00 01 00 00 00
  ....@8           00 00 c4 80 40 38
001595-001613 StringBlock "panel_clip_border"
001614-001664 DataBlock
  ................ 00 00 00 00 00 00 00 00 00 00 00 00 00 00 01 01
  ................ 00 00 00 00 01 00 00 00 00 01 00 00 00 00 00 00
  ............m.&. 00 00 00 00 00 00 00 00 00 00 00 ec 6d f5 26 02
  ...              00 00 00
001665-001716 ImageBlockGen2 id=231490028 xsize=284 ysize=284 path="ui\\skins\\default\\parchament_medium"
001717-001717 DataBlock
  .                00
001718-001772 ImageBlockGen2 id=207042924 xsize=256 ysize=256 path="ui\\skins\\default\\parchment_texture_01"
001773-001781 DataBlock
  .........        00 00 00 00 00 01 00 00 00
001782-001785 StateIDBlock 653618668
001786-001795 StateNameBlock "NewState"
001796-001799 XSizeBlock 256
001800-001803 YSizeBlock 156
001804-001832 DataBlock
  ................ 00 00 00 00 02 00 00 00 00 00 00 00 00 00 00 00
  .............    02 00 00 00 00 00 00 00 00 00 00 00 00
001833-001846 StringBlock "tw_troy_bold"
001847-001862 DataBlock
  ................ 0a 00 00 00 02 00 00 00 00 00 00 00 dd da fa ff
001863-001885 StringBlock "Default Font Category"
001886-001905 DataBlock
  ................ 00 00 00 00 00 00 00 00 00 00 00 00 00 00 00 00
  ....             01 00 00 00
001906-001918 ShaderNameBlock "brighten_t0"
001919-001922 ShaderVariableBlock 0.30000001192092896 (1050253722)
001923-001926 ShaderVariableBlock 0.0 (0)
001927-001930 ShaderVariableBlock 0.0 (0)
001931-001934 ShaderVariableBlock 0.0 (0)
001935-001945 ShaderNameBlock "normal_t0"
001946-001949 ShaderVariableBlock 0.0 (0)
001950-001953 ShaderVariableBlock 0.0 (0)
001954-001957 ShaderVariableBlock 0.0 (0)
001958-001961 ShaderVariableBlock 0.0 (0)
001962-001965 DataBlock
  ....             02 00 00 00
001966-001989 ImageUseBlock id=207042924 xofs=7 yofs=8 xsize=242 ysize=139 bgra=bgra(255,255,255,255)
001990-002066 DataBlock
  ................ 00 00 00 00 00 05 00 00 00 00 00 00 00 00 00 00
  ................ 00 01 01 00 00 00 00 00 00 00 00 00 00 00 00 00
  ..........?..... 00 00 00 00 00 00 00 00 00 80 3f 00 00 00 00 00
  ................ 00 00 00 00 00 00 00 00 00 00 00 00 00 00 00 90
  A...A...A...A    41 00 00 90 41 00 00 90 41 00 00 90 41
002067-002090 ImageUseBlock id=231490028 xofs=0 yofs=0 xsize=256 ysize=155 bgra=bgra(255,255,255,255)
002091-002201 DataBlock
  ................ 00 00 01 00 00 02 00 00 00 00 00 00 00 00 00 00
  ................ 00 01 01 00 00 00 00 00 00 00 00 00 00 00 00 00
  ..........?..... 00 00 00 00 00 00 00 00 00 80 3f 00 00 00 00 00
  ................ 00 00 00 00 00 00 00 00 00 00 00 00 00 00 00 90
  A...A...A...A... 41 00 00 90 41 00 00 90 41 00 00 90 41 00 00 00
  .............-.. 00 00 00 00 00 00 00 00 00 00 00 00 00 2d 00 00
  ............y.N  00 00 00 00 00 03 00 00 00 00 00 00 79 b0 4e
002202-002215 StringBlock "building_req"
002216-002274 DataBlock
  ................ 00 00 00 00 00 00 00 00 00 00 00 00 00 00 01 01
  ................ 00 00 00 00 01 00 00 00 00 01 00 00 00 00 00 00
  .............2L. 00 00 00 00 00 00 00 00 00 00 00 80 c3 32 4c 00
  ...........      00 00 00 00 00 00 00 01 00 00 00
002275-002278 StateIDBlock 1278395264
002279-002288 StateNameBlock "NewState"
002289-002292 XSizeBlock 254
002293-002296 YSizeBlock 53
002297-002325 DataBlock
  ................ 00 00 00 00 02 00 00 00 00 00 00 00 00 00 00 00
  .............    02 00 00 00 00 00 00 00 00 00 00 00 00
002326-002339 StringBlock "tw_troy_bold"
002340-002355 DataBlock
  ................ 0a 00 00 00 02 00 00 00 00 00 00 00 dd da fa ff
002356-002378 StringBlock "Default Font Category"
002379-002398 DataBlock
  ................ 00 00 00 00 00 00 00 00 00 00 00 00 00 00 00 00
  ....             01 00 00 00
002399-002409 ShaderNameBlock "normal_t0"
002410-002413 ShaderVariableBlock 0.0 (0)
002414-002417 ShaderVariableBlock 0.0 (0)
002418-002421 ShaderVariableBlock 0.0 (0)
002422-002425 ShaderVariableBlock 0.0 (0)
002426-002436 ShaderNameBlock "normal_t0"
002437-002440 ShaderVariableBlock 0.0 (0)
002441-002444 ShaderVariableBlock 0.0 (0)
002445-002448 ShaderVariableBlock 0.0 (0)
002449-002452 ShaderVariableBlock 0.0 (0)
002453-002490 DataBlock
  ................ 00 00 00 00 00 00 00 00 00 00 00 00 00 00 00 00
  ................ 00 00 00 00 00 00 00 00 00 00 00 00 01 00 00 00
  .....N           00 00 00 d0 ae 4e
002491-002507 StringBlock "dy_building_req"
002508-002566 DataBlock
  ................ 00 00 00 00 00 00 0e 00 00 00 0e 00 00 00 00 01
  ................ 00 00 00 00 01 00 00 00 00 01 00 00 00 00 00 00
  ............K3L. 00 00 00 00 00 00 00 00 00 00 00 80 4b 33 4c 00
  ...........      00 00 00 00 00 00 00 01 00 00 00
002567-002570 StateIDBlock 1278430080
002571-002580 StateNameBlock "NewState"
002581-002584 XSizeBlock 226
002585-002588 YSizeBlock 39
002589-002662 UnicodeBlock "This unit requires dy_building_name."
002663-002681 DataBlock
  ................ 00 00 02 00 00 00 04 00 00 00 00 00 00 00 03 00
  ...              00 00 00
002682-002755 UnicodeBlock "dy_building_req_NewState_Text_37000b"
002756-002761 DataBlock
  ......           00 00 00 00 00 00
002762-002779 StringBlock "profile_offc_pro"
002780-002795 DataBlock
  ............AGS. 0c 00 00 00 01 00 00 00 00 00 00 00 41 47 53 ff
002796-002812 StringBlock "fe_tooltip_text"
002813-002832 DataBlock
  $............... 24 00 00 00 06 00 00 00 03 00 00 00 03 00 00 00
  ....             01 00 00 00
002833-002843 ShaderNameBlock "normal_t0"
002844-002847 ShaderVariableBlock 0.0 (0)
002848-002851 ShaderVariableBlock 0.0 (0)
002852-002855 ShaderVariableBlock 0.0 (0)
002856-002859 ShaderVariableBlock 0.0 (0)
002860-002870 ShaderNameBlock "normal_t0"
002871-002874 ShaderVariableBlock 0.0 (0)
002875-002878 ShaderVariableBlock 0.0 (0)
002879-002882 ShaderVariableBlock 0.0 (0)
002883-002886 ShaderVariableBlock 0.0 (0)
002887-002924 DataBlock
  ................ 00 00 00 00 00 00 00 00 00 00 00 00 00 00 00 00
  ................ 00 00 00 00 00 00 00 00 00 00 00 00 01 00 00 00
  ....+L           00 00 80 dd 2b 4c
002925-002943 StringBlock "icon_building_req"
002944-002990 DataBlock
  ................ 00 00 00 00 00 00 00 00 00 00 04 00 00 00 00 00
  ................ 00 00 00 00 01 00 00 00 00 01 00 00 00 00 04 00
  ............'5L  00 00 00 00 00 00 00 00 00 00 00 00 27 35 4c
002991-003051 ImageListBlock 1 elements:
  002995-003051 ImageBlockGen2 id=1277944192 xsize=26 ysize=26 path="ui\\skins\\default\\checkbox_lock_selected"
003052-003060 DataBlock
  .........        00 00 00 00 00 01 00 00 00
003061-003064 StateIDBlock 1278551808
003065-003074 StateNameBlock "NewState"
003075-003078 XSizeBlock 30
003079-003082 YSizeBlock 30
003083-003111 DataBlock
  ................ 00 00 00 00 02 00 00 00 00 00 00 00 00 00 00 00
  .............    02 00 00 00 00 00 00 00 00 00 00 00 00
003112-003125 StringBlock "tw_troy_bold"
003126-003141 DataBlock
  ................ 0a 00 00 00 02 00 00 00 00 00 00 00 dd da fa ff
003142-003164 StringBlock "Default Font Category"
003165-003184 DataBlock
  ................ 00 00 00 00 00 00 00 00 00 00 00 00 00 00 00 00
  ....             01 00 00 00
003185-003195 ShaderNameBlock "normal_t0"
003196-003199 ShaderVariableBlock 0.0 (0)
003200-003203 ShaderVariableBlock 0.0 (0)
003204-003207 ShaderVariableBlock 0.0 (0)
003208-003211 ShaderVariableBlock 0.0 (0)
003212-003222 ShaderNameBlock "normal_t0"
003223-003226 ShaderVariableBlock 0.0 (0)
003227-003230 ShaderVariableBlock 0.0 (0)
003231-003234 ShaderVariableBlock 0.0 (0)
003235-003238 ShaderVariableBlock 0.0 (0)
003239-003242 DataBlock
  ....             01 00 00 00
003243-003266 ImageUseBlock id=1277944192 xofs=4 yofs=4 xsize=26 ysize=26 bgra=bgra(255,255,255,255)
003267-003416 DataBlock
  ................ 00 00 00 00 00 05 00 00 00 02 00 00 00 02 00 00
  ................ 00 01 01 00 00 00 00 00 00 00 00 00 00 00 00 00
  ..........?..... 00 00 00 00 00 00 00 00 00 80 3f 00 00 00 00 00
  ................ 00 00 00 00 00 00 00 00 00 00 00 00 00 00 00 00
  ................ 00 00 00 00 00 00 00 00 00 00 00 00 00 00 00 00
  ................ 00 00 00 00 00 00 00 00 00 00 00 00 00 00 00 00
  ................ 00 00 00 00 00 00 00 00 00 00 00 00 00 00 00 00
  ......?.......?. 00 00 00 00 00 80 3f 00 00 00 00 00 00 00 3f 00
  ............?... 00 00 00 00 00 00 00 00 00 00 00 80 3f 00 00 00
  ......           00 00 00 00 00 01
003417-003422 StringBlock "List"
003423-003507 DataBlock
  .......C........ 01 00 00 00 00 00 80 43 00 00 00 00 00 00 00 00
  ................ 00 01 00 00 00 01 00 0e 00 00 00 00 00 00 00 0e
  ................ 00 00 00 0e 00 00 00 00 00 00 00 00 00 00 00 00
  ................ 00 00 00 00 00 00 00 00 00 00 00 00 00 00 00 00
  ......?......... 00 00 00 00 00 80 3f 00 00 00 00 00 00 00 00 00
  ...3K            00 80 00 33 4b
003508-003517 StringBlock "rank_req"
003518-003576 DataBlock
  ..........5..... 00 00 00 00 00 00 00 00 00 00 35 00 00 00 00 01
  ................ 00 00 00 00 01 00 00 00 00 01 00 00 00 00 00 00
  ............+.K. 00 00 00 00 00 00 00 00 00 00 00 00 2b 97 4b 00
  ...........      00 00 00 00 00 00 00 01 00 00 00
003577-003580 StateIDBlock 1268198144
003581-003590 StateNameBlock "NewState"
003591-003594 XSizeBlock 256
003595-003598 YSizeBlock 67
003599-003627 DataBlock
  ................ 00 00 00 00 02 00 00 00 00 00 00 00 00 00 00 00
  .............    02 00 00 00 00 00 00 00 00 00 00 00 00
003628-003641 StringBlock "tw_troy_bold"
003642-003657 DataBlock
  ................ 0a 00 00 00 02 00 00 00 00 00 00 00 dd da fa ff
003658-003680 StringBlock "Default Font Category"
003681-003700 DataBlock
  ................ 00 00 00 00 00 00 00 00 00 00 00 00 00 00 00 00
  ....             01 00 00 00
003701-003711 ShaderNameBlock "normal_t0"
003712-003715 ShaderVariableBlock 0.0 (0)
003716-003719 ShaderVariableBlock 0.0 (0)
003720-003723 ShaderVariableBlock 0.0 (0)
003724-003727 ShaderVariableBlock 0.0 (0)
003728-003738 ShaderNameBlock "normal_t0"
003739-003742 ShaderVariableBlock 0.0 (0)
003743-003746 ShaderVariableBlock 0.0 (0)
003747-003750 ShaderVariableBlock 0.0 (0)
003751-003754 ShaderVariableBlock 0.0 (0)
003755-003792 DataBlock
  ................ 00 00 00 00 00 00 00 00 00 00 00 00 00 00 00 00
  ................ 00 00 00 00 00 00 00 00 00 00 00 00 01 00 00 00
  .....K           00 00 00 f9 85 4b
003793-003805 StringBlock "dy_rank_req"
003806-003864 DataBlock
  ................ 00 00 00 00 00 00 0e 00 00 00 0e 00 00 00 00 01
  ................ 00 00 00 00 01 00 00 00 00 01 00 00 00 00 00 00
  ..............K. 00 00 00 00 00 00 00 00 00 00 00 00 fd 85 4b 00
  ...........      00 00 00 00 00 00 00 01 00 00 00
003865-003868 StateIDBlock 1267072256
003869-003878 StateNameBlock "NewState"
003879-003882 XSizeBlock 226
003883-003886 YSizeBlock 39
003887-003986 UnicodeBlock "Gain dy_rank with dy_name to unlock this upgrade."
003987-004005 DataBlock
  ................ 00 00 02 00 00 00 04 00 00 00 00 00 00 00 03 00
  ...              00 00 00
004006-004071 UnicodeBlock "dy_rank_req_NewState_Text_7f003e"
004072-004077 DataBlock
  ......           00 00 00 00 00 00
004078-004095 StringBlock "profile_offc_pro"
004096-004111 DataBlock
  ............AGS. 0c 00 00 00 01 00 00 00 00 00 00 00 41 47 53 ff
004112-004128 StringBlock "fe_tooltip_text"
004129-004148 DataBlock
  ................ 06 00 00 00 06 00 00 00 03 00 00 00 03 00 00 00
  ....             01 00 00 00
004149-004159 ShaderNameBlock "normal_t0"
004160-004163 ShaderVariableBlock 0.0 (0)
004164-004167 ShaderVariableBlock 0.0 (0)
004168-004171 ShaderVariableBlock 0.0 (0)
004172-004175 ShaderVariableBlock 0.0 (0)
004176-004186 ShaderNameBlock "normal_t0"
004187-004190 ShaderVariableBlock 0.0 (0)
004191-004194 ShaderVariableBlock 0.0 (0)
004195-004198 ShaderVariableBlock 0.0 (0)
004199-004202 ShaderVariableBlock 0.0 (0)
004203-004257 DataBlock
  ................ 00 00 00 00 00 00 00 00 00 00 00 00 00 00 00 00
  ................ 00 00 00 00 00 00 00 00 00 00 00 00 00 00 00 00
  .............?.. 00 00 00 00 00 00 00 00 00 00 00 00 80 3f 00 00
  .......          00 00 00 00 00 00 01
004258-004263 StringBlock "List"
004264-004348 DataBlock
  .......C........ 01 00 00 00 00 00 80 43 00 00 00 00 00 00 00 00
  ................ 00 01 00 00 00 01 00 0e 00 00 00 0e 00 00 00 0e
  ................ 00 00 00 0e 00 00 00 00 00 00 00 00 00 00 00 00
  ................ 00 00 00 00 00 00 00 00 00 00 00 00 00 00 00 00
  ......?......... 00 00 00 00 00 80 3f 00 00 00 00 00 00 00 00 00
  .....            00 dc 1e ad 00
004349-004354 StringBlock "cost"
004355-004413 DataBlock
  ..........x..... 00 00 00 00 00 00 00 00 00 00 78 00 00 00 01 01
  ................ 00 00 00 00 01 00 00 00 00 01 00 00 00 00 08 00
  ............"... 00 00 00 00 00 00 00 00 00 00 00 c4 22 ad 00 00
  ...........      00 00 00 00 00 00 00 01 00 00 00
004414-004417 StateIDBlock 11346628
004418-004427 StateNameBlock "NewState"
004428-004431 XSizeBlock 254
004432-004435 YSizeBlock 36
004436-004464 DataBlock
  ................ 00 00 00 00 02 00 00 00 00 00 00 00 00 00 00 00
  .............    02 00 00 00 00 00 00 00 00 00 00 00 00
004465-004478 StringBlock "tw_troy_bold"
004479-004494 DataBlock
  ................ 0a 00 00 00 02 00 00 00 00 00 00 00 dd da fa ff
004495-004517 StringBlock "Default Font Category"
004518-004537 DataBlock
  ................ 00 00 00 00 00 00 00 00 00 00 00 00 00 00 00 00
  ....             01 00 00 00
004538-004548 ShaderNameBlock "normal_t0"
004549-004552 ShaderVariableBlock 0.0 (0)
004553-004556 ShaderVariableBlock 0.0 (0)
004557-004560 ShaderVariableBlock 0.0 (0)
004561-004564 ShaderVariableBlock 0.0 (0)
004565-004575 ShaderNameBlock "normal_t0"
004576-004579 ShaderVariableBlock 0.0 (0)
004580-004583 ShaderVariableBlock 0.0 (0)
004584-004587 ShaderVariableBlock 0.0 (0)
004588-004591 ShaderVariableBlock 0.0 (0)
004592-004629 DataBlock
  ................ 00 00 00 00 00 00 00 00 00 00 00 00 00 00 00 00
  ................ 00 00 00 00 00 00 00 00 00 00 00 00 01 00 00 00
  ......           00 00 ec f0 af 00
004630-004638 StringBlock "dy_cost"
004639-004697 DataBlock
  ................ 00 00 00 00 00 00 0e 00 00 00 00 00 00 00 00 01
  ................ 00 00 00 00 01 00 00 00 00 01 00 00 00 00 00 00
  ................ 00 00 00 00 00 00 00 00 00 00 00 ac f6 af 00 00
  ...........      00 00 00 00 00 00 00 01 00 00 00
004698-004701 StateIDBlock 11531948
004702-004711 StateNameBlock "NewState"
004712-004715 XSizeBlock 226
004716-004719 YSizeBlock 22
004720-004739 UnicodeBlock "cost text"
004740-004758 DataBlock
  ................ 00 00 02 00 00 00 04 00 00 00 00 00 00 00 03 00
  ...              00 00 00
004759-004816 UnicodeBlock "dy_cost_NewState_Text_170021"
004817-004822 DataBlock
  ......           00 00 00 00 00 00
004823-004840 StringBlock "profile_offc_pro"
004841-004856 DataBlock
  ............AGS. 0c 00 00 00 01 00 00 00 00 00 00 00 41 47 53 ff
004857-004873 StringBlock "fe_tooltip_text"
004874-004893 DataBlock
  ................ 06 00 00 00 06 00 00 00 03 00 00 00 03 00 00 00
  ....             01 00 00 00
004894-004904 ShaderNameBlock "normal_t0"
004905-004908 ShaderVariableBlock 0.0 (0)
004909-004912 ShaderVariableBlock 0.0 (0)
004913-004916 ShaderVariableBlock 0.0 (0)
004917-004920 ShaderVariableBlock 0.0 (0)
004921-004931 ShaderNameBlock "normal_t0"
004932-004935 ShaderVariableBlock 0.0 (0)
004936-004939 ShaderVariableBlock 0.0 (0)
004940-004943 ShaderVariableBlock 0.0 (0)
004944-004947 ShaderVariableBlock 0.0 (0)
004948-005002 DataBlock
  ................ 00 00 00 00 00 00 00 00 00 00 00 00 00 00 00 00
  ................ 00 00 00 00 00 00 00 00 00 00 00 00 00 00 00 00
  .............?.. 00 00 00 00 00 00 00 00 00 00 00 00 80 3f 00 00
  .......          00 00 00 00 00 00 01
005003-005018 StringBlock "HorizontalList"
005019-005094 DataBlock
  ................ 00 00 00 00 00 00 00 00 00 00 00 00 00 01 00 00
  ................ 00 01 00 0e 00 00 00 0e 00 00 00 00 00 00 00 0e
  ................ 00 00 00 00 00 00 00 00 00 00 00 00 00 00 00 00
  ................ 00 00 00 00 00 00 00 00 00 00 00 00 00 00 00 00
  ..?...?...?.     00 80 3f 00 00 00 3f 00 00 80 3f 01
005095-005100 StringBlock "List"
005101-005180 DataBlock
  .......C........ 01 00 00 00 00 00 81 43 00 00 00 00 00 00 00 00
  ................ 00 01 00 00 00 01 00 00 00 00 00 00 00 00 00 00
  ................ 00 00 00 00 00 00 00 00 00 00 00 00 00 00 00 00
  ................ 00 00 00 00 00 00 00 00 00 00 00 00 00 00 00 00
  ......?......... 00 00 01 00 00 80 3f 00 00 00 00 00 00 00 00 01
005181-005186 StringBlock "List"
005187-005266 DataBlock
  .......C........ 01 00 00 00 00 00 81 43 00 00 00 00 00 00 00 00
  ................ 00 01 00 00 00 01 00 00 00 00 00 00 00 00 00 00
  ................ 00 00 00 00 00 00 00 00 00 00 00 00 00 00 00 00
  ................ 00 00 00 00 00 00 00 00 00 00 00 00 00 00 00 00
  ......?......... 00 00 01 00 00 80 3f 00 00 00 00 00 00 00 00 01
005267-005272 StringBlock "List"
005273-005373 DataBlock
  .......C........ 01 00 00 00 00 00 8f 43 00 00 00 00 00 00 00 00
  ................ 00 01 00 00 00 01 00 00 00 00 00 00 00 00 00 00
  ................ 00 00 00 00 00 00 00 00 00 00 00 00 00 00 00 00
  ................ 00 00 00 00 00 00 00 00 00 00 00 00 00 00 00 00
  ......?......... 00 00 00 00 00 80 3f 00 00 00 00 00 00 00 00 00
  ............?... 00 00 00 00 00 00 00 00 00 00 00 80 3f 00 00 00
  .....            00 00 00 00 00
