000000-000009 VersionBlock 121
000010-000013 RootIDBlock 513977984
000014-000019 StringBlock "root"
000020-000021 StringBlock ""
000022-000025 XOffsetBlock 0
000026-000029 YOffsetBlock 0
000030-000093 DataBlock
  ................ 00 00 00 00 01 01 00 00 00 00 01 00 00 00 00 01
  ................ 00 00 00 00 00 00 00 00 00 00 00 00 00 00 00 00
  ..........V..... 00 c0 b1 a2 1e 01 00 00 00 c0 56 12 0c 00 00 a0
  ................ 05 00 00 84 03 00 00 00 00 00 00 00 01 00 00 00
000094-000097 StateIDBlock 513978816
000098-000107 NewStateBlock "NewState"
000108-000111 XSizeBlock 1440
000112-000115 YSizeBlock 900
000116-000144 DataBlock
  ................ 00 00 00 00 02 00 00 00 00 00 00 00 00 00 00 00
  .............    01 00 00 00 00 00 00 00 00 00 00 00 00
000145-000158 StringBlock "tw_troy_bold"
000159-000174 DataBlock
  ................ 0a 00 00 00 02 00 00 00 00 00 00 00 dd da fa ff
000175-000197 StringBlock "Default Font Category"
000198-000217 DataBlock
  ................ 00 00 00 00 00 00 00 00 00 00 00 00 00 00 00 00
  ....             01 00 00 00
000218-000228 T0Block "normal_t0"
000229-000244 DataBlock
  ................ 00 00 00 00 00 00 00 00 00 00 00 00 00 00 00 00
000245-000255 T0Block "normal_t0"
000256-000410 DataBlock
  ................ 00 00 00 00 00 00 00 00 00 00 00 00 00 00 00 00
  .....V.......... 01 00 00 00 c0 56 12 0c 00 00 00 00 00 00 00 00
  ................ a0 05 00 00 84 03 00 00 f0 f0 f0 ff 00 00 00 00
  ................ 00 00 00 00 00 00 00 00 00 00 00 00 00 01 01 00
  ................ 00 00 00 00 00 00 00 00 00 00 00 00 00 00 00 00
  ......?......... 00 00 00 00 00 80 3f 00 00 00 00 00 00 00 00 00
  ................ 00 00 00 00 00 00 00 00 00 00 00 00 00 00 00 00
  ................ 00 00 00 00 00 00 00 00 00 00 00 00 00 00 00 00
  ................ 00 00 00 00 00 00 00 00 00 00 00 00 00 00 00 00
  .......p..       00 01 00 00 00 00 00 70 9d 0c 20
000411-000435 StringBlock "square_dark_text_button"
000436-000441 DataBlock
  ......           00 00 01 00 00 00
000442-000453 StringBlock "TextButton"
000454-000506 DataBlock
  ........v....... 00 00 00 00 00 00 00 00 76 02 00 00 b2 01 00 00
  ................ 01 00 00 00 00 00 01 00 01 00 00 01 00 00 00 00
  ...............W 05 00 00 00 00 00 00 00 00 00 00 00 00 80 ee 57
  .....            0b 04 00 00 00
000507-000570 ImageBlock id=107832160 xsize=340 ysize=32 path="ui\\skins\\default\\button_square_dark_active.png" unknown=1828200448
000571-000571 DataBlock
  .                06
000572-000620 ImagePathBlock "ui\\skins\\default\\button_square_dark_pressed.png"
000621-000629 DataBlock
  T... ....        54 01 00 00 20 00 00 00 00
000630-000692 ImageBlock id=107841376 xsize=340 ysize=32 path="ui\\skins\\default\\button_square_dark_hover.png" unknown=1828003840
000693-000693 DataBlock
  .                06
000694-000743 ImagePathBlock "ui\\skins\\default\\button_square_dark_inactive.png"
000744-000764 DataBlock
  T... ........... 54 01 00 00 20 00 00 00 00 00 00 00 00 05 00 00
  ...W.            00 80 ee 57 0b
000765-000772 StringBlock "active"
000773-000809 DataBlock
  .... ........... b4 00 00 00 20 00 00 00 00 00 00 00 02 00 00 00
  ................ 00 00 00 00 00 00 00 00 01 00 00 00 00 00 00 00
  .....            00 00 00 00 00
000810-000827 StringBlock "profile_offc_pro"
000828-000843 DataBlock
  ................ 0c 00 00 00 00 00 00 00 00 00 00 00 a0 ad b4 ff
000844-000856 StringBlock "ingame_text"
000857-000876 DataBlock
  ................ 00 00 00 00 00 00 00 00 00 00 00 00 00 00 00 00
  ....             01 00 00 00
000877-000887 T0Block "normal_t0"
000888-000903 DataBlock
  ................ 00 00 00 00 00 00 00 00 00 00 00 00 00 00 00 00
000904-000914 T0Block "normal_t0"
000915-000934 DataBlock
  ................ 00 00 00 00 00 00 00 00 00 00 00 00 00 00 00 00
  ....             01 00 00 00
000935-000958 ImageUseBlock id=107832160 xofs=0 yofs=0 xsize=180 ysize=32 brga=4294967295
000959-001071 DataBlock
  ................ 00 00 00 00 00 00 00 00 00 00 00 00 00 00 00 00
  ................ 00 01 01 00 00 00 00 00 00 00 00 00 00 00 00 00
  ..........?..... 00 00 00 00 00 00 00 00 00 80 3f 00 00 00 00 00
  ................ 00 00 00 00 00 00 00 00 00 00 00 00 00 00 00 c0
  @...@...@...@... 40 00 00 c0 40 00 00 c0 40 00 00 c0 40 14 00 00
  ............. ^W 00 18 00 00 00 01 00 00 00 00 00 00 00 20 5e 57
  .2...@.........U 0b 32 00 00 00 40 00 00 00 00 00 00 00 80 cc 55
  .                0b
001072-001077 StringBlock "down"
001078-001114 DataBlock
  .... ........... b4 00 00 00 20 00 00 00 00 00 00 00 02 00 00 00
  ................ 00 00 00 00 00 00 00 00 01 00 00 00 00 00 00 00
  .....            00 00 00 00 00
001115-001132 StringBlock "profile_offc_pro"
001133-001148 DataBlock
  ................ 0c 00 00 00 00 00 00 00 00 00 00 00 a0 ad b4 ff
001149-001161 StringBlock "ingame_text"
001162-001181 DataBlock
  ................ 00 00 00 00 00 00 00 00 00 00 00 00 00 00 00 00
  ....             01 00 00 00
001182-001194 T0Block "brighten_t0"
001195-001210 DataBlock
  ................ 00 00 00 bf 00 00 00 00 00 00 00 00 00 00 00 00
001211-001221 T0Block "normal_t0"
001222-001398 DataBlock
  ...>............ 9a 99 99 3e 00 00 00 00 00 00 00 00 00 00 00 00
  .... .l......... 01 00 00 00 20 f8 6c 06 00 00 00 00 00 00 00 00
  .... ........... b4 00 00 00 20 00 00 00 ff ff ff ff 00 00 00 00
  ................ 00 00 00 00 00 00 00 00 00 00 00 00 00 01 01 00
  ................ 00 00 00 00 00 00 00 00 00 00 00 00 00 00 00 00
  ......?......... 00 00 00 00 00 80 3f 00 00 00 00 00 00 00 00 00
  ............@... 00 00 00 00 00 00 00 00 00 00 00 c0 40 00 00 c0
  @...@...@....... 40 00 00 c0 40 00 00 c0 40 91 00 00 00 db 00 00
  .........@(X.... 00 02 00 00 00 01 00 00 00 40 28 58 0b 00 00 00
  ............. ^W 00 00 00 00 00 00 00 00 00 03 00 00 00 20 5e 57
  .............@(X 0b 00 00 00 00 00 00 00 00 00 00 00 00 40 28 58
  .                0b
001399-001408 StringBlock "down_off"
001409-001445 DataBlock
  .... ........... b4 00 00 00 20 00 00 00 00 00 00 00 02 00 00 00
  ................ 00 00 00 00 00 00 00 00 01 00 00 00 00 00 00 00
  .....            00 00 00 00 00
001446-001463 StringBlock "profile_offc_pro"
001464-001479 DataBlock
  ................ 0c 00 00 00 00 00 00 00 00 00 00 00 a0 ad b4 ff
001480-001492 StringBlock "ingame_text"
001493-001512 DataBlock
  ................ 00 00 00 00 00 00 00 00 00 00 00 00 00 00 00 00
  ....             01 00 00 00
001513-001523 T0Block "normal_t0"
001524-001539 DataBlock
  ................ 00 00 00 00 00 00 00 00 00 00 00 00 00 00 00 00
001540-001550 T0Block "normal_t0"
001551-001570 DataBlock
  ................ 00 00 00 00 00 00 00 00 00 00 00 00 00 00 00 00
  ....             01 00 00 00
001571-001594 ImageUseBlock id=107832160 xofs=0 yofs=0 xsize=180 ysize=32 brga=4294967295
001595-001727 DataBlock
  ................ 00 00 00 00 00 00 00 00 00 00 00 00 00 00 00 00
  ................ 00 01 01 00 00 00 00 00 00 00 00 00 00 00 00 00
  ..........?..... 00 00 00 00 00 00 00 00 00 80 3f 00 00 00 00 00
  ................ 00 00 00 00 00 00 00 00 00 00 00 00 00 00 00 c0
  @...@...@...@... 40 00 00 c0 40 00 00 c0 40 00 00 c0 40 1d 00 00
  .?.............U 00 3f 01 00 00 02 00 00 00 00 00 00 00 80 cc 55
  ................ 0b 00 00 00 00 00 00 00 00 00 00 00 00 08 00 00
  ...W............ 00 80 ee 57 0b 00 00 00 00 00 00 00 00 00 00 00
  . ^W.            00 20 5e 57 0b
001728-001734 StringBlock "hover"
001735-001771 DataBlock
  .... ........... b4 00 00 00 20 00 00 00 00 00 00 00 02 00 00 00
  ................ 00 00 00 00 00 00 00 00 01 00 00 00 00 00 00 00
  .....            00 00 00 00 00
001772-001789 StringBlock "profile_offc_pro"
001790-001805 DataBlock
  ................ 0c 00 00 00 00 00 00 00 00 00 00 00 a0 ad b4 ff
001806-001818 StringBlock "ingame_text"
001819-001838 DataBlock
  ................ 00 00 00 00 00 00 00 00 00 00 00 00 00 00 00 00
  ....             01 00 00 00
001839-001853 T0Block "glow_pulse_t0"
001854-001869 DataBlock
  ...?...@...@.... 00 00 80 3f 00 00 00 40 00 00 00 40 00 00 00 00
001870-001880 T0Block "normal_t0"
001881-001900 DataBlock
  ...>............ 9a 99 99 3e 00 00 00 00 00 00 00 00 00 00 00 00
  ....             01 00 00 00
001901-001924 ImageUseBlock id=107841376 xofs=0 yofs=0 xsize=180 ysize=32 brga=4294967295
001925-002057 DataBlock
  ................ 00 00 00 00 00 00 00 00 00 00 00 00 00 00 00 00
  ................ 00 01 01 00 00 00 00 00 00 00 00 00 00 00 00 00
  ..........?..... 00 00 00 00 00 00 00 00 00 80 3f 00 00 00 00 00
  ................ 00 00 00 00 00 00 00 00 00 00 00 00 00 00 00 c0
  @...@...@...@... 40 00 00 c0 40 00 00 c0 40 00 00 c0 40 89 00 00
  .~.............W 00 7e 00 00 00 02 00 00 00 01 00 00 00 80 ee 57
  .,...@.......... 0b 2c 01 00 00 40 00 00 00 00 00 00 00 02 00 00
  ...U............ 00 80 cc 55 0b 00 00 00 00 00 00 00 00 00 00 00
  . .W.            00 20 0a 57 0b
002058-002067 StringBlock "inactive"
002068-002104 DataBlock
  .... ........... b4 00 00 00 20 00 00 00 00 00 00 00 02 00 00 00
  ................ 00 00 00 00 00 00 00 00 01 00 00 00 00 00 00 00
  .....            00 00 00 00 00
002105-002122 StringBlock "profile_offc_pro"
002123-002138 DataBlock
  ................ 0c 00 00 00 00 00 00 00 00 00 00 00 a0 ad b4 ff
002139-002151 StringBlock "ingame_text"
002152-002171 DataBlock
  ................ 00 00 00 00 00 00 00 00 00 00 00 00 00 00 00 00
  ....             01 01 00 00
002172-002189 T0Block "set_greyscale_t0"
002190-002205 DataBlock
  ...?...?........ 00 00 80 3f 00 00 80 3f 00 00 00 00 00 00 00 00
002206-002216 T0Block "normal_t0"
002217-002353 DataBlock
  ................ 00 00 00 00 00 00 00 00 00 00 00 00 00 00 00 00
  .... .l......... 01 00 00 00 20 f5 6c 06 00 00 00 00 00 00 00 00
  .... ........... b4 00 00 00 20 00 00 00 ff ff ff ff 00 00 00 00
  ................ 00 00 00 00 00 00 00 00 00 00 00 00 00 01 01 00
  ................ 00 00 00 00 00 00 00 00 00 00 00 00 00 00 00 00
  ......?......... 00 00 00 00 00 80 3f 00 00 00 00 00 00 00 00 00
  ............@... 00 00 00 00 00 00 00 00 00 00 00 c0 40 00 00 c0
  @...@...@....... 40 00 00 c0 40 00 00 c0 40 00 00 00 00 00 00 00
  .........        00 00 00 00 00 01 00 00 00
002354-002368 StringBlock "dynamic_image"
002369-002383 DataBlock
  ...............  00 00 00 00 00 00 00 00 00 00 00 00 00 00 00
002384-002423 StringBlock "UI_GBL_TMP_Square_Medium_Button_Toggle"
002424-002464 DataBlock
  ..........?...?. 00 00 00 00 00 00 00 00 00 80 3f 00 00 00 3f 00
  ..?............. 00 00 3f 00 00 00 00 00 00 00 00 00 00 00 00 80
  ?........        3f 00 00 00 00 00 00 00 00
