000000-000009 VersionBlock 121
000010-000013 RootIDBlock 485225312
000014-000019 StringBlock "root"
000020-000021 StringBlock ""
000022-000025 XOffsetBlock 0
000026-000029 YOffsetBlock 0
000030-000093 DataBlock
  ................ 00 00 00 00 01 01 00 00 00 00 01 00 00 00 00 01
  ................ 00 00 00 00 00 00 00 00 00 00 00 00 00 00 00 00
  ../......P.:.... 00 80 2f 0e 1c 01 00 00 00 50 f1 3a 0a 00 00 a0
  ................ 05 00 00 84 03 00 00 00 00 00 00 00 01 00 00 00
000094-000097 StateIDBlock 470691712
000098-000107 StateNameBlock "NewState"
000108-000111 XSizeBlock 1440
000112-000115 YSizeBlock 900
000116-000144 DataBlock
  ................ 00 00 00 00 02 00 00 00 00 00 00 00 00 00 00 00
  .............    01 00 00 00 00 00 00 00 00 00 00 00 00
000145-000158 StringBlock "tw_troy_bold"
000159-000174 DataBlock
  ................ 0a 00 00 00 02 00 00 00 00 00 00 00 dd da fa ff
000175-000197 StringBlock "Default Font Category"
000198-000217 DataBlock
  ................ 00 00 00 00 00 00 00 00 00 00 00 00 00 00 00 00
  ....             01 00 00 00
000218-000228 ShaderNameBlock "normal_t0"
000229-000232 ShaderVariableBlock 0.0 (0)
000233-000236 ShaderVariableBlock 0.0 (0)
000237-000240 ShaderVariableBlock 0.0 (0)
000241-000244 ShaderVariableBlock 0.0 (0)
000245-000255 ShaderNameBlock "normal_t0"
000256-000259 ShaderVariableBlock 0.0 (0)
000260-000263 ShaderVariableBlock 0.0 (0)
000264-000267 ShaderVariableBlock 0.0 (0)
000268-000271 ShaderVariableBlock 0.0 (0)
000272-000410 DataBlock
  ....P.:......... 01 00 00 00 50 f1 3a 0a 00 00 00 00 00 00 00 00
  ................ a0 05 00 00 84 03 00 00 f0 f0 f0 ff 00 00 00 00
  ................ 00 00 00 00 00 00 00 00 00 00 00 00 00 01 01 00
  ................ 00 00 00 00 00 00 00 00 00 00 00 00 00 00 00 00
  ......?......... 00 00 00 00 00 80 3f 00 00 00 00 00 00 00 00 00
  ................ 00 00 00 00 00 00 00 00 00 00 00 00 00 00 00 00
  ................ 00 00 00 00 00 00 00 00 00 00 00 00 00 00 00 00
  ................ 00 00 00 00 00 00 00 00 00 00 00 00 00 00 00 00
  ...........      00 01 00 00 00 00 00 e0 d4 eb 1c
000411-000443 StringBlock "parchment_light_slider_vertical"
000444-000449 DataBlock
  ......           00 00 01 00 00 00
000450-000458 StringBlock "VSlider"
000459-000511 DataBlock
  ............v... 00 00 00 00 00 00 00 00 cc 02 00 00 76 01 00 00
  ................ 00 01 00 00 00 00 01 00 00 00 00 01 00 00 00 00
  ..............S. 05 00 00 00 00 00 00 00 00 00 00 00 00 a0 53 df
  .....            1c 03 00 00 00
000512-000572 ImageBlockGen2 id=951766720 xsize=8 ysize=151 path="ui\\skins\\default\\pl_scrollbar_middle_base_v"
000573-000573 DataBlock
  .                00
000574-000633 ImageBlockGen2 id=1010016960 xsize=12 ysize=16 path="ui\\skins\\default\\pl_scrollbar_bottom_cap_v"
000634-000634 DataBlock
  .                00
000635-000691 ImageBlockGen2 id=1010015616 xsize=12 ysize=16 path="ui\\skins\\default\\pl_scrollbar_top_cap_v"
000692-000704 DataBlock
  ..........S..    00 00 00 00 00 02 00 00 00 a0 53 df 1c
000705-000712 StringBlock "active"
000713-000749 DataBlock
  ................ 08 00 00 00 97 00 00 00 00 00 00 00 02 00 00 00
  ................ 00 00 00 00 00 00 00 00 01 00 00 00 00 00 00 00
  .....            00 00 00 00 00
000750-000763 StringBlock "tw_troy_bold"
000764-000779 DataBlock
  ................ 0a 00 00 00 02 00 00 00 00 00 00 00 dd da fa ff
000780-000802 StringBlock "Default Font Category"
000803-000822 DataBlock
  ................ 00 00 00 00 00 00 00 00 00 00 00 00 00 00 00 00
  ....             01 00 00 00
000823-000833 ShaderNameBlock "normal_t0"
000834-000837 ShaderVariableBlock 0.0 (0)
000838-000841 ShaderVariableBlock 0.0 (0)
000842-000845 ShaderVariableBlock 0.0 (0)
000846-000849 ShaderVariableBlock 0.0 (0)
000850-000860 ShaderNameBlock "normal_t0"
000861-000864 ShaderVariableBlock 0.0 (0)
000865-000868 ShaderVariableBlock 0.0 (0)
000869-000872 ShaderVariableBlock 0.0 (0)
000873-000876 ShaderVariableBlock 0.0 (0)
000877-000880 DataBlock
  ....             03 00 00 00
000881-000904 ImageUseBlock id=1010015616 xofs=4294967294 yofs=4294967280 xsize=12 ysize=16 bgra=bgra(255,255,255,255)
000905-000981 DataBlock
  ................ 00 00 00 00 00 0b 00 00 00 00 00 00 00 00 00 00
  ................ 00 00 00 00 00 00 00 00 00 00 00 00 00 00 00 00
  ..........?..... 00 00 00 00 00 00 00 00 00 80 3f 00 00 00 00 00
  ................ 00 00 00 00 00 00 00 00 00 00 00 00 00 00 00 00
  .............    00 00 00 00 00 00 00 00 00 00 00 00 00
000982-001005 ImageUseBlock id=951766720 xofs=0 yofs=0 xsize=8 ysize=151 bgra=bgra(255,255,255,255)
001006-001082 DataBlock
  ................ 00 00 00 00 00 00 00 00 00 00 00 00 00 00 00 00
  ................ 00 01 01 00 00 00 00 00 00 00 00 00 00 00 00 00
  ..........?..... 00 00 00 00 00 00 00 00 00 80 3f 00 00 00 00 00
  ................ 00 00 00 00 00 00 00 00 00 00 00 00 00 00 00 00
  .............    00 00 00 00 00 00 00 00 00 00 00 00 00
001083-001106 ImageUseBlock id=1010016960 xofs=4294967294 yofs=151 xsize=12 ysize=16 bgra=bgra(255,255,255,255)
001107-001199 DataBlock
  ................ 00 00 00 00 00 11 00 00 00 00 00 00 00 00 00 00
  ................ 00 00 00 00 00 00 00 00 00 00 00 00 00 00 00 00
  ..........?..... 00 00 00 00 00 00 00 00 00 80 3f 00 00 00 00 00
  ................ 00 00 00 00 00 00 00 00 00 00 00 00 00 00 00 00
  ................ 00 00 00 00 00 00 00 00 00 00 00 00 00 c0 cd cd
  ............B    cd c0 cd cd cd 00 00 00 00 00 11 1a 42
001200-001209 StringBlock "inactive"
001210-001246 DataBlock
  ................ 08 00 00 00 97 00 00 00 00 00 00 00 02 00 00 00
  ................ 00 00 00 00 00 00 00 00 01 00 00 00 00 00 00 00
  .....            00 00 00 00 00
001247-001260 StringBlock "tw_troy_bold"
001261-001276 DataBlock
  ................ 0a 00 00 00 02 00 00 00 00 00 00 00 dd da fa ff
001277-001299 StringBlock "Default Font Category"
001300-001319 DataBlock
  ................ 00 00 00 00 00 00 00 00 00 00 00 00 00 00 00 00
  ....             00 00 00 00
001320-001337 ShaderNameBlock "set_greyscale_t0"
001338-001341 ShaderVariableBlock 1.0 (1065353216)
001342-001345 ShaderVariableBlock 1.0 (1065353216)
001346-001349 ShaderVariableBlock 0.0 (0)
001350-001353 ShaderVariableBlock 0.0 (0)
001354-001364 ShaderNameBlock "normal_t0"
001365-001368 ShaderVariableBlock 0.0 (0)
001369-001372 ShaderVariableBlock 0.0 (0)
001373-001376 ShaderVariableBlock 0.0 (0)
001377-001380 ShaderVariableBlock 0.0 (0)
001381-001384 DataBlock
  ....             03 00 00 00
001385-001408 ImageUseBlock id=1010015616 xofs=4294967294 yofs=4294967280 xsize=12 ysize=16 bgra=bgra(255,255,255,255)
001409-001485 DataBlock
  ................ 00 00 00 00 00 0b 00 00 00 00 00 00 00 00 00 00
  ................ 00 00 00 00 00 00 00 00 00 00 00 00 00 00 00 00
  ..........?..... 00 00 00 00 00 00 00 00 00 80 3f 00 00 00 00 00
  ................ 00 00 00 00 00 00 00 00 00 00 00 00 00 00 00 00
  .............    00 00 00 00 00 00 00 00 00 00 00 00 00
001486-001509 ImageUseBlock id=951766720 xofs=0 yofs=0 xsize=8 ysize=151 bgra=bgra(255,255,255,255)
001510-001586 DataBlock
  ................ 00 00 00 00 00 00 00 00 00 00 00 00 00 00 00 00
  ................ 00 01 01 00 00 00 00 00 00 00 00 00 00 00 00 00
  ..........?..... 00 00 00 00 00 00 00 00 00 80 3f 00 00 00 00 00
  ................ 00 00 00 00 00 00 00 00 00 00 00 00 00 00 00 00
  .............    00 00 00 00 00 00 00 00 00 00 00 00 00
001587-001610 ImageUseBlock id=1010016960 xofs=4294967294 yofs=151 xsize=12 ysize=16 bgra=bgra(255,255,255,255)
001611-001703 DataBlock
  ................ 00 00 00 00 00 11 00 00 00 00 00 00 00 00 00 00
  ................ 00 00 00 00 00 00 00 00 00 00 00 00 00 00 00 00
  ..........?..... 00 00 00 00 00 00 00 00 00 80 3f 00 00 00 00 00
  ................ 00 00 00 00 00 00 00 00 00 00 00 00 00 00 00 00
  ................ 00 00 00 00 00 00 00 00 00 00 00 00 00 c0 cd cd
  .............    cd c0 cd cd cd 00 00 00 00 05 00 00 00
001704-001713 StringBlock "Inverted"
001714-001716 DataBlock
  ..0              01 00 30
001717-001724 StringBlock "Notify"
001725-001726 DataBlock
  ..               00 00
001727-001733 StringBlock "Value"
001734-001736 DataBlock
  ..0              01 00 30
001737-001746 StringBlock "maxValue"
001747-001751 DataBlock
  ..100            03 00 31 30 30
001752-001761 StringBlock "minValue"
001762-001782 DataBlock
  ..0-............ 01 00 30 2d 00 00 00 00 00 00 00 01 00 00 00 00
  ...::            00 c0 a8 3a 3a
001783-001790 StringBlock "handle"
001791-001796 DataBlock
  ......           00 00 01 00 00 00
001797-001811 StringBlock "VSliderHandle"
001812-001864 DataBlock
  ................ 00 00 00 00 00 00 00 00 00 00 00 00 00 00 00 00
  ................ 00 00 01 00 00 00 01 00 00 00 00 01 00 00 00 00
  ................ 00 00 00 00 00 00 00 00 00 00 00 00 00 00 a9 a4
  9....            39 02 00 00 00
001865-001929 ImageBlockGen2 id=1058129408 xsize=8 ysize=43 path="ui\\skins\\default\\pl_scrollbar_slider_vertical_a"
001930-001930 DataBlock
  .                00
001931-001995 ImageBlockGen2 id=1147822464 xsize=8 ysize=43 path="ui\\skins\\default\\pl_scrollbar_slider_vertical_h"
001996-002008 DataBlock
  ............9    00 00 00 00 00 04 00 00 00 00 a9 a4 39
002009-002016 StringBlock "active"
002017-002053 DataBlock
  ....P........... 08 00 00 00 50 00 00 00 00 00 00 00 02 00 00 00
  ................ 00 00 00 00 00 00 00 00 01 00 00 00 00 00 00 00
  .....            00 00 00 00 00
002054-002067 StringBlock "tw_troy_bold"
002068-002083 DataBlock
  ................ 0a 00 00 00 02 00 00 00 00 00 00 00 dd da fa ff
002084-002106 StringBlock "Default Font Category"
002107-002126 DataBlock
  ................ 00 00 00 00 00 00 00 00 00 00 00 00 00 00 00 00
  ....             01 00 00 00
002127-002137 ShaderNameBlock "normal_t0"
002138-002141 ShaderVariableBlock 0.0 (0)
002142-002145 ShaderVariableBlock 0.0 (0)
002146-002149 ShaderVariableBlock 0.0 (0)
002150-002153 ShaderVariableBlock 0.0 (0)
002154-002164 ShaderNameBlock "normal_t0"
002165-002168 ShaderVariableBlock 0.0 (0)
002169-002172 ShaderVariableBlock 0.0 (0)
002173-002176 ShaderVariableBlock 0.0 (0)
002177-002180 ShaderVariableBlock 0.0 (0)
002181-002184 DataBlock
  ....             01 00 00 00
002185-002208 ImageUseBlock id=1058129408 xofs=0 yofs=0 xsize=8 ysize=80 bgra=bgra(255,255,255,255)
002209-002321 DataBlock
  ................ 00 00 00 00 00 00 00 00 00 00 00 00 00 00 00 00
  ................ 00 00 01 00 00 00 00 00 00 00 00 00 00 00 00 00
  ..........?..... 00 00 00 00 00 00 00 00 00 80 3f 00 00 00 00 00
  ................ 00 00 00 00 00 00 00 00 00 00 00 00 00 00 00 80
  A.......A....... 41 00 00 00 00 00 00 80 41 00 00 00 00 1a 00 00
  .#.............. 00 23 00 00 00 01 00 00 00 00 00 00 00 80 c7 11
  ?d...h.......... 3f 64 00 00 00 68 00 00 00 00 00 00 00 c0 bf 11
  ?                3f
002322-002331 StringBlock "down_off"
002332-002368 DataBlock
  ....P........... 08 00 00 00 50 00 00 00 00 00 00 00 02 00 00 00
  ................ 00 00 00 00 00 00 00 00 01 00 00 00 00 00 00 00
  .....            00 00 00 00 00
002369-002382 StringBlock "tw_troy_bold"
002383-002398 DataBlock
  ................ 0a 00 00 00 02 00 00 00 00 00 00 00 dd da fa ff
002399-002421 StringBlock "Default Font Category"
002422-002441 DataBlock
  ................ 00 00 00 00 00 00 00 00 00 00 00 00 00 00 00 00
  ....             01 00 00 00
002442-002452 ShaderNameBlock "normal_t0"
002453-002456 ShaderVariableBlock 0.0 (0)
002457-002460 ShaderVariableBlock 0.0 (0)
002461-002464 ShaderVariableBlock 0.0 (0)
002465-002468 ShaderVariableBlock 0.0 (0)
002469-002479 ShaderNameBlock "normal_t0"
002480-002483 ShaderVariableBlock 0.0 (0)
002484-002487 ShaderVariableBlock 0.0 (0)
002488-002491 ShaderVariableBlock 0.0 (0)
002492-002495 ShaderVariableBlock 0.0 (0)
002496-002499 DataBlock
  ....             01 00 00 00
002500-002523 ImageUseBlock id=1058129408 xofs=0 yofs=0 xsize=8 ysize=80 bgra=bgra(255,255,255,255)
002524-002636 DataBlock
  ................ 00 00 00 00 00 00 00 00 00 00 00 00 00 00 00 00
  ................ 00 00 01 00 00 00 00 00 00 00 00 00 00 00 00 00
  ..........?..... 00 00 00 00 00 00 00 00 00 80 3f 00 00 00 00 00
  ................ 00 00 00 00 00 00 00 00 00 00 00 00 00 00 00 80
  A.......A....... 41 00 00 00 00 00 00 80 41 00 00 00 00 1b 00 00
  ................ 00 be 00 00 00 01 00 00 00 08 00 00 00 00 a9 a4
  9............... 39 00 00 00 00 00 00 00 00 00 00 00 00 80 c7 11
  ?                3f
002637-002643 StringBlock "hover"
002644-002680 DataBlock
  ....P........... 08 00 00 00 50 00 00 00 00 00 00 00 02 00 00 00
  ................ 00 00 00 00 00 00 00 00 01 00 00 00 00 00 00 00
  .....            00 00 00 00 00
002681-002694 StringBlock "tw_troy_bold"
002695-002710 DataBlock
  ................ 0a 00 00 00 02 00 00 00 00 00 00 00 dd da fa ff
002711-002733 StringBlock "Default Font Category"
002734-002753 DataBlock
  ................ 00 00 00 00 00 00 00 00 00 00 00 00 00 00 00 00
  ....             01 00 00 00
002754-002764 ShaderNameBlock "normal_t0"
002765-002768 ShaderVariableBlock 0.0 (0)
002769-002772 ShaderVariableBlock 0.0 (0)
002773-002776 ShaderVariableBlock 0.0 (0)
002777-002780 ShaderVariableBlock 0.0 (0)
002781-002791 ShaderNameBlock "normal_t0"
002792-002795 ShaderVariableBlock 0.0 (0)
002796-002799 ShaderVariableBlock 0.0 (0)
002800-002803 ShaderVariableBlock 0.0 (0)
002804-002807 ShaderVariableBlock 0.0 (0)
002808-002811 DataBlock
  ....             01 00 00 00
002812-002835 ImageUseBlock id=1147822464 xofs=0 yofs=0 xsize=8 ysize=80 bgra=bgra(255,255,255,255)
002836-002948 DataBlock
  ................ 00 00 00 00 00 00 00 00 00 00 00 00 00 00 00 00
  ................ 00 00 01 00 00 00 00 00 00 00 00 00 00 00 00 00
  ..........?..... 00 00 00 00 00 00 00 00 00 80 3f 00 00 00 00 00
  ................ 00 00 00 00 00 00 00 00 00 00 00 00 00 00 00 80
  A.......A....... 41 00 00 00 00 00 00 80 41 00 00 00 00 84 00 00
  .R.............. 00 52 00 00 00 01 00 00 00 01 00 00 00 00 a9 a4
  9....h.......... 39 c8 00 00 00 68 00 00 00 00 00 00 00 c0 8f ce
  7                37
002949-002958 StringBlock "inactive"
002959-002995 DataBlock
  ....P........... 08 00 00 00 50 00 00 00 00 00 00 00 02 00 00 00
  ................ 00 00 00 00 00 00 00 00 01 00 00 00 00 00 00 00
  .....            00 00 00 00 00
002996-003009 StringBlock "tw_troy_bold"
003010-003025 DataBlock
  ................ 0a 00 00 00 02 00 00 00 00 00 00 00 dd da fa ff
003026-003048 StringBlock "Default Font Category"
003049-003068 DataBlock
  ................ 00 00 00 00 00 00 00 00 00 00 00 00 00 00 00 00
  ....             00 00 00 00
003069-003086 ShaderNameBlock "set_greyscale_t0"
003087-003090 ShaderVariableBlock 1.0 (1065353216)
003091-003094 ShaderVariableBlock 1.0 (1065353216)
003095-003098 ShaderVariableBlock 0.0 (0)
003099-003102 ShaderVariableBlock 0.0 (0)
003103-003113 ShaderNameBlock "normal_t0"
003114-003117 ShaderVariableBlock 0.0 (0)
003118-003121 ShaderVariableBlock 0.0 (0)
003122-003125 ShaderVariableBlock 0.0 (0)
003126-003129 ShaderVariableBlock 0.0 (0)
003130-003133 DataBlock
  ....             01 00 00 00
003134-003157 ImageUseBlock id=1058129408 xofs=0 yofs=0 xsize=8 ysize=80 bgra=bgra(255,255,255,255)
003158-003250 DataBlock
  ................ 00 00 00 00 00 00 00 00 00 00 00 00 00 00 00 00
  ................ 00 00 01 00 00 00 00 00 00 00 00 00 00 00 00 00
  ..........?..... 00 00 00 00 00 00 00 00 00 80 3f 00 00 00 00 00
  ................ 00 00 00 00 00 00 00 00 00 00 00 00 00 00 00 00
  ................ 00 00 00 00 00 00 00 00 00 00 00 00 00 1a 00 00
  .#...........    00 23 00 00 00 00 00 00 00 02 00 00 00
003251-003262 StringBlock "max_height"
003263-003266 DataBlock
  ..86             02 00 38 36
003267-003276 StringBlock "min_size"
003277-003293 DataBlock
  ..40<........... 02 00 34 30 3c 00 00 00 00 00 00 00 00 00 00 00
  .                00
003294-003319 StringBlock "UI_GBL_TMP_Slider_Handle"
003320-003382 DataBlock
  ..........?..... 00 00 00 00 00 00 00 00 00 80 3f 00 00 00 00 00
  ................ 00 00 00 00 00 00 00 00 00 00 00 00 00 00 00 80
  ?...?...?....... 3f 00 00 00 3f 00 00 00 3f 00 00 00 00 00 00 00
  ......?........  00 00 00 00 00 80 3f 00 00 00 00 00 00 00 00
