000000-000009 VersionBlock 121
000010-000013 RootIDBlock 406306368
000014-000019 StringBlock "root"
000020-000097 DataBlock
  ................ 00 00 00 00 00 00 00 00 00 00 00 00 00 00 01 01
  ................ 00 00 00 00 01 00 00 00 00 01 00 00 00 00 00 00
  ................ 00 00 00 00 00 00 00 00 00 00 00 10 fc ae 0f 01
  ... ............ 00 00 00 20 ec b1 04 00 00 a0 05 00 00 84 03 00
  ..............   00 00 00 00 00 00 01 00 00 00 10 fc ae 0f
000098-000107 NewStateBlock "NewState"
000108-000144 DataBlock
  ................ a0 05 00 00 84 03 00 00 00 00 00 00 02 00 00 00
  ................ 00 00 00 00 00 00 00 00 01 00 00 00 00 00 00 00
  .....            00 00 00 00 00
000145-000158 StringBlock "tw_troy_bold"
000159-000174 DataBlock
  ................ 0a 00 00 00 02 00 00 00 00 00 00 00 dd da fa ff
000175-000197 StringBlock "Default Font Category"
000198-000217 DataBlock
  ................ 00 00 00 00 00 00 00 00 00 00 00 00 00 00 00 00
  ....             01 00 00 00
000218-000228 T0Block "normal_t0"
000229-000244 DataBlock
  ................ 00 00 00 00 00 00 00 00 00 00 00 00 00 00 00 00
000245-000255 T0Block "normal_t0"
000256-000410 DataBlock
  ................ 00 00 00 00 00 00 00 00 00 00 00 00 00 00 00 00
  .... ........... 01 00 00 00 20 ec b1 04 00 00 00 00 00 00 00 00
  ................ a0 05 00 00 84 03 00 00 f0 f0 f0 ff 00 00 00 00
  ................ 00 00 00 00 00 00 00 00 00 00 00 00 00 01 01 00
  ................ 00 00 00 00 00 00 00 00 00 00 00 00 00 00 00 00
  ......?......... 00 00 00 00 00 80 3f 00 00 00 00 00 00 00 00 00
  ................ 00 00 00 00 00 00 00 00 00 00 00 00 00 00 00 00
  ................ 00 00 00 00 00 00 00 00 00 00 00 00 00 00 00 00
  ................ 00 00 00 00 00 00 00 00 00 00 00 00 00 00 00 00
  .......@47.      00 01 00 00 00 00 00 40 34 37 18
000411-000427 StringBlock "checkbox_toggle"
000428-000433 DataBlock
  ......           00 00 01 00 00 00
000434-000443 StringBlock "Checkbox"
000444-000496 DataBlock
  ................ 00 00 00 00 00 00 00 00 c9 02 00 00 9a 01 00 00
  ................ 00 00 00 00 00 00 01 00 00 00 00 01 00 00 00 00
  .............`.. 00 00 00 00 00 00 00 00 00 00 00 00 00 60 d4 d8
  .....            1b 07 00 00 00
000497-000550 ImageBlock id=100142800 xsize=49 ysize=49 path="ui\\skins\\default\\checkbox_active.png" unknown=2935881728
000551-000551 DataBlock
  .                0f
000552-000588 ImagePathBlock "ui\\skins\\default\\checkbox_hover.png"
000589-000597 DataBlock
  1...1....        31 00 00 00 31 00 00 00 00
000598-000653 ImageBlock id=196453200 xsize=49 ysize=49 path="ui\\skins\\default\\checkbox_selected.png" unknown=3775279104
000654-000654 DataBlock
  .                0b
000655-000700 ImagePathBlock "ui\\skins\\default\\checkbox_selected_hover.png"
000701-000709 DataBlock
  1...1....        31 00 00 00 31 00 00 00 00
000710-000765 ImageBlock id=1402411520 xsize=49 ysize=49 path="ui\\skins\\default\\checkbox_inactive.png" unknown=1377337344
000766-000766 DataBlock
  d                64
000767-000808 ImagePathBlock "ui\\skins\\default\\icon_check_medium_h.png"
000809-000817 DataBlock
  '...'....        27 00 00 00 27 00 00 00 00
000818-000875 ImageBlock id=1683203072 xsize=39 ysize=39 path="ui\\skins\\default\\icon_check_medium_a.png" unknown=0
000876-000884 DataBlock
  .....`...        00 0a 00 00 00 60 d4 d8 1b
000885-000892 StringBlock "active"
000893-000929 DataBlock
  ................ 1c 00 00 00 1c 00 00 00 00 00 00 00 00 00 00 00
  ................ 02 00 00 00 00 00 00 00 01 00 00 00 00 00 00 00
  .....            00 00 00 00 00
000930-000943 StringBlock "tw_troy_bold"
000944-000959 DataBlock
  ................ 0a 00 00 00 02 00 00 00 00 00 00 00 dd da fa ff
000960-000982 StringBlock "Default Font Category"
000983-001002 DataBlock
  ................ 00 00 00 00 00 00 00 00 00 00 00 00 00 00 00 00
  ....             01 00 00 00
001003-001013 T0Block "normal_t0"
001014-001029 DataBlock
  ................ 00 00 00 00 00 00 00 00 00 00 00 00 00 00 00 00
001030-001040 T0Block "normal_t0"
001041-001197 DataBlock
  ................ 00 00 00 00 00 00 00 00 00 00 00 00 00 00 00 00
  ................ 01 00 00 00 d0 0e f8 05 00 00 00 00 00 00 00 00
  ................ 1c 00 00 00 1c 00 00 00 ff ff ff ff 00 00 00 00
  ................ 00 00 00 00 00 00 00 00 00 00 00 00 00 01 01 00
  ................ 00 00 00 00 00 00 00 00 00 00 00 00 00 00 00 00
  ......?......... 00 00 00 00 00 80 3f 00 00 00 00 00 00 00 00 00
  ........... A..  00 00 00 00 00 00 00 00 00 00 00 20 41 00 00 20
  A.. A.. A,...... 41 00 00 20 41 00 00 20 41 2c 00 00 00 1e 00 00
  .........`77.... 00 01 00 00 00 00 00 00 00 60 37 37 18 00 00 00
  ...........7.    00 00 00 00 00 00 00 00 00 a0 15 37 18
001198-001203 StringBlock "down"
001204-001240 DataBlock
  ................ 1c 00 00 00 1c 00 00 00 00 00 00 00 00 00 00 00
  ................ 02 00 00 00 00 00 00 00 01 00 00 00 00 00 00 00
  .....            00 00 00 00 00
001241-001254 StringBlock "tw_troy_bold"
001255-001270 DataBlock
  ................ 0a 00 00 00 02 00 00 00 00 00 00 00 dd da fa ff
001271-001293 StringBlock "Default Font Category"
001294-001313 DataBlock
  ................ 00 00 00 00 00 00 00 00 00 00 00 00 00 00 00 00
  ....             01 00 00 00
001314-001324 T0Block "normal_t0"
001325-001340 DataBlock
  ................ 00 00 00 00 00 00 00 00 00 00 00 00 00 00 00 00
001341-001351 T0Block "normal_t0"
001352-001528 DataBlock
  ................ 00 00 00 00 00 00 00 00 00 00 00 00 00 00 00 00
  ................ 01 00 00 00 d0 0e f8 05 00 00 00 00 00 00 00 00
  ................ 1c 00 00 00 1c 00 00 00 ff ff ff ff 00 00 00 00
  ................ 00 00 00 00 00 00 00 00 00 00 00 00 00 01 01 00
  ................ 00 00 00 00 00 00 00 00 00 00 00 00 00 00 00 00
  ......?......... 00 00 00 00 00 80 3f 00 00 00 00 00 00 00 00 00
  ........... A..  00 00 00 00 00 00 00 00 00 00 00 20 41 00 00 20
  A.. A.. A....... 41 00 00 20 41 00 00 20 41 a0 00 00 00 b4 00 00
  ................ 00 02 00 00 00 01 00 00 00 00 a9 b4 0f 00 00 00
  .............@.. 00 00 00 00 00 00 00 00 00 03 00 00 00 40 d6 d8
  ................ 1b 00 00 00 00 00 00 00 00 00 00 00 00 00 a9 b4
  .                0f
001529-001538 StringBlock "down_off"
001539-001575 DataBlock
  ................ 1c 00 00 00 1c 00 00 00 00 00 00 00 00 00 00 00
  ................ 02 00 00 00 00 00 00 00 01 00 00 00 00 00 00 00
  .....            00 00 00 00 00
001576-001589 StringBlock "tw_troy_bold"
001590-001605 DataBlock
  ................ 0a 00 00 00 02 00 00 00 00 00 00 00 dd da fa ff
001606-001628 StringBlock "Default Font Category"
001629-001648 DataBlock
  ................ 00 00 00 00 00 00 00 00 00 00 00 00 00 00 00 00
  ....             01 00 00 00
001649-001659 T0Block "normal_t0"
001660-001675 DataBlock
  ................ 00 00 00 00 00 00 00 00 00 00 00 00 00 00 00 00
001676-001686 T0Block "normal_t0"
001687-001863 DataBlock
  ................ 00 00 00 00 00 00 00 00 00 00 00 00 00 00 00 00
  ................ 01 00 00 00 d0 0e f8 05 00 00 00 00 00 00 00 00
  ................ 1c 00 00 00 1c 00 00 00 ff ff ff ff 00 00 00 00
  ................ 00 00 00 00 00 00 00 00 00 00 00 00 00 01 01 00
  ................ 00 00 00 00 00 00 00 00 00 00 00 00 00 00 00 00
  ......?......... 00 00 00 00 00 80 3f 00 00 00 00 00 00 00 00 00
  ........... A..  00 00 00 00 00 00 00 00 00 00 00 20 41 00 00 20
  A.. A.. A-...... 41 00 00 20 41 00 00 20 41 2d 00 00 00 03 01 00
  ...........7.... 00 02 00 00 00 00 00 00 00 a0 15 37 18 00 00 00
  .............`.. 00 00 00 00 00 00 00 00 00 08 00 00 00 60 d4 d8
  .............`77 1b 00 00 00 00 00 00 00 00 00 00 00 00 60 37 37
  .                18
001864-001870 StringBlock "hover"
001871-001907 DataBlock
  ................ 1c 00 00 00 1c 00 00 00 00 00 00 00 02 00 00 00
  ................ 00 00 00 00 00 00 00 00 01 00 00 00 00 00 00 00
  .....            00 00 00 00 00
001908-001921 StringBlock "tw_troy_bold"
001922-001937 DataBlock
  ................ 0a 00 00 00 02 00 00 00 00 00 00 00 dd da fa ff
001938-001960 StringBlock "Default Font Category"
001961-001980 DataBlock
  ................ 00 00 00 00 00 00 00 00 00 00 00 00 00 00 00 00
  ....             01 00 00 00
001981-001991 T0Block "normal_t0"
001992-002007 DataBlock
  ................ 00 00 00 00 00 00 00 00 00 00 00 00 00 00 00 00
002008-002018 T0Block "normal_t0"
002019-002195 DataBlock
  ................ 00 00 00 00 00 00 00 00 00 00 00 00 00 00 00 00
  ................ 01 00 00 00 00 fe ae 0f 00 00 00 00 00 00 00 00
  ................ 1c 00 00 00 1c 00 00 00 ff ff ff ff 00 00 00 00
  ................ 00 00 00 00 00 00 00 00 00 00 00 00 00 01 01 00
  ................ 00 00 00 00 00 00 00 00 00 00 00 00 00 00 00 00
  ......?......... 00 00 00 00 00 80 3f 00 00 00 00 00 00 00 00 00
  ........... A..  00 00 00 00 00 00 00 00 00 00 00 20 41 00 00 20
  A.. A.. A....^.. 41 00 00 20 41 00 00 20 41 9b 00 00 00 5e 00 00
  .........`...... 00 02 00 00 00 01 00 00 00 60 d4 d8 1b 00 00 00
  ...............7 00 00 00 00 00 00 00 00 00 02 00 00 00 a0 15 37
  ...............7 18 00 00 00 00 00 00 00 00 00 00 00 00 a0 17 37
  .                18
002196-002205 StringBlock "inactive"
002206-002242 DataBlock
  ................ 1c 00 00 00 1c 00 00 00 00 00 00 00 02 00 00 00
  ................ 00 00 00 00 00 00 00 00 01 00 00 00 00 00 00 00
  .....            00 00 00 00 00
002243-002256 StringBlock "tw_troy_bold"
002257-002272 DataBlock
  ................ 0a 00 00 00 02 00 00 00 00 00 00 00 dd da fa ff
002273-002295 StringBlock "Default Font Category"
002296-002315 DataBlock
  ................ 00 00 00 00 00 00 00 00 00 00 00 00 00 00 00 00
  ....             01 01 00 00
002316-002326 T0Block "normal_t0"
002327-002342 DataBlock
  ...?...?........ 00 00 80 3f 00 00 00 3f 00 00 00 00 00 00 00 00
002343-002353 T0Block "normal_t0"
002354-002490 DataBlock
  ................ 00 00 00 00 00 00 00 00 00 00 00 00 00 00 00 00
  .......S........ 01 00 00 00 00 1a 97 53 00 00 00 00 00 00 00 00
  ................ 1c 00 00 00 1c 00 00 00 ff ff ff ff 00 00 00 00
  ................ 00 00 00 00 00 00 00 00 00 00 00 00 00 01 01 00
  ................ 00 00 00 00 00 00 00 00 00 00 00 00 00 00 00 00
  ......?......... 00 00 00 00 00 80 3f 00 00 00 00 00 00 00 00 00
  ........... A..  00 00 00 00 00 00 00 00 00 00 00 20 41 00 00 20
  A.. A.. A....... 41 00 00 20 41 00 00 20 41 00 00 00 00 00 00 00
  .........        00 00 00 00 00 e0 ac b4 0f
002491-002500 StringBlock "selected"
002501-002537 DataBlock
  ................ 1c 00 00 00 1c 00 00 00 00 00 00 00 02 00 00 00
  ................ 00 00 00 00 00 00 00 00 01 00 00 00 00 00 00 00
  .....            00 00 00 00 00
002538-002551 StringBlock "tw_troy_bold"
002552-002567 DataBlock
  ................ 0a 00 00 00 02 00 00 00 00 00 00 00 dd da fa ff
002568-002590 StringBlock "Default Font Category"
002591-002610 DataBlock
  ................ 00 00 00 00 00 00 00 00 00 00 00 00 00 00 00 00
  ....             01 00 00 00
002611-002621 T0Block "normal_t0"
002622-002637 DataBlock
  ................ 00 00 00 00 00 00 00 00 00 00 00 00 00 00 00 00
002638-002648 T0Block "normal_t0"
002649-002836 DataBlock
  ................ 00 00 00 00 00 00 00 00 00 00 00 00 00 00 00 00
  ....P........... 02 00 00 00 50 a3 b5 0b 00 00 00 00 00 00 00 00
  ................ 1c 00 00 00 1c 00 00 00 ff ff ff ff 00 00 00 00
  ................ 00 00 00 00 00 00 00 00 00 00 00 00 00 01 01 00
  ................ 00 00 00 00 00 00 00 00 00 00 00 00 00 00 00 00
  ......?......... 00 00 00 00 00 80 3f 00 00 00 00 00 00 00 00 00
  ........... A..  00 00 00 00 00 00 00 00 00 00 00 20 41 00 00 20
  A.. A.. A..Sd... 41 00 00 20 41 00 00 20 41 00 a4 53 64 00 00 00
  ................ 00 ff ff ff ff 1c 00 00 00 1c 00 00 00 ff ff ff
  ................ ff 00 00 00 00 00 00 00 00 00 00 00 00 00 00 00
  ................ 00 00 01 01 00 00 00 00 00 00 00 00 00 00 00 00
  ...........?     00 00 00 00 00 00 00 00 00 00 80 3f
002837-002849 T0Block "brighten_t0"
002850-002917 DataBlock
  ...?............ 00 00 80 3f 00 00 00 00 00 00 00 00 00 00 00 00
  ................ 00 00 00 00 00 00 00 00 00 00 00 00 00 00 00 00
  ............... 7f 01 00 00 f1 00 00 00 01 00 00 00 00 00 00 00
  @............... 40 d6 d8 1b 00 00 00 00 00 00 00 00 00 00 00 00
  ....             10 a7 b4 0f
002918-002932 StringBlock "selected_down"
002933-002969 DataBlock
  ................ 1c 00 00 00 1c 00 00 00 00 00 00 00 02 00 00 00
  ................ 00 00 00 00 00 00 00 00 01 00 00 00 00 00 00 00
  .....            00 00 00 00 00
002970-002983 StringBlock "tw_troy_bold"
002984-002999 DataBlock
  ................ 0a 00 00 00 02 00 00 00 00 00 00 00 dd da fa ff
003000-003022 StringBlock "Default Font Category"
003023-003042 DataBlock
  ................ 00 00 00 00 00 00 00 00 00 00 00 00 00 00 00 00
  ....             01 00 00 00
003043-003053 T0Block "normal_t0"
003054-003069 DataBlock
  ................ 00 00 00 00 00 00 00 00 00 00 00 00 00 00 00 00
003070-003080 T0Block "normal_t0"
003081-003358 DataBlock
  ................ 00 00 00 00 00 00 00 00 00 00 00 00 00 00 00 00
  ....P........... 02 00 00 00 50 a3 b5 0b 00 00 00 00 00 00 00 00
  ................ 1c 00 00 00 1c 00 00 00 ff ff ff ff 00 00 00 00
  ................ 00 00 00 00 00 00 00 00 00 00 00 00 00 01 01 00
  ................ 00 00 00 00 00 00 00 00 00 00 00 00 00 00 00 00
  ......?......... 00 00 00 00 00 80 3f 00 00 00 00 00 00 00 00 00
  ........... A..  00 00 00 00 00 00 00 00 00 00 00 20 41 00 00 20
  A.. A.. A..Sd... 41 00 00 20 41 00 00 20 41 00 a4 53 64 00 00 00
  ................ 00 00 00 00 00 1c 00 00 00 1c 00 00 00 ff ff ff
  ................ b4 00 00 00 00 00 00 00 00 00 00 00 00 00 00 00
  ................ 00 00 01 01 00 00 00 00 00 00 00 00 00 00 00 00
  ...........?.... 00 00 00 00 00 00 00 00 00 00 80 3f 00 00 00 00
  ................ 00 00 00 00 00 00 00 00 00 00 00 00 00 00 00 00
  ................ 00 00 00 00 00 00 00 00 00 00 00 00 00 00 04 01
  ..\...........`. 00 00 5c 00 00 00 02 00 00 00 01 00 00 00 60 b5
  ................ b4 0f 00 00 00 00 00 00 00 00 00 00 00 00 03 00
  ..`77........... 00 00 60 37 37 18 00 00 00 00 00 00 00 00 00 00
  ..`...           00 00 60 b5 b4 0f
003359-003377 StringBlock "selected_down_off"
003378-003414 DataBlock
  ................ 1c 00 00 00 1c 00 00 00 00 00 00 00 02 00 00 00
  ................ 00 00 00 00 00 00 00 00 01 00 00 00 00 00 00 00
  .....            00 00 00 00 00
003415-003428 StringBlock "tw_troy_bold"
003429-003444 DataBlock
  ................ 0a 00 00 00 02 00 00 00 00 00 00 00 dd da fa ff
003445-003467 StringBlock "Default Font Category"
003468-003487 DataBlock
  ................ 00 00 00 00 00 00 00 00 00 00 00 00 00 00 00 00
  ....             01 00 00 00
003488-003498 T0Block "normal_t0"
003499-003514 DataBlock
  ................ 00 00 00 00 00 00 00 00 00 00 00 00 00 00 00 00
003515-003525 T0Block "normal_t0"
003526-003803 DataBlock
  ................ 00 00 00 00 00 00 00 00 00 00 00 00 00 00 00 00
  ....P........... 02 00 00 00 50 a3 b5 0b 00 00 00 00 00 00 00 00
  ................ 1c 00 00 00 1c 00 00 00 ff ff ff ff 00 00 00 00
  ................ 00 00 00 00 00 00 00 00 00 00 00 00 00 01 01 00
  ................ 00 00 00 00 00 00 00 00 00 00 00 00 00 00 00 00
  ......?......... 00 00 00 00 00 80 3f 00 00 00 00 00 00 00 00 00
  ........... A..  00 00 00 00 00 00 00 00 00 00 00 20 41 00 00 20
  A.. A.. A..Sd... 41 00 00 20 41 00 00 20 41 00 a4 53 64 00 00 00
  ................ 00 ff ff ff ff 1c 00 00 00 1c 00 00 00 ff ff ff
  ................ ff 00 00 00 00 00 00 00 00 00 00 00 00 00 00 00
  ................ 00 00 01 01 00 00 00 00 00 00 00 00 00 00 00 00
  ...........?.... 00 00 00 00 00 00 00 00 00 00 80 3f 00 00 00 00
  ................ 00 00 00 00 00 00 00 00 00 00 00 00 00 00 00 00
  ..............y. 00 00 00 00 00 00 00 00 00 00 00 00 00 00 79 01
  .."............. 00 00 22 00 00 00 02 00 00 00 00 00 00 00 10 a7
  ................ b4 0f 00 00 00 00 00 00 00 00 00 00 00 00 08 00
  ................ 00 00 e0 ac b4 0f 00 00 00 00 00 00 00 00 00 00
  ..@...           00 00 40 d6 d8 1b
003804-003819 StringBlock "selected_hover"
003820-003856 DataBlock
  ................ 1c 00 00 00 1c 00 00 00 00 00 00 00 02 00 00 00
  ................ 00 00 00 00 00 00 00 00 01 00 00 00 00 00 00 00
  .....            00 00 00 00 00
003857-003870 StringBlock "tw_troy_bold"
003871-003886 DataBlock
  ................ 0a 00 00 00 02 00 00 00 00 00 00 00 dd da fa ff
003887-003909 StringBlock "Default Font Category"
003910-003929 DataBlock
  ................ 00 00 00 00 00 00 00 00 00 00 00 00 00 00 00 00
  ....             01 00 00 00
003930-003940 T0Block "normal_t0"
003941-003956 DataBlock
  ................ 00 00 00 00 00 00 00 00 00 00 00 00 00 00 00 00
003957-003967 T0Block "normal_t0"
003968-004155 DataBlock
  ................ 00 00 00 00 00 00 00 00 00 00 00 00 00 00 00 00
  ....0........... 02 00 00 00 30 06 e1 0b 00 00 00 00 00 00 00 00
  ................ 1c 00 00 00 1c 00 00 00 ff ff ff ff 00 00 00 00
  ................ 00 00 00 00 00 00 00 00 00 00 00 00 00 01 01 00
  ................ 00 00 00 00 00 00 00 00 00 00 00 00 00 00 00 00
  ......?......... 00 00 00 00 00 80 3f 00 00 00 00 00 00 00 00 00
  ........... A..  00 00 00 00 00 00 00 00 00 00 00 20 41 00 00 20
  A.. A.. A..Rd... 41 00 00 20 41 00 00 20 41 80 18 52 64 00 00 00
  ................ 00 ff ff ff ff 1c 00 00 00 1c 00 00 00 ff ff ff
  ................ ff 00 00 00 00 00 00 00 00 00 00 00 00 00 00 00
  ................ 00 00 01 01 00 00 00 00 00 00 00 00 00 00 00 00
  ...........?     00 00 00 00 00 00 00 00 00 00 80 3f
004156-004168 T0Block "brighten_t0"
004169-004256 DataBlock
  ...?............ 00 00 80 3f 00 00 00 00 00 00 00 00 00 00 00 00
  ................ 00 00 00 00 00 00 00 00 00 00 00 00 00 00 00 00
  ................ 06 01 00 00 b4 00 00 00 02 00 00 00 01 00 00 00
  ................ e0 ac b4 0f 00 00 00 00 00 00 00 00 00 00 00 00
  ................ 02 00 00 00 10 a7 b4 0f 00 00 00 00 00 00 00 00
  ........         00 00 00 00 f0 aa b4 0f
004257-004275 StringBlock "selected_inactive"
004276-004312 DataBlock
  ................ 1c 00 00 00 1c 00 00 00 00 00 00 00 02 00 00 00
  ................ 00 00 00 00 00 00 00 00 01 00 00 00 00 00 00 00
  .....            00 00 00 00 00
004313-004326 StringBlock "tw_troy_bold"
004327-004342 DataBlock
  ................ 0a 00 00 00 02 00 00 00 00 00 00 00 dd da fa ff
004343-004365 StringBlock "Default Font Category"
004366-004385 DataBlock
  ................ 00 00 00 00 00 00 00 00 00 00 00 00 00 00 00 00
  ....             01 01 00 00
004386-004403 T0Block "set_greyscale_t0"
004404-004419 DataBlock
  ...>...?........ cd cc cc 3e 00 00 80 3f 00 00 00 00 00 00 00 00
004420-004430 T0Block "normal_t0"
004431-004681 DataBlock
  ................ 00 00 00 00 00 00 00 00 00 00 00 00 00 00 00 00
  ....P........... 02 00 00 00 50 a3 b5 0b 00 00 00 00 00 00 00 00
  ................ 1c 00 00 00 1c 00 00 00 ff ff ff b4 00 00 00 00
  ................ 00 00 00 00 00 00 00 00 00 00 00 00 00 01 01 00
  ................ 00 00 00 00 00 00 00 00 00 00 00 00 00 00 00 00
  ......?......... 00 00 00 00 00 80 3f 00 00 00 00 00 00 00 00 00
  ........... A..  00 00 00 00 00 00 00 00 00 00 00 20 41 00 00 20
  A.. A.. A..Rd... 41 00 00 20 41 00 00 20 41 80 18 52 64 00 00 00
  ................ 00 00 00 00 00 1c 00 00 00 1c 00 00 00 ff ff ff
  ................ b4 00 00 00 00 00 00 00 00 00 00 00 00 00 00 00
  ................ 00 00 01 01 00 00 00 00 00 00 00 00 00 00 00 00
  ...........?.... 00 00 00 00 00 00 00 00 00 00 80 3f 00 00 00 00
  ................ 00 00 00 00 00 00 00 00 00 00 00 00 00 00 00 00
  ................ 00 00 00 00 00 00 00 00 00 00 00 00 00 00 00 00
  ..............<. 00 00 00 00 00 00 00 00 00 00 00 00 00 00 3c 00
  ...........      00 00 00 00 00 00 00 00 00 00 00
004682-004702 StringBlock "UI_GBL_TMP_CheckBox"
004703-004743 DataBlock
  ..........?..... 00 00 00 00 00 00 00 00 00 80 3f 00 00 00 00 00
  ................ 00 00 00 00 00 00 00 00 00 00 00 00 00 00 00 80
  ?........        3f 00 00 00 00 00 00 00 00
