000000-000009 VersionBlock 121
000010-000013 RootIDBlock 427855296
000014-000019 StringBlock "root"
000020-000021 StringBlock ""
000022-000025 XOffsetBlock 0
000026-000029 YOffsetBlock 0
000030-000093 DataBlock
  ................ 00 00 00 00 01 01 00 00 00 00 01 00 00 00 00 01
  ................ 00 00 00 00 00 00 00 00 00 00 00 00 00 00 00 00
  . .............. 00 20 9b 80 19 01 00 00 00 a0 ca 80 19 00 00 a0
  ................ 05 00 00 84 03 00 00 00 00 00 00 00 01 00 00 00
000094-000097 StateIDBlock 427858720
000098-000107 StateNameBlock "NewState"
000108-000111 XSizeBlock 1440
000112-000115 YSizeBlock 900
000116-000144 DataBlock
  ................ 00 00 00 00 02 00 00 00 00 00 00 00 00 00 00 00
  .............    01 00 00 00 00 00 00 00 00 00 00 00 00
000145-000158 StringBlock "tw_troy_bold"
000159-000174 DataBlock
  ................ 0a 00 00 00 02 00 00 00 00 00 00 00 dd da fa ff
000175-000197 StringBlock "Default Font Category"
000198-000217 DataBlock
  ................ 00 00 00 00 00 00 00 00 00 00 00 00 00 00 00 00
  ....             01 00 00 00
000218-000228 ShaderNameBlock "normal_t0"
000229-000232 ShaderVariableBlock 0.0 (0)
000233-000236 ShaderVariableBlock 0.0 (0)
000237-000240 ShaderVariableBlock 0.0 (0)
000241-000244 ShaderVariableBlock 0.0 (0)
000245-000255 ShaderNameBlock "normal_t0"
000256-000259 ShaderVariableBlock 0.0 (0)
000260-000263 ShaderVariableBlock 0.0 (0)
000264-000267 ShaderVariableBlock 0.0 (0)
000268-000271 ShaderVariableBlock 0.0 (0)
000272-000410 DataBlock
  ................ 01 00 00 00 a0 ca 80 19 00 00 00 00 00 00 00 00
  ................ a0 05 00 00 84 03 00 00 f0 f0 f0 ff 00 00 00 00
  ................ 00 00 00 00 00 00 00 00 00 00 00 00 00 01 01 00
  ................ 00 00 00 00 00 00 00 00 00 00 00 00 00 00 00 00
  ......?......... 00 00 00 00 00 80 3f 00 00 00 00 00 00 00 00 00
  ................ 00 00 00 00 00 00 00 00 00 00 00 00 00 00 00 00
  ................ 00 00 00 00 00 00 00 00 00 00 00 00 00 00 00 00
  ................ 00 00 00 00 00 00 00 00 00 00 00 00 00 00 00 00
  ........a.8      00 01 00 00 00 00 00 a8 61 99 38
000411-000425 StringBlock "parchment_row"
000426-000476 DataBlock
  ......X......... 00 00 00 00 00 00 58 02 00 00 b2 01 00 00 01 00
  ................ 00 00 00 00 01 00 00 00 00 01 00 00 00 00 05 00
  ............t.2. 00 00 00 00 00 00 00 00 00 00 00 18 74 9f 32 03
  ...              00 00 00
000477-000532 ImageBlockGen2 id=949170360 xsize=256 ysize=256 path="ui\\skins\\default\\parchament_texture_02"
000533-000533 DataBlock
  .                00
000534-000585 ImageBlockGen2 id=816723992 xsize=128 ysize=128 path="ui\\skins\\default\\plate_border_thin"
000586-000586 DataBlock
  .                00
000587-000642 ImageBlockGen2 id=1135388848 xsize=256 ysize=256 path="ui\\skins\\default\\parchament_texture_04"
000643-000655 DataBlock
  .........(d.2    00 00 00 00 00 0a 00 00 00 28 64 9f 32
000656-000661 StringBlock "down"
000662-000698 DataBlock
  .... ........... f0 00 00 00 20 00 00 00 00 00 00 00 02 00 00 00
  ................ 00 00 00 00 00 00 00 00 01 00 00 00 00 00 00 00
  .....            00 00 00 00 00
000699-000712 StringBlock "tw_troy_bold"
000713-000728 DataBlock
  ................ 0a 00 00 00 02 00 00 00 00 00 00 00 dd da fa ff
000729-000751 StringBlock "Default Font Category"
000752-000771 DataBlock
  ................ 00 00 00 00 00 00 00 00 00 00 00 00 00 00 00 00
  ....             01 00 00 00
000772-000782 ShaderNameBlock "normal_t0"
000783-000786 ShaderVariableBlock 0.0 (0)
000787-000790 ShaderVariableBlock 0.0 (0)
000791-000794 ShaderVariableBlock 0.0 (0)
000795-000798 ShaderVariableBlock 0.0 (0)
000799-000809 ShaderNameBlock "normal_t0"
000810-000813 ShaderVariableBlock 0.0 (0)
000814-000817 ShaderVariableBlock 0.0 (0)
000818-000821 ShaderVariableBlock 0.0 (0)
000822-000825 ShaderVariableBlock 0.0 (0)
000826-000829 DataBlock
  ....             02 00 00 00
000830-000853 ImageUseBlock id=949170360 xofs=0 yofs=0 xsize=240 ysize=32 bgra=bgra(255,255,255,120)
000854-000896 DataBlock
  ................ 00 00 01 00 00 00 00 00 00 00 00 00 00 00 00 00
  ................ 00 01 01 00 00 00 00 00 00 00 00 00 00 00 00 00
  ..........?      00 00 00 00 00 00 00 00 00 80 3f
000897-000909 ShaderNameBlock "brighten_t0"
000910-000913 ShaderVariableBlock -0.20000000298023224 (3192704205)
000914-000917 ShaderVariableBlock 0.0 (0)
000918-000921 ShaderVariableBlock 0.0 (0)
000922-000925 ShaderVariableBlock 0.0 (0)
000926-000941 DataBlock
  ................ 00 00 00 00 00 00 00 00 00 00 00 00 00 00 00 00
000942-000965 ImageUseBlock id=816723992 xofs=0 yofs=0 xsize=240 ysize=32 bgra=bgra(91,173,255,20)
000966-000973 StringBlock "orange"
000974-001104 DataBlock
  ................ 00 00 00 00 00 00 00 00 00 00 00 00 00 00 00 01
  ................ 01 00 00 00 00 00 00 00 00 00 00 00 00 00 00 00
  ........?....... 00 00 00 00 00 00 00 80 3f 00 00 00 00 00 00 00
  ..............@. 00 00 00 00 00 00 00 00 00 00 00 00 00 80 40 00
  ..@...@...@..... 00 80 40 00 00 80 40 00 00 80 40 ae 00 00 00 ed
  ............f.2. 00 00 00 02 00 00 00 01 00 00 00 d0 66 9f 32 00
  ................ 00 00 00 00 00 00 00 00 00 00 00 03 00 00 00 88
  Y.2............. 59 9f 32 00 00 00 00 00 00 00 00 00 00 00 00 d0
  f.2              66 9f 32
001105-001114 StringBlock "down_off"
001115-001151 DataBlock
  .... ........... f0 00 00 00 20 00 00 00 00 00 00 00 02 00 00 00
  ................ 00 00 00 00 00 00 00 00 01 00 00 00 00 00 00 00
  .....            00 00 00 00 00
001152-001165 StringBlock "tw_troy_bold"
001166-001181 DataBlock
  ................ 0a 00 00 00 02 00 00 00 00 00 00 00 dd da fa ff
001182-001204 StringBlock "Default Font Category"
001205-001224 DataBlock
  ................ 00 00 00 00 00 00 00 00 00 00 00 00 00 00 00 00
  ....             01 00 00 00
001225-001235 ShaderNameBlock "normal_t0"
001236-001239 ShaderVariableBlock 0.0 (0)
001240-001243 ShaderVariableBlock 0.0 (0)
001244-001247 ShaderVariableBlock 0.0 (0)
001248-001251 ShaderVariableBlock 0.0 (0)
001252-001262 ShaderNameBlock "normal_t0"
001263-001266 ShaderVariableBlock 0.0 (0)
001267-001270 ShaderVariableBlock 0.0 (0)
001271-001274 ShaderVariableBlock 0.0 (0)
001275-001278 ShaderVariableBlock 0.0 (0)
001279-001282 DataBlock
  ....             01 00 00 00
001283-001306 ImageUseBlock id=949170360 xofs=0 yofs=0 xsize=240 ysize=32 bgra=bgra(255,255,255,120)
001307-001439 DataBlock
  ................ 00 00 01 00 00 00 00 00 00 00 00 00 00 00 00 00
  ................ 00 01 01 00 00 00 00 00 00 00 00 00 00 00 00 00
  ..........?..... 00 00 00 00 00 00 00 00 00 80 3f 00 00 00 00 00
  ................ 00 00 00 00 00 00 00 00 00 00 00 00 00 00 00 00
  ................ 00 00 00 00 00 00 00 00 00 00 00 00 00 16 00 00
  .$...........(d. 00 24 01 00 00 02 00 00 00 00 00 00 00 28 64 9f
  2............... 32 00 00 00 00 00 00 00 00 00 00 00 00 08 00 00
  ..t.2........... 00 18 74 9f 32 00 00 00 00 00 00 00 00 00 00 00
  ..Y.2            00 88 59 9f 32
001440-001446 StringBlock "hover"
001447-001483 DataBlock
  .... ........... f0 00 00 00 20 00 00 00 00 00 00 00 02 00 00 00
  ................ 00 00 00 00 00 00 00 00 01 00 00 00 00 00 00 00
  .....            00 00 00 00 00
001484-001497 StringBlock "tw_troy_bold"
001498-001513 DataBlock
  ................ 0a 00 00 00 02 00 00 00 00 00 00 00 dd da fa ff
001514-001536 StringBlock "Default Font Category"
001537-001556 DataBlock
  ................ 00 00 00 00 00 00 00 00 00 00 00 00 00 00 00 00
  ....             01 00 00 00
001557-001567 ShaderNameBlock "normal_t0"
001568-001571 ShaderVariableBlock 0.0 (0)
001572-001575 ShaderVariableBlock 0.0 (0)
001576-001579 ShaderVariableBlock 0.0 (0)
001580-001583 ShaderVariableBlock 0.0 (0)
001584-001594 ShaderNameBlock "normal_t0"
001595-001598 ShaderVariableBlock 0.0 (0)
001599-001602 ShaderVariableBlock 0.0 (0)
001603-001606 ShaderVariableBlock 0.0 (0)
001607-001610 ShaderVariableBlock 0.0 (0)
001611-001614 DataBlock
  ....             02 00 00 00
001615-001638 ImageUseBlock id=949170360 xofs=0 yofs=0 xsize=240 ysize=32 bgra=bgra(255,255,255,255)
001639-001681 DataBlock
  ................ 00 00 01 00 00 00 00 00 00 00 00 00 00 00 00 00
  ................ 00 01 01 00 00 00 00 00 00 00 00 00 00 00 00 00
  ..........?      00 00 00 00 00 00 00 00 00 80 3f
001682-001694 ShaderNameBlock "brighten_t0"
001695-001698 ShaderVariableBlock 0.30000001192092896 (1050253722)
001699-001702 ShaderVariableBlock 0.0 (0)
001703-001706 ShaderVariableBlock 0.0 (0)
001707-001710 ShaderVariableBlock 0.0 (0)
001711-001726 DataBlock
  ................ 00 00 00 00 00 00 00 00 00 00 00 00 00 00 00 00
001727-001750 ImageUseBlock id=816723992 xofs=0 yofs=0 xsize=240 ysize=32 bgra=bgra(91,173,255,20)
001751-001758 StringBlock "orange"
001759-001889 DataBlock
  ................ 00 00 00 00 00 00 00 00 00 00 00 00 00 00 00 01
  ................ 01 00 00 00 00 00 00 00 00 00 00 00 00 00 00 00
  ........?....... 00 00 00 00 00 00 00 80 3f 00 00 00 00 00 00 00
  ..............@. 00 00 00 00 00 00 00 00 00 00 00 00 00 80 40 00
  ..@...@...@....z 00 80 40 00 00 80 40 00 00 80 40 b4 00 00 00 7a
  ............t.2d 00 00 00 02 00 00 00 01 00 00 00 18 74 9f 32 64
  ...]...........( 00 00 00 5d 00 00 00 00 00 00 00 02 00 00 00 28
  d.2............. 64 9f 32 00 00 00 00 00 00 00 00 00 00 00 00 08
  /.2              2f 9f 32
001890-001898 StringBlock "invalid"
001899-001935 DataBlock
  .... ........... f0 00 00 00 20 00 00 00 00 00 00 00 02 00 00 00
  ................ 00 00 00 00 00 00 00 00 01 00 00 00 00 00 00 00
  .....            00 00 00 00 00
001936-001949 StringBlock "tw_troy_bold"
001950-001965 DataBlock
  ................ 0a 00 00 00 02 00 00 00 00 00 00 00 dd da fa ff
001966-001988 StringBlock "Default Font Category"
001989-002008 DataBlock
  ................ 00 00 00 00 00 00 00 00 00 00 00 00 00 00 00 00
  ....             01 00 00 00
002009-002026 ShaderNameBlock "set_greyscale_t0"
002027-002030 ShaderVariableBlock 0.6000000238418579 (1058642330)
002031-002034 ShaderVariableBlock 0.6000000238418579 (1058642330)
002035-002038 ShaderVariableBlock 0.0 (0)
002039-002042 ShaderVariableBlock 0.0 (0)
002043-002053 ShaderNameBlock "normal_t0"
002054-002057 ShaderVariableBlock 0.0 (0)
002058-002061 ShaderVariableBlock 0.0 (0)
002062-002065 ShaderVariableBlock 0.0 (0)
002066-002069 ShaderVariableBlock 0.0 (0)
002070-002073 DataBlock
  ....             01 00 00 00
002074-002097 ImageUseBlock id=949170360 xofs=0 yofs=0 xsize=240 ysize=32 bgra=bgra(255,255,255,120)
002098-002190 DataBlock
  ................ 00 00 01 00 00 00 00 00 00 00 00 00 00 00 00 00
  ................ 00 01 01 00 00 00 00 00 00 00 00 00 00 00 00 00
  ..........?..... 00 00 00 00 00 00 00 00 00 80 3f 00 00 00 00 00
  ................ 00 00 00 00 00 00 00 00 00 00 00 00 00 00 00 00
  .............5.. 00 00 00 00 00 00 00 00 00 00 00 00 00 35 00 00
  ..........n.2    00 2e 00 00 00 00 00 00 00 c8 6e 9f 32
002191-002200 StringBlock "selected"
002201-002237 DataBlock
  .... ........... f0 00 00 00 20 00 00 00 00 00 00 00 02 00 00 00
  ................ 00 00 00 00 00 00 00 00 01 00 00 00 00 00 00 00
  .....            00 00 00 00 00
002238-002251 StringBlock "tw_troy_bold"
002252-002267 DataBlock
  ................ 0a 00 00 00 02 00 00 00 00 00 00 00 dd da fa ff
002268-002290 StringBlock "Default Font Category"
002291-002310 DataBlock
  ................ 00 00 00 00 00 00 00 00 00 00 00 00 00 00 00 00
  ....             01 00 00 00
002311-002321 ShaderNameBlock "normal_t0"
002322-002325 ShaderVariableBlock 0.0 (0)
002326-002329 ShaderVariableBlock 0.0 (0)
002330-002333 ShaderVariableBlock 0.0 (0)
002334-002337 ShaderVariableBlock 0.0 (0)
002338-002348 ShaderNameBlock "normal_t0"
002349-002352 ShaderVariableBlock 0.0 (0)
002353-002356 ShaderVariableBlock 0.0 (0)
002357-002360 ShaderVariableBlock 0.0 (0)
002361-002364 ShaderVariableBlock 0.0 (0)
002365-002368 DataBlock
  ....             03 00 00 00
002369-002392 ImageUseBlock id=949170360 xofs=0 yofs=0 xsize=240 ysize=32 bgra=bgra(255,255,255,255)
002393-002435 DataBlock
  ................ 00 00 01 00 00 00 00 00 00 00 00 00 00 00 00 00
  ................ 00 01 01 00 00 00 00 00 00 00 00 00 00 00 00 00
  ..........?      00 00 00 00 00 00 00 00 00 80 3f
002436-002450 ShaderNameBlock "glow_pulse_t0"
002451-002454 ShaderVariableBlock 1.5 (1069547520)
002455-002458 ShaderVariableBlock 1.2799999713897705 (1067702026)
002459-002462 ShaderVariableBlock 2.0 (1073741824)
002463-002466 ShaderVariableBlock 0.0 (0)
002467-002482 DataBlock
  ................ 00 00 00 00 00 00 00 00 00 00 00 00 00 00 00 00
002483-002506 ImageUseBlock id=1135388848 xofs=0 yofs=0 xsize=240 ysize=32 bgra=bgra(255,255,255,120)
002507-002583 DataBlock
  ................ 00 00 01 00 00 00 00 00 00 00 00 00 00 00 00 00
  ................ 00 01 01 00 00 00 00 00 00 00 00 00 00 00 00 00
  ..........?..... 00 00 00 00 00 00 00 00 00 80 3f 00 00 00 00 00
  ................ 00 00 00 00 00 00 00 00 00 00 00 00 00 00 00 00
  .............    00 00 00 00 00 00 00 00 00 00 00 00 00
002584-002607 ImageUseBlock id=816723992 xofs=0 yofs=0 xsize=240 ysize=32 bgra=bgra(91,173,255,20)
002608-002615 StringBlock "orange"
002616-002726 DataBlock
  ................ 00 00 00 00 00 00 00 00 00 00 00 00 00 00 00 01
  ................ 01 00 00 00 00 00 00 00 00 00 00 00 00 00 00 00
  ........?....... 00 00 00 00 00 00 00 80 3f 00 00 00 00 00 00 00
  ..............@. 00 00 00 00 00 00 00 00 00 00 00 00 00 80 40 00
  ..@...@...@7.... 00 80 40 00 00 80 40 00 00 80 40 37 01 00 00 03
  ............<./. 01 00 00 01 00 00 00 00 00 00 00 18 3c d0 2f 00
  ...........H..0  00 00 00 00 00 00 00 00 00 00 00 48 a5 98 30
002727-002741 StringBlock "selected_down"
002742-002778 DataBlock
  .... ........... f0 00 00 00 20 00 00 00 00 00 00 00 02 00 00 00
  ................ 00 00 00 00 00 00 00 00 01 00 00 00 00 00 00 00
  .....            00 00 00 00 00
002779-002792 StringBlock "tw_troy_bold"
002793-002808 DataBlock
  ................ 0a 00 00 00 02 00 00 00 00 00 00 00 dd da fa ff
002809-002831 StringBlock "Default Font Category"
002832-002851 DataBlock
  ................ 00 00 00 00 00 00 00 00 00 00 00 00 00 00 00 00
  ....             01 00 00 00
002852-002862 ShaderNameBlock "normal_t0"
002863-002866 ShaderVariableBlock 0.0 (0)
002867-002870 ShaderVariableBlock 0.0 (0)
002871-002874 ShaderVariableBlock 0.0 (0)
002875-002878 ShaderVariableBlock 0.0 (0)
002879-002889 ShaderNameBlock "normal_t0"
002890-002893 ShaderVariableBlock 0.0 (0)
002894-002897 ShaderVariableBlock 0.0 (0)
002898-002901 ShaderVariableBlock 0.0 (0)
002902-002905 ShaderVariableBlock 0.0 (0)
002906-002909 DataBlock
  ....             03 00 00 00
002910-002933 ImageUseBlock id=949170360 xofs=0 yofs=0 xsize=240 ysize=32 bgra=bgra(255,255,255,255)
002934-002976 DataBlock
  ................ 00 00 01 00 00 00 00 00 00 00 00 00 00 00 00 00
  ................ 00 01 01 00 00 00 00 00 00 00 00 00 00 00 00 00
  ..........?      00 00 00 00 00 00 00 00 00 80 3f
002977-002989 ShaderNameBlock "brighten_t0"
002990-002993 ShaderVariableBlock 0.10000000149011612 (1036831949)
002994-002997 ShaderVariableBlock 0.0 (0)
002998-003001 ShaderVariableBlock 0.0 (0)
003002-003005 ShaderVariableBlock 0.0 (0)
003006-003021 DataBlock
  ................ 00 00 00 00 00 00 00 00 00 00 00 00 00 00 00 00
003022-003045 ImageUseBlock id=949170360 xofs=0 yofs=0 xsize=240 ysize=32 bgra=bgra(255,255,255,80)
003046-003088 DataBlock
  ................ 00 00 01 00 00 00 00 00 00 00 00 00 00 00 00 00
  ................ 00 01 01 00 00 00 00 00 00 00 00 00 00 00 00 00
  ..........?      00 00 00 00 00 00 00 00 00 80 3f
003089-003101 ShaderNameBlock "brighten_t0"
003102-003105 ShaderVariableBlock -0.20000000298023224 (3192704205)
003106-003109 ShaderVariableBlock 1.2000000476837158 (1067030938)
003110-003113 ShaderVariableBlock 2.0 (1073741824)
003114-003117 ShaderVariableBlock 0.0 (0)
003118-003133 DataBlock
  ................ 00 00 00 00 00 00 00 00 00 00 00 00 00 00 00 00
003134-003157 ImageUseBlock id=816723992 xofs=0 yofs=0 xsize=240 ysize=32 bgra=bgra(91,173,255,20)
003158-003165 StringBlock "orange"
003166-003256 DataBlock
  ................ 00 00 00 00 00 00 00 00 00 00 00 00 00 00 00 01
  ................ 01 00 00 00 00 00 00 00 00 00 00 00 00 00 00 00
  ........?....... 00 00 00 00 00 00 00 80 3f 00 00 00 00 00 00 00
  ..............@. 00 00 00 00 00 00 00 00 00 00 00 00 00 80 40 00
  ..@...@...@....~ 00 80 40 00 00 80 40 00 00 80 40 15 01 00 00 7e
  ..........0      00 00 00 00 00 00 00 f8 9f 98 30
003257-003275 StringBlock "selected_down_off"
003276-003312 DataBlock
  .... ........... f0 00 00 00 20 00 00 00 00 00 00 00 02 00 00 00
  ................ 00 00 00 00 00 00 00 00 01 00 00 00 00 00 00 00
  .....            00 00 00 00 00
003313-003326 StringBlock "tw_troy_bold"
003327-003342 DataBlock
  ................ 0a 00 00 00 02 00 00 00 00 00 00 00 dd da fa ff
003343-003365 StringBlock "Default Font Category"
003366-003385 DataBlock
  ................ 00 00 00 00 00 00 00 00 00 00 00 00 00 00 00 00
  ....             01 00 00 00
003386-003396 ShaderNameBlock "normal_t0"
003397-003400 ShaderVariableBlock 0.0 (0)
003401-003404 ShaderVariableBlock 0.0 (0)
003405-003408 ShaderVariableBlock 0.0 (0)
003409-003412 ShaderVariableBlock 0.0 (0)
003413-003423 ShaderNameBlock "normal_t0"
003424-003427 ShaderVariableBlock 0.0 (0)
003428-003431 ShaderVariableBlock 0.0 (0)
003432-003435 ShaderVariableBlock 0.0 (0)
003436-003439 ShaderVariableBlock 0.0 (0)
003440-003443 DataBlock
  ....             03 00 00 00
003444-003467 ImageUseBlock id=949170360 xofs=0 yofs=0 xsize=240 ysize=32 bgra=bgra(255,255,255,255)
003468-003510 DataBlock
  ................ 00 00 01 00 00 00 00 00 00 00 00 00 00 00 00 00
  ................ 00 01 01 00 00 00 00 00 00 00 00 00 00 00 00 00
  ..........?      00 00 00 00 00 00 00 00 00 80 3f
003511-003523 ShaderNameBlock "brighten_t0"
003524-003527 ShaderVariableBlock 0.10000000149011612 (1036831949)
003528-003531 ShaderVariableBlock 0.0 (0)
003532-003535 ShaderVariableBlock 0.0 (0)
003536-003539 ShaderVariableBlock 0.0 (0)
003540-003555 DataBlock
  ................ 00 00 00 00 00 00 00 00 00 00 00 00 00 00 00 00
003556-003579 ImageUseBlock id=949170360 xofs=0 yofs=0 xsize=240 ysize=32 bgra=bgra(255,255,255,255)
003580-003622 DataBlock
  ................ 00 00 01 00 00 00 00 00 00 00 00 00 00 00 00 00
  ................ 00 01 01 00 00 00 00 00 00 00 00 00 00 00 00 00
  ..........?      00 00 00 00 00 00 00 00 00 80 3f
003623-003637 ShaderNameBlock "glow_pulse_t0"
003638-003641 ShaderVariableBlock 1.0 (1065353216)
003642-003645 ShaderVariableBlock 1.2000000476837158 (1067030938)
003646-003649 ShaderVariableBlock 2.0 (1073741824)
003650-003653 ShaderVariableBlock 0.0 (0)
003654-003669 DataBlock
  ................ 00 00 00 00 00 00 00 00 00 00 00 00 00 00 00 00
003670-003693 ImageUseBlock id=816723992 xofs=0 yofs=0 xsize=240 ysize=32 bgra=bgra(91,173,255,20)
003694-003701 StringBlock "orange"
003702-003792 DataBlock
  ................ 00 00 00 00 00 00 00 00 00 00 00 00 00 00 00 01
  ................ 01 00 00 00 00 00 00 00 00 00 00 00 00 00 00 00
  ........?....... 00 00 00 00 00 00 00 80 3f 00 00 00 00 00 00 00
  ..............@. 00 00 00 00 00 00 00 00 00 00 00 00 00 80 40 00
  ..@...@...@..... 00 80 40 00 00 80 40 00 00 80 40 8b 01 00 00 1f
  ........<./      00 00 00 00 00 00 00 18 3c d0 2f
003793-003808 StringBlock "selected_hover"
003809-003845 DataBlock
  .... ........... f0 00 00 00 20 00 00 00 00 00 00 00 02 00 00 00
  ................ 00 00 00 00 00 00 00 00 01 00 00 00 00 00 00 00
  .....            00 00 00 00 00
003846-003859 StringBlock "tw_troy_bold"
003860-003875 DataBlock
  ................ 0a 00 00 00 02 00 00 00 00 00 00 00 dd da fa ff
003876-003898 StringBlock "Default Font Category"
003899-003918 DataBlock
  ................ 00 00 00 00 00 00 00 00 00 00 00 00 00 00 00 00
  ....             01 00 00 00
003919-003929 ShaderNameBlock "normal_t0"
003930-003933 ShaderVariableBlock 0.0 (0)
003934-003937 ShaderVariableBlock 0.0 (0)
003938-003941 ShaderVariableBlock 0.0 (0)
003942-003945 ShaderVariableBlock 0.0 (0)
003946-003956 ShaderNameBlock "normal_t0"
003957-003960 ShaderVariableBlock 0.0 (0)
003961-003964 ShaderVariableBlock 0.0 (0)
003965-003968 ShaderVariableBlock 0.0 (0)
003969-003972 ShaderVariableBlock 0.0 (0)
003973-003976 DataBlock
  ....             02 00 00 00
003977-004000 ImageUseBlock id=949170360 xofs=0 yofs=0 xsize=240 ysize=32 bgra=bgra(255,255,255,255)
004001-004043 DataBlock
  ................ 00 00 01 00 00 00 00 00 00 00 00 00 00 00 00 00
  ................ 00 01 01 00 00 00 00 00 00 00 00 00 00 00 00 00
  ..........?      00 00 00 00 00 00 00 00 00 80 3f
004044-004056 ShaderNameBlock "brighten_t0"
004057-004060 ShaderVariableBlock 0.4000000059604645 (1053609165)
004061-004064 ShaderVariableBlock 0.0 (0)
004065-004068 ShaderVariableBlock 0.0 (0)
004069-004072 ShaderVariableBlock 0.0 (0)
004073-004088 DataBlock
  ................ 00 00 00 00 00 00 00 00 00 00 00 00 00 00 00 00
004089-004112 ImageUseBlock id=816723992 xofs=0 yofs=0 xsize=240 ysize=32 bgra=bgra(91,173,255,20)
004113-004120 StringBlock "orange"
004121-004231 DataBlock
  ................ 00 00 00 00 00 00 00 00 00 00 00 00 00 00 00 01
  ................ 01 00 00 00 00 00 00 00 00 00 00 00 00 00 00 00
  ........?....... 00 00 00 00 00 00 00 80 3f 00 00 00 00 00 00 00
  ..............@. 00 00 00 00 00 00 00 00 00 00 00 00 00 80 40 00
  ..@...@...@4.... 00 80 40 00 00 80 40 00 00 80 40 34 01 00 00 80
  ............n.2. 00 00 00 01 00 00 00 01 00 00 00 c8 6e 9f 32 00
  ...........P..0  00 00 00 00 00 00 00 00 00 00 00 50 9d 98 30
004232-004250 StringBlock "selected_inactive"
004251-004287 DataBlock
  .... ........... f0 00 00 00 20 00 00 00 00 00 00 00 02 00 00 00
  ................ 00 00 00 00 00 00 00 00 01 00 00 00 00 00 00 00
  .....            00 00 00 00 00
004288-004301 StringBlock "tw_troy_bold"
004302-004317 DataBlock
  ................ 0a 00 00 00 02 00 00 00 00 00 00 00 dd da fa ff
004318-004340 StringBlock "Default Font Category"
004341-004360 DataBlock
  ................ 00 00 00 00 00 00 00 00 00 00 00 00 00 00 00 00
  ....             01 00 00 00
004361-004378 ShaderNameBlock "set_greyscale_t0"
004379-004382 ShaderVariableBlock 0.6000000238418579 (1058642330)
004383-004386 ShaderVariableBlock 0.6000000238418579 (1058642330)
004387-004390 ShaderVariableBlock 0.0 (0)
004391-004394 ShaderVariableBlock 0.0 (0)
004395-004405 ShaderNameBlock "normal_t0"
004406-004409 ShaderVariableBlock 0.0 (0)
004410-004413 ShaderVariableBlock 0.0 (0)
004414-004417 ShaderVariableBlock 0.0 (0)
004418-004421 ShaderVariableBlock 0.0 (0)
004422-004425 DataBlock
  ....             03 00 00 00
004426-004449 ImageUseBlock id=949170360 xofs=0 yofs=0 xsize=240 ysize=32 bgra=bgra(255,255,255,255)
004450-004492 DataBlock
  ................ 00 00 01 00 00 00 00 00 00 00 00 00 00 00 00 00
  ................ 00 01 01 00 00 00 00 00 00 00 00 00 00 00 00 00
  ..........?      00 00 00 00 00 00 00 00 00 80 3f
004493-004505 ShaderNameBlock "brighten_t0"
004506-004509 ShaderVariableBlock 0.10000000149011612 (1036831949)
004510-004513 ShaderVariableBlock 0.0 (0)
004514-004517 ShaderVariableBlock 0.0 (0)
004518-004521 ShaderVariableBlock 0.0 (0)
004522-004537 DataBlock
  ................ 00 00 00 00 00 00 00 00 00 00 00 00 00 00 00 00
004538-004561 ImageUseBlock id=949170360 xofs=0 yofs=0 xsize=240 ysize=32 bgra=bgra(255,255,255,255)
004562-004604 DataBlock
  ................ 00 00 01 00 00 00 00 00 00 00 00 00 00 00 00 00
  ................ 00 01 01 00 00 00 00 00 00 00 00 00 00 00 00 00
  ..........?      00 00 00 00 00 00 00 00 00 80 3f
004605-004619 ShaderNameBlock "glow_pulse_t0"
004620-004623 ShaderVariableBlock 1.0 (1065353216)
004624-004627 ShaderVariableBlock 1.2000000476837158 (1067030938)
004628-004631 ShaderVariableBlock 2.0 (1073741824)
004632-004635 ShaderVariableBlock 0.0 (0)
004636-004651 DataBlock
  ................ 00 00 00 00 00 00 00 00 00 00 00 00 00 00 00 00
004652-004675 ImageUseBlock id=816723992 xofs=0 yofs=0 xsize=240 ysize=32 bgra=bgra(91,173,255,20)
004676-004683 StringBlock "orange"
004684-004774 DataBlock
  ................ 00 00 00 00 00 00 00 00 00 00 00 00 00 00 00 01
  ................ 01 00 00 00 00 00 00 00 00 00 00 00 00 00 00 00
  ........?....... 00 00 00 00 00 00 00 80 3f 00 00 00 00 00 00 00
  ..............@. 00 00 00 00 00 00 00 00 00 00 00 00 00 80 40 00
  ..@...@...@..... 00 80 40 00 00 80 40 00 00 80 40 19 01 00 00 f3
  ........t.2      00 00 00 00 00 00 00 18 74 9f 32
004775-004786 StringBlock "unselected"
004787-004823 DataBlock
  .... ........... f0 00 00 00 20 00 00 00 00 00 00 00 02 00 00 00
  ................ 00 00 00 00 00 00 00 00 01 00 00 00 00 00 00 00
  .....            00 00 00 00 00
004824-004837 StringBlock "tw_troy_bold"
004838-004853 DataBlock
  ................ 0a 00 00 00 02 00 00 00 00 00 00 00 dd da fa ff
004854-004876 StringBlock "Default Font Category"
004877-004896 DataBlock
  ................ 00 00 00 00 00 00 00 00 00 00 00 00 00 00 00 00
  ....             01 00 00 00
004897-004907 ShaderNameBlock "normal_t0"
004908-004911 ShaderVariableBlock 0.0 (0)
004912-004915 ShaderVariableBlock 0.0 (0)
004916-004919 ShaderVariableBlock 0.0 (0)
004920-004923 ShaderVariableBlock 0.0 (0)
004924-004934 ShaderNameBlock "normal_t0"
004935-004938 ShaderVariableBlock 0.0 (0)
004939-004942 ShaderVariableBlock 0.0 (0)
004943-004946 ShaderVariableBlock 0.0 (0)
004947-004950 ShaderVariableBlock 0.0 (0)
004951-004954 DataBlock
  ....             01 00 00 00
004955-004978 ImageUseBlock id=949170360 xofs=0 yofs=0 xsize=240 ysize=32 bgra=bgra(255,255,255,120)
004979-005091 DataBlock
  ................ 00 00 01 00 00 00 00 00 00 00 00 00 00 00 00 00
  ................ 00 01 01 00 00 00 00 00 00 00 00 00 00 00 00 00
  ..........?..... 00 00 00 00 00 00 00 00 00 80 3f 00 00 00 00 00
  ................ 00 00 00 00 00 00 00 00 00 00 00 00 00 00 00 00
  ................ 00 00 00 00 00 00 00 00 00 00 00 00 00 13 00 00
  ..............Y. 00 16 00 00 00 01 00 00 00 00 00 00 00 88 59 9f
  2d...].......... 32 64 00 00 00 5d 00 00 00 00 00 00 00 01 00 00
  .                00
005092-005107 StringBlock "override_sound"
005108-005122 DataBlock
  ..1............  00 00 31 00 00 00 00 00 00 00 00 00 00 00 00
005123-005148 StringBlock "UI_GBL_TMP_Parchment_Row"
005149-005189 DataBlock
  ..........?...?. 00 00 00 00 00 00 00 00 00 80 3f 00 00 00 3f 00
  ..?............. 00 00 3f 00 00 00 00 00 00 00 00 00 00 00 00 80
  ?........        3f 00 00 00 00 00 00 00 00
