000000-000009 VersionBlock 121
000010-000013 RootIDBlock 427196832
000014-000019 StringBlock "root"
000020-000021 StringBlock ""
000022-000025 XOffsetBlock 0
000026-000029 YOffsetBlock 0
000030-000093 DataBlock
  ................ 00 00 00 00 01 01 00 00 00 00 01 00 00 00 00 01
  ................ 00 00 00 00 00 00 00 00 00 00 00 00 00 00 00 00
  . .[.....@.|.... 00 20 ab 5b 05 01 00 00 00 40 05 7c 19 00 00 a0
  ................ 05 00 00 84 03 00 00 00 00 00 00 00 01 00 00 00
000094-000097 StateIDBlock 89893664
000098-000107 NewStateBlock "NewState"
000108-000111 XSizeBlock 1440
000112-000115 YSizeBlock 900
000116-000144 DataBlock
  ................ 00 00 00 00 02 00 00 00 00 00 00 00 00 00 00 00
  .............    01 00 00 00 00 00 00 00 00 00 00 00 00
000145-000156 FontNameBlock "Norse-Bold"
000157-000172 DataBlock
  ................ 0a 00 00 00 02 00 00 00 00 00 00 00 dd da fa ff
000173-000195 StringBlock "Default Font Category"
000196-000215 DataBlock
  ................ 00 00 00 00 00 00 00 00 00 00 00 00 00 00 00 00
  ....             01 00 00 00
000216-000226 T0Block "normal_t0"
000227-000242 DataBlock
  ................ 00 00 00 00 00 00 00 00 00 00 00 00 00 00 00 00
000243-000253 T0Block "normal_t0"
000254-000408 DataBlock
  ................ 00 00 00 00 00 00 00 00 00 00 00 00 00 00 00 00
  ....@.|......... 01 00 00 00 40 05 7c 19 00 00 00 00 00 00 00 00
  ................ a0 05 00 00 84 03 00 00 f0 f0 f0 ff 00 00 00 00
  ................ 00 00 00 00 00 00 00 00 00 00 00 00 00 01 01 00
  ................ 00 00 00 00 00 00 00 00 00 00 00 00 00 00 00 00
  ......?......... 00 00 00 00 00 80 3f 00 00 00 00 00 00 00 00 00
  ................ 00 00 00 00 00 00 00 00 00 00 00 00 00 00 00 00
  ................ 00 00 00 00 00 00 00 00 00 00 00 00 00 00 00 00
  ................ 00 00 00 00 00 00 00 00 00 00 00 00 00 00 00 00
  .........v.      00 01 00 00 00 00 00 e0 84 76 19
000409-000441 StringBlock "round_medium_button_grey_toggle"
000442-000447 DataBlock
  ......           00 00 01 00 00 00
000448-000455 StringBlock "Button"
000456-000508 DataBlock
  ............]... 00 00 00 00 00 00 00 00 aa 02 00 00 5d 01 00 00
  ................ 00 00 00 00 00 00 01 00 00 00 00 01 00 00 00 00
  ...............v 07 00 00 00 aa 02 00 00 11 fe ff ff 00 c0 cc 76
  .....            19 0a 00 00 00
000509-000571 ImageBlock id=181236080 xsize=56 ysize=56 path="ui\\skins\\default\\icon_medium_tactical_map.png" unknown=6135808
000572-000572 DataBlock
  .                0a
000573-000637 ImagePathBlock "ui\\skins\\default\\button_round_medium_grey_selected_inactive.png"
000638-000646 DataBlock
  8...8....        38 00 00 00 38 00 00 00 00
000647-000717 ImageBlock id=90705664 xsize=56 ysize=56 path="ui\\skins\\default\\button_round_medium_grey_pressed.png" unknown=4102443008
000718-000718 DataBlock
  .                0a
000719-000780 ImagePathBlock "ui\\skins\\default\\button_round_medium_grey_selected_hover.png"
000781-000789 DataBlock
  8...8....        38 00 00 00 38 00 00 00 00
000790-000859 ImageBlock id=427457312 xsize=56 ysize=56 path="ui\\skins\\default\\button_round_medium_grey_active.png" unknown=1752113152
000860-000860 DataBlock
  .                05
000861-000913 ImagePathBlock "ui\\skins\\default\\button_round_medium_grey_hover.png"
000914-000922 DataBlock
  8...8....        38 00 00 00 38 00 00 00 00
000923-000994 ImageBlock id=427457472 xsize=56 ysize=56 path="ui\\skins\\default\\button_round_medium_grey_inactive.png" unknown=2094735360
000995-000995 DataBlock
  .                19
000996-001051 ImagePathBlock "ui\\skins\\default\\button_round_medium_grey_selected.png"
001052-001060 DataBlock
  8...8....        38 00 00 00 38 00 00 00 00
001061-001140 ImageBlock id=427582560 xsize=56 ysize=56 path="ui\\skins\\default\\button_round_medium_grey_selected_pressed.png" unknown=510246912
001141-001141 DataBlock
  .                05
001142-001194 ImagePathBlock "ui\\skins\\default\\button_round_medium_grey_frame.png"
001195-001215 DataBlock
  8...8........... 38 00 00 00 38 00 00 00 00 00 00 00 00 0a 00 00
  ..[|.            00 e0 5b 7c 19
001216-001222 StringBlock "hover"
001223-001259 DataBlock
  8...8........... 38 00 00 00 38 00 00 00 00 00 00 00 02 00 00 00
  ................ 00 00 00 00 00 00 00 00 01 00 00 00 00 00 00 00
  .....            00 00 00 00 00
001260-001272 FontNameBlock "la_gioconda"
001273-001288 DataBlock
  ................ 0c 00 00 00 01 00 00 00 00 00 00 00 00 00 00 ff
001289-001301 StringBlock "ingame_text"
001302-001321 DataBlock
  ................ 00 00 00 00 00 00 00 00 00 00 00 00 00 00 00 00
  ....             01 00 00 00
001322-001332 T0Block "normal_t0"
001333-001348 DataBlock
  ................ 00 00 00 00 00 00 00 00 00 00 00 00 00 00 00 00
001349-001359 T0Block "normal_t0"
001360-001480 DataBlock
  ...>............ 9a 99 99 3e 00 00 00 00 00 00 00 00 00 00 00 00
  .....i.......... 07 00 00 00 c0 69 1e 05 00 00 00 00 00 00 00 00
  8...8........... 38 00 00 00 38 00 00 00 ff ff ff ff 00 00 00 00
  ................ 00 00 00 00 00 00 00 00 00 00 00 00 00 01 01 00
  ................ 00 00 00 00 00 00 00 00 00 00 00 00 00 00 00 00
  ......?......... 00 00 00 00 00 80 3f 00 00 00 00 00 00 00 00 00
  ................ 00 00 00 00 00 00 00 00 00 00 00 00 00 00 00 00
  .........        00 00 00 00 00 00 00 00 00
001481-001504 ImageUseBlock id=427457312 xofs=0 yofs=0 xsize=56 ysize=56 brga=4294967295
001505-001581 DataBlock
  ................ 00 00 00 00 00 00 00 00 00 00 00 00 00 00 00 00
  ................ 00 01 01 00 00 00 00 00 00 00 00 00 00 00 00 00
  ..........?..... 00 00 00 00 00 00 00 00 00 80 3f 00 00 00 00 00
  ................ 00 00 00 00 00 00 00 00 00 00 00 00 00 00 00 00
  .............    00 00 00 00 00 00 00 00 00 00 00 00 00
001582-001605 ImageUseBlock id=427457312 xofs=0 yofs=0 xsize=56 ysize=56 brga=16777215
001606-001783 DataBlock
  ................ 00 00 00 00 00 00 00 00 00 00 00 00 00 00 00 00
  ................ 00 01 01 00 00 00 00 00 00 00 00 00 00 00 00 00
  ..........?..... 00 00 00 00 00 00 00 00 00 80 3f 00 00 00 00 00
  ................ 00 00 00 00 00 00 00 00 00 00 00 00 00 00 00 00
  ............. oh 00 00 00 00 00 00 00 00 00 00 00 00 00 20 6f 68
  .........8...8.. 05 00 00 00 00 00 00 00 00 38 00 00 00 38 00 00
  ................ 00 ff ff ff ff 00 00 00 00 00 00 00 00 00 00 00
  ................ 00 00 00 00 00 00 01 01 00 00 00 00 00 00 00 00
  ...............? 00 00 00 00 00 00 00 00 00 00 00 00 00 00 80 3f
  ................ 00 00 00 00 00 00 00 00 00 00 00 00 00 00 00 00
  ................ 00 00 00 00 00 00 00 00 00 00 00 00 00 00 00 00
  ..               00 00
001784-001807 ImageUseBlock id=181236080 xofs=0 yofs=0 xsize=56 ysize=56 brga=4294967295
001808-001850 DataBlock
  ................ 00 00 00 00 00 05 00 00 00 00 00 00 00 00 00 00
  ................ 00 01 01 00 00 00 00 00 00 00 00 00 00 00 00 00
  ..........?      00 00 00 00 00 00 00 00 00 80 3f
001851-001863 T0Block "brighten_t0"
001864-001895 DataBlock
  ................ 00 00 00 00 00 00 00 00 00 00 00 00 00 00 00 00
  ................ 00 00 00 00 00 00 00 00 00 00 00 00 00 00 00 00
001896-001919 ImageUseBlock id=181236080 xofs=0 yofs=0 xsize=56 ysize=56 brga=4294967295
001920-001962 DataBlock
  ................ 00 00 00 00 00 05 00 00 00 00 00 00 00 00 00 00
  ................ 00 01 01 00 00 00 00 00 00 00 00 00 00 00 00 00
  ..........?      00 00 00 00 00 00 00 00 00 80 3f
001963-001975 T0Block "brighten_t0"
001976-002007 DataBlock
  ...?............ 00 00 00 3f 00 00 00 00 00 00 00 00 00 00 00 00
  ................ 00 00 00 00 00 00 00 00 00 00 00 00 00 00 00 00
002008-002031 ImageUseBlock id=181236080 xofs=0 yofs=0 xsize=56 ysize=56 brga=16777215
002032-002074 DataBlock
  ................ 00 00 00 00 00 05 00 00 00 00 00 00 00 00 00 00
  ................ 00 01 01 00 00 00 00 00 00 00 00 00 00 00 00 00
  ..........?      00 00 00 00 00 00 00 00 00 80 3f
002075-002087 T0Block "brighten_t0"
002088-002175 DataBlock
  ................ 00 00 00 00 00 00 00 00 00 00 00 00 00 00 00 00
  ................ 00 00 00 00 00 00 00 00 00 00 00 00 00 00 00 00
  ....~........... 89 00 00 00 7e 00 00 00 02 00 00 00 01 00 00 00
  ..v.....@....... c0 cc 76 19 c8 00 00 00 40 00 00 00 00 00 00 00
  ....P........... 02 00 00 00 50 ec e1 09 00 00 00 00 00 00 00 00
  ......v.         00 00 00 00 e0 ca 76 19
002176-002194 StringBlock "selected_down_off"
002195-002231 DataBlock
  8...8........... 38 00 00 00 38 00 00 00 00 00 00 00 02 00 00 00
  ................ 00 00 00 00 00 00 00 00 01 00 00 00 00 00 00 00
  .....            00 00 00 00 00
002232-002244 FontNameBlock "la_gioconda"
002245-002260 DataBlock
  ................ 0c 00 00 00 01 00 00 00 00 00 00 00 00 00 00 ff
002261-002273 StringBlock "ingame_text"
002274-002293 DataBlock
  ................ 00 00 00 00 00 00 00 00 00 00 00 00 00 00 00 00
  ....             01 00 00 00
002294-002304 T0Block "normal_t0"
002305-002320 DataBlock
  ................ 00 00 00 00 00 00 00 00 00 00 00 00 00 00 00 00
002321-002331 T0Block "normal_t0"
002332-002654 DataBlock
  ................ 00 00 00 00 00 00 00 00 00 00 00 00 00 00 00 00
  .....i.......... 04 00 00 00 c0 69 1e 05 00 00 00 00 00 00 00 00
  8...8........... 38 00 00 00 38 00 00 00 ff ff ff ff 00 00 00 00
  ................ 00 00 00 00 00 00 00 00 00 00 00 00 00 01 01 00
  ................ 00 00 00 00 00 00 00 00 00 00 00 00 00 00 00 00
  ......?......... 00 00 00 00 00 80 3f 00 00 00 00 00 00 00 00 00
  ................ 00 00 00 00 00 00 00 00 00 00 00 00 00 00 00 00
  ......... .|.... 00 00 00 00 00 00 00 00 00 20 db 7c 19 00 00 00
  .....8...8...... 00 00 00 00 00 38 00 00 00 38 00 00 00 ff ff ff
  ................ ff 00 00 00 00 00 00 00 00 00 00 00 00 00 00 00
  ................ 00 00 01 01 00 00 00 00 00 00 00 00 00 00 00 00
  ...........?.... 00 00 00 00 00 00 00 00 00 00 80 3f 00 00 00 00
  ................ 00 00 00 00 00 00 00 00 00 00 00 00 00 00 00 00
  .............. . 00 00 00 00 00 00 00 00 00 00 00 00 00 00 20 db
  |.........8...8. 7c 19 00 00 00 00 00 00 00 00 38 00 00 00 38 00
  ................ 00 00 ff ff ff ff 00 00 00 00 00 00 00 00 00 00
  ................ 00 00 00 00 00 00 00 01 01 00 00 00 00 00 00 00
  ................ 00 00 00 00 00 00 00 00 00 00 00 00 00 00 00 80
  ?............... 3f 00 00 00 00 00 00 00 00 00 00 00 00 00 00 00
  ................ 00 00 00 00 00 00 00 00 00 00 00 00 00 00 00 00
  ...              00 00 00
002655-002678 ImageUseBlock id=181236080 xofs=0 yofs=0 xsize=56 ysize=56 brga=4294967295
002679-002721 DataBlock
  ................ 00 00 00 00 00 05 00 00 00 00 00 00 00 00 00 00
  ................ 00 01 01 00 00 00 00 00 00 00 00 00 00 00 00 00
  ..........?      00 00 00 00 00 00 00 00 00 80 3f
002722-002734 T0Block "brighten_t0"
002735-002822 DataBlock
  ...?............ 00 00 80 3f 00 00 00 00 00 00 00 00 00 00 00 00
  ................ 00 00 00 00 00 00 00 00 00 00 00 00 00 00 00 00
  ................ 80 01 00 00 15 00 00 00 02 00 00 00 00 00 00 00
  ................ a0 e8 e1 09 00 00 00 00 00 00 00 00 00 00 00 00
  ......v......... 08 00 00 00 a0 d0 76 19 00 00 00 00 00 00 00 00
  ......v.         00 00 00 00 c0 cc 76 19
002823-002830 StringBlock "active"
002831-002867 DataBlock
  8...8........... 38 00 00 00 38 00 00 00 00 00 00 00 02 00 00 00
  ................ 00 00 00 00 00 00 00 00 01 00 00 00 00 00 00 00
  .....            00 00 00 00 00
002868-002880 FontNameBlock "la_gioconda"
002881-002896 DataBlock
  ................ 0c 00 00 00 01 00 00 00 00 00 00 00 00 00 00 ff
002897-002909 StringBlock "ingame_text"
002910-002929 DataBlock
  ................ 00 00 00 00 00 00 00 00 00 00 00 00 00 00 00 00
  ....             01 00 00 00
002930-002940 T0Block "normal_t0"
002941-002956 DataBlock
  ................ 00 00 00 00 00 00 00 00 00 00 00 00 00 00 00 00
002957-002967 T0Block "normal_t0"
002968-003088 DataBlock
  ................ 00 00 00 00 00 00 00 00 00 00 00 00 00 00 00 00
  .....i.......... 07 00 00 00 c0 69 1e 05 00 00 00 00 00 00 00 00
  8...8........... 38 00 00 00 38 00 00 00 ff ff ff ff 00 00 00 00
  ................ 00 00 00 00 00 00 00 00 00 00 00 00 00 01 01 00
  ................ 00 00 00 00 00 00 00 00 00 00 00 00 00 00 00 00
  ......?......... 00 00 00 00 00 80 3f 00 00 00 00 00 00 00 00 00
  ................ 00 00 00 00 00 00 00 00 00 00 00 00 00 00 00 00
  .........        00 00 00 00 00 00 00 00 00
003089-003112 ImageUseBlock id=427457312 xofs=0 yofs=0 xsize=56 ysize=56 brga=4294967295
003113-003189 DataBlock
  ................ 00 00 00 00 00 00 00 00 00 00 00 00 00 00 00 00
  ................ 00 01 01 00 00 00 00 00 00 00 00 00 00 00 00 00
  ..........?..... 00 00 00 00 00 00 00 00 00 80 3f 00 00 00 00 00
  ................ 00 00 00 00 00 00 00 00 00 00 00 00 00 00 00 00
  .............    00 00 00 00 00 00 00 00 00 00 00 00 00
003190-003213 ImageUseBlock id=427457312 xofs=0 yofs=0 xsize=56 ysize=56 brga=4294967295
003214-003391 DataBlock
  ................ 00 00 00 00 00 00 00 00 00 00 00 00 00 00 00 00
  ................ 00 01 01 00 00 00 00 00 00 00 00 00 00 00 00 00
  ..........?..... 00 00 00 00 00 00 00 00 00 80 3f 00 00 00 00 00
  ................ 00 00 00 00 00 00 00 00 00 00 00 00 00 00 00 00
  ............. oh 00 00 00 00 00 00 00 00 00 00 00 00 00 20 6f 68
  .........8...8.. 05 00 00 00 00 00 00 00 00 38 00 00 00 38 00 00
  ................ 00 ff ff ff 00 00 00 00 00 00 00 00 00 00 00 00
  ................ 00 00 00 00 00 00 01 01 00 00 00 00 00 00 00 00
  ...............? 00 00 00 00 00 00 00 00 00 00 00 00 00 00 80 3f
  ................ 00 00 00 00 00 00 00 00 00 00 00 00 00 00 00 00
  ................ 00 00 00 00 00 00 00 00 00 00 00 00 00 00 00 00
  ..               00 00
003392-003415 ImageUseBlock id=181236080 xofs=0 yofs=0 xsize=56 ysize=56 brga=4294967295
003416-003458 DataBlock
  ................ 00 00 00 00 00 05 00 00 00 00 00 00 00 00 00 00
  ................ 00 01 01 00 00 00 00 00 00 00 00 00 00 00 00 00
  ..........?      00 00 00 00 00 00 00 00 00 80 3f
003459-003471 T0Block "brighten_t0"
003472-003503 DataBlock
  ................ 00 00 00 00 00 00 00 00 00 00 00 00 00 00 00 00
  ................ 00 00 00 00 00 00 00 00 00 00 00 00 00 00 00 00
003504-003527 ImageUseBlock id=181236080 xofs=0 yofs=0 xsize=56 ysize=56 brga=16777215
003528-003570 DataBlock
  ................ 00 00 00 00 00 05 00 00 00 00 00 00 00 00 00 00
  ................ 00 01 01 00 00 00 00 00 00 00 00 00 00 00 00 00
  ..........?      00 00 00 00 00 00 00 00 00 80 3f
003571-003583 T0Block "brighten_t0"
003584-003615 DataBlock
  ...?............ 00 00 00 3f 00 00 00 00 00 00 00 00 00 00 00 00
  ................ 00 00 00 00 00 00 00 00 00 00 00 00 00 00 00 00
003616-003639 ImageUseBlock id=181236080 xofs=0 yofs=0 xsize=56 ysize=56 brga=4294967295
003640-003682 DataBlock
  ................ 00 00 00 00 00 05 00 00 00 00 00 00 00 00 00 00
  ................ 00 01 01 00 00 00 00 00 00 00 00 00 00 00 00 00
  ..........?      00 00 00 00 00 00 00 00 00 80 3f
003683-003695 T0Block "brighten_t0"
003696-003763 DataBlock
  ................ 00 00 00 00 00 00 00 00 00 00 00 00 00 00 00 00
  ................ 00 00 00 00 00 00 00 00 00 00 00 00 00 00 00 00
  ................ 14 00 00 00 18 00 00 00 01 00 00 00 00 00 00 00
  .[|.....@....... e0 5b 7c 19 c8 00 00 00 40 00 00 00 00 00 00 00
  ..v.             c0 ce 76 19
003764-003779 StringBlock "selected_hover"
003780-003816 DataBlock
  8...8........... 38 00 00 00 38 00 00 00 00 00 00 00 02 00 00 00
  ................ 00 00 00 00 00 00 00 00 01 00 00 00 00 00 00 00
  .....            00 00 00 00 00
003817-003829 FontNameBlock "la_gioconda"
003830-003845 DataBlock
  ................ 0c 00 00 00 01 00 00 00 00 00 00 00 00 00 00 ff
003846-003858 StringBlock "ingame_text"
003859-003878 DataBlock
  ................ 00 00 00 00 00 00 00 00 00 00 00 00 00 00 00 00
  ....             01 00 00 00
003879-003889 T0Block "normal_t0"
003890-003905 DataBlock
  ................ 00 00 00 00 00 00 00 00 00 00 00 00 00 00 00 00
003906-003916 T0Block "normal_t0"
003917-004340 DataBlock
  ...>............ 9a 99 99 3e 00 00 00 00 00 00 00 00 00 00 00 00
  .....i.......... 07 00 00 00 c0 69 1e 05 00 00 00 00 00 00 00 00
  8...8........... 38 00 00 00 38 00 00 00 ff ff ff ff 00 00 00 00
  ................ 00 00 00 00 00 00 00 00 00 00 00 00 00 01 01 00
  ................ 00 00 00 00 00 00 00 00 00 00 00 00 00 00 00 00
  ......?......... 00 00 00 00 00 80 3f 00 00 00 00 00 00 00 00 00
  ................ 00 00 00 00 00 00 00 00 00 00 00 00 00 00 00 00
  ......... .|.... 00 00 00 00 00 00 00 00 00 20 db 7c 19 00 00 00
  .....8...8...... 00 00 00 00 00 38 00 00 00 38 00 00 00 ff ff ff
  ................ ff 00 00 00 00 00 00 00 00 00 00 00 00 00 00 00
  ................ 00 00 01 01 00 00 00 00 00 00 00 00 00 00 00 00
  ...........?.... 00 00 00 00 00 00 00 00 00 00 80 3f 00 00 00 00
  ................ 00 00 00 00 00 00 00 00 00 00 00 00 00 00 00 00
  .............. . 00 00 00 00 00 00 00 00 00 00 00 00 00 00 20 db
  |.........8...8. 7c 19 00 00 00 00 00 00 00 00 38 00 00 00 38 00
  ................ 00 00 ff ff ff 00 00 00 00 00 00 00 00 00 00 00
  ................ 00 00 00 00 00 00 00 01 01 00 00 00 00 00 00 00
  ................ 00 00 00 00 00 00 00 00 00 00 00 00 00 00 00 80
  ?............... 3f 00 00 00 00 00 00 00 00 00 00 00 00 00 00 00
  ................ 00 00 00 00 00 00 00 00 00 00 00 00 00 00 00 00
  ...P...........8 00 00 00 50 86 f4 0a 00 00 00 00 00 00 00 00 38
  ...8............ 00 00 00 38 00 00 00 ff ff ff ff 00 00 00 00 00
  ................ 00 00 00 00 00 00 00 00 00 00 00 00 01 01 00 00
  ................ 00 00 00 00 00 00 00 00 00 00 00 00 00 00 00 00
  .....?.......... 00 00 00 00 80 3f 00 00 00 00 00 00 00 00 00 00
  ................ 00 00 00 00 00 00 00 00 00 00 00 00 00 00 00 00
  ........         00 00 00 00 00 00 00 00
004341-004364 ImageUseBlock id=181236080 xofs=0 yofs=0 xsize=56 ysize=56 brga=4294967295
004365-004407 DataBlock
  ................ 00 00 00 00 00 05 00 00 00 00 00 00 00 00 00 00
  ................ 00 01 01 00 00 00 00 00 00 00 00 00 00 00 00 00
  ..........?      00 00 00 00 00 00 00 00 00 80 3f
004408-004420 T0Block "brighten_t0"
004421-004452 DataBlock
  ...?............ 00 00 80 3f 00 00 00 00 00 00 00 00 00 00 00 00
  ................ 00 00 00 00 00 00 00 00 00 00 00 00 00 00 00 00
004453-004476 ImageUseBlock id=181236080 xofs=0 yofs=0 xsize=56 ysize=56 brga=16777215
004477-004519 DataBlock
  ................ 00 00 00 00 00 05 00 00 00 00 00 00 00 00 00 00
  ................ 00 01 01 00 00 00 00 00 00 00 00 00 00 00 00 00
  ..........?      00 00 00 00 00 00 00 00 00 80 3f
004520-004532 T0Block "brighten_t0"
004533-004564 DataBlock
  ...?............ 00 00 80 3f 00 00 00 00 00 00 00 00 00 00 00 00
  ................ 00 00 00 00 00 00 00 00 00 00 00 00 00 00 00 00
004565-004588 ImageUseBlock id=181236080 xofs=0 yofs=0 xsize=56 ysize=56 brga=4294967295
004589-004631 DataBlock
  ................ 00 00 00 00 00 05 00 00 00 00 00 00 00 00 00 00
  ................ 00 01 01 00 00 00 00 00 00 00 00 00 00 00 00 00
  ..........?      00 00 00 00 00 00 00 00 00 80 3f
004632-004644 T0Block "brighten_t0"
004645-004732 DataBlock
  ...@............ 00 00 00 40 00 00 00 00 00 00 00 00 00 00 00 00
  ................ 00 00 00 00 00 00 00 00 00 00 00 00 00 00 00 00
  ................ 0d 01 00 00 d8 00 00 00 02 00 00 00 01 00 00 00
  ..v.....@....... a0 d0 76 19 c8 00 00 00 40 00 00 00 00 00 00 00
  ................ 02 00 00 00 a0 e8 e1 09 00 00 00 00 00 00 00 00
  ......v.         00 00 00 00 a0 d0 76 19
004733-004742 StringBlock "selected"
004743-004779 DataBlock
  8...8........... 38 00 00 00 38 00 00 00 00 00 00 00 02 00 00 00
  ................ 00 00 00 00 00 00 00 00 01 00 00 00 00 00 00 00
  .....            00 00 00 00 00
004780-004792 FontNameBlock "la_gioconda"
004793-004808 DataBlock
  ................ 0c 00 00 00 01 00 00 00 00 00 00 00 00 00 00 ff
004809-004821 StringBlock "ingame_text"
004822-004841 DataBlock
  ................ 00 00 00 00 00 00 00 00 00 00 00 00 00 00 00 00
  ....             01 00 00 00
004842-004852 T0Block "normal_t0"
004853-004868 DataBlock
  ................ 00 00 00 00 00 00 00 00 00 00 00 00 00 00 00 00
004869-004879 T0Block "normal_t0"
004880-005303 DataBlock
  ................ 00 00 00 00 00 00 00 00 00 00 00 00 00 00 00 00
  .....i.......... 07 00 00 00 c0 69 1e 05 00 00 00 00 00 00 00 00
  8...8........... 38 00 00 00 38 00 00 00 ff ff ff ff 00 00 00 00
  ................ 00 00 00 00 00 00 00 00 00 00 00 00 00 01 01 00
  ................ 00 00 00 00 00 00 00 00 00 00 00 00 00 00 00 00
  ......?......... 00 00 00 00 00 80 3f 00 00 00 00 00 00 00 00 00
  ................ 00 00 00 00 00 00 00 00 00 00 00 00 00 00 00 00
  ......... .|.... 00 00 00 00 00 00 00 00 00 20 db 7c 19 00 00 00
  .....8...8...... 00 00 00 00 00 38 00 00 00 38 00 00 00 ff ff ff
  ................ ff 00 00 00 00 00 00 00 00 00 00 00 00 00 00 00
  ................ 00 00 01 01 00 00 00 00 00 00 00 00 00 00 00 00
  ...........?.... 00 00 00 00 00 00 00 00 00 00 80 3f 00 00 00 00
  ................ 00 00 00 00 00 00 00 00 00 00 00 00 00 00 00 00
  .............. . 00 00 00 00 00 00 00 00 00 00 00 00 00 00 20 db
  |.........8...8. 7c 19 00 00 00 00 00 00 00 00 38 00 00 00 38 00
  ................ 00 00 ff ff ff ff 00 00 00 00 00 00 00 00 00 00
  ................ 00 00 00 00 00 00 00 01 01 00 00 00 00 00 00 00
  ................ 00 00 00 00 00 00 00 00 00 00 00 00 00 00 00 80
  ?............... 3f 00 00 00 00 00 00 00 00 00 00 00 00 00 00 00
  ................ 00 00 00 00 00 00 00 00 00 00 00 00 00 00 00 00
  ...P...........8 00 00 00 50 86 f4 0a 00 00 00 00 00 00 00 00 38
  ...8............ 00 00 00 38 00 00 00 ff ff ff 00 00 00 00 00 00
  ................ 00 00 00 00 00 00 00 00 00 00 00 00 01 01 00 00
  ................ 00 00 00 00 00 00 00 00 00 00 00 00 00 00 00 00
  .....?.......... 00 00 00 00 80 3f 00 00 00 00 00 00 00 00 00 00
  ................ 00 00 00 00 00 00 00 00 00 00 00 00 00 00 00 00
  ........         00 00 00 00 00 00 00 00
005304-005327 ImageUseBlock id=181236080 xofs=0 yofs=0 xsize=56 ysize=56 brga=4294967295
005328-005370 DataBlock
  ................ 00 00 00 00 00 05 00 00 00 00 00 00 00 00 00 00
  ................ 00 01 01 00 00 00 00 00 00 00 00 00 00 00 00 00
  ..........?      00 00 00 00 00 00 00 00 00 80 3f
005371-005383 T0Block "brighten_t0"
005384-005415 DataBlock
  ...?............ 00 00 80 3f 00 00 00 00 00 00 00 00 00 00 00 00
  ................ 00 00 00 00 00 00 00 00 00 00 00 00 00 00 00 00
005416-005439 ImageUseBlock id=181236080 xofs=0 yofs=0 xsize=56 ysize=56 brga=4294967295
005440-005482 DataBlock
  ................ 00 00 00 00 00 05 00 00 00 00 00 00 00 00 00 00
  ................ 00 01 01 00 00 00 00 00 00 00 00 00 00 00 00 00
  ..........?      00 00 00 00 00 00 00 00 00 80 3f
005483-005495 T0Block "brighten_t0"
005496-005527 DataBlock
  ...?............ 00 00 80 3f 00 00 00 00 00 00 00 00 00 00 00 00
  ................ 00 00 00 00 00 00 00 00 00 00 00 00 00 00 00 00
005528-005551 ImageUseBlock id=181236080 xofs=0 yofs=0 xsize=56 ysize=56 brga=16777215
005552-005594 DataBlock
  ................ 00 00 00 00 00 05 00 00 00 00 00 00 00 00 00 00
  ................ 00 01 01 00 00 00 00 00 00 00 00 00 00 00 00 00
  ..........?      00 00 00 00 00 00 00 00 00 80 3f
005595-005607 T0Block "brighten_t0"
005608-005675 DataBlock
  ...@............ 00 00 00 40 00 00 00 00 00 00 00 00 00 00 00 00
  ................ 00 00 00 00 00 00 00 00 00 00 00 00 00 00 00 00
  ....M........... 91 01 00 00 4d 01 00 00 01 00 00 00 00 00 00 00
  ..v.....@....... c0 ce 76 19 c8 00 00 00 40 00 00 00 00 00 00 00
  ..v.             a0 d2 76 19
005676-005685 StringBlock "down_off"
005686-005722 DataBlock
  8...8........... 38 00 00 00 38 00 00 00 00 00 00 00 02 00 00 00
  ................ 00 00 00 00 00 00 00 00 01 00 00 00 00 00 00 00
  .....            00 00 00 00 00
005723-005735 FontNameBlock "la_gioconda"
005736-005751 DataBlock
  ................ 0c 00 00 00 01 00 00 00 00 00 00 00 00 00 00 ff
005752-005764 StringBlock "ingame_text"
005765-005784 DataBlock
  ................ 00 00 00 00 00 00 00 00 00 00 00 00 00 00 00 00
  ....             01 00 00 00
005785-005795 T0Block "normal_t0"
005796-005811 DataBlock
  ................ 00 00 00 00 00 00 00 00 00 00 00 00 00 00 00 00
005812-005822 T0Block "normal_t0"
005823-005943 DataBlock
  ................ 00 00 00 00 00 00 00 00 00 00 00 00 00 00 00 00
  .....i.......... 04 00 00 00 c0 69 1e 05 00 00 00 00 00 00 00 00
  8...8........... 38 00 00 00 38 00 00 00 ff ff ff ff 00 00 00 00
  ................ 00 00 00 00 00 00 00 00 00 00 00 00 00 01 01 00
  ................ 00 00 00 00 00 00 00 00 00 00 00 00 00 00 00 00
  ......?......... 00 00 00 00 00 80 3f 00 00 00 00 00 00 00 00 00
  ................ 00 00 00 00 00 00 00 00 00 00 00 00 00 00 00 00
  .........        00 00 00 00 00 00 00 00 00
005944-005967 ImageUseBlock id=427457312 xofs=0 yofs=0 xsize=56 ysize=56 brga=4294967295
005968-006044 DataBlock
  ................ 00 00 00 00 00 00 00 00 00 00 00 00 00 00 00 00
  ................ 00 01 01 00 00 00 00 00 00 00 00 00 00 00 00 00
  ..........?..... 00 00 00 00 00 00 00 00 00 80 3f 00 00 00 00 00
  ................ 00 00 00 00 00 00 00 00 00 00 00 00 00 00 00 00
  .............    00 00 00 00 00 00 00 00 00 00 00 00 00
006045-006068 ImageUseBlock id=427457312 xofs=0 yofs=0 xsize=56 ysize=56 brga=4294967295
006069-006145 DataBlock
  ................ 00 00 00 00 00 00 00 00 00 00 00 00 00 00 00 00
  ................ 00 01 01 00 00 00 00 00 00 00 00 00 00 00 00 00
  ..........?..... 00 00 00 00 00 00 00 00 00 80 3f 00 00 00 00 00
  ................ 00 00 00 00 00 00 00 00 00 00 00 00 00 00 00 00
  .............    00 00 00 00 00 00 00 00 00 00 00 00 00
006146-006169 ImageUseBlock id=181236080 xofs=0 yofs=0 xsize=56 ysize=56 brga=4294967295
006170-006302 DataBlock
  ................ 00 00 00 00 00 05 00 00 00 00 00 00 00 00 00 00
  ................ 00 01 01 00 00 00 00 00 00 00 00 00 00 00 00 00
  ..........?..... 00 00 00 00 00 00 00 00 00 80 3f 00 00 00 00 00
  ................ 00 00 00 00 00 00 00 00 00 00 00 00 00 00 00 00
  ................ 00 00 00 00 00 00 00 00 00 00 00 00 00 1d 00 00
  .?...........P.. 00 3f 01 00 00 02 00 00 00 00 00 00 00 50 ec e1
  ................ 09 00 00 00 00 00 00 00 00 00 00 00 00 08 00 00
  ...v............ 00 c0 cc 76 19 00 00 00 00 00 00 00 00 00 00 00
  .....            00 b0 e6 e1 09
006303-006321 StringBlock "selected_inactive"
006322-006358 DataBlock
  8...8........... 38 00 00 00 38 00 00 00 00 00 00 00 02 00 00 00
  ................ 00 00 00 00 00 00 00 00 01 00 00 00 00 00 00 00
  .....            00 00 00 00 00
006359-006371 FontNameBlock "la_gioconda"
006372-006387 DataBlock
  ................ 0c 00 00 00 01 00 00 00 00 00 00 00 00 00 00 ff
006388-006400 StringBlock "ingame_text"
006401-006420 DataBlock
  ................ 00 00 00 00 00 00 00 00 00 00 00 00 00 00 00 00
  ....             01 01 00 00
006421-006431 T0Block "normal_t0"
006432-006447 DataBlock
  ................ 00 00 00 00 00 00 00 00 00 00 00 00 00 00 00 00
006448-006458 T0Block "normal_t0"
006459-006781 DataBlock
  ................ 00 00 00 00 00 00 00 00 00 00 00 00 00 00 00 00
  .....i.......... 04 00 00 00 c0 69 1e 05 00 00 00 00 00 00 00 00
  8...8........... 38 00 00 00 38 00 00 00 ff ff ff ff 00 00 00 00
  ................ 00 00 00 00 00 00 00 00 00 00 00 00 00 01 01 00
  ................ 00 00 00 00 00 00 00 00 00 00 00 00 00 00 00 00
  ......?......... 00 00 00 00 00 80 3f 00 00 00 00 00 00 00 00 00
  ................ 00 00 00 00 00 00 00 00 00 00 00 00 00 00 00 00
  ......... .|.... 00 00 00 00 00 00 00 00 00 20 db 7c 19 00 00 00
  .....8...8...... 00 00 00 00 00 38 00 00 00 38 00 00 00 ff ff ff
  ................ ff 00 00 00 00 00 00 00 00 00 00 00 00 00 00 00
  ................ 00 00 01 01 00 00 00 00 00 00 00 00 00 00 00 00
  ...........?.... 00 00 00 00 00 00 00 00 00 00 80 3f 00 00 00 00
  ................ 00 00 00 00 00 00 00 00 00 00 00 00 00 00 00 00
  ...............] 00 00 00 00 00 00 00 00 00 00 00 00 00 00 a0 5d
  ..........8...8. 00 0a 00 00 00 00 00 00 00 00 38 00 00 00 38 00
  ................ 00 00 ff ff ff ff 00 00 00 00 00 00 00 00 00 00
  ................ 00 00 00 00 00 00 00 01 01 00 00 00 00 00 00 00
  ................ 00 00 00 00 00 00 00 00 00 00 00 00 00 00 00 80
  ?............... 3f 00 00 00 00 00 00 00 00 00 00 00 00 00 00 00
  ................ 00 00 00 00 00 00 00 00 00 00 00 00 00 00 00 00
  ...              00 00 00
006782-006805 ImageUseBlock id=181236080 xofs=0 yofs=0 xsize=56 ysize=56 brga=1191182335
006806-006848 DataBlock
  ................ 00 00 00 00 00 05 00 00 00 00 00 00 00 00 00 00
  ................ 00 01 01 00 00 00 00 00 00 00 00 00 00 00 00 00
  ..........?      00 00 00 00 00 00 00 00 00 80 3f
006849-006861 T0Block "brighten_t0"
006862-006909 DataBlock
  ...?............ 00 00 80 3f 00 00 00 00 00 00 00 00 00 00 00 00
  ................ 00 00 00 00 00 00 00 00 00 00 00 00 00 00 00 00
  ................ 00 00 00 00 00 00 00 00 00 00 00 00 a0 e8 e1 09
006910-006924 StringBlock "selected_down"
006925-006961 DataBlock
  8...8........... 38 00 00 00 38 00 00 00 00 00 00 00 02 00 00 00
  ................ 00 00 00 00 00 00 00 00 01 00 00 00 00 00 00 00
  .....            00 00 00 00 00
006962-006974 FontNameBlock "la_gioconda"
006975-006990 DataBlock
  ................ 0c 00 00 00 01 00 00 00 00 00 00 00 00 00 00 ff
006991-007003 StringBlock "ingame_text"
007004-007023 DataBlock
  ................ 00 00 00 00 00 00 00 00 00 00 00 00 00 00 00 00
  ....             01 00 00 00
007024-007034 T0Block "normal_t0"
007035-007050 DataBlock
  ................ 00 00 00 00 00 00 00 00 00 00 00 00 00 00 00 00
007051-007061 T0Block "normal_t0"
007062-007283 DataBlock
  ...>............ 9a 99 99 3e 00 00 00 00 00 00 00 00 00 00 00 00
  .....i.......... 04 00 00 00 c0 69 1e 05 00 00 00 00 00 00 00 00
  8...8........... 38 00 00 00 38 00 00 00 ff ff ff ff 00 00 00 00
  ................ 00 00 00 00 00 00 00 00 00 00 00 00 00 01 01 00
  ................ 00 00 00 00 00 00 00 00 00 00 00 00 00 00 00 00
  ......?......... 00 00 00 00 00 80 3f 00 00 00 00 00 00 00 00 00
  ................ 00 00 00 00 00 00 00 00 00 00 00 00 00 00 00 00
  ......... .|.... 00 00 00 00 00 00 00 00 00 20 db 7c 19 00 00 00
  .....8...8...... 00 00 00 00 00 38 00 00 00 38 00 00 00 ff ff ff
  ................ ff 00 00 00 00 00 00 00 00 00 00 00 00 00 00 00
  ................ 00 00 01 01 00 00 00 00 00 00 00 00 00 00 00 00
  ...........?.... 00 00 00 00 00 00 00 00 00 00 80 3f 00 00 00 00
  ................ 00 00 00 00 00 00 00 00 00 00 00 00 00 00 00 00
  ..............   00 00 00 00 00 00 00 00 00 00 00 00 00 00
007284-007307 ImageUseBlock id=427582560 xofs=0 yofs=0 xsize=56 ysize=56 brga=4294967295
007308-007384 DataBlock
  ................ 00 00 00 00 00 00 00 00 00 00 00 00 00 00 00 00
  ................ 00 01 01 00 00 00 00 00 00 00 00 00 00 00 00 00
  ..........?..... 00 00 00 00 00 00 00 00 00 80 3f 00 00 00 00 00
  ................ 00 00 00 00 00 00 00 00 00 00 00 00 00 00 00 00
  .............    00 00 00 00 00 00 00 00 00 00 00 00 00
007385-007408 ImageUseBlock id=181236080 xofs=0 yofs=3 xsize=56 ysize=56 brga=4286611584
007409-007541 DataBlock
  ................ 00 00 00 00 00 05 00 00 00 00 00 00 00 03 00 00
  ................ 00 01 01 00 00 00 00 00 00 00 00 00 00 00 00 00
  ..........?..... 00 00 00 00 00 00 00 00 00 80 3f 00 00 00 00 00
  ................ 00 00 00 00 00 00 00 00 00 00 00 00 00 00 00 00
  ................ 00 00 00 00 00 00 00 00 00 00 00 00 00 0c 01 00
  .x............[| 00 78 00 00 00 02 00 00 00 03 00 00 00 e0 5b 7c
  ................ 19 00 00 00 00 00 00 00 00 00 00 00 00 01 00 00
  ...v............ 00 e0 ca 76 19 00 00 00 00 00 00 00 00 00 00 00
  .P...            00 50 ec e1 09
007542-007547 StringBlock "down"
007548-007584 DataBlock
  8...8........... 38 00 00 00 38 00 00 00 00 00 00 00 02 00 00 00
  ................ 00 00 00 00 00 00 00 00 01 00 00 00 00 00 00 00
  .....            00 00 00 00 00
007585-007597 FontNameBlock "la_gioconda"
007598-007613 DataBlock
  ................ 0c 00 00 00 01 00 00 00 00 00 00 00 00 00 00 ff
007614-007626 StringBlock "ingame_text"
007627-007646 DataBlock
  ................ 00 00 00 00 00 00 00 00 00 00 00 00 00 00 00 00
  ....             01 00 00 00
007647-007657 T0Block "normal_t0"
007658-007673 DataBlock
  ................ 00 00 00 00 00 00 00 00 00 00 00 00 00 00 00 00
007674-007684 T0Block "normal_t0"
007685-007805 DataBlock
  ...>............ 9a 99 99 3e 00 00 00 00 00 00 00 00 00 00 00 00
  .....i.......... 04 00 00 00 c0 69 1e 05 00 00 00 00 00 00 00 00
  8...8........... 38 00 00 00 38 00 00 00 ff ff ff ff 00 00 00 00
  ................ 00 00 00 00 00 00 00 00 00 00 00 00 00 01 01 00
  ................ 00 00 00 00 00 00 00 00 00 00 00 00 00 00 00 00
  ......?......... 00 00 00 00 00 80 3f 00 00 00 00 00 00 00 00 00
  ................ 00 00 00 00 00 00 00 00 00 00 00 00 00 00 00 00
  .........        00 00 00 00 00 00 00 00 00
007806-007829 ImageUseBlock id=427457312 xofs=0 yofs=0 xsize=56 ysize=56 brga=4294967295
007830-007906 DataBlock
  ................ 00 00 00 00 00 00 00 00 00 00 00 00 00 00 00 00
  ................ 00 01 01 00 00 00 00 00 00 00 00 00 00 00 00 00
  ..........?..... 00 00 00 00 00 00 00 00 00 80 3f 00 00 00 00 00
  ................ 00 00 00 00 00 00 00 00 00 00 00 00 00 00 00 00
  .............    00 00 00 00 00 00 00 00 00 00 00 00 00
007907-007930 ImageUseBlock id=90705664 xofs=0 yofs=0 xsize=56 ysize=56 brga=4294967295
007931-008007 DataBlock
  ................ 00 00 00 00 00 00 00 00 00 00 00 00 00 00 00 00
  ................ 00 01 01 00 00 00 00 00 00 00 00 00 00 00 00 00
  ..........?..... 00 00 00 00 00 00 00 00 00 80 3f 00 00 00 00 00
  ................ 00 00 00 00 00 00 00 00 00 00 00 00 00 00 00 00
  .............    00 00 00 00 00 00 00 00 00 00 00 00 00
008008-008031 ImageUseBlock id=181236080 xofs=0 yofs=3 xsize=56 ysize=56 brga=4285427310
008032-008164 DataBlock
  ................ 00 00 00 00 00 05 00 00 00 00 00 00 00 03 00 00
  ................ 00 01 01 00 00 00 00 00 00 00 00 00 00 00 00 00
  ..........?..... 00 00 00 00 00 00 00 00 00 80 3f 00 00 00 00 00
  ................ 00 00 00 00 00 00 00 00 00 00 00 00 00 00 00 00
  ................ 00 00 00 00 00 00 00 00 00 00 00 00 00 91 00 00
  ...............v 00 db 00 00 00 02 00 00 00 03 00 00 00 c0 ce 76
  ................ 19 00 00 00 00 00 00 00 00 00 00 00 00 01 00 00
  ...v............ 00 a0 d2 76 19 00 00 00 00 00 00 00 00 00 00 00
  .....            00 e0 f0 e1 09
008165-008174 StringBlock "inactive"
008175-008209 DataBlock
  8...8........... 38 00 00 00 38 00 00 00 00 00 00 00 02 00 00 00
  ................ 00 00 00 00 00 00 00 00 01 00 00 00 00 00 00 00
  ...              00 00 00
008210-008249 StringBlock "UI_GBL_TMP_Generic_Click_Locked_Medium"
008250-008262 FontNameBlock "la_gioconda"
008263-008278 DataBlock
  ................ 0c 00 00 00 01 00 00 00 00 00 00 00 00 00 00 ff
008279-008291 StringBlock "ingame_text"
008292-008311 DataBlock
  ................ 00 00 00 00 00 00 00 00 00 00 00 00 00 00 00 00
  ....             01 01 00 00
008312-008322 T0Block "normal_t0"
008323-008338 DataBlock
  ................ 00 00 00 00 00 00 00 00 00 00 00 00 00 00 00 00
008339-008349 T0Block "normal_t0"
008350-008470 DataBlock
  ................ 00 00 00 00 00 00 00 00 00 00 00 00 00 00 00 00
  .....i.......... 04 00 00 00 c0 69 1e 05 00 00 00 00 00 00 00 00
  8...8........... 38 00 00 00 38 00 00 00 ff ff ff ff 00 00 00 00
  ................ 00 00 00 00 00 00 00 00 00 00 00 00 00 01 01 00
  ................ 00 00 00 00 00 00 00 00 00 00 00 00 00 00 00 00
  ......?......... 00 00 00 00 00 80 3f 00 00 00 00 00 00 00 00 00
  ................ 00 00 00 00 00 00 00 00 00 00 00 00 00 00 00 00
  .........        00 00 00 00 00 00 00 00 00
008471-008494 ImageUseBlock id=427457312 xofs=0 yofs=0 xsize=56 ysize=56 brga=4294967295
008495-008571 DataBlock
  ................ 00 00 00 00 00 00 00 00 00 00 00 00 00 00 00 00
  ................ 00 01 01 00 00 00 00 00 00 00 00 00 00 00 00 00
  ..........?..... 00 00 00 00 00 00 00 00 00 80 3f 00 00 00 00 00
  ................ 00 00 00 00 00 00 00 00 00 00 00 00 00 00 00 00
  .............    00 00 00 00 00 00 00 00 00 00 00 00 00
008572-008595 ImageUseBlock id=427457472 xofs=0 yofs=0 xsize=56 ysize=56 brga=4294967295
008596-008672 DataBlock
  ................ 00 00 00 00 00 00 00 00 00 00 00 00 00 00 00 00
  ................ 00 01 01 00 00 00 00 00 00 00 00 00 00 00 00 00
  ..........?..... 00 00 00 00 00 00 00 00 00 80 3f 00 00 00 00 00
  ................ 00 00 00 00 00 00 00 00 00 00 00 00 00 00 00 00
  .............    00 00 00 00 00 00 00 00 00 00 00 00 00
008673-008696 ImageUseBlock id=181236080 xofs=0 yofs=0 xsize=56 ysize=56 brga=1191182335
008697-008789 DataBlock
  ................ 00 00 00 00 00 05 00 00 00 00 00 00 00 00 00 00
  ................ 00 01 01 00 00 00 00 00 00 00 00 00 00 00 00 00
  ..........?..... 00 00 00 00 00 00 00 00 00 80 3f 00 00 00 00 00
  ................ 00 00 00 00 00 00 00 00 00 00 00 00 00 00 00 00
  ................ 00 00 00 00 00 00 00 00 00 00 00 00 00 00 00 00
  .............    00 00 00 00 00 00 00 00 00 01 00 00 00
008790-008804 StringBlock "dynamic_image"
008805-008820 DataBlock
  ..0............. 01 00 30 00 00 00 00 00 00 00 00 00 00 00 00 00
008821-008859 StringBlock "UI_GBL_TMP_Round_Medium_Button_Toggle"
008860-008900 DataBlock
  ..........?..... 00 00 00 00 00 00 00 00 00 80 3f 00 00 00 00 00
  ..?............. 00 80 3f 00 00 00 00 00 00 00 00 00 00 00 00 80
  ?........        3f 00 00 00 00 00 00 00 00
