000000-000009 VersionBlock 121
000010-000013 RootIDBlock 513977984
000014-000019 StringBlock "root"
000020-000021 StringBlock ""
000022-000025 XOffsetBlock 0
000026-000029 YOffsetBlock 0
000030-000093 DataBlock
  ................ 00 00 00 00 01 01 00 00 00 00 01 00 00 00 00 01
  ................ 00 00 00 00 00 00 00 00 00 00 00 00 00 00 00 00
  ..........V..... 00 c0 b1 a2 1e 01 00 00 00 c0 56 12 0c 00 00 a0
  ................ 05 00 00 84 03 00 00 00 00 00 00 00 01 00 00 00
000094-000097 StateIDBlock 513978816
000098-000107 NewStateBlock "NewState"
000108-000111 XSizeBlock 1440
000112-000115 YSizeBlock 900
000116-000144 DataBlock
  ................ 00 00 00 00 02 00 00 00 00 00 00 00 00 00 00 00
  .............    01 00 00 00 00 00 00 00 00 00 00 00 00
000145-000156 FontNameBlock "Norse-Bold"
000157-000172 DataBlock
  ................ 0a 00 00 00 02 00 00 00 00 00 00 00 dd da fa ff
000173-000195 StringBlock "Default Font Category"
000196-000215 DataBlock
  ................ 00 00 00 00 00 00 00 00 00 00 00 00 00 00 00 00
  ....             01 00 00 00
000216-000226 T0Block "normal_t0"
000227-000242 DataBlock
  ................ 00 00 00 00 00 00 00 00 00 00 00 00 00 00 00 00
000243-000253 T0Block "normal_t0"
000254-000408 DataBlock
  ................ 00 00 00 00 00 00 00 00 00 00 00 00 00 00 00 00
  .....V.......... 01 00 00 00 c0 56 12 0c 00 00 00 00 00 00 00 00
  ................ a0 05 00 00 84 03 00 00 f0 f0 f0 ff 00 00 00 00
  ................ 00 00 00 00 00 00 00 00 00 00 00 00 00 01 01 00
  ................ 00 00 00 00 00 00 00 00 00 00 00 00 00 00 00 00
  ......?......... 00 00 00 00 00 80 3f 00 00 00 00 00 00 00 00 00
  ................ 00 00 00 00 00 00 00 00 00 00 00 00 00 00 00 00
  ................ 00 00 00 00 00 00 00 00 00 00 00 00 00 00 00 00
  ................ 00 00 00 00 00 00 00 00 00 00 00 00 00 00 00 00
  .........S'      00 01 00 00 00 00 00 00 f3 53 27
000409-000441 StringBlock "square_large_text_button_toggle"
000442-000447 DataBlock
  ......           00 00 01 00 00 00
000448-000459 StringBlock "TextButton"
000460-000512 DataBlock
  ........&....... 00 00 00 00 00 00 00 00 26 02 00 00 a8 01 00 00
  ................ 01 00 00 00 00 00 01 00 00 00 00 01 00 00 00 00
  .............@.S 05 00 00 00 00 00 00 00 00 00 00 00 00 40 fa 53
  '....            27 09 00 00 00
000513-000583 ImageBlock id=567852992 xsize=339 ysize=51 path="ui\\skins\\default\\button_square_large_text_pressed.png" unknown=2835177472
000584-000584 DataBlock
  .                0f
000585-000638 ImagePathBlock "ui\\skins\\default\\button_square_large_text_active.png"
000639-000647 DataBlock
  S...3....        53 01 00 00 33 00 00 00 00
000648-000716 ImageBlock id=520544000 xsize=339 ysize=51 path="ui\\skins\\default\\button_square_large_text_hover.png" unknown=115326976
000717-000717 DataBlock
  .                1f
000718-000773 ImagePathBlock "ui\\skins\\default\\button_square_large_text_inactive.png"
000774-000782 DataBlock
  S...3....        53 01 00 00 33 00 00 00 00
000783-000854 ImageBlock id=520544384 xsize=339 ysize=51 path="ui\\skins\\default\\button_square_large_text_selected.png" unknown=115425280
000855-000855 DataBlock
  .                1f
000856-000917 ImagePathBlock "ui\\skins\\default\\button_square_large_text_selected_hover.png"
000918-000926 DataBlock
  S...3....        53 01 00 00 33 00 00 00 00
000927-001007 ImageBlock id=520544736 xsize=339 ysize=51 path="ui\\skins\\default\\button_square_large_text_selected_inactive.png" unknown=115515392
001008-001008 DataBlock
  .                1f
001009-001064 ImagePathBlock "ui\\skins\\default\\button_square_large_text_underlay.png"
001065-001073 DataBlock
  S...3....        53 01 00 00 33 00 00 00 00
001074-001154 ImageBlock id=510692736 xsize=339 ysize=51 path="ui\\skins\\default\\button_square_large_text_selected_underlay.png" unknown=0
001155-001163 DataBlock
  .....@.S'        00 0a 00 00 00 40 fa 53 27
001164-001171 StringBlock "active"
001172-001208 DataBlock
  S...3........... 53 01 00 00 33 00 00 00 00 00 00 00 02 00 00 00
  ................ 00 00 00 00 00 00 00 00 01 00 00 00 00 00 00 00
  .....            00 00 00 00 00
001209-001221 FontNameBlock "la_gioconda"
001222-001237 DataBlock
  ................ 0c 00 00 00 01 00 00 00 00 00 00 00 00 00 00 ff
001238-001250 StringBlock "ingame_text"
001251-001270 DataBlock
  ................ 00 00 00 00 00 00 00 00 00 00 00 00 00 00 00 00
  ....             01 00 00 00
001271-001281 T0Block "normal_t0"
001282-001297 DataBlock
  ................ 00 00 00 00 00 00 00 00 00 00 00 00 00 00 00 00
001298-001308 T0Block "normal_t0"
001309-001530 DataBlock
  ................ 00 00 00 00 00 00 00 00 00 00 00 00 00 00 00 00
  ................ 03 00 00 00 a0 e2 06 1f 00 00 00 00 00 00 00 00
  S...3........... 53 01 00 00 33 00 00 00 ff ff ff ff 00 00 01 00
  ................ 00 00 00 00 00 00 00 00 00 00 00 00 00 01 01 00
  ................ 00 00 00 00 00 00 00 00 00 00 00 00 00 00 00 00
  ......?......... 00 00 00 00 00 80 3f 00 00 00 00 00 00 00 00 00
  ...............p 00 00 00 00 00 00 00 00 00 00 00 00 00 00 00 70
  B......pB`...... 42 00 00 00 00 00 00 70 42 60 fd a8 0f 00 00 00
  .....S...3...... 00 00 00 00 00 53 01 00 00 33 00 00 00 ff ff ff
  ................ ff 00 00 01 00 00 00 00 00 00 00 00 00 00 00 00
  ................ 00 00 01 01 00 00 00 00 00 00 00 00 00 00 00 00
  ...........?.... 00 00 00 00 00 00 00 00 00 00 80 3f 00 00 00 00
  ................ 00 00 00 00 00 00 00 00 00 00 00 00 00 00 00 00
  ....pB......pB   00 00 00 00 70 42 00 00 00 00 00 00 70 42
001531-001554 ImageUseBlock id=520544000 xofs=0 yofs=0 xsize=339 ysize=51 brga=16777215
001555-001667 DataBlock
  ................ 00 00 01 00 00 00 00 00 00 00 00 00 00 00 00 00
  ................ 00 01 01 00 00 00 00 00 00 00 00 00 00 00 00 00
  ..........?..... 00 00 00 00 00 00 00 00 00 80 3f 00 00 00 00 00
  ................ 00 00 00 00 00 00 00 00 00 00 00 00 00 00 00 00
  ...pB......pB... 00 00 00 70 42 00 00 00 00 00 00 70 42 14 00 00
  .............@.S 00 18 00 00 00 01 00 00 00 00 00 00 00 40 f6 53
  '....@.......`.. 27 c8 00 00 00 40 00 00 00 00 00 00 00 60 e9 a3
  .                1e
001668-001673 StringBlock "down"
001674-001710 DataBlock
  S...3........... 53 01 00 00 33 00 00 00 00 00 00 00 02 00 00 00
  ................ 00 00 00 00 00 00 00 00 01 00 00 00 00 00 00 00
  .....            00 00 00 00 00
001711-001723 FontNameBlock "la_gioconda"
001724-001739 DataBlock
  ................ 0c 00 00 00 01 00 00 00 00 00 00 00 00 00 00 ff
001740-001752 StringBlock "ingame_text"
001753-001772 DataBlock
  ................ 00 00 00 00 00 00 00 00 00 00 00 00 00 00 00 00
  ....             01 00 00 00
001773-001783 T0Block "normal_t0"
001784-001799 DataBlock
  ................ 00 00 00 00 00 00 00 00 00 00 00 00 00 00 00 00
001800-001810 T0Block "normal_t0"
001811-001931 DataBlock
  ...>............ 9a 99 99 3e 00 00 00 00 00 00 00 00 00 00 00 00
  ................ 02 00 00 00 a0 e2 06 1f 00 00 00 00 00 00 00 00
  S...3........... 53 01 00 00 33 00 00 00 ff ff ff ff 00 00 01 00
  ................ 00 00 00 00 00 00 00 00 00 00 00 00 00 01 01 00
  ................ 00 00 00 00 00 00 00 00 00 00 00 00 00 00 00 00
  ......?......... 00 00 00 00 00 80 3f 00 00 00 00 00 00 00 00 00
  ...............p 00 00 00 00 00 00 00 00 00 00 00 00 00 00 00 70
  B......pB        42 00 00 00 00 00 00 70 42
001932-001955 ImageUseBlock id=567852992 xofs=0 yofs=0 xsize=339 ysize=51 brga=4294967295
001956-002088 DataBlock
  ................ 00 00 01 00 00 00 00 00 00 00 00 00 00 00 00 00
  ................ 00 01 01 00 00 00 00 00 00 00 00 00 00 00 00 00
  ..........?..... 00 00 00 00 00 00 00 00 00 80 3f 00 00 00 00 00
  ................ 00 00 00 00 00 00 00 00 00 00 00 00 00 00 00 00
  ...pB......pB... 00 00 00 70 42 00 00 00 00 00 00 70 42 91 00 00
  ...............S 00 db 00 00 00 02 00 00 00 03 00 00 00 00 fc 53
  '............... 27 00 00 00 00 00 00 00 00 00 00 00 00 01 00 00
  ................ 00 a0 ef 06 1f 00 00 00 00 00 00 00 00 00 00 00
  .....            00 a0 ef 06 1f
002089-002098 StringBlock "down_off"
002099-002135 DataBlock
  S...3........... 53 01 00 00 33 00 00 00 00 00 00 00 02 00 00 00
  ................ 00 00 00 00 00 00 00 00 01 00 00 00 00 00 00 00
  .....            00 00 00 00 00
002136-002148 FontNameBlock "la_gioconda"
002149-002164 DataBlock
  ................ 0c 00 00 00 01 00 00 00 00 00 00 00 00 00 00 ff
002165-002177 StringBlock "ingame_text"
002178-002197 DataBlock
  ................ 00 00 00 00 00 00 00 00 00 00 00 00 00 00 00 00
  ....             01 00 00 00
002198-002208 T0Block "normal_t0"
002209-002224 DataBlock
  ................ 00 00 00 00 00 00 00 00 00 00 00 00 00 00 00 00
002225-002235 T0Block "normal_t0"
002236-002513 DataBlock
  ................ 00 00 00 00 00 00 00 00 00 00 00 00 00 00 00 00
  ................ 02 00 00 00 a0 e2 06 1f 00 00 00 00 00 00 00 00
  S...3........... 53 01 00 00 33 00 00 00 ff ff ff ff 00 00 01 00
  ................ 00 00 00 00 00 00 00 00 00 00 00 00 00 01 01 00
  ................ 00 00 00 00 00 00 00 00 00 00 00 00 00 00 00 00
  ......?......... 00 00 00 00 00 80 3f 00 00 00 00 00 00 00 00 00
  ...............p 00 00 00 00 00 00 00 00 00 00 00 00 00 00 00 70
  B......pB`...... 42 00 00 00 00 00 00 70 42 60 fd a8 0f 00 00 00
  .....S...3...... 00 00 00 00 00 53 01 00 00 33 00 00 00 ff ff ff
  ................ ff 00 00 01 00 00 00 00 00 00 00 00 00 00 00 00
  ................ 00 00 01 01 00 00 00 00 00 00 00 00 00 00 00 00
  ...........?.... 00 00 00 00 00 00 00 00 00 00 80 3f 00 00 00 00
  ................ 00 00 00 00 00 00 00 00 00 00 00 00 00 00 00 00
  ....pB......pB.. 00 00 00 00 70 42 00 00 00 00 00 00 70 42 1d 00
  ..?...........`. 00 00 3f 01 00 00 02 00 00 00 00 00 00 00 60 e9
  ................ a3 1e 00 00 00 00 00 00 00 00 00 00 00 00 08 00
  ..@.S'.......... 00 00 40 fa 53 27 00 00 00 00 00 00 00 00 00 00
  ..@.S'           00 00 40 f6 53 27
002514-002520 StringBlock "hover"
002521-002557 DataBlock
  S...3........... 53 01 00 00 33 00 00 00 00 00 00 00 02 00 00 00
  ................ 00 00 00 00 00 00 00 00 01 00 00 00 00 00 00 00
  .....            00 00 00 00 00
002558-002570 FontNameBlock "la_gioconda"
002571-002586 DataBlock
  ................ 0c 00 00 00 01 00 00 00 00 00 00 00 00 00 00 ff
002587-002599 StringBlock "ingame_text"
002600-002619 DataBlock
  ................ 00 00 00 00 00 00 00 00 00 00 00 00 00 00 00 00
  ....             01 00 00 00
002620-002630 T0Block "normal_t0"
002631-002646 DataBlock
  ................ 00 00 00 00 00 00 00 00 00 00 00 00 00 00 00 00
002647-002657 T0Block "normal_t0"
002658-002879 DataBlock
  ...>............ 9a 99 99 3e 00 00 00 00 00 00 00 00 00 00 00 00
  ................ 03 00 00 00 a0 e2 06 1f 00 00 00 00 00 00 00 00
  S...3........... 53 01 00 00 33 00 00 00 ff ff ff ff 00 00 01 00
  ................ 00 00 00 00 00 00 00 00 00 00 00 00 00 01 01 00
  ................ 00 00 00 00 00 00 00 00 00 00 00 00 00 00 00 00
  ......?......... 00 00 00 00 00 80 3f 00 00 00 00 00 00 00 00 00
  ...............p 00 00 00 00 00 00 00 00 00 00 00 00 00 00 00 70
  B......pB`...... 42 00 00 00 00 00 00 70 42 60 fd a8 0f 00 00 00
  .....S...3...... 00 00 00 00 00 53 01 00 00 33 00 00 00 ff ff ff
  ................ 00 00 00 01 00 00 00 00 00 00 00 00 00 00 00 00
  ................ 00 00 01 01 00 00 00 00 00 00 00 00 00 00 00 00
  ...........?.... 00 00 00 00 00 00 00 00 00 00 80 3f 00 00 00 00
  ................ 00 00 00 00 00 00 00 00 00 00 00 00 00 00 00 00
  ....pB......pB   00 00 00 00 70 42 00 00 00 00 00 00 70 42
002880-002903 ImageUseBlock id=520544000 xofs=0 yofs=0 xsize=339 ysize=51 brga=4294967295
002904-003036 DataBlock
  ................ 00 00 01 00 00 00 00 00 00 00 00 00 00 00 00 00
  ................ 00 01 01 00 00 00 00 00 00 00 00 00 00 00 00 00
  ..........?..... 00 00 00 00 00 00 00 00 00 80 3f 00 00 00 00 00
  ................ 00 00 00 00 00 00 00 00 00 00 00 00 00 00 00 00
  ...pB......pB... 00 00 00 70 42 00 00 00 00 00 00 70 42 89 00 00
  .~...........@.S 00 7e 00 00 00 02 00 00 00 01 00 00 00 40 fa 53
  '....@.......... 27 c8 00 00 00 40 00 00 00 00 00 00 00 02 00 00
  .`.............. 00 60 e9 a3 1e 00 00 00 00 00 00 00 00 00 00 00
  .@...            00 40 ec a3 1e
003037-003046 StringBlock "inactive"
003047-003081 DataBlock
  S...3........... 53 01 00 00 33 00 00 00 00 00 00 00 02 00 00 00
  ................ 00 00 00 00 00 00 00 00 01 00 00 00 00 00 00 00
  ...              00 00 00
003082-003121 StringBlock "UI_GBL_TMP_Generic_Click_Locked_Medium"
003122-003134 FontNameBlock "la_gioconda"
003135-003150 DataBlock
  ................ 0c 00 00 00 01 00 00 00 00 00 00 00 00 00 00 ff
003151-003163 StringBlock "ingame_text"
003164-003183 DataBlock
  ................ 00 00 00 00 00 00 00 00 00 00 00 00 00 00 00 00
  ....             01 01 00 00
003184-003194 T0Block "normal_t0"
003195-003210 DataBlock
  ................ 00 00 00 00 00 00 00 00 00 00 00 00 00 00 00 00
003211-003221 T0Block "normal_t0"
003222-003459 DataBlock
  ................ 00 00 00 00 00 00 00 00 00 00 00 00 00 00 00 00
  ................ 02 00 00 00 a0 e2 06 1f 00 00 00 00 00 00 00 00
  S...3........... 53 01 00 00 33 00 00 00 ff ff ff ff 00 00 01 00
  ................ 00 00 00 00 00 00 00 00 00 00 00 00 00 01 01 00
  ................ 00 00 00 00 00 00 00 00 00 00 00 00 00 00 00 00
  ......?......... 00 00 00 00 00 80 3f 00 00 00 00 00 00 00 00 00
  ...............p 00 00 00 00 00 00 00 00 00 00 00 00 00 00 00 70
  B......pB....... 42 00 00 00 00 00 00 70 42 c0 df 06 1f 00 00 00
  .....S...3...... 00 00 00 00 00 53 01 00 00 33 00 00 00 ff ff ff
  ................ ff 00 00 01 00 00 00 00 00 00 00 00 00 00 00 00
  ................ 00 00 01 01 00 00 00 00 00 00 00 00 00 00 00 00
  ...........?.... 00 00 00 00 00 00 00 00 00 00 80 3f 00 00 00 00
  ................ 00 00 00 00 00 00 00 00 00 00 00 00 00 00 00 00
  ....pB......pB.. 00 00 00 00 70 42 00 00 00 00 00 00 70 42 00 00
  ............S'   00 00 00 00 00 00 00 00 00 00 00 fe 53 27
003460-003469 StringBlock "selected"
003470-003506 DataBlock
  S...3........... 53 01 00 00 33 00 00 00 00 00 00 00 02 00 00 00
  ................ 00 00 00 00 00 00 00 00 01 00 00 00 00 00 00 00
  .....            00 00 00 00 00
003507-003519 FontNameBlock "la_gioconda"
003520-003535 DataBlock
  ................ 0c 00 00 00 01 00 00 00 00 00 00 00 00 00 00 ff
003536-003548 StringBlock "ingame_text"
003549-003568 DataBlock
  ................ 00 00 00 00 00 00 00 00 00 00 00 00 00 00 00 00
  ....             01 00 00 00
003569-003579 T0Block "normal_t0"
003580-003595 DataBlock
  ................ 00 00 00 00 00 00 00 00 00 00 00 00 00 00 00 00
003596-003606 T0Block "normal_t0"
003607-003626 DataBlock
  ................ 00 00 00 00 00 00 00 00 00 00 00 00 00 00 00 00
  ....             03 00 00 00
003627-003650 ImageUseBlock id=510692736 xofs=0 yofs=0 xsize=339 ysize=51 brga=4294967295
003651-003727 DataBlock
  ................ 00 00 01 00 00 00 00 00 00 00 00 00 00 00 00 00
  ................ 00 01 01 00 00 00 00 00 00 00 00 00 00 00 00 00
  ..........?..... 00 00 00 00 00 00 00 00 00 80 3f 00 00 00 00 00
  ................ 00 00 00 00 00 00 00 00 00 00 00 00 00 00 00 00
  ...pB......pB    00 00 00 70 42 00 00 00 00 00 00 70 42
003728-003751 ImageUseBlock id=520544384 xofs=0 yofs=0 xsize=339 ysize=51 brga=4294967295
003752-003965 DataBlock
  ................ 00 00 01 00 00 00 00 00 00 00 00 00 00 00 00 00
  ................ 00 01 01 00 00 00 00 00 00 00 00 00 00 00 00 00
  ..........?..... 00 00 00 00 00 00 00 00 00 80 3f 00 00 00 00 00
  ................ 00 00 00 00 00 00 00 00 00 00 00 00 00 00 00 00
  ...pB......pB@.. 00 00 00 70 42 00 00 00 00 00 00 70 42 40 e1 06
  .........S...3.. 1f 00 00 00 00 00 00 00 00 53 01 00 00 33 00 00
  ................ 00 ff ff ff 00 00 00 01 00 00 00 00 00 00 00 00
  ................ 00 00 00 00 00 00 01 01 00 00 00 00 00 00 00 00
  ...............? 00 00 00 00 00 00 00 00 00 00 00 00 00 00 80 3f
  ................ 00 00 00 00 00 00 00 00 00 00 00 00 00 00 00 00
  ........pB...... 00 00 00 00 00 00 00 00 70 42 00 00 00 00 00 00
  pB....M......... 70 42 91 01 00 00 4d 01 00 00 01 00 00 00 00 00
  ....S'....@..... 00 00 00 fc 53 27 c8 00 00 00 40 00 00 00 00 00
  ......           00 00 80 e7 a3 1e
003966-003980 StringBlock "selected_down"
003981-004017 DataBlock
  S...3........... 53 01 00 00 33 00 00 00 00 00 00 00 02 00 00 00
  ................ 00 00 00 00 00 00 00 00 01 00 00 00 00 00 00 00
  .....            00 00 00 00 00
004018-004030 FontNameBlock "la_gioconda"
004031-004046 DataBlock
  ................ 0c 00 00 00 01 00 00 00 00 00 00 00 00 00 00 ff
004047-004059 StringBlock "ingame_text"
004060-004079 DataBlock
  ................ 00 00 00 00 00 00 00 00 00 00 00 00 00 00 00 00
  ....             01 00 00 00
004080-004090 T0Block "normal_t0"
004091-004106 DataBlock
  ................ 00 00 00 00 00 00 00 00 00 00 00 00 00 00 00 00
004107-004117 T0Block "normal_t0"
004118-004137 DataBlock
  ...>............ 9a 99 99 3e 00 00 00 00 00 00 00 00 00 00 00 00
  ....             03 00 00 00
004138-004161 ImageUseBlock id=510692736 xofs=0 yofs=0 xsize=339 ysize=51 brga=4294967295
004162-004238 DataBlock
  ................ 00 00 01 00 00 00 00 00 00 00 00 00 00 00 00 00
  ................ 00 01 01 00 00 00 00 00 00 00 00 00 00 00 00 00
  ..........?..... 00 00 00 00 00 00 00 00 00 80 3f 00 00 00 00 00
  ................ 00 00 00 00 00 00 00 00 00 00 00 00 00 00 00 00
  ...pB......pB    00 00 00 70 42 00 00 00 00 00 00 70 42
004239-004262 ImageUseBlock id=520544000 xofs=0 yofs=0 xsize=339 ysize=51 brga=4294967295
004263-004339 DataBlock
  ................ 00 00 01 00 00 00 00 00 00 00 00 00 00 00 00 00
  ................ 00 01 01 00 00 00 00 00 00 00 00 00 00 00 00 00
  ..........?..... 00 00 00 00 00 00 00 00 00 80 3f 00 00 00 00 00
  ................ 00 00 00 00 00 00 00 00 00 00 00 00 00 00 00 00
  ...pB......pB    00 00 00 70 42 00 00 00 00 00 00 70 42
004340-004363 ImageUseBlock id=567852992 xofs=0 yofs=0 xsize=339 ysize=51 brga=4294967295
004364-004496 DataBlock
  ................ 00 00 01 00 00 00 00 00 00 00 00 00 00 00 00 00
  ................ 00 01 01 00 00 00 00 00 00 00 00 00 00 00 00 00
  ..........?..... 00 00 00 00 00 00 00 00 00 80 3f 00 00 00 00 00
  ................ 00 00 00 00 00 00 00 00 00 00 00 00 00 00 00 00
  ...pB......pB... 00 00 00 70 42 00 00 00 00 00 00 70 42 0c 01 00
  .x...........@.S 00 78 00 00 00 02 00 00 00 03 00 00 00 40 f6 53
  '............... 27 00 00 00 00 00 00 00 00 00 00 00 00 01 00 00
  .@.S'........... 00 40 f8 53 27 00 00 00 00 00 00 00 00 00 00 00
  .@.S'            00 40 f8 53 27
004497-004515 StringBlock "selected_down_off"
004516-004552 DataBlock
  S...3........... 53 01 00 00 33 00 00 00 00 00 00 00 02 00 00 00
  ................ 00 00 00 00 00 00 00 00 01 00 00 00 00 00 00 00
  .....            00 00 00 00 00
004553-004565 FontNameBlock "la_gioconda"
004566-004581 DataBlock
  ................ 0c 00 00 00 01 00 00 00 00 00 00 00 00 00 00 ff
004582-004594 StringBlock "ingame_text"
004595-004614 DataBlock
  ................ 00 00 00 00 00 00 00 00 00 00 00 00 00 00 00 00
  ....             01 00 00 00
004615-004625 T0Block "normal_t0"
004626-004641 DataBlock
  ................ 00 00 00 00 00 00 00 00 00 00 00 00 00 00 00 00
004642-004652 T0Block "normal_t0"
004653-004672 DataBlock
  ................ 00 00 00 00 00 00 00 00 00 00 00 00 00 00 00 00
  ....             02 00 00 00
004673-004696 ImageUseBlock id=510692736 xofs=0 yofs=0 xsize=339 ysize=51 brga=4294967295
004697-004773 DataBlock
  ................ 00 00 01 00 00 00 00 00 00 00 00 00 00 00 00 00
  ................ 00 01 01 00 00 00 00 00 00 00 00 00 00 00 00 00
  ..........?..... 00 00 00 00 00 00 00 00 00 80 3f 00 00 00 00 00
  ................ 00 00 00 00 00 00 00 00 00 00 00 00 00 00 00 00
  ...pB......pB    00 00 00 70 42 00 00 00 00 00 00 70 42
004774-004797 ImageUseBlock id=520544384 xofs=0 yofs=0 xsize=339 ysize=51 brga=4294967295
004798-004930 DataBlock
  ................ 00 00 01 00 00 00 00 00 00 00 00 00 00 00 00 00
  ................ 00 01 01 00 00 00 00 00 00 00 00 00 00 00 00 00
  ..........?..... 00 00 00 00 00 00 00 00 00 80 3f 00 00 00 00 00
  ................ 00 00 00 00 00 00 00 00 00 00 00 00 00 00 00 00
  ...pB......pB... 00 00 00 70 42 00 00 00 00 00 00 70 42 80 01 00
  ................ 00 15 00 00 00 02 00 00 00 00 00 00 00 80 e7 a3
  ................ 1e 00 00 00 00 00 00 00 00 00 00 00 00 08 00 00
  ...S'........... 00 00 fe 53 27 00 00 00 00 00 00 00 00 00 00 00
  ...S'            00 00 fc 53 27
004931-004946 StringBlock "selected_hover"
004947-004983 DataBlock
  S...3........... 53 01 00 00 33 00 00 00 00 00 00 00 02 00 00 00
  ................ 00 00 00 00 00 00 00 00 01 00 00 00 00 00 00 00
  .....            00 00 00 00 00
004984-004996 FontNameBlock "la_gioconda"
004997-005012 DataBlock
  ................ 0c 00 00 00 01 00 00 00 00 00 00 00 00 00 00 ff
005013-005025 StringBlock "ingame_text"
005026-005045 DataBlock
  ................ 00 00 00 00 00 00 00 00 00 00 00 00 00 00 00 00
  ....             01 00 00 00
005046-005056 T0Block "normal_t0"
005057-005072 DataBlock
  ................ 00 00 00 00 00 00 00 00 00 00 00 00 00 00 00 00
005073-005083 T0Block "normal_t0"
005084-005103 DataBlock
  ...>............ 9a 99 99 3e 00 00 00 00 00 00 00 00 00 00 00 00
  ....             03 00 00 00
005104-005127 ImageUseBlock id=510692736 xofs=0 yofs=0 xsize=339 ysize=51 brga=4294967295
005128-005204 DataBlock
  ................ 00 00 01 00 00 00 00 00 00 00 00 00 00 00 00 00
  ................ 00 01 01 00 00 00 00 00 00 00 00 00 00 00 00 00
  ..........?..... 00 00 00 00 00 00 00 00 00 80 3f 00 00 00 00 00
  ................ 00 00 00 00 00 00 00 00 00 00 00 00 00 00 00 00
  ...pB......pB    00 00 00 70 42 00 00 00 00 00 00 70 42
005205-005228 ImageUseBlock id=520544384 xofs=0 yofs=0 xsize=339 ysize=51 brga=16777215
005229-005462 DataBlock
  ................ 00 00 01 00 00 00 00 00 00 00 00 00 00 00 00 00
  ................ 00 01 01 00 00 00 00 00 00 00 00 00 00 00 00 00
  ..........?..... 00 00 00 00 00 00 00 00 00 80 3f 00 00 00 00 00
  ................ 00 00 00 00 00 00 00 00 00 00 00 00 00 00 00 00
  ...pB......pB@.. 00 00 00 70 42 00 00 00 00 00 00 70 42 40 e1 06
  .........S...3.. 1f 00 00 00 00 00 00 00 00 53 01 00 00 33 00 00
  ................ 00 ff ff ff ff 00 00 01 00 00 00 00 00 00 00 00
  ................ 00 00 00 00 00 00 01 01 00 00 00 00 00 00 00 00
  ...............? 00 00 00 00 00 00 00 00 00 00 00 00 00 00 80 3f
  ................ 00 00 00 00 00 00 00 00 00 00 00 00 00 00 00 00
  ........pB...... 00 00 00 00 00 00 00 00 70 42 00 00 00 00 00 00
  pB.............. 70 42 0d 01 00 00 d8 00 00 00 02 00 00 00 01 00
  ....S'....@..... 00 00 00 fe 53 27 c8 00 00 00 40 00 00 00 00 00
  ................ 00 00 02 00 00 00 80 e7 a3 1e 00 00 00 00 00 00
  ......@...       00 00 00 00 00 00 40 f3 06 1f
005463-005481 StringBlock "selected_inactive"
005482-005516 DataBlock
  S...3........... 53 01 00 00 33 00 00 00 00 00 00 00 02 00 00 00
  ................ 00 00 00 00 00 00 00 00 01 00 00 00 00 00 00 00
  ...              00 00 00
005517-005556 StringBlock "UI_GBL_TMP_Generic_Click_Locked_Medium"
005557-005569 FontNameBlock "la_gioconda"
005570-005585 DataBlock
  ................ 0c 00 00 00 01 00 00 00 00 00 00 00 00 00 00 ff
005586-005598 StringBlock "ingame_text"
005599-005618 DataBlock
  ................ 00 00 00 00 00 00 00 00 00 00 00 00 00 00 00 00
  ....             01 01 00 00
005619-005629 T0Block "normal_t0"
005630-005645 DataBlock
  ................ 00 00 00 00 00 00 00 00 00 00 00 00 00 00 00 00
005646-005656 T0Block "normal_t0"
005657-005676 DataBlock
  ................ 00 00 00 00 00 00 00 00 00 00 00 00 00 00 00 00
  ....             02 00 00 00
005677-005700 ImageUseBlock id=510692736 xofs=0 yofs=0 xsize=339 ysize=51 brga=4294967295
005701-005777 DataBlock
  ................ 00 00 01 00 00 00 00 00 00 00 00 00 00 00 00 00
  ................ 00 01 01 00 00 00 00 00 00 00 00 00 00 00 00 00
  ..........?..... 00 00 00 00 00 00 00 00 00 80 3f 00 00 00 00 00
  ................ 00 00 00 00 00 00 00 00 00 00 00 00 00 00 00 00
  ...pB......pB    00 00 00 70 42 00 00 00 00 00 00 70 42
005778-005801 ImageUseBlock id=520544736 xofs=0 yofs=0 xsize=339 ysize=51 brga=4294967295
005802-005912 DataBlock
  ................ 00 00 01 00 00 00 00 00 00 00 00 00 00 00 00 00
  ................ 00 01 01 00 00 00 00 00 00 00 00 00 00 00 00 00
  ..........?..... 00 00 00 00 00 00 00 00 00 80 3f 00 00 00 00 00
  ................ 00 00 00 00 00 00 00 00 00 00 00 00 00 00 00 00
  ...pB......pB... 00 00 00 70 42 00 00 00 00 00 00 70 42 00 00 00
  ................ 00 00 00 00 00 00 00 00 00 00 00 00 00 00 00 00
  .............O.  00 00 00 00 00 02 00 00 00 00 00 80 e4 4f 1d
005913-005931 StringBlock "smoke_clip_parent"
005932-005990 DataBlock
  ................ 00 00 00 00 00 00 1c 00 00 00 06 00 00 00 01 00
  ................ 00 00 00 00 01 01 00 00 00 01 00 00 00 00 05 00
  ...........@-.". 00 00 00 00 00 00 fd ff ff ff 00 40 2d 93 22 00
  ...........      00 00 00 00 00 00 00 01 00 00 00
005991-005994 StateIDBlock 580070720
005995-006004 NewStateBlock "NewState"
006005-006008 XSizeBlock 283
006009-006012 YSizeBlock 33
006013-006041 DataBlock
  ................ 00 00 00 00 02 00 00 00 00 00 00 00 00 00 00 00
  .............    02 00 00 00 00 00 00 00 00 00 00 00 00
006042-006053 FontNameBlock "Norse-Bold"
006054-006069 DataBlock
  ................ 0a 00 00 00 02 00 00 00 00 00 00 00 dd da fa ff
006070-006092 StringBlock "Default Font Category"
006093-006112 DataBlock
  ................ 00 00 00 00 00 00 00 00 00 00 00 00 00 00 00 00
  ....             00 00 00 00
006113-006123 T0Block "normal_t0"
006124-006139 DataBlock
  ................ 00 00 00 00 00 00 00 00 00 00 00 00 00 00 00 00
006140-006150 T0Block "normal_t0"
006151-006186 DataBlock
  ................ 00 00 00 00 00 00 00 00 00 00 00 00 00 00 00 00
  ................ 00 00 00 00 00 00 00 00 00 00 00 00 00 00 00 00
  ....             01 00 00 00
006187-006204 StringBlock "disable_override"
006205-006221 StringBlock "instance_resize"
006222-006239 DataBlock
  <.............@m 3c 00 00 00 00 00 00 00 01 00 00 00 00 00 40 6d
  .#               86 23
006240-006254 StringBlock "smoke_overlay"
006255-006301 DataBlock
  ................ 00 00 00 00 00 00 fe ff ff ff 80 ff ff ff 01 01
  ................ 00 00 00 00 01 00 00 00 00 01 00 00 00 00 05 00
  ............g."  00 00 fe ff ff ff fd ff ff ff 00 00 67 93 22
006302-006374 ImageListBlock 1 elements:
  006306-006374 ImageBlock id=577279680 xsize=339 ysize=51 path="ui\\skins\\default\\button_square_large_text_hover.png" unknown=0
006375-006425 DataBlock
  ......g."..wh1.. 00 02 00 00 00 00 67 93 22 03 00 77 68 31 1b 01
  ................ 00 00 1b 01 00 00 00 00 00 00 02 00 00 00 00 00
  ................ 00 00 00 00 00 00 02 00 00 00 00 00 00 00 00 00
  ...              00 00 00
006426-006437 FontNameBlock "Norse-Bold"
006438-006453 DataBlock
  ................ 0a 00 00 00 02 00 00 00 00 00 00 00 dd da fa ff
006454-006476 StringBlock "Default Font Category"
006477-006496 DataBlock
  ................ 00 00 00 00 00 00 00 00 00 00 00 00 00 00 00 00
  ....             00 00 00 00
006497-006514 T0Block "smoke_overlay_t0"
006515-006530 DataBlock
  ...?.. A........ 00 00 80 3f 00 00 20 41 00 00 00 00 00 00 00 00
006531-006541 T0Block "normal_t0"
006542-006561 DataBlock
  ................ 00 00 00 00 00 00 00 00 00 00 00 00 00 00 00 00
  ....             01 00 00 00
006562-006585 ImageUseBlock id=577279680 xofs=0 yofs=0 xsize=283 ysize=283 brga=2164228160
006586-006720 DataBlock
  ................ 00 00 00 00 00 00 00 00 00 00 00 00 00 00 00 00
  ................ 00 01 01 00 00 00 00 00 00 00 00 00 00 00 00 00
  ..........?..... 00 00 00 00 00 00 00 00 00 80 3f 00 00 00 00 00
  ................ 00 00 00 00 00 00 00 00 00 00 00 00 00 00 00 00
  ................ 00 00 00 00 00 00 00 00 00 00 00 00 00 00 00 00
  ..........fk...w 00 00 00 00 00 00 00 00 00 c0 66 6b 1f 03 00 77
  h2.............. 68 32 1b 01 00 00 1b 01 00 00 00 00 00 00 02 00
  ................ 00 00 00 00 00 00 00 00 00 00 02 00 00 00 00 00
  .......          00 00 00 00 00 00 00
006721-006732 FontNameBlock "Norse-Bold"
006733-006748 DataBlock
  ................ 0a 00 00 00 02 00 00 00 00 00 00 00 dd da fa ff
006749-006771 StringBlock "Default Font Category"
006772-006791 DataBlock
  ................ 00 00 00 00 00 00 00 00 00 00 00 00 00 00 00 00
  ....             00 00 00 00
006792-006809 T0Block "smoke_overlay_t0"
006810-006825 DataBlock
  ...?.. A........ 00 00 80 3f 00 00 20 41 00 00 00 00 00 00 00 00
006826-006836 T0Block "normal_t0"
006837-006856 DataBlock
  ................ 00 00 00 00 00 00 00 00 00 00 00 00 00 00 00 00
  ....             01 00 00 00
006857-006880 ImageUseBlock id=577279680 xofs=0 yofs=0 xsize=283 ysize=283 brga=2151735504
006881-006973 DataBlock
  ................ 00 00 00 00 00 00 00 00 00 00 00 00 00 00 00 00
  ................ 00 01 01 00 00 00 00 00 00 00 00 00 00 00 00 00
  ..........?..... 00 00 00 00 00 00 00 00 00 80 3f 00 00 00 00 00
  ................ 00 00 00 00 00 00 00 00 00 00 00 00 00 00 00 00
  ................ 00 00 00 00 00 00 00 00 00 00 00 00 00 00 00 00
  .............    00 00 00 00 00 00 00 00 00 01 00 00 00
006974-006991 StringBlock "disable_override"
006992-007008 StringBlock "instance_resize"
007009-007070 DataBlock
  <............... 3c 00 00 00 00 00 00 00 00 00 00 00 00 00 00 00
  .........?...?.. 00 00 00 00 01 01 00 00 80 3f 00 00 00 3f 00 00
  .?.............? 00 3f 00 00 00 00 00 00 00 00 00 01 00 00 80 3f
  ...?...?..`...   00 00 00 3f 00 00 00 3f 00 00 60 fc b3 1b
007071-007082 StringBlock "button_txt"
007083-007145 DataBlock
  ......%......... 00 00 00 00 00 00 25 00 00 00 02 00 00 00 01 00
  ................ 00 00 00 00 01 00 00 00 00 01 00 00 00 00 05 00
  ........... .... 00 00 00 00 00 00 ff ff ff ff 00 20 00 9a 1b 00
  ........... ...  00 00 00 00 00 00 00 02 00 00 00 20 00 9a 1b
007146-007153 StringBlock "active"
007154-007161 DataBlock
  ....,...         08 01 00 00 2c 00 00 00
007162-007177 UnicodeBlock "dy_text"
007178-007196 DataBlock
  ................ 00 00 04 00 00 00 04 00 00 00 00 00 00 00 02 00
  ...              00 00 01
007197-007256 UnicodeBlock "button_txt_active_Text_75002a"
007257-007262 DataBlock
  ......           00 00 00 00 00 00
007263-007285 FontNameBlock "la_gioconda_uppercase"
007286-007301 DataBlock
  ................ 10 00 00 00 01 00 00 00 00 00 00 00 d7 f8 ff ff
007302-007323 StringBlock "fe_paragraph_heading"
007324-007343 DataBlock
  ................ 00 00 00 00 00 00 00 00 00 00 00 00 00 00 00 00
  ....             00 00 00 00
007344-007354 T0Block "normal_t0"
007355-007370 DataBlock
  ................ 00 00 00 00 00 00 00 00 00 00 00 00 00 00 00 00
007371-007381 T0Block "normal_t0"
007382-007417 DataBlock
  ................ 00 00 00 00 00 00 00 00 00 00 00 00 00 00 00 00
  ................ 00 00 00 00 00 00 00 00 00 00 00 00 00 00 00 00
  ....             c0 04 9a 1b
007418-007427 StringBlock "inactive"
007428-007435 DataBlock
  ....,...         08 01 00 00 2c 00 00 00
007436-007451 UnicodeBlock "dy_text"
007452-007470 DataBlock
  ................ 00 00 04 00 00 00 04 00 00 00 00 00 00 00 02 00
  ...              00 00 01
007471-007534 UnicodeBlock "button_txt_inactive_Text_75002a"
007535-007540 DataBlock
  ......           00 00 00 00 00 00
007541-007563 FontNameBlock "la_gioconda_uppercase"
007564-007579 DataBlock
  ............fff. 10 00 00 00 02 00 00 00 00 00 00 00 66 66 66 ff
007580-007610 StringBlock "fe_paragraph_heading_inactive"
007611-007630 DataBlock
  ................ 00 00 00 00 00 00 00 00 00 00 00 00 00 00 00 00
  ....             00 00 00 00
007631-007641 T0Block "normal_t0"
007642-007657 DataBlock
  ................ 00 00 00 00 00 00 00 00 00 00 00 00 00 00 00 00
007658-007668 T0Block "normal_t0"
007669-007704 DataBlock
  ................ 00 00 00 00 00 00 00 00 00 00 00 00 00 00 00 00
  ................ 00 00 00 00 00 00 00 00 00 00 00 00 00 00 00 00
  ....             01 00 00 00
007705-007722 StringBlock "disable_override"
007723-007739 StringBlock "instance_resize"
007740-007774 DataBlock
  ................ 00 00 00 00 00 00 00 00 00 00 00 00 00 00 00 00
  .........?...?.. 00 00 00 00 00 01 00 00 80 3f 00 00 00 3f 00 00
  .?.              00 3f 00
007775-007818 StringBlock "UI_GBL_TMP_Square_Large_Text_Button_Toggle"
007819-007859 DataBlock
  ..........?...?. 00 00 00 00 00 00 00 00 00 80 3f 00 00 00 3f 00
  ..?............. 00 00 3f 00 00 00 00 00 00 00 00 00 00 00 00 80
  ?........        3f 00 00 00 00 00 00 00 00
