000000-000009 VersionBlock 101
000010-000013 RootIDBlock 230205536
000014-000019 StringBlock "root"
000020-000099 DataBlock
  ................ 00 00 00 00 00 00 00 00 00 00 00 00 01 01 00 00
  ................ 00 00 01 00 00 00 00 01 00 00 00 00 00 00 00 00
  ......... .A.... 00 00 00 00 00 00 00 00 00 20 c8 41 11 01 00 00
  ................ 00 90 09 87 0e 00 00 00 05 00 00 c0 03 00 00 00
  ............ .A. 00 00 00 00 00 00 00 00 01 00 00 00 20 c8 41 11
000100-000109 NewStateBlock "NewState"
000110-000113 XSizeBlock 1280
000114-000117 YSizeBlock 960
000118-000148 DataBlock
  ................ 00 00 00 00 02 00 00 00 00 00 00 00 00 00 00 00
  ...............  01 00 00 00 01 00 00 00 00 00 00 00 00 00 00
000149-000171 FontNameBlock "la_gioconda_uppercase"
000172-000187 DataBlock
  ................ 0a 00 00 00 02 00 00 00 01 00 00 00 dd da fa ff
000188-000210 StringBlock "Default Font Category"
000211-000230 DataBlock
  ................ 00 00 00 00 00 00 00 00 00 00 00 00 00 00 00 00
  ....             01 00 00 00
000231-000241 T0Block "normal_t0"
000242-000257 DataBlock
  ................ 00 00 00 00 00 00 00 00 00 00 00 00 00 00 00 00
000258-000268 T0Block "normal_t0"
000269-000409 DataBlock
  ................ 00 00 00 00 00 00 00 00 00 00 00 00 00 00 00 00
  ................ 01 00 00 00 90 09 87 0e 00 00 00 00 00 00 00 00
  ........4&...... 00 05 00 00 c0 03 00 00 34 26 1b ff 00 00 00 00
  ................ 00 00 00 00 00 00 00 00 00 00 00 01 01 00 00 00
  ................ 00 00 00 00 00 00 00 00 00 00 00 00 00 00 00 00
  ................ 00 00 00 00 00 00 00 00 00 00 00 00 00 00 00 00
  ................ 00 00 00 00 00 00 00 00 00 00 00 00 00 00 00 00
  ................ 00 00 00 00 00 00 00 00 00 00 00 00 00 00 00 00
  ..........X..    00 00 00 01 00 00 00 00 00 e0 58 99 19
000410-000418 StringBlock "vslider"
000419-000420 DataBlock
  ..               00 00
000421-000429 StringBlock "VSlider"
000430-000470 DataBlock
  ................ e4 04 00 00 8a 01 00 00 00 01 00 00 00 00 01 00
  ................ 00 00 00 01 00 00 00 00 06 00 00 00 00 00 00 00
  .........        00 00 00 00 00 00 00 00 00
000471-000536 ImageListBlock 1 elements:
  000475-000536 ImageBlock id=93255216 xsize=28 ysize=170 path="ui/skins/default/slider_switch_frame_mid.png" unknown=0
000537-000598 DataBlock
  ......... .....N 00 00 00 00 00 01 00 00 00 20 f0 8e 05 08 00 4e
  ewState......... 65 77 53 74 61 74 65 1c 00 00 00 ab 00 00 00 00
  ................ 00 00 00 02 00 00 00 00 00 00 00 00 00 00 00 01
  ..............   00 00 00 01 00 00 00 00 00 00 00 00 00 00
000599-000611 FontNameBlock "la_gioconda"
000612-000627 DataBlock
  ................ 0c 00 00 00 07 00 00 00 00 00 00 00 00 00 00 ff
000628-000640 StringBlock "ingame_text"
000641-000660 DataBlock
  ................ 00 00 00 00 00 00 00 00 00 00 00 00 00 00 00 00
  ....             01 00 00 00
000661-000671 T0Block "normal_t0"
000672-000687 DataBlock
  ................ 00 00 00 00 00 00 00 00 00 00 00 00 00 00 00 00
000688-000698 T0Block "normal_t0"
000699-000718 DataBlock
  ................ 00 00 00 00 00 00 00 00 00 00 00 00 00 00 00 00
  ....             01 00 00 00
000719-000742 ImageUseBlock id=93255216 xofs=0 yofs=0 xsize=28 ysize=171 brga=4294967295
000743-000821 DataBlock
  ................ 01 00 00 05 00 00 00 00 00 00 00 00 00 00 00 01
  ................ 01 00 00 00 00 00 00 00 00 00 00 00 00 00 00 00
  ................ 00 00 00 00 00 00 00 00 00 00 00 00 00 00 00 00
  ................ 00 00 00 00 00 00 00 00 00 00 00 00 00 00 00 c0
  ...............  cd cd cd c0 cd cd cd 00 00 00 00 04 00 00 00
000822-000828 StringBlock "Value"
000829-000831 DataBlock
  ..0              01 00 30
000832-000841 StringBlock "minValue"
000842-000844 DataBlock
  ..0              01 00 30
000845-000854 StringBlock "maxValue"
000855-000859 DataBlock
  ..100            03 00 31 30 30
000860-000867 StringBlock "Notify"
000868-000887 DataBlock
  ..-............. 00 00 2d 00 00 00 00 00 00 00 05 00 00 00 00 00
  .\..             00 5c 99 19
000888-000898 StringBlock "frame_top"
000899-000943 DataBlock
  ................ 00 00 00 00 01 00 00 00 de ff ff ff 00 00 00 00
  ................ 00 00 01 00 00 00 00 01 00 00 00 00 02 00 00 00
  ......... _..    01 00 00 00 de ff ff ff 00 20 5f 99 19
000944-001009 ImageListBlock 1 elements:
  000948-001009 ImageBlock id=93255616 xsize=28 ysize=36 path="ui/skins/default/slider_switch_frame_top.png" unknown=0
001010-001071 DataBlock
  ......... _....N 00 00 00 00 00 01 00 00 00 20 5f 99 19 08 00 4e
  ewState....$.... 65 77 53 74 61 74 65 1c 00 00 00 24 00 00 00 00
  ................ 00 00 00 02 00 00 00 00 00 00 00 00 00 00 00 01
  ..............   00 00 00 01 00 00 00 00 00 00 00 00 00 00
001072-001094 FontNameBlock "la_gioconda_uppercase"
001095-001110 DataBlock
  ................ 0a 00 00 00 02 00 00 00 01 00 00 00 dd da fa ff
001111-001133 StringBlock "Default Font Category"
001134-001153 DataBlock
  ................ 00 00 00 00 00 00 00 00 00 00 00 00 00 00 00 00
  ....             01 00 00 00
001154-001164 T0Block "normal_t0"
001165-001180 DataBlock
  ................ 00 00 00 00 00 00 00 00 00 00 00 00 00 00 00 00
001181-001191 T0Block "normal_t0"
001192-001211 DataBlock
  ................ 00 00 00 00 00 00 00 00 00 00 00 00 00 00 00 00
  ....             01 00 00 00
001212-001235 ImageUseBlock id=93255616 xofs=0 yofs=0 xsize=28 ysize=36 brga=4294967295
001236-001314 DataBlock
  ................ 00 00 00 00 00 00 00 00 00 00 00 00 00 00 00 01
  ................ 01 00 00 00 00 00 00 00 00 00 00 00 00 00 00 00
  ................ 00 00 00 00 00 00 00 00 00 00 00 00 00 00 00 00
  ................ 00 00 00 00 00 00 00 00 00 00 00 00 00 00 00 00
  ...............  00 00 00 00 00 00 00 00 00 00 00 01 00 00 00
001315-001332 StringBlock "disable_override"
001333-001342 StringBlock "position"
001343-001370 DataBlock
  -............... 2d 00 00 00 00 00 00 00 00 00 00 00 00 00 00 00
  ........ a..     00 00 00 00 00 00 00 00 20 61 99 19
001371-001384 StringBlock "frame_bottom"
001385-001429 DataBlock
  ................ 00 00 00 00 00 00 00 00 ab 00 00 00 00 00 00 00
  ................ 00 00 01 00 00 00 00 01 00 00 00 00 08 00 00 00
  ....$.....e..    00 00 00 00 24 00 00 00 00 a0 65 99 19
001430-001498 ImageListBlock 1 elements:
  001434-001498 ImageBlock id=429483072 xsize=28 ysize=36 path="ui/skins/default/slider_switch_frame_bottom.png" unknown=0
001499-001560 DataBlock
  ..........e....N 00 00 00 00 00 01 00 00 00 a0 65 99 19 08 00 4e
  ewState....$.... 65 77 53 74 61 74 65 1c 00 00 00 24 00 00 00 00
  ................ 00 00 00 02 00 00 00 00 00 00 00 00 00 00 00 01
  ..............   00 00 00 01 00 00 00 00 00 00 00 00 00 00
001561-001583 FontNameBlock "la_gioconda_uppercase"
001584-001599 DataBlock
  ................ 0a 00 00 00 02 00 00 00 01 00 00 00 dd da fa ff
001600-001622 StringBlock "Default Font Category"
001623-001642 DataBlock
  ................ 00 00 00 00 00 00 00 00 00 00 00 00 00 00 00 00
  ....             01 00 00 00
001643-001653 T0Block "normal_t0"
001654-001669 DataBlock
  ................ 00 00 00 00 00 00 00 00 00 00 00 00 00 00 00 00
001670-001680 T0Block "normal_t0"
001681-001700 DataBlock
  ................ 00 00 00 00 00 00 00 00 00 00 00 00 00 00 00 00
  ....             01 00 00 00
001701-001724 ImageUseBlock id=429483072 xofs=0 yofs=0 xsize=28 ysize=36 brga=4294967295
001725-001803 DataBlock
  ................ 00 00 00 00 00 00 00 00 00 00 00 00 00 00 00 01
  ................ 01 00 00 00 00 00 00 00 00 00 00 00 00 00 00 00
  ................ 00 00 00 00 00 00 00 00 00 00 00 00 00 00 00 00
  ................ 00 00 00 00 00 00 00 00 00 00 00 00 00 00 00 00
  ...............  00 00 00 00 00 00 00 00 00 00 00 01 00 00 00
001804-001821 StringBlock "disable_override"
001822-001831 StringBlock "position"
001832-001859 DataBlock
  -............... 2d 00 00 00 00 00 00 00 00 00 00 00 00 00 00 00
  .........q..     00 00 00 00 00 00 00 00 90 71 a2 08
001860-001867 StringBlock "bottom"
001868-001869 DataBlock
  ..               00 00
001870-001892 StringBlock "SliderIncrementButton"
001893-001933 DataBlock
  ................ 07 00 00 00 ab 00 00 00 00 00 00 00 00 00 01 00
  ................ 00 00 00 01 00 00 00 00 07 00 00 00 07 00 00 00
  .........        0d 00 00 00 00 00 00 00 00
001934-001995 ImageListBlock 1 elements:
  001938-001995 ImageBlock id=144864608 xsize=15 ysize=16 path="ui/skins/default/slider_arrow_normal.png" unknown=0
001996-002057 DataBlock
  ..........x....N 00 00 00 00 00 01 00 00 00 d0 78 a2 08 08 00 4e
  ewState......... 65 77 53 74 61 74 65 0f 00 00 00 0d 00 00 00 00
  ................ 00 00 00 02 00 00 00 00 00 00 00 00 00 00 00 01
  ..............   00 00 00 01 00 00 00 00 00 00 00 00 00 00
002058-002070 FontNameBlock "la_gioconda"
002071-002086 DataBlock
  ................ 0c 00 00 00 07 00 00 00 00 00 00 00 00 00 00 ff
002087-002099 StringBlock "ingame_text"
002100-002119 DataBlock
  ................ 00 00 00 00 00 00 00 00 00 00 00 00 00 00 00 00
  ....             01 00 01 00
002120-002130 T0Block "normal_t0"
002131-002146 DataBlock
  ................ 00 00 00 00 00 00 00 00 00 00 00 00 00 00 00 00
002147-002157 T0Block "normal_t0"
002158-002177 DataBlock
  ................ 00 00 00 00 00 00 00 00 00 00 00 00 00 00 00 00
  ....             01 00 00 00
002178-002201 ImageUseBlock id=144864608 xofs=0 yofs=0 xsize=15 ysize=16 brga=4294967295
002202-002280 DataBlock
  ................ 00 00 01 00 00 00 00 00 00 00 00 00 00 00 00 01
  ................ 01 00 00 00 00 00 00 00 00 00 00 00 00 00 00 00
  ................ 00 00 00 00 00 00 00 00 00 00 00 00 00 00 00 00
  ..............." 00 00 00 00 00 00 00 00 00 00 00 00 00 00 00 22
  ...'...........  00 00 00 27 00 00 00 00 00 00 00 02 00 00 00
002281-002290 StringBlock "stepSize"
002291-002294 DataBlock
  ..10             02 00 31 30
002295-002312 StringBlock "disable_override"
002313-002322 StringBlock "position"
002323-002335 DataBlock
  <............    3c 00 00 00 00 00 00 00 00 00 00 00 00
002336-002361 StringBlock "UI_GBL_TMP_Slider_Arrows"
002362-002374 DataBlock
  .............    00 00 00 00 00 00 00 00 00 80 d0 b7 1d
002375-002382 StringBlock "handle"
002383-002384 DataBlock
  ..               00 00
002385-002399 StringBlock "VSliderHandle"
002400-002440 DataBlock
  ....V........... 04 00 00 00 56 00 00 00 00 00 01 00 00 00 01 00
  ................ 00 00 00 01 00 00 00 00 00 00 00 00 00 00 00 00
  .........        00 00 00 00 00 00 00 00 00
002441-002503 ImageListBlock 1 elements:
  002445-002503 ImageBlock id=498586528 xsize=22 ysize=22 path="ui/skins/default/slider_switch_normal.png" unknown=0
002504-002565 DataBlock
  ...............N 00 00 00 00 00 01 00 00 00 e0 d6 b7 1d 08 00 4e
  ewState......... 65 77 53 74 61 74 65 16 00 00 00 16 00 00 00 00
  ................ 00 00 00 02 00 00 00 00 00 00 00 00 00 00 00 01
  ..............   00 00 00 01 00 00 00 00 00 00 00 00 00 00
002566-002578 FontNameBlock "la_gioconda"
002579-002594 DataBlock
  ................ 0c 00 00 00 07 00 00 00 00 00 00 00 00 00 00 ff
002595-002607 StringBlock "ingame_text"
002608-002627 DataBlock
  ................ 00 00 00 00 00 00 00 00 00 00 00 00 00 00 00 00
  ....             01 00 00 00
002628-002638 T0Block "normal_t0"
002639-002654 DataBlock
  ................ 00 00 00 00 00 00 00 00 00 00 00 00 00 00 00 00
002655-002665 T0Block "normal_t0"
002666-002685 DataBlock
  ................ 00 00 00 00 00 00 00 00 00 00 00 00 00 00 00 00
  ....             01 00 00 00
002686-002709 ImageUseBlock id=498586528 xofs=0 yofs=0 xsize=22 ysize=22 brga=4294967295
002710-002801 DataBlock
  ................ 00 00 00 00 00 00 00 00 00 00 00 00 00 00 00 01
  ................ 01 00 00 00 00 00 00 00 00 00 00 00 00 00 00 00
  ................ 00 00 00 00 00 00 00 00 00 00 00 00 00 00 00 00
  ................ 00 00 00 00 00 00 00 00 00 00 00 00 00 00 00 c0
  ...............< cd cd cd c0 cd cd cd 00 00 00 00 00 00 00 00 3c
  ............     00 00 00 00 00 00 00 00 00 00 00 00
002802-002827 StringBlock "UI_GBL_TMP_Slider_Handle"
002828-002847 DataBlock
  ...............t 00 00 00 00 00 00 00 00 00 80 dc b7 1d 03 00 74
  op..             6f 70 00 00
002848-002870 StringBlock "SliderDecrementButton"
002871-002911 DataBlock
  ................ 07 00 00 00 f3 ff ff ff 00 00 00 00 00 00 01 00
  ................ 00 00 00 01 00 00 00 00 01 00 00 00 07 00 00 00
  .........        f3 ff ff ff 00 00 00 00 00
002912-002973 ImageListBlock 1 elements:
  002916-002973 ImageBlock id=93257328 xsize=15 ysize=16 path="ui/skins/default/slider_arrow_normal.png" unknown=0
002974-003035 DataBlock
  .........@.....N 00 00 00 00 00 01 00 00 00 40 9c 9e 19 08 00 4e
  ewState......... 65 77 53 74 61 74 65 0f 00 00 00 0d 00 00 00 00
  ................ 00 00 00 02 00 00 00 00 00 00 00 00 00 00 00 01
  ..............   00 00 00 01 00 00 00 00 00 00 00 00 00 00
003036-003048 FontNameBlock "la_gioconda"
003049-003064 DataBlock
  ................ 0c 00 00 00 07 00 00 00 00 00 00 00 00 00 00 ff
003065-003077 StringBlock "ingame_text"
003078-003097 DataBlock
  ................ 00 00 00 00 00 00 00 00 00 00 00 00 00 00 00 00
  ....             01 00 01 00
003098-003108 T0Block "normal_t0"
003109-003124 DataBlock
  ................ 00 00 00 00 00 00 00 00 00 00 00 00 00 00 00 00
003125-003135 T0Block "normal_t0"
003136-003155 DataBlock
  ................ 00 00 00 00 00 00 00 00 00 00 00 00 00 00 00 00
  ....             01 00 00 00
003156-003179 ImageUseBlock id=93257328 xofs=0 yofs=0 xsize=15 ysize=16 brga=4294967295
003180-003258 DataBlock
  ................ 00 00 00 00 00 00 00 00 00 00 00 00 00 00 00 01
  ................ 01 00 00 00 00 00 00 00 00 00 00 00 00 00 00 00
  ................ 00 00 00 00 00 00 00 00 00 00 00 00 00 00 00 00
  ...............! 00 00 00 00 00 00 00 00 00 00 00 00 00 00 00 21
  ...$...........  00 00 00 24 00 00 00 00 00 00 00 02 00 00 00
003259-003268 StringBlock "stepSize"
003269-003272 DataBlock
  ..10             02 00 31 30
003273-003290 StringBlock "disable_override"
003291-003300 StringBlock "position"
003301-003313 DataBlock
  <............    3c 00 00 00 00 00 00 00 00 00 00 00 00
003314-003339 StringBlock "UI_GBL_TMP_Slider_Arrows"
003340-003366 DataBlock
  ................ 00 00 00 00 00 00 00 00 00 00 00 00 00 00 00 00
  ...........      01 00 00 00 00 00 00 00 00 00 00
