000000-000009 VersionBlock 101
000010-000013 RootIDBlock 312032000
000014-000019 StringBlock "root"
000020-000099 DataBlock
  ................ 00 00 00 00 00 00 00 00 00 00 00 00 01 01 00 00
  ................ 00 00 01 00 00 00 00 01 00 00 00 00 00 00 00 00
  ......... ...... 00 00 00 00 00 00 00 00 00 20 ce 9c 12 01 00 00
  ................ 00 80 9e e5 0e 00 00 00 05 00 00 00 04 00 00 00
  ............ ... 00 00 00 00 00 00 00 00 01 00 00 00 20 ce 9c 12
000100-000109 NewStateBlock "NewState"
000110-000148 DataBlock
  ................ 00 05 00 00 00 04 00 00 00 00 00 00 02 00 00 00
  ................ 00 00 00 00 00 00 00 00 01 00 00 00 01 00 00 00
  .......          00 00 00 00 00 00 00
000149-000164 FontNameBlock "georgia_italic"
000165-000180 DataBlock
  ................ 0a 00 00 00 02 00 00 00 01 00 00 00 dd da fa ff
000181-000203 StringBlock "Default Font Category"
000204-000223 DataBlock
  ................ 00 00 00 00 00 00 00 00 00 00 00 00 00 00 00 00
  ....             01 00 00 00
000224-000234 T0Block "normal_t0"
000235-000250 DataBlock
  ................ 00 00 00 00 00 00 00 00 00 00 00 00 00 00 00 00
000251-000261 T0Block "normal_t0"
000262-000402 DataBlock
  ................ 00 00 00 00 00 00 00 00 00 00 00 00 00 00 00 00
  ................ 01 00 00 00 80 9e e5 0e 00 00 00 00 00 00 00 00
  ................ 00 05 00 00 00 04 00 00 f0 f0 f0 ff 00 00 00 00
  ................ 00 00 00 00 00 00 00 00 00 00 00 01 01 00 00 00
  ................ 00 00 00 00 00 00 00 00 00 00 00 00 00 00 00 00
  ................ 00 00 00 00 00 00 00 00 00 00 00 00 00 00 00 00
  ................ 00 00 00 00 00 00 00 00 00 00 00 00 00 00 00 00
  ................ 00 00 00 00 00 00 00 00 00 00 00 00 00 00 00 00
  ...........E.    00 00 00 01 00 00 00 00 00 e0 a0 45 12
000403-000432 StringBlock "tooltip_title_text_and_image"
000433-000434 DataBlock
  ..               00 00
000435-000449 StringBlock "CustomTooltip"
000450-000490 DataBlock
  ................ 85 01 00 00 1f 01 00 00 01 01 00 00 00 00 01 00
  ................ 00 00 00 01 00 00 00 00 00 00 00 00 00 00 00 00
  .........        00 00 00 00 00 a0 b1 9b 12
000491-000546 ImageListBlock 1 elements:
  000495-000546 ImageBlock id=239098272 xsize=256 ysize=256 path="ui\\skins\\default\\tooltip_frame.png" unknown=0
000547-000608 DataBlock
  ...............N 00 00 00 00 00 01 00 00 00 a0 b1 9b 12 08 00 4e
  ewState....&.... 65 77 53 74 61 74 65 df 01 00 00 26 01 00 00 00
  ................ 00 00 00 02 00 00 00 00 00 00 00 00 00 00 00 01
  ..............   00 00 00 01 00 00 00 00 00 00 00 00 00 00
000609-000624 FontNameBlock "georgia_italic"
000625-000640 DataBlock
  ................ 0a 00 00 00 02 00 00 00 01 00 00 00 dd da fa ff
000641-000663 StringBlock "Default Font Category"
000664-000683 DataBlock
  ................ 00 00 00 00 00 00 00 00 00 00 00 00 00 00 00 00
  ....             00 00 00 00
000684-000694 T0Block "normal_t0"
000695-000710 DataBlock
  ................ 00 00 00 00 00 00 00 00 00 00 00 00 00 00 00 00
000711-000721 T0Block "normal_t0"
000722-000852 DataBlock
  ................ 00 00 00 00 00 00 00 00 00 00 00 00 00 00 00 00
  .....Y@......... 01 00 00 00 a0 59 40 0e 00 00 00 00 00 00 00 00
  ....&........... df 01 00 00 26 01 00 00 ff ff ff ff 01 00 00 00
  ................ 00 00 00 00 00 00 00 00 00 00 00 01 01 00 00 00
  ................ 00 00 00 00 00 00 00 00 00 00 00 00 00 00 00 00
  ..............A. 00 00 00 00 00 00 00 00 00 00 00 00 00 80 41 00
  ..A...A...A..... 00 a0 41 00 00 80 41 00 00 a0 41 00 00 00 00 00
  ................ 00 00 00 00 00 00 00 00 00 00 00 00 00 00 00 02
  ...              00 00 00
000853-000858 StringBlock "show"
000859-000924 DataBlock
  .........C...C.. 01 00 02 00 00 00 00 80 c2 43 00 80 8f 43 ce 00
  ..O............. 00 00 4f 00 00 00 ff ff ff ff 00 00 00 00 00 00
  ................ 00 00 00 00 00 00 00 00 00 00 00 00 00 00 ff ff
  ................ ff ff ff ff ff ff 96 00 00 00 00 00 00 00 00 00
  .?               80 3f
000925-000932 StringBlock "Linear"
000933-000999 DataBlock
  ..........C...C. 00 00 00 00 00 00 00 00 80 c2 43 00 80 8f 43 ce
  ...O............ 00 00 00 4f 00 00 00 ff ff ff ff 00 00 00 00 00
  ................ 00 00 00 00 00 00 00 00 00 00 00 00 00 00 00 ff
  ...........@.... ff ff ff ff ff ff ff 96 00 00 00 40 00 00 00 00
  ..?              00 80 3f
001000-001007 StringBlock "Linear"
001008-001014 DataBlock
  .......          00 00 00 00 00 00 00
001015-001020 StringBlock "hide"
001021-001086 DataBlock
  .........C...C.. 01 00 01 00 00 00 00 80 c2 43 00 80 8f 43 ce 00
  ..O............. 00 00 4f 00 00 00 ff ff ff 00 00 00 00 00 00 00
  ................ 00 00 00 00 00 00 00 00 00 00 00 00 00 00 ff ff
  ..........@..... ff ff ff ff ff ff 00 00 00 00 40 00 00 00 00 00
  .?               80 3f
001087-001094 StringBlock "Linear"
001095-001106 DataBlock
  ......E.....     01 00 00 00 e0 a0 45 12 00 00 00 00
001107-001124 StringBlock "Visibility false"
001125-001137 DataBlock
  ..........K..    00 00 00 04 00 00 00 00 00 10 4b c8 0d
001138-001144 StringBlock "title"
001145-001209 DataBlock
  ................ 00 00 00 00 00 00 00 00 00 00 00 00 00 01 00 00
  ................ 00 00 01 00 00 00 00 01 00 00 00 00 00 00 00 00
  ................ 00 00 00 00 00 00 00 00 00 b0 e5 cb 0d 00 00 00
  ................ 00 00 00 00 00 00 00 00 00 01 00 00 00 b0 e5 cb
  .                0d
001210-001219 NewStateBlock "NewState"
001220-001227 DataBlock
  ....&...         18 01 00 00 26 00 00 00
001228-001263 UnicodeBlock "Placeholder Title"
001264-001286 DataBlock
  ................ 00 00 02 00 00 00 04 00 00 00 00 00 00 00 03 00
  .......          00 00 01 00 00 00 00
001287-001340 UnicodeBlock "title_NewState_Text_4b0068"
001341-001344 DataBlock
  ....             00 00 00 00
001345-001367 FontNameBlock "la_gioconda_uppercase"
001368-001383 DataBlock
  ................ 0e 00 00 00 01 00 00 00 01 00 00 00 d7 f8 ff ff
001384-001400 StringBlock "FE_header_small"
001401-001420 DataBlock
  ................ 0c 00 00 00 08 00 00 00 0a 00 00 00 08 00 00 00
  ....             00 00 00 00
001421-001431 T0Block "normal_t0"
001432-001447 DataBlock
  ................ 00 00 00 00 00 00 00 00 00 00 00 00 00 00 00 00
001448-001458 T0Block "normal_t0"
001459-001522 DataBlock
  ................ 00 00 00 00 00 00 00 00 00 00 00 00 00 00 00 00
  ................ 00 00 00 00 00 00 00 00 00 00 00 00 00 00 00 00
  ................ 00 00 00 00 00 00 00 00 00 00 00 00 00 00 00 00
  ..............*. 00 00 00 00 00 00 00 00 00 00 00 00 b0 15 2a 08
001523-001535 StringBlock "description"
001536-001600 DataBlock
  ........#....... 00 00 00 00 02 00 00 00 23 00 00 00 01 01 00 00
  ................ 00 00 01 00 00 00 00 01 00 00 00 00 00 00 00 00
  ..........u..... 00 00 00 00 00 00 00 00 00 d0 75 ff 0f 00 00 00
  ..............u. 00 00 00 00 00 00 00 00 00 01 00 00 00 d0 75 ff
  .                0f
001601-001610 NewStateBlock "NewState"
001611-001618 DataBlock
  ....+...         d8 01 00 00 2b 00 00 00
001619-001666 UnicodeBlock "Placeholder description"
001667-001689 DataBlock
  ................ 00 00 02 00 00 00 04 00 00 00 00 00 00 00 00 00
  .......          00 00 01 00 00 00 01
001690-001743 UnicodeBlock "title_NewState_Text_3a003f"
001744-001747 DataBlock
  ....             00 00 00 00
001748-001760 FontNameBlock "la_gioconda"
001761-001776 DataBlock
  ................ 0c 00 00 00 01 00 00 00 00 00 00 00 d7 f8 ff ff
001777-001785 StringBlock "fe_text"
001786-001805 DataBlock
  ................ 0c 00 00 00 08 00 00 00 0a 00 00 00 08 00 00 00
  ....             00 00 00 00
001806-001816 T0Block "normal_t0"
001817-001832 DataBlock
  ................ 00 00 00 00 00 00 00 00 00 00 00 00 00 00 00 00
001833-001843 T0Block "normal_t0"
001844-001907 DataBlock
  ................ 00 00 00 00 00 00 00 00 00 00 00 00 00 00 00 00
  ................ 00 00 00 00 00 00 00 00 00 00 00 00 00 00 00 00
  ................ 00 00 00 00 00 00 00 00 00 00 00 00 00 00 00 00
  ............@.`. 00 00 00 00 00 00 00 00 00 00 00 00 40 a5 60 18
001908-001914 StringBlock "image"
001915-001959 DataBlock
  ........M....... 00 00 00 00 05 00 00 00 4d 00 00 00 01 01 00 00
  ................ 00 00 01 00 00 00 00 01 00 00 00 00 00 00 00 00
  ...........`.    00 00 00 00 00 00 00 00 00 80 a9 60 18
001960-002020 ImageListBlock 1 elements:
  001964-002020 ImageBlock id=408987872 xsize=687 ysize=283 path="ui\\skins\\default\\tooltip_army_panel.png" unknown=0
002021-002082 DataBlock
  ...........`...N 00 00 00 00 00 01 00 00 00 80 a9 60 18 08 00 4e
  ewState......... 65 77 53 74 61 74 65 d4 01 00 00 b2 00 00 00 00
  ................ 00 00 00 02 00 00 00 00 00 00 00 00 00 00 00 02
  ..............   00 00 00 01 00 00 00 00 00 00 00 00 00 00
002083-002098 FontNameBlock "georgia_italic"
002099-002114 DataBlock
  ................ 0a 00 00 00 02 00 00 00 01 00 00 00 dd da fa ff
002115-002137 StringBlock "Default Font Category"
002138-002157 DataBlock
  ................ 00 00 00 00 00 00 00 00 00 00 00 00 00 00 00 00
  ....             01 00 00 00
002158-002168 T0Block "normal_t0"
002169-002184 DataBlock
  ................ 00 00 00 00 00 00 00 00 00 00 00 00 00 00 00 00
002185-002195 T0Block "normal_t0"
002196-002346 DataBlock
  ................ 00 00 00 00 00 00 00 00 00 00 00 00 00 00 00 00
  ......`......... 01 00 00 00 e0 a8 60 18 00 00 00 00 00 00 00 00
  ................ d4 01 00 00 b2 00 00 00 ff ff ff ff 00 00 00 00
  ................ 00 00 00 00 00 00 00 00 00 00 00 01 01 00 00 00
  ................ 00 00 00 00 00 00 00 00 00 00 00 00 00 00 00 00
  ................ 00 00 00 00 00 00 00 00 00 00 00 00 00 00 00 00
  ................ 00 00 00 00 00 00 00 00 00 00 00 00 00 00 00 00
  ................ 00 00 00 00 00 00 00 00 00 00 00 00 00 00 00 00
  ................ 00 00 00 00 00 00 00 00 00 00 00 00 00 00 00 01
  ...0.i.          01 00 00 30 1f 69 08
002347-002354 StringBlock "footer"
002355-002419 DataBlock
  ................ 00 00 00 00 04 00 00 00 fa 00 00 00 01 01 00 00
  ................ 00 00 01 00 00 00 00 01 00 00 00 00 00 00 00 00
  .........."i.... 00 00 00 00 00 00 00 00 00 d0 22 69 08 00 00 00
  .............."i 00 00 00 00 00 00 00 00 00 01 00 00 00 d0 22 69
  .                08
002420-002429 NewStateBlock "NewState"
002430-002437 DataBlock
  ....+...         d8 01 00 00 2b 00 00 00
002438-002491 UnicodeBlock "Click for more information"
002492-002514 DataBlock
  ................ 00 00 03 00 00 00 04 00 00 00 00 00 00 00 00 00
  .......          00 00 01 00 00 00 01
002515-002580 UnicodeBlock "description_NewState_Text_71001d"
002581-002584 DataBlock
  ....             00 00 00 00
002585-002600 FontNameBlock "georgia_italic"
002601-002616 DataBlock
  ................ 0c 00 00 00 01 00 00 00 01 00 00 00 b0 d7 df ff
002617-002627 StringBlock "fe_italic"
002628-002647 DataBlock
  ................ 0c 00 00 00 08 00 00 00 0a 00 00 00 08 00 00 00
  ....             00 00 00 00
002648-002658 T0Block "normal_t0"
002659-002674 DataBlock
  ................ 00 00 00 00 00 00 00 00 00 00 00 00 00 00 00 00
002675-002685 T0Block "normal_t0"
002686-002763 DataBlock
  ................ 00 00 00 00 00 00 00 00 00 00 00 00 00 00 00 00
  ................ 00 00 00 00 00 00 00 00 00 00 00 00 00 00 00 00
  ................ 00 00 00 00 00 00 00 00 00 00 00 00 00 00 00 00
  ................ 00 00 00 00 00 00 00 00 00 00 00 00 00 00 00 00
  ..............   00 00 00 00 00 00 00 00 00 00 00 00 00 00
