000000-000009 VersionBlock 101
000010-000013 RootIDBlock 189224736
000014-000019 StringBlock "root"
000020-000021 StringBlock ""
000022-000025 XOffsetBlock 0
000026-000029 YOffsetBlock 0
000030-000095 DataBlock
  ................ 00 00 01 01 00 00 00 00 01 00 00 00 00 01 00 00
  ................ 00 00 00 00 00 00 00 00 00 00 00 00 00 00 00 d0
  [G......ZG...... 5b 47 0b 01 00 00 00 e0 5a 47 0b 00 00 00 05 00
  ................ 00 00 04 00 00 00 00 00 00 00 00 00 00 00 01 00
  ..               00 00
000096-000099 StateIDBlock 189225936
000100-000109 NewStateBlock "NewState"
000110-000113 XSizeBlock 1440
000114-000117 YSizeBlock 900
000118-000148 DataBlock
  ................ 00 00 00 00 02 00 00 00 00 00 00 00 00 00 00 00
  ...............  01 00 00 00 01 00 00 00 00 00 00 00 00 00 00
000149-000161 FontNameBlock "la_gioconda"
000162-000177 DataBlock
  ................ 0a 00 00 00 02 00 00 00 01 00 00 00 dd da fa ff
000178-000200 StringBlock "Default Font Category"
000201-000220 DataBlock
  ................ 00 00 00 00 00 00 00 00 00 00 00 00 00 00 00 00
  ....             01 00 00 00
000221-000231 T0Block "normal_t0"
000232-000247 DataBlock
  ................ 00 00 00 00 00 00 00 00 00 00 00 00 00 00 00 00
000248-000258 T0Block "normal_t0"
000259-000399 DataBlock
  ................ 00 00 00 00 00 00 00 00 00 00 00 00 00 00 00 00
  .....ZG......... 01 00 00 00 e0 5a 47 0b 00 00 00 00 00 00 00 00
  ................ a0 05 00 00 84 03 00 00 be ff bb ff 00 00 00 00
  ................ 00 00 00 00 00 00 00 00 00 00 00 01 01 00 00 00
  ................ 00 00 00 00 00 00 00 00 00 00 00 00 00 00 00 00
  ................ 00 00 00 00 00 00 00 00 00 00 00 00 00 00 00 00
  ................ 00 00 00 00 00 00 00 00 00 00 00 00 00 00 00 00
  ................ 00 00 00 00 00 00 00 00 00 00 00 00 00 00 00 00
  .........@...    00 00 00 01 00 00 00 00 00 40 93 0d 17
000400-000415 StringBlock "warhammer_demo"
000416-000417 DataBlock
  ..               00 00
000418-000450 StringBlock "WarhammerDemoLoadingScreenPanel"
000451-000507 DataBlock
  ................ 9d ff ff ff c1 ff ff ff 01 01 00 00 00 00 01 00
  ................ 00 00 00 01 00 00 00 00 05 00 00 00 00 00 00 00
  ....... ........ ff ff ff ff 00 c0 0b 20 17 00 00 00 00 00 00 00
  .........        00 00 00 00 00 01 00 00 00
000508-000511 StateIDBlock 387976128
000512-000521 NewStateBlock "NewState"
000522-000525 XSizeBlock 1638
000526-000529 YSizeBlock 1024
000530-000560 DataBlock
  ................ 00 00 00 00 02 00 00 00 00 00 00 00 00 00 00 00
  ...............  01 00 00 00 01 00 00 00 00 00 00 00 00 00 00
000561-000573 FontNameBlock "la_gioconda"
000574-000589 DataBlock
  ................ 0a 00 00 00 02 00 00 00 01 00 00 00 dd da fa ff
000590-000612 StringBlock "Default Font Category"
000613-000632 DataBlock
  ................ 00 00 00 00 00 00 00 00 00 00 00 00 00 00 00 00
  ....             01 00 00 00
000633-000643 T0Block "normal_t0"
000644-000659 DataBlock
  ................ 00 00 00 00 00 00 00 00 00 00 00 00 00 00 00 00
000660-000670 T0Block "normal_t0"
000671-000714 DataBlock
  ................ 00 00 00 00 00 00 00 00 00 00 00 00 00 00 00 00
  ................ 00 00 00 00 00 00 00 00 00 00 00 00 00 00 00 00
  ............     00 00 00 00 f4 01 00 00 03 00 00 00
000715-000720 StringBlock "hide"
000721-000786 DataBlock
  ..............f. 01 00 03 00 00 00 00 00 00 00 00 00 00 00 66 06
  ................ 00 00 00 04 00 00 ff ff ff 00 00 00 00 00 00 00
  ................ 00 00 00 00 00 00 00 00 00 00 00 00 00 00 ff ff
  ................ ff ff ff ff ff ff 00 00 00 00 00 00 00 00 00 00
  .?               80 3f
000787-000794 StringBlock "Linear"
000795-000802 DataBlock
  ......F.         01 00 00 00 00 bc 46 0b
000803-000808 StringBlock "hide"
000809-000875 DataBlock
  ...............f 00 00 00 00 00 00 00 00 00 00 00 00 00 00 00 66
  ................ 06 00 00 00 04 00 00 ff ff ff 00 00 00 00 00 00
  ................ 00 00 00 00 00 00 00 00 00 00 00 00 00 00 00 ff
  ....... ........ ff ff ff ff ff ff ff 20 03 00 00 00 00 00 00 00
  ..?              00 80 3f
000876-000883 StringBlock "Linear"
000884-000895 DataBlock
  ............     01 00 00 00 e0 96 0d 17 00 00 00 00
000896-000913 StringBlock "Visibility false"
000914-000976 DataBlock
  ...........f.... 00 00 00 00 00 00 00 00 00 00 00 66 06 00 00 00
  ................ 04 00 00 ff ff ff 00 00 00 00 00 00 00 00 00 00
  ................ 00 00 00 00 00 00 00 00 00 00 00 ff ff ff ff ff
  .......@......?  ff ff ff f4 01 00 00 40 00 00 00 00 00 80 3f
000977-000984 StringBlock "Linear"
000985-000991 DataBlock
  .......          00 00 00 00 00 00 00
000992-001003 StringBlock "show_quote"
001004-001069 DataBlock
  ..............f. 00 00 03 00 00 00 00 00 00 00 00 00 00 00 66 06
  ................ 00 00 00 04 00 00 ff ff ff ff 00 00 00 00 00 00
  ................ 00 00 00 00 00 00 00 00 00 00 00 00 00 00 ff ff
  ................ ff ff ff ff ff ff 00 00 00 00 00 00 00 00 00 00
  .?               80 3f
001070-001077 StringBlock "Linear"
001078-001085 DataBlock
  ........         01 00 00 00 00 00 00 00
001086-001097 StringBlock "show_quote"
001098-001164 DataBlock
  ...............f 00 00 00 00 00 00 00 00 00 00 00 00 00 00 00 66
  ................ 06 00 00 00 04 00 00 ff ff ff ff 00 00 00 00 00
  ................ 00 00 00 00 00 00 00 00 00 00 00 00 00 00 00 ff
  .......d........ ff ff ff ff ff ff ff 64 00 00 00 00 00 00 00 00
  ..?              00 80 3f
001165-001172 StringBlock "Linear"
001173-001239 DataBlock
  ...............f 00 00 00 00 00 00 00 00 00 00 00 00 00 00 00 66
  ................ 06 00 00 00 04 00 00 ff ff ff ff 00 00 00 00 00
  ................ 00 00 00 00 00 00 00 00 00 00 00 00 00 00 00 ff
  .......d........ ff ff ff ff ff ff ff 64 00 00 00 00 00 00 00 00
  ..?              00 80 3f
001240-001247 StringBlock "Linear"
001248-001254 DataBlock
  .......          00 00 00 00 00 00 00
001255-001260 StringBlock "show"
001261-001326 DataBlock
  ..............f. 00 00 02 00 00 00 00 00 00 00 00 00 00 00 66 06
  ................ 00 00 00 04 00 00 ff ff ff 00 00 00 00 00 00 00
  ................ 00 00 00 00 00 00 00 00 00 00 00 00 00 00 ff ff
  ................ ff ff ff ff ff ff 00 00 00 00 00 00 00 00 00 00
  .?               80 3f
001327-001334 StringBlock "Linear"
001335-001342 DataBlock
  ......F.         01 00 00 00 00 bc 46 0b
001343-001348 StringBlock "show"
001349-001415 DataBlock
  ...............f 00 00 00 00 00 00 00 00 00 00 00 00 00 00 00 66
  ................ 06 00 00 00 04 00 00 ff ff ff ff 00 00 00 00 00
  ................ 00 00 00 00 00 00 00 00 00 00 00 00 00 00 00 ff
  ................ ff ff ff ff ff ff ff f4 01 00 00 00 00 00 00 00
  ..?              00 80 3f
001416-001423 StringBlock "Linear"
001424-001440 DataBlock
  ................ 00 00 00 00 00 00 00 02 00 00 00 00 00 e0 96 0d
  .                17
001441-001448 StringBlock "docker"
001449-001509 DataBlock
  ....c...>....... 00 00 00 00 63 00 00 00 3e 00 00 00 00 00 00 00
  ................ 00 00 01 00 00 00 00 01 00 00 00 00 05 00 00 00
  ........... .... 00 00 00 00 00 00 00 00 00 00 0e 20 17 00 00 00
  .............    00 00 00 00 00 00 00 00 00 01 00 00 00
001510-001513 StateIDBlock 387976704
001514-001523 NewStateBlock "NewState"
001524-001527 XSizeBlock 1440
001528-001531 YSizeBlock 900
001532-001562 DataBlock
  ................ 00 00 00 00 02 00 00 00 00 00 00 00 00 00 00 00
  ...............  01 00 00 00 01 00 00 00 00 00 00 00 00 00 00
001563-001575 FontNameBlock "la_gioconda"
001576-001591 DataBlock
  ................ 0a 00 00 00 02 00 00 00 01 00 00 00 dd da fa ff
001592-001614 StringBlock "Default Font Category"
001615-001634 DataBlock
  ................ 00 00 00 00 00 00 00 00 00 00 00 00 00 00 00 00
  ....             00 00 00 00
001635-001645 T0Block "normal_t0"
001646-001661 DataBlock
  ................ 00 00 00 00 00 00 00 00 00 00 00 00 00 00 00 00
001662-001672 T0Block "normal_t0"
001673-001726 DataBlock
  ................ 00 00 00 00 00 00 00 00 00 00 00 00 00 00 00 00
  ................ 00 00 00 00 00 00 00 00 00 00 00 00 00 00 00 00
  ................ 00 00 00 00 00 00 00 00 00 00 00 00 02 00 00 00
  ..@...           00 00 40 fa c8 16
001727-001738 StringBlock "background"
001739-001783 DataBlock
  ................ 00 00 00 00 b0 ff ff ff 00 00 00 00 01 01 00 00
  ................ 00 00 01 00 00 00 00 01 00 00 00 00 05 00 00 00
  .............    00 00 00 00 00 00 00 00 00 e0 1e 10 17
001784-001833 ImageListBlock 1 elements:
  001788-001833 ImageBlock id=350810688 xsize=1600 ysize=900 path="ui/skins/default/load_e3.png" unknown=1
001834-001888 DataBlock
  ...............1 00 00 00 00 00 01 00 00 00 e0 1e 10 17 01 00 31
  @............... 40 06 00 00 84 03 00 00 00 00 00 00 02 00 00 00
  ................ 00 00 00 00 00 00 00 00 01 00 00 00 01 00 00 00
  .......          00 00 00 00 00 00 00
001889-001901 FontNameBlock "la_gioconda"
001902-001917 DataBlock
  ................ 0a 00 00 00 02 00 00 00 01 00 00 00 dd da fa ff
001918-001940 StringBlock "Default Font Category"
001941-001960 DataBlock
  ................ 00 00 00 00 00 00 00 00 00 00 00 00 00 00 00 00
  ....             00 00 00 00
001961-001971 T0Block "normal_t0"
001972-001987 DataBlock
  ................ 00 00 00 00 00 00 00 00 00 00 00 00 00 00 00 00
001988-001998 T0Block "normal_t0"
001999-002018 DataBlock
  ................ 00 00 00 00 00 00 00 00 00 00 00 00 00 00 00 00
  ....             01 00 00 00
002019-002042 ImageUseBlock id=350810688 xofs=0 yofs=0 xsize=1600 ysize=900 brga=4294967295
002043-002149 DataBlock
  ................ 00 00 00 05 00 00 00 00 00 00 00 00 00 00 00 01
  ................ 01 00 00 00 00 00 00 00 00 00 00 00 00 00 00 00
  ................ 00 00 00 00 00 00 00 00 00 00 00 00 00 00 00 00
  ................ 00 00 00 00 00 00 00 00 00 00 00 00 00 00 00 00
  ................ 00 00 00 00 00 00 00 00 00 00 00 00 00 00 00 00
  ................ 00 00 00 00 00 00 00 00 00 00 00 00 00 00 00 00
  .........5.      00 00 00 00 00 00 00 a0 fc 35 1e
002150-002164 StringBlock "bottom_parent"
002165-002225 DataBlock
  ................ 00 00 00 00 d3 01 00 00 c8 02 00 00 00 00 00 00
  ................ 00 00 01 00 00 00 00 01 00 00 00 00 08 00 00 00
  ...........5.... 00 00 00 00 f0 ff ff ff 00 c0 ff 35 1e 00 00 00
  .............    00 00 00 00 00 00 00 00 00 01 00 00 00
002226-002229 StateIDBlock 506855360
002230-002239 NewStateBlock "NewState"
002240-002243 XSizeBlock 505
002244-002247 YSizeBlock 172
002248-002278 DataBlock
  ................ 00 00 00 00 04 00 00 00 04 00 00 00 00 00 00 00
  ...............  01 00 00 00 01 00 00 00 00 00 00 00 00 00 00
002279-002291 FontNameBlock "la_gioconda"
002292-002307 DataBlock
  ................ 0c 00 00 00 07 00 00 00 00 00 00 00 d7 f8 ff ff
002308-002313 StringBlock "chat"
002314-002333 DataBlock
  ................ 0a 00 00 00 00 00 00 00 0a 00 00 00 00 00 00 00
  ....             00 00 00 00
002334-002344 T0Block "normal_t0"
002345-002360 DataBlock
  ................ 00 00 00 00 00 00 00 00 00 00 00 00 00 00 00 00
002361-002371 T0Block "normal_t0"
002372-002415 DataBlock
  ................ 00 00 00 00 00 00 00 00 00 00 00 00 00 00 00 00
  ................ 00 00 00 00 00 00 00 00 00 00 00 00 00 00 00 00
  ............     00 00 00 00 00 00 00 00 01 00 00 00
002416-002421 StringBlock "hide"
002422-002487 DataBlock
  .............C.. 00 00 01 00 00 00 00 00 00 00 00 00 fa 43 0e 02
  ................ 00 00 9e 00 00 00 ff ff ff ff 00 00 00 00 00 00
  ................ 00 00 00 00 00 00 00 00 00 00 00 00 00 00 ff ff
  ................ ff ff ff ff ff ff e8 03 00 00 02 00 00 00 00 00
  .?               80 3f
002488-002495 StringBlock "Linear"
002496-002512 DataBlock
  ............. .. 00 00 00 00 00 00 00 02 00 00 00 00 00 20 1d bb
  .                1d
002513-002532 StringBlock "loading_bar_parent"
002533-002577 DataBlock
  ................ 00 00 00 00 00 00 00 00 8d 00 00 00 00 00 00 00
  ................ 00 00 01 00 00 00 00 01 00 00 00 00 08 00 00 00
  .........@ ..    00 00 00 00 10 00 00 00 00 40 20 bb 1d
002578-002636 ImageListBlock 1 elements:
  002582-002636 ImageBlock id=157918928 xsize=258 ysize=21 path="ui/skins/default/loading_bar_back.png" unknown=0
002637-002645 DataBlock
  .........        00 00 00 00 00 01 00 00 00
002646-002649 StateIDBlock 498802752
002650-002659 NewStateBlock "NewState"
002660-002663 XSizeBlock 506
002664-002667 YSizeBlock 47
002668-002698 DataBlock
  ................ 00 00 00 00 04 00 00 00 04 00 00 00 00 00 00 00
  ...............  01 00 00 00 01 00 00 00 00 00 00 00 00 00 00
002699-002721 FontNameBlock "la_gioconda_uppercase"
002722-002737 DataBlock
  .............\.. 12 00 00 00 04 00 00 00 00 00 00 00 00 5c b9 ff
002738-002751 StringBlock "fe_hyperlink"
002752-002771 DataBlock
  ................ 00 00 00 00 00 00 00 00 00 00 00 00 00 00 00 00
  ....             00 00 00 00
002772-002782 T0Block "normal_t0"
002783-002798 DataBlock
  ................ 00 00 00 00 00 00 00 00 00 00 00 00 00 00 00 00
002799-002809 T0Block "normal_t0"
002810-002829 DataBlock
  ................ 00 00 00 00 00 00 00 00 00 00 00 00 00 00 00 00
  ....             01 00 00 00
002830-002853 ImageUseBlock id=157918928 xofs=21 yofs=11 xsize=463 ysize=25 brga=4294967295
002854-002950 DataBlock
  ................ 01 00 00 05 00 00 00 00 00 00 00 00 00 00 00 01
  ................ 01 00 00 00 00 00 00 00 00 00 00 00 00 00 00 00
  ................ 00 00 00 00 00 00 00 00 00 00 00 00 00 00 00 00
  ................ 00 00 00 00 00 00 00 00 00 00 00 00 00 00 00 00
  ................ 00 00 00 00 00 00 00 00 00 00 00 00 00 00 00 f4
  ............. .( 01 00 00 00 00 00 00 02 00 00 00 00 00 20 1c 28
  .                1f
002951-002963 StringBlock "loading_bar"
002964-003008 DataBlock
  ................ 00 00 00 00 19 00 00 00 00 00 00 00 01 01 00 00
  ................ 00 00 01 00 01 00 00 01 00 00 00 00 04 00 00 00
  .........@.(.    19 00 00 00 00 00 00 00 00 40 1f 28 1f
003009-003062 ImageListBlock 1 elements:
  003013-003062 ImageBlock id=141172368 xsize=262 ysize=19 path="ui/skins/default/loading_bar.png" unknown=0
003063-003071 DataBlock
  .........        00 00 00 00 00 01 00 00 00
003072-003075 StateIDBlock 522723136
003076-003085 NewStateBlock "NewState"
003086-003089 XSizeBlock 506
003090-003093 YSizeBlock 47
003094-003124 DataBlock
  ................ 00 00 00 00 04 00 00 00 04 00 00 00 00 00 00 00
  ...............  01 00 00 00 01 00 00 00 00 00 00 00 00 00 00
003125-003147 FontNameBlock "la_gioconda_uppercase"
003148-003163 DataBlock
  .............\.. 12 00 00 00 04 00 00 00 00 00 00 00 00 5c b9 ff
003164-003177 StringBlock "fe_hyperlink"
003178-003197 DataBlock
  ................ 00 00 00 00 00 00 00 00 00 00 00 00 00 00 00 00
  ....             00 00 00 00
003198-003208 T0Block "normal_t0"
003209-003224 DataBlock
  ................ 00 00 00 00 00 00 00 00 00 00 00 00 00 00 00 00
003225-003235 T0Block "normal_t0"
003236-003255 DataBlock
  ................ 00 00 00 00 00 00 00 00 00 00 00 00 00 00 00 00
  ....             01 00 00 00
003256-003279 ImageUseBlock id=141172368 xofs=0 yofs=13 xsize=461 ysize=19 brga=4294967295
003280-003386 DataBlock
  ................ 00 00 00 04 00 00 00 00 00 00 00 ff ff ff ff 01
  ................ 01 00 00 00 00 00 00 00 00 00 00 00 00 00 00 00
  ................ 00 00 00 00 00 00 00 00 00 00 00 00 00 00 00 00
  ................ 00 00 00 00 00 00 00 00 00 00 00 00 00 00 00 00
  ................ 00 00 00 00 00 00 00 00 00 00 00 00 00 00 00 00
  ................ 00 00 00 00 00 00 00 00 00 00 00 00 00 00 00 00
  ....... ...      00 00 00 00 00 00 00 20 9f bc 1d
003387-003393 StringBlock "frame"
003394-003442 DataBlock
  ................ 00 00 00 00 00 00 00 00 00 00 00 00 00 00 00 00
  ................ 00 00 01 00 00 00 00 01 00 00 00 00 05 00 00 00
  ...........R.... 00 00 00 00 00 00 00 00 00 a0 fd 52 1f 02 00 00
  .                00
003443-003498 ImageBlock id=97748752 xsize=372 ysize=47 path="ui/skins/default/loading_bar_frame.png" unknown=3548913664
003499-003499 DataBlock
  .                05
003500-003540 ImagePathBlock "ui/skins/default/loading_bar_chains.png"
003541-003561 DataBlock
  i...-........... 69 00 00 00 2d 00 00 00 00 00 00 00 00 00 00 00
  .....            00 01 00 00 00
003562-003565 StateIDBlock 525532576
003566-003575 NewStateBlock "NewState"
003576-003579 XSizeBlock 506
003580-003583 YSizeBlock 47
003584-003614 DataBlock
  ................ 00 00 00 00 02 00 00 00 00 00 00 00 00 00 00 00
  ...............  01 00 00 00 01 00 00 00 00 00 00 00 00 00 00
003615-003627 FontNameBlock "la_gioconda"
003628-003643 DataBlock
  ................ 0a 00 00 00 02 00 00 00 01 00 00 00 dd da fa ff
003644-003666 StringBlock "Default Font Category"
003667-003686 DataBlock
  ................ 00 00 00 00 00 00 00 00 00 00 00 00 00 00 00 00
  ....             01 00 00 00
003687-003697 T0Block "normal_t0"
003698-003713 DataBlock
  ................ 00 00 00 00 00 00 00 00 00 00 00 00 00 00 00 00
003714-003724 T0Block "normal_t0"
003725-003744 DataBlock
  ................ 00 00 00 00 00 00 00 00 00 00 00 00 00 00 00 00
  ....             02 00 00 00
003745-003768 ImageUseBlock id=97748752 xofs=4294967266 yofs=0 xsize=567 ysize=47 brga=4294967295
003769-003972 DataBlock
  ................ 01 00 00 05 00 00 00 00 00 00 00 00 00 00 00 01
  ................ 01 00 00 00 00 00 00 00 00 00 00 00 00 00 00 00
  ................ 00 00 00 00 00 00 00 00 00 00 00 00 00 00 00 00
  ......B.......B  00 00 00 00 00 d2 42 00 00 00 00 00 00 d2 42 20
  ...g.......E...- 88 d3 05 67 00 00 00 02 00 00 00 45 01 00 00 2d
  ................ 00 00 00 ff ff ff ff 01 00 00 05 00 00 00 0d 00
  ................ 00 00 01 00 00 00 01 00 00 00 00 00 00 00 00 00
  ................ 00 00 00 00 00 00 00 00 00 00 00 00 00 00 00 00
  ................ 00 00 00 00 00 00 00 00 00 00 00 00 00 00 00 00
  ................ 00 00 00 00 00 00 00 00 00 00 00 00 00 00 00 00
  ................ 00 00 00 00 00 00 00 00 00 00 00 00 00 00 00 00
  ................ 00 00 00 00 00 00 00 00 00 00 00 00 00 00 00 00
  ........P?z.     00 00 00 00 00 00 00 00 50 3f 7a 0c
003973-003983 StringBlock "parchment"
003984-004028 DataBlock
  ................ 00 00 00 00 cd ff ff ff d5 ff ff ff 00 00 00 00
  ................ 00 00 01 00 00 00 00 01 00 00 00 00 08 00 00 00
  ..........[z.    00 00 00 00 df ff ff ff 00 a0 5b 7a 0c
004029-004088 ImageListBlock 1 elements:
  004033-004088 ImageBlock id=209351792 xsize=256 ysize=256 path="ui/skins/default/parchment_texture.png" unknown=0
004089-004097 DataBlock
  .........        00 00 00 00 00 01 00 00 00
004098-004101 StateIDBlock 209345440
004102-004111 NewStateBlock "NewState"
004112-004115 XSizeBlock 607
004116-004119 YSizeBlock 182
004120-004150 DataBlock
  ................ 00 00 00 00 02 00 00 00 00 00 00 00 00 00 00 00
  ...............  02 00 00 00 01 00 00 00 00 00 00 00 00 00 00
004151-004163 FontNameBlock "la_gioconda"
004164-004179 DataBlock
  ................ 0a 00 00 00 02 00 00 00 01 00 00 00 dd da fa ff
004180-004202 StringBlock "Default Font Category"
004203-004222 DataBlock
  ................ 00 00 00 00 00 00 00 00 00 00 00 00 00 00 00 00
  ....             01 00 00 00
004223-004233 T0Block "normal_t0"
004234-004249 DataBlock
  ................ 00 00 00 00 00 00 00 00 00 00 00 00 00 00 00 00
004250-004260 T0Block "normal_t0"
004261-004280 DataBlock
  ................ 00 00 00 00 00 00 00 00 00 00 00 00 00 00 00 00
  ....             01 00 00 00
004281-004304 ImageUseBlock id=209351792 xofs=0 yofs=0 xsize=607 ysize=182 brga=4294967295
004305-004401 DataBlock
  ................ 01 00 00 00 00 00 00 00 00 00 00 00 00 00 00 01
  ................ 01 00 00 00 00 00 00 00 00 00 00 00 00 00 00 00
  ................ 00 00 00 00 00 00 00 00 00 00 00 00 00 00 00 00
  .HB..HB..HB..HB. 00 48 42 00 00 48 42 00 00 48 42 00 00 48 42 00
  ................ 00 00 00 00 00 00 00 00 00 00 00 00 00 00 00 00
  ..............z 00 00 00 00 00 00 00 01 00 00 00 00 00 d0 7f 7a
  .                0c
004402-004411 StringBlock "tx_descr"
004412-004456 DataBlock
  ................ 00 00 00 00 13 00 00 00 1e 00 00 00 01 01 00 00
  ................ 00 00 01 00 00 00 00 01 00 00 00 00 08 00 00 00
  ...........z.    00 00 00 00 ee ff ff ff 00 10 84 7a 0c
004457-004516 ImageListBlock 1 elements:
  004461-004516 ImageBlock id=209356896 xsize=256 ysize=256 path="ui/skins/default/parchment_divider.png" unknown=0
004517-004525 DataBlock
  .........        00 00 00 00 00 01 00 00 00
004526-004529 StateIDBlock 209355792
004530-004539 NewStateBlock "NewState"
004540-004543 XSizeBlock 569
004544-004547 YSizeBlock 134
004548-005021 UnicodeBlock "A Dwarf expeditionary force, led by Grudgebearer himself, must make haste through the Underway. Fortunately, the Gyrocopters of the Everpeak Aircorps are on their way to provide air cover, but falling rocks have delayed their departure."
005022-005044 DataBlock
  ................ 00 00 02 00 00 00 00 00 00 00 00 00 00 00 00 00
  .......          00 00 01 00 00 00 00
005045-005102 UnicodeBlock "tx_descr_NewState_Text_80045"
005103-005106 DataBlock
  ....             00 00 00 00
005107-005119 FontNameBlock "la_gioconda"
005120-005135 DataBlock
  ................ 0c 00 00 00 07 00 00 00 00 00 00 00 00 00 00 ff
005136-005148 StringBlock "ingame_text"
005149-005168 DataBlock
  ........-....... 0a 00 00 00 0a 00 00 00 2d 00 00 00 00 00 00 00
  ....             01 00 00 00
005169-005179 T0Block "normal_t0"
005180-005195 DataBlock
  ................ 00 00 00 00 00 00 00 00 00 00 00 00 00 00 00 00
005196-005206 T0Block "normal_t0"
005207-005226 DataBlock
  ................ 00 00 00 00 00 00 00 00 00 00 00 00 00 00 00 00
  ....             01 00 00 00
005227-005250 ImageUseBlock id=209356896 xofs=0 yofs=0 xsize=569 ysize=134 brga=4294967295
005251-005347 DataBlock
  ................ 01 00 00 00 00 00 00 00 00 00 00 00 00 00 00 01
  ................ 01 00 00 00 00 00 00 00 00 00 00 00 00 00 00 00
  ................ 00 00 00 00 00 00 00 00 00 00 00 00 00 00 00 00
  ..A...A..pA...A. 00 f0 41 00 00 f0 41 00 00 70 41 00 00 f0 41 00
  ................ 00 00 00 00 00 00 00 00 00 00 00 00 00 00 00 00
  ...............i 00 00 00 00 00 00 00 01 00 00 00 00 00 80 ba 69
  .                1b
005348-005358 StringBlock "tx_header"
005359-005407 DataBlock
  ....O........... 00 00 00 00 4f 00 00 00 f5 ff ff ff 01 00 00 00
  ................ 00 00 01 00 00 00 00 01 00 00 00 00 02 00 00 00
  ...........i.... 00 00 00 00 f5 ff ff ff 00 e0 bd 69 1b 03 00 00
  .                00
005408-005469 ImageBlock id=151921824 xsize=278 ysize=43 path="ui/skins/default/parchment_divider_title.png" unknown=1763303424
005470-005470 DataBlock
  .                1b
005471-005520 ImagePathBlock "ui/skins/default/parchment_divider_title_top.png"
005521-005529 DataBlock
  =........        3d 00 00 00 0e 00 00 00 00
005530-005598 ImageBlock id=459066432 xsize=68 ysize=11 path="ui/skins/default/parchment_divider_title_bottom.png" unknown=0
005599-005607 DataBlock
  .........        00 00 00 00 00 01 00 00 00
005608-005611 StateIDBlock 459914720
005612-005621 NewStateBlock "NewState"
005622-005625 XSizeBlock 411
005626-005629 YSizeBlock 43
005630-005691 UnicodeBlock "Ambush at the Thundering Falls"
005692-005714 DataBlock
  ................ 00 00 04 00 00 00 04 00 00 00 00 00 00 00 02 00
  .......          00 00 01 00 00 00 00
005715-005776 UnicodeBlock "tx_header_NewState_Text_4d0061"
005777-005780 DataBlock
  ....             00 00 00 00
005781-005803 FontNameBlock "la_gioconda_uppercase"
005804-005819 DataBlock
  ................ 10 00 00 00 02 00 00 00 01 00 00 00 00 00 00 ff
005820-005845 StringBlock "ingame_paragraph_heading"
005846-005865 DataBlock
  ................ 00 00 00 00 00 00 00 00 00 00 00 00 00 00 00 00
  ....             01 00 00 00
005866-005876 T0Block "normal_t0"
005877-005892 DataBlock
  ................ 00 00 00 00 00 00 00 00 00 00 00 00 00 00 00 00
005893-005903 T0Block "normal_t0"
005904-005923 DataBlock
  ................ 00 00 00 00 00 00 00 00 00 00 00 00 00 00 00 00
  ....             03 00 00 00
005924-005947 ImageUseBlock id=151921824 xofs=0 yofs=0 xsize=411 ysize=43 brga=4294967295
005948-006097 DataBlock
  ................ 01 00 00 00 00 00 00 00 00 00 00 00 00 00 00 01
  ................ 01 00 00 00 00 00 00 00 00 00 00 00 00 00 00 00
  ................ 00 00 00 00 00 00 00 00 00 00 00 00 00 00 00 00
  . A.. B.. A.. B. 00 20 41 00 00 20 42 00 00 20 41 00 00 20 42 e0
  .i.........=.... 19 69 1b af 00 00 00 fd ff ff ff 3d 00 00 00 0e
  ................ 00 00 00 ff ff ff ff 00 00 00 02 00 00 00 00 00
  ................ 00 00 fd ff ff ff 00 00 00 00 00 00 00 00 00 00
  ................ 00 00 00 00 00 00 00 00 00 00 00 00 00 00 00 00
  ................ 00 00 00 00 00 00 00 00 00 00 00 00 00 00 00 00
  ......           00 00 00 00 00 00
006098-006121 ImageUseBlock id=459066432 xofs=171 yofs=39 xsize=68 ysize=11 brga=4294967295
006122-006268 DataBlock
  ................ 00 00 00 08 00 00 00 00 00 00 00 07 00 00 00 00
  ................ 00 00 00 00 00 00 00 00 00 00 00 00 00 00 00 00
  ................ 00 00 00 00 00 00 00 00 00 00 00 00 00 00 00 00
  ................ 00 00 00 00 00 00 00 00 00 00 00 00 00 00 00 00
  ................ 00 00 00 00 00 00 00 00 00 00 00 00 00 00 00 00
  ................ 00 00 00 00 00 00 00 00 00 00 00 00 00 00 00 00
  ................ 00 00 00 00 00 00 00 00 00 00 00 00 00 00 00 00
  ................ 00 00 00 00 00 00 00 00 00 00 00 00 00 00 00 00
  ................ 00 00 00 00 00 00 00 00 00 00 00 00 00 00 00 00
  .F.              bc 46 0b
006269-006275 StringBlock "blank"
006276-006351 DataBlock
  ....o........... 00 00 00 00 6f f9 ff ff 18 fe ff ff 01 01 00 00
  ................ 00 00 00 00 00 00 00 01 00 00 00 00 05 00 00 00
  ..........k..... 00 00 00 00 00 00 00 00 00 10 6b e6 0c 01 00 00
  .0.....O...A.... 00 30 e4 e6 0c 00 00 4f 00 00 00 41 00 00 00 00
  ............     00 00 00 00 00 00 00 00 01 00 00 00
006352-006355 StateIDBlock 216427280
006356-006365 NewStateBlock "NewState"
006366-006369 XSizeBlock 5000
006370-006373 YSizeBlock 2000
006374-006404 DataBlock
  ................ 00 00 00 00 02 00 00 00 00 00 00 00 00 00 00 00
  ...............  01 00 00 00 01 00 00 00 00 00 00 00 00 00 00
006405-006417 FontNameBlock "la_gioconda"
006418-006433 DataBlock
  ................ 0a 00 00 00 02 00 00 00 01 00 00 00 dd da fa ff
006434-006456 StringBlock "Default Font Category"
006457-006476 DataBlock
  ................ 00 00 00 00 00 00 00 00 00 00 00 00 00 00 00 00
  ....             00 00 00 00
006477-006487 T0Block "normal_t0"
006488-006503 DataBlock
  ................ 00 00 00 00 00 00 00 00 00 00 00 00 00 00 00 00
006504-006514 T0Block "normal_t0"
006515-006645 DataBlock
  ................ 00 00 00 00 00 00 00 00 00 00 00 00 00 00 00 00
  ....0........... 01 00 00 00 30 e4 e6 0c 00 00 00 00 00 00 00 00
  ................ 88 13 00 00 d0 07 00 00 00 00 00 ff 00 00 00 00
  ................ 00 00 00 00 00 00 00 00 00 00 00 01 01 00 00 00
  ................ 00 00 00 00 00 00 00 00 00 00 00 00 00 00 00 00
  ................ 00 00 00 00 00 00 00 00 00 00 00 00 00 00 00 00
  ................ 00 00 00 00 00 00 00 00 00 00 00 00 00 00 00 00
  ................ 00 00 00 00 00 00 00 00 00 00 00 00 00 00 00 02
  ...              00 00 00
006646-006651 StringBlock "hide"
006652-006717 DataBlock
  ................ 01 00 02 00 00 00 00 00 00 00 00 00 00 00 88 13
  ................ 00 00 d0 07 00 00 00 00 00 00 00 00 00 00 00 00
  ................ 00 00 00 00 00 00 00 00 00 00 00 00 00 00 ff ff
  ..........@..... ff ff ff ff ff ff 00 00 00 00 40 00 00 00 00 00
  .?               80 3f
006718-006725 StringBlock "Linear"
006726-006737 DataBlock
  ......F.....     01 00 00 00 00 bc 46 0b 00 00 00 00
006738-006754 StringBlock "Visibility true"
006755-006817 DataBlock
  ................ 00 00 00 00 00 00 00 00 00 00 00 88 13 00 00 d0
  ................ 07 00 00 00 00 00 ff 00 00 00 00 00 00 00 00 00
  ................ 00 00 00 00 00 00 00 00 00 00 00 ff ff ff ff ff
  .......@......?  ff ff ff f4 01 00 00 40 00 00 00 00 00 80 3f
006818-006825 StringBlock "Linear"
006826-006832 DataBlock
  .......          00 00 00 00 00 00 00
006833-006838 StringBlock "show"
006839-006904 DataBlock
  ................ 01 00 02 00 00 00 00 00 00 00 00 00 00 00 88 13
  ................ 00 00 d0 07 00 00 00 00 00 ff 00 00 00 00 00 00
  ................ 00 00 00 00 00 00 00 00 00 00 00 00 00 00 ff ff
  ..........@..... ff ff ff ff ff ff 00 00 00 00 40 00 00 00 00 00
  .?               80 3f
006905-006912 StringBlock "Linear"
006913-006920 DataBlock
  ......F.         01 00 00 00 00 bc 46 0b
006921-006926 StringBlock "show"
006927-006928 DataBlock
  ..               00 00
006929-006945 StringBlock "Visibility true"
006946-007008 DataBlock
  ................ 00 00 00 00 00 00 00 00 00 00 00 88 13 00 00 d0
  ................ 07 00 00 00 00 00 00 00 00 00 00 00 00 00 00 00
  ................ 00 00 00 00 00 00 00 00 00 00 00 ff ff ff ff ff
  .......@......?  ff ff ff f4 01 00 00 40 00 00 00 00 00 80 3f
007009-007016 StringBlock "Linear"
007017-007057 DataBlock
  ................ 00 00 00 00 00 00 00 00 00 00 00 00 00 00 00 00
  ................ 00 00 01 00 00 00 00 00 00 00 00 00 00 00 00 00
  .........        00 00 00 00 00 00 00 00 00
