000000-000009 VersionBlock 122
000010-000013 RootIDBlock 312032000
000014-000019 StringBlock "root"
000020-000021 StringBlock ""
000022-000025 XOffsetBlock 0
000026-000029 YOffsetBlock 0
000030-000093 DataBlock
  ................ 00 00 00 00 01 01 00 00 00 00 01 00 00 00 00 01
  ................ 00 00 00 00 00 00 00 00 00 00 00 00 00 00 00 00
  . .............. 00 20 ce 9c 12 01 00 00 00 80 9e e5 0e 00 00 00
  ................ 05 00 00 00 04 00 00 00 00 00 00 00 01 00 00 00
000094-000097 StateIDBlock 312266272
000098-000107 NewStateBlock "NewState"
000108-000111 XSizeBlock 1280
000112-000115 YSizeBlock 1024
000116-000144 DataBlock
  ................ 00 00 00 00 02 00 00 00 00 00 00 00 00 00 00 00
  .............    01 00 00 00 00 00 00 00 00 00 00 00 00
000145-000151 FontNameBlock "Norse"
000152-000167 DataBlock
  ................ 0a 00 00 00 02 00 00 00 00 00 00 00 dd da fa ff
000168-000190 StringBlock "Default Font Category"
000191-000210 DataBlock
  ................ 00 00 00 00 00 00 00 00 00 00 00 00 00 00 00 00
  ....             01 00 00 00
000211-000221 T0Block "normal_t0"
000222-000237 DataBlock
  ................ 00 00 00 00 00 00 00 00 00 00 00 00 00 00 00 00
000238-000248 T0Block "normal_t0"
000249-000403 DataBlock
  ................ 00 00 00 00 00 00 00 00 00 00 00 00 00 00 00 00
  ................ 01 00 00 00 80 9e e5 0e 00 00 00 00 00 00 00 00
  ................ 00 05 00 00 00 04 00 00 f0 f0 f0 ff 00 00 00 00
  ................ 00 00 00 00 00 00 00 00 00 00 00 00 00 01 01 00
  ................ 00 00 00 00 00 00 00 00 00 00 00 00 00 00 00 00
  ......?......... 00 00 00 00 00 80 3f 00 00 00 00 00 00 00 00 00
  ................ 00 00 00 00 00 00 00 00 00 00 00 00 00 00 00 00
  ................ 00 00 00 00 00 00 00 00 00 00 00 00 00 00 00 00
  ................ 00 00 00 00 00 00 00 00 00 00 00 00 00 00 00 00
  .........E.      00 01 00 00 00 00 00 e0 a0 45 12
000404-000430 StringBlock "tooltip_murderous_prowess"
000431-000436 DataBlock
  ......           00 00 01 00 00 00
000437-000451 StringBlock "CustomTooltip"
000452-000500 DataBlock
  ................ 00 00 00 00 00 00 00 00 85 01 00 00 1f 01 00 00
  ................ 01 01 00 00 00 00 01 00 00 00 00 01 00 00 00 00
  ................ 00 00 00 00 00 00 00 00 00 00 00 00 00 a0 b1 9b
  .                12
000501-000556 ImageListBlock 1 elements:
  000505-000556 ImageBlock id=239098272 xsize=256 ysize=256 path="ui\\skins\\default\\tooltip_frame.png" unknown=0
000557-000561 DataBlock
  .....            00 01 00 00 00
000562-000565 StateIDBlock 312193440
000566-000575 NewStateBlock "NewState"
000576-000579 XSizeBlock 333
000580-000583 YSizeBlock 148
000584-000612 DataBlock
  ................ 00 00 00 00 02 00 00 00 00 00 00 00 00 00 00 00
  .............    01 00 00 00 00 00 00 00 00 00 00 00 00
000613-000619 FontNameBlock "Norse"
000620-000635 DataBlock
  ................ 0a 00 00 00 02 00 00 00 00 00 00 00 dd da fa ff
000636-000658 StringBlock "Default Font Category"
000659-000678 DataBlock
  ................ 00 00 00 00 00 00 00 00 00 00 00 00 00 00 00 00
  ....             00 00 00 00
000679-000689 T0Block "normal_t0"
000690-000705 DataBlock
  ................ 00 00 00 00 00 00 00 00 00 00 00 00 00 00 00 00
000706-000716 T0Block "normal_t0"
000717-000736 DataBlock
  ................ 00 00 00 00 00 00 00 00 00 00 00 00 00 00 00 00
  ....             01 00 00 00
000737-000760 ImageUseBlock id=239098272 xofs=0 yofs=0 xsize=333 ysize=148 brga=4294967295
000761-000871 DataBlock
  ................ 00 00 01 00 00 00 00 00 00 00 00 00 00 00 00 00
  ................ 00 01 01 00 00 00 00 00 00 00 00 00 00 00 00 00
  ..........?..... 00 00 00 00 00 00 00 00 00 80 3f 00 00 00 00 00
  ................ 00 00 00 00 00 00 00 00 00 00 00 00 00 00 00 80
  A...A...A...A... 41 00 00 a0 41 00 00 80 41 00 00 a0 41 00 00 00
  ................ 00 00 00 00 00 00 00 00 00 00 00 00 00 00 00 00
  ...............  00 00 00 00 00 03 00 00 00 00 00 c0 12 1c 16
000872-000879 StringBlock "header"
000880-000938 DataBlock
  ................ 00 00 00 00 00 00 0c 00 00 00 0c 00 00 00 01 01
  ................ 00 00 00 00 01 00 00 00 00 01 00 00 00 00 00 00
  ..............=. 00 00 00 00 00 00 00 00 00 00 00 00 09 86 3d 00
  ...........      00 00 00 00 00 00 00 01 00 00 00
000939-000942 StateIDBlock 1032194304
000943-000952 NewStateBlock "NewState"
000953-000956 XSizeBlock 89
000957-000960 YSizeBlock 42
000961-000996 UnicodeBlock "Murderous Prowess"
000997-001015 DataBlock
  ................ 00 00 02 00 00 00 00 00 00 00 00 00 00 00 03 00
  ...              00 00 01
001016-001071 UnicodeBlock "header_NewState_Text_40006f"
001072-001077 DataBlock
  ......           00 00 00 00 00 00
001078-001100 FontNameBlock "la_gioconda_uppercase"
001101-001116 DataBlock
  ................ 0c 00 00 00 02 00 00 00 00 00 00 00 d7 f8 ff ff
001117-001130 StringBlock "fe_text_bold"
001131-001150 DataBlock
  ................ 04 00 00 00 04 00 00 00 04 00 00 00 04 00 00 00
  ....             01 00 00 00
001151-001161 T0Block "normal_t0"
001162-001177 DataBlock
  ................ 00 00 00 00 00 00 00 00 00 00 00 00 00 00 00 00
001178-001188 T0Block "normal_t0"
001189-001264 DataBlock
  ................ 00 00 00 00 00 00 00 00 00 00 00 00 00 00 00 00
  ................ 00 00 00 00 00 00 00 00 00 00 00 00 00 00 00 00
  ................ 00 00 00 00 00 00 00 00 00 00 00 00 00 00 00 00
  .............?.. 00 00 00 00 00 00 00 00 00 00 00 00 80 3f 00 00
  .........^.)     00 00 00 00 00 00 00 00 80 5e 84 29
001265-001273 StringBlock "header2"
001274-001332 DataBlock
  ..........6..... 00 00 00 00 00 00 0c 00 00 00 36 00 00 00 01 01
  ................ 00 00 00 00 01 00 00 00 00 01 00 00 00 00 00 00
  ............w.*. 00 00 00 00 00 00 00 00 00 00 00 00 77 88 2a 00
  ...........      00 00 00 00 00 00 00 01 00 00 00
001333-001336 StateIDBlock 713586432
001337-001346 NewStateBlock "NewState"
001347-001350 XSizeBlock 309
001351-001354 YSizeBlock 58
001355-001528 UnicodeBlock "The Murderous Prowess ability will trigger once this many combatants have been killed."
001529-001547 DataBlock
  ................ 00 00 02 00 00 00 00 00 00 00 00 00 00 00 03 00
  ...              00 00 01
001548-001605 UnicodeBlock "header2_NewState_Text_76001b"
001606-001611 DataBlock
  ......           00 00 00 00 00 00
001612-001624 FontNameBlock "la_gioconda"
001625-001640 DataBlock
  ................ 0c 00 00 00 01 00 00 00 00 00 00 00 d7 f8 ff ff
001641-001657 StringBlock "fe_default_text"
001658-001677 DataBlock
  ................ 04 00 00 00 04 00 00 00 04 00 00 00 04 00 00 00
  ....             01 00 00 00
001678-001688 T0Block "normal_t0"
001689-001704 DataBlock
  ................ 00 00 00 00 00 00 00 00 00 00 00 00 00 00 00 00
001705-001715 T0Block "normal_t0"
001716-001791 DataBlock
  ................ 00 00 00 00 00 00 00 00 00 00 00 00 00 00 00 00
  ................ 00 00 00 00 00 00 00 00 00 00 00 00 00 00 00 00
  ................ 00 00 00 00 00 00 00 00 00 00 00 00 00 00 00 00
  .............?.. 00 00 00 00 00 00 00 00 00 00 00 00 80 3f 00 00
  ........`@G.     00 00 00 00 00 00 00 00 60 40 47 16
001792-001811 StringBlock "label_kills_parent"
001812-001870 DataBlock
  ..........p..... 00 00 00 00 00 00 0c 00 00 00 70 00 00 00 01 00
  ................ 00 00 00 00 01 00 00 00 00 01 00 00 00 00 00 00
  ...........`DG.. 00 00 00 00 00 00 00 00 00 00 00 60 44 47 16 00
  ...........      00 00 00 00 00 00 00 01 00 00 00
001871-001874 StateIDBlock 373769312
001875-001884 NewStateBlock "NewState"
001885-001888 XSizeBlock 43
001889-001892 YSizeBlock 24
001893-001906 UnicodeBlock "Kills:"
001907-001925 DataBlock
  ................ 00 00 02 00 00 00 00 00 00 00 00 00 00 00 03 00
  ...              00 00 01
001926-001991 UnicodeBlock "label_kills_NewState_Text_3f0054"
001992-001997 DataBlock
  ......           00 00 00 00 00 00
001998-002010 FontNameBlock "la_gioconda"
002011-002026 DataBlock
  ................ 0c 00 00 00 01 00 00 00 00 00 00 00 d7 f8 ff ff
002027-002043 StringBlock "fe_default_text"
002044-002063 DataBlock
  ................ 04 00 00 00 04 00 00 00 04 00 00 00 04 00 00 00
  ....             01 00 00 00
002064-002074 T0Block "normal_t0"
002075-002090 DataBlock
  ................ 00 00 00 00 00 00 00 00 00 00 00 00 00 00 00 00
002091-002101 T0Block "normal_t0"
002102-002155 DataBlock
  ................ 00 00 00 00 00 00 00 00 00 00 00 00 00 00 00 00
  ................ 00 00 00 00 00 00 00 00 00 00 00 00 00 00 00 00
  ................ 00 00 00 00 00 00 00 00 00 00 00 00 01 00 00 00
  ...F..           00 00 a0 46 86 14
002156-002168 StringBlock "label_score"
002169-002174 DataBlock
  ......           00 00 01 00 00 00
002175-002192 StringBlock "ContextTextLabel"
002193-002207 StringBlock "CcoBattleArmy"
002208-002230 StringBlock "MurderousProwessScore"
002231-002287 DataBlock
  ....+........... 00 00 00 00 2b 00 00 00 00 00 00 00 01 01 00 00
  ................ 00 00 01 00 00 00 00 01 00 00 00 00 0f 00 00 00
  ..........J..... 00 00 00 00 00 00 00 00 00 80 4a 86 14 00 00 00
  .........        00 00 00 00 00 01 00 00 00
002288-002291 StateIDBlock 344345216
002292-002301 NewStateBlock "NewState"
002302-002305 XSizeBlock 35
002306-002309 YSizeBlock 24
002310-002336 DataBlock
  ..5.5.5......... 03 00 35 00 35 00 35 00 00 00 02 00 00 00 00 00
  ...........      00 00 00 00 00 00 03 00 00 00 00
002337-002402 UnicodeBlock "label_score_NewState_Text_350000"
002403-002408 DataBlock
  ......           00 00 00 00 00 00
002409-002421 FontNameBlock "la_gioconda"
002422-002437 DataBlock
  ................ 0c 00 00 00 01 00 00 00 00 00 00 00 d7 f8 ff ff
002438-002454 StringBlock "fe_default_text"
002455-002474 DataBlock
  ................ 04 00 00 00 04 00 00 00 04 00 00 00 04 00 00 00
  ....             01 00 00 00
002475-002485 T0Block "normal_t0"
002486-002501 DataBlock
  ................ 00 00 00 00 00 00 00 00 00 00 00 00 00 00 00 00
002502-002512 T0Block "normal_t0"
002513-002630 DataBlock
  ................ 00 00 00 00 00 00 00 00 00 00 00 00 00 00 00 00
  ................ 00 00 00 00 00 00 00 00 00 00 00 00 00 00 00 00
  ................ 00 00 00 00 00 00 00 00 00 00 00 00 01 00 00 00
  ..@#....div..... 00 00 40 23 1c 16 03 00 64 69 76 00 00 00 00 00
  .#.............. 00 23 00 00 00 00 00 00 00 01 01 00 00 00 00 01
  ................ 00 00 00 00 01 00 00 00 00 0f 00 00 00 00 00 00
  ...... '........ 00 00 00 00 00 00 20 27 1c 16 00 00 00 00 00 00
  ......           00 00 01 00 00 00
002631-002634 StateIDBlock 370943776
002635-002644 NewStateBlock "NewState"
002645-002648 XSizeBlock 6
002649-002652 YSizeBlock 24
002653-002675 DataBlock
  ../............. 01 00 2f 00 00 00 02 00 00 00 00 00 00 00 00 00
  .......          00 00 03 00 00 00 00
002676-002717 UnicodeBlock "div_NewState_Text_2f"
002718-002723 DataBlock
  ......           00 00 00 00 00 00
002724-002736 FontNameBlock "la_gioconda"
002737-002752 DataBlock
  ................ 0c 00 00 00 01 00 00 00 00 00 00 00 d7 f8 ff ff
002753-002769 StringBlock "fe_default_text"
002770-002789 DataBlock
  ................ 00 00 00 00 00 00 00 00 04 00 00 00 04 00 00 00
  ....             01 00 00 00
002790-002800 T0Block "normal_t0"
002801-002816 DataBlock
  ................ 00 00 00 00 00 00 00 00 00 00 00 00 00 00 00 00
002817-002827 T0Block "normal_t0"
002828-002881 DataBlock
  ................ 00 00 00 00 00 00 00 00 00 00 00 00 00 00 00 00
  ................ 00 00 00 00 00 00 00 00 00 00 00 00 00 00 00 00
  ................ 00 00 00 00 00 00 00 00 00 00 00 00 01 00 00 00
  ...uM?           00 00 80 75 4d 3f
002882-002898 StringBlock "label_threshold"
002899-002904 DataBlock
  ......           00 00 01 00 00 00
002905-002922 StringBlock "ContextTextLabel"
002923-002937 StringBlock "CcoBattleArmy"
002938-002961 StringBlock "MurderousProwessThresh"
002962-003018 DataBlock
  ................ 00 00 00 00 06 00 00 00 00 00 00 00 01 01 00 00
  ................ 00 00 01 00 00 00 00 01 00 00 00 00 0f 00 00 00
  .........@yM?... 00 00 00 00 00 00 00 00 00 40 79 4d 3f 00 00 00
  .........        00 00 00 00 00 01 00 00 00
003019-003022 StateIDBlock 1062041920
003023-003032 NewStateBlock "NewState"
003033-003036 XSizeBlock 35
003037-003040 YSizeBlock 24
003041-003067 DataBlock
  ..5.5.5......... 03 00 35 00 35 00 35 00 00 00 02 00 00 00 00 00
  ...........      00 00 00 00 00 00 03 00 00 00 00
003068-003133 UnicodeBlock "label_score_NewState_Text_350000"
003134-003139 DataBlock
  ......           00 00 00 00 00 00
003140-003152 FontNameBlock "la_gioconda"
003153-003168 DataBlock
  ................ 0c 00 00 00 01 00 00 00 00 00 00 00 d7 f8 ff ff
003169-003185 StringBlock "fe_default_text"
003186-003205 DataBlock
  ................ 04 00 00 00 04 00 00 00 04 00 00 00 04 00 00 00
  ....             01 00 00 00
003206-003216 T0Block "normal_t0"
003217-003232 DataBlock
  ................ 00 00 00 00 00 00 00 00 00 00 00 00 00 00 00 00
003233-003243 T0Block "normal_t0"
003244-003380 DataBlock
  ................ 00 00 00 00 00 00 00 00 00 00 00 00 00 00 00 00
  ................ 00 00 00 00 00 00 00 00 00 00 00 00 00 00 00 00
  ................ 00 00 00 00 00 00 00 00 00 00 00 00 00 00 00 00
  .............?.. 00 00 00 00 00 00 00 00 00 00 00 00 80 3f 00 00
  .....?.......... 00 00 00 00 00 3f 00 00 00 00 00 00 00 00 00 00
  ...?.......?.... 00 00 80 3f 00 00 00 00 00 00 00 3f 00 00 00 00
  .........?...... 00 00 00 00 00 00 00 00 80 3f 00 00 00 00 00 00
  .?.............? 00 3f 00 00 00 00 00 00 00 00 00 00 00 00 80 3f
  .........        00 00 00 00 00 00 00 00 01
003381-003386 StringBlock "List"
003387-003495 DataBlock
  .......C........ 01 00 00 00 00 00 8c 43 00 00 00 00 00 00 00 00
  ................ 00 01 00 00 00 01 00 0c 00 00 00 0c 00 00 00 0c
  ................ 00 00 00 0c 00 00 00 00 00 00 00 00 00 00 00 00
  ................ 00 00 00 00 00 00 00 00 00 00 00 00 00 00 00 00
  ..............?. 00 00 00 00 00 00 00 00 00 00 00 00 00 80 3f 00
  ................ 00 00 00 00 00 00 00 00 00 00 00 00 00 00 00 00
  ....?........    00 00 00 80 3f 00 00 00 00 00 00 00 00
