000000-000009 VersionBlock 122
000010-000013 RootIDBlock 1145478144
000014-000019 StringBlock "root"
000020-000097 DataBlock
  ................ 00 00 00 00 00 00 00 00 00 00 00 00 00 00 01 01
  ................ 00 00 00 00 01 00 00 00 00 01 00 00 00 00 00 00
  ............4FD. 00 00 00 00 00 00 00 00 00 00 00 00 34 46 44 01
  ...@W.?......... 00 00 00 40 57 81 3f 00 00 00 05 00 00 00 04 00
  ...........4FD   00 00 00 00 00 00 01 00 00 00 00 34 46 44
000098-000107 NewStateBlock "NewState"
000108-000111 XSizeBlock 1280
000112-000115 YSizeBlock 1024
000116-000144 DataBlock
  ................ 00 00 00 00 02 00 00 00 00 00 00 00 00 00 00 00
  .............    02 00 00 00 00 00 00 00 00 00 00 00 00
000145-000151 FontNameBlock "Norse"
000152-000167 DataBlock
  ................ 0a 00 00 00 02 00 00 00 00 00 00 00 dd da fa ff
000168-000190 StringBlock "Default Font Category"
000191-000210 DataBlock
  ................ 00 00 00 00 00 00 00 00 00 00 00 00 00 00 00 00
  ....             01 00 00 00
000211-000221 T0Block "normal_t0"
000222-000237 DataBlock
  ................ 00 00 00 00 00 00 00 00 00 00 00 00 00 00 00 00
000238-000248 T0Block "normal_t0"
000249-000403 DataBlock
  ................ 00 00 00 00 00 00 00 00 00 00 00 00 00 00 00 00
  ....@W.?........ 01 00 00 00 40 57 81 3f 00 00 00 00 00 00 00 00
  ................ 00 05 00 00 00 04 00 00 f0 f0 f0 ff 00 00 00 00
  ................ 00 00 00 00 00 00 00 00 00 00 00 00 00 01 01 00
  ................ 00 00 00 00 00 00 00 00 00 00 00 00 00 00 00 00
  ......?......... 00 00 00 00 00 80 3f 00 00 00 00 00 00 00 00 00
  ................ 00 00 00 00 00 00 00 00 00 00 00 00 00 00 00 00
  ................ 00 00 00 00 00 00 00 00 00 00 00 00 00 00 00 00
  ................ 00 00 00 00 00 00 00 00 00 00 00 00 00 00 00 00
  ...........      00 01 00 00 00 00 00 f0 b2 c8 0f
000404-000438 StringBlock "tooltip_pooled_resource_breakdown"
000439-000444 DataBlock
  ......           00 00 01 00 00 00
000445-000459 StringBlock "CustomTooltip"
000460-000508 DataBlock
  ............f... 00 00 00 00 00 00 00 00 82 01 00 00 66 00 00 00
  ................ 01 01 00 00 00 00 01 01 00 00 00 01 00 00 00 00
  ................ 00 00 00 00 00 00 00 00 00 00 00 00 00 00 00 00
  .                00
000509-000564 ImageListBlock 1 elements:
  000513-000564 ImageBlock id=131346880 xsize=256 ysize=256 path="ui\\skins\\default\\tooltip_frame.png" unknown=0
000565-000620 DataBlock
  ......2....NewSt 00 01 00 00 00 80 32 d4 07 08 00 4e 65 77 53 74
  ateH............ 61 74 65 48 01 00 00 dc 00 00 00 00 00 00 00 02
  ................ 00 00 00 00 00 00 00 00 00 00 00 01 00 00 00 00
  ........         00 00 00 00 00 00 00 00
000621-000633 FontNameBlock "la_gioconda"
000634-000649 DataBlock
  ................ 0c 00 00 00 01 00 00 00 00 00 00 00 d7 f8 ff ff
000650-000666 StringBlock "fe_tooltip_text"
000667-000686 DataBlock
  ................ 08 00 00 00 00 00 00 00 06 00 00 00 00 00 00 00
  ....             00 00 00 00
000687-000697 T0Block "normal_t0"
000698-000713 DataBlock
  ................ 00 00 00 00 00 00 00 00 00 00 00 00 00 00 00 00
000714-000724 T0Block "normal_t0"
000725-000869 DataBlock
  ................ 00 00 00 00 00 00 00 00 00 00 00 00 00 00 00 00
  .....1.......... 01 00 00 00 c0 31 d4 07 00 00 00 00 00 00 00 00
  H............... 48 01 00 00 dc 00 00 00 ff ff ff ff 00 00 01 00
  ................ 00 00 00 00 00 00 00 00 00 00 00 00 00 01 01 00
  ................ 00 00 00 00 00 00 00 00 00 00 00 00 00 00 00 00
  ......?......... 00 00 00 00 00 80 3f 00 00 00 00 00 00 00 00 00
  ............A... 00 00 00 00 00 00 00 00 00 00 00 80 41 00 00 a0
  A...A...A....... 41 00 00 80 41 00 00 a0 41 00 00 00 00 00 00 00
  ................ 00 00 00 00 00 00 00 00 00 ff 00 00 00 01 00 00
  .                00
000870-000877 StringBlock "expand"
000878-000951 DataBlock
  ................ 00 00 01 00 00 00 00 00 00 00 00 00 00 00 00 00
  ..Z...J......... 00 00 5a 01 00 00 4a 01 00 00 ff ff ff ff 00 00
  ................ 00 00 00 00 00 00 00 00 00 00 00 00 00 00 00 00
  .............?,. 00 00 ff ff ff ff ff ff ff ff 00 00 80 3f 2c 01
  .........?       00 00 04 00 00 00 00 00 80 3f
000952-000959 StringBlock "Linear"
000960-000979 DataBlock
  ................ 00 00 00 00 00 00 00 00 00 00 01 00 00 00 00 00
  .%!2             c0 25 21 32
000980-000992 StringBlock "list_parent"
000993-001055 DataBlock
  ................ 00 00 00 00 00 00 00 00 00 00 00 00 00 00 01 01
  ................ 00 00 00 00 01 01 00 00 00 01 00 00 00 00 00 00
  ................ 00 00 00 00 00 00 00 00 00 00 00 00 00 00 00 00
  ............)!2  00 00 00 00 00 00 00 01 00 00 00 c0 29 21 32
001056-001065 NewStateBlock "NewState"
001066-001069 XSizeBlock 328
001070-001073 YSizeBlock 214
001074-001102 DataBlock
  ................ 00 00 00 00 02 00 00 00 00 00 00 00 00 00 00 00
  .............    01 00 00 00 00 00 00 00 00 00 00 00 00
001103-001115 FontNameBlock "la_gioconda"
001116-001131 DataBlock
  ................ 0c 00 00 00 01 00 00 00 00 00 00 00 d7 f8 ff ff
001132-001140 StringBlock "fe_text"
001141-001160 DataBlock
  ................ 08 00 00 00 00 00 00 00 06 00 00 00 00 00 00 00
  ....             00 00 00 00
001161-001171 T0Block "normal_t0"
001172-001187 DataBlock
  ................ 00 00 00 00 00 00 00 00 00 00 00 00 00 00 00 00
001188-001198 T0Block "normal_t0"
001199-001242 DataBlock
  ................ 00 00 00 00 00 00 00 00 00 00 00 00 00 00 00 00
  ................ 00 00 00 00 00 00 00 00 00 00 00 00 00 00 00 00
  ............     00 00 00 00 ff 00 00 00 01 00 00 00
001243-001250 StringBlock "expand"
001251-001324 DataBlock
  ................ 00 00 01 00 00 00 00 00 00 00 00 00 00 00 00 00
  ..Z...J......... 00 00 5a 01 00 00 4a 01 00 00 ff ff ff ff 00 00
  ................ 00 00 00 00 00 00 00 00 00 00 00 00 00 00 00 00
  .............?,. 00 00 ff ff ff ff ff ff ff ff 00 00 80 3f 2c 01
  .........?       00 00 04 00 00 00 00 00 80 3f
001325-001332 StringBlock "Linear"
001333-001344 DataBlock
  .....>!2....     01 00 00 00 c0 3e 21 32 00 00 00 00
001345-001361 StringBlock "Visibility true"
001362-001377 DataBlock
  ..............!2 00 00 00 00 00 00 09 00 00 00 00 00 80 2e 21 32
001378-001397 StringBlock "dy_heading_textbox"
001398-001403 DataBlock
  ......           00 00 01 00 00 00
001404-001421 StringBlock "ContextTextLabel"
001422-001446 StringBlock "CcoCampaignResourcePool"
001447-001452 StringBlock "Name"
001453-001513 DataBlock
  ................ 00 00 00 00 00 00 00 00 00 00 00 00 00 01 00 00
  ................ 00 00 01 00 00 00 00 01 00 00 00 00 00 00 00 00
  ..........1!2... 00 00 00 00 00 00 00 00 00 c0 31 21 32 00 00 00
  ..........1!2    00 00 00 00 00 01 00 00 00 c0 31 21 32
001514-001523 NewStateBlock "NewState"
001524-001527 XSizeBlock 321
001528-001531 YSizeBlock 32
001532-001549 UnicodeBlock "dy_title"
001550-001568 DataBlock
  ................ 00 00 04 00 00 00 00 00 00 00 00 00 00 00 03 00
  ...              00 00 00
001569-001648 UnicodeBlock "dy_heading_textbox_NewState_Text_1c003e"
001649-001654 DataBlock
  ......           00 00 00 00 00 00
001655-001677 FontNameBlock "la_gioconda_uppercase"
001678-001693 DataBlock
  ................ 0e 00 00 00 01 00 00 00 00 00 00 00 d7 f8 ff ff
001694-001710 StringBlock "FE_header_small"
001711-001730 DataBlock
  ................ 00 00 00 00 00 00 00 00 08 00 00 00 06 00 00 00
  ....             01 00 00 00
001731-001741 T0Block "normal_t0"
001742-001757 DataBlock
  ................ 00 00 00 00 00 00 00 00 00 00 00 00 00 00 00 00
001758-001768 T0Block "normal_t0"
001769-001844 DataBlock
  ................ 00 00 00 00 00 00 00 00 00 00 00 00 00 00 00 00
  ................ 00 00 00 00 00 00 00 00 00 00 00 00 00 00 00 00
  ................ 00 00 00 00 ff 00 00 00 00 00 00 00 00 00 00 00
  .............?.. 00 00 00 00 00 00 00 01 00 00 00 00 80 3f 00 00
  .........(x.     00 00 00 00 00 00 00 00 00 28 78 17
001845-001858 StringBlock "instructions"
001859-001864 DataBlock
  ......           00 00 01 00 00 00
001865-001882 StringBlock "ContextTextLabel"
001883-001907 StringBlock "CcoCampaignResourcePool"
001908-001920 StringBlock "Description"
001921-001981 DataBlock
  ........ ....... 00 00 00 00 00 00 00 00 20 00 00 00 00 01 00 00
  ................ 00 00 01 00 00 00 00 01 00 00 00 00 00 00 00 00
  .........`+x.... 00 00 00 00 00 00 00 00 00 60 2b 78 17 00 00 00
  .........`+x.    00 00 00 00 00 01 00 00 00 60 2b 78 17
001982-001991 NewStateBlock "NewState"
001992-001995 XSizeBlock 328
001996-001999 YSizeBlock 16
002000-002031 UnicodeBlock "dy_instructions"
002032-002050 DataBlock
  ................ 00 00 02 00 00 00 04 00 00 00 00 00 00 00 03 00
  ...              00 00 00
002051-002118 UnicodeBlock "instructions_NewState_Text_75003c"
002119-002124 DataBlock
  ......           00 00 00 00 00 00
002125-002140 FontNameBlock "georgia_italic"
002141-002156 DataBlock
  ................ 0c 00 00 00 01 00 00 00 00 00 00 00 b0 d7 df ff
002157-002167 StringBlock "fe_italic"
002168-002187 DataBlock
  ................ 0c 00 00 00 0c 00 00 00 00 00 00 00 04 00 00 00
  ....             01 00 00 00
002188-002198 T0Block "normal_t0"
002199-002214 DataBlock
  ................ 00 00 00 00 00 00 00 00 00 00 00 00 00 00 00 00
002215-002225 T0Block "normal_t0"
002226-002301 DataBlock
  ................ 00 00 00 00 00 00 00 00 00 00 00 00 00 00 00 00
  ................ 00 00 00 00 00 00 00 00 00 00 00 00 00 00 00 00
  ................ 00 00 00 00 ff 00 00 00 00 00 00 00 00 00 00 00
  .............?.. 00 00 00 00 00 00 00 01 00 00 00 00 80 3f 00 00
  .........b.#     00 00 00 00 00 00 00 00 80 62 b9 23
002302-002312 StringBlock "seperator"
002313-002359 DataBlock
  ..........0..... 00 00 00 00 00 00 00 00 00 00 30 00 00 00 01 01
  ................ 00 00 00 00 01 00 00 00 00 01 00 00 00 00 00 00
  ............f.#  00 00 00 00 00 00 00 00 00 00 00 80 66 b9 23
002360-002417 ImageListBlock 1 elements:
  002364-002417 ImageBlock id=532301760 xsize=169 ysize=14 path="ui\\skins\\default\\separator_skull.png" unknown=0
002418-002473 DataBlock
  ......f.#..NewSt 00 01 00 00 00 80 66 b9 23 08 00 4e 65 77 53 74
  ate6............ 61 74 65 36 01 00 00 10 00 00 00 00 00 00 00 02
  ................ 00 00 00 00 00 00 00 00 00 00 00 02 00 00 00 00
  ........         00 00 00 00 00 00 00 00
002474-002480 FontNameBlock "Norse"
002481-002496 DataBlock
  ................ 0a 00 00 00 02 00 00 00 00 00 00 00 dd da fa ff
002497-002519 StringBlock "Default Font Category"
002520-002539 DataBlock
  ................ 00 00 00 00 00 00 00 00 00 00 00 00 00 00 00 00
  ....             00 00 00 01
002540-002550 T0Block "normal_t0"
002551-002566 DataBlock
  ................ 00 00 00 00 00 00 00 00 00 00 00 00 00 00 00 00
002567-002577 T0Block "normal_t0"
002578-002754 DataBlock
  ................ 00 00 00 00 00 00 00 00 00 00 00 00 00 00 00 00
  .....G.......... 01 00 00 00 c0 47 ba 1f 07 00 00 00 00 00 00 00
  -............... 2d 01 00 00 0e 00 00 00 ff ff ff ff 00 00 01 00
  ................ 00 00 00 00 00 00 00 00 00 00 00 00 00 01 01 00
  ................ 00 00 00 00 00 00 00 00 00 00 00 00 00 00 00 00
  ......?......... 00 00 00 00 00 80 3f 00 00 00 00 00 00 00 00 00
  ...............H 00 00 00 00 00 00 00 00 00 00 00 00 00 00 00 48
  B......4B....... 42 00 00 00 00 00 00 34 42 00 00 00 00 00 00 00
  ................ 00 00 00 00 00 00 00 00 00 ff 00 00 00 00 00 00
  ................ 00 00 00 00 00 00 00 00 00 00 00 00 00 00 00 00
  ..?...........>! 00 80 3f 00 00 00 00 00 00 00 00 00 00 c0 3e 21
  2                32
002755-002769 StringBlock "positive_list"
002770-002775 DataBlock
  ......           00 00 01 00 00 00
002776-002800 StringBlock "ContextVisibilitySetter"
002801-002825 StringBlock "CcoCampaignResourcePool"
002826-002845 StringBlock "PositiveFactorList"
002846-002906 DataBlock
  ........@....... 00 00 00 00 00 00 00 00 40 00 00 00 01 01 00 00
  ................ 00 00 01 01 00 00 00 01 00 00 00 00 00 00 00 00
  ................ 00 00 00 00 00 00 00 00 00 00 00 00 00 00 00 00
  ..........B!2    00 00 00 00 00 01 00 00 00 00 42 21 32
002907-002916 NewStateBlock "NewState"
002917-002920 XSizeBlock 310
002921-002924 YSizeBlock 51
002925-002953 DataBlock
  ................ 00 00 00 00 02 00 00 00 00 00 00 00 00 00 00 00
  .............    01 00 00 00 00 00 00 00 00 00 00 00 00
002954-002966 FontNameBlock "la_gioconda"
002967-002982 DataBlock
  ................ 0c 00 00 00 01 00 00 00 00 00 00 00 d7 f8 ff ff
002983-002991 StringBlock "fe_text"
002992-003011 DataBlock
  ................ 08 00 00 00 00 00 00 00 06 00 00 00 00 00 00 00
  ....             00 00 00 00
003012-003022 T0Block "normal_t0"
003023-003038 DataBlock
  ................ 00 00 00 00 00 00 00 00 00 00 00 00 00 00 00 00
003039-003049 T0Block "normal_t0"
003050-003103 DataBlock
  ................ 00 00 00 00 00 00 00 00 00 00 00 00 00 00 00 00
  ................ 00 00 00 00 00 00 00 00 00 00 00 00 00 00 00 00
  ................ 00 00 00 00 ff 00 00 00 00 00 00 00 03 00 00 00
  ...3!2           00 00 c0 33 21 32
003104-003116 StringBlock "list_header"
003117-003122 DataBlock
  ......           00 00 01 00 00 00
003123-003140 StringBlock "ContextTextLabel"
003141-003165 StringBlock "CcoCampaignResourcePool"
003166-003186 StringBlock "PositiveFactorsName"
003187-003247 DataBlock
  ................ 00 00 00 00 00 00 00 00 00 00 00 00 01 00 00 00
  ................ 00 00 01 00 00 00 00 01 00 00 00 00 00 00 00 00
  .........@7!2... 00 00 00 00 00 00 00 00 00 40 37 21 32 00 00 00
  .........@7!2    00 00 00 00 00 01 00 00 00 40 37 21 32
003248-003257 NewStateBlock "NewState"
003258-003261 XSizeBlock 151
003262-003265 YSizeBlock 23
003266-003305 UnicodeBlock "dy_positive_factors"
003306-003324 DataBlock
  ................ 00 00 02 00 00 00 00 00 00 00 00 00 00 00 03 00
  ...              00 00 00
003325-003390 UnicodeBlock "list_header_NewState_Text_400028"
003391-003396 DataBlock
  ......           00 00 00 00 00 00
003397-003409 FontNameBlock "la_gioconda"
003410-003425 DataBlock
  ................ 0c 00 00 00 01 00 00 00 00 00 00 00 d7 f8 ff ff
003426-003434 StringBlock "fe_text"
003435-003454 DataBlock
  ................ 0c 00 00 00 08 00 00 00 02 00 00 00 05 00 00 00
  ....             01 00 00 00
003455-003465 T0Block "normal_t0"
003466-003481 DataBlock
  ................ 00 00 00 00 00 00 00 00 00 00 00 00 00 00 00 00
003482-003492 T0Block "normal_t0"
003493-003568 DataBlock
  ................ 00 00 00 00 00 00 00 00 00 00 00 00 00 00 00 00
  ................ 00 00 00 00 00 00 00 00 00 00 00 00 00 00 00 00
  ................ 00 00 00 00 ff 00 00 00 00 00 00 00 00 00 00 00
  .............?.. 00 00 00 00 00 00 00 01 00 00 00 00 80 3f 00 00
  .........}..     00 00 00 00 00 00 00 00 a0 7d 01 1b
003569-003581 StringBlock "factor_list"
003582-003587 DataBlock
  ......           00 00 01 00 00 00
003588-003600 StringBlock "ContextList"
003601-003625 StringBlock "CcoCampaignResourcePool"
003626-003645 StringBlock "PositiveFactorList"
003646-003706 DataBlock
  ................ 00 00 00 00 00 00 00 00 17 00 00 00 01 01 00 00
  ................ 00 00 01 01 00 00 00 01 00 00 00 00 00 00 00 00
  ................ 00 00 00 00 00 00 00 00 00 00 00 00 00 00 00 00
  .............    00 00 00 00 00 01 00 00 00 a0 d6 f4 1e
003707-003716 NewStateBlock "NewState"
003717-003720 XSizeBlock 310
003721-003724 YSizeBlock 26
003725-003753 DataBlock
  ................ 00 00 00 00 02 00 00 00 00 00 00 00 00 00 00 00
  .............    01 00 00 00 00 00 00 00 00 00 00 00 00
003754-003766 FontNameBlock "la_gioconda"
003767-003782 DataBlock
  ................ 0c 00 00 00 01 00 00 00 00 00 00 00 d7 f8 ff ff
003783-003799 StringBlock "fe_default_text"
003800-003819 DataBlock
  ................ 08 00 00 00 00 00 00 00 06 00 00 00 00 00 00 00
  ....             00 00 00 00
003820-003830 T0Block "normal_t0"
003831-003846 DataBlock
  ................ 00 00 00 00 00 00 00 00 00 00 00 00 00 00 00 00
003847-003857 T0Block "normal_t0"
003858-003911 DataBlock
  ................ 00 00 00 00 00 00 00 00 00 00 00 00 00 00 00 00
  ................ 00 00 00 00 00 00 00 00 00 00 00 00 00 00 00 00
  ................ 00 00 00 00 ff 00 00 00 00 00 00 00 01 00 00 00
  ...u..           00 00 e0 75 d4 1a
003912-003927 StringBlock "template_entry"
003928-003933 DataBlock
  ......           00 00 01 00 00 00
003934-003951 StringBlock "ContextTextLabel"
003952-003978 StringBlock "CcoCampaignResourceFactor"
003979-003984 StringBlock "Name"
003985-004045 DataBlock
  ................ 00 00 00 00 00 00 00 00 00 00 00 00 00 00 00 00
  ................ 00 00 01 00 00 00 00 01 00 00 00 00 00 00 00 00
  ........... .... 00 00 00 00 00 00 00 00 00 e0 91 20 1a 00 00 00
  ........... .    00 00 00 00 00 01 00 00 00 e0 91 20 1a
004046-004055 NewStateBlock "NewState"
004056-004059 XSizeBlock 310
004060-004063 YSizeBlock 24
004064-004093 UnicodeBlock "dy_factor_name"
004094-004112 DataBlock
  ................ 00 00 02 00 00 00 04 00 00 00 00 00 00 00 02 00
  ...              00 00 00
004113-004184 UnicodeBlock "template_entry_NewState_Text_48005f"
004185-004190 DataBlock
  ......           00 00 00 00 00 00
004191-004203 FontNameBlock "la_gioconda"
004204-004219 DataBlock
  ................ 0a 00 00 00 01 00 00 00 00 00 00 00 d7 f8 ff ff
004220-004234 StringBlock "fe_text_small"
004235-004254 DataBlock
  $............... 24 00 00 00 0c 00 00 00 00 00 00 00 04 00 00 00
  ....             01 00 00 00
004255-004265 T0Block "normal_t0"
004266-004281 DataBlock
  ................ 00 00 00 00 00 00 00 00 00 00 00 00 00 00 00 00
004282-004292 T0Block "normal_t0"
004293-004346 DataBlock
  ................ 00 00 00 00 00 00 00 00 00 00 00 00 00 00 00 00
  ................ 00 00 00 00 00 00 00 00 00 00 00 00 00 00 00 00
  ................ 00 00 00 00 ff 00 00 00 00 00 00 00 01 00 00 00
  ......           00 00 a0 82 c7 1a
004347-004356 StringBlock "dy_value"
004357-004362 DataBlock
  ......           00 00 02 00 00 00
004363-004380 StringBlock "ContextTextLabel"
004381-004407 StringBlock "CcoCampaignResourceFactor"
004408-004414 StringBlock "Value"
004415-004418 DataBlock
  ....             00 00 00 00
004419-004438 StringBlock "ContextStateSetter"
004439-004465 StringBlock "CcoCampaignResourceFactor"
004466-004472 StringBlock "Value"
004473-004569 DataBlock
  ................ 00 00 00 00 0e 01 00 00 00 00 00 00 00 00 00 00
  ................ 00 00 01 00 00 00 00 01 00 00 00 00 06 00 00 00
  ..........L..... 00 00 00 00 00 00 00 00 00 c0 4c 01 1f 00 00 00
  .........T.....1 00 00 00 00 00 02 00 00 00 54 f0 8a 00 01 00 31
  (.........9.9... 28 00 00 00 18 00 00 00 02 00 39 00 39 00 00 00
  ................ 02 00 00 00 04 00 00 00 00 00 00 00 02 00 00 00
  .                01
004570-004637 UnicodeBlock "label_amount_NewState_Text_390039"
004638-004643 DataBlock
  ......           00 00 00 00 00 00
004644-004656 FontNameBlock "la_gioconda"
004657-004672 DataBlock
  ............7... 0a 00 00 00 01 00 00 00 00 00 00 00 37 ff a0 ff
004673-004696 StringBlock "fe_tooltip_small_green"
004697-004716 DataBlock
  ................ 00 00 00 00 00 00 00 00 00 00 00 00 00 00 00 00
  ....             01 00 00 00
004717-004727 T0Block "normal_t0"
004728-004743 DataBlock
  ................ 00 00 00 00 00 00 00 00 00 00 00 00 00 00 00 00
004744-004754 T0Block "normal_t0"
004755-004826 DataBlock
  ................ 00 00 00 00 00 00 00 00 00 00 00 00 00 00 00 00
  ................ 00 00 00 00 00 00 00 00 00 00 00 00 00 00 00 00
  .L....0(........ c0 4c 01 1f 01 00 30 28 00 00 00 18 00 00 00 02
  .9.9............ 00 39 00 39 00 00 00 02 00 00 00 04 00 00 00 00
  ........         00 00 00 02 00 00 00 01
004827-004894 UnicodeBlock "label_amount_NewState_Text_390039"
004895-004900 DataBlock
  ......           00 00 00 00 00 00
004901-004913 FontNameBlock "la_gioconda"
004914-004929 DataBlock
  ................ 0a 00 00 00 01 00 00 00 00 00 00 00 d7 f8 ff ff
004930-004944 StringBlock "fe_text_small"
004945-004964 DataBlock
  ................ 00 00 00 00 00 00 00 00 00 00 00 00 00 00 00 00
  ....             01 00 00 00
004965-004975 T0Block "normal_t0"
004976-004991 DataBlock
  ................ 00 00 00 00 00 00 00 00 00 00 00 00 00 00 00 00
004992-005002 T0Block "normal_t0"
005003-005038 DataBlock
  ................ 00 00 00 00 00 00 00 00 00 00 00 00 00 00 00 00
  ................ 00 00 00 00 00 00 00 00 00 00 00 00 00 00 00 00
  ....             01 00 00 00
005039-005050 StringBlock "threshold0"
005051-005110 DataBlock
  ..0............. 01 00 30 ff 00 00 00 00 00 00 00 00 00 00 00 00
  ............?... 00 00 00 00 00 00 00 00 00 00 00 80 3f 00 00 80
  ?...?........... 3f 00 00 00 3f 00 00 00 00 00 00 00 01 00 00 00
  ..?.........     00 80 3f 00 00 00 00 00 00 00 00 01
005111-005116 StringBlock "List"
005117-005209 DataBlock
  .......C........ 01 00 00 00 00 00 aa 43 00 00 00 00 00 00 00 00
  ................ 00 01 00 00 00 01 00 00 00 00 00 02 00 00 00 00
  ................ 00 00 00 00 00 00 00 00 00 00 00 00 00 00 00 00
  ................ 00 00 00 00 00 00 00 00 00 00 00 00 00 00 00 00
  ..............?. 00 00 00 00 00 00 00 00 00 00 00 00 00 80 3f 00
  ......... ...    00 00 00 00 00 00 00 00 00 20 ca 12 07
005210-005216 StringBlock "total"
005217-005279 DataBlock
  ..........1..... 00 00 00 00 00 00 00 00 00 00 31 00 00 00 00 00
  ................ 00 00 00 00 00 00 00 00 00 01 00 00 00 00 00 00
  ................ 00 00 00 00 00 00 00 00 00 00 00 f0 cf 12 07 00
  ...............  00 00 00 00 00 00 00 01 00 00 00 f0 cf 12 07
005280-005289 NewStateBlock "NewState"
005290-005293 XSizeBlock 310
005294-005297 YSizeBlock 24
005298-005309 UnicodeBlock "Total"
005310-005328 DataBlock
  ................ 00 00 02 00 00 00 04 00 00 00 00 00 00 00 02 00
  ...              00 00 01
005329-005380 UnicodeBlock "total_NewState_Text_e004c"
005381-005386 DataBlock
  ......           00 00 00 00 00 00
005387-005399 FontNameBlock "la_gioconda"
005400-005415 DataBlock
  ................ 0c 00 00 00 03 00 00 00 00 00 00 00 d7 f8 ff ff
005416-005431 StringBlock "ingame_tooltip"
005432-005451 DataBlock
  ................ 14 00 00 00 0c 00 00 00 00 00 00 00 04 00 00 00
  ....             01 00 00 00
005452-005462 T0Block "normal_t0"
005463-005478 DataBlock
  ................ 00 00 00 00 00 00 00 00 00 00 00 00 00 00 00 00
005479-005489 T0Block "normal_t0"
005490-005543 DataBlock
  ................ 00 00 00 00 00 00 00 00 00 00 00 00 00 00 00 00
  ................ 00 00 00 00 00 00 00 00 00 00 00 00 00 00 00 00
  ................ 00 00 00 00 ff 00 00 00 00 00 00 00 01 00 00 00
  ..@..!           00 00 40 86 db 21
005544-005553 StringBlock "dy_value"
005554-005559 DataBlock
  ......           00 00 01 00 00 00
005560-005577 StringBlock "ContextTextLabel"
005578-005602 StringBlock "CcoCampaignResourcePool"
005603-005623 StringBlock "PositiveFactorTotal"
005624-005684 DataBlock
  ................ 00 00 00 00 0e 01 00 00 00 00 00 00 00 00 00 00
  ................ 00 00 01 00 00 00 00 01 00 00 00 00 06 00 00 00
  .........@..!... 00 00 00 00 00 00 00 00 00 40 8a db 21 00 00 00
  .........@..!    00 00 00 00 00 01 00 00 00 40 8a db 21
005685-005694 NewStateBlock "NewState"
005695-005698 XSizeBlock 40
005699-005702 YSizeBlock 24
005703-005727 DataBlock
  ..9.9........... 02 00 39 00 39 00 00 00 02 00 00 00 04 00 00 00
  .........        00 00 00 00 02 00 00 00 01
005728-005795 UnicodeBlock "label_amount_NewState_Text_390039"
005796-005801 DataBlock
  ......           00 00 00 00 00 00
005802-005814 FontNameBlock "la_gioconda"
005815-005830 DataBlock
  ............7... 0c 00 00 00 01 00 00 00 00 00 00 00 37 ff a0 ff
005831-005848 StringBlock "fe_tooltip_green"
005849-005868 DataBlock
  ................ 00 00 00 00 00 00 00 00 00 00 00 00 00 00 00 00
  ....             01 00 00 00
005869-005879 T0Block "normal_t0"
005880-005895 DataBlock
  ................ 00 00 00 00 00 00 00 00 00 00 00 00 00 00 00 00
005896-005906 T0Block "normal_t0"
005907-005999 DataBlock
  ................ 00 00 00 00 00 00 00 00 00 00 00 00 00 00 00 00
  ................ 00 00 00 00 00 00 00 00 00 00 00 00 00 00 00 00
  ................ 00 00 00 00 ff 00 00 00 00 00 00 00 00 00 00 00
  .............?.. 00 00 00 00 00 00 00 00 00 00 00 00 80 3f 00 00
  .?...?.......... 80 3f 00 00 00 3f 00 00 00 00 00 00 00 01 00 00
  ...?.........    00 00 80 3f 00 00 00 00 00 00 00 00 01
006000-006005 StringBlock "List"
006006-006098 DataBlock
  .......C........ 01 00 00 00 00 00 aa 43 00 00 00 00 00 00 00 00
  ................ 00 01 00 00 00 01 00 00 00 00 00 02 00 00 00 00
  ................ 00 00 00 00 00 00 00 00 00 00 00 00 00 00 00 00
  ................ 00 00 00 00 00 00 00 00 00 00 00 00 00 00 00 00
  ..............?. 00 00 00 00 00 00 00 00 00 00 00 00 00 80 3f 00
  .............    00 00 00 00 00 00 00 00 00 00 8c cd 1e
006099-006112 StringBlock "pending_list"
006113-006175 DataBlock
  ..........s..... 00 00 00 00 00 00 00 00 00 00 73 00 00 00 01 01
  ................ 00 00 00 00 00 01 00 00 00 01 00 00 00 00 00 00
  ................ 00 00 00 00 00 00 00 00 00 00 00 00 00 00 00 00
  ...............  00 00 00 00 00 00 00 01 00 00 00 80 8f cd 1e
006176-006185 NewStateBlock "NewState"
006186-006189 XSizeBlock 310
006190-006193 YSizeBlock 51
006194-006222 DataBlock
  ................ 00 00 00 00 02 00 00 00 00 00 00 00 00 00 00 00
  .............    01 00 00 00 00 00 00 00 00 00 00 00 00
006223-006235 FontNameBlock "la_gioconda"
006236-006251 DataBlock
  ................ 0c 00 00 00 01 00 00 00 00 00 00 00 d7 f8 ff ff
006252-006260 StringBlock "fe_text"
006261-006280 DataBlock
  ................ 08 00 00 00 00 00 00 00 06 00 00 00 00 00 00 00
  ....             00 00 00 00
006281-006291 T0Block "normal_t0"
006292-006307 DataBlock
  ................ 00 00 00 00 00 00 00 00 00 00 00 00 00 00 00 00
006308-006318 T0Block "normal_t0"
006319-006372 DataBlock
  ................ 00 00 00 00 00 00 00 00 00 00 00 00 00 00 00 00
  ................ 00 00 00 00 00 00 00 00 00 00 00 00 00 00 00 00
  ................ 00 00 00 00 ff 00 00 00 00 00 00 00 02 00 00 00
  .. !..           00 00 20 21 87 1e
006373-006385 StringBlock "list_header"
006386-006391 DataBlock
  ......           00 00 01 00 00 00
006392-006409 StringBlock "ContextTextLabel"
006410-006434 StringBlock "CcoCampaignResourcePool"
006435-006454 StringBlock "PendingFactorsName"
006455-006515 DataBlock
  ................ 00 00 00 00 00 00 00 00 00 00 00 00 01 01 00 00
  ................ 00 00 01 00 00 00 00 01 00 00 00 00 00 00 00 00
  ................ 00 00 00 00 00 00 00 00 00 00 80 92 14 00 00 00
  .............    00 00 00 00 00 01 00 00 00 00 80 92 14
006516-006525 NewStateBlock "NewState"
006526-006529 XSizeBlock 236
006530-006533 YSizeBlock 23
006534-006593 UnicodeBlock "{{tr:food_breakdown_pending}}"
006594-006612 DataBlock
  ................ 00 00 02 00 00 00 00 00 00 00 00 00 00 00 03 00
  ...              00 00 00
006613-006700 UnicodeBlock "dy_description_textbox_NewState_Text_12003e"
006701-006706 DataBlock
  ......           00 00 00 00 00 00
006707-006719 FontNameBlock "la_gioconda"
006720-006735 DataBlock
  ................ 0c 00 00 00 01 00 00 00 00 00 00 00 d7 f8 ff ff
006736-006744 StringBlock "fe_text"
006745-006764 DataBlock
  ................ 0c 00 00 00 08 00 00 00 02 00 00 00 05 00 00 00
  ....             01 00 00 00
006765-006775 T0Block "normal_t0"
006776-006791 DataBlock
  ................ 00 00 00 00 00 00 00 00 00 00 00 00 00 00 00 00
006792-006802 T0Block "normal_t0"
006803-006878 DataBlock
  ................ 00 00 00 00 00 00 00 00 00 00 00 00 00 00 00 00
  ................ 00 00 00 00 00 00 00 00 00 00 00 00 00 00 00 00
  ................ 00 00 00 00 ff 00 00 00 00 00 00 00 00 00 00 00
  .............?.. 00 00 00 00 00 00 00 01 00 00 00 00 80 3f 00 00
  ............     00 00 00 00 00 00 00 00 e0 0f 05 1b
006879-006891 StringBlock "factor_list"
006892-006897 DataBlock
  ......           00 00 01 00 00 00
006898-006910 StringBlock "ContextList"
006911-006975 DataBlock
  ................ 00 00 00 00 00 00 00 00 00 00 00 00 17 00 00 00
  ................ 01 01 00 00 00 00 01 01 00 00 00 01 00 00 00 00
  ................ 00 00 00 00 00 00 00 00 00 00 00 00 00 00 00 00
  ..............fP 00 00 00 00 00 00 00 00 00 01 00 00 00 00 66 50
  +                2b
006976-006985 NewStateBlock "NewState"
006986-006989 XSizeBlock 310
006990-006993 YSizeBlock 26
006994-007022 DataBlock
  ................ 00 00 00 00 02 00 00 00 00 00 00 00 00 00 00 00
  .............    01 00 00 00 00 00 00 00 00 00 00 00 00
007023-007035 FontNameBlock "la_gioconda"
007036-007051 DataBlock
  ................ 0c 00 00 00 01 00 00 00 00 00 00 00 d7 f8 ff ff
007052-007068 StringBlock "fe_default_text"
007069-007088 DataBlock
  ................ 08 00 00 00 00 00 00 00 06 00 00 00 00 00 00 00
  ....             00 00 00 00
007089-007099 T0Block "normal_t0"
007100-007115 DataBlock
  ................ 00 00 00 00 00 00 00 00 00 00 00 00 00 00 00 00
007116-007126 T0Block "normal_t0"
007127-007180 DataBlock
  ................ 00 00 00 00 00 00 00 00 00 00 00 00 00 00 00 00
  ................ 00 00 00 00 00 00 00 00 00 00 00 00 00 00 00 00
  ................ 00 00 00 00 ff 00 00 00 00 00 00 00 01 00 00 00
  ..`s..           00 00 60 73 fa 1e
007181-007196 StringBlock "template_entry"
007197-007202 DataBlock
  ......           00 00 01 00 00 00
007203-007220 StringBlock "ContextTextLabel"
007221-007225 DataBlock
  ..any            03 00 61 6e 79
007226-007231 StringBlock "Name"
007232-007292 DataBlock
  ................ 00 00 00 00 00 00 00 00 00 00 00 00 00 00 00 00
  ................ 00 00 01 00 00 00 00 01 00 00 00 00 00 00 00 00
  ................ 00 00 00 00 00 00 00 00 00 c0 cc e8 1a 00 00 00
  .............    00 00 00 00 00 01 00 00 00 c0 cc e8 1a
007293-007302 NewStateBlock "NewState"
007303-007306 XSizeBlock 310
007307-007310 YSizeBlock 24
007311-007330 UnicodeBlock "Buildings"
007331-007349 DataBlock
  ................ 00 00 02 00 00 00 04 00 00 00 00 00 00 00 02 00
  ...              00 00 01
007350-007435 UnicodeBlock "global_factional_pool_NewState_Text_170052"
007436-007441 DataBlock
  ......           00 00 00 00 00 00
007442-007454 FontNameBlock "la_gioconda"
007455-007470 DataBlock
  ................ 0c 00 00 00 03 00 00 00 00 00 00 00 d7 f8 ff ff
007471-007486 StringBlock "ingame_tooltip"
007487-007506 DataBlock
  $............... 24 00 00 00 0c 00 00 00 00 00 00 00 04 00 00 00
  ....             01 00 00 00
007507-007517 T0Block "normal_t0"
007518-007533 DataBlock
  ................ 00 00 00 00 00 00 00 00 00 00 00 00 00 00 00 00
007534-007544 T0Block "normal_t0"
007545-007598 DataBlock
  ................ 00 00 00 00 00 00 00 00 00 00 00 00 00 00 00 00
  ................ 00 00 00 00 00 00 00 00 00 00 00 00 00 00 00 00
  ................ 00 00 00 00 ff 00 00 00 00 00 00 00 01 00 00 00
  ...!..           00 00 80 21 d3 1a
007599-007608 StringBlock "dy_value"
007609-007614 DataBlock
  ......           00 00 01 00 00 00
007615-007632 StringBlock "ContextTextLabel"
007633-007637 DataBlock
  ..any            03 00 61 6e 79
007638-007644 StringBlock "Value"
007645-007705 DataBlock
  ................ 00 00 00 00 0e 01 00 00 00 00 00 00 00 00 00 00
  ................ 00 00 01 00 00 00 00 01 00 00 00 00 06 00 00 00
  ................ 00 00 00 00 00 00 00 00 00 c0 9a ec 1a 00 00 00
  .............    00 00 00 00 00 01 00 00 00 c0 9a ec 1a
007706-007715 NewStateBlock "NewState"
007716-007719 XSizeBlock 40
007720-007723 YSizeBlock 24
007724-007748 DataBlock
  ..9.9........... 02 00 39 00 39 00 00 00 02 00 00 00 04 00 00 00
  .........        00 00 00 00 02 00 00 00 01
007749-007816 UnicodeBlock "label_amount_NewState_Text_390039"
007817-007822 DataBlock
  ......           00 00 00 00 00 00
007823-007835 FontNameBlock "la_gioconda"
007836-007851 DataBlock
  ................ 0c 00 00 00 02 00 00 00 00 00 00 00 00 d7 ff ff
007852-007867 StringBlock "fe_text_yellow"
007868-007887 DataBlock
  ................ 00 00 00 00 00 00 00 00 00 00 00 00 00 00 00 00
  ....             01 00 00 00
007888-007898 T0Block "normal_t0"
007899-007914 DataBlock
  ................ 00 00 00 00 00 00 00 00 00 00 00 00 00 00 00 00
007915-007925 T0Block "normal_t0"
007926-008018 DataBlock
  ................ 00 00 00 00 00 00 00 00 00 00 00 00 00 00 00 00
  ................ 00 00 00 00 00 00 00 00 00 00 00 00 00 00 00 00
  ................ 00 00 00 00 ff 00 00 00 00 00 00 00 00 00 00 00
  .............?.. 00 00 00 00 00 00 00 00 00 00 00 00 80 3f 00 00
  .?...?.......... 80 3f 00 00 00 3f 00 00 00 00 00 00 00 01 00 00
  ...?.........    00 00 80 3f 00 00 00 00 00 00 00 00 01
008019-008024 StringBlock "List"
008025-008112 DataBlock
  .......C........ 01 00 00 00 00 00 aa 43 00 00 00 00 00 00 00 00
  ................ 00 01 00 00 00 01 00 00 00 00 00 02 00 00 00 00
  ................ 00 00 00 00 00 00 00 00 00 00 00 00 00 00 00 00
  ................ 00 00 00 00 00 00 00 00 00 00 00 00 00 00 00 00
  ..............?. 00 00 00 00 00 00 00 00 00 00 00 00 00 80 3f 00
  ........         00 00 00 00 00 00 00 01
008113-008118 StringBlock "List"
008119-008211 DataBlock
  .......C........ 01 00 00 00 00 00 aa 43 00 00 00 00 00 00 00 00
  ................ 00 01 00 00 00 01 00 00 00 00 00 02 00 00 00 00
  ................ 00 00 00 00 00 00 00 00 00 00 00 00 00 00 00 00
  ................ 00 00 00 00 00 00 00 00 00 00 00 00 00 00 00 00
  ..............?. 00 00 00 00 00 00 00 00 00 00 00 00 00 80 3f 00
  .........@d..    00 00 00 00 00 00 00 00 00 40 64 cd 1e
008212-008226 StringBlock "negative_list"
008227-008232 DataBlock
  ......           00 00 01 00 00 00
008233-008257 StringBlock "ContextVisibilitySetter"
008258-008282 StringBlock "CcoCampaignResourcePool"
008283-008302 StringBlock "NegativeFactorList"
008303-008363 DataBlock
  ........s....... 00 00 00 00 00 00 00 00 73 00 00 00 01 01 00 00
  ................ 00 00 01 01 00 00 00 01 00 00 00 00 00 00 00 00
  ................ 00 00 00 00 00 00 00 00 00 00 00 00 00 00 00 00
  ..........g..    00 00 00 00 00 01 00 00 00 c0 67 cd 1e
008364-008373 NewStateBlock "NewState"
008374-008377 XSizeBlock 310
008378-008381 YSizeBlock 51
008382-008410 DataBlock
  ................ 00 00 00 00 02 00 00 00 00 00 00 00 00 00 00 00
  .............    01 00 00 00 00 00 00 00 00 00 00 00 00
008411-008423 FontNameBlock "la_gioconda"
008424-008439 DataBlock
  ................ 0c 00 00 00 01 00 00 00 00 00 00 00 d7 f8 ff ff
008440-008448 StringBlock "fe_text"
008449-008468 DataBlock
  ................ 08 00 00 00 00 00 00 00 06 00 00 00 00 00 00 00
  ....             00 00 00 00
008469-008479 T0Block "normal_t0"
008480-008495 DataBlock
  ................ 00 00 00 00 00 00 00 00 00 00 00 00 00 00 00 00
008496-008506 T0Block "normal_t0"
008507-008560 DataBlock
  ................ 00 00 00 00 00 00 00 00 00 00 00 00 00 00 00 00
  ................ 00 00 00 00 00 00 00 00 00 00 00 00 00 00 00 00
  ................ 00 00 00 00 ff 00 00 00 00 00 00 00 03 00 00 00
  ......           00 00 c0 f1 d5 1a
008561-008573 StringBlock "list_header"
008574-008579 DataBlock
  ......           00 00 01 00 00 00
008580-008597 StringBlock "ContextTextLabel"
008598-008622 StringBlock "CcoCampaignResourcePool"
008623-008643 StringBlock "NegativeFactorsName"
008644-008704 DataBlock
  ................ 00 00 00 00 00 00 00 00 00 00 00 00 01 00 00 00
  ................ 00 00 01 00 00 00 00 01 00 00 00 00 00 00 00 00
  .........@...... 00 00 00 00 00 00 00 00 00 40 80 ff 1a 00 00 00
  .........@...    00 00 00 00 00 01 00 00 00 40 80 ff 1a
008705-008714 NewStateBlock "NewState"
008715-008718 XSizeBlock 155
008719-008722 YSizeBlock 23
008723-008762 UnicodeBlock "dy_negative_factors"
008763-008781 DataBlock
  ................ 00 00 02 00 00 00 00 00 00 00 00 00 00 00 03 00
  ...              00 00 00
008782-008847 UnicodeBlock "list_header_NewState_Text_4a002a"
008848-008853 DataBlock
  ......           00 00 00 00 00 00
008854-008866 FontNameBlock "la_gioconda"
008867-008882 DataBlock
  ................ 0c 00 00 00 01 00 00 00 00 00 00 00 d7 f8 ff ff
008883-008899 StringBlock "fe_default_text"
008900-008919 DataBlock
  ................ 0c 00 00 00 08 00 00 00 02 00 00 00 05 00 00 00
  ....             01 00 00 00
008920-008930 T0Block "normal_t0"
008931-008946 DataBlock
  ................ 00 00 00 00 00 00 00 00 00 00 00 00 00 00 00 00
008947-008957 T0Block "normal_t0"
008958-009033 DataBlock
  ................ 00 00 00 00 00 00 00 00 00 00 00 00 00 00 00 00
  ................ 00 00 00 00 00 00 00 00 00 00 00 00 00 00 00 00
  ................ 00 00 00 00 ff 00 00 00 00 00 00 00 00 00 00 00
  .............?.. 00 00 00 00 00 00 00 01 00 00 00 00 80 3f 00 00
  ............     00 00 00 00 00 00 00 00 c0 f0 f1 1a
009034-009046 StringBlock "factor_list"
009047-009052 DataBlock
  ......           00 00 01 00 00 00
009053-009065 StringBlock "ContextList"
009066-009090 StringBlock "CcoCampaignResourcePool"
009091-009110 StringBlock "NegativeFactorList"
009111-009171 DataBlock
  ................ 00 00 00 00 00 00 00 00 17 00 00 00 01 01 00 00
  ................ 00 00 01 01 00 00 00 01 00 00 00 00 00 00 00 00
  ................ 00 00 00 00 00 00 00 00 00 00 00 00 00 00 00 00
  ..........y..    00 00 00 00 00 01 00 00 00 80 79 f4 1e
009172-009181 NewStateBlock "NewState"
009182-009185 XSizeBlock 310
009186-009189 YSizeBlock 26
009190-009218 DataBlock
  ................ 00 00 00 00 02 00 00 00 00 00 00 00 00 00 00 00
  .............    01 00 00 00 00 00 00 00 00 00 00 00 00
009219-009231 FontNameBlock "la_gioconda"
009232-009247 DataBlock
  ................ 0c 00 00 00 01 00 00 00 00 00 00 00 d7 f8 ff ff
009248-009264 StringBlock "fe_default_text"
009265-009284 DataBlock
  ................ 08 00 00 00 00 00 00 00 06 00 00 00 00 00 00 00
  ....             00 00 00 00
009285-009295 T0Block "normal_t0"
009296-009311 DataBlock
  ................ 00 00 00 00 00 00 00 00 00 00 00 00 00 00 00 00
009312-009322 T0Block "normal_t0"
009323-009376 DataBlock
  ................ 00 00 00 00 00 00 00 00 00 00 00 00 00 00 00 00
  ................ 00 00 00 00 00 00 00 00 00 00 00 00 00 00 00 00
  ................ 00 00 00 00 ff 00 00 00 00 00 00 00 01 00 00 00
  ..@...           00 00 40 d9 f4 1e
009377-009392 StringBlock "template_entry"
009393-009398 DataBlock
  ......           00 00 01 00 00 00
009399-009416 StringBlock "ContextTextLabel"
009417-009443 StringBlock "CcoCampaignResourceFactor"
009444-009449 StringBlock "Name"
009450-009510 DataBlock
  ................ 00 00 00 00 00 00 00 00 00 00 00 00 00 00 00 00
  ................ 00 00 01 00 00 00 00 01 00 00 00 00 00 00 00 00
  ..........=A.... 00 00 00 00 00 00 00 00 00 c0 3d 41 1a 00 00 00
  ..........=A.    00 00 00 00 00 01 00 00 00 c0 3d 41 1a
009511-009520 NewStateBlock "NewState"
009521-009524 XSizeBlock 310
009525-009528 YSizeBlock 24
009529-009558 UnicodeBlock "dy_factor_name"
009559-009577 DataBlock
  ................ 00 00 02 00 00 00 04 00 00 00 00 00 00 00 02 00
  ...              00 00 00
009578-009649 UnicodeBlock "template_entry_NewState_Text_48005f"
009650-009655 DataBlock
  ......           00 00 00 00 00 00
009656-009668 FontNameBlock "la_gioconda"
009669-009684 DataBlock
  ................ 0a 00 00 00 01 00 00 00 00 00 00 00 d7 f8 ff ff
009685-009699 StringBlock "fe_text_small"
009700-009719 DataBlock
  $............... 24 00 00 00 0c 00 00 00 00 00 00 00 04 00 00 00
  ....             01 00 00 00
009720-009730 T0Block "normal_t0"
009731-009746 DataBlock
  ................ 00 00 00 00 00 00 00 00 00 00 00 00 00 00 00 00
009747-009757 T0Block "normal_t0"
009758-009811 DataBlock
  ................ 00 00 00 00 00 00 00 00 00 00 00 00 00 00 00 00
  ................ 00 00 00 00 00 00 00 00 00 00 00 00 00 00 00 00
  ................ 00 00 00 00 ff 00 00 00 00 00 00 00 01 00 00 00
  ...E..           00 00 80 45 e2 1a
009812-009821 StringBlock "dy_value"
009822-009827 DataBlock
  ......           00 00 02 00 00 00
009828-009845 StringBlock "ContextTextLabel"
009846-009872 StringBlock "CcoCampaignResourceFactor"
009873-009879 StringBlock "Value"
009880-009883 DataBlock
  ....             00 00 00 00
009884-009903 StringBlock "ContextStateSetter"
009904-009930 StringBlock "CcoCampaignResourceFactor"
009931-009937 StringBlock "Value"
009938-010034 DataBlock
  ................ 00 00 00 00 0e 01 00 00 00 00 00 00 00 00 00 00
  ................ 00 00 01 00 00 00 00 01 00 00 00 00 06 00 00 00
  .........@...... 00 00 00 00 00 00 00 00 00 40 dc d6 1a 00 00 00
  ...............1 00 00 00 00 00 02 00 00 00 84 1e 84 00 01 00 31
  (.........9.9... 28 00 00 00 18 00 00 00 02 00 39 00 39 00 00 00
  ................ 02 00 00 00 04 00 00 00 00 00 00 00 02 00 00 00
  .                01
010035-010102 UnicodeBlock "label_amount_NewState_Text_390039"
010103-010108 DataBlock
  ......           00 00 00 00 00 00
010109-010121 FontNameBlock "la_gioconda"
010122-010137 DataBlock
  ................ 0a 00 00 00 01 00 00 00 00 00 00 00 d7 f8 ff ff
010138-010152 StringBlock "fe_text_small"
010153-010172 DataBlock
  ................ 00 00 00 00 00 00 00 00 00 00 00 00 00 00 00 00
  ....             01 00 00 00
010173-010183 T0Block "normal_t0"
010184-010199 DataBlock
  ................ 00 00 00 00 00 00 00 00 00 00 00 00 00 00 00 00
010200-010210 T0Block "normal_t0"
010211-010282 DataBlock
  ................ 00 00 00 00 00 00 00 00 00 00 00 00 00 00 00 00
  ................ 00 00 00 00 00 00 00 00 00 00 00 00 00 00 00 00
  @.....0(........ 40 dc d6 1a 01 00 30 28 00 00 00 18 00 00 00 02
  .9.9............ 00 39 00 39 00 00 00 02 00 00 00 04 00 00 00 00
  ........         00 00 00 02 00 00 00 01
010283-010350 UnicodeBlock "label_amount_NewState_Text_390039"
010351-010356 DataBlock
  ......           00 00 00 00 00 00
010357-010369 FontNameBlock "la_gioconda"
010370-010385 DataBlock
  ............--.. 0a 00 00 00 01 00 00 00 00 00 00 00 2d 2d ff ff
010386-010407 StringBlock "fe_tooltip_small_red"
010408-010427 DataBlock
  ................ 00 00 00 00 00 00 00 00 00 00 00 00 00 00 00 00
  ....             01 00 00 00
010428-010438 T0Block "normal_t0"
010439-010454 DataBlock
  ................ 00 00 00 00 00 00 00 00 00 00 00 00 00 00 00 00
010455-010465 T0Block "normal_t0"
010466-010501 DataBlock
  ................ 00 00 00 00 00 00 00 00 00 00 00 00 00 00 00 00
  ................ 00 00 00 00 00 00 00 00 00 00 00 00 00 00 00 00
  ....             01 00 00 00
010502-010513 StringBlock "threshold0"
010514-010574 DataBlock
  ..-1............ 02 00 2d 31 ff 00 00 00 00 00 00 00 00 00 00 00
  .............?.. 00 00 00 00 00 00 00 00 00 00 00 00 80 3f 00 00
  .?...?.......... 80 3f 00 00 00 3f 00 00 00 00 00 00 00 01 00 00
  ...?.........    00 00 80 3f 00 00 00 00 00 00 00 00 01
010575-010580 StringBlock "List"
010581-010673 DataBlock
  .......C........ 01 00 00 00 00 00 aa 43 00 00 00 00 00 00 00 00
  ................ 00 01 00 00 00 01 00 00 00 00 00 02 00 00 00 00
  ................ 00 00 00 00 00 00 00 00 00 00 00 00 00 00 00 00
  ................ 00 00 00 00 00 00 00 00 00 00 00 00 00 00 00 00
  ..............?. 00 00 00 00 00 00 00 00 00 00 00 00 00 80 3f 00
  ............/    00 00 00 00 00 00 00 00 00 c0 18 ec 2f
010674-010680 StringBlock "total"
010681-010743 DataBlock
  ..........1..... 00 00 00 00 00 00 00 00 00 00 31 00 00 00 00 00
  ................ 00 00 00 00 00 00 00 00 00 01 00 00 00 00 00 00
  ............../. 00 00 00 00 00 00 00 00 00 00 00 c0 1c ec 2f 00
  ............../  00 00 00 00 00 00 00 01 00 00 00 c0 1c ec 2f
010744-010753 NewStateBlock "NewState"
010754-010757 XSizeBlock 310
010758-010761 YSizeBlock 24
010762-010773 UnicodeBlock "Total"
010774-010792 DataBlock
  ................ 00 00 02 00 00 00 04 00 00 00 00 00 00 00 02 00
  ...              00 00 01
010793-010844 UnicodeBlock "total_NewState_Text_e004c"
010845-010850 DataBlock
  ......           00 00 00 00 00 00
010851-010863 FontNameBlock "la_gioconda"
010864-010879 DataBlock
  ................ 0c 00 00 00 03 00 00 00 00 00 00 00 d7 f8 ff ff
010880-010895 StringBlock "ingame_tooltip"
010896-010915 DataBlock
  ................ 14 00 00 00 0c 00 00 00 00 00 00 00 04 00 00 00
  ....             01 00 00 00
010916-010926 T0Block "normal_t0"
010927-010942 DataBlock
  ................ 00 00 00 00 00 00 00 00 00 00 00 00 00 00 00 00
010943-010953 T0Block "normal_t0"
010954-011007 DataBlock
  ................ 00 00 00 00 00 00 00 00 00 00 00 00 00 00 00 00
  ................ 00 00 00 00 00 00 00 00 00 00 00 00 00 00 00 00
  ................ 00 00 00 00 ff 00 00 00 00 00 00 00 01 00 00 00
  ...../           00 00 c0 be eb 2f
011008-011017 StringBlock "dy_value"
011018-011023 DataBlock
  ......           00 00 01 00 00 00
011024-011041 StringBlock "ContextTextLabel"
011042-011066 StringBlock "CcoCampaignResourcePool"
011067-011087 StringBlock "NegativeFactorTotal"
011088-011148 DataBlock
  ................ 00 00 00 00 0e 01 00 00 00 00 00 00 00 00 00 00
  ................ 00 00 01 00 00 00 00 01 00 00 00 00 06 00 00 00
  ............/... 00 00 00 00 00 00 00 00 00 80 c2 eb 2f 00 00 00
  ............/    00 00 00 00 00 01 00 00 00 80 c2 eb 2f
011149-011158 NewStateBlock "NewState"
011159-011162 XSizeBlock 40
011163-011166 YSizeBlock 24
011167-011191 DataBlock
  ..9.9........... 02 00 39 00 39 00 00 00 02 00 00 00 04 00 00 00
  .........        00 00 00 00 02 00 00 00 01
011192-011259 UnicodeBlock "label_amount_NewState_Text_390039"
011260-011265 DataBlock
  ......           00 00 00 00 00 00
011266-011278 FontNameBlock "la_gioconda"
011279-011294 DataBlock
  ............--.. 0c 00 00 00 07 00 00 00 00 00 00 00 2d 2d ff ff
011295-011311 StringBlock "ingame_text_red"
011312-011331 DataBlock
  ................ 00 00 00 00 00 00 00 00 00 00 00 00 00 00 00 00
  ....             01 00 00 00
011332-011342 T0Block "normal_t0"
011343-011358 DataBlock
  ................ 00 00 00 00 00 00 00 00 00 00 00 00 00 00 00 00
011359-011369 T0Block "normal_t0"
011370-011462 DataBlock
  ................ 00 00 00 00 00 00 00 00 00 00 00 00 00 00 00 00
  ................ 00 00 00 00 00 00 00 00 00 00 00 00 00 00 00 00
  ................ 00 00 00 00 ff 00 00 00 00 00 00 00 00 00 00 00
  .............?.. 00 00 00 00 00 00 00 00 00 00 00 00 80 3f 00 00
  .?...?.......... 80 3f 00 00 00 3f 00 00 00 00 00 00 00 01 00 00
  ...?.........    00 00 80 3f 00 00 00 00 00 00 00 00 01
011463-011468 StringBlock "List"
011469-011561 DataBlock
  .......C........ 01 00 00 00 00 00 aa 43 00 00 00 00 00 00 00 00
  ................ 00 01 00 00 00 01 00 00 00 00 00 02 00 00 00 00
  ................ 00 00 00 00 00 00 00 00 00 00 00 00 00 00 00 00
  ................ 00 00 00 00 00 00 00 00 00 00 00 00 00 00 00 00
  ..............?. 00 00 00 00 00 00 00 00 00 00 00 00 00 80 3f 00
  .............    00 00 00 00 00 00 00 00 00 00 ca d7 1f
011562-011582 StringBlock "negative_total_text"
011583-011588 DataBlock
  ......           00 00 01 00 00 00
011589-011613 StringBlock "ContextVisibilitySetter"
011614-011638 StringBlock "CcoCampaignResourcePool"
011639-011679 StringBlock "TotalLessThanZeroAndNotCertainResources"
011680-011740 DataBlock
  ................ 00 00 00 00 00 00 00 00 a6 00 00 00 01 01 00 00
  ................ 00 00 00 01 00 00 00 01 00 00 00 00 00 00 00 00
  ................ 00 00 00 00 00 00 00 00 00 00 00 00 00 00 00 00
  .............    00 00 00 00 00 01 00 00 00 c0 cd d7 1f
011741-011750 NewStateBlock "NewState"
011751-011754 XSizeBlock 328
011755-011758 YSizeBlock 37
011759-011787 DataBlock
  ................ 00 00 00 00 02 00 00 00 00 00 00 00 00 00 00 00
  .............    01 00 00 00 00 00 00 00 00 00 00 00 00
011788-011800 FontNameBlock "la_gioconda"
011801-011816 DataBlock
  ................ 0c 00 00 00 01 00 00 00 00 00 00 00 d7 f8 ff ff
011817-011825 StringBlock "fe_text"
011826-011845 DataBlock
  ................ 08 00 00 00 00 00 00 00 06 00 00 00 00 00 00 00
  ....             00 00 00 00
011846-011856 T0Block "normal_t0"
011857-011872 DataBlock
  ................ 00 00 00 00 00 00 00 00 00 00 00 00 00 00 00 00
011873-011883 T0Block "normal_t0"
011884-011927 DataBlock
  ................ 00 00 00 00 00 00 00 00 00 00 00 00 00 00 00 00
  ................ 00 00 00 00 00 00 00 00 00 00 00 00 00 00 00 00
  ............     00 00 00 00 ff 00 00 00 01 00 00 00
011928-011935 StringBlock "expand"
011936-012009 DataBlock
  ................ 00 00 01 00 00 00 00 00 00 00 00 00 00 00 00 00
  ..Z...J......... 00 00 5a 01 00 00 4a 01 00 00 ff ff ff ff 00 00
  ................ 00 00 00 00 00 00 00 00 00 00 00 00 00 00 00 00
  .............?,. 00 00 ff ff ff ff ff ff ff ff 00 00 80 3f 2c 01
  .........?       00 00 04 00 00 00 00 00 80 3f
012010-012017 StringBlock "Linear"
012018-012037 DataBlock
  ................ 00 00 00 00 00 00 00 00 00 00 02 00 00 00 00 00
  .I..             e0 49 8a 1f
012038-012048 StringBlock "seperator"
012049-012095 DataBlock
  ................ 00 00 00 00 00 00 00 00 00 00 00 00 00 00 01 01
  ................ 00 00 00 00 01 00 00 00 00 01 00 00 00 00 00 00
  ............N..  00 00 00 00 00 00 00 00 00 00 00 a0 4e 8a 1f
012096-012153 ImageListBlock 1 elements:
  012100-012153 ImageBlock id=529157504 xsize=169 ysize=14 path="ui\\skins\\default\\separator_skull.png" unknown=0
012154-012209 DataBlock
  ......N....NewSt 00 01 00 00 00 a0 4e 8a 1f 08 00 4e 65 77 53 74
  ate6............ 61 74 65 36 01 00 00 10 00 00 00 00 00 00 00 02
  ................ 00 00 00 00 00 00 00 00 00 00 00 02 00 00 00 00
  ........         00 00 00 00 00 00 00 00
012210-012216 FontNameBlock "Norse"
012217-012232 DataBlock
  ................ 0a 00 00 00 02 00 00 00 00 00 00 00 dd da fa ff
012233-012255 StringBlock "Default Font Category"
012256-012275 DataBlock
  ................ 00 00 00 00 00 00 00 00 00 00 00 00 00 00 00 00
  ....             00 00 00 01
012276-012286 T0Block "normal_t0"
012287-012302 DataBlock
  ................ 00 00 00 00 00 00 00 00 00 00 00 00 00 00 00 00
012303-012313 T0Block "normal_t0"
012314-012490 DataBlock
  ................ 00 00 00 00 00 00 00 00 00 00 00 00 00 00 00 00
  .....M.......... 01 00 00 00 80 4d 8a 1f 07 00 00 00 00 00 00 00
  -............... 2d 01 00 00 0f 00 00 00 ff ff ff ff 00 00 01 00
  ................ 00 00 00 00 00 00 00 00 00 00 00 00 00 01 01 00
  ................ 00 00 00 00 00 00 00 00 00 00 00 00 00 00 00 00
  ......?......... 00 00 00 00 00 80 3f 00 00 00 00 00 00 00 00 00
  ...............H 00 00 00 00 00 00 00 00 00 00 00 00 00 00 00 48
  B......4B....... 42 00 00 00 00 00 00 34 42 00 00 00 00 00 00 00
  ................ 00 00 00 00 00 00 00 00 00 ff 00 00 00 00 00 00
  ................ 00 00 00 00 00 00 00 00 00 00 00 00 00 00 00 00
  ..?...........R. 00 80 3f 00 00 00 00 00 00 00 00 00 00 00 52 8a
  .                1f
012491-012504 StringBlock "instructions"
012505-012567 DataBlock
  ................ 00 00 00 00 00 00 00 00 00 00 10 00 00 00 00 01
  ................ 00 00 00 00 01 00 00 00 00 01 00 00 00 00 00 00
  ............U... 00 00 00 00 00 00 00 00 00 00 00 c0 55 8a 1f 00
  ............U..  00 00 00 00 00 00 00 01 00 00 00 c0 55 8a 1f
012568-012577 NewStateBlock "NewState"
012578-012581 XSizeBlock 328
012582-012585 YSizeBlock 16
012586-012663 UnicodeBlock "{{tr:food_breakdown_negative_details}}"
012664-012682 DataBlock
  ................ 00 00 02 00 00 00 04 00 00 00 00 00 00 00 03 00
  ...              00 00 00
012683-012750 UnicodeBlock "instructions_NewState_Text_7f0012"
012751-012756 DataBlock
  ......           00 00 00 00 00 00
012757-012769 FontNameBlock "la_gioconda"
012770-012785 DataBlock
  ............--.. 0c 00 00 00 07 00 00 00 00 00 00 00 2d 2d ff ff
012786-012802 StringBlock "ingame_text_red"
012803-012822 DataBlock
  ................ 0c 00 00 00 0c 00 00 00 00 00 00 00 00 00 00 00
  ....             01 00 00 00
012823-012833 T0Block "normal_t0"
012834-012849 DataBlock
  ................ 00 00 00 00 00 00 00 00 00 00 00 00 00 00 00 00
012850-012860 T0Block "normal_t0"
012861-012931 DataBlock
  ................ 00 00 00 00 00 00 00 00 00 00 00 00 00 00 00 00
  ................ 00 00 00 00 00 00 00 00 00 00 00 00 00 00 00 00
  ................ 00 00 00 00 ff 00 00 00 00 00 00 00 00 00 00 00
  .............?.. 00 00 00 00 00 00 00 01 00 00 00 00 80 3f 00 00
  .......          00 00 00 00 00 00 01
012932-012937 StringBlock "List"
012938-013030 DataBlock
  .......C........ 01 00 00 00 00 00 ad 43 00 00 00 00 00 00 00 00
  ................ 00 01 00 00 00 01 00 00 00 00 00 05 00 00 00 00
  ................ 00 00 00 00 00 00 00 00 00 00 00 00 00 00 00 00
  ................ 00 00 00 00 00 00 00 00 00 00 00 00 00 00 00 00
  ..............?. 00 00 00 00 00 00 00 00 00 00 00 00 00 80 3f 00
  ..........Cf!    00 00 00 00 00 00 00 00 00 80 43 66 21
013031-013037 StringBlock "total"
013038-013043 DataBlock
  ......           00 00 01 00 00 00
013044-013068 StringBlock "ContextVisibilitySetter"
013069-013093 StringBlock "CcoCampaignResourcePool"
013094-013107 StringBlock "IsPersistent"
013108-013168 DataBlock
  ................ 00 00 00 00 00 00 00 00 a6 00 00 00 00 00 00 00
  ................ 00 00 01 00 00 00 00 01 00 00 00 00 00 00 00 00
  ...........e!... 00 00 00 00 00 00 00 00 00 c0 9f 65 21 00 00 00
  ...........e!    00 00 00 00 00 01 00 00 00 c0 9f 65 21
013169-013178 NewStateBlock "NewState"
013179-013182 XSizeBlock 310
013183-013186 YSizeBlock 24
013187-013198 UnicodeBlock "Total"
013199-013217 DataBlock
  ................ 00 00 02 00 00 00 04 00 00 00 00 00 00 00 02 00
  ...              00 00 01
013218-013269 UnicodeBlock "total_NewState_Text_e004c"
013270-013275 DataBlock
  ......           00 00 00 00 00 00
013276-013288 FontNameBlock "la_gioconda"
013289-013304 DataBlock
  ................ 0c 00 00 00 03 00 00 00 00 00 00 00 d7 f8 ff ff
013305-013320 StringBlock "ingame_tooltip"
013321-013340 DataBlock
  ................ 0c 00 00 00 0c 00 00 00 00 00 00 00 04 00 00 00
  ....             01 00 00 00
013341-013351 T0Block "normal_t0"
013352-013367 DataBlock
  ................ 00 00 00 00 00 00 00 00 00 00 00 00 00 00 00 00
013368-013378 T0Block "normal_t0"
013379-013432 DataBlock
  ................ 00 00 00 00 00 00 00 00 00 00 00 00 00 00 00 00
  ................ 00 00 00 00 00 00 00 00 00 00 00 00 00 00 00 00
  ................ 00 00 00 00 ff 00 00 00 00 00 00 00 01 00 00 00
  ..@Gf!           00 00 40 47 66 21
013433-013442 StringBlock "dy_value"
013443-013448 DataBlock
  ......           00 00 02 00 00 00
013449-013466 StringBlock "ContextTextLabel"
013467-013491 StringBlock "CcoCampaignResourcePool"
013492-013504 StringBlock "FactorTotal"
013505-013508 DataBlock
  ....             00 00 00 00
013509-013528 StringBlock "ContextStateSetter"
013529-013553 StringBlock "CcoCampaignResourcePool"
013554-013566 StringBlock "FactorTotal"
013567-013663 DataBlock
  ................ 00 00 00 00 0e 01 00 00 00 00 00 00 00 00 00 00
  ................ 00 00 01 00 00 00 00 01 00 00 00 00 06 00 00 00
  .........@Kf!... 00 00 00 00 00 00 00 00 00 40 4b 66 21 00 00 00
  ...............1 00 00 00 00 00 03 00 00 00 80 06 ad 08 01 00 31
  (.........9.9... 28 00 00 00 18 00 00 00 02 00 39 00 39 00 00 00
  ................ 03 00 00 00 04 00 00 00 00 00 00 00 02 00 00 00
  .                01
013664-013731 UnicodeBlock "label_amount_NewState_Text_390039"
013732-013737 DataBlock
  ......           00 00 00 00 00 00
013738-013750 FontNameBlock "la_gioconda"
013751-013766 DataBlock
  ................ 0c 00 00 00 03 00 00 00 00 00 00 00 d7 f8 ff ff
013767-013782 StringBlock "ingame_tooltip"
013783-013802 DataBlock
  ................ 00 00 00 00 00 00 00 00 00 00 00 00 00 00 00 00
  ....             01 00 00 00
013803-013813 T0Block "normal_t0"
013814-013829 DataBlock
  ................ 00 00 00 00 00 00 00 00 00 00 00 00 00 00 00 00
013830-013840 T0Block "normal_t0"
013841-013912 DataBlock
  ................ 00 00 00 00 00 00 00 00 00 00 00 00 00 00 00 00
  ................ 00 00 00 00 00 00 00 00 00 00 00 00 00 00 00 00
  ...9..2(........ 00 8f c3 39 01 00 32 28 00 00 00 18 00 00 00 02
  .9.9............ 00 39 00 39 00 00 00 03 00 00 00 04 00 00 00 00
  ........         00 00 00 02 00 00 00 01
013913-013980 UnicodeBlock "label_amount_NewState_Text_390039"
013981-013986 DataBlock
  ......           00 00 00 00 00 00
013987-013999 FontNameBlock "la_gioconda"
014000-014015 DataBlock
  ............7... 0c 00 00 00 01 00 00 00 00 00 00 00 37 ff a0 ff
014016-014033 StringBlock "fe_tooltip_green"
014034-014053 DataBlock
  ................ 00 00 00 00 00 00 00 00 00 00 00 00 00 00 00 00
  ....             01 00 00 00
014054-014064 T0Block "normal_t0"
014065-014080 DataBlock
  ................ 00 00 00 00 00 00 00 00 00 00 00 00 00 00 00 00
014081-014091 T0Block "normal_t0"
014092-014163 DataBlock
  ................ 00 00 00 00 00 00 00 00 00 00 00 00 00 00 00 00
  ................ 00 00 00 00 00 00 00 00 00 00 00 00 00 00 00 00
  @Kf!..0(........ 40 4b 66 21 01 00 30 28 00 00 00 18 00 00 00 02
  .9.9............ 00 39 00 39 00 00 00 03 00 00 00 04 00 00 00 00
  ........         00 00 00 02 00 00 00 01
014164-014231 UnicodeBlock "label_amount_NewState_Text_390039"
014232-014237 DataBlock
  ......           00 00 00 00 00 00
014238-014250 FontNameBlock "la_gioconda"
014251-014266 DataBlock
  ............--.. 0c 00 00 00 07 00 00 00 00 00 00 00 2d 2d ff ff
014267-014283 StringBlock "ingame_text_red"
014284-014303 DataBlock
  ................ 00 00 00 00 00 00 00 00 00 00 00 00 00 00 00 00
  ....             01 00 00 00
014304-014314 T0Block "normal_t0"
014315-014330 DataBlock
  ................ 00 00 00 00 00 00 00 00 00 00 00 00 00 00 00 00
014331-014341 T0Block "normal_t0"
014342-014377 DataBlock
  ................ 00 00 00 00 00 00 00 00 00 00 00 00 00 00 00 00
  ................ 00 00 00 00 00 00 00 00 00 00 00 00 00 00 00 00
  ....             02 00 00 00
014378-014389 StringBlock "threshold0"
014390-014393 DataBlock
  ..-1             02 00 2d 31
014394-014405 StringBlock "threshold1"
014406-014470 DataBlock
  ..0............. 01 00 30 ff 00 00 00 00 00 00 00 00 00 00 00 00
  ............?... 00 00 00 00 00 00 00 00 00 00 00 80 3f 00 00 80
  ?...?........... 3f 00 00 00 3f 00 00 00 00 00 00 00 01 00 00 00
  ..?............^ 00 80 3f 00 00 00 00 00 00 00 00 00 00 80 8b 5e
  O                4f
014471-014488 StringBlock "change_this_turn"
014489-014494 DataBlock
  ......           00 00 01 00 00 00
014495-014519 StringBlock "ContextVisibilitySetter"
014520-014544 StringBlock "CcoCampaignResourcePool"
014545-014558 StringBlock "IsPersistent"
014559-014619 DataBlock
  ................ 00 00 00 00 00 00 00 00 be 00 00 00 00 00 00 00
  ................ 00 00 01 00 00 00 00 01 00 00 00 00 00 00 00 00
  ..........3.N... 00 00 00 00 00 00 00 00 00 00 33 d3 4e 00 00 00
  ..........3.N    00 00 00 00 00 01 00 00 00 00 33 d3 4e
014620-014629 NewStateBlock "NewState"
014630-014633 XSizeBlock 310
014634-014637 YSizeBlock 24
014638-014671 UnicodeBlock "Change this turn"
014672-014690 DataBlock
  ................ 00 00 02 00 00 00 04 00 00 00 00 00 00 00 02 00
  ...              00 00 01
014691-014744 UnicodeBlock "total_NewState_Text_450078"
014745-014750 DataBlock
  ......           00 00 00 00 00 00
014751-014763 FontNameBlock "la_gioconda"
014764-014779 DataBlock
  ................ 0c 00 00 00 03 00 00 00 00 00 00 00 d7 f8 ff ff
014780-014795 StringBlock "ingame_tooltip"
014796-014815 DataBlock
  ................ 0c 00 00 00 0c 00 00 00 00 00 00 00 04 00 00 00
  ....             01 00 00 00
014816-014826 T0Block "normal_t0"
014827-014842 DataBlock
  ................ 00 00 00 00 00 00 00 00 00 00 00 00 00 00 00 00
014843-014853 T0Block "normal_t0"
014854-014889 DataBlock
  ................ 00 00 00 00 00 00 00 00 00 00 00 00 00 00 00 00
  ................ 00 00 00 00 00 00 00 00 00 00 00 00 00 00 00 00
  ....             01 00 00 00
014890-014897 StringBlock "invert"
014898-014917 DataBlock
  ................ 00 00 ff 00 00 00 00 00 00 00 01 00 00 00 00 00
  .Y>M             80 59 3e 4d
014918-014927 StringBlock "dy_value"
014928-014933 DataBlock
  ......           00 00 02 00 00 00
014934-014951 StringBlock "ContextTextLabel"
014952-014976 StringBlock "CcoCampaignResourcePool"
014977-014989 StringBlock "FactorTotal"
014990-014993 DataBlock
  ....             00 00 00 00
014994-015013 StringBlock "ContextStateSetter"
015014-015038 StringBlock "CcoCampaignResourcePool"
015039-015051 StringBlock "FactorTotal"
015052-015148 DataBlock
  ....$........... 00 00 00 00 24 01 00 00 00 00 00 00 01 00 00 00
  ................ 00 00 01 00 00 00 00 01 00 00 00 00 06 00 00 00
  ...........^O... 00 00 00 00 00 00 00 00 00 80 8f 5e 4f 00 00 00
  ..........]>M..1 00 00 00 00 00 03 00 00 00 80 5d 3e 4d 01 00 31
  ..........9.9... 12 00 00 00 18 00 00 00 02 00 39 00 39 00 00 00
  ................ 03 00 00 00 04 00 00 00 00 00 00 00 03 00 00 00
  .                00
015149-015194 UnicodeBlock "dy_value_1_Text_390039"
015195-015200 DataBlock
  ......           00 00 00 00 00 00
015201-015213 FontNameBlock "la_gioconda"
015214-015229 DataBlock
  ................ 0c 00 00 00 03 00 00 00 00 00 00 00 d7 f8 ff ff
015230-015245 StringBlock "ingame_tooltip"
015246-015265 DataBlock
  ................ 00 00 00 00 00 00 00 00 00 00 00 00 00 00 00 00
  ....             01 00 00 00
015266-015276 T0Block "normal_t0"
015277-015292 DataBlock
  ................ 00 00 00 00 00 00 00 00 00 00 00 00 00 00 00 00
015293-015303 T0Block "normal_t0"
015304-015375 DataBlock
  ................ 00 00 00 00 00 00 00 00 00 00 00 00 00 00 00 00
  ................ 00 00 00 00 00 00 00 00 00 00 00 00 00 00 00 00
  .`>M..2......... 00 60 3e 4d 01 00 32 12 00 00 00 18 00 00 00 02
  .9.9............ 00 39 00 39 00 00 00 03 00 00 00 04 00 00 00 00
  ........         00 00 00 03 00 00 00 00
015376-015443 UnicodeBlock "label_amount_NewState_Text_390039"
015444-015449 DataBlock
  ......           00 00 00 00 00 00
015450-015462 FontNameBlock "la_gioconda"
015463-015478 DataBlock
  ............7... 0c 00 00 00 01 00 00 00 00 00 00 00 37 ff a0 ff
015479-015496 StringBlock "fe_tooltip_green"
015497-015516 DataBlock
  ................ 00 00 00 00 00 00 00 00 00 00 00 00 00 00 00 00
  ....             01 00 00 00
015517-015527 T0Block "normal_t0"
015528-015543 DataBlock
  ................ 00 00 00 00 00 00 00 00 00 00 00 00 00 00 00 00
015544-015554 T0Block "normal_t0"
015555-015626 DataBlock
  ................ 00 00 00 00 00 00 00 00 00 00 00 00 00 00 00 00
  ................ 00 00 00 00 00 00 00 00 00 00 00 00 00 00 00 00
  ..^O..0......... 80 8f 5e 4f 01 00 30 12 00 00 00 18 00 00 00 02
  .9.9............ 00 39 00 39 00 00 00 03 00 00 00 04 00 00 00 00
  ........         00 00 00 03 00 00 00 00
015627-015694 UnicodeBlock "label_amount_NewState_Text_390039"
015695-015700 DataBlock
  ......           00 00 00 00 00 00
015701-015713 FontNameBlock "la_gioconda"
015714-015729 DataBlock
  ............--.. 0c 00 00 00 07 00 00 00 00 00 00 00 2d 2d ff ff
015730-015746 StringBlock "ingame_text_red"
015747-015766 DataBlock
  ................ 00 00 00 00 00 00 00 00 00 00 00 00 00 00 00 00
  ....             01 00 00 00
015767-015777 T0Block "normal_t0"
015778-015793 DataBlock
  ................ 00 00 00 00 00 00 00 00 00 00 00 00 00 00 00 00
015794-015804 T0Block "normal_t0"
015805-015840 DataBlock
  ................ 00 00 00 00 00 00 00 00 00 00 00 00 00 00 00 00
  ................ 00 00 00 00 00 00 00 00 00 00 00 00 00 00 00 00
  ....             02 00 00 00
015841-015852 StringBlock "threshold0"
015853-015856 DataBlock
  ..-1             02 00 2d 31
015857-015868 StringBlock "threshold1"
015869-015889 DataBlock
  ..0............. 01 00 30 ff 00 00 00 00 00 00 00 01 00 00 00 00
  .....            00 cc 87 fb 08
015890-015895 StringBlock "icon"
015896-015901 DataBlock
  ......           00 00 02 00 00 00
015902-015921 StringBlock "ContextImageSetter"
015922-015946 StringBlock "CcoCampaignResourcePool"
015947-015956 StringBlock "IconPath"
015957-015960 DataBlock
  ....             00 00 00 00
015961-015985 StringBlock "CcoCampaignResourcePool"
015986-016034 DataBlock
  ................ 00 00 00 00 00 00 00 00 e8 ff ff ff 00 00 00 00
  ................ 00 00 00 00 00 00 01 00 00 00 00 01 00 00 00 00
  ..............Bm 0d 00 00 00 00 00 00 00 00 00 00 00 00 14 42 6d
  >                3e
016035-016087 ImageListBlock 1 elements:
  016039-016087 ImageBlock id=25634812 xsize=26 ysize=26 path="ui\\skins\\default\\icon_amber.png" unknown=0
016088-016143 DataBlock
  ......Bm>..NewSt 00 01 00 00 00 14 42 6d 3e 08 00 4e 65 77 53 74
  ate............. 61 74 65 18 00 00 00 18 00 00 00 00 00 00 00 02
  ................ 00 00 00 00 00 00 00 00 00 00 00 02 00 00 00 00
  ........         00 00 00 00 00 00 00 00
016144-016150 FontNameBlock "Norse"
016151-016166 DataBlock
  ................ 0a 00 00 00 02 00 00 00 00 00 00 00 dd da fa ff
016167-016189 StringBlock "Default Font Category"
016190-016209 DataBlock
  ................ 00 00 00 00 00 00 00 00 00 00 00 00 00 00 00 00
  ....             01 00 00 00
016210-016220 T0Block "normal_t0"
016221-016236 DataBlock
  ................ 00 00 00 00 00 00 00 00 00 00 00 00 00 00 00 00
016237-016247 T0Block "normal_t0"
016248-016463 DataBlock
  ................ 00 00 00 00 00 00 00 00 00 00 00 00 00 00 00 00
  .....'.......... 01 00 00 00 fc 27 87 01 00 00 00 00 00 00 00 00
  ................ 18 00 00 00 18 00 00 00 ff ff ff ff 00 00 00 00
  ................ 00 00 00 00 00 00 00 00 00 00 00 00 00 01 01 00
  ................ 00 00 00 00 00 00 00 00 00 00 00 00 00 00 00 00
  ......?......... 00 00 00 00 00 80 3f 00 00 00 00 00 00 00 00 00
  ................ 00 00 00 00 00 00 00 00 00 00 00 00 00 00 00 00
  ................ 00 00 00 00 00 00 00 00 00 00 00 00 00 00 00 00
  ................ 00 00 00 00 00 00 00 00 00 ff 00 00 00 00 00 00
  ................ 00 00 00 00 00 00 00 00 00 00 00 00 00 00 00 00
  ..?...?...?..... 00 80 3f 00 00 80 3f 00 00 00 3f 00 00 00 00 00
  ........?...?... 00 00 00 00 00 00 00 80 3f 00 00 80 3f 00 00 00
  ?.............?. 3f 00 00 00 00 00 00 00 01 00 00 00 00 80 3f 00
  ........         00 00 00 00 00 00 00 01
016464-016469 StringBlock "List"
016470-016557 DataBlock
  .......C........ 01 00 00 00 00 00 ad 43 00 00 00 00 00 00 00 00
  ................ 00 01 00 00 00 01 00 00 00 00 00 00 00 00 00 00
  ................ 00 00 00 00 00 00 00 00 00 00 00 00 00 00 00 00
  ................ 00 00 00 00 00 00 00 00 00 00 00 00 00 00 00 00
  ..............?. 00 00 00 00 00 00 00 00 00 00 00 00 00 80 3f 00
  ........         00 00 00 00 00 00 00 01
016558-016563 StringBlock "List"
016564-016672 DataBlock
  .......C........ 01 00 00 00 00 00 ad 43 00 00 00 00 00 00 00 00
  ................ 00 01 00 00 00 01 00 00 00 00 00 06 00 00 00 00
  ................ 00 00 00 00 00 00 00 00 00 00 00 00 00 00 00 00
  ................ 00 00 00 00 00 00 00 00 00 00 00 00 00 00 00 00
  ..............?. 00 00 00 00 00 00 00 00 00 00 00 00 00 80 3f 00
  ................ 00 00 00 00 00 00 00 00 00 00 00 00 00 00 00 00
  ....?........    00 00 00 80 3f 00 00 00 00 00 00 00 00
