000000-000009 VersionBlock 39
000010-000013 RootIDBlock 302585400
000014-000019 StringBlock "root"
000020-000093 DataBlock
  ................ 00 00 00 00 00 00 00 00 01 01 00 01 00 00 00 00
  ................ 00 ff ff ff ff 00 00 00 00 00 00 00 00 00 00 00
  ..........V..... 00 00 00 00 01 00 00 00 a0 03 56 11 00 00 00 05
  ................ 00 00 00 04 00 00 bb ff be ff 00 00 00 00 00 00
  ......0...       00 00 01 00 00 00 30 d2 08 12
000094-000103 StringBlock "NewState"
000104-000140 DataBlock
  ................ 00 05 00 00 00 04 00 00 00 00 00 00 02 00 00 00
  ................ 00 00 00 00 00 00 00 00 01 00 00 00 01 00 00 00
  .....            00 00 00 00 00
000141-000159 FontNameBlock "Ingame 12, Normal"
000160-000186 DataBlock
  ................ 02 00 00 00 01 00 00 00 ff 00 00 00 00 00 00 00
  ...........      00 00 00 00 00 00 00 00 01 00 00
000187-000197 T0Block "normal_t0"
000198-000282 DataBlock
  ................ 00 00 00 00 00 00 00 00 00 00 00 00 00 00 00 00
  ..........V..... 00 00 00 00 01 00 00 00 a0 03 56 11 00 00 00 00
  ................ 00 00 00 00 00 05 00 00 00 04 00 00 bb ff be ff
  ................ 00 00 00 00 00 00 00 01 01 00 00 00 00 00 00 00
  ................ 00 00 00 00 00 00 00 00 00 00 00 00 00 00 00 00
  .....            00 00 00 00 00
000283-000294 EventListBlock []
000295-000310 DataBlock
  ............8... 00 00 00 00 00 00 00 00 01 00 00 00 38 80 ed 11
000311-000329 StringBlock "Layout_revolution"
000330-000344 DataBlock
  H...x..........  48 01 00 00 78 00 00 00 01 01 00 01 00 00 00
000345-000363 StringBlock "Layout_revolution"
000364-000402 DataBlock
  ................ ff ff ff ff 00 00 00 00 00 00 00 00 00 00 00 00
  ................ 00 00 00 00 00 00 00 00 00 00 00 00 00 00 00 01
  .......          00 00 00 a0 10 09 12
000403-000412 StringBlock "NewState"
000413-000449 DataBlock
  p............... 70 02 00 00 d0 02 00 00 00 00 00 00 02 00 00 00
  ................ 00 00 00 00 00 00 00 00 01 00 00 00 01 00 00 00
  .....            00 00 00 00 00
000450-000468 FontNameBlock "Ingame 12, Normal"
000469-000495 DataBlock
  ................ 02 00 00 00 01 00 00 00 ff 00 00 00 00 00 00 00
  ...........      00 00 00 00 00 00 00 00 00 00 00
000496-000506 T0Block "normal_t0"
000507-000546 DataBlock
  ................ 00 00 00 00 00 00 00 00 00 00 00 00 00 00 00 00
  ................ 00 00 00 00 00 00 00 00 00 00 00 00 00 00 00 00
  ........         00 00 00 00 00 00 00 00
000547-000561 StringBlock "OnUpdatePulse"
000562-000576 StringBlock "OnUpdatePulse"
000577-000589 StringBlock "OnDestroyed"
000590-000602 StringBlock "OnDestroyed"
000603-000614 EventListBlock []
000615-000630 DataBlock
  ............8... 00 00 00 00 00 00 00 00 07 00 00 00 38 10 02 12
000631-000643 StringBlock "title_frame"
000644-000658 DataBlock
  ..............  7f 00 00 00 13 00 00 00 01 01 00 01 00 00 00
000659-000671 StringBlock "title_frame"
000672-000698 DataBlock
  ................ ff ff ff ff 00 00 00 00 00 00 00 00 00 00 00 00
  ...........      00 00 00 09 00 00 00 a0 ca 08 12
000699-000739 ImagePathBlock "UI\\Campaign UI\\Skins\\title frame BL.tga"
000740-000755 DataBlock
  ............`v.. 10 00 00 00 10 00 00 00 ff ff ff ff 60 76 fa 11
000756-000800 ImagePathBlock "UI\\Campaign UI\\Skins\\title frame bottom.tga"
000801-000816 DataBlock
  .............q.. 10 00 00 00 10 00 00 00 ff ff ff ff d0 71 05 12
000817-000857 ImagePathBlock "UI\\Campaign UI\\Skins\\title frame BR.tga"
000858-000873 DataBlock
  ............0... 10 00 00 00 10 00 00 00 ff ff ff ff 30 a5 08 12
000874-000916 ImagePathBlock "UI\\Campaign UI\\Skins\\title frame fill.tga"
000917-000932 DataBlock
  ............8... 10 00 00 00 10 00 00 00 ff ff ff ff 38 d0 08 12
000933-000975 ImagePathBlock "UI\\Campaign UI\\Skins\\title frame left.tga"
000976-000991 DataBlock
  ..............:. 10 00 00 00 10 00 00 00 ff ff ff ff 00 0e 3a 12
000992-001035 ImagePathBlock "UI\\Campaign UI\\Skins\\title frame right.tga"
001036-001051 DataBlock
  ..............:. 10 00 00 00 10 00 00 00 ff ff ff ff e0 0e 3a 12
001052-001092 ImagePathBlock "UI\\Campaign UI\\Skins\\title frame TL.tga"
001093-001108 DataBlock
  ............hY.. 10 00 00 00 10 00 00 00 ff ff ff ff 68 59 f6 11
001109-001150 ImagePathBlock "UI\\Campaign UI\\Skins\\title frame top.tga"
001151-001166 DataBlock
  .............Z.. 10 00 00 00 10 00 00 00 ff ff ff ff d8 5a f6 11
001167-001207 ImagePathBlock "UI\\Campaign UI\\Skins\\title frame TR.tga"
001208-001235 DataBlock
  ................ 10 00 00 00 10 00 00 00 ff ff ff ff 00 00 00 00
  ........p...     00 00 00 00 01 00 00 00 70 1a 09 12
001236-001245 StringBlock "NewState"
001246-001282 DataBlock
  r...6........... 72 01 00 00 36 00 00 00 00 00 00 00 02 00 00 00
  ................ 00 00 00 00 00 00 00 00 01 00 00 00 01 00 00 00
  .....            00 00 00 00 00
001283-001301 FontNameBlock "Ingame 12, Normal"
001302-001328 DataBlock
  ................ 02 00 00 00 01 00 00 00 ff 00 00 00 00 00 00 00
  ...........      00 00 00 00 00 00 00 00 01 00 00
001329-001339 T0Block "normal_t0"
001340-001784 DataBlock
  ................ 00 00 00 00 00 00 00 00 00 00 00 00 00 00 00 00
  .........Z..b... 00 00 00 00 09 00 00 00 d8 5a f6 11 62 01 00 00
  ................ 00 00 00 00 10 00 00 00 10 00 00 00 ff ff ff ff
  ................ 00 00 00 03 00 00 00 00 00 00 00 00 00 00 00 00
  .....hY......... 00 00 00 00 00 68 59 f6 11 10 00 00 00 00 00 00
  .R.............. 00 52 01 00 00 10 00 00 00 ff ff ff ff 01 00 00
  ................ 02 00 00 00 01 00 00 00 00 00 00 00 00 00 00 00
  ....:........... 00 00 e0 0e 3a 12 00 00 00 00 00 00 00 00 10 00
  ................ 00 00 10 00 00 00 ff ff ff ff 00 00 00 01 00 00
  ................ 00 00 00 00 00 00 00 00 00 00 00 00 00 00 00 d0
  q..b...&........ 71 05 12 62 01 00 00 26 00 00 00 10 00 00 00 10
  ................ 00 00 00 ff ff ff ff 00 00 00 09 00 00 00 00 00
  ................ 00 00 00 00 00 00 00 00 00 00 00 00 a0 ca 08 12
  ....&........... 00 00 00 00 26 00 00 00 10 00 00 00 10 00 00 00
  ................ ff ff ff ff 00 00 00 07 00 00 00 00 00 00 00 00
  .........`v..... 00 00 00 00 00 00 00 00 00 60 76 fa 11 10 00 00
  .&...R.......... 00 26 00 00 00 52 01 00 00 10 00 00 00 ff ff ff
  ................ ff 01 00 00 08 00 00 00 01 00 00 00 00 00 00 00
  ......8......... 00 00 00 00 00 00 38 d0 08 12 00 00 00 00 10 00
  ................ 00 00 10 00 00 00 16 00 00 00 ff ff ff ff 01 00
  ................ 00 04 00 00 00 00 01 00 00 00 00 00 00 00 00 00
  .....:.b........ 00 00 00 00 0e 3a 12 62 01 00 00 10 00 00 00 10
  ................ 00 00 00 16 00 00 00 ff ff ff ff 01 00 00 06 00
  ................ 00 00 00 01 00 00 00 00 00 00 00 00 00 00 00 00
  0...........R... 30 a5 08 12 10 00 00 00 10 00 00 00 52 01 00 00
  ................ 16 00 00 00 ff ff ff ff 01 00 00 05 00 00 00 01
  ................ 01 00 00 00 00 00 00 00 00 00 00 00 00 00 00 00
  .............    00 00 00 00 00 00 00 00 00 00 00 00 00
001785-001796 EventListBlock []
001797-001812 DataBlock
  ..............M. 00 00 00 00 00 00 00 00 02 00 00 00 b8 11 4d 12
001813-001822 StringBlock "dy_title"
001823-001837 DataBlock
  ...............  05 00 00 00 0c 00 00 00 01 01 00 01 00 00 00
001838-001847 StringBlock "dy_title"
001848-001886 DataBlock
  ................ ff ff ff ff 00 00 00 00 00 00 00 00 00 00 00 00
  ................ 00 00 00 00 00 00 00 00 00 00 00 00 00 00 00 01
  .....M.          00 00 00 10 15 4d 12
001887-001896 StringBlock "NewState"
001897-001904 DataBlock
  h.......         68 01 00 00 1b 00 00 00
001905-001928 UnicodeBlock "Revolution!"
001929-001951 DataBlock
  ................ 00 00 04 00 00 00 04 00 00 00 00 00 00 00 01 00
  .......          00 00 01 00 00 00 01
001952-002011 UnicodeBlock "dy_title_NewState_Text_780072"
002012-002013 DataBlock
  ..               00 00
002014-002032 FontNameBlock "Ingame 18, Normal"
002033-002059 DataBlock
  ................ 02 00 00 00 01 00 00 00 9c d4 de ff 00 00 00 00
  ...........      00 00 00 00 00 00 00 00 00 00 00
002060-002070 T0Block "normal_t0"
002071-002110 DataBlock
  ................ 00 00 00 00 00 00 00 00 00 00 00 00 00 00 00 00
  ................ 00 00 00 00 00 00 00 00 00 00 00 00 00 00 00 00
  ........         00 00 00 00 00 00 00 00
002111-002122 EventListBlock []
002123-002134 DataBlock
  ............     00 00 00 00 00 00 00 00 00 00 00 00
002135-002157 StringBlock "template.dy_title.lua"
002158-002161 DataBlock
  8...             38 f0 06 12
002162-002172 StringBlock "dy_fields"
002173-002187 DataBlock
  ...............  0f 00 00 00 18 00 00 00 01 00 00 00 00 00 00
002188-002198 StringBlock "dy_fields"
002199-002237 DataBlock
  ................ ff ff ff ff 00 00 00 00 00 00 00 00 00 00 00 00
  ................ 00 00 00 00 00 00 00 00 00 00 00 00 00 00 00 01
  .......          00 00 00 08 f3 06 12
002238-002247 StringBlock "NewState"
002248-002284 DataBlock
  W............... 57 01 00 00 17 00 00 00 00 00 00 00 04 00 00 00
  ................ 04 00 00 00 00 00 00 00 01 00 00 00 01 00 00 00
  .....            00 00 00 00 00
002285-002303 FontNameBlock "Ingame 12, Normal"
002304-002330 DataBlock
  ................ 02 00 00 00 01 00 00 00 9c d4 de ff 00 00 00 00
  ...........      00 00 00 00 00 00 00 00 01 00 00
002331-002341 T0Block "normal_t0"
002342-002381 DataBlock
  ................ 00 00 00 00 00 00 00 00 00 00 00 00 00 00 00 00
  ................ 00 00 00 00 00 00 00 00 00 00 00 00 01 01 00 00
  ........         00 00 00 00 00 00 00 00
002382-002393 EventListBlock []
002394-002407 DataBlock
  ..............   00 00 00 00 00 00 00 00 00 00 00 00 00 00
002408-002434 StringBlock "template._title_frame.lua"
002435-002438 DataBlock
  .up.             98 75 70 12
002439-002449 StringBlock "textpanel"
002450-002464 DataBlock
  >...P..........  3e 00 00 00 50 01 00 00 01 01 00 01 00 00 00
002465-002475 StringBlock "textpanel"
002476-002492 DataBlock
  ................ ff ff ff ff 00 00 00 00 00 00 00 00 00 00 00 00
  .                00
002493-002545 StringBlock "dofile( \"data/ui/vertical_mousewheel_script.lua\" )\n"
002546-002553 DataBlock
  .....xp.         07 00 00 00 f0 78 70 12
002554-002599 ImagePathBlock "UI\\Campaign UI\\Skins\\paper pane fill 128.tga"
002600-002615 DataBlock
  .............zp. 80 00 00 00 80 00 00 00 ff ff ff ff 10 7a 70 12
002616-002662 ImagePathBlock "UI\\Campaign UI\\Skins\\paper_pane_border_bl.tga"
002663-002678 DataBlock
  /...........0{p. 2f 00 00 00 0d 00 00 00 ff ff ff ff 30 7b 70 12
002679-002724 ImagePathBlock "UI\\Campaign UI\\Skins\\paper_pane_border_l.tga"
002725-002740 DataBlock
  /............|p. 2f 00 00 00 9d 00 00 00 ff ff ff ff 10 7c 70 12
002741-002787 ImagePathBlock "UI\\Campaign UI\\Skins\\paper_pane_border_tl.tga"
002788-002803 DataBlock
  /............}p. 2f 00 00 00 0d 00 00 00 ff ff ff ff 88 7d 70 12
002804-002851 ImagePathBlock "UI\\Campaign UI\\Skins\\paper_pane_border_top.tga"
002852-002867 DataBlock
  *............p. 2a 00 00 00 0d 00 00 00 ff ff ff ff 00 7f 70 12
002868-002918 ImagePathBlock "UI\\Campaign UI\\Skins\\paper_pane_border_bottom.tga"
002919-002934 DataBlock
  *...........p.@. 2a 00 00 00 0d 00 00 00 ff ff ff ff 70 e0 40 12
002935-002980 ImagePathBlock "UI\\Campaign UI\\Skins\\paper_pane_border_r.tga"
002981-003008 DataBlock
  /............... 2f 00 00 00 9d 00 00 00 ff ff ff ff 00 00 00 00
  ..........@.     00 00 00 00 01 00 00 00 e8 e1 40 12
003009-003018 StringBlock "NewState"
003019-003055 DataBlock
  ................ f4 01 00 00 01 01 00 00 00 00 00 00 02 00 00 00
  ................ 00 00 00 00 00 00 00 00 01 00 00 00 01 00 00 00
  .....            00 00 00 00 00
003056-003074 FontNameBlock "Ingame 12, Normal"
003075-003101 DataBlock
  ................ 02 00 00 00 01 00 00 00 00 00 00 ff 00 00 00 00
  ...........      00 00 00 00 00 00 00 00 01 00 00
003102-003112 T0Block "normal_t0"
003113-003557 DataBlock
  ................ 00 00 00 00 00 00 00 00 00 00 00 00 00 00 00 00
  .........xp./... 00 00 00 00 09 00 00 00 f0 78 70 12 2f 00 00 00
  ................ 0d 00 00 00 96 01 00 00 e7 00 00 00 ff ff ff ff
  ................ 01 00 00 05 00 00 00 01 01 00 00 00 00 00 00 00
  ......|p........ 00 00 00 00 00 10 7c 70 12 00 00 00 00 00 00 00
  ./.............. 00 2f 00 00 00 0d 00 00 00 ff ff ff ff 00 00 00
  ................ 01 00 00 00 00 00 00 00 00 00 00 00 00 00 00 00
  ..0{p........./. 00 00 30 7b 70 12 00 00 00 00 0d 00 00 00 2f 00
  ................ 00 00 e7 00 00 00 ff ff ff ff 01 00 00 04 00 00
  ................ 00 00 01 00 00 00 00 00 00 00 00 00 00 00 00 10
  zp........./.... 7a 70 12 00 00 00 00 f4 00 00 00 2f 00 00 00 0d
  ................ 00 00 00 ff ff ff ff 00 00 00 07 00 00 00 00 00
  .............zp. 00 00 00 00 00 00 00 00 00 00 00 00 10 7a 70 12
  ......../....... c5 01 00 00 f4 00 00 00 2f 00 00 00 0d 00 00 00
  ................ ff ff ff ff 00 01 00 09 00 00 00 00 00 00 00 00
  ..........|p.... 00 00 00 00 00 00 00 00 00 10 7c 70 12 c5 01 00
  ...../.......... 00 00 00 00 00 2f 00 00 00 0d 00 00 00 ff ff ff
  ................ ff 00 01 00 03 00 00 00 00 00 00 00 00 00 00 00
  .......p./..... 00 00 00 00 00 00 00 7f 70 12 2f 00 00 00 f4 00
  ................ 00 00 96 01 00 00 0d 00 00 00 ff ff ff ff 01 00
  ................ 00 08 00 00 00 01 00 00 00 00 00 00 00 00 00 00
  ....}p./........ 00 00 00 88 7d 70 12 2f 00 00 00 00 00 00 00 96
  ................ 01 00 00 0d 00 00 00 ff ff ff ff 01 00 00 02 00
  ................ 00 00 01 00 00 00 00 00 00 00 00 00 00 00 00 00
  p.@........./... 70 e0 40 12 c5 01 00 00 0d 00 00 00 2f 00 00 00
  ................ e7 00 00 00 ff ff ff ff 01 00 00 06 00 00 00 00
  ................ 01 00 00 00 00 00 00 00 00 00 00 00 00 00 00 00
  .............    00 00 00 00 00 00 00 00 00 00 00 00 00
003558-003569 EventListBlock []
003570-003585 DataBlock
  ..............@. 00 00 00 00 00 00 00 00 01 00 00 00 88 eb 40 12
003586-003595 StringBlock "TextView"
003596-003610 DataBlock
  0..............  30 00 00 00 0c 00 00 00 01 01 00 01 01 00 00
003611-003620 StringBlock "TextView"
003621-003659 DataBlock
  ................ 05 00 00 00 00 00 00 00 00 00 00 00 00 00 00 00
  ................ 00 00 00 00 00 00 00 00 00 00 00 00 00 00 00 01
  ...p.G.          00 00 00 70 e0 47 12
003660-003666 StringBlock "State"
003667-003703 DataBlock
  ................ af 01 00 00 e9 00 00 00 00 00 00 00 00 00 00 00
  ................ 02 00 00 00 00 00 00 00 01 00 00 00 01 00 00 00
  .....            00 00 00 00 00
003704-003722 FontNameBlock "Ingame 12, Normal"
003723-003749 DataBlock
  ................ 02 00 00 00 01 00 00 00 00 00 00 ff 00 00 00 00
  ...........      00 00 00 00 00 00 00 00 01 00 00
003750-003760 T0Block "normal_t0"
003761-003800 DataBlock
  ................ 00 00 00 00 00 00 00 00 00 00 00 00 00 00 00 00
  ................ 00 00 00 00 00 00 00 00 c0 cd cd cd c0 cd cd cd
  ........         00 00 00 00 01 00 00 00
003801-003808 StringBlock "Margin"
003809-003812 DataBlock
  ..22             02 00 32 32
003813-003824 EventListBlock []
003825-003840 DataBlock
  ..............G. 00 00 00 00 00 00 00 00 02 00 00 00 08 e5 47 12
003841-003849 StringBlock "vslider"
003850-003864 DataBlock
  ...............  a3 01 00 00 0a 00 00 00 00 01 00 01 00 00 00
003865-003873 StringBlock "vslider"
003874-003900 DataBlock
  ................ 00 00 00 00 00 00 00 00 00 00 00 00 00 00 00 00
  .......`.G.      00 00 00 01 00 00 00 60 e8 47 12
003901-003939 ImagePathBlock "UI\\Campaign UI\\Skins\\v_slider_bar.tga"
003940-003967 DataBlock
  ................ 04 00 00 00 01 00 00 00 ff ff ff ff 00 00 00 00
  ........P.G.     00 00 00 00 01 00 00 00 50 eb 47 12
003968-003977 StringBlock "NewState"
003978-004014 DataBlock
  ................ 04 00 00 00 d4 00 00 00 00 00 00 00 02 00 00 00
  ................ 00 00 00 00 00 00 00 00 01 00 00 00 01 00 00 00
  .....            00 00 00 00 00
004015-004033 FontNameBlock "Ingame 12, Normal"
004034-004060 DataBlock
  ................ 02 00 00 00 01 00 00 00 00 00 00 ff 00 00 00 00
  ...........      00 00 00 00 00 00 00 00 01 00 00
004061-004071 T0Block "normal_t0"
004072-004156 DataBlock
  ................ 00 00 00 00 00 00 00 00 00 00 00 00 00 00 00 00
  ........`.G..... 00 00 00 00 01 00 00 00 60 e8 47 12 00 00 00 00
  ................ 00 00 00 00 04 00 00 00 d4 00 00 00 ff ff ff ff
  ................ 00 00 00 00 00 00 00 01 01 00 00 00 00 00 00 00
  ................ 00 00 00 00 00 c0 cd cd cd c0 cd cd cd 00 00 00
  .....            00 04 00 00 00
004157-004163 StringBlock "Value"
004164-004166 DataBlock
  ..0              01 00 30
004167-004176 StringBlock "minValue"
004177-004179 DataBlock
  ..0              01 00 30
004180-004189 StringBlock "maxValue"
004190-004194 DataBlock
  ..100            03 00 31 30 30
004195-004202 StringBlock "Notify"
004203-004204 DataBlock
  ..               00 00
004205-004216 EventListBlock []
004217-004284 DataBlock
  ............@A.. 00 00 00 00 00 00 00 00 03 00 00 00 40 41 06 12
  ..top........... 03 00 74 6f 70 fd ff ff ff f9 ff ff ff 00 00 00
  ......top....... 01 00 00 00 03 00 74 6f 70 ff ff ff ff 00 00 00
  ................ 00 00 00 00 00 00 00 00 00 00 00 00 01 00 00 00
  .D..             98 44 06 12
004285-004323 ImagePathBlock "UI\\Campaign UI\\Skins\\v_slider_end.tga"
004324-004351 DataBlock
  ................ 0a 00 00 00 0a 00 00 00 ff ff ff ff 00 00 00 00
  .........G..     00 00 00 00 01 00 00 00 88 47 06 12
004352-004361 StringBlock "NewState"
004362-004398 DataBlock
  ................ 0a 00 00 00 0a 00 00 00 00 00 00 00 02 00 00 00
  ................ 00 00 00 00 00 00 00 00 01 00 00 00 01 00 00 00
  .....            00 00 00 00 00
004399-004417 FontNameBlock "Ingame 12, Normal"
004418-004444 DataBlock
  ................ 02 00 00 00 01 00 00 00 00 00 00 ff 00 00 00 00
  ...........      00 00 00 00 00 00 00 00 01 00 00
004445-004455 T0Block "normal_t0"
004456-004540 DataBlock
  ................ 00 00 00 00 00 00 00 00 00 00 00 00 00 00 00 00
  .........D...... 00 00 00 00 01 00 00 00 98 44 06 12 00 00 00 00
  ................ 00 00 00 00 0a 00 00 00 0a 00 00 00 ff ff ff ff
  ................ 00 00 00 00 00 00 00 01 01 00 00 00 00 00 00 00
  .....!...$...... 00 00 00 00 00 21 00 00 00 24 00 00 00 00 00 00
  .....            00 01 00 00 00
004541-004550 StringBlock "stepSize"
004551-004554 DataBlock
  ..10             02 00 31 30
004555-004571 StringBlock "OnMouseLClickUp"
004572-004585 StringBlock "UpdateSlider"
004586-004597 EventListBlock []
004598-004615 DataBlock
  ..............p. 00 00 00 00 00 00 00 00 00 00 00 00 00 00 70 df
  ..               08 12
004616-004623 StringBlock "bottom"
004624-004638 DataBlock
  ...............  fd ff ff ff d3 00 00 00 00 00 00 01 00 00 00
004639-004646 StringBlock "bottom"
004647-004673 DataBlock
  ................ ff ff ff ff 00 00 00 00 00 00 00 00 00 00 00 00
  ...........      00 00 00 01 00 00 00 08 e3 08 12
004674-004712 ImagePathBlock "UI\\Campaign UI\\Skins\\v_slider_end.tga"
004713-004740 DataBlock
  ................ 0a 00 00 00 0a 00 00 00 ff ff ff ff 00 00 00 00
  ............     00 00 00 00 01 00 00 00 f8 e5 08 12
004741-004750 StringBlock "NewState"
004751-004787 DataBlock
  ................ 0a 00 00 00 0a 00 00 00 00 00 00 00 02 00 00 00
  ................ 00 00 00 00 00 00 00 00 01 00 00 00 01 00 00 00
  .....            00 00 00 00 00
004788-004806 FontNameBlock "Ingame 12, Normal"
004807-004833 DataBlock
  ................ 02 00 00 00 01 00 00 00 00 00 00 ff 00 00 00 00
  ...........      00 00 00 00 00 00 00 00 01 00 00
004834-004844 T0Block "normal_t0"
004845-004929 DataBlock
  ................ 00 00 00 00 00 00 00 00 00 00 00 00 00 00 00 00
  ................ 00 00 00 00 01 00 00 00 08 e3 08 12 00 00 00 00
  ................ 00 00 00 00 0a 00 00 00 0a 00 00 00 ff ff ff ff
  ................ 00 00 00 00 00 00 00 01 01 00 00 00 00 00 00 00
  ....."...'...... 00 00 00 00 00 22 00 00 00 27 00 00 00 00 00 00
  .....            00 01 00 00 00
004930-004939 StringBlock "stepSize"
004940-004943 DataBlock
  ..10             02 00 31 30
004944-004960 StringBlock "OnMouseLClickUp"
004961-004974 StringBlock "UpdateSlider"
004975-004986 EventListBlock []
004987-005004 DataBlock
  ................ 00 00 00 00 00 00 00 00 00 00 00 00 00 00 f8 d3
  ..               09 12
005005-005012 StringBlock "handle"
005013-005027 DataBlock
  ....q..........  f7 ff ff ff 71 00 00 00 00 00 01 01 00 00 00
005028-005035 StringBlock "handle"
005036-005062 DataBlock
  ................ ff ff ff ff 00 00 00 00 00 00 00 00 00 00 00 00
  .......P...      00 00 00 01 00 00 00 50 d7 09 12
005063-005104 ImagePathBlock "UI\\Campaign UI\\Skins\\v_slider_handle.tga"
005105-005132 DataBlock
  ................ 15 00 00 00 16 00 00 00 ff ff ff ff 00 00 00 00
  ............     00 00 00 00 01 00 00 00 00 d9 09 12
005133-005142 StringBlock "NewState"
005143-005179 DataBlock
  ................ 15 00 00 00 16 00 00 00 00 00 00 00 02 00 00 00
  ................ 00 00 00 00 00 00 00 00 01 00 00 00 01 00 00 00
  .....            00 00 00 00 00
005180-005198 FontNameBlock "Ingame 12, Normal"
005199-005225 DataBlock
  ................ 02 00 00 00 01 00 00 00 00 00 00 ff 00 00 00 00
  ...........      00 00 00 00 00 00 00 00 01 00 00
005226-005236 T0Block "normal_t0"
005237-005321 DataBlock
  ................ 00 00 00 00 00 00 00 00 00 00 00 00 00 00 00 00
  ........P....... 00 00 00 00 01 00 00 00 50 d7 09 12 00 00 00 00
  ................ 00 00 00 00 15 00 00 00 16 00 00 00 ff ff ff ff
  ................ 00 00 00 00 00 00 00 01 01 00 00 00 00 00 00 00
  ................ 00 00 00 00 00 c0 cd cd cd c0 cd cd cd 00 00 00
  .....            00 00 00 00 00
005322-005329 StringBlock "OnDrag"
005330-005341 StringBlock "HandleMove"
005342-005349 StringBlock "OnMove"
005350-005362 StringBlock "LimitHandle"
005363-005374 EventListBlock []
005375-005386 DataBlock
  ............     00 00 00 00 00 00 00 00 00 00 00 00
005387-005415 StringBlock "template.vslider_handle.lua"
005416-005437 StringBlock "template.vslider.lua"
005438-005441 DataBlock
  8...             38 ac 01 12
005442-005447 StringBlock "Text"
005448-005462 DataBlock
  ...............  00 00 00 00 00 00 00 00 01 01 00 00 00 00 00
005463-005468 StringBlock "Text"
005469-005507 DataBlock
  ................ ff ff ff ff 00 00 00 00 00 00 00 00 00 00 00 00
  ................ 00 00 00 00 00 00 00 00 00 00 00 00 00 00 00 01
  ...0...          00 00 00 30 b0 01 12
005508-005518 StringBlock "MainState"
005519-005526 DataBlock
  ........         8c 01 00 00 d5 00 00 00
005527-005764 UnicodeBlock "This noble admiral has died bravely whilst directing his ships on deck, weakening your cause considerably by his loss."
005765-005787 DataBlock
  ................ 00 00 02 00 00 00 00 00 00 00 00 00 00 00 01 00
  .......          00 00 01 00 00 00 00
005788-005841 UnicodeBlock "Text_MainState_Text_35000b"
005842-005843 DataBlock
  ..               00 00
005844-005862 FontNameBlock "Ingame 12, Normal"
005863-005889 DataBlock
  ................ 02 00 00 00 01 00 00 00 00 00 00 ff 00 00 00 00
  ...........      00 00 00 00 00 00 00 00 01 00 00
005890-005900 T0Block "normal_t0"
005901-005940 DataBlock
  ................ 00 00 00 00 00 00 00 00 00 00 00 00 00 00 00 00
  ................ 00 00 00 00 00 00 00 00 c0 cd cd cd c0 cd cd cd
  ........         00 00 00 00 00 00 00 00
005941-005952 EventListBlock []
005953-005966 DataBlock
  ..............   00 00 00 00 00 00 00 00 00 00 00 00 00 00
005967-005989 StringBlock "template.TextView.lua"
005990-005995 DataBlock
  ......           00 00 88 90 07 12
005996-006006 StringBlock "event_pic"
006007-006021 DataBlock
  >...Q..........  3e 00 00 00 51 00 00 00 01 01 00 01 00 00 00
006022-006032 StringBlock "event_pic"
006033-006059 DataBlock
  ................ ff ff ff ff 00 00 00 00 00 00 00 00 00 00 00 00
  .......@...      00 00 00 01 00 00 00 40 94 07 12
006060-006099 ImagePathBlock "UI\\Campaign UI\\Skins\\event_picture.tga"
006100-006127 DataBlock
  ................ f4 01 00 00 fa 00 00 00 ff ff ff ff 00 00 00 00
  ............     00 00 00 00 01 00 00 00 f0 96 07 12
006128-006137 StringBlock "NewState"
006138-006174 DataBlock
  ................ f4 01 00 00 fa 00 00 00 00 00 00 00 02 00 00 00
  ................ 00 00 00 00 00 00 00 00 01 00 00 00 01 00 00 00
  .....            00 00 00 00 00
006175-006193 FontNameBlock "Ingame 12, Normal"
006194-006220 DataBlock
  ................ 02 00 00 00 01 00 00 00 00 00 00 ff 00 00 00 00
  ...........      00 00 00 00 00 00 00 00 01 00 00
006221-006231 T0Block "normal_t0"
006232-006316 DataBlock
  ................ 00 00 00 00 00 00 00 00 00 00 00 00 00 00 00 00
  ........@....... 00 00 00 00 01 00 00 00 40 94 07 12 00 00 00 00
  ................ 00 00 00 00 f4 01 00 00 fa 00 00 00 ff ff ff ff
  ................ 00 00 00 00 00 00 00 01 01 00 00 00 00 00 00 00
  ................ 00 00 00 00 00 00 00 00 00 00 00 00 00 00 00 00
  .....            00 00 00 00 00
006317-006328 EventListBlock []
006329-006340 DataBlock
  ............     00 00 00 00 00 00 00 00 00 00 00 00
006341-006367 StringBlock "template._paper_pane2.lua"
006368-006371 DataBlock
   ...             20 ab 08 12
006372-006378 StringBlock "frame"
006379-006393 DataBlock
  >...Q..........  3e 00 00 00 51 00 00 00 01 01 00 01 00 00 00
006394-006400 StringBlock "frame"
006401-006427 DataBlock
  ................ ff ff ff ff 00 00 00 00 00 00 00 00 00 00 00 00
  .......x...      00 00 00 08 00 00 00 78 ae 08 12
006428-006467 ImagePathBlock "UI\\Campaign UI\\Skins\\paper pane3_B.tga"
006468-006483 DataBlock
  ............(... 80 00 00 00 10 00 00 00 ff ff ff ff 28 b1 08 12
006484-006523 ImagePathBlock "UI\\Campaign UI\\Skins\\paper pane3_L.tga"
006524-006539 DataBlock
  ............0... 10 00 00 00 80 00 00 00 ff ff ff ff 30 b3 08 12
006540-006579 ImagePathBlock "UI\\Campaign UI\\Skins\\paper pane3_R.tga"
006580-006595 DataBlock
  ............@... 10 00 00 00 80 00 00 00 ff ff ff ff 40 b5 08 12
006596-006635 ImagePathBlock "UI\\Campaign UI\\Skins\\paper pane3_T.tga"
006636-006651 DataBlock
  ................ 80 00 00 00 10 00 00 00 ff ff ff ff 08 b7 08 12
006652-006692 ImagePathBlock "UI\\Campaign UI\\Skins\\paper pane3_TL.tga"
006693-006708 DataBlock
  ................ 10 00 00 00 10 00 00 00 ff ff ff ff d0 b8 08 12
006709-006749 ImagePathBlock "UI\\Campaign UI\\Skins\\paper pane3_TR.tga"
006750-006765 DataBlock
  ................ 10 00 00 00 10 00 00 00 ff ff ff ff 98 ba 08 12
006766-006806 ImagePathBlock "UI\\Campaign UI\\Skins\\paper pane3_BL.tga"
006807-006822 DataBlock
  ............`... 10 00 00 00 10 00 00 00 ff ff ff ff 60 bc 08 12
006823-006863 ImagePathBlock "UI\\Campaign UI\\Skins\\paper pane3_BR.tga"
006864-006891 DataBlock
  ................ 10 00 00 00 10 00 00 00 ff ff ff ff 00 00 00 00
  ........(...     00 00 00 00 01 00 00 00 28 be 08 12
006892-006901 StringBlock "NewState"
006902-006938 DataBlock
  ................ f4 01 00 00 fa 00 00 00 00 00 00 00 02 00 00 00
  ................ 00 00 00 00 00 00 00 00 01 00 00 00 01 00 00 00
  .....            00 00 00 00 00
006939-006957 FontNameBlock "Ingame 12, Normal"
006958-006984 DataBlock
  ................ 02 00 00 00 01 00 00 00 00 00 00 ff 00 00 00 00
  ...........      00 00 00 00 00 00 00 00 01 00 00
006985-006995 T0Block "normal_t0"
006996-007395 DataBlock
  ................ 00 00 00 00 00 00 00 00 00 00 00 00 00 00 00 00
  ........x....... 00 00 00 00 08 00 00 00 78 ae 08 12 10 00 00 00
  ................ ea 00 00 00 d4 01 00 00 10 00 00 00 ff ff ff ff
  ................ 00 00 00 08 00 00 00 01 00 00 00 00 00 00 00 00
  .....@.......... 00 00 00 00 00 40 b5 08 12 10 00 00 00 00 00 00
  ................ 00 d4 01 00 00 10 00 00 00 ff ff ff ff 00 00 00
  ................ 02 00 00 00 01 00 00 00 00 00 00 00 00 00 00 00
  ................ 00 00 08 b7 08 12 00 00 00 00 00 00 00 00 10 00
  ................ 00 00 10 00 00 00 ff ff ff ff 00 00 00 01 00 00
  ................ 00 00 00 00 00 00 00 00 00 00 00 00 00 00 00 d0
  ................ b8 08 12 e4 01 00 00 00 00 00 00 10 00 00 00 10
  ................ 00 00 00 ff ff ff ff 00 00 00 03 00 00 00 00 00
  ............0... 00 00 00 00 00 00 00 00 00 00 00 00 30 b3 08 12
  ................ e4 01 00 00 10 00 00 00 10 00 00 00 da 00 00 00
  ................ ff ff ff ff 00 00 00 06 00 00 00 00 01 00 00 00
  .........(...... 00 00 00 00 00 00 00 00 00 28 b1 08 12 00 00 00
  ................ 00 10 00 00 00 10 00 00 00 da 00 00 00 ff ff ff
  ................ ff 00 00 00 04 00 00 00 00 01 00 00 00 00 00 00
  ................ 00 00 00 00 00 00 98 ba 08 12 00 00 00 00 ea 00
  ................ 00 00 10 00 00 00 10 00 00 00 ff ff ff ff 00 00
  ................ 00 07 00 00 00 00 00 00 00 00 00 00 00 00 00 00
  ...`............ 00 00 00 60 bc 08 12 e4 01 00 00 ea 00 00 00 10
  ................ 00 00 00 10 00 00 00 ff ff ff ff 00 00 00 09 00
  ................ 00 00 00 00 00 00 00 00 00 00 00 00 00 00 00 00
  ................ 00 00 00 00 00 00 00 00 00 00 00 00 00 00 00 00
007396-007407 EventListBlock []
007408-007419 DataBlock
  ............     00 00 00 00 00 00 00 00 00 00 00 00
007420-007446 StringBlock "template._paper_pane2.lua"
007447-007450 DataBlock
  ....             00 19 ed 11
007451-007478 StringBlock "side_with_royalists_button"
007479-007493 DataBlock
  d...W..........  64 00 00 00 57 02 00 00 01 01 00 01 00 00 00
007494-007521 StringBlock "side_with_royalists_button"
007522-007538 DataBlock
  ..............6. ff ff ff ff 00 00 00 00 00 00 00 00 00 18 36 ed
  .                11
007539-007598 StringBlock "dofile \"data/ui/templates/template.fe_button_standard.lua\""
007599-007606 DataBlock
  ....X...         09 00 00 00 58 1c ed 11
007607-007646 ImagePathBlock "UI\\Campaign UI\\Skins\\paper pane2_T.tga"
007647-007662 DataBlock
  ................ 80 00 00 00 10 00 00 00 ff ff ff ff 08 1f ed 11
007663-007703 ImagePathBlock "UI\\Campaign UI\\Skins\\paper pane2_TL.tga"
007704-007719 DataBlock
  .............!.. 10 00 00 00 10 00 00 00 ff ff ff ff 10 21 ed 11
007720-007760 ImagePathBlock "UI\\Campaign UI\\Skins\\paper pane2_BR.tga"
007761-007776 DataBlock
  .............".. 10 00 00 00 10 00 00 00 ff ff ff ff d8 22 ed 11
007777-007817 ImagePathBlock "UI\\Campaign UI\\Skins\\paper pane2_TR.tga"
007818-007833 DataBlock
  .............$.. 10 00 00 00 10 00 00 00 ff ff ff ff a0 24 ed 11
007834-007874 ImagePathBlock "UI\\Campaign UI\\Skins\\paper pane2_BL.tga"
007875-007890 DataBlock
  ............h&.. 10 00 00 00 10 00 00 00 ff ff ff ff 68 26 ed 11
007891-007930 ImagePathBlock "UI\\Campaign UI\\Skins\\paper pane2_L.tga"
007931-007946 DataBlock
  ............0(.. 10 00 00 00 80 00 00 00 ff ff ff ff 30 28 ed 11
007947-007986 ImagePathBlock "UI\\Campaign UI\\Skins\\paper pane2_R.tga"
007987-008002 DataBlock
  .............).. 10 00 00 00 80 00 00 00 ff ff ff ff f8 29 ed 11
008003-008042 ImagePathBlock "UI\\Campaign UI\\Skins\\paper pane2_B.tga"
008043-008058 DataBlock
  .............+.. 80 00 00 00 10 00 00 00 ff ff ff ff c0 2b ed 11
008059-008104 ImagePathBlock "UI\\Campaign UI\\Skins\\paper_pane2_fill_96.tga"
008105-008132 DataBlock
  `...`........... 60 00 00 00 60 00 00 00 ff ff ff ff 00 00 00 00
  ........8-..     00 00 00 00 05 00 00 00 38 2d ed 11
008133-008142 StringBlock "inactive"
008143-008179 DataBlock
  ....4........... ac 01 00 00 34 00 00 00 00 00 00 00 04 00 00 00
  ................ 04 00 00 00 00 00 00 00 01 00 00 00 01 00 00 00
  .....            00 00 00 00 00
008180-008198 FontNameBlock "Ingame 12, Normal"
008199-008225 DataBlock
  ................ 02 00 00 00 01 00 00 00 8c b4 d2 ff 00 00 00 00
  ...........      00 00 00 00 00 00 00 00 01 01 00
008226-008236 T0Block "normal_t0"
008237-008681 DataBlock
  ................ 00 00 00 00 00 00 00 00 00 00 00 00 00 00 00 00
  .........+...... 00 00 00 00 09 00 00 00 c0 2b ed 11 05 00 00 00
  ........+....... 04 00 00 00 a3 01 00 00 2b 00 00 00 ff ff ff ff
  ................ 01 00 00 00 00 00 00 01 01 00 00 00 00 00 00 00
  .....X.......... 00 00 00 00 00 58 1c ed 11 10 00 00 00 00 00 00
  ................ 00 8c 01 00 00 10 00 00 00 ff ff ff ff 01 00 00
  ................ 02 00 00 00 01 00 00 00 00 00 00 00 00 00 00 00
  ................ 00 00 08 1f ed 11 00 00 00 00 00 00 00 00 10 00
  ................ 00 00 10 00 00 00 ff ff ff ff 00 00 00 01 00 00
  ................ 00 00 00 00 00 00 00 00 00 00 00 00 00 00 00 10
  !......$........ 21 ed 11 9c 01 00 00 24 00 00 00 10 00 00 00 10
  ................ 00 00 00 ff ff ff ff 00 00 00 09 00 00 00 00 00
  .............".. 00 00 00 00 00 00 00 00 00 00 00 00 d8 22 ed 11
  ................ 9c 01 00 00 00 00 00 00 10 00 00 00 10 00 00 00
  ................ ff ff ff ff 00 00 00 03 00 00 00 00 00 00 00 00
  ..........$..... 00 00 00 00 00 00 00 00 00 a0 24 ed 11 00 00 00
  .$.............. 00 24 00 00 00 10 00 00 00 10 00 00 00 ff ff ff
  ................ ff 00 00 00 07 00 00 00 00 00 00 00 00 00 00 00
  ......h&........ 00 00 00 00 00 00 68 26 ed 11 00 00 00 00 10 00
  ................ 00 00 10 00 00 00 14 00 00 00 ff ff ff ff 01 00
  ................ 00 04 00 00 00 00 01 00 00 00 00 00 00 00 00 00
  ...0(........... 00 00 00 30 28 ed 11 9c 01 00 00 10 00 00 00 10
  ................ 00 00 00 14 00 00 00 ff ff ff ff 01 00 00 06 00
  ................ 00 00 00 01 00 00 00 00 00 00 00 00 00 00 00 00
  .)......$....... f8 29 ed 11 10 00 00 00 24 00 00 00 8c 01 00 00
  ................ 10 00 00 00 ff ff ff ff 01 00 00 08 00 00 00 01
  ................ 00 00 00 00 00 00 00 00 00 00 00 00 00 bf ff ff
  ..........6..    ff 84 01 00 00 00 00 00 00 18 36 ed 11
008682-008693 StringBlock "unselected"
008694-008730 DataBlock
  ....4........... ac 01 00 00 34 00 00 00 00 00 00 00 04 00 00 00
  ................ 04 00 00 00 00 00 00 00 01 00 00 00 01 00 00 00
  .....            00 00 00 00 00
008731-008749 FontNameBlock "Ingame 12, Normal"
008750-008776 DataBlock
  ................ 02 00 00 00 01 00 00 00 00 00 00 ff 00 00 00 00
  ...........      00 00 00 00 00 00 00 00 01 00 00
008777-008787 T0Block "normal_t0"
008788-009250 DataBlock
  ................ 00 00 00 00 00 00 00 00 00 00 00 00 00 00 00 00
  .........+...... 00 00 00 00 09 00 00 00 c0 2b ed 11 05 00 00 00
  ........+....... 04 00 00 00 a3 01 00 00 2b 00 00 00 ff ff ff ff
  ................ 01 00 00 00 00 00 00 01 01 00 00 00 00 00 00 00
  .....X.......... 00 00 00 00 00 58 1c ed 11 10 00 00 00 00 00 00
  ................ 00 8c 01 00 00 10 00 00 00 ff ff ff ff 01 00 00
  ................ 02 00 00 00 01 00 00 00 00 00 00 00 00 00 00 00
  ................ 00 00 08 1f ed 11 00 00 00 00 00 00 00 00 10 00
  ................ 00 00 10 00 00 00 ff ff ff ff 00 00 00 01 00 00
  ................ 00 00 00 00 00 00 00 00 00 00 00 00 00 00 00 10
  !......$........ 21 ed 11 9c 01 00 00 24 00 00 00 10 00 00 00 10
  ................ 00 00 00 ff ff ff ff 00 00 00 09 00 00 00 00 00
  .............".. 00 00 00 00 00 00 00 00 00 00 00 00 d8 22 ed 11
  ................ 9c 01 00 00 00 00 00 00 10 00 00 00 10 00 00 00
  ................ ff ff ff ff 00 00 00 03 00 00 00 00 00 00 00 00
  ..........$..... 00 00 00 00 00 00 00 00 00 a0 24 ed 11 00 00 00
  .$.............. 00 24 00 00 00 10 00 00 00 10 00 00 00 ff ff ff
  ................ ff 00 00 00 07 00 00 00 00 00 00 00 00 00 00 00
  ......h&........ 00 00 00 00 00 00 68 26 ed 11 00 00 00 00 10 00
  ................ 00 00 10 00 00 00 14 00 00 00 ff ff ff ff 01 00
  ................ 00 04 00 00 00 00 01 00 00 00 00 00 00 00 00 00
  ...0(........... 00 00 00 30 28 ed 11 9c 01 00 00 10 00 00 00 10
  ................ 00 00 00 14 00 00 00 ff ff ff ff 01 00 00 06 00
  ................ 00 00 00 01 00 00 00 00 00 00 00 00 00 00 00 00
  .)......$....... f8 29 ed 11 10 00 00 00 24 00 00 00 8c 01 00 00
  ................ 10 00 00 00 ff ff ff ff 01 00 00 08 00 00 00 01
  ................ 00 00 00 00 00 00 00 00 00 00 00 00 00 bf ff ff
  ................ ff 84 01 00 00 01 00 00 00 00 00 00 00 98 c9 01
  ...........8...  12 00 00 00 00 00 00 00 00 00 00 38 c0 01 12
009251-009270 StringBlock "unselected_depress"
009271-009307 DataBlock
  ....4........... ac 01 00 00 34 00 00 00 00 00 00 00 04 00 00 00
  ................ 04 00 00 00 00 00 00 00 01 00 00 00 01 00 00 00
  .....            00 00 00 00 00
009308-009326 FontNameBlock "Ingame 12, Normal"
009327-009353 DataBlock
  ................ 02 00 00 00 01 00 00 00 00 00 00 ff 01 00 00 00
  ...........      01 00 00 00 00 00 00 00 01 00 00
009354-009364 T0Block "normal_t0"
009365-009845 DataBlock
  ................ 00 00 00 00 00 00 00 00 00 00 00 00 00 00 00 00
  .........+...... 00 00 00 00 09 00 00 00 c0 2b ed 11 04 00 00 00
  ........+....... 06 00 00 00 a3 01 00 00 2b 00 00 00 ff ff ff ff
  ................ 01 00 00 00 00 00 00 01 01 00 00 00 00 00 00 00
  .....X.......... 00 00 00 00 00 58 1c ed 11 10 00 00 00 01 00 00
  ................ 00 8c 01 00 00 10 00 00 00 ff ff ff ff 01 00 00
  ................ 02 00 00 00 01 00 00 00 00 00 00 00 00 00 00 00
  ................ 00 00 08 1f ed 11 00 00 00 00 01 00 00 00 10 00
  ................ 00 00 10 00 00 00 ff ff ff ff 00 00 00 01 00 00
  ................ 00 00 00 00 00 00 00 00 00 00 00 00 00 00 00 10
  !......%........ 21 ed 11 9c 01 00 00 25 00 00 00 10 00 00 00 10
  ................ 00 00 00 ff ff ff ff 00 00 00 09 00 00 00 00 00
  .............".. 00 00 00 00 00 00 00 00 00 00 00 00 d8 22 ed 11
  ................ 9c 01 00 00 01 00 00 00 10 00 00 00 10 00 00 00
  ................ ff ff ff ff 00 00 00 03 00 00 00 00 00 00 00 00
  ..........$..... 00 00 00 00 00 00 00 00 00 a0 24 ed 11 00 00 00
  .%.............. 00 25 00 00 00 10 00 00 00 10 00 00 00 ff ff ff
  ................ ff 00 00 00 07 00 00 00 00 00 00 00 00 00 00 00
  ......h&........ 00 00 00 00 00 00 68 26 ed 11 00 00 00 00 11 00
  ................ 00 00 10 00 00 00 14 00 00 00 ff ff ff ff 01 00
  ................ 00 04 00 00 00 00 01 00 00 00 00 00 00 00 00 00
  ...0(........... 00 00 00 30 28 ed 11 9c 01 00 00 11 00 00 00 10
  ................ 00 00 00 14 00 00 00 ff ff ff ff 01 00 00 06 00
  ................ 00 00 00 01 00 00 00 00 00 00 00 00 00 00 00 00
  .)......%....... f8 29 ed 11 10 00 00 00 25 00 00 00 8c 01 00 00
  ................ 10 00 00 00 ff ff ff ff 01 00 00 08 00 00 00 01
  .............5.. 00 00 00 00 00 00 00 00 00 00 00 00 00 35 02 00
  .=...........H.. 00 3d 00 00 00 02 00 00 00 01 00 00 00 48 d3 01
  ................ 12 00 00 00 00 00 00 00 00 00 00 03 00 00 00 98
  ................ c9 01 12 00 00 00 00 00 00 00 00 00 00 98 c9 01
  .                12
009846-009862 StringBlock "unselected_roll"
009863-009899 DataBlock
  ....4........... ac 01 00 00 34 00 00 00 00 00 00 00 04 00 00 00
  ................ 04 00 00 00 00 00 00 00 01 00 00 00 01 00 00 00
  .....            00 00 00 00 00
009900-009918 FontNameBlock "Ingame 12, Normal"
009919-009945 DataBlock
  ................ 02 00 00 00 01 00 00 00 00 00 00 ff 00 00 00 00
  ...........      00 00 00 00 00 00 00 00 01 00 00
009946-009958 T0Block "brighten_t0"
009959-010439 DataBlock
  ..L=...........? cd cc 4c 3d 00 00 00 00 00 00 00 00 00 00 80 3f
  .........+...... 00 00 00 00 09 00 00 00 c0 2b ed 11 05 00 00 00
  ........+....... 04 00 00 00 a3 01 00 00 2b 00 00 00 ff ff ff ff
  ................ 01 00 00 00 00 00 00 01 01 00 00 00 00 00 00 00
  .....X.......... 00 00 00 00 00 58 1c ed 11 10 00 00 00 00 00 00
  ................ 00 8c 01 00 00 10 00 00 00 ff ff ff ff 01 00 00
  ................ 02 00 00 00 01 00 00 00 00 00 00 00 00 00 00 00
  ................ 00 00 08 1f ed 11 00 00 00 00 00 00 00 00 10 00
  ................ 00 00 10 00 00 00 ff ff ff ff 00 00 00 01 00 00
  ................ 00 00 00 00 00 00 00 00 00 00 00 00 00 00 00 10
  !......$........ 21 ed 11 9c 01 00 00 24 00 00 00 10 00 00 00 10
  ................ 00 00 00 ff ff ff ff 00 00 00 09 00 00 00 00 00
  .............".. 00 00 00 00 00 00 00 00 00 00 00 00 d8 22 ed 11
  ................ 9c 01 00 00 00 00 00 00 10 00 00 00 10 00 00 00
  ................ ff ff ff ff 00 00 00 03 00 00 00 00 00 00 00 00
  ..........$..... 00 00 00 00 00 00 00 00 00 a0 24 ed 11 00 00 00
  .$.............. 00 24 00 00 00 10 00 00 00 10 00 00 00 ff ff ff
  ................ ff 00 00 00 07 00 00 00 00 00 00 00 00 00 00 00
  ......h&........ 00 00 00 00 00 00 68 26 ed 11 00 00 00 00 10 00
  ................ 00 00 10 00 00 00 14 00 00 00 ff ff ff ff 01 00
  ................ 00 04 00 00 00 00 01 00 00 00 00 00 00 00 00 00
  ...0(........... 00 00 00 30 28 ed 11 9c 01 00 00 10 00 00 00 10
  ................ 00 00 00 14 00 00 00 ff ff ff ff 01 00 00 06 00
  ................ 00 00 00 01 00 00 00 00 00 00 00 00 00 00 00 00
  .)......$....... f8 29 ed 11 10 00 00 00 24 00 00 00 8c 01 00 00
  ................ 10 00 00 00 ff ff ff ff 01 00 00 08 00 00 00 01
  ................ 00 00 00 00 00 00 00 00 00 00 00 00 00 9e 00 00
  ..............6. 00 d0 00 00 00 02 00 00 00 01 00 00 00 18 36 ed
  ...............8 11 00 00 00 00 00 00 00 00 00 00 02 00 00 00 38
  .............H.. c0 01 12 00 00 00 00 00 00 00 00 00 00 48 d3 01
  .                12
010440-010459 StringBlock "unselected_rolloff"
010460-010496 DataBlock
  ....4........... ac 01 00 00 34 00 00 00 00 00 00 00 04 00 00 00
  ................ 04 00 00 00 00 00 00 00 01 00 00 00 01 00 00 00
  .....            00 00 00 00 00
010497-010515 FontNameBlock "Ingame 12, Normal"
010516-010542 DataBlock
  ................ 02 00 00 00 01 00 00 00 00 00 00 ff 00 00 00 00
  ...........      00 00 00 00 00 00 00 00 01 00 00
010543-010553 T0Block "normal_t0"
010554-011034 DataBlock
  ................ 00 00 00 00 00 00 00 00 00 00 00 00 00 00 00 00
  .........+...... 00 00 00 00 09 00 00 00 c0 2b ed 11 05 00 00 00
  ........+....... 04 00 00 00 a3 01 00 00 2b 00 00 00 ff ff ff ff
  ................ 01 00 00 00 00 00 00 01 01 00 00 00 00 00 00 00
  .....X.......... 00 00 00 00 00 58 1c ed 11 10 00 00 00 00 00 00
  ................ 00 8c 01 00 00 10 00 00 00 ff ff ff ff 01 00 00
  ................ 02 00 00 00 01 00 00 00 00 00 00 00 00 00 00 00
  ................ 00 00 08 1f ed 11 00 00 00 00 00 00 00 00 10 00
  ................ 00 00 10 00 00 00 ff ff ff ff 00 00 00 01 00 00
  ................ 00 00 00 00 00 00 00 00 00 00 00 00 00 00 00 10
  !......$........ 21 ed 11 9c 01 00 00 24 00 00 00 10 00 00 00 10
  ................ 00 00 00 ff ff ff ff 00 00 00 09 00 00 00 00 00
  .............".. 00 00 00 00 00 00 00 00 00 00 00 00 d8 22 ed 11
  ................ 9c 01 00 00 00 00 00 00 10 00 00 00 10 00 00 00
  ................ ff ff ff ff 00 00 00 03 00 00 00 00 00 00 00 00
  ..........$..... 00 00 00 00 00 00 00 00 00 a0 24 ed 11 00 00 00
  .$.............. 00 24 00 00 00 10 00 00 00 10 00 00 00 ff ff ff
  ................ ff 00 00 00 07 00 00 00 00 00 00 00 00 00 00 00
  ......h&........ 00 00 00 00 00 00 68 26 ed 11 00 00 00 00 10 00
  ................ 00 00 10 00 00 00 14 00 00 00 ff ff ff ff 01 00
  ................ 00 04 00 00 00 00 01 00 00 00 00 00 00 00 00 00
  ...0(........... 00 00 00 30 28 ed 11 9c 01 00 00 10 00 00 00 10
  ................ 00 00 00 14 00 00 00 ff ff ff ff 01 00 00 06 00
  ................ 00 00 00 01 00 00 00 00 00 00 00 00 00 00 00 00
  .)......$....... f8 29 ed 11 10 00 00 00 24 00 00 00 8c 01 00 00
  ................ 10 00 00 00 ff ff ff ff 01 00 00 08 00 00 00 01
  .............O.. 00 00 00 00 00 00 00 00 00 00 00 00 00 4f 02 00
  .............8.. 00 08 02 00 00 02 00 00 00 00 00 00 00 38 c0 01
  ................ 12 00 00 00 00 00 00 00 00 00 00 0b 00 00 00 18
  6............... 36 ed 11 00 00 00 00 00 00 00 00 00 00 00 00 00
  .                00
011035-011051 StringBlock "OnMouseLClickUp"
011052-011091 StringBlock "call Parent.LuaCall, SideWithRoyalists"
011092-011103 EventListBlock []
011104-011119 DataBlock
  -...........(... 2d 00 00 00 00 00 00 00 02 00 00 00 28 dd 01 12
011120-011133 StringBlock "option1_text"
011134-011148 DataBlock
  ...............  0c 00 00 00 0a 00 00 00 01 01 00 01 00 00 00
011149-011162 StringBlock "option1_text"
011163-011201 DataBlock
  ................ ff ff ff ff 00 00 00 00 00 00 00 00 00 00 00 00
  ................ 00 00 00 00 00 00 00 00 00 00 00 00 00 00 00 01
  .......          00 00 00 80 e0 01 12
011202-011211 StringBlock "NewState"
011212-011219 DataBlock
  ........         93 01 00 00 1d 00 00 00
011220-011261 UnicodeBlock "Side with Government"
011262-011284 DataBlock
  ................ 00 00 04 00 00 00 04 00 00 00 00 00 00 00 01 00
  .......          00 00 01 00 00 00 01
011285-011352 UnicodeBlock "option1_text_NewState_Text_5a0056"
011353-011354 DataBlock
  ..               00 00
011355-011373 FontNameBlock "Ingame 14, Normal"
011374-011400 DataBlock
  ................ 02 00 00 00 01 00 00 00 00 00 00 ff 00 00 00 00
  ...........      00 00 00 00 00 00 00 00 00 00 00
011401-011411 T0Block "normal_t0"
011412-011451 DataBlock
  ................ 00 00 00 00 00 00 00 00 00 00 00 00 00 00 00 00
  ................ 00 00 00 00 00 00 00 00 00 00 00 00 00 00 00 00
  ........         00 00 00 00 00 00 00 00
011452-011463 EventListBlock []
011464-011481 DataBlock
  -............. . 2d 00 00 00 00 00 00 00 00 00 00 00 00 00 20 ed
  ..               01 12
011482-011507 StringBlock "button_default_selection"
011508-011522 DataBlock
  ...............  f8 ff ff ff f8 ff ff ff 01 01 00 00 00 00 00
011523-011548 StringBlock "button_default_selection"
011549-011575 DataBlock
  ................ ff ff ff ff 00 00 00 00 00 00 00 00 00 00 00 00
  ...........      00 00 00 01 00 00 00 d8 f0 01 12
011576-011621 ImagePathBlock "UI\\Campaign UI\\Skins\\revolution_decision.tga"
011622-011649 DataBlock
  ....D........... bd 01 00 00 44 00 00 00 ff ff ff ff 00 00 00 00
  ............     00 00 00 00 01 00 00 00 f8 f1 01 12
011650-011659 StringBlock "NewState"
011660-011696 DataBlock
  ....D........... bc 01 00 00 44 00 00 00 00 00 00 00 02 00 00 00
  ................ 00 00 00 00 00 00 00 00 01 00 00 00 01 00 00 00
  .....            00 00 00 00 00
011697-011715 FontNameBlock "Ingame 12, Normal"
011716-011742 DataBlock
  ................ 02 00 00 00 01 00 00 00 ff 00 00 00 00 00 00 00
  ...........      00 00 00 00 00 00 00 00 00 00 00
011743-011753 T0Block "normal_t0"
011754-011838 DataBlock
  ................ 00 00 00 00 00 00 00 00 00 00 00 00 00 00 00 00
  ................ 00 00 00 00 01 00 00 00 d8 f0 01 12 00 00 00 00
  ........D....... 00 00 00 00 bc 01 00 00 44 00 00 00 ff ff ff ff
  ................ 00 00 00 00 00 00 00 01 01 00 00 00 00 00 00 00
  ................ 00 00 00 00 00 00 00 00 00 00 00 00 00 00 00 00
  .....            00 00 00 00 00
011839-011850 EventListBlock []
011851-011870 DataBlock
  -............... 2d 00 00 00 00 00 00 00 00 00 00 00 00 00 00 00
   ...             20 08 02 12
011871-011904 StringBlock "side_with_revolutionaries_button"
011905-011919 DataBlock
  d..............  64 00 00 00 92 02 00 00 01 01 00 01 00 00 00
011920-011953 StringBlock "side_with_revolutionaries_button"
011954-011970 DataBlock
  .............p.. ff ff ff ff 00 00 00 00 00 00 00 00 00 70 a5 06
  .                12
011971-012030 StringBlock "dofile \"data/ui/templates/template.fe_button_standard.lua\""
012031-012038 DataBlock
  ........         09 00 00 00 d8 0b 02 12
012039-012078 ImagePathBlock "UI\\Campaign UI\\Skins\\paper pane2_T.tga"
012079-012094 DataBlock
  ................ 80 00 00 00 10 00 00 00 ff ff ff ff 88 0e 02 12
012095-012135 ImagePathBlock "UI\\Campaign UI\\Skins\\paper pane2_TL.tga"
012136-012151 DataBlock
  ................ 10 00 00 00 10 00 00 00 ff ff ff ff b0 90 06 12
012152-012192 ImagePathBlock "UI\\Campaign UI\\Skins\\paper pane2_BR.tga"
012193-012208 DataBlock
  ............x... 10 00 00 00 10 00 00 00 ff ff ff ff 78 92 06 12
012209-012249 ImagePathBlock "UI\\Campaign UI\\Skins\\paper pane2_TR.tga"
012250-012265 DataBlock
  ............@... 10 00 00 00 10 00 00 00 ff ff ff ff 40 94 06 12
012266-012306 ImagePathBlock "UI\\Campaign UI\\Skins\\paper pane2_BL.tga"
012307-012322 DataBlock
  ................ 10 00 00 00 10 00 00 00 ff ff ff ff 08 96 06 12
012323-012362 ImagePathBlock "UI\\Campaign UI\\Skins\\paper pane2_L.tga"
012363-012378 DataBlock
  ................ 10 00 00 00 80 00 00 00 ff ff ff ff d0 97 06 12
012379-012418 ImagePathBlock "UI\\Campaign UI\\Skins\\paper pane2_R.tga"
012419-012434 DataBlock
  ................ 10 00 00 00 80 00 00 00 ff ff ff ff 98 99 06 12
012435-012474 ImagePathBlock "UI\\Campaign UI\\Skins\\paper pane2_B.tga"
012475-012490 DataBlock
  ............`... 80 00 00 00 10 00 00 00 ff ff ff ff 60 9b 06 12
012491-012536 ImagePathBlock "UI\\Campaign UI\\Skins\\paper_pane2_fill_96.tga"
012537-012564 DataBlock
  `...`........... 60 00 00 00 60 00 00 00 ff ff ff ff 00 00 00 00
  ............     00 00 00 00 05 00 00 00 d8 9c 06 12
012565-012574 StringBlock "inactive"
012575-012611 DataBlock
  ....4........... ac 01 00 00 34 00 00 00 00 00 00 00 04 00 00 00
  ................ 04 00 00 00 00 00 00 00 01 00 00 00 01 00 00 00
  .....            00 00 00 00 00
012612-012630 FontNameBlock "Ingame 12, Normal"
012631-012657 DataBlock
  ................ 02 00 00 00 01 00 00 00 8c b4 d2 ff 00 00 00 00
  ...........      00 00 00 00 00 00 00 00 01 01 00
012658-012668 T0Block "normal_t0"
012669-013113 DataBlock
  ................ 00 00 00 00 00 00 00 00 00 00 00 00 00 00 00 00
  ........`....... 00 00 00 00 09 00 00 00 60 9b 06 12 05 00 00 00
  ........+....... 04 00 00 00 a3 01 00 00 2b 00 00 00 ff ff ff ff
  ................ 01 00 00 00 00 00 00 01 01 00 00 00 00 00 00 00
  ................ 00 00 00 00 00 d8 0b 02 12 10 00 00 00 00 00 00
  ................ 00 8c 01 00 00 10 00 00 00 ff ff ff ff 01 00 00
  ................ 02 00 00 00 01 00 00 00 00 00 00 00 00 00 00 00
  ................ 00 00 88 0e 02 12 00 00 00 00 00 00 00 00 10 00
  ................ 00 00 10 00 00 00 ff ff ff ff 00 00 00 01 00 00
  ................ 00 00 00 00 00 00 00 00 00 00 00 00 00 00 00 b0
  .......$........ 90 06 12 9c 01 00 00 24 00 00 00 10 00 00 00 10
  ................ 00 00 00 ff ff ff ff 00 00 00 09 00 00 00 00 00
  ............x... 00 00 00 00 00 00 00 00 00 00 00 00 78 92 06 12
  ................ 9c 01 00 00 00 00 00 00 10 00 00 00 10 00 00 00
  ................ ff ff ff ff 00 00 00 03 00 00 00 00 00 00 00 00
  .........@...... 00 00 00 00 00 00 00 00 00 40 94 06 12 00 00 00
  .$.............. 00 24 00 00 00 10 00 00 00 10 00 00 00 ff ff ff
  ................ ff 00 00 00 07 00 00 00 00 00 00 00 00 00 00 00
  ................ 00 00 00 00 00 00 08 96 06 12 00 00 00 00 10 00
  ................ 00 00 10 00 00 00 14 00 00 00 ff ff ff ff 01 00
  ................ 00 04 00 00 00 00 01 00 00 00 00 00 00 00 00 00
  ................ 00 00 00 d0 97 06 12 9c 01 00 00 10 00 00 00 10
  ................ 00 00 00 14 00 00 00 ff ff ff ff 01 00 00 06 00
  ................ 00 00 00 01 00 00 00 00 00 00 00 00 00 00 00 00
  ........$....... 98 99 06 12 10 00 00 00 24 00 00 00 8c 01 00 00
  ................ 10 00 00 00 ff ff ff ff 01 00 00 08 00 00 00 01
  ................ 00 00 00 00 00 00 00 00 00 00 00 00 00 bf ff ff
  .........p...    ff 84 01 00 00 00 00 00 00 70 a5 06 12
013114-013125 StringBlock "unselected"
013126-013162 DataBlock
  ....4........... ac 01 00 00 34 00 00 00 00 00 00 00 04 00 00 00
  ................ 04 00 00 00 00 00 00 00 01 00 00 00 01 00 00 00
  .....            00 00 00 00 00
013163-013181 FontNameBlock "Ingame 12, Normal"
013182-013208 DataBlock
  ................ 02 00 00 00 01 00 00 00 00 00 00 ff 00 00 00 00
  ...........      00 00 00 00 00 00 00 00 01 00 00
013209-013219 T0Block "normal_t0"
013220-013682 DataBlock
  ................ 00 00 00 00 00 00 00 00 00 00 00 00 00 00 00 00
  ........`....... 00 00 00 00 09 00 00 00 60 9b 06 12 05 00 00 00
  ........+....... 04 00 00 00 a3 01 00 00 2b 00 00 00 ff ff ff ff
  ................ 01 00 00 00 00 00 00 01 01 00 00 00 00 00 00 00
  ................ 00 00 00 00 00 d8 0b 02 12 10 00 00 00 00 00 00
  ................ 00 8c 01 00 00 10 00 00 00 ff ff ff ff 01 00 00
  ................ 02 00 00 00 01 00 00 00 00 00 00 00 00 00 00 00
  ................ 00 00 88 0e 02 12 00 00 00 00 00 00 00 00 10 00
  ................ 00 00 10 00 00 00 ff ff ff ff 00 00 00 01 00 00
  ................ 00 00 00 00 00 00 00 00 00 00 00 00 00 00 00 b0
  .......$........ 90 06 12 9c 01 00 00 24 00 00 00 10 00 00 00 10
  ................ 00 00 00 ff ff ff ff 00 00 00 09 00 00 00 00 00
  ............x... 00 00 00 00 00 00 00 00 00 00 00 00 78 92 06 12
  ................ 9c 01 00 00 00 00 00 00 10 00 00 00 10 00 00 00
  ................ ff ff ff ff 00 00 00 03 00 00 00 00 00 00 00 00
  .........@...... 00 00 00 00 00 00 00 00 00 40 94 06 12 00 00 00
  .$.............. 00 24 00 00 00 10 00 00 00 10 00 00 00 ff ff ff
  ................ ff 00 00 00 07 00 00 00 00 00 00 00 00 00 00 00
  ................ 00 00 00 00 00 00 08 96 06 12 00 00 00 00 10 00
  ................ 00 00 10 00 00 00 14 00 00 00 ff ff ff ff 01 00
  ................ 00 04 00 00 00 00 01 00 00 00 00 00 00 00 00 00
  ................ 00 00 00 d0 97 06 12 9c 01 00 00 10 00 00 00 10
  ................ 00 00 00 14 00 00 00 ff ff ff ff 01 00 00 06 00
  ................ 00 00 00 01 00 00 00 00 00 00 00 00 00 00 00 00
  ........$....... 98 99 06 12 10 00 00 00 24 00 00 00 8c 01 00 00
  ................ 10 00 00 00 ff ff ff ff 01 00 00 08 00 00 00 01
  ................ 00 00 00 00 00 00 00 00 00 00 00 00 00 bf ff ff
  ................ ff 84 01 00 00 01 00 00 00 00 00 00 00 b8 b8 06
  ...........X...  12 00 00 00 00 00 00 00 00 00 00 58 af 06 12
013683-013702 StringBlock "unselected_depress"
013703-013739 DataBlock
  ....4........... ac 01 00 00 34 00 00 00 00 00 00 00 04 00 00 00
  ................ 04 00 00 00 00 00 00 00 01 00 00 00 01 00 00 00
  .....            00 00 00 00 00
013740-013758 FontNameBlock "Ingame 12, Normal"
013759-013785 DataBlock
  ................ 02 00 00 00 01 00 00 00 00 00 00 ff 01 00 00 00
  ...........      01 00 00 00 00 00 00 00 01 00 00
013786-013796 T0Block "normal_t0"
013797-014277 DataBlock
  ................ 00 00 00 00 00 00 00 00 00 00 00 00 00 00 00 00
  ........`....... 00 00 00 00 09 00 00 00 60 9b 06 12 04 00 00 00
  ........+....... 06 00 00 00 a3 01 00 00 2b 00 00 00 ff ff ff ff
  ................ 01 00 00 00 00 00 00 01 01 00 00 00 00 00 00 00
  ................ 00 00 00 00 00 d8 0b 02 12 10 00 00 00 01 00 00
  ................ 00 8c 01 00 00 10 00 00 00 ff ff ff ff 01 00 00
  ................ 02 00 00 00 01 00 00 00 00 00 00 00 00 00 00 00
  ................ 00 00 88 0e 02 12 00 00 00 00 01 00 00 00 10 00
  ................ 00 00 10 00 00 00 ff ff ff ff 00 00 00 01 00 00
  ................ 00 00 00 00 00 00 00 00 00 00 00 00 00 00 00 b0
  .......%........ 90 06 12 9c 01 00 00 25 00 00 00 10 00 00 00 10
  ................ 00 00 00 ff ff ff ff 00 00 00 09 00 00 00 00 00
  ............x... 00 00 00 00 00 00 00 00 00 00 00 00 78 92 06 12
  ................ 9c 01 00 00 01 00 00 00 10 00 00 00 10 00 00 00
  ................ ff ff ff ff 00 00 00 03 00 00 00 00 00 00 00 00
  .........@...... 00 00 00 00 00 00 00 00 00 40 94 06 12 00 00 00
  .%.............. 00 25 00 00 00 10 00 00 00 10 00 00 00 ff ff ff
  ................ ff 00 00 00 07 00 00 00 00 00 00 00 00 00 00 00
  ................ 00 00 00 00 00 00 08 96 06 12 00 00 00 00 11 00
  ................ 00 00 10 00 00 00 14 00 00 00 ff ff ff ff 01 00
  ................ 00 04 00 00 00 00 01 00 00 00 00 00 00 00 00 00
  ................ 00 00 00 d0 97 06 12 9c 01 00 00 11 00 00 00 10
  ................ 00 00 00 14 00 00 00 ff ff ff ff 01 00 00 06 00
  ................ 00 00 00 01 00 00 00 00 00 00 00 00 00 00 00 00
  ........%....... 98 99 06 12 10 00 00 00 25 00 00 00 8c 01 00 00
  ................ 10 00 00 00 ff ff ff ff 01 00 00 08 00 00 00 01
  .............5.. 00 00 00 00 00 00 00 00 00 00 00 00 00 35 02 00
  .=.............. 00 3d 00 00 00 02 00 00 00 01 00 00 00 e8 c2 06
  ................ 12 00 00 00 00 00 00 00 00 00 00 03 00 00 00 b8
  ................ b8 06 12 00 00 00 00 00 00 00 00 00 00 b8 b8 06
  .                12
014278-014294 StringBlock "unselected_roll"
014295-014331 DataBlock
  ....4........... ac 01 00 00 34 00 00 00 00 00 00 00 04 00 00 00
  ................ 04 00 00 00 00 00 00 00 01 00 00 00 01 00 00 00
  .....            00 00 00 00 00
014332-014350 FontNameBlock "Ingame 12, Normal"
014351-014377 DataBlock
  ................ 02 00 00 00 01 00 00 00 00 00 00 ff 00 00 00 00
  ...........      00 00 00 00 00 00 00 00 01 00 00
014378-014390 T0Block "brighten_t0"
014391-014871 DataBlock
  ..L=...........? cd cc 4c 3d 00 00 00 00 00 00 00 00 00 00 80 3f
  ........`....... 00 00 00 00 09 00 00 00 60 9b 06 12 05 00 00 00
  ........+....... 04 00 00 00 a3 01 00 00 2b 00 00 00 ff ff ff ff
  ................ 01 00 00 00 00 00 00 01 01 00 00 00 00 00 00 00
  ................ 00 00 00 00 00 d8 0b 02 12 10 00 00 00 00 00 00
  ................ 00 8c 01 00 00 10 00 00 00 ff ff ff ff 01 00 00
  ................ 02 00 00 00 01 00 00 00 00 00 00 00 00 00 00 00
  ................ 00 00 88 0e 02 12 00 00 00 00 00 00 00 00 10 00
  ................ 00 00 10 00 00 00 ff ff ff ff 00 00 00 01 00 00
  ................ 00 00 00 00 00 00 00 00 00 00 00 00 00 00 00 b0
  .......$........ 90 06 12 9c 01 00 00 24 00 00 00 10 00 00 00 10
  ................ 00 00 00 ff ff ff ff 00 00 00 09 00 00 00 00 00
  ............x... 00 00 00 00 00 00 00 00 00 00 00 00 78 92 06 12
  ................ 9c 01 00 00 00 00 00 00 10 00 00 00 10 00 00 00
  ................ ff ff ff ff 00 00 00 03 00 00 00 00 00 00 00 00
  .........@...... 00 00 00 00 00 00 00 00 00 40 94 06 12 00 00 00
  .$.............. 00 24 00 00 00 10 00 00 00 10 00 00 00 ff ff ff
  ................ ff 00 00 00 07 00 00 00 00 00 00 00 00 00 00 00
  ................ 00 00 00 00 00 00 08 96 06 12 00 00 00 00 10 00
  ................ 00 00 10 00 00 00 14 00 00 00 ff ff ff ff 01 00
  ................ 00 04 00 00 00 00 01 00 00 00 00 00 00 00 00 00
  ................ 00 00 00 d0 97 06 12 9c 01 00 00 10 00 00 00 10
  ................ 00 00 00 14 00 00 00 ff ff ff ff 01 00 00 06 00
  ................ 00 00 00 01 00 00 00 00 00 00 00 00 00 00 00 00
  ........$....... 98 99 06 12 10 00 00 00 24 00 00 00 8c 01 00 00
  ................ 10 00 00 00 ff ff ff ff 01 00 00 08 00 00 00 01
  ................ 00 00 00 00 00 00 00 00 00 00 00 00 00 9e 00 00
  .............p.. 00 d0 00 00 00 02 00 00 00 01 00 00 00 70 a5 06
  ...............X 12 00 00 00 00 00 00 00 00 00 00 02 00 00 00 58
  ................ af 06 12 00 00 00 00 00 00 00 00 00 00 e8 c2 06
  .                12
014872-014891 StringBlock "unselected_rolloff"
014892-014928 DataBlock
  ....4........... ac 01 00 00 34 00 00 00 00 00 00 00 04 00 00 00
  ................ 04 00 00 00 00 00 00 00 01 00 00 00 01 00 00 00
  .....            00 00 00 00 00
014929-014947 FontNameBlock "Ingame 12, Normal"
014948-014974 DataBlock
  ................ 02 00 00 00 01 00 00 00 00 00 00 ff 00 00 00 00
  ...........      00 00 00 00 00 00 00 00 01 00 00
014975-014985 T0Block "normal_t0"
014986-015466 DataBlock
  ................ 00 00 00 00 00 00 00 00 00 00 00 00 00 00 00 00
  ........`....... 00 00 00 00 09 00 00 00 60 9b 06 12 05 00 00 00
  ........+....... 04 00 00 00 a3 01 00 00 2b 00 00 00 ff ff ff ff
  ................ 01 00 00 00 00 00 00 01 01 00 00 00 00 00 00 00
  ................ 00 00 00 00 00 d8 0b 02 12 10 00 00 00 00 00 00
  ................ 00 8c 01 00 00 10 00 00 00 ff ff ff ff 01 00 00
  ................ 02 00 00 00 01 00 00 00 00 00 00 00 00 00 00 00
  ................ 00 00 88 0e 02 12 00 00 00 00 00 00 00 00 10 00
  ................ 00 00 10 00 00 00 ff ff ff ff 00 00 00 01 00 00
  ................ 00 00 00 00 00 00 00 00 00 00 00 00 00 00 00 b0
  .......$........ 90 06 12 9c 01 00 00 24 00 00 00 10 00 00 00 10
  ................ 00 00 00 ff ff ff ff 00 00 00 09 00 00 00 00 00
  ............x... 00 00 00 00 00 00 00 00 00 00 00 00 78 92 06 12
  ................ 9c 01 00 00 00 00 00 00 10 00 00 00 10 00 00 00
  ................ ff ff ff ff 00 00 00 03 00 00 00 00 00 00 00 00
  .........@...... 00 00 00 00 00 00 00 00 00 40 94 06 12 00 00 00
  .$.............. 00 24 00 00 00 10 00 00 00 10 00 00 00 ff ff ff
  ................ ff 00 00 00 07 00 00 00 00 00 00 00 00 00 00 00
  ................ 00 00 00 00 00 00 08 96 06 12 00 00 00 00 10 00
  ................ 00 00 10 00 00 00 14 00 00 00 ff ff ff ff 01 00
  ................ 00 04 00 00 00 00 01 00 00 00 00 00 00 00 00 00
  ................ 00 00 00 d0 97 06 12 9c 01 00 00 10 00 00 00 10
  ................ 00 00 00 14 00 00 00 ff ff ff ff 01 00 00 06 00
  ................ 00 00 00 01 00 00 00 00 00 00 00 00 00 00 00 00
  ........$....... 98 99 06 12 10 00 00 00 24 00 00 00 8c 01 00 00
  ................ 10 00 00 00 ff ff ff ff 01 00 00 08 00 00 00 01
  .............O.. 00 00 00 00 00 00 00 00 00 00 00 00 00 4f 02 00
  .............X.. 00 08 02 00 00 02 00 00 00 00 00 00 00 58 af 06
  ...............p 12 00 00 00 00 00 00 00 00 00 00 0b 00 00 00 70
  ................ a5 06 12 00 00 00 00 00 00 00 00 00 00 00 00 00
  .                00
015467-015483 StringBlock "OnMouseLClickUp"
015484-015529 StringBlock "call Parent.LuaCall, SideWithRevolutionaries"
015530-015541 EventListBlock []
015542-015557 DataBlock
  -............... 2d 00 00 00 00 00 00 00 02 00 00 00 c8 cd 06 12
015558-015571 StringBlock "option2_text"
015572-015586 DataBlock
  ...............  0c 00 00 00 0a 00 00 00 01 01 00 01 00 00 00
015587-015600 StringBlock "option2_text"
015601-015639 DataBlock
  ................ ff ff ff ff 00 00 00 00 00 00 00 00 00 00 00 00
  ................ 00 00 00 00 00 00 00 00 00 00 00 00 00 00 00 01
  ... ...          00 00 00 20 d1 06 12
015640-015649 StringBlock "NewState"
015650-015657 DataBlock
  ........         93 01 00 00 1d 00 00 00
015658-015691 UnicodeBlock "Side with Rebels"
015692-015714 DataBlock
  ................ 00 00 04 00 00 00 04 00 00 00 00 00 00 00 01 00
  .......          00 00 01 00 00 00 01
015715-015782 UnicodeBlock "option2_text_NewState_Text_5c004a"
015783-015784 DataBlock
  ..               00 00
015785-015803 FontNameBlock "Ingame 14, Normal"
015804-015830 DataBlock
  ................ 02 00 00 00 01 00 00 00 00 00 00 ff 00 00 00 00
  ...........      00 00 00 00 00 00 00 00 00 00 00
015831-015841 T0Block "normal_t0"
015842-015881 DataBlock
  ................ 00 00 00 00 00 00 00 00 00 00 00 00 00 00 00 00
  ................ 00 00 00 00 00 00 00 00 00 00 00 00 00 00 00 00
  ........         00 00 00 00 00 00 00 00
015882-015893 EventListBlock []
015894-015911 DataBlock
  -............... 2d 00 00 00 00 00 00 00 00 00 00 00 00 00 e0 df
  ..               06 12
015912-015937 StringBlock "button_default_selection"
015938-015952 DataBlock
  ...............  f8 ff ff ff f8 ff ff ff 01 01 00 00 00 00 00
015953-015978 StringBlock "button_default_selection"
015979-016005 DataBlock
  ................ ff ff ff ff 00 00 00 00 00 00 00 00 00 00 00 00
  .......8...      00 00 00 01 00 00 00 38 e3 06 12
016006-016051 ImagePathBlock "UI\\Campaign UI\\Skins\\revolution_decision.tga"
016052-016079 DataBlock
  ....D........... bd 01 00 00 44 00 00 00 ff ff ff ff 00 00 00 00
  ........X...     00 00 00 00 01 00 00 00 58 e4 06 12
016080-016089 StringBlock "NewState"
016090-016126 DataBlock
  ....D........... bc 01 00 00 44 00 00 00 00 00 00 00 02 00 00 00
  ................ 00 00 00 00 00 00 00 00 01 00 00 00 01 00 00 00
  .....            00 00 00 00 00
016127-016145 FontNameBlock "Ingame 12, Normal"
016146-016172 DataBlock
  ................ 02 00 00 00 01 00 00 00 ff 00 00 00 00 00 00 00
  ...........      00 00 00 00 00 00 00 00 00 00 00
016173-016183 T0Block "normal_t0"
016184-016268 DataBlock
  ................ 00 00 00 00 00 00 00 00 00 00 00 00 00 00 00 00
  ........8....... 00 00 00 00 01 00 00 00 38 e3 06 12 00 00 00 00
  ........D....... 00 00 00 00 bc 01 00 00 44 00 00 00 ff ff ff ff
  ................ 00 00 00 00 00 00 00 01 01 00 00 00 00 00 00 00
  ................ 00 00 00 00 00 00 00 00 00 00 00 00 00 00 00 00
  .....            00 00 00 00 00
016269-016280 EventListBlock []
016281-016300 DataBlock
  -............... 2d 00 00 00 00 00 00 00 00 00 00 00 00 00 00 00
  .I..             c0 49 ed 11
016301-016312 StringBlock "time_label"
016313-016327 DataBlock
  ....J..........  10 01 00 00 4a 00 00 00 01 00 00 00 00 00 00
016328-016339 StringBlock "time_label"
016340-016343 DataBlock
  ....             ff ff ff ff
016344-016493 UnicodeBlock "When this timer runs out, the button above will be selected automatically."
016494-016545 UnicodeBlock "time_label_Tooltip_300076"
016546-016564 DataBlock
  ...............x 05 00 00 00 00 00 00 00 00 00 00 02 00 00 00 78
  M..              4d ed 11
016565-016605 ImagePathBlock "UI\\Campaign UI\\Skins\\red_label_side.tga"
016606-016621 DataBlock
  .............O.. 0b 00 00 00 16 00 00 00 ff ff ff ff a0 4f ed 11
016622-016664 ImagePathBlock "UI\\Campaign UI\\Skins\\red_label_center.tga"
016665-016692 DataBlock
  ................ 0b 00 00 00 16 00 00 00 ff ff ff ff 00 00 00 00
  .........P..     00 00 00 00 01 00 00 00 c0 50 ed 11
016693-016702 StringBlock "NewState"
016703-016710 DataBlock
  O.......         4f 00 00 00 16 00 00 00
016711-016722 UnicodeBlock "00:00"
016723-016745 DataBlock
  ................ 00 00 04 00 00 00 04 00 00 00 00 00 00 00 01 00
  .......          00 00 01 00 00 00 00
016746-016807 UnicodeBlock "time_label_NewState_Text_80041"
016808-016809 DataBlock
  ..               00 00
016810-016826 FontNameBlock "Ingame 12, Bold"
016827-016853 DataBlock
  ................ 02 00 00 00 01 00 00 00 ff ff ff ff 00 00 00 00
  ...........      00 00 00 00 00 00 00 00 01 00 00
016854-016864 T0Block "normal_t0"
016865-017039 DataBlock
  ................ 00 00 00 00 00 00 00 00 00 00 00 00 00 00 00 00
  ........xM...... 00 00 00 00 03 00 00 00 78 4d ed 11 00 00 00 00
  ................ 00 00 00 00 0b 00 00 00 16 00 00 00 ff ff ff ff
  ................ 00 00 00 04 00 00 00 00 00 00 00 00 00 00 00 00
  ......O......... 00 00 00 00 00 a0 4f ed 11 0b 00 00 00 00 00 00
  .9.............. 00 39 00 00 00 16 00 00 00 ff ff ff ff 00 00 00
  ................ 05 00 00 00 01 00 00 00 00 00 00 00 00 00 00 00
  ..xM..D......... 00 00 78 4d ed 11 44 00 00 00 00 00 00 00 0b 00
  ................ 00 00 16 00 00 00 ff ff ff ff 00 01 00 06 00 00
  ................ 00 00 00 00 00 00 00 00 00 00 00 00 00 00 00 00
  ...............  00 00 00 00 00 00 00 00 00 00 00 00 00 00 00
017040-017051 EventListBlock []
017052-017069 DataBlock
  -............... 2d 00 00 00 00 00 00 00 00 00 00 00 00 00 00 00
  ..               00 00
