000000-000009 VersionBlock 33
000010-000013 DataBlock
  .mP.             bc 6d 50 09
000014-000019 StringBlock "root"
000020-000089 DataBlock
  ................ 00 00 00 00 00 00 00 00 01 01 00 01 00 00 00 00
  ................ 00 ff ff ff ff 00 00 00 00 00 00 00 00 00 00 00
  ...... ......... 01 00 00 00 cc df 20 00 00 00 00 05 00 00 c0 03
  ................ 00 00 be ff bb ff 00 00 00 00 00 00 00 00 01 00
  ..L'(.           00 00 4c 27 28 08
000090-000099 StringBlock "NewState"
000100-000136 DataBlock
  ................ 00 05 00 00 c0 03 00 00 00 00 00 00 02 00 00 00
  ................ 00 00 00 00 00 00 00 00 01 00 00 00 01 00 00 00
  .....            00 00 00 00 00
000137-000155 StringBlock "Ingame 12, Normal"
000156-000182 DataBlock
  ................ 02 00 00 00 01 00 00 00 00 00 00 ff 00 00 00 00
  ...........      00 00 00 00 00 00 00 00 01 00 00
000183-000193 StringBlock "normal_t0"
000194-000278 DataBlock
  ................ 00 00 00 00 00 00 00 00 00 00 00 00 00 00 00 00
  .......... ..... 00 00 00 00 01 00 00 00 cc df 20 00 00 00 00 00
  ................ 00 00 00 00 00 05 00 00 c0 03 00 00 bb ff be ff
  ................ 00 00 00 00 00 00 00 01 01 00 00 00 00 00 00 00
  ................ 00 00 00 00 00 00 00 00 00 00 00 00 00 00 00 00
  .....            00 00 00 00 00
000279-000290 StringBlock "SetTooltip"
000291-000306 StringBlock "SetTooltipText"
000307-000320 StringBlock "OnAdoptChild"
000321-000334 StringBlock "OnAdoptChild"
000335-000347 StringBlock "OnDestroyed"
000348-000360 StringBlock "OnDestroyed"
000361-000372 StringBlock "events_end"
000373-000384 DataBlock
  ........,*(.     00 00 00 00 01 00 00 00 2c 2a 28 08
000385-000392 StringBlock "layout"
000393-000462 DataBlock
  ................ 00 00 00 00 00 00 00 00 00 00 00 01 00 00 00 00
  ................ 00 ff ff ff ff 00 00 00 00 05 00 00 00 00 00 00
  ...... ......... 01 00 00 00 ac e0 20 00 00 00 00 05 00 00 c0 03
  ................ 00 00 b1 b3 b4 ff 00 00 00 00 00 00 00 00 01 00
  ...,(.           00 00 fc 2c 28 08
000463-000472 StringBlock "NewState"
000473-000509 DataBlock
  ................ 00 05 00 00 c0 03 00 00 00 00 00 00 02 00 00 00
  ................ 00 00 00 00 00 00 00 00 01 00 00 00 01 00 00 00
  .....            00 00 00 00 00
000510-000528 StringBlock "Ingame 12, Normal"
000529-000555 DataBlock
  ................ 02 00 00 00 01 00 00 00 ff 00 00 00 00 00 00 00
  ...........      00 00 00 00 00 00 00 00 01 00 00
000556-000566 StringBlock "normal_t0"
000567-000651 DataBlock
  ................ 00 00 00 00 00 00 00 00 00 00 00 00 00 00 00 00
  .......... ..... 00 00 00 00 01 00 00 00 ac e0 20 00 00 00 00 00
  ................ 00 00 00 00 00 05 00 00 c0 03 00 00 b1 b3 b4 ff
  ................ 00 00 00 00 00 00 00 01 01 00 00 00 00 00 00 00
  ................ 00 00 00 00 00 00 00 00 00 00 00 00 00 00 00 00
  .....            00 00 00 00 00
000652-000663 StringBlock "events_end"
000664-000675 DataBlock
  .........1(.     00 00 00 00 01 00 00 00 9c 31 28 08
000676-000687 StringBlock "background"
000688-000727 DataBlock
  ................ c0 fe ff ff 88 ff ff ff 00 00 00 01 00 00 00 00
  ................ 00 ff ff ff ff 00 00 00 00 05 00 00 00 00 00 00
  .....5(.         01 00 00 00 1c 35 28 08
000728-000774 ImagePathBlock "data\\UI\\FrontEnd UI\\Skins\\fe_background_2.tga"
000775-000802 DataBlock
  ................ 80 07 00 00 b0 04 00 00 ff ff ff ff 00 00 00 00
  ..........d.     00 00 00 00 01 00 00 00 04 c6 64 09
000803-000812 StringBlock "NewState"
000813-000849 DataBlock
  ................ 80 07 00 00 b0 04 00 00 00 00 00 00 02 00 00 00
  ................ 00 00 00 00 00 00 00 00 01 00 00 00 01 00 00 00
  .....            00 00 00 00 00
000850-000868 StringBlock "Ingame 12, Normal"
000869-000895 DataBlock
  ................ 02 00 00 00 01 00 00 00 ff 00 00 00 00 00 00 00
  ...........      00 00 00 00 00 00 00 00 01 00 00
000896-000906 StringBlock "normal_t0"
000907-000991 DataBlock
  ................ 00 00 00 00 00 00 00 00 00 00 00 00 00 00 00 00
  .........5(..... 00 00 00 00 01 00 00 00 1c 35 28 08 00 00 00 00
  ................ 00 00 00 00 80 07 00 00 b0 04 00 00 ff ff ff ff
  ................ 00 00 00 00 00 00 00 01 01 00 00 00 00 00 00 00
  ................ 00 00 00 00 00 00 00 00 00 00 00 00 00 00 00 00
  .....            00 00 00 00 00
000992-001003 StringBlock "events_end"
001004-001015 DataBlock
  ........4.J.     00 00 00 00 03 00 00 00 34 f0 4a 08
001016-001025 StringBlock "movie_bg"
001026-001040 DataBlock
  ....x..........  fd ff ff ff 78 00 00 00 00 00 00 01 00 00 00
001041-001052 StringBlock "background"
001053-001075 DataBlock
  ................ ff ff ff ff 00 00 00 00 05 00 00 00 00 00 00 01
  .....J.          00 00 00 cc f8 4a 08
001076-001122 ImagePathBlock "data\\UI\\FrontEnd UI\\Skins\\fe_background_2.tga"
001123-001150 DataBlock
  ................ 80 07 00 00 b0 04 00 00 ff ff ff ff 00 00 00 00
  ..........J.     00 00 00 00 01 00 00 00 14 fb 4a 08
001151-001160 StringBlock "NewState"
001161-001197 DataBlock
  ................ 80 07 00 00 c0 03 00 00 00 00 00 00 02 00 00 00
  ................ 00 00 00 00 00 00 00 00 01 00 00 00 01 00 00 00
  .....            00 00 00 00 00
001198-001216 StringBlock "Ingame 12, Normal"
001217-001243 DataBlock
  ................ 02 00 00 00 01 00 00 00 ff 00 00 00 00 00 00 00
  ...........      00 00 00 00 00 00 00 00 01 00 00
001244-001254 StringBlock "normal_t0"
001255-001294 DataBlock
  ................ 00 00 00 00 00 00 00 00 00 00 00 00 00 00 00 00
  ................ 00 00 00 00 00 00 00 00 00 00 00 00 00 00 00 00
  ........         00 00 00 00 00 00 00 00
001295-001306 StringBlock "events_end"
001307-001320 DataBlock
  ..........4.d.   00 00 00 00 00 00 00 00 00 00 34 cb 64 09
001321-001329 StringBlock "top_bar"
001330-001344 DataBlock
  ...............  00 00 00 00 00 00 00 00 01 01 00 01 00 00 00
001345-001353 StringBlock "top_bar"
001354-001376 DataBlock
  ................ ff ff ff ff 00 00 00 00 02 00 00 00 00 00 00 01
  .....d.          00 00 00 b4 ce 64 09
001377-001420 ImagePathBlock "data\\UI\\FrontEnd UI\\Skins\\top_res_bars.tga"
001421-001448 DataBlock
  ....x........... 01 00 00 00 78 00 00 00 ff ff ff ff 00 00 00 00
  ........L?(.     00 00 00 00 01 00 00 00 4c 3f 28 08
001449-001458 StringBlock "NewState"
001459-001495 DataBlock
  ....z........... 80 07 00 00 7a 00 00 00 00 00 00 00 02 00 00 00
  ................ 00 00 00 00 00 00 00 00 01 00 00 00 01 00 00 00
  .....            00 00 00 00 00
001496-001514 StringBlock "Ingame 12, Normal"
001515-001541 DataBlock
  ................ 02 00 00 00 01 00 00 00 ff 00 00 00 00 00 00 00
  ...........      00 00 00 00 00 00 00 00 01 00 00
001542-001552 StringBlock "normal_t0"
001553-001637 DataBlock
  ................ 00 00 00 00 00 00 00 00 00 00 00 00 00 00 00 00
  ..........d..... 00 00 00 00 01 00 00 00 b4 ce 64 09 00 00 00 00
  ........x....... 00 00 00 00 80 07 00 00 78 00 00 00 ff ff ff ff
  ................ 00 00 00 00 00 00 00 01 01 00 00 00 00 00 00 00
  ................ 00 00 00 00 00 00 00 00 00 00 00 00 00 00 00 00
  .....            00 00 00 00 00
001638-001649 StringBlock "events_end"
001650-001663 DataBlock
  ..........,G(.   00 00 00 00 00 00 00 00 00 00 2c 47 28 08
001664-001675 StringBlock "bottom_bar"
001676-001690 DataBlock
  ....6..........  00 00 00 00 36 04 00 00 01 01 00 01 00 00 00
001691-001698 StringBlock "layout"
001699-001721 DataBlock
  ................ ff ff ff ff 00 00 00 00 08 00 00 00 00 00 00 01
  ....J(.          00 00 00 ac 4a 28 08
001722-001765 ImagePathBlock "data\\UI\\FrontEnd UI\\Skins\\top_res_bars.tga"
001766-001793 DataBlock
  ....x........... 01 00 00 00 78 00 00 00 ff ff ff ff 00 00 00 00
  ........$L(.     00 00 00 00 01 00 00 00 24 4c 28 08
001794-001803 StringBlock "NewState"
001804-001840 DataBlock
  ....z........... 80 07 00 00 7a 00 00 00 00 00 00 00 02 00 00 00
  ................ 00 00 00 00 00 00 00 00 01 00 00 00 01 00 00 00
  .....            00 00 00 00 00
001841-001859 StringBlock "Ingame 12, Normal"
001860-001886 DataBlock
  ................ 02 00 00 00 01 00 00 00 ff 00 00 00 00 00 00 00
  ...........      00 00 00 00 00 00 00 00 01 00 00
001887-001897 StringBlock "normal_t0"
001898-001982 DataBlock
  ................ 00 00 00 00 00 00 00 00 00 00 00 00 00 00 00 00
  .........J(..... 00 00 00 00 01 00 00 00 ac 4a 28 08 00 00 00 00
  ........x....... 02 00 00 00 80 07 00 00 78 00 00 00 ff ff ff ff
  ................ 00 00 01 00 00 00 00 01 01 00 00 00 00 00 00 00
  ................ 00 00 00 00 00 00 00 00 00 00 00 00 00 00 00 00
  .....            00 00 00 00 00
001983-001994 StringBlock "events_end"
001995-002010 DataBlock
  ................ 00 00 00 00 00 00 00 00 00 00 00 00 00 00 00 00
