000000-000009 VersionBlock 39
000010-000013 DataBlock
  ..l.             08 b8 6c 18
000014-000019 StringBlock "root"
000020-000093 DataBlock
  ................ 00 00 00 00 00 00 00 00 01 01 00 01 00 00 00 00
  ................ 00 ff ff ff ff 00 00 00 00 00 00 00 00 00 00 00
  .........."..... 00 00 00 00 01 00 00 00 d0 9e 22 00 00 00 00 05
  ................ 00 00 c0 03 00 00 be ff bb ff 00 00 00 00 00 00
  ........l.       00 00 01 00 00 00 90 17 6c 18
000094-000103 StringBlock "NewState"
000104-000140 DataBlock
  ................ 00 05 00 00 c0 03 00 00 00 00 00 00 02 00 00 00
  ................ 00 00 00 00 00 00 00 00 01 00 00 00 01 00 00 00
  .....            00 00 00 00 00
000141-000159 StringBlock "Ingame 12, Normal"
000160-000186 DataBlock
  ................ 02 00 00 00 01 00 00 00 ff 00 00 00 00 00 00 00
  ...........      00 00 00 00 00 00 00 00 01 00 00
000187-000197 StringBlock "normal_t0"
000198-000282 DataBlock
  ................ 00 00 00 00 00 00 00 00 00 00 00 00 00 00 00 00
  .........."..... 00 00 00 00 01 00 00 00 d0 9e 22 00 00 00 00 00
  ................ 00 00 00 00 00 05 00 00 c0 03 00 00 be ff bb ff
  ................ 00 00 00 00 00 00 00 01 01 00 00 00 00 00 00 00
  ................ 00 00 00 00 00 00 00 00 00 00 00 00 00 00 00 00
  .....            00 00 00 00 00
000283-000294 StringBlock "events_end"
000295-000310 DataBlock
  ............h.D. 00 00 00 00 00 00 00 00 01 00 00 00 68 c6 44 16
000311-000322 StringBlock "NB_unit_ID"
000323-000378 DataBlock
  ....,........... 00 02 00 00 2c 01 00 00 01 01 00 01 00 00 00 00
  ................ 00 ff ff ff ff 00 00 00 00 00 00 00 00 00 00 00
  ................ 00 00 00 00 00 00 00 00 00 00 00 00 00 00 00 00
  .... .r.         01 00 00 00 20 bb 72 18
000379-000388 StringBlock "NewState"
000389-000425 DataBlock
  ................ 00 01 00 00 00 01 00 00 00 00 00 00 02 00 00 00
  ................ 00 00 00 00 00 00 00 00 01 00 00 00 01 00 00 00
  .....            00 00 00 00 00
000426-000444 StringBlock "Ingame 12, Normal"
000445-000471 DataBlock
  ................ 02 00 00 00 01 00 00 00 ff 00 00 00 00 00 00 00
  ...........      00 00 00 00 00 00 00 00 00 00 00
000472-000482 StringBlock "normal_t0"
000483-000522 DataBlock
  ................ 00 00 00 00 00 00 00 00 00 00 00 00 00 00 00 00
  ................ 00 00 00 00 00 00 00 00 00 00 00 00 00 00 00 00
  ........         00 00 00 00 00 00 00 00
000523-000534 StringBlock "events_end"
000535-000550 DataBlock
  ............8.`. 00 00 00 00 00 00 00 00 0a 00 00 00 38 ea 60 18
000551-000562 StringBlock "flag_naval"
000563-000606 DataBlock
  @...@........... 40 00 00 00 40 00 00 00 01 01 00 01 00 00 00 00
  ................ 00 ff ff ff ff 00 00 00 00 00 00 00 00 00 00 00
  ........x...     00 00 00 00 01 00 00 00 78 b8 1f 00
000607-000642 ImagePathBlock "UI/Battle UI/Skins/naval_ID_UK.tga"
000643-000670 DataBlock
  ................ 80 00 00 00 80 00 00 00 ff ff ff ff 00 00 00 00
  ........`.{.     00 00 00 00 02 00 00 00 60 fe 7b 18
000671-000678 StringBlock "normal"
000679-000715 DataBlock
  ................ 80 00 00 00 80 00 00 00 00 00 00 00 02 00 00 00
  ................ 00 00 00 00 00 00 00 00 01 00 00 00 01 00 00 00
  .....            00 00 00 00 00
000716-000734 StringBlock "Ingame 12, Normal"
000735-000761 DataBlock
  ................ 02 00 00 00 01 00 00 00 ff 00 00 00 00 00 00 00
  ...........      00 00 00 00 00 00 00 00 01 00 00
000762-000776 StringBlock "glow_pulse_t0"
000777-000861 DataBlock
  ................ 00 00 00 00 00 00 00 00 00 00 00 00 00 00 00 00
  ........x....... 00 00 00 00 01 00 00 00 78 b8 1f 00 00 00 00 00
  ................ 00 00 00 00 80 00 00 00 80 00 00 00 ff ff ff ff
  ................ 00 00 00 00 00 00 00 01 01 00 00 00 00 00 00 00
  ................ 00 00 00 00 00 00 00 00 00 00 00 00 00 00 00 00
  .8*l.            00 38 2a 6c 18
000862-000870 StringBlock "routing"
000871-000907 DataBlock
  ................ 80 00 00 00 80 00 00 00 00 00 00 00 02 00 00 00
  ................ 00 00 00 00 00 00 00 00 01 00 00 00 01 00 00 00
  .....            00 00 00 00 00
000908-000926 StringBlock "Ingame 12, Normal"
000927-000953 DataBlock
  ................ 02 00 00 00 01 00 00 00 ff 00 00 00 00 00 00 00
  ...........      00 00 00 00 00 00 00 00 01 00 00
000954-000968 StringBlock "glow_pulse_t0"
000969-001053 DataBlock
  ................ 00 00 00 00 00 00 00 00 00 00 00 00 00 00 00 00
  ........x....... 00 00 00 00 01 00 00 00 78 b8 1f 00 00 00 00 00
  ................ 00 00 00 00 80 00 00 00 80 00 00 00 ff ff ff ff
  ................ 00 00 00 00 00 00 00 01 01 00 00 00 00 00 00 00
  ................ 00 00 00 00 00 00 00 00 00 00 00 00 00 00 00 00
  .....            00 00 00 00 00
001054-001065 StringBlock "events_end"
001066-001133 DataBlock
  ..............(. 00 00 00 00 00 00 00 00 00 00 00 00 00 00 28 05
  m...XP ...;..... 6d 18 02 00 58 50 20 00 00 00 3b 00 00 00 01 01
  .......XP....... 00 01 00 00 00 02 00 58 50 ff ff ff ff 00 00 00
  ................ 00 00 00 00 00 00 00 00 00 00 00 00 09 00 00 00
  ..G.             98 c5 47 18
001134-001168 ImagePathBlock "UI/Battle UI/Skins/battle_xp2.tga"
001169-001184 DataBlock
  .............. . 80 00 00 00 00 01 00 00 ff ff ff ff a8 1d 20 00
001185-001219 ImagePathBlock "UI/Battle UI/Skins/battle_xp1.tga"
001220-001235 DataBlock
  .............. . 80 00 00 00 00 01 00 00 ff ff ff ff 98 15 20 00
001236-001270 ImagePathBlock "UI/Battle UI/Skins/battle_xp3.tga"
001271-001286 DataBlock
  .............Q". 80 00 00 00 00 01 00 00 ff ff ff ff 00 51 22 00
001287-001321 ImagePathBlock "UI/Battle UI/Skins/battle_xp9.tga"
001322-001337 DataBlock
  .............7.. 80 00 00 00 00 01 00 00 ff ff ff ff c8 37 a3 07
001338-001372 ImagePathBlock "UI/Battle UI/Skins/battle_xp4.tga"
001373-001388 DataBlock
  ............`3.. 80 00 00 00 00 01 00 00 ff ff ff ff 60 33 a3 07
001389-001423 ImagePathBlock "UI/Battle UI/Skins/battle_xp5.tga"
001424-001439 DataBlock
  .............c.. 80 00 00 00 00 01 00 00 ff ff ff ff c0 63 a3 07
001440-001474 ImagePathBlock "UI/Battle UI/Skins/battle_xp6.tga"
001475-001490 DataBlock
  ................ 80 00 00 00 00 01 00 00 ff ff ff ff 18 bf aa 07
001491-001525 ImagePathBlock "UI/Battle UI/Skins/battle_xp7.tga"
001526-001541 DataBlock
  ..............F. 80 00 00 00 00 01 00 00 ff ff ff ff 18 fb 46 18
001542-001576 ImagePathBlock "UI/Battle UI/Skins/battle_xp8.tga"
001577-001644 DataBlock
  ................ 80 00 00 00 00 01 00 00 ff ff ff ff 00 00 00 00
  ........P2k...1  00 00 00 00 09 00 00 00 50 32 6b 18 01 00 31 20
  ...@............ 00 00 00 40 00 00 00 00 00 00 00 02 00 00 00 00
  ................ 00 00 00 00 00 00 00 01 00 00 00 01 00 00 00 00
  ....             00 00 00 00
001645-001663 StringBlock "Ingame 12, Normal"
001664-001690 DataBlock
  ................ 02 00 00 00 01 00 00 00 ff 00 00 00 00 00 00 00
  ...........      00 00 00 00 00 00 00 00 01 00 00
001691-001701 StringBlock "normal_t0"
001702-001826 DataBlock
  ................ 00 00 00 00 00 00 00 00 00 00 00 00 00 00 00 00
  .......... ..... 00 00 00 00 01 00 00 00 a8 1d 20 00 00 00 00 00
  .... ...@....... 00 00 00 00 20 00 00 00 40 00 00 00 ff ff ff ff
  ................ 00 00 00 00 00 00 00 01 01 00 00 00 00 00 00 00
  ................ 00 00 00 00 00 00 00 00 00 00 00 00 00 00 00 00
  .X4k...3 ...@... 00 58 34 6b 18 01 00 33 20 00 00 00 40 00 00 00
  ................ 00 00 00 00 02 00 00 00 00 00 00 00 00 00 00 00
  .............    01 00 00 00 01 00 00 00 00 00 00 00 00
001827-001845 StringBlock "Ingame 12, Normal"
001846-001872 DataBlock
  ................ 02 00 00 00 01 00 00 00 ff 00 00 00 00 00 00 00
  ...........      00 00 00 00 00 00 00 00 01 00 00
001873-001883 StringBlock "normal_t0"
001884-002008 DataBlock
  ................ 00 00 00 00 00 00 00 00 00 00 00 00 00 00 00 00
  .......... ..... 00 00 00 00 01 00 00 00 98 15 20 00 00 00 00 00
  .... ...@....... 00 00 00 00 20 00 00 00 40 00 00 00 ff ff ff ff
  ................ 00 00 00 00 00 00 00 01 01 00 00 00 00 00 00 00
  ................ 00 00 00 00 00 00 00 00 00 00 00 00 00 00 00 00
  ..ip...2 ...@... 00 98 69 70 18 01 00 32 20 00 00 00 40 00 00 00
  ................ 00 00 00 00 02 00 00 00 00 00 00 00 00 00 00 00
  .............    01 00 00 00 01 00 00 00 00 00 00 00 00
002009-002027 StringBlock "Ingame 12, Normal"
002028-002054 DataBlock
  ................ 02 00 00 00 01 00 00 00 ff 00 00 00 00 00 00 00
  ...........      00 00 00 00 00 00 00 00 01 00 00
002055-002065 StringBlock "normal_t0"
002066-002190 DataBlock
  ................ 00 00 00 00 00 00 00 00 00 00 00 00 00 00 00 00
  ..........G..... 00 00 00 00 01 00 00 00 98 c5 47 18 00 00 00 00
  .... ...@....... 00 00 00 00 20 00 00 00 40 00 00 00 ff ff ff ff
  ................ 00 00 00 00 00 00 00 01 01 00 00 00 00 00 00 00
  ................ 00 00 00 00 00 00 00 00 00 00 00 00 00 00 00 00
  ..oj...5 ...@... 00 10 6f 6a 18 01 00 35 20 00 00 00 40 00 00 00
  ................ 00 00 00 00 02 00 00 00 00 00 00 00 00 00 00 00
  .............    01 00 00 00 01 00 00 00 00 00 00 00 00
002191-002209 StringBlock "Ingame 12, Normal"
002210-002236 DataBlock
  ................ 02 00 00 00 01 00 00 00 ff 00 00 00 00 00 00 00
  ...........      00 00 00 00 00 00 00 00 01 00 00
002237-002247 StringBlock "normal_t0"
002248-002372 DataBlock
  ................ 00 00 00 00 00 00 00 00 00 00 00 00 00 00 00 00
  ........`3...... 00 00 00 00 01 00 00 00 60 33 a3 07 00 00 00 00
  .... ...@....... 00 00 00 00 20 00 00 00 40 00 00 00 ff ff ff ff
  ................ 00 00 00 00 00 00 00 01 01 00 00 00 00 00 00 00
  ................ 00 00 00 00 00 00 00 00 00 00 00 00 00 00 00 00
  ..g....4 ...@... 00 18 67 17 00 01 00 34 20 00 00 00 40 00 00 00
  ................ 00 00 00 00 02 00 00 00 00 00 00 00 00 00 00 00
  .............    01 00 00 00 01 00 00 00 00 00 00 00 00
002373-002391 StringBlock "Ingame 12, Normal"
002392-002418 DataBlock
  ................ 02 00 00 00 01 00 00 00 ff 00 00 00 00 00 00 00
  ...........      00 00 00 00 00 00 00 00 01 00 00
002419-002429 StringBlock "normal_t0"
002430-002554 DataBlock
  ................ 00 00 00 00 00 00 00 00 00 00 00 00 00 00 00 00
  .........7...... 00 00 00 00 01 00 00 00 c8 37 a3 07 00 00 00 00
  .... ...@....... 00 00 00 00 20 00 00 00 40 00 00 00 ff ff ff ff
  ................ 00 00 00 00 00 00 00 01 01 00 00 00 00 00 00 00
  ................ 00 00 00 00 00 00 00 00 00 00 00 00 00 00 00 00
  ...c...7 ...@... 00 a8 ea 63 18 01 00 37 20 00 00 00 40 00 00 00
  ................ 00 00 00 00 02 00 00 00 00 00 00 00 00 00 00 00
  .............    01 00 00 00 01 00 00 00 00 00 00 00 00
002555-002573 StringBlock "Ingame 12, Normal"
002574-002600 DataBlock
  ................ 02 00 00 00 01 00 00 00 ff 00 00 00 00 00 00 00
  ...........      00 00 00 00 00 00 00 00 01 00 00
002601-002611 StringBlock "normal_t0"
002612-002736 DataBlock
  ................ 00 00 00 00 00 00 00 00 00 00 00 00 00 00 00 00
  ................ 00 00 00 00 01 00 00 00 18 bf aa 07 00 00 00 00
  .... ...@....... 00 00 00 00 20 00 00 00 40 00 00 00 ff ff ff ff
  ................ 00 00 00 00 00 00 00 01 01 00 00 00 00 00 00 00
  ................ 00 00 00 00 00 00 00 00 00 00 00 00 00 00 00 00
  ..{@...6 ...@... 00 b8 7b 40 16 01 00 36 20 00 00 00 40 00 00 00
  ................ 00 00 00 00 02 00 00 00 00 00 00 00 00 00 00 00
  .............    01 00 00 00 01 00 00 00 00 00 00 00 00
002737-002755 StringBlock "Ingame 12, Normal"
002756-002782 DataBlock
  ................ 02 00 00 00 01 00 00 00 ff 00 00 00 00 00 00 00
  ...........      00 00 00 00 00 00 00 00 01 00 00
002783-002793 StringBlock "normal_t0"
002794-002918 DataBlock
  ................ 00 00 00 00 00 00 00 00 00 00 00 00 00 00 00 00
  .........c...... 00 00 00 00 01 00 00 00 c0 63 a3 07 00 00 00 00
  .... ...@....... 00 00 00 00 20 00 00 00 40 00 00 00 ff ff ff ff
  ................ 00 00 00 00 00 00 00 01 01 00 00 00 00 00 00 00
  ................ 00 00 00 00 00 00 00 00 00 00 00 00 00 00 00 00
  .`.l...9 ...@... 00 60 e5 6c 18 01 00 39 20 00 00 00 40 00 00 00
  ................ 00 00 00 00 02 00 00 00 00 00 00 00 00 00 00 00
  .............    01 00 00 00 01 00 00 00 00 00 00 00 00
002919-002937 StringBlock "Ingame 12, Normal"
002938-002964 DataBlock
  ................ 02 00 00 00 01 00 00 00 ff 00 00 00 00 00 00 00
  ...........      00 00 00 00 00 00 00 00 01 00 00
002965-002975 StringBlock "normal_t0"
002976-003100 DataBlock
  ................ 00 00 00 00 00 00 00 00 00 00 00 00 00 00 00 00
  .........Q"..... 00 00 00 00 01 00 00 00 00 51 22 00 00 00 00 00
  .... ...@....... 00 00 00 00 20 00 00 00 40 00 00 00 ff ff ff ff
  ................ 00 00 00 00 00 00 00 01 01 00 00 00 00 00 00 00
  ................ 00 00 00 00 00 00 00 00 00 00 00 00 00 00 00 00
  ...@...8 ...@... 00 e0 9d 40 16 01 00 38 20 00 00 00 40 00 00 00
  ................ 00 00 00 00 02 00 00 00 00 00 00 00 00 00 00 00
  .............    01 00 00 00 01 00 00 00 00 00 00 00 00
003101-003119 StringBlock "Ingame 12, Normal"
003120-003146 DataBlock
  ................ 02 00 00 00 01 00 00 00 ff 00 00 00 00 00 00 00
  ...........      00 00 00 00 00 00 00 00 01 00 00
003147-003157 StringBlock "normal_t0"
003158-003242 DataBlock
  ................ 00 00 00 00 00 00 00 00 00 00 00 00 00 00 00 00
  ..........F..... 00 00 00 00 01 00 00 00 18 fb 46 18 00 00 00 00
  .... ...@....... 00 00 00 00 20 00 00 00 40 00 00 00 ff ff ff ff
  ................ 00 00 00 00 00 00 00 01 01 00 00 00 00 00 00 00
  ................ 00 00 00 00 00 00 00 00 00 00 00 00 00 00 00 00
  .....            00 00 00 00 00
003243-003254 StringBlock "events_end"
003255-003272 DataBlock
  ................ 00 00 00 00 00 00 00 00 00 00 00 00 00 00 a8 ae
  l.               6c 18
003273-003285 StringBlock "morale_icon"
003286-003300 DataBlock
  ....Q..........  be 00 00 00 51 00 00 00 01 01 00 01 00 00 00
003301-003313 StringBlock "morale_icon"
003314-003340 DataBlock
  ................ ff ff ff ff 00 00 00 00 00 00 00 00 00 00 00 00
  .......xx..      00 00 00 01 00 00 00 78 78 95 18
003341-003384 ImagePathBlock "UI/Battle UI/Skins/unit_ID_morale_icon.tga"
003385-003452 DataBlock
  "...*........... 22 00 00 00 2a 00 00 00 ff ff ff ff 00 00 00 00
  .........%a...1" 00 00 00 00 04 00 00 00 d0 25 61 18 01 00 31 22
  ...*............ 00 00 00 2a 00 00 00 00 00 00 00 02 00 00 00 00
  ................ 00 00 00 00 00 00 00 01 00 00 00 01 00 00 00 00
  ....             00 00 00 00
003453-003471 StringBlock "Ingame 12, Normal"
003472-003498 DataBlock
  ................ 02 00 00 00 01 00 00 00 ff 00 00 00 00 00 00 00
  ...........      00 00 00 00 00 00 00 00 01 00 00
003499-003509 StringBlock "normal_t0"
003510-003634 DataBlock
  ................ 00 00 00 00 00 00 00 00 00 00 00 00 00 00 00 00
  ........xx...... 00 00 00 00 01 00 00 00 78 78 95 18 00 00 00 00
  ...."...*...2.2. 00 00 00 00 22 00 00 00 2a 00 00 00 32 cd 32 ff
  ................ 00 00 00 00 00 00 00 01 01 00 00 00 00 00 00 00
  ................ 00 00 00 00 00 00 00 00 00 00 00 00 00 00 00 00
  ...F...4"...*... 00 88 b4 46 18 01 00 34 22 00 00 00 2a 00 00 00
  ................ 00 00 00 00 02 00 00 00 00 00 00 00 00 00 00 00
  .............    01 00 00 00 01 00 00 00 00 00 00 00 00
003635-003653 StringBlock "Ingame 12, Normal"
003654-003680 DataBlock
  ................ 02 00 00 00 01 00 00 00 ff 00 00 00 00 00 00 00
  ...........      00 00 00 00 00 00 00 00 01 00 00
003681-003691 StringBlock "normal_t0"
003692-003816 DataBlock
  ................ 00 00 00 00 00 00 00 00 00 00 00 00 00 00 00 00
  ........xx...... 00 00 00 00 01 00 00 00 78 78 95 18 00 00 00 00
  ...."...*....... 00 00 00 00 22 00 00 00 2a 00 00 00 ff ff ff ff
  ................ 00 00 00 00 00 00 00 01 01 00 00 00 00 00 00 00
  ................ 00 00 00 00 00 00 00 00 00 00 00 00 00 00 00 00
  .83m...3"...*... 00 38 33 6d 18 01 00 33 22 00 00 00 2a 00 00 00
  ................ 00 00 00 00 02 00 00 00 00 00 00 00 00 00 00 00
  .............    01 00 00 00 01 00 00 00 00 00 00 00 00
003817-003835 StringBlock "Ingame 12, Normal"
003836-003862 DataBlock
  ................ 02 00 00 00 01 00 00 00 ff 00 00 00 00 00 00 00
  ...........      00 00 00 00 00 00 00 00 01 00 00
003863-003873 StringBlock "normal_t0"
003874-003998 DataBlock
  ................ 00 00 00 00 00 00 00 00 00 00 00 00 00 00 00 00
  ........xx...... 00 00 00 00 01 00 00 00 78 78 95 18 00 00 00 00
  ...."...*....... 00 00 00 00 22 00 00 00 2a 00 00 00 00 00 ff ff
  ................ 00 00 00 00 00 00 00 01 01 00 00 00 00 00 00 00
  ................ 00 00 00 00 00 00 00 00 00 00 00 00 00 00 00 00
  ...k...2"...*... 00 f8 19 6b 18 01 00 32 22 00 00 00 2a 00 00 00
  ................ 00 00 00 00 02 00 00 00 00 00 00 00 00 00 00 00
  .............    01 00 00 00 01 00 00 00 00 00 00 00 00
003999-004017 StringBlock "Ingame 12, Normal"
004018-004044 DataBlock
  ................ 02 00 00 00 01 00 00 00 ff 00 00 00 00 00 00 00
  ...........      00 00 00 00 00 00 00 00 01 00 00
004045-004055 StringBlock "normal_t0"
004056-004140 DataBlock
  ................ 00 00 00 00 00 00 00 00 00 00 00 00 00 00 00 00
  ........xx...... 00 00 00 00 01 00 00 00 78 78 95 18 00 00 00 00
  ...."...*....... 00 00 00 00 22 00 00 00 2a 00 00 00 00 80 ff ff
  ................ 00 00 00 00 00 00 00 01 01 00 00 00 00 00 00 00
  ................ 00 00 00 00 00 00 00 00 00 00 00 00 00 00 00 00
  .....            00 00 00 00 00
004141-004152 StringBlock "events_end"
004153-004170 DataBlock
  ..............8. 00 00 00 00 00 00 00 00 00 00 00 00 00 00 38 e6
  c.               63 18
004171-004184 StringBlock "hull_damageL"
004185-004240 DataBlock
  ................ 1b 00 00 00 86 00 00 00 01 01 00 01 01 00 00 00
  ................ 00 ff ff ff ff 00 00 00 00 00 00 00 00 00 00 00
  ................ 00 00 00 00 00 00 00 00 00 00 00 00 00 00 00 00
  ....pwB.         01 00 00 00 70 77 42 16
004241-004250 StringBlock "NewState"
004251-004287 DataBlock
  `...`........... 60 00 00 00 60 00 00 00 00 00 00 00 02 00 00 00
  ................ 00 00 00 00 00 00 00 00 01 00 00 00 01 00 00 00
  .....            00 00 00 00 00
004288-004306 StringBlock "Ingame 12, Normal"
004307-004333 DataBlock
  ................ 02 00 00 00 01 00 00 00 ff 00 00 00 00 00 00 00
  ...........      00 00 00 00 00 00 00 00 01 00 00
004334-004344 StringBlock "normal_t0"
004345-004384 DataBlock
  ................ 00 00 00 00 00 00 00 00 00 00 00 00 00 00 00 00
  ................ 00 00 00 00 00 00 00 00 00 00 00 00 00 00 00 00
  ........         00 00 00 00 00 00 00 00
004385-004396 StringBlock "events_end"
004397-004432 DataBlock
  ..............\. 00 00 00 00 00 00 00 00 01 00 00 00 c0 a7 5c 18
  ..bar........... 03 00 62 61 72 05 00 00 00 f8 ff ff ff 01 01 00
  ....             01 00 00 00
004433-004438 StringBlock "hull"
004439-004465 DataBlock
  ..............Rp ff ff ff ff 00 00 00 00 00 00 00 00 00 d8 52 70
  .......P. .      18 00 00 01 00 00 00 50 c5 20 00
004466-004532 ImagePathBlock "X:/Art - ETW DLC/Napoleon/Battle/unit IDs/naval_ID_hulldamage.tga"
004533-004560 DataBlock
  `...`........... 60 00 00 00 60 00 00 00 ff ff ff ff 00 00 00 00
  .........On.     00 00 00 00 03 00 00 00 88 4f 6e 18
004561-004567 StringBlock "amber"
004568-004604 DataBlock
  `...`........... 60 00 00 00 60 00 00 00 00 00 00 00 02 00 00 00
  ................ 00 00 00 00 00 00 00 00 01 00 00 00 01 00 00 00
  .....            00 00 00 00 00
004605-004623 StringBlock "Ingame 12, Normal"
004624-004650 DataBlock
  ................ 02 00 00 00 01 00 00 00 ff 00 00 00 00 00 00 00
  ...........      00 00 00 00 00 00 00 00 00 00 00
004651-004661 StringBlock "normal_t0"
004662-004746 DataBlock
  ................ 00 00 00 00 00 00 00 00 00 00 00 00 00 00 00 00
  ........P. ..... 00 00 00 00 01 00 00 00 50 c5 20 00 00 00 00 00
  ....`...`... h.. 00 00 00 00 60 00 00 00 60 00 00 00 20 68 ff ff
  ...............@ 00 00 00 00 00 00 00 01 01 00 00 00 00 00 00 40
  B..@............ 42 00 00 40 c2 00 00 00 00 00 00 00 00 00 00 00
  ..Rp.            00 d8 52 70 18
004747-004753 StringBlock "green"
004754-004790 DataBlock
  `...`........... 60 00 00 00 60 00 00 00 00 00 00 00 02 00 00 00
  ................ 00 00 00 00 00 00 00 00 01 00 00 00 01 00 00 00
  .....            00 00 00 00 00
004791-004809 StringBlock "Ingame 12, Normal"
004810-004836 DataBlock
  ................ 02 00 00 00 01 00 00 00 ff 00 00 00 00 00 00 00
  ...........      00 00 00 00 00 00 00 00 00 00 00
004837-004847 StringBlock "normal_t0"
004848-004974 DataBlock
  ................ 00 00 00 00 00 00 00 00 00 00 00 00 00 00 00 00
  ........P. ..... 00 00 00 00 01 00 00 00 50 c5 20 00 00 00 00 00
  ....`...`...2.2. 00 00 00 00 60 00 00 00 60 00 00 00 32 cd 32 ff
  ...............@ 00 00 00 00 00 00 00 01 01 00 00 00 00 00 00 40
  B..@............ 42 00 00 40 c2 00 00 00 00 00 00 00 00 00 00 00
  ...k...red`...`. 00 a8 1b 6b 18 03 00 72 65 64 60 00 00 00 60 00
  ................ 00 00 00 00 00 00 02 00 00 00 00 00 00 00 00 00
  ...............  00 00 01 00 00 00 01 00 00 00 00 00 00 00 00
004975-004993 StringBlock "Ingame 12, Normal"
004994-005020 DataBlock
  ................ 02 00 00 00 01 00 00 00 ff 00 00 00 00 00 00 00
  ...........      00 00 00 00 00 00 00 00 00 00 00
005021-005031 StringBlock "normal_t0"
005032-005116 DataBlock
  ................ 00 00 00 00 00 00 00 00 00 00 00 00 00 00 00 00
  ........P. ..... 00 00 00 00 01 00 00 00 50 c5 20 00 00 00 00 00
  ....`...`....... 00 00 00 00 60 00 00 00 60 00 00 00 00 00 ff ff
  ...............@ 00 00 00 00 00 00 00 01 01 00 00 00 00 00 00 40
  B..@............ 42 00 00 40 c2 00 00 00 00 00 00 00 00 00 00 00
  .....            00 00 00 00 00
005117-005128 StringBlock "events_end"
005129-005148 DataBlock
  ................ 00 00 00 00 00 00 00 00 00 00 00 00 00 00 00 00
  ..G.             c0 14 47 18
005149-005162 StringBlock "hull_damageR"
005163-005177 DataBlock
  ...............  84 00 00 00 86 00 00 00 01 01 00 01 01 00 00
005178-005191 StringBlock "hull_damageL"
005192-005230 DataBlock
  ................ ff ff ff ff 00 00 00 00 00 00 00 00 00 00 00 00
  ................ 00 00 00 00 00 00 00 00 00 00 00 00 00 00 00 01
  ....qp.          00 00 00 b0 71 70 18
005231-005240 StringBlock "NewState"
005241-005277 DataBlock
  `...`........... 60 00 00 00 60 00 00 00 00 00 00 00 02 00 00 00
  ................ 00 00 00 00 00 00 00 00 01 00 00 00 01 00 00 00
  .....            00 00 00 00 00
005278-005296 StringBlock "Ingame 12, Normal"
005297-005323 DataBlock
  ................ 02 00 00 00 01 00 00 00 ff 00 00 00 00 00 00 00
  ...........      00 00 00 00 00 00 00 00 01 00 00
005324-005334 StringBlock "normal_t0"
005335-005374 DataBlock
  ................ 00 00 00 00 00 00 00 00 00 00 00 00 00 00 00 00
  ................ 00 00 00 00 00 00 00 00 00 00 00 00 00 00 00 00
  ........         00 00 00 00 00 00 00 00
005375-005386 StringBlock "events_end"
005387-005454 DataBlock
  ..............G. 00 00 00 00 00 00 00 00 01 00 00 00 10 19 47 18
  ..bar........... 03 00 62 61 72 fc ff ff ff f8 ff ff ff 01 01 00
  ......bar....... 01 00 00 00 03 00 62 61 72 ff ff ff ff 00 00 00
  .......Tp....... 00 00 00 00 00 00 88 54 70 18 00 00 01 00 00 00
  .. .             00 c9 20 00
005455-005521 ImagePathBlock "X:/Art - ETW DLC/Napoleon/Battle/unit IDs/naval_ID_hulldamage.tga"
005522-005549 DataBlock
  `...`........... 60 00 00 00 60 00 00 00 ff ff ff ff 00 00 00 00
  .........Tp.     00 00 00 00 03 00 00 00 88 54 70 18
005550-005556 StringBlock "amber"
005557-005593 DataBlock
  `...`........... 60 00 00 00 60 00 00 00 00 00 00 00 02 00 00 00
  ................ 00 00 00 00 00 00 00 00 01 00 00 00 01 00 00 00
  .....            00 00 00 00 00
005594-005612 StringBlock "Ingame 12, Normal"
005613-005639 DataBlock
  ................ 02 00 00 00 01 00 00 00 ff 00 00 00 00 00 00 00
  ...........      00 00 00 00 00 00 00 00 00 00 00
005640-005650 StringBlock "normal_t0"
005651-005735 DataBlock
  ................ 00 00 00 00 00 00 00 00 00 00 00 00 00 00 00 00
  .......... ..... 00 00 00 00 01 00 00 00 00 c9 20 00 00 00 00 00
  ....`...`... h.. 00 00 00 00 60 00 00 00 60 00 00 00 20 68 ff ff
  ...............@ 00 01 00 00 00 00 00 01 01 00 00 00 00 00 00 40
  ...@............ c2 00 00 40 c2 00 00 00 00 00 00 00 00 00 00 00
  .._p.            00 98 5f 70 18
005736-005742 StringBlock "green"
005743-005779 DataBlock
  `...`........... 60 00 00 00 60 00 00 00 00 00 00 00 02 00 00 00
  ................ 00 00 00 00 00 00 00 00 01 00 00 00 01 00 00 00
  .....            00 00 00 00 00
005780-005798 StringBlock "Ingame 12, Normal"
005799-005825 DataBlock
  ................ 02 00 00 00 01 00 00 00 ff 00 00 00 00 00 00 00
  ...........      00 00 00 00 00 00 00 00 00 00 00
005826-005836 StringBlock "normal_t0"
005837-005963 DataBlock
  ................ 00 00 00 00 00 00 00 00 00 00 00 00 00 00 00 00
  .......... ..... 00 00 00 00 01 00 00 00 00 c9 20 00 00 00 00 00
  ....`...`...2.2. 00 00 00 00 60 00 00 00 60 00 00 00 32 cd 32 ff
  ...............@ 00 01 00 00 00 00 00 01 01 00 00 00 00 00 00 40
  ...@............ c2 00 00 40 c2 00 00 00 00 00 00 00 00 00 00 00
  .Hap...red`...`. 00 48 61 70 18 03 00 72 65 64 60 00 00 00 60 00
  ................ 00 00 00 00 00 00 02 00 00 00 00 00 00 00 00 00
  ...............  00 00 01 00 00 00 01 00 00 00 00 00 00 00 00
005964-005982 StringBlock "Ingame 12, Normal"
005983-006009 DataBlock
  ................ 02 00 00 00 01 00 00 00 ff 00 00 00 00 00 00 00
  ...........      00 00 00 00 00 00 00 00 00 00 00
006010-006020 StringBlock "normal_t0"
006021-006105 DataBlock
  ................ 00 00 00 00 00 00 00 00 00 00 00 00 00 00 00 00
  .......... ..... 00 00 00 00 01 00 00 00 00 c9 20 00 00 00 00 00
  ....`...`....... 00 00 00 00 60 00 00 00 60 00 00 00 00 00 ff ff
  ...............@ 00 01 00 00 00 00 00 01 01 00 00 00 00 00 00 40
  ...@............ c2 00 00 40 c2 00 00 00 00 00 00 00 00 00 00 00
  .....            00 00 00 00 00
006106-006117 StringBlock "events_end"
006118-006137 DataBlock
  ................ 00 00 00 00 00 00 00 00 00 00 00 00 00 00 00 00
  @.l.             40 19 6c 18
006138-006151 StringBlock "sail_damageL"
006152-006207 DataBlock
  @............... 40 00 00 00 1e 00 00 00 01 01 00 01 01 00 00 00
  ................ 00 ff ff ff ff 00 00 00 00 00 00 00 00 00 00 00
  ................ 00 00 00 00 00 00 00 00 00 00 00 00 00 00 00 00
  ......J.         01 00 00 00 e0 1d 4a 18
006208-006217 StringBlock "NewState"
006218-006254 DataBlock
  @...@........... 40 00 00 00 40 00 00 00 00 00 00 00 02 00 00 00
  ................ 00 00 00 00 00 00 00 00 01 00 00 00 01 00 00 00
  .....            00 00 00 00 00
006255-006273 StringBlock "Ingame 12, Normal"
006274-006300 DataBlock
  ................ 02 00 00 00 01 00 00 00 ff 00 00 00 00 00 00 00
  ...........      00 00 00 00 00 00 00 00 01 00 00
006301-006311 StringBlock "normal_t0"
006312-006351 DataBlock
  ................ 00 00 00 00 00 00 00 00 00 00 00 00 00 00 00 00
  ................ 00 00 00 00 00 00 00 00 00 00 00 00 00 00 00 00
  ........         00 00 00 00 00 00 00 00
006352-006363 StringBlock "events_end"
006364-006399 DataBlock
  ..............l. 00 00 00 00 00 00 00 00 01 00 00 00 90 1d 6c 18
  ..bar........... 03 00 62 61 72 00 00 00 00 00 00 00 00 01 01 00
  ....             01 00 00 00
006400-006405 StringBlock "sail"
006406-006432 DataBlock
  ................ ff ff ff ff 00 00 00 00 00 00 00 00 00 00 00 00
  ......... .      00 00 00 01 00 00 00 08 e1 20 00
006433-006476 ImagePathBlock "UI/Battle UI/Skins/naval_ID_saildamage.tga"
006477-006504 DataBlock
  @...@........... 40 00 00 00 40 00 00 00 ff ff ff ff 00 00 00 00
  ........`sp.     00 00 00 00 01 00 00 00 60 73 70 18
006505-006514 StringBlock "NewState"
006515-006551 DataBlock
  @...@........... 40 00 00 00 40 00 00 00 00 00 00 00 02 00 00 00
  ................ 00 00 00 00 00 00 00 00 01 00 00 00 01 00 00 00
  .....            00 00 00 00 00
006552-006570 StringBlock "Ingame 12, Normal"
006571-006597 DataBlock
  ................ 02 00 00 00 01 00 00 00 ff 00 00 00 00 00 00 00
  ...........      00 00 00 00 00 00 00 00 00 00 00
006598-006608 StringBlock "normal_t0"
006609-006693 DataBlock
  ................ 00 00 00 00 00 00 00 00 00 00 00 00 00 00 00 00
  .......... ..... 00 00 00 00 01 00 00 00 08 e1 20 00 00 00 00 00
  ....@...@....... 00 00 00 00 40 00 00 00 40 00 00 00 ff ff ff ff
  ................ 00 00 00 00 00 00 00 01 01 00 00 00 00 00 00 00
  B...B........... 42 00 00 80 42 00 00 00 00 00 00 00 00 00 00 00
  .....            00 00 00 00 00
006694-006705 StringBlock "events_end"
006706-006725 DataBlock
  ................ 00 00 00 00 00 00 00 00 00 00 00 00 00 00 00 00
  ..C.             e8 1f 43 16
006726-006739 StringBlock "sail_damageR"
006740-006754 DataBlock
  ...............  80 00 00 00 1e 00 00 00 01 01 00 01 01 00 00
006755-006768 StringBlock "sail_damageL"
006769-006807 DataBlock
  ................ ff ff ff ff 00 00 00 00 00 00 00 00 00 00 00 00
  ................ 00 00 00 00 00 00 00 00 00 00 00 00 00 00 00 01
  ...x.m.          00 00 00 78 03 6d 18
006808-006817 StringBlock "NewState"
006818-006854 DataBlock
  @...@........... 40 00 00 00 40 00 00 00 00 00 00 00 02 00 00 00
  ................ 00 00 00 00 00 00 00 00 01 00 00 00 01 00 00 00
  .....            00 00 00 00 00
006855-006873 StringBlock "Ingame 12, Normal"
006874-006900 DataBlock
  ................ 02 00 00 00 01 00 00 00 ff 00 00 00 00 00 00 00
  ...........      00 00 00 00 00 00 00 00 01 00 00
006901-006911 StringBlock "normal_t0"
006912-006951 DataBlock
  ................ 00 00 00 00 00 00 00 00 00 00 00 00 00 00 00 00
  ................ 00 00 00 00 00 00 00 00 00 00 00 00 00 00 00 00
  ........         00 00 00 00 00 00 00 00
006952-006963 StringBlock "events_end"
006964-007031 DataBlock
  ............8$C. 00 00 00 00 00 00 00 00 01 00 00 00 38 24 43 16
  ..bar........... 03 00 62 61 72 00 00 00 00 00 00 00 00 01 01 00
  ......bar....... 01 00 00 00 03 00 62 61 72 ff ff ff ff 00 00 00
  ................ 00 00 00 00 00 00 00 00 00 00 00 00 01 00 00 00
  0. .             30 e9 20 00
007032-007075 ImagePathBlock "UI/Battle UI/Skins/naval_ID_saildamage.tga"
007076-007103 DataBlock
  @...@........... 40 00 00 00 40 00 00 00 ff ff ff ff 00 00 00 00
  ..........J.     00 00 00 00 01 00 00 00 90 1f 4a 18
007104-007113 StringBlock "NewState"
007114-007150 DataBlock
  @...@........... 40 00 00 00 40 00 00 00 00 00 00 00 02 00 00 00
  ................ 00 00 00 00 00 00 00 00 01 00 00 00 01 00 00 00
  .....            00 00 00 00 00
007151-007169 StringBlock "Ingame 12, Normal"
007170-007196 DataBlock
  ................ 02 00 00 00 01 00 00 00 ff 00 00 00 00 00 00 00
  ...........      00 00 00 00 00 00 00 00 00 00 00
007197-007207 StringBlock "normal_t0"
007208-007292 DataBlock
  ................ 00 00 00 00 00 00 00 00 00 00 00 00 00 00 00 00
  ........0. ..... 00 00 00 00 01 00 00 00 30 e9 20 00 00 00 00 00
  ....@...@....... 00 00 00 00 40 00 00 00 40 00 00 00 ff ff ff ff
  ................ 00 01 00 00 00 00 00 01 01 00 00 00 00 00 00 00
  ....B........... c2 00 00 80 42 00 00 00 00 00 00 00 00 00 00 00
  .....            00 00 00 00 00
007293-007304 StringBlock "events_end"
007305-007324 DataBlock
  ................ 00 00 00 00 00 00 00 00 00 00 00 00 00 00 00 00
  .(C.             88 28 43 16
007325-007336 StringBlock "mp_outline"
007337-007380 DataBlock
  B...B........... 42 00 00 00 42 00 00 00 01 01 00 00 00 00 00 00
  ................ 00 ff ff ff ff 00 00 00 00 00 00 00 00 00 f8 ac
  l.......x. .     6c 18 00 00 01 00 00 00 78 f8 20 00
007381-007423 ImagePathBlock "UI/Battle UI/Skins/flag_mp_team_naval.tga"
007424-007451 DataBlock
  ................ 80 00 00 00 80 00 00 00 ff ff ff ff 00 00 00 00
  ..........l.     00 00 00 00 03 00 00 00 f8 ac 6c 18
007452-007459 StringBlock "player"
007460-007496 DataBlock
  |...|........... 7c 00 00 00 7c 00 00 00 00 00 00 00 02 00 00 00
  ................ 00 00 00 00 00 00 00 00 01 00 00 00 01 00 00 00
  .....            00 00 00 00 00
007497-007515 StringBlock "Ingame 12, Normal"
007516-007542 DataBlock
  ................ 02 00 00 00 01 00 00 00 ff 00 00 00 00 00 00 00
  ...........      00 00 00 00 00 00 00 00 01 00 00
007543-007553 StringBlock "normal_t0"
007554-007638 DataBlock
  ................ 00 00 00 00 00 00 00 00 00 00 00 00 00 00 00 00
  ........x. ..... 00 00 00 00 01 00 00 00 78 f8 20 00 00 00 00 00
  ....|...|....... 00 00 00 00 7c 00 00 00 7c 00 00 00 f4 83 18 ff
  ................ 00 00 00 00 00 00 00 01 01 00 00 00 00 00 00 00
  ................ 00 00 00 00 00 00 00 00 00 00 00 00 00 00 00 00
  .x.m.            00 78 09 6d 18
007639-007644 StringBlock "ally"
007645-007681 DataBlock
  |...|........... 7c 00 00 00 7c 00 00 00 00 00 00 00 02 00 00 00
  ................ 00 00 00 00 00 00 00 00 01 00 00 00 01 00 00 00
  .....            00 00 00 00 00
007682-007700 StringBlock "Ingame 12, Normal"
007701-007727 DataBlock
  ................ 02 00 00 00 01 00 00 00 ff 00 00 ff 00 00 00 00
  ...........      00 00 00 00 00 00 00 00 01 00 00
007728-007738 StringBlock "normal_t0"
007739-007823 DataBlock
  ................ 00 00 00 00 00 00 00 00 00 00 00 00 00 00 00 00
  ........x. ..... 00 00 00 00 01 00 00 00 78 f8 20 00 00 00 00 00
  ....|...|....... 00 00 00 00 7c 00 00 00 7c 00 00 00 8b 00 00 ff
  ................ 00 00 00 00 00 00 00 01 01 00 00 00 00 00 00 00
  ................ 00 00 00 00 00 00 00 00 00 00 00 00 00 00 00 00
  ...l.            00 f8 b2 6c 18
007824-007830 StringBlock "enemy"
007831-007867 DataBlock
  |...|........... 7c 00 00 00 7c 00 00 00 00 00 00 00 02 00 00 00
  ................ 00 00 00 00 00 00 00 00 01 00 00 00 01 00 00 00
  .....            00 00 00 00 00
007868-007886 StringBlock "Ingame 12, Normal"
007887-007913 DataBlock
  ................ 02 00 00 00 01 00 00 00 ff 00 00 00 00 00 00 00
  ...........      00 00 00 00 00 00 00 00 01 00 00
007914-007924 StringBlock "normal_t0"
007925-008009 DataBlock
  ................ 00 00 00 00 00 00 00 00 00 00 00 00 00 00 00 00
  ........x. ..... 00 00 00 00 01 00 00 00 78 f8 20 00 00 00 00 00
  ....|...|....... 00 00 00 00 7c 00 00 00 7c 00 00 00 00 00 ff ff
  ................ 00 00 00 00 00 00 00 01 01 00 00 00 00 00 00 00
  ................ 00 00 00 00 00 00 00 00 00 00 00 00 00 00 00 00
  .....            00 00 00 00 00
008010-008021 StringBlock "events_end"
008022-008039 DataBlock
  ..............p. 00 00 00 00 00 00 00 00 00 00 00 00 00 00 70 91
  l.               6c 18
008040-008052 StringBlock "repair_icon"
008053-008096 DataBlock
  @...@........... 40 00 00 00 40 00 00 00 01 01 00 00 00 00 00 00
  ................ 00 ff ff ff ff 00 00 00 00 00 00 00 00 00 a8 b4
  l......... .     6c 18 00 00 01 00 00 00 80 fd 20 00
008097-008135 ImagePathBlock "UI/Battle UI/Skins/repair_ID_icon.tga"
008136-008163 DataBlock
  @...@........... 40 00 00 00 40 00 00 00 ff ff ff ff 00 00 00 00
  ..........l.     00 00 00 00 01 00 00 00 a8 b4 6c 18
008164-008173 StringBlock "NewState"
008174-008210 DataBlock
  ................ 80 00 00 00 80 00 00 00 00 00 00 00 02 00 00 00
  ................ 00 00 00 00 00 00 00 00 01 00 00 00 01 00 00 00
  .....            00 00 00 00 00
008211-008229 StringBlock "Ingame 12, Normal"
008230-008256 DataBlock
  ................ 02 00 00 00 01 00 00 00 ff 00 00 00 00 00 00 00
  ...........      00 00 00 00 00 00 00 00 01 00 00
008257-008271 StringBlock "glow_pulse_t0"
008272-008356 DataBlock
  ................ 00 00 00 00 00 00 00 00 00 00 00 00 00 00 00 00
  .......... ..... 00 00 00 00 01 00 00 00 80 fd 20 00 00 00 00 00
  ................ 00 00 00 00 80 00 00 00 80 00 00 00 ff ff ff ff
  ................ 00 00 00 00 00 00 00 01 01 00 00 00 00 00 00 00
  ................ 00 00 00 00 00 00 00 00 00 00 00 00 00 00 00 00
  .....            00 00 00 00 00
008357-008368 StringBlock "events_end"
008369-008386 DataBlock
  ................ 00 00 00 00 00 00 00 00 00 00 00 00 00 00 c0 95
  l.               6c 18
008387-008402 StringBlock "commander_icon"
008403-008446 DataBlock
  \............... 5c 00 00 00 dd ff ff ff 01 01 00 01 00 00 00 00
  ................ 00 ff ff ff ff 00 00 00 00 00 00 00 00 00 00 00
  ..........!.     00 00 00 00 01 00 00 00 18 96 21 00
008447-008498 ImagePathBlock "UI/Battle UI/Skins/unit_ID_icon_admiral_framed.tga"
008499-008526 DataBlock
  @...@........... 40 00 00 00 40 00 00 00 ff ff ff ff 00 00 00 00
  ........X.l.     00 00 00 00 01 00 00 00 58 b6 6c 18
008527-008535 StringBlock "admiral"
008536-008572 DataBlock
  J...J........... 4a 00 00 00 4a 00 00 00 00 00 00 00 02 00 00 00
  ................ 00 00 00 00 00 00 00 00 01 00 00 00 01 00 00 00
  .....            00 00 00 00 00
008573-008591 StringBlock "Ingame 12, Normal"
008592-008618 DataBlock
  ................ 02 00 00 00 01 00 00 00 ff 00 00 00 00 00 00 00
  ...........      00 00 00 00 00 00 00 00 01 00 00
008619-008629 StringBlock "normal_t0"
008630-008714 DataBlock
  ................ 00 00 00 00 00 00 00 00 00 00 00 00 00 00 00 00
  ..........!..... 00 00 00 00 01 00 00 00 18 96 21 00 04 00 00 00
  ....@...@....... 0c 00 00 00 40 00 00 00 40 00 00 00 ff ff ff ff
  ................ 00 00 00 00 00 00 00 01 01 00 00 00 00 00 00 00
  ................ 00 00 00 00 00 00 00 00 00 00 00 00 00 00 00 00
  .....            00 00 00 00 00
008715-008726 StringBlock "events_end"
008727-008744 DataBlock
  ................ 00 00 00 00 00 00 00 00 00 00 00 00 00 00 00 00
  ..               00 00
