000000-000009 VersionBlock 39
000010-000013 DataBlock
  ."b.             b0 22 62 12
000014-000019 StringBlock "root"
000020-000093 DataBlock
  ................ 00 00 00 00 00 00 00 00 01 01 00 01 00 00 00 00
  ..............8. 00 ff ff ff ff 00 00 00 00 00 00 00 00 00 38 e0
  3.......8p=..... 33 11 00 00 01 00 00 00 38 70 3d 11 00 00 00 05
  ................ 00 00 c0 03 00 00 c0 c0 c0 ff 00 00 00 00 00 00
  ......8.3.       00 00 01 00 00 00 38 e0 33 11
000094-000103 StringBlock "NewState"
000104-000140 DataBlock
  ................ 00 05 00 00 c0 03 00 00 00 00 00 00 02 00 00 00
  ................ 00 00 00 00 00 00 00 00 01 00 00 00 01 00 00 00
  .....            00 00 00 00 00
000141-000159 StringBlock "Ingame 12, Normal"
000160-000186 DataBlock
  ................ 02 00 00 00 01 00 00 00 ff 00 00 00 00 00 00 00
  ...........      00 00 00 00 00 00 00 00 01 00 00
000187-000197 StringBlock "normal_t0"
000198-000282 DataBlock
  ................ 00 00 00 00 00 00 00 00 00 00 00 00 00 00 00 00
  ........8p=..... 00 00 00 00 01 00 00 00 38 70 3d 11 00 00 00 00
  ................ 00 00 00 00 00 05 00 00 c0 03 00 00 c0 c0 c0 ff
  ................ 00 00 00 00 00 00 00 01 01 00 00 00 00 00 00 00
  ................ 00 00 00 00 00 00 00 00 00 00 00 00 00 00 00 00
  .....            00 00 00 00 00
000283-000294 StringBlock "events_end"
000295-000310 DataBlock
  ..............u. 00 00 00 00 00 00 00 00 01 00 00 00 d8 a7 75 12
000311-000337 StringBlock "construction_item_tooltip"
000338-000352 DataBlock
  ...............  00 00 00 00 00 00 00 00 01 01 00 01 00 00 00
000353-000379 StringBlock "construction_item_tooltip"
000380-000406 DataBlock
  ................ 1d 00 00 00 00 00 00 00 00 00 00 00 00 00 00 00
  .......`kr.      00 00 00 09 00 00 00 60 6b 72 12
000407-000441 ImagePathBlock "UI/Templates\\Skins\\tooltip_tl.tga"
000442-000457 DataBlock
  ............xjr. 08 00 00 00 08 00 00 00 ff ff ff ff 78 6a 72 12
000458-000491 ImagePathBlock "UI/Templates\\Skins\\tooltip_b.tga"
000492-000507 DataBlock
  .............hr. 08 00 00 00 08 00 00 00 ff ff ff ff a8 68 72 12
000508-000542 ImagePathBlock "UI/Templates\\Skins\\tooltip_bl.tga"
000543-000558 DataBlock
  ..............u. 08 00 00 00 08 00 00 00 ff ff ff ff f0 a6 75 12
000559-000593 ImagePathBlock "UI/Templates\\Skins\\tooltip_br.tga"
000594-000609 DataBlock
  ..............|. 08 00 00 00 08 00 00 00 ff ff ff ff 00 b6 7c 12
000610-000643 ImagePathBlock "UI/Templates\\Skins\\tooltip_l.tga"
000644-000659 DataBlock
  ..............|. 08 00 00 00 08 00 00 00 ff ff ff ff a0 b7 7c 12
000660-000693 ImagePathBlock "UI/Templates\\Skins\\tooltip_r.tga"
000694-000709 DataBlock
  ............@.|. 08 00 00 00 08 00 00 00 ff ff ff ff 40 b9 7c 12
000710-000743 ImagePathBlock "UI/Templates\\Skins\\tooltip_t.tga"
000744-000759 DataBlock
  ................ 08 00 00 00 08 00 00 00 ff ff ff ff f0 b0 80 12
000760-000794 ImagePathBlock "UI/Templates\\Skins\\tooltip_tr.tga"
000795-000840 DataBlock
  ................ 08 00 00 00 08 00 00 00 ff ff ff ff 90 b2 80 12
  ..<...|......... 00 00 3c 01 00 00 7c 00 00 00 ff ff ff ff 00 00
  ............f.   00 00 01 00 00 00 01 00 00 00 a8 93 66 12
000841-000848 StringBlock "normal"
000849-000885 DataBlock
  S............... 53 01 00 00 bc 00 00 00 00 00 00 00 02 00 00 00
  ................ 00 00 00 00 00 00 00 00 01 00 00 00 01 00 00 00
  .....            00 00 00 00 00
000886-000904 StringBlock "Ingame 12, Normal"
000905-000931 DataBlock
  ................ 02 00 00 00 01 00 00 00 ff 00 00 00 00 00 00 00
  ...........      00 00 00 00 00 00 00 00 00 00 00
000932-000942 StringBlock "normal_t0"
000943-001387 DataBlock
  ................ 00 00 00 00 00 00 00 00 00 00 00 00 00 00 00 00
  ................ 00 00 00 00 09 00 00 00 90 b2 80 12 00 00 00 00
  ....S........... 00 00 00 00 53 01 00 00 bc 00 00 00 00 00 00 c8
  ................ 00 00 00 00 00 00 00 01 01 00 00 00 00 00 00 00
  .....`kr........ 00 00 00 00 00 60 6b 72 12 00 00 00 00 00 00 00
  ................ 00 08 00 00 00 08 00 00 00 ff ff ff ff 00 00 00
  ................ 01 00 00 00 00 00 00 00 00 00 00 00 00 00 00 00
  ......K......... 00 00 f0 b0 80 12 4b 01 00 00 00 00 00 00 08 00
  ................ 00 00 08 00 00 00 ff ff ff ff 00 00 00 03 00 00
  ................ 00 00 00 00 00 00 00 00 00 00 00 00 00 00 00 a8
  hr.............. 68 72 12 00 00 00 00 b4 00 00 00 08 00 00 00 08
  ................ 00 00 00 ff ff ff ff 00 00 00 07 00 00 00 00 00
  ..............u. 00 00 00 00 00 00 00 00 00 00 00 00 f0 a6 75 12
  K............... 4b 01 00 00 b4 00 00 00 08 00 00 00 08 00 00 00
  ................ ff ff ff ff 00 00 00 09 00 00 00 00 00 00 00 00
  .........@.|.... 00 00 00 00 00 00 00 00 00 40 b9 7c 12 08 00 00
  .....C.......... 00 00 00 00 00 43 01 00 00 08 00 00 00 ff ff ff
  ................ ff 00 00 00 02 00 00 00 01 00 00 00 00 00 00 00
  ........|....... 00 00 00 00 00 00 00 b6 7c 12 00 00 00 00 08 00
  ................ 00 00 08 00 00 00 ac 00 00 00 ff ff ff ff 00 00
  ................ 00 04 00 00 00 00 01 00 00 00 00 00 00 00 00 00
  .....|.K........ 00 00 00 a0 b7 7c 12 4b 01 00 00 08 00 00 00 08
  ................ 00 00 00 ac 00 00 00 ff ff ff ff 00 00 00 06 00
  ................ 00 00 00 01 00 00 00 00 00 00 00 00 00 00 00 00
  xjr.........C... 78 6a 72 12 08 00 00 00 b4 00 00 00 43 01 00 00
  ................ 08 00 00 00 ff ff ff ff 00 00 00 08 00 00 00 01
  ................ 00 00 00 00 00 00 00 00 00 00 00 00 00 00 00 00
  .............    00 00 00 00 00 00 00 00 00 00 00 00 00
001388-001402 StringBlock "OnUpdatePulse"
001403-001417 StringBlock "OnUpdatePulse"
001418-001430 StringBlock "OnDestroyed"
001431-001443 StringBlock "OnDestroyed"
001444-001455 StringBlock "events_end"
001456-001471 DataBlock
  .............$.. ff 00 00 00 00 00 00 00 09 00 00 00 c0 24 88 12
001472-001489 StringBlock "dy_building_name"
001490-001504 DataBlock
  ...............  0a 00 00 00 08 00 00 00 01 01 00 01 00 00 00
001505-001522 StringBlock "dy_building_name"
001523-001561 DataBlock
  ................ ff ff ff ff 00 00 00 00 00 00 00 00 00 00 00 00
  ................ 00 00 00 00 00 00 00 00 00 00 00 00 00 00 00 01
  ....)..          00 00 00 c0 29 8f 12
001562-001571 StringBlock "NewState"
001572-001579 DataBlock
  D.......         44 01 00 00 11 00 00 00
001580-001607 UnicodeBlock "Building name"
001608-001630 DataBlock
  ................ 00 00 02 00 00 00 04 00 00 00 00 00 00 00 01 00
  .......          00 00 01 00 00 00 00
001631-001706 UnicodeBlock "dy_building_name_NewState_Text_140005"
001707-001708 DataBlock
  ..               00 00
001709-001725 StringBlock "Ingame 12, Bold"
001726-001752 DataBlock
  ................ 02 00 00 00 01 00 00 00 ff ff ff ff 00 00 00 00
  ...........      00 00 00 00 00 00 00 00 01 00 00
001753-001763 StringBlock "normal_t0"
001764-001803 DataBlock
  ................ 00 00 00 00 00 00 00 00 00 00 00 00 00 00 00 00
  ................ 00 00 00 00 00 00 00 00 00 00 00 00 00 00 00 00
  ........         00 00 00 00 00 00 00 00
001804-001815 StringBlock "events_end"
001816-001833 DataBlock
  .............. r ff 00 00 00 00 00 00 00 00 00 00 00 00 00 20 72
  B.               42 11
001834-001847 StringBlock "upgrade_pips"
001848-001862 DataBlock
  ...............  f3 00 00 00 06 00 00 00 01 01 00 01 00 00 00
001863-001876 StringBlock "upgrade_pips"
001877-001915 DataBlock
  ................ ff ff ff ff 00 00 00 00 00 00 00 00 00 00 00 00
  ................ 00 00 00 00 00 00 00 00 00 00 00 00 00 00 00 01
  .....c.          00 00 00 b0 84 63 12
001916-001925 StringBlock "NewState"
001926-001962 DataBlock
  Z............... 5a 00 00 00 11 00 00 00 00 00 00 00 02 00 00 00
  ................ 00 00 00 00 00 00 00 00 01 00 00 00 01 00 00 00
  .....            00 00 00 00 00
001963-001981 StringBlock "Ingame 12, Normal"
001982-002008 DataBlock
  ................ 02 00 00 00 01 00 00 00 ff 00 00 00 00 00 00 00
  ...........      00 00 00 00 00 00 00 00 01 00 00
002009-002019 StringBlock "normal_t0"
002020-002059 DataBlock
  ................ 00 00 00 00 00 00 00 00 00 00 00 00 00 00 00 00
  ................ 00 00 00 00 00 00 00 00 00 00 00 00 00 00 00 00
  ........         00 00 00 00 00 00 00 00
002060-002071 StringBlock "events_end"
002072-002087 DataBlock
  ............xuB. ff 00 00 00 00 00 00 00 07 00 00 00 78 75 42 11
002088-002100 StringBlock "Level Pip 1"
002101-002115 DataBlock
  ...............  03 00 00 00 03 00 00 00 01 01 00 01 00 00 00
002116-002128 StringBlock "Level Pip 1"
002129-002155 DataBlock
  ................ ff ff ff ff 00 00 00 00 00 00 00 00 00 00 00 00
  .......x...      00 00 00 02 00 00 00 78 b3 80 12
002156-002193 ImagePathBlock "UI/Templates\\Skins\\golden_bullet.tga"
002194-002209 DataBlock
  .............(.. 0a 00 00 00 0a 00 00 00 ff ff ff ff 18 28 88 12
002210-002257 ImagePathBlock "UI/Templates\\Skins\\golden_bullet_50percent.tga"
002258-002285 DataBlock
  ................ 0a 00 00 00 0a 00 00 00 ff ff ff ff 00 00 00 00
  .........)..     00 00 00 00 02 00 00 00 00 29 88 12
002286-002292 StringBlock "empty"
002293-002329 DataBlock
  ................ 0a 00 00 00 09 00 00 00 00 00 00 00 02 00 00 00
  ................ 00 00 00 00 00 00 00 00 01 00 00 00 01 00 00 00
  .....            00 00 00 00 00
002330-002348 StringBlock "Ingame 12, Normal"
002349-002375 DataBlock
  ................ 02 00 00 00 01 00 00 00 ff 00 00 00 00 00 00 00
  ...........      00 00 00 00 00 00 00 00 00 00 00
002376-002386 StringBlock "normal_t0"
002387-002471 DataBlock
  ................ 00 00 00 00 00 00 00 00 00 00 00 00 00 00 00 00
  .........(...... 00 00 00 00 01 00 00 00 18 28 88 12 00 00 00 00
  ................ 00 00 00 00 0a 00 00 00 09 00 00 00 ff ff ff ff
  ................ 00 00 00 00 00 00 00 01 01 00 00 00 00 00 00 00
  ................ 00 00 00 00 00 00 00 00 00 00 00 00 00 00 00 00
  .h~i.            00 68 7e 69 12
002472-002479 StringBlock "filled"
002480-002516 DataBlock
  ................ 0a 00 00 00 09 00 00 00 00 00 00 00 02 00 00 00
  ................ 00 00 00 00 00 00 00 00 01 00 00 00 01 00 00 00
  .....            00 00 00 00 00
002517-002535 StringBlock "Ingame 12, Normal"
002536-002562 DataBlock
  ................ 02 00 00 00 01 00 00 00 ff 00 00 00 00 00 00 00
  ...........      00 00 00 00 00 00 00 00 00 00 00
002563-002573 StringBlock "normal_t0"
002574-002658 DataBlock
  ................ 00 00 00 00 00 00 00 00 00 00 00 00 00 00 00 00
  ........x....... 00 00 00 00 01 00 00 00 78 b3 80 12 00 00 00 00
  ................ 00 00 00 00 0a 00 00 00 09 00 00 00 ff ff ff ff
  ................ 00 00 00 00 00 00 00 01 01 00 00 00 00 00 00 00
  ................ 00 00 00 00 00 00 00 00 00 00 00 00 00 00 00 00
  .....            00 00 00 00 00
002659-002670 StringBlock "events_end"
002671-002688 DataBlock
  ................ ff 00 00 00 00 00 00 00 00 00 00 00 00 00 a0 80
  i.               69 12
002689-002701 StringBlock "Level Pip 2"
002702-002716 DataBlock
  ...............  0f 00 00 00 03 00 00 00 01 01 00 01 00 00 00
002717-002729 StringBlock "Level Pip 2"
002730-002756 DataBlock
  ................ ff ff ff ff 00 00 00 00 00 00 00 00 00 00 00 00
  .........i.      00 00 00 02 00 00 00 08 85 69 12
002757-002794 ImagePathBlock "UI/Templates\\Skins\\golden_bullet.tga"
002795-002810 DataBlock
  ............H.{. 0a 00 00 00 0a 00 00 00 ff ff ff ff 48 c1 7b 12
002811-002858 ImagePathBlock "UI/Templates\\Skins\\golden_bullet_50percent.tga"
002859-002886 DataBlock
  ................ 0a 00 00 00 0a 00 00 00 ff ff ff ff 00 00 00 00
  ........0.{.     00 00 00 00 02 00 00 00 30 c2 7b 12
002887-002893 StringBlock "empty"
002894-002930 DataBlock
  ................ 0a 00 00 00 09 00 00 00 00 00 00 00 02 00 00 00
  ................ 00 00 00 00 00 00 00 00 01 00 00 00 01 00 00 00
  .....            00 00 00 00 00
002931-002949 StringBlock "Ingame 12, Normal"
002950-002976 DataBlock
  ................ 02 00 00 00 01 00 00 00 ff 00 00 00 00 00 00 00
  ...........      00 00 00 00 00 00 00 00 00 00 00
002977-002987 StringBlock "normal_t0"
002988-003072 DataBlock
  ................ 00 00 00 00 00 00 00 00 00 00 00 00 00 00 00 00
  ........H.{..... 00 00 00 00 01 00 00 00 48 c1 7b 12 00 00 00 00
  ................ 00 00 00 00 0a 00 00 00 09 00 00 00 ff ff ff ff
  ................ 00 00 00 00 00 00 00 01 01 00 00 00 00 00 00 00
  ................ 00 00 00 00 00 00 00 00 00 00 00 00 00 00 00 00
  ...{.            00 e0 c3 7b 12
003073-003080 StringBlock "filled"
003081-003117 DataBlock
  ................ 0a 00 00 00 09 00 00 00 00 00 00 00 02 00 00 00
  ................ 00 00 00 00 00 00 00 00 01 00 00 00 01 00 00 00
  .....            00 00 00 00 00
003118-003136 StringBlock "Ingame 12, Normal"
003137-003163 DataBlock
  ................ 02 00 00 00 01 00 00 00 ff 00 00 00 00 00 00 00
  ...........      00 00 00 00 00 00 00 00 00 00 00
003164-003174 StringBlock "normal_t0"
003175-003259 DataBlock
  ................ 00 00 00 00 00 00 00 00 00 00 00 00 00 00 00 00
  ..........i..... 00 00 00 00 01 00 00 00 08 85 69 12 00 00 00 00
  ................ 00 00 00 00 0a 00 00 00 09 00 00 00 ff ff ff ff
  ................ 00 00 00 00 00 00 00 01 01 00 00 00 00 00 00 00
  ................ 00 00 00 00 00 00 00 00 00 00 00 00 00 00 00 00
  .....            00 00 00 00 00
003260-003271 StringBlock "events_end"
003272-003289 DataBlock
  ................ ff 00 00 00 00 00 00 00 00 00 00 00 00 00 18 f4
  s.               73 12
003290-003302 StringBlock "Level Pip 3"
003303-003317 DataBlock
  ...............  1b 00 00 00 03 00 00 00 01 01 00 01 00 00 00
003318-003330 StringBlock "Level Pip 3"
003331-003357 DataBlock
  ................ ff ff ff ff 00 00 00 00 00 00 00 00 00 00 00 00
  .........{.      00 00 00 02 00 00 00 b0 c7 7b 12
003358-003395 ImagePathBlock "UI/Templates\\Skins\\golden_bullet.tga"
003396-003411 DataBlock
  ..............s. 0a 00 00 00 0a 00 00 00 ff ff ff ff f8 f7 73 12
003412-003459 ImagePathBlock "UI/Templates\\Skins\\golden_bullet_50percent.tga"
003460-003487 DataBlock
  ................ 0a 00 00 00 0a 00 00 00 ff ff ff ff 00 00 00 00
  ..........s.     00 00 00 00 02 00 00 00 e0 f8 73 12
003488-003494 StringBlock "empty"
003495-003531 DataBlock
  ................ 0a 00 00 00 09 00 00 00 00 00 00 00 02 00 00 00
  ................ 00 00 00 00 00 00 00 00 01 00 00 00 01 00 00 00
  .....            00 00 00 00 00
003532-003550 StringBlock "Ingame 12, Normal"
003551-003577 DataBlock
  ................ 02 00 00 00 01 00 00 00 ff 00 00 00 00 00 00 00
  ...........      00 00 00 00 00 00 00 00 00 00 00
003578-003588 StringBlock "normal_t0"
003589-003673 DataBlock
  ................ 00 00 00 00 00 00 00 00 00 00 00 00 00 00 00 00
  ..........s..... 00 00 00 00 01 00 00 00 f8 f7 73 12 00 00 00 00
  ................ 00 00 00 00 0a 00 00 00 09 00 00 00 ff ff ff ff
  ................ 00 00 00 00 00 00 00 01 01 00 00 00 00 00 00 00
  ................ 00 00 00 00 00 00 00 00 00 00 00 00 00 00 00 00
  ...s.            00 90 fa 73 12
003674-003681 StringBlock "filled"
003682-003718 DataBlock
  ................ 0a 00 00 00 09 00 00 00 00 00 00 00 02 00 00 00
  ................ 00 00 00 00 00 00 00 00 01 00 00 00 01 00 00 00
  .....            00 00 00 00 00
003719-003737 StringBlock "Ingame 12, Normal"
003738-003764 DataBlock
  ................ 02 00 00 00 01 00 00 00 ff 00 00 00 00 00 00 00
  ...........      00 00 00 00 00 00 00 00 00 00 00
003765-003775 StringBlock "normal_t0"
003776-003860 DataBlock
  ................ 00 00 00 00 00 00 00 00 00 00 00 00 00 00 00 00
  ..........{..... 00 00 00 00 01 00 00 00 b0 c7 7b 12 00 00 00 00
  ................ 00 00 00 00 0a 00 00 00 09 00 00 00 ff ff ff ff
  ................ 00 00 00 00 00 00 00 01 01 00 00 00 00 00 00 00
  ................ 00 00 00 00 00 00 00 00 00 00 00 00 00 00 00 00
  .....            00 00 00 00 00
003861-003872 StringBlock "events_end"
003873-003890 DataBlock
  ..............p. ff 00 00 00 00 00 00 00 00 00 00 00 00 00 70 9d
  k.               6b 12
003891-003903 StringBlock "Level Pip 4"
003904-003918 DataBlock
  '..............  27 00 00 00 03 00 00 00 01 01 00 01 00 00 00
003919-003931 StringBlock "Level Pip 4"
003932-003958 DataBlock
  ................ ff ff ff ff 00 00 00 00 00 00 00 00 00 00 00 00
  .........k.      00 00 00 02 00 00 00 c8 a0 6b 12
003959-003996 ImagePathBlock "UI/Templates\\Skins\\golden_bullet.tga"
003997-004012 DataBlock
  ..............k. 0a 00 00 00 0a 00 00 00 ff ff ff ff c0 a2 6b 12
004013-004060 ImagePathBlock "UI/Templates\\Skins\\golden_bullet_50percent.tga"
004061-004088 DataBlock
  ................ 0a 00 00 00 0a 00 00 00 ff ff ff ff 00 00 00 00
  ..........k.     00 00 00 00 02 00 00 00 a8 a3 6b 12
004089-004095 StringBlock "empty"
004096-004132 DataBlock
  ................ 0a 00 00 00 09 00 00 00 00 00 00 00 02 00 00 00
  ................ 00 00 00 00 00 00 00 00 01 00 00 00 01 00 00 00
  .....            00 00 00 00 00
004133-004151 StringBlock "Ingame 12, Normal"
004152-004178 DataBlock
  ................ 02 00 00 00 01 00 00 00 ff 00 00 00 00 00 00 00
  ...........      00 00 00 00 00 00 00 00 00 00 00
004179-004189 StringBlock "normal_t0"
004190-004274 DataBlock
  ................ 00 00 00 00 00 00 00 00 00 00 00 00 00 00 00 00
  ..........k..... 00 00 00 00 01 00 00 00 c0 a2 6b 12 00 00 00 00
  ................ 00 00 00 00 0a 00 00 00 09 00 00 00 ff ff ff ff
  ................ 00 00 00 00 00 00 00 01 01 00 00 00 00 00 00 00
  ................ 00 00 00 00 00 00 00 00 00 00 00 00 00 00 00 00
  ...k.            00 f8 a6 6b 12
004275-004282 StringBlock "filled"
004283-004319 DataBlock
  ................ 0a 00 00 00 09 00 00 00 00 00 00 00 02 00 00 00
  ................ 00 00 00 00 00 00 00 00 01 00 00 00 01 00 00 00
  .....            00 00 00 00 00
004320-004338 StringBlock "Ingame 12, Normal"
004339-004365 DataBlock
  ................ 02 00 00 00 01 00 00 00 ff 00 00 00 00 00 00 00
  ...........      00 00 00 00 00 00 00 00 00 00 00
004366-004376 StringBlock "normal_t0"
004377-004461 DataBlock
  ................ 00 00 00 00 00 00 00 00 00 00 00 00 00 00 00 00
  ..........k..... 00 00 00 00 01 00 00 00 c8 a0 6b 12 00 00 00 00
  ................ 00 00 00 00 0a 00 00 00 09 00 00 00 ff ff ff ff
  ................ 00 00 00 00 00 00 00 01 01 00 00 00 00 00 00 00
  ................ 00 00 00 00 00 00 00 00 00 00 00 00 00 00 00 00
  .....            00 00 00 00 00
004462-004473 StringBlock "events_end"
004474-004491 DataBlock
  ..............`R ff 00 00 00 00 00 00 00 00 00 00 00 00 00 60 52
  M.               4d 11
004492-004504 StringBlock "Level Pip 5"
004505-004519 DataBlock
  3..............  33 00 00 00 03 00 00 00 01 01 00 01 00 00 00
004520-004532 StringBlock "Level Pip 5"
004533-004559 DataBlock
  ................ ff ff ff ff 00 00 00 00 00 00 00 00 00 00 00 00
  ........VM.      00 00 00 02 00 00 00 c8 56 4d 11
004560-004597 ImagePathBlock "UI/Templates\\Skins\\golden_bullet.tga"
004598-004613 DataBlock
  .............XM. 0a 00 00 00 0a 00 00 00 ff ff ff ff c0 58 4d 11
004614-004661 ImagePathBlock "UI/Templates\\Skins\\golden_bullet_50percent.tga"
004662-004689 DataBlock
  ................ 0a 00 00 00 0a 00 00 00 ff ff ff ff 00 00 00 00
  ........hZM.     00 00 00 00 02 00 00 00 68 5a 4d 11
004690-004696 StringBlock "empty"
004697-004733 DataBlock
  ................ 0a 00 00 00 09 00 00 00 00 00 00 00 02 00 00 00
  ................ 00 00 00 00 00 00 00 00 01 00 00 00 01 00 00 00
  .....            00 00 00 00 00
004734-004752 StringBlock "Ingame 12, Normal"
004753-004779 DataBlock
  ................ 02 00 00 00 01 00 00 00 ff 00 00 00 00 00 00 00
  ...........      00 00 00 00 00 00 00 00 00 00 00
004780-004790 StringBlock "normal_t0"
004791-004875 DataBlock
  ................ 00 00 00 00 00 00 00 00 00 00 00 00 00 00 00 00
  .........XM..... 00 00 00 00 01 00 00 00 c0 58 4d 11 00 00 00 00
  ................ 00 00 00 00 0a 00 00 00 09 00 00 00 ff ff ff ff
  ................ 00 00 00 00 00 00 00 01 01 00 00 00 00 00 00 00
  ................ 00 00 00 00 00 00 00 00 00 00 00 00 00 00 00 00
  .(ew.            00 28 65 77 12
004876-004883 StringBlock "filled"
004884-004920 DataBlock
  ................ 0a 00 00 00 09 00 00 00 00 00 00 00 02 00 00 00
  ................ 00 00 00 00 00 00 00 00 01 00 00 00 01 00 00 00
  .....            00 00 00 00 00
004921-004939 StringBlock "Ingame 12, Normal"
004940-004966 DataBlock
  ................ 02 00 00 00 01 00 00 00 ff 00 00 00 00 00 00 00
  ...........      00 00 00 00 00 00 00 00 00 00 00
004967-004977 StringBlock "normal_t0"
004978-005062 DataBlock
  ................ 00 00 00 00 00 00 00 00 00 00 00 00 00 00 00 00
  .........VM..... 00 00 00 00 01 00 00 00 c8 56 4d 11 00 00 00 00
  ................ 00 00 00 00 0a 00 00 00 09 00 00 00 ff ff ff ff
  ................ 00 00 00 00 00 00 00 01 01 00 00 00 00 00 00 00
  ................ 00 00 00 00 00 00 00 00 00 00 00 00 00 00 00 00
  .....            00 00 00 00 00
005063-005074 StringBlock "events_end"
005075-005092 DataBlock
  ...............i ff 00 00 00 00 00 00 00 00 00 00 00 00 00 00 69
  w.               77 12
005093-005105 StringBlock "Level Pip 6"
005106-005120 DataBlock
  ?..............  3f 00 00 00 03 00 00 00 01 01 00 01 00 00 00
005121-005133 StringBlock "Level Pip 6"
005134-005160 DataBlock
  ................ ff ff ff ff 00 00 00 00 00 00 00 00 00 00 00 00
  .......hmw.      00 00 00 02 00 00 00 68 6d 77 12
005161-005198 ImagePathBlock "UI/Templates\\Skins\\golden_bullet.tga"
005199-005214 DataBlock
  ................ 0a 00 00 00 0a 00 00 00 ff ff ff ff 00 84 85 12
005215-005262 ImagePathBlock "UI/Templates\\Skins\\golden_bullet_50percent.tga"
005263-005290 DataBlock
  ................ 0a 00 00 00 0a 00 00 00 ff ff ff ff 00 00 00 00
  ............     00 00 00 00 02 00 00 00 e8 84 85 12
005291-005297 StringBlock "empty"
005298-005334 DataBlock
  ................ 0a 00 00 00 09 00 00 00 00 00 00 00 02 00 00 00
  ................ 00 00 00 00 00 00 00 00 01 00 00 00 01 00 00 00
  .....            00 00 00 00 00
005335-005353 StringBlock "Ingame 12, Normal"
005354-005380 DataBlock
  ................ 02 00 00 00 01 00 00 00 ff 00 00 00 00 00 00 00
  ...........      00 00 00 00 00 00 00 00 00 00 00
005381-005391 StringBlock "normal_t0"
005392-005476 DataBlock
  ................ 00 00 00 00 00 00 00 00 00 00 00 00 00 00 00 00
  ................ 00 00 00 00 01 00 00 00 00 84 85 12 00 00 00 00
  ................ 00 00 00 00 0a 00 00 00 09 00 00 00 ff ff ff ff
  ................ 00 00 00 00 00 00 00 01 01 00 00 00 00 00 00 00
  ................ 00 00 00 00 00 00 00 00 00 00 00 00 00 00 00 00
  .....            00 b0 87 85 12
005477-005484 StringBlock "filled"
005485-005521 DataBlock
  ................ 0a 00 00 00 09 00 00 00 00 00 00 00 02 00 00 00
  ................ 00 00 00 00 00 00 00 00 01 00 00 00 01 00 00 00
  .....            00 00 00 00 00
005522-005540 StringBlock "Ingame 12, Normal"
005541-005567 DataBlock
  ................ 02 00 00 00 01 00 00 00 ff 00 00 00 00 00 00 00
  ...........      00 00 00 00 00 00 00 00 00 00 00
005568-005578 StringBlock "normal_t0"
005579-005663 DataBlock
  ................ 00 00 00 00 00 00 00 00 00 00 00 00 00 00 00 00
  ........hmw..... 00 00 00 00 01 00 00 00 68 6d 77 12 00 00 00 00
  ................ 00 00 00 00 0a 00 00 00 09 00 00 00 ff ff ff ff
  ................ 00 00 00 00 00 00 00 01 01 00 00 00 00 00 00 00
  ................ 00 00 00 00 00 00 00 00 00 00 00 00 00 00 00 00
  .....            00 00 00 00 00
005664-005675 StringBlock "events_end"
005676-005693 DataBlock
  ................ ff 00 00 00 00 00 00 00 00 00 00 00 00 00 88 8b
  ..               85 12
005694-005706 StringBlock "Level Pip 7"
005707-005721 DataBlock
  L..............  4c 00 00 00 03 00 00 00 01 01 00 01 00 00 00
005722-005734 StringBlock "Level Pip 7"
005735-005761 DataBlock
  ................ ff ff ff ff 00 00 00 00 00 00 00 00 00 00 00 00
  .......8.o.      00 00 00 02 00 00 00 38 f0 6f 12
005762-005799 ImagePathBlock "UI/Templates\\Skins\\golden_bullet.tga"
005800-005815 DataBlock
  ............0.o. 0a 00 00 00 0a 00 00 00 ff ff ff ff 30 f2 6f 12
005816-005863 ImagePathBlock "UI/Templates\\Skins\\golden_bullet_50percent.tga"
005864-005891 DataBlock
  ................ 0a 00 00 00 0a 00 00 00 ff ff ff ff 00 00 00 00
  ..........o.     00 00 00 00 02 00 00 00 d8 f3 6f 12
005892-005898 StringBlock "empty"
005899-005935 DataBlock
  ................ 0a 00 00 00 09 00 00 00 00 00 00 00 02 00 00 00
  ................ 00 00 00 00 00 00 00 00 01 00 00 00 01 00 00 00
  .....            00 00 00 00 00
005936-005954 StringBlock "Ingame 12, Normal"
005955-005981 DataBlock
  ................ 02 00 00 00 01 00 00 00 ff 00 00 00 00 00 00 00
  ...........      00 00 00 00 00 00 00 00 00 00 00
005982-005992 StringBlock "normal_t0"
005993-006077 DataBlock
  ................ 00 00 00 00 00 00 00 00 00 00 00 00 00 00 00 00
  ........0.o..... 00 00 00 00 01 00 00 00 30 f2 6f 12 00 00 00 00
  ................ 00 00 00 00 0a 00 00 00 09 00 00 00 ff ff ff ff
  ................ 00 00 00 00 00 00 00 01 01 00 00 00 00 00 00 00
  ................ 00 00 00 00 00 00 00 00 00 00 00 00 00 00 00 00
  ...o.            00 a0 f6 6f 12
006078-006085 StringBlock "filled"
006086-006122 DataBlock
  ................ 0a 00 00 00 09 00 00 00 00 00 00 00 02 00 00 00
  ................ 00 00 00 00 00 00 00 00 01 00 00 00 01 00 00 00
  .....            00 00 00 00 00
006123-006141 StringBlock "Ingame 12, Normal"
006142-006168 DataBlock
  ................ 02 00 00 00 01 00 00 00 ff 00 00 00 00 00 00 00
  ...........      00 00 00 00 00 00 00 00 00 00 00
006169-006179 StringBlock "normal_t0"
006180-006264 DataBlock
  ................ 00 00 00 00 00 00 00 00 00 00 00 00 00 00 00 00
  ........8.o..... 00 00 00 00 01 00 00 00 38 f0 6f 12 00 00 00 00
  ................ 00 00 00 00 0a 00 00 00 09 00 00 00 ff ff ff ff
  ................ 00 00 00 00 00 00 00 01 01 00 00 00 00 00 00 00
  ................ 00 00 00 00 00 00 00 00 00 00 00 00 00 00 00 00
  .....            00 00 00 00 00
006265-006276 StringBlock "events_end"
006277-006296 DataBlock
  ................ ff 00 00 00 00 00 00 00 00 00 00 00 00 00 00 00
  ....             e0 02 87 12
006297-006315 StringBlock "txt_functionality"
006316-006330 DataBlock
  ...............  0a 00 00 00 1b 00 00 00 01 01 00 01 00 00 00
006331-006349 StringBlock "txt_functionality"
006350-006388 DataBlock
  ................ ff ff ff ff 00 00 00 00 00 00 00 00 00 00 00 00
  ................ 00 00 00 00 00 00 00 00 00 00 00 00 00 00 00 02
  ...x.o.          00 00 00 78 fa 6f 12
006389-006407 StringBlock "functions_upgrade"
006408-006415 DataBlock
  D.......         44 01 00 00 11 00 00 00
006416-006537 UnicodeBlock "Left click to construct, right click for further information"
006538-006560 DataBlock
  ................ 00 00 02 00 00 00 04 00 00 00 00 00 00 00 01 00
  .......          00 00 01 00 00 00 00
006561-006654 UnicodeBlock "txt_functionality_functions_upgrade_Text_40060"
006655-006656 DataBlock
  ..               00 00
006657-006673 StringBlock "Ingame 12, Bold"
006674-006700 DataBlock
  ................ 02 00 00 00 01 00 00 00 ff ff ff ff 00 00 00 00
  ...........      00 00 00 00 00 00 00 00 00 00 00
006701-006711 StringBlock "normal_t0"
006712-006751 DataBlock
  ................ 00 00 00 00 00 00 00 00 00 00 00 00 00 00 00 00
  ................ 00 00 00 00 00 00 00 00 00 00 00 00 00 00 00 00
  ........         00 00 00 00 00 08 87 12
006752-006768 StringBlock "functions_owned"
006769-006776 DataBlock
  D.......         44 01 00 00 11 00 00 00
006777-006848 UnicodeBlock "Right click for further information"
006849-006871 DataBlock
  ................ 00 00 02 00 00 00 04 00 00 00 00 00 00 00 01 00
  .......          00 00 01 00 00 00 00
006872-006963 UnicodeBlock "txt_functionality_functions_owned_Text_720021"
006964-006965 DataBlock
  ..               00 00
006966-006982 StringBlock "Ingame 12, Bold"
006983-007009 DataBlock
  ................ 02 00 00 00 01 00 00 00 ff ff ff ff 00 00 00 00
  ...........      00 00 00 00 00 00 00 00 01 00 00
007010-007020 StringBlock "normal_t0"
007021-007060 DataBlock
  ................ 00 00 00 00 00 00 00 00 00 00 00 00 00 00 00 00
  ................ 00 00 00 00 00 00 00 00 00 00 00 00 00 00 00 00
  ........         00 00 00 00 00 00 00 00
007061-007072 StringBlock "events_end"
007073-007090 DataBlock
  ..............P. ff 00 00 00 00 00 00 00 00 00 00 00 00 00 50 0b
  ..               87 12
007091-007110 StringBlock "txt_functionality2"
007111-007125 DataBlock
  ...............  0a 00 00 00 1b 00 00 00 01 01 00 01 00 00 00
007126-007145 StringBlock "txt_functionality2"
007146-007184 DataBlock
  ................ ff ff ff ff 00 00 00 00 00 00 00 00 00 00 00 00
  ................ 00 00 00 00 00 00 00 00 00 00 00 00 00 00 00 01
  .....x.          00 00 00 a8 fa 78 12
007185-007194 StringBlock "NewState"
007195-007202 DataBlock
  D.......         44 01 00 00 11 00 00 00
007203-007226 UnicodeBlock "Description"
007227-007249 DataBlock
  ................ 00 00 02 00 00 00 04 00 00 00 00 00 00 00 00 00
  .......          00 00 01 00 00 00 00
007250-007329 UnicodeBlock "txt_functionality2_NewState_Text_740032"
007330-007331 DataBlock
  ..               00 00
007332-007348 StringBlock "Ingame 12, Bold"
007349-007375 DataBlock
  ................ 02 00 00 00 01 00 00 00 ff ff ff ff 00 00 00 00
  ...........      00 00 00 00 00 00 00 00 01 00 00
007376-007386 StringBlock "normal_t0"
007387-007426 DataBlock
  ................ 00 00 00 00 00 00 00 00 00 00 00 00 00 00 00 00
  ................ 00 00 00 00 00 00 00 00 00 00 00 00 00 00 00 00
  ........         00 00 00 00 00 00 00 00
007427-007438 StringBlock "events_end"
007439-007456 DataBlock
  ................ ff 00 00 00 00 00 00 00 00 00 00 00 00 00 f0 fd
  x.               78 12
007457-007474 StringBlock "effects_list_box"
007475-007489 DataBlock
  ...............  0a 00 00 00 2e 00 00 00 01 01 00 01 00 00 00
007490-007507 StringBlock "effects_list_box"
007508-007564 DataBlock
  ................ ff ff ff ff 00 00 00 00 00 00 00 00 00 00 00 00
  .......H.y...... 00 00 00 01 00 00 00 48 01 79 12 00 00 f7 00 00
  .1.............. 00 31 01 00 00 b1 b3 b4 ff 00 00 00 00 00 00 00
  .....0.y.        00 01 00 00 00 30 02 79 12
007565-007574 StringBlock "NewState"
007575-007611 DataBlock
  D............... 44 01 00 00 1c 00 00 00 00 00 00 00 02 00 00 00
  ................ 00 00 00 00 00 00 00 00 01 00 00 00 01 00 00 00
  .....            00 00 00 00 00
007612-007630 StringBlock "Ingame 12, Normal"
007631-007657 DataBlock
  ................ 02 00 00 00 01 00 00 00 ff 00 00 00 00 00 00 00
  ...........      00 00 00 00 00 00 00 00 01 00 00
007658-007668 StringBlock "normal_t0"
007669-007708 DataBlock
  ................ 00 00 00 00 00 00 00 00 00 00 00 00 00 00 00 00
  ................ 00 00 00 00 00 00 00 00 00 00 00 00 00 00 00 00
  ........         00 00 00 00 00 00 00 00
007709-007720 StringBlock "events_end"
007721-007736 DataBlock
  ............8.G. ff 00 00 00 00 00 00 00 01 00 00 00 38 c0 47 11
007737-007748 StringBlock "row_effect"
007749-007763 DataBlock
  ...............  00 00 00 00 00 00 00 00 01 01 00 01 00 00 00
007764-007775 StringBlock "row_effect"
007776-007832 DataBlock
  ................ ff ff ff ff 00 00 00 00 00 00 00 00 00 00 00 00
  .........y...... 00 00 00 01 00 00 00 08 06 79 12 00 00 c8 00 00
  ................ 00 14 00 00 00 e3 df e0 ff 00 00 00 00 00 00 00
  .......G.        00 01 00 00 00 90 c3 47 11
007833-007842 StringBlock "NewState"
007843-007879 DataBlock
  D............... 44 01 00 00 1c 00 00 00 00 00 00 00 02 00 00 00
  ................ 00 00 00 00 00 00 00 00 01 00 00 00 01 00 00 00
  .....            00 00 00 00 00
007880-007898 StringBlock "Ingame 12, Normal"
007899-007925 DataBlock
  ................ 02 00 00 00 01 00 00 00 ff 00 00 00 00 00 00 00
  ...........      00 00 00 00 00 00 00 00 01 00 00
007926-007936 StringBlock "normal_t0"
007937-007976 DataBlock
  ................ 00 00 00 00 00 00 00 00 00 00 00 00 00 00 00 00
  ................ 00 00 00 00 00 00 00 00 00 00 00 00 00 00 00 00
  ........         00 00 00 00 00 00 00 00
007977-007988 StringBlock "events_end"
007989-008004 DataBlock
  ............P.G. ff 00 00 00 00 00 00 00 02 00 00 00 50 c6 47 11
008005-008010 StringBlock "icon"
008011-008025 DataBlock
  ...............  1c 00 00 00 00 00 00 00 01 01 00 01 00 00 00
008026-008031 StringBlock "icon"
008032-008088 DataBlock
  ................ ff ff ff ff 00 00 00 00 00 00 00 00 00 00 00 00
  .........G...... 00 00 00 01 00 00 00 a8 c9 47 11 00 00 1c 00 00
  ................ 00 1c 00 00 00 d8 e9 ec ff 00 00 00 00 00 00 00
  .......G.        00 01 00 00 00 90 ca 47 11
008089-008098 StringBlock "NewState"
008099-008135 DataBlock
  ................ 18 00 00 00 18 00 00 00 00 00 00 00 02 00 00 00
  ................ 00 00 00 00 00 00 00 00 01 00 00 00 01 00 00 00
  .....            00 00 00 00 00
008136-008154 StringBlock "Ingame 12, Normal"
008155-008181 DataBlock
  ................ 02 00 00 00 01 00 00 00 ff 00 00 00 00 00 00 00
  ...........      00 00 00 00 00 00 00 00 00 00 00
008182-008192 StringBlock "normal_t0"
008193-008277 DataBlock
  ................ 00 00 00 00 00 00 00 00 00 00 00 00 00 00 00 00
  ..........G..... 00 00 00 00 01 00 00 00 a8 c9 47 11 00 00 00 00
  ................ 00 00 00 00 18 00 00 00 18 00 00 00 d8 e9 ec ff
  ................ 00 00 00 00 00 00 00 01 01 00 00 00 00 00 00 00
  ................ 00 00 00 00 00 00 00 00 00 00 00 00 00 00 00 00
  .....            00 00 00 00 00
008278-008289 StringBlock "events_end"
008290-008307 DataBlock
  ................ ff 00 00 00 00 00 00 00 00 00 00 00 00 00 d0 a1
  ..               8e 12
008308-008318 StringBlock "tx_effect"
008319-008333 DataBlock
  9..............  39 00 00 00 06 00 00 00 01 01 00 01 00 00 00
008334-008344 StringBlock "tx_effect"
008345-008383 DataBlock
  ................ ff ff ff ff 00 00 00 00 00 00 00 00 00 00 00 00
  ................ 00 00 00 00 00 00 00 00 00 00 00 00 00 00 00 01
  ...(...          00 00 00 28 a5 8e 12
008384-008393 StringBlock "NewState"
008394-008401 DataBlock
  .'......         10 27 00 00 0e 00 00 00
008402-008425 UnicodeBlock "effect text"
008426-008448 DataBlock
  ................ 00 00 02 00 00 00 04 00 00 00 00 00 00 00 02 00
  .......          00 00 01 00 00 00 00
008449-008510 UnicodeBlock "tx_effect_NewState_Text_7b0051"
008511-008512 DataBlock
  ..               00 00
008513-008529 StringBlock "Ingame 12, Bold"
008530-008556 DataBlock
  ................ 02 00 00 00 01 00 00 00 ff ff ff ff 00 00 00 00
  ...........      00 00 00 00 00 00 00 00 01 00 00
008557-008567 StringBlock "normal_t0"
008568-008607 DataBlock
  ................ 00 00 00 00 00 00 00 00 00 00 00 00 00 00 00 00
  ................ 00 00 00 00 00 00 00 00 00 00 00 00 00 00 00 00
  ........         00 00 00 00 00 00 00 00
008608-008619 StringBlock "events_end"
008620-008641 DataBlock
  ................ ff 00 00 00 00 00 00 00 00 00 00 00 00 00 00 00
  ......           00 00 00 a9 8e 12
008642-008657 StringBlock "tx_header_tech"
008658-008672 DataBlock
  ....I..........  0a 00 00 00 49 00 00 00 01 01 00 01 00 00 00
008673-008688 StringBlock "tx_header_tech"
008689-008727 DataBlock
  ................ ff ff ff ff 00 00 00 00 00 00 00 00 00 00 00 00
  ................ 00 00 00 00 00 00 00 00 00 00 00 00 00 00 00 01
  ...8.P.          00 00 00 38 80 50 11
008728-008738 StringBlock "\"enables\""
008739-008746 DataBlock
  D.......         44 01 00 00 11 00 00 00
008747-008788 UnicodeBlock "Enables research of:"
008789-008811 DataBlock
  ................ 00 00 02 00 00 00 04 00 00 00 00 00 00 00 01 00
  .......          00 00 01 00 00 00 00
008812-008883 UnicodeBlock "tx_header_tech_\"enables\"_Text_6007e"
008884-008885 DataBlock
  ..               00 00
008886-008902 StringBlock "Ingame 12, Bold"
008903-008929 DataBlock
  ................ 02 00 00 00 01 00 00 00 ff ff ff ff 00 00 00 00
  ...........      00 00 00 00 00 00 00 00 00 00 00
008930-008940 StringBlock "normal_t0"
008941-008980 DataBlock
  ................ 00 00 00 00 00 00 00 00 00 00 00 00 00 00 00 00
  ................ 00 00 00 00 00 00 00 00 00 00 00 00 00 00 00 00
  ........         00 00 00 00 00 00 00 00
008981-008992 StringBlock "events_end"
008993-009010 DataBlock
  ................ ff 00 00 00 00 00 00 00 00 00 00 00 00 00 f8 82
  P.               50 11
009011-009026 StringBlock "techs_list_box"
009027-009041 DataBlock
  ....\..........  0a 00 00 00 5c 00 00 00 01 01 00 01 00 00 00
009042-009057 StringBlock "techs_list_box"
009058-009114 DataBlock
  ................ ff ff ff ff 00 00 00 00 00 00 00 00 00 00 00 00
  .......P.P...... 00 00 00 01 00 00 00 50 86 50 11 00 00 f7 00 00
  .1.............. 00 31 01 00 00 b1 b3 b4 ff 00 00 00 00 00 00 00
  .....8.P.        00 01 00 00 00 38 87 50 11
009115-009124 StringBlock "NewState"
009125-009161 DataBlock
  D............... 44 01 00 00 1c 00 00 00 00 00 00 00 02 00 00 00
  ................ 00 00 00 00 00 00 00 00 01 00 00 00 01 00 00 00
  .....            00 00 00 00 00
009162-009180 StringBlock "Ingame 12, Normal"
009181-009207 DataBlock
  ................ 02 00 00 00 01 00 00 00 ff 00 00 00 00 00 00 00
  ...........      00 00 00 00 00 00 00 00 01 00 00
009208-009218 StringBlock "normal_t0"
009219-009258 DataBlock
  ................ 00 00 00 00 00 00 00 00 00 00 00 00 00 00 00 00
  ................ 00 00 00 00 00 00 00 00 00 00 00 00 00 00 00 00
  ........         00 00 00 00 00 00 00 00
009259-009270 StringBlock "events_end"
009271-009286 DataBlock
  ............ .r. ff 00 00 00 00 00 00 00 01 00 00 00 20 13 72 12
009287-009296 StringBlock "row_tech"
009297-009311 DataBlock
  ...............  00 00 00 00 00 00 00 00 01 01 00 01 00 00 00
009312-009321 StringBlock "row_tech"
009322-009378 DataBlock
  ................ ff ff ff ff 00 00 00 00 00 00 00 00 00 00 00 00
  .........P...... 00 00 00 01 00 00 00 10 8b 50 11 00 00 c8 00 00
  ................ 00 14 00 00 00 e3 df e0 ff 00 00 00 00 00 00 00
  .......P.        00 01 00 00 00 f8 8b 50 11
009379-009388 StringBlock "NewState"
009389-009425 DataBlock
  D............... 44 01 00 00 1c 00 00 00 00 00 00 00 02 00 00 00
  ................ 00 00 00 00 00 00 00 00 01 00 00 00 01 00 00 00
  .....            00 00 00 00 00
009426-009444 StringBlock "Ingame 12, Normal"
009445-009471 DataBlock
  ................ 02 00 00 00 01 00 00 00 ff 00 00 00 00 00 00 00
  ...........      00 00 00 00 00 00 00 00 01 00 00
009472-009482 StringBlock "normal_t0"
009483-009522 DataBlock
  ................ 00 00 00 00 00 00 00 00 00 00 00 00 00 00 00 00
  ................ 00 00 00 00 00 00 00 00 00 00 00 00 00 00 00 00
  ........         00 00 00 00 00 00 00 00
009523-009534 StringBlock "events_end"
009535-009550 DataBlock
  ..............r. ff 00 00 00 00 00 00 00 02 00 00 00 a0 18 72 12
009551-009556 StringBlock "icon"
009557-009571 DataBlock
  ...............  1c 00 00 00 00 00 00 00 01 01 00 01 00 00 00
009572-009577 StringBlock "icon"
009578-009634 DataBlock
  ................ ff ff ff ff 00 00 00 00 00 00 00 00 00 00 00 00
  .........r...... 00 00 00 01 00 00 00 f8 1b 72 12 00 00 1c 00 00
  ................ 00 1c 00 00 00 d8 e9 ec ff 00 00 00 00 00 00 00
  .......r.        00 01 00 00 00 e0 1c 72 12
009635-009644 StringBlock "NewState"
009645-009681 DataBlock
  ................ 18 00 00 00 18 00 00 00 00 00 00 00 02 00 00 00
  ................ 00 00 00 00 00 00 00 00 01 00 00 00 01 00 00 00
  .....            00 00 00 00 00
009682-009700 StringBlock "Ingame 12, Normal"
009701-009727 DataBlock
  ................ 02 00 00 00 01 00 00 00 ff 00 00 00 00 00 00 00
  ...........      00 00 00 00 00 00 00 00 00 00 00
009728-009738 StringBlock "normal_t0"
009739-009823 DataBlock
  ................ 00 00 00 00 00 00 00 00 00 00 00 00 00 00 00 00
  ..........r..... 00 00 00 00 01 00 00 00 f8 1b 72 12 00 00 00 00
  ................ 00 00 00 00 18 00 00 00 18 00 00 00 d8 e9 ec ff
  ................ 00 00 00 00 00 00 00 01 01 00 00 00 00 00 00 00
  ................ 00 00 00 00 00 00 00 00 00 00 00 00 00 00 00 00
  .....            00 00 00 00 00
009824-009835 StringBlock "events_end"
009836-009853 DataBlock
  ...............  ff 00 00 00 00 00 00 00 00 00 00 00 00 00 c0 20
  o.               6f 12
009854-009862 StringBlock "tx_tech"
009863-009877 DataBlock
  9..............  39 00 00 00 06 00 00 00 01 01 00 01 00 00 00
009878-009886 StringBlock "tx_tech"
009887-009925 DataBlock
  ................ ff ff ff ff 00 00 00 00 00 00 00 00 00 00 00 00
  ................ 00 00 00 00 00 00 00 00 00 00 00 00 00 00 00 01
  ....$o.          00 00 00 18 24 6f 12
009926-009935 StringBlock "NewState"
009936-009943 DataBlock
  .'......         10 27 00 00 0e 00 00 00
009944-009975 UnicodeBlock "technology item"
009976-009998 DataBlock
  ................ 00 00 02 00 00 00 04 00 00 00 00 00 00 00 02 00
  .......          00 00 01 00 00 00 00
009999-010056 UnicodeBlock "tx_tech_NewState_Text_78004b"
010057-010058 DataBlock
  ..               00 00
010059-010075 StringBlock "Ingame 12, Bold"
010076-010102 DataBlock
  ................ 02 00 00 00 01 00 00 00 ff ff ff ff 00 00 00 00
  ...........      00 00 00 00 00 00 00 00 01 00 00
010103-010113 StringBlock "normal_t0"
010114-010153 DataBlock
  ................ 00 00 00 00 00 00 00 00 00 00 00 00 00 00 00 00
  ................ 00 00 00 00 00 00 00 00 00 00 00 00 00 00 00 00
  ........         00 00 00 00 00 00 00 00
010154-010165 StringBlock "events_end"
010166-010187 DataBlock
  ................ ff 00 00 00 00 00 00 00 00 00 00 00 00 00 00 00
  ...'o.           00 00 f0 27 6f 12
010188-010210 StringBlock "tx_header_recruitment"
010211-010225 DataBlock
  ....x..........  0a 00 00 00 78 00 00 00 01 01 00 01 00 00 00
010226-010248 StringBlock "tx_header_recruitment"
010249-010287 DataBlock
  ................ ff ff ff ff 00 00 00 00 00 00 00 00 00 00 00 00
  ................ 00 00 00 00 00 00 00 00 00 00 00 00 00 00 00 02
  ...H+o.          00 00 00 48 2b 6f 12
010288-010296 StringBlock "enables"
010297-010304 DataBlock
  D.......         44 01 00 00 11 00 00 00
010305-010352 UnicodeBlock "Enables recruitment of:"
010353-010375 DataBlock
  ................ 00 00 02 00 00 00 04 00 00 00 00 00 00 00 01 00
  .......          00 00 01 00 00 00 00
010376-010459 UnicodeBlock "tx_header_recruitment_enables_Text_72006f"
010460-010461 DataBlock
  ..               00 00
010462-010478 StringBlock "Ingame 12, Bold"
010479-010505 DataBlock
  ................ 02 00 00 00 01 00 00 00 ff ff ff ff 00 00 00 00
  ...........      00 00 00 00 00 00 00 00 00 00 00
010506-010516 StringBlock "normal_t0"
010517-010556 DataBlock
  ................ 00 00 00 00 00 00 00 00 00 00 00 00 00 00 00 00
  ................ 00 00 00 00 00 00 00 00 00 00 00 00 00 00 00 00
  .....aJ.         00 00 00 00 80 61 4a 11
010557-010565 StringBlock "unlocks"
010566-010573 DataBlock
  D.......         44 01 00 00 11 00 00 00
010574-010621 UnicodeBlock "Unlocks recruitment of:"
010622-010644 DataBlock
  ................ 00 00 02 00 00 00 04 00 00 00 00 00 00 00 01 00
  .......          00 00 01 00 00 00 00
010645-010728 UnicodeBlock "tx_header_recruitment_unlocks_Text_71007d"
010729-010730 DataBlock
  ..               00 00
010731-010747 StringBlock "Ingame 12, Bold"
010748-010774 DataBlock
  ................ 02 00 00 00 01 00 00 00 ff ff ff ff 00 00 00 00
  ...........      00 00 00 00 00 00 00 00 01 00 00
010775-010785 StringBlock "normal_t0"
010786-010825 DataBlock
  ................ 00 00 00 00 00 00 00 00 00 00 00 00 00 00 00 00
  ................ 00 00 00 00 00 00 00 00 00 00 00 00 00 00 00 00
  ........         00 00 00 00 00 00 00 00
010826-010837 StringBlock "events_end"
010838-010855 DataBlock
  ...............d ff 00 00 00 00 00 00 00 00 00 00 00 00 00 d0 64
  J.               4a 11
010856-010878 StringBlock "recruitments_list_box"
010879-010893 DataBlock
  ...............  0a 00 00 00 8b 00 00 00 01 01 00 01 00 00 00
010894-010916 StringBlock "recruitments_list_box"
010917-010973 DataBlock
  ................ 02 00 00 00 00 00 00 00 00 00 00 00 00 00 00 00
  .......(hJ...... 00 00 00 01 00 00 00 28 68 4a 11 00 00 f7 00 00
  .1.............. 00 31 01 00 00 b1 b3 b4 ff 00 00 00 00 00 00 00
  ......iJ.        00 01 00 00 00 10 69 4a 11
010974-010983 StringBlock "NewState"
010984-011020 DataBlock
  D...'........... 44 01 00 00 27 00 00 00 00 00 00 00 02 00 00 00
  ................ 00 00 00 00 00 00 00 00 01 00 00 00 01 00 00 00
  .....            00 00 00 00 00
011021-011039 StringBlock "Ingame 12, Normal"
011040-011066 DataBlock
  ................ 02 00 00 00 01 00 00 00 ff 00 00 00 00 00 00 00
  ...........      00 00 00 00 00 00 00 00 01 00 00
011067-011077 StringBlock "normal_t0"
011078-011117 DataBlock
  ................ 00 00 00 00 00 00 00 00 00 00 00 00 00 00 00 00
  ................ 00 00 00 00 00 00 00 00 00 00 00 00 00 00 00 00
  ........         00 00 00 00 00 00 00 00
011118-011129 StringBlock "events_end"
011130-011145 DataBlock
  ............8.t. ff 00 00 00 00 00 00 00 01 00 00 00 38 a0 74 12
011146-011162 StringBlock "row_recruitment"
011163-011177 DataBlock
  ...............  00 00 00 00 00 00 00 00 01 01 00 01 00 00 00
011178-011194 StringBlock "row_recruitment"
011195-011251 DataBlock
  ................ ff ff ff ff 00 00 00 00 00 00 00 00 00 00 00 00
  ........lJ...... 00 00 00 01 00 00 00 e8 6c 4a 11 00 00 c8 00 00
  ................ 00 14 00 00 00 e3 df e0 ff 00 00 00 00 00 00 00
  .......t.        00 01 00 00 00 90 a3 74 12
011252-011261 StringBlock "NewState"
011262-011298 DataBlock
  D...'........... 44 01 00 00 27 00 00 00 00 00 00 00 02 00 00 00
  ................ 00 00 00 00 00 00 00 00 01 00 00 00 01 00 00 00
  .....            00 00 00 00 00
011299-011317 StringBlock "Ingame 12, Normal"
011318-011344 DataBlock
  ................ 02 00 00 00 01 00 00 00 ff 00 00 00 00 00 00 00
  ...........      00 00 00 00 00 00 00 00 01 00 00
011345-011355 StringBlock "normal_t0"
011356-011395 DataBlock
  ................ 00 00 00 00 00 00 00 00 00 00 00 00 00 00 00 00
  ................ 00 00 00 00 00 00 00 00 00 00 00 00 00 00 00 00
  ........         00 00 00 00 00 00 00 00
011396-011407 StringBlock "events_end"
011408-011423 DataBlock
  ..............t. ff 00 00 00 00 00 00 00 04 00 00 00 e0 a6 74 12
011424-011430 StringBlock "frame"
011431-011445 DataBlock
  ...............  1c 00 00 00 02 00 00 00 01 01 00 01 00 00 00
011446-011452 StringBlock "frame"
011453-011497 DataBlock
  ................ ff ff ff ff 00 00 00 00 00 00 00 00 00 00 00 00
  .......8.t...... 00 00 00 02 00 00 00 38 aa 74 12 00 00 1c 00 00
  ......... .t.    00 1c 00 00 00 d8 e9 ec ff 20 ab 74 12
011498-011537 ImagePathBlock "UI/Templates\\Skins\\card_frame_mini.tga"
011538-011565 DataBlock
  ....#........... 1b 00 00 00 23 00 00 00 ff ff ff ff 00 00 00 00
  ..........t.     00 00 00 00 01 00 00 00 08 ac 74 12
011566-011575 StringBlock "NewState"
011576-011612 DataBlock
  ....$........... 1b 00 00 00 24 00 00 00 00 00 00 00 02 00 00 00
  ................ 00 00 00 00 00 00 00 00 01 00 00 00 01 00 00 00
  .....            00 00 00 00 00
011613-011631 StringBlock "Ingame 12, Normal"
011632-011658 DataBlock
  ................ 02 00 00 00 01 00 00 00 ff 00 00 00 00 00 00 00
  ...........      00 00 00 00 00 00 00 00 00 00 00
011659-011669 StringBlock "normal_t0"
011670-011754 DataBlock
  ................ 00 00 00 00 00 00 00 00 00 00 00 00 00 00 00 00
  ........ .t..... 00 00 00 00 01 00 00 00 20 ab 74 12 00 00 00 00
  ........$....... 00 00 00 00 1b 00 00 00 24 00 00 00 ff ff ff ff
  ................ 00 00 00 00 00 00 00 01 01 00 00 00 00 00 00 00
  ................ 00 00 00 00 00 00 00 00 00 00 00 00 00 00 00 00
  .....            00 00 00 00 00
011755-011766 StringBlock "events_end"
011767-011784 DataBlock
  ..............`r ff 00 00 00 00 00 00 00 00 00 00 00 00 00 60 72
  k.               6b 12
011785-011790 StringBlock "icon"
011791-011805 DataBlock
  ...............  1c 00 00 00 02 00 00 00 01 01 00 01 00 00 00
011806-011811 StringBlock "icon"
011812-011838 DataBlock
  ................ ff ff ff ff 00 00 00 00 00 00 00 00 00 00 00 00
  ........uk.      00 00 00 02 00 00 00 b8 75 6b 12
011839-011871 ImagePathBlock "UI/Templates\\Skins\\portrait.tga"
011872-011887 DataBlock
  B...X........xk. 42 00 00 00 58 00 00 00 ff ff ff ff 10 78 6b 12
011888-011920 ImagePathBlock "UI/Templates\\Skins\\frame_x2.tga"
011921-011948 DataBlock
  B...X........... 42 00 00 00 58 00 00 00 ff ff ff ff 00 00 00 00
  .........yk.     00 00 00 00 01 00 00 00 b0 79 6b 12
011949-011958 StringBlock "NewState"
011959-011995 DataBlock
  ....$........... 1b 00 00 00 24 00 00 00 00 00 00 00 02 00 00 00
  ................ 00 00 00 00 00 00 00 00 01 00 00 00 01 00 00 00
  .....            00 00 00 00 00
011996-012014 StringBlock "Ingame 12, Normal"
012015-012041 DataBlock
  ................ 02 00 00 00 01 00 00 00 ff 00 00 00 00 00 00 00
  ...........      00 00 00 00 00 00 00 00 00 00 00
012042-012052 StringBlock "normal_t0"
012053-012182 DataBlock
  ................ 00 00 00 00 00 00 00 00 00 00 00 00 00 00 00 00
  .........uk..... 00 00 00 00 02 00 00 00 b8 75 6b 12 00 00 00 00
  ........$....... 00 00 00 00 1b 00 00 00 24 00 00 00 ff ff ff ff
  ................ 00 00 00 00 00 00 00 01 01 00 00 00 00 00 00 00
  ......xk........ 00 00 00 00 00 10 78 6b 12 00 00 00 00 00 00 00
  .....$.......... 00 1b 00 00 00 24 00 00 00 ff ff ff ff 00 00 00
  ................ 00 00 00 00 01 01 00 00 00 00 00 00 00 00 00 00
  ................ 00 00 00 00 00 00 00 00 00 00 00 00 00 00 00 00
  ..               00 00
012183-012194 StringBlock "events_end"
012195-012212 DataBlock
  ................ ff 00 00 00 00 00 00 00 00 00 00 00 00 00 a8 10
  G.               47 11
012213-012221 StringBlock "tx_tech"
012222-012236 DataBlock
  :..............  3a 00 00 00 0d 00 00 00 01 01 00 01 00 00 00
012237-012245 StringBlock "tx_tech"
012246-012284 DataBlock
  ................ ff ff ff ff 00 00 00 00 00 00 00 00 00 00 00 00
  ................ 00 00 00 00 00 00 00 00 00 00 00 00 00 00 00 01
  .....G.          00 00 00 00 14 47 11
012285-012294 StringBlock "NewState"
012295-012302 DataBlock
  .'......         10 27 00 00 0e 00 00 00
012303-012336 UnicodeBlock "recruitment item"
012337-012359 DataBlock
  ................ 00 00 02 00 00 00 04 00 00 00 00 00 00 00 02 00
  .......          00 00 01 00 00 00 00
012360-012417 UnicodeBlock "tx_tech_NewState_Text_44000d"
012418-012419 DataBlock
  ..               00 00
012420-012436 StringBlock "Ingame 12, Bold"
012437-012463 DataBlock
  ................ 02 00 00 00 01 00 00 00 ff ff ff ff 00 00 00 00
  ...........      00 00 00 00 00 00 00 00 01 00 00
012464-012474 StringBlock "normal_t0"
012475-012514 DataBlock
  ................ 00 00 00 00 00 00 00 00 00 00 00 00 00 00 00 00
  ................ 00 00 00 00 00 00 00 00 00 00 00 00 00 00 00 00
  ........         00 00 00 00 00 00 00 00
012515-012526 StringBlock "events_end"
012527-012544 DataBlock
  ................ ff 00 00 00 00 00 00 00 00 00 00 00 00 00 d8 17
  G.               47 11
012545-012555 StringBlock "frame_red"
012556-012570 DataBlock
  ...............  1c 00 00 00 02 00 00 00 01 01 00 01 00 00 00
012571-012581 StringBlock "frame_red"
012582-012608 DataBlock
  ................ ff ff ff ff 00 00 00 00 00 00 00 00 00 00 00 00
  .......0.G.      00 00 00 01 00 00 00 30 1b 47 11
012609-012642 ImagePathBlock "UI/Templates\\Skins\\frame_red.tga"
012643-012670 DataBlock
  B...X........... 42 00 00 00 58 00 00 00 ff ff ff ff 00 00 00 00
  ........ ...     00 00 00 00 01 00 00 00 20 d2 8d 12
012671-012680 StringBlock "NewState"
012681-012717 DataBlock
  ....$........... 1b 00 00 00 24 00 00 00 00 00 00 00 02 00 00 00
  ................ 00 00 00 00 00 00 00 00 01 00 00 00 01 00 00 00
  .....            00 00 00 00 00
012718-012736 StringBlock "Ingame 12, Normal"
012737-012763 DataBlock
  ................ 02 00 00 00 01 00 00 00 ff 00 00 00 00 00 00 00
  ...........      00 00 00 00 00 00 00 00 00 00 00
012764-012774 StringBlock "normal_t0"
012775-012859 DataBlock
  ................ 00 00 00 00 00 00 00 00 00 00 00 00 00 00 00 00
  ........0.G..... 00 00 00 00 01 00 00 00 30 1b 47 11 00 00 00 00
  ........$....... 00 00 00 00 1b 00 00 00 24 00 00 00 ff ff ff ff
  ................ 00 00 00 00 00 00 00 01 01 00 00 00 00 00 00 00
  ................ 00 00 00 00 00 00 00 00 00 00 00 00 00 00 00 00
  .....            00 00 00 00 00
012860-012871 StringBlock "events_end"
012872-012887 DataBlock
  ................ ff 00 00 00 00 00 00 00 00 00 00 00 00 00 00 00
012888-012923 StringBlock "template.recruitments_list_box.lua"
012924-012963 StringBlock "template.construction_item_tooltip.lua"
012964-012965 DataBlock
  ..               00 00
