000000-000009 VersionBlock 39
000010-000013 RootIDBlock 302840512
000014-000019 StringBlock "root"
000020-000093 DataBlock
  ................ 00 00 00 00 00 00 00 00 01 01 00 01 00 00 00 00
  ................ 00 ff ff ff ff 00 00 00 00 00 00 00 00 00 00 00
  ................ 00 00 00 00 01 00 00 00 d8 89 01 12 00 00 00 05
  ................ 00 00 c0 03 00 00 c0 c0 c0 ff 00 00 00 00 00 00
  ......@r..       00 00 01 00 00 00 40 72 14 12
000094-000103 StringBlock "NewState"
000104-000140 DataBlock
  ................ 00 05 00 00 c0 03 00 00 00 00 00 00 02 00 00 00
  ................ 00 00 00 00 00 00 00 00 01 00 00 00 01 00 00 00
  .....            00 00 00 00 00
000141-000159 FontNameBlock "Ingame 12, Normal"
000160-000186 DataBlock
  ................ 02 00 00 00 01 00 00 00 ff 00 00 00 00 00 00 00
  ...........      00 00 00 00 00 00 00 00 01 00 00
000187-000197 T0Block "normal_t0"
000198-000282 DataBlock
  ................ 00 00 00 00 00 00 00 00 00 00 00 00 00 00 00 00
  ................ 00 00 00 00 01 00 00 00 d8 89 01 12 00 00 00 00
  ................ 00 00 00 00 00 05 00 00 c0 03 00 00 c0 c0 c0 ff
  ................ 00 00 00 00 00 00 00 01 01 00 00 00 00 00 00 00
  ................ 00 00 00 00 00 00 00 00 00 00 00 00 00 00 00 00
  .....            00 00 00 00 00
000283-000294 EventListBlock "\n\x00events_end"
000295-000310 DataBlock
  .............y.. 00 00 00 00 00 00 00 00 01 00 00 00 f8 79 f3 11
000311-000324 StringBlock "button_timer"
000325-000339 DataBlock
  ..../..........  06 02 00 00 2f 01 00 00 01 01 00 01 00 00 00
000340-000353 StringBlock "button_timer"
000354-000392 DataBlock
  ................ ff ff ff ff 00 00 00 00 00 00 00 00 00 00 00 00
  ................ 00 00 00 00 00 00 00 00 00 00 00 00 00 00 00 01
  .......          00 00 00 c0 86 14 12
000393-000402 StringBlock "NewState"
000403-000439 DataBlock
  4...5........... 34 00 00 00 35 00 00 00 00 00 00 00 02 00 00 00
  ................ 00 00 00 00 00 00 00 00 01 00 00 00 01 00 00 00
  .....            00 00 00 00 00
000440-000458 FontNameBlock "Ingame 12, Normal"
000459-000485 DataBlock
  ................ 02 00 00 00 01 00 00 00 ff 00 00 00 00 00 00 00
  ...........      00 00 00 00 00 00 00 00 00 00 00
000486-000496 T0Block "normal_t0"
000497-000536 DataBlock
  ................ 00 00 00 00 00 00 00 00 00 00 00 00 00 00 00 00
  ................ 00 00 00 00 00 00 00 00 00 00 00 00 00 00 00 00
  ........         00 00 00 00 00 00 00 00
000537-000582 EventListBlock "\n\x00events_end"
000583-000598 DataBlock
  ............8... 00 00 00 00 00 00 00 00 02 00 00 00 38 a0 02 12
000599-000604 StringBlock "halo"
000605-000619 DataBlock
  ...............  f7 ff ff ff 00 00 00 00 01 01 00 01 00 00 00
000620-000625 StringBlock "halo"
000626-000644 DataBlock
  ................ ff ff ff ff 00 00 00 00 02 00 00 00 00 00 00 00
  ...              00 00 00
000645-000784 ImageListBlock 2 elements:
  000649-000713 ImageBlock id=302902712 xsize=70 ysize=71 path="UI\\Campaign UI\\Skins\\timed_button_selection.tga" unknown=4294967295
  000714-000784 ImageBlock id=302162696 xsize=70 ysize=71 path="UI\\Campaign UI\\Skins\\timed_button_selection_green.tga" unknown=4294967295
000785-000888 DataBlock
  .............s.. 00 00 00 00 00 00 00 00 02 00 00 00 d8 73 14 12
  ..redF...G...... 03 00 72 65 64 46 00 00 00 47 00 00 00 00 00 00
  ................ 00 02 00 00 00 00 00 00 00 00 00 00 00 01 00 00
  ............Inga 00 01 00 00 00 00 00 00 00 00 11 00 49 6e 67 61
  me 12, Normal... 6d 65 20 31 32 2c 20 4e 6f 72 6d 61 6c 02 00 00
  ................ 00 01 00 00 00 ff 00 00 00 00 00 00 00 00 00 00
  ........         00 00 00 00 00 00 00 00
000889-000899 T0Block "normal_t0"
000900-000984 DataBlock
  ................ 00 00 00 00 00 00 00 00 00 00 00 00 00 00 00 00
  ................ 00 00 00 00 01 00 00 00 b8 ed 0d 12 00 00 00 00
  ....F...G....... f6 ff ff ff 46 00 00 00 47 00 00 00 ff ff ff ff
  ................ 00 00 00 00 00 00 00 01 01 00 00 00 00 00 00 00
  ................ 00 00 00 00 00 00 00 00 00 00 00 00 00 00 00 00
  .pu..            00 70 75 14 12
000985-000991 StringBlock "green"
000992-001028 DataBlock
  F...G........... 46 00 00 00 47 00 00 00 00 00 00 00 02 00 00 00
  ................ 00 00 00 00 00 00 00 00 01 00 00 00 01 00 00 00
  .....            00 00 00 00 00
001029-001047 FontNameBlock "Ingame 12, Normal"
001048-001074 DataBlock
  ................ 02 00 00 00 01 00 00 00 ff 00 00 00 00 00 00 00
  ...........      00 00 00 00 00 00 00 00 01 00 00
001075-001085 T0Block "normal_t0"
001086-001170 DataBlock
  ................ 00 00 00 00 00 00 00 00 00 00 00 00 00 00 00 00
  ................ 00 00 00 00 01 00 00 00 08 a3 02 12 00 00 00 00
  ....F...G....... f6 ff ff ff 46 00 00 00 47 00 00 00 ff ff ff ff
  ................ 00 00 00 00 00 00 00 01 01 00 00 00 00 00 00 00
  ................ 00 00 00 00 00 00 00 00 00 00 00 00 00 00 00 00
  .....            00 00 00 00 00
001171-001182 EventListBlock "\n\x00events_end"
001183-001200 DataBlock
  ...............K 00 00 00 00 00 00 00 00 00 00 00 00 00 00 e8 4b
  ..               0c 12
001201-001208 StringBlock "spacer"
001209-001223 DataBlock
  ....3..........  19 00 00 00 33 00 00 00 00 00 00 01 00 00 00
001224-001231 StringBlock "spacer"
001232-001270 DataBlock
  ................ ff ff ff ff 00 00 00 00 08 00 00 00 00 00 00 00
  ................ 00 00 00 00 00 00 00 00 00 00 00 00 00 00 00 01
  .......          00 00 00 c8 12 f6 11
001271-001280 StringBlock "NewState"
001281-001317 DataBlock
  ................ 02 00 00 00 02 00 00 00 00 00 00 00 02 00 00 00
  ................ 00 00 00 00 00 00 00 00 01 00 00 00 01 00 00 00
  .....            00 00 00 00 00
001318-001336 FontNameBlock "Ingame 12, Normal"
001337-001363 DataBlock
  ................ 02 00 00 00 01 00 00 00 ff 00 00 00 00 00 00 00
  ...........      00 00 00 00 00 00 00 00 00 00 00
001364-001374 T0Block "normal_t0"
001375-001414 DataBlock
  ................ 00 00 00 00 00 00 00 00 00 00 00 00 00 00 00 00
  ................ 00 00 00 00 00 00 00 00 00 00 00 00 00 00 00 00
  ........         00 00 00 00 00 00 00 00
001415-001426 EventListBlock "\n\x00events_end"
001427-001442 DataBlock
  ................ 00 00 00 00 00 00 00 00 01 00 00 00 88 16 0d 12
001443-001454 StringBlock "time_label"
001455-001469 DataBlock
  ...............  e3 ff ff ff 02 00 00 00 01 00 00 01 00 00 00
001470-001481 StringBlock "time_label"
001482-001485 DataBlock
  ....             ff ff ff ff
001486-001635 UnicodeBlock "When this timer runs out, the button above will be selected automatically."
001636-001687 UnicodeBlock "time_label_Tooltip_300076"
001688-001698 DataBlock
  ...........      05 00 00 00 00 00 00 00 00 00 00
001699-001818 ImageListBlock 2 elements:
  001703-001759 ImageBlock id=302850104 xsize=11 ysize=22 path="UI\\Campaign UI\\Skins\\red_label_side.tga" unknown=4294967295
  001760-001818 ImageBlock id=302850392 xsize=11 ysize=22 path="UI\\Campaign UI\\Skins\\red_label_center.tga" unknown=4294967295
001819-001852 DataBlock
  ............`... 00 00 00 00 00 00 00 00 01 00 00 00 60 14 f6 11
  ..NewState<..... 08 00 4e 65 77 53 74 61 74 65 3c 00 00 00 16 00
  ..               00 00
001853-001864 UnicodeBlock "00:00"
001865-001887 DataBlock
  ................ 00 00 04 00 00 00 04 00 00 00 00 00 00 00 01 00
  .......          00 00 01 00 00 00 00
001888-001949 UnicodeBlock "time_label_NewState_Text_80041"
001950-001951 DataBlock
  ..               00 00
001952-001968 FontNameBlock "Ingame 12, Bold"
001969-001995 DataBlock
  ................ 02 00 00 00 01 00 00 00 ff ff ff ff 00 00 00 00
  ...........      00 00 00 00 00 00 00 00 00 00 00
001996-002006 T0Block "normal_t0"
002007-002181 DataBlock
  ................ 00 00 00 00 00 00 00 00 00 00 00 00 00 00 00 00
  ........8 ...... 00 00 00 00 03 00 00 00 38 20 0d 12 00 00 00 00
  ................ 00 00 00 00 0b 00 00 00 16 00 00 00 ff ff ff ff
  ................ 00 00 00 04 00 00 00 00 00 00 00 00 00 00 00 00
  .....X!......... 00 00 00 00 00 58 21 0d 12 0b 00 00 00 00 00 00
  .&.............. 00 26 00 00 00 16 00 00 00 ff ff ff ff 00 00 00
  ................ 05 00 00 00 01 00 00 00 00 00 00 00 00 00 00 00
  ..8 ..1......... 00 00 38 20 0d 12 31 00 00 00 00 00 00 00 0b 00
  ................ 00 00 16 00 00 00 ff ff ff ff 00 01 00 06 00 00
  ................ 00 00 00 00 00 00 00 00 00 00 00 00 00 00 00 00
  ...............  00 00 00 00 00 00 00 00 00 00 00 00 00 00 00
002182-002193 EventListBlock "\n\x00events_end"
002194-002213 DataBlock
  ................ 00 00 00 00 00 00 00 00 00 00 00 00 00 00 00 00
  ....             00 00 00 00
