000000-000009 VersionBlock 39
000010-000013 RootIDBlock 317994032
000014-000019 StringBlock "root"
000020-000093 DataBlock
  ................ 00 00 00 00 00 00 00 00 01 01 00 01 00 00 00 00
  ................ 00 ff ff ff ff 00 00 00 00 00 00 00 00 00 00 00
  ........`q...... 00 00 00 00 01 00 00 00 60 71 b1 07 00 00 00 05
  ................ 00 00 00 04 00 00 bb ff be ff 00 00 00 00 00 00
  .......9..       00 00 01 00 00 00 18 39 f4 12
000094-000103 StringBlock "NewState"
000104-000140 DataBlock
  ................ 00 05 00 00 00 04 00 00 00 00 00 00 02 00 00 00
  ................ 00 00 00 00 00 00 00 00 01 00 00 00 01 00 00 00
  .....            00 00 00 00 00
000141-000159 FontNameBlock "Ingame 12, Normal"
000160-000186 DataBlock
  ................ 02 00 00 00 01 00 00 00 ff 00 00 00 00 00 00 00
  ...........      00 00 00 00 00 00 00 00 01 00 00
000187-000197 T0Block "normal_t0"
000198-000282 DataBlock
  ................ 00 00 00 00 00 00 00 00 00 00 00 00 00 00 00 00
  ........`q...... 00 00 00 00 01 00 00 00 60 71 b1 07 00 00 00 00
  ................ 00 00 00 00 00 05 00 00 00 04 00 00 bb ff be ff
  ................ 00 00 00 00 00 00 00 01 01 00 00 00 00 00 00 00
  ................ 00 00 00 00 00 00 00 00 00 00 00 00 00 00 00 00
  .....            00 00 00 00 00
000283-000294 EventListBlock []
000295-000310 DataBlock
  .............=.. 00 00 00 00 00 00 00 00 01 00 00 00 18 3d f4 12
000311-000321 StringBlock "pip_frame"
000322-000336 DataBlock
  ....0..........  01 00 00 00 30 02 00 00 01 01 00 01 00 00 00
000337-000352 StringBlock "custom_control"
000353-000369 DataBlock
  .............8B. ff ff ff ff 00 00 00 00 02 00 00 00 00 38 42 f4
  .                12
000370-000476 StringBlock "function OnMouseLClickUp()\r\nout.tom(\"PIP Clicked\")\r\n BattleUI.CameraZoomToPictureInPictureLocation()\r\nend"
000477-000496 DataBlock
  ................ 00 00 00 00 00 00 00 00 00 00 00 00 01 00 00 00
  8B..             38 42 f4 12
000497-000506 StringBlock "NewState"
000507-000543 DataBlock
  ................ 90 01 00 00 90 01 00 00 00 00 00 00 02 00 00 00
  ................ 00 00 00 00 00 00 00 00 01 00 00 00 01 00 00 00
  .....            00 00 00 00 00
000544-000562 FontNameBlock "Ingame 12, Normal"
000563-000589 DataBlock
  ................ 02 00 00 00 01 00 00 00 ff 00 00 00 00 00 00 00
  ...........      00 00 00 00 00 00 00 00 01 00 00
000590-000600 T0Block "normal_t0"
000601-000640 DataBlock
  ................ 00 00 00 00 00 00 00 00 00 00 00 00 00 00 00 00
  ................ 00 00 00 00 00 00 00 00 00 00 00 00 00 00 00 00
  ........         00 00 00 00 00 00 00 00
000641-000686 EventListBlock ["OnMouseLClickUp", "OnMouseLClickUp"]
000687-000702 DataBlock
  .............O.. 07 00 00 00 00 00 00 00 02 00 00 00 98 4f f4 12
000703-000718 StringBlock "custom_control"
000719-000774 DataBlock
  ................ 08 00 00 00 08 00 00 00 01 01 00 01 00 00 00 00
  ..............PL 00 ff ff ff ff 00 00 00 00 00 00 00 00 00 50 4c
  ................ f4 12 00 00 00 00 00 00 00 00 00 00 00 00 00 00
  ....PL..         01 00 00 00 50 4c f4 12
000775-000784 StringBlock "NewState"
000785-000821 DataBlock
  ................ 80 01 00 00 80 01 00 00 00 00 00 00 02 00 00 00
  ................ 00 00 00 00 00 00 00 00 01 00 00 00 01 00 00 00
  .....            00 00 00 00 00
000822-000840 FontNameBlock "Ingame 12, Normal"
000841-000867 DataBlock
  ................ 02 00 00 00 01 00 00 00 ff 00 00 00 00 00 00 00
  ...........      00 00 00 00 00 00 00 00 00 00 00
000868-000878 T0Block "normal_t0"
000879-000918 DataBlock
  ................ 00 00 00 00 00 00 00 00 00 00 00 00 00 00 00 00
  ................ 00 00 00 00 00 00 00 00 00 00 00 00 00 00 00 00
  ........         00 00 00 00 00 00 00 00
000919-000930 EventListBlock []
000931-000948 DataBlock
  ..............@E 07 00 00 00 00 00 00 00 00 00 00 00 00 00 40 45
  ..               f4 12
000949-000955 StringBlock "frame"
000956-000995 DataBlock
  ................ 00 00 00 00 00 00 00 00 01 01 00 01 00 00 00 00
  ................ 00 ff ff ff ff 00 00 00 00 00 00 00 00 00 00 00
  ........         00 00 00 00 03 00 00 00
000996-001058 ImageBlock id=129142512 xsize=16 ysize=16 path="UI/Battle UI/Skins/scroll_frame_corner_16.tga" unknown=4294967295
001059-001120 ImageBlock id=318002632 xsize=16 ysize=16 path="UI/Battle UI/Skins/scroll_frame_edge_16h.tga" unknown=4294967295
001121-001182 ImageBlock id=317389656 xsize=16 ysize=16 path="UI/Battle UI/Skins/scroll_frame_edge_16v.tga" unknown=4294967295
001183-001198 DataBlock
  ............X... 00 00 00 00 00 00 00 00 01 00 00 00 58 cc eb 12
001199-001208 StringBlock "NewState"
001209-001245 DataBlock
  ................ 90 01 00 00 90 01 00 00 00 00 00 00 02 00 00 00
  ................ 00 00 00 00 00 00 00 00 01 00 00 00 01 00 00 00
  .....            00 00 00 00 00
001246-001264 FontNameBlock "Ingame 12, Normal"
001265-001291 DataBlock
  ................ 02 00 00 00 01 00 00 00 00 00 00 ff 00 00 00 00
  ...........      00 00 00 00 00 00 00 00 00 00 00
001292-001302 T0Block "normal_t0"
001303-001702 DataBlock
  ................ 00 00 00 00 00 00 00 00 00 00 00 00 00 00 00 00
  ................ 00 00 00 00 08 00 00 00 f0 8e b2 07 00 00 00 00
  ................ 00 00 00 00 10 00 00 00 10 00 00 00 ff ff ff ff
  ................ 00 00 00 01 00 00 00 00 00 00 00 00 00 00 00 00
  ................ 00 00 00 00 00 f0 8e b2 07 80 01 00 00 00 00 00
  ................ 00 10 00 00 00 10 00 00 00 ff ff ff ff 00 01 00
  ................ 03 00 00 00 00 00 00 00 00 00 00 00 00 00 00 00
  ................ 00 00 f0 8e b2 07 00 00 00 00 80 01 00 00 10 00
  ................ 00 00 10 00 00 00 ff ff ff ff 00 00 01 07 00 00
  ................ 00 00 00 00 00 00 00 00 00 00 00 00 00 00 00 f0
  ................ 8e b2 07 80 01 00 00 80 01 00 00 10 00 00 00 10
  ................ 00 00 00 ff ff ff ff 00 01 01 09 00 00 00 00 00
  ............X... 00 00 00 00 00 00 00 00 00 00 00 00 58 fb ea 12
  ............p... 00 00 00 00 10 00 00 00 10 00 00 00 70 01 00 00
  ................ ff ff ff ff 01 00 00 04 00 00 00 00 01 00 00 00
  .........X...... 00 00 00 00 00 00 00 00 00 58 fb ea 12 80 01 00
  .........p...... 00 10 00 00 00 10 00 00 00 70 01 00 00 ff ff ff
  ................ ff 01 01 00 06 00 00 00 00 01 00 00 00 00 00 00
  .......U........ 00 00 00 00 00 00 c8 55 f4 12 10 00 00 00 00 00
  ..p............. 00 00 70 01 00 00 10 00 00 00 ff ff ff ff 01 00
  ................ 00 02 00 00 00 01 00 00 00 00 00 00 00 00 00 00
  ....U..........p 00 00 00 c8 55 f4 12 10 00 00 00 80 01 00 00 70
  ................ 01 00 00 10 00 00 00 ff ff ff ff 01 00 01 08 00
  ................ 00 00 01 00 00 00 00 00 00 00 00 00 00 00 00 00
  ................ 00 00 00 00 00 00 00 00 00 00 00 00 00 00 00 00
001703-001739 EventListBlock ["OnDock", "DockHudRelative"]
001740-001757 DataBlock
  ................ 07 00 00 00 00 00 00 00 00 00 00 00 00 00 00 00
  ..               00 00
