000000-000009 VersionBlock 39
000010-000013 DataBlock
  .+'.             1c 2b 27 13
000014-000019 StringBlock "root"
000020-000093 DataBlock
  ................ 00 00 00 00 00 00 00 00 01 01 00 01 00 00 00 00
  ..............|z 00 ff ff ff ff 00 00 00 00 00 00 00 00 00 7c 7a
  ..............@. 10 13 00 00 01 00 00 00 c4 c9 0d 13 00 00 40 06
  ................ 00 00 c0 03 00 00 be ff bb ff 00 00 00 00 00 00
  ......|z..       00 00 01 00 00 00 7c 7a 10 13
000094-000103 StringBlock "NewState"
000104-000140 DataBlock
  @............... 40 06 00 00 c0 03 00 00 00 00 00 00 02 00 00 00
  ................ 00 00 00 00 00 00 00 00 01 00 00 00 01 00 00 00
  .....            00 00 00 00 00
000141-000159 StringBlock "Ingame 12, Normal"
000160-000186 DataBlock
  ................ 02 00 00 00 01 00 00 00 ff 00 00 00 00 00 00 00
  ...........      00 00 00 00 00 00 00 00 01 00 00
000187-000197 StringBlock "normal_t0"
000198-000282 DataBlock
  ................ 00 00 00 00 00 00 00 00 00 00 00 00 00 00 00 00
  ................ 00 00 00 00 01 00 00 00 c4 c9 0d 13 00 00 00 00
  ....@........... 00 00 00 00 40 06 00 00 c0 03 00 00 be ff bb ff
  ................ 00 00 00 00 00 00 00 01 01 00 00 00 00 00 00 00
  ................ 00 00 00 00 00 00 00 00 00 00 00 00 00 00 00 00
  .....            00 00 00 00 00
000283-000294 StringBlock "events_end"
000295-000310 DataBlock
  ................ 00 00 00 00 00 00 00 00 01 00 00 00 14 9b 13 13
000311-000332 StringBlock "TechTreeItem_Tooltip"
000333-000347 DataBlock
  9...{..........  39 02 00 00 7b 01 00 00 01 01 00 01 00 00 00
000348-000369 StringBlock "TechTreeItem_Tooltip"
000370-000396 DataBlock
  ................ 11 00 00 00 00 00 00 00 00 00 00 00 00 00 00 00
  ...........      00 00 00 09 00 00 00 bc cd 0d 13
000397-000431 ImagePathBlock "UI/Templates/Skins/tooltip_tl.tga"
000432-000447 DataBlock
  ................ 08 00 00 00 08 00 00 00 ff ff ff ff b4 ce 0d 13
000448-000481 ImagePathBlock "UI/Templates/Skins/tooltip_b.tga"
000482-000497 DataBlock
  ................ 08 00 00 00 08 00 00 00 ff ff ff ff bc ca 0d 13
000498-000532 ImagePathBlock "UI/Templates/Skins/tooltip_bl.tga"
000533-000548 DataBlock
  ............,v.. 08 00 00 00 08 00 00 00 ff ff ff ff 2c 76 1f 13
000549-000583 ImagePathBlock "UI/Templates/Skins/tooltip_br.tga"
000584-000599 DataBlock
  .............T.. 08 00 00 00 08 00 00 00 ff ff ff ff cc 54 10 13
000600-000633 ImagePathBlock "UI/Templates/Skins/tooltip_l.tga"
000634-000649 DataBlock
  ................ 08 00 00 00 08 00 00 00 ff ff ff ff ac ce 11 13
000650-000683 ImagePathBlock "UI/Templates/Skins/tooltip_r.tga"
000684-000699 DataBlock
  ............4{.. 08 00 00 00 08 00 00 00 ff ff ff ff 34 7b 1f 13
000700-000733 ImagePathBlock "UI/Templates/Skins/tooltip_t.tga"
000734-000749 DataBlock
  ............l... 08 00 00 00 08 00 00 00 ff ff ff ff 6c ee 0f 13
000750-000784 ImagePathBlock "UI/Templates/Skins/tooltip_tr.tga"
000785-000830 DataBlock
  ............d.8. 08 00 00 00 08 00 00 00 ff ff ff ff 64 1e 38 13
  ..<...|......... 00 00 3c 01 00 00 7c 00 00 00 ff ff ff ff 00 00
  ..............   00 00 00 00 00 00 01 00 00 00 f4 aa 0b 13
000831-000838 StringBlock "normal"
000839-000875 DataBlock
  q............... 71 01 00 00 dd 00 00 00 00 00 00 00 02 00 00 00
  ................ 00 00 00 00 00 00 00 00 01 00 00 00 01 00 00 00
  .....            00 00 00 00 00
000876-000894 StringBlock "Ingame 12, Normal"
000895-000921 DataBlock
  ................ 02 00 00 00 01 00 00 00 ff 00 00 00 00 00 00 00
  ...........      00 00 00 00 00 00 00 00 00 00 00
000922-000932 StringBlock "normal_t0"
000933-001377 DataBlock
  ................ 00 00 00 00 00 00 00 00 00 00 00 00 00 00 00 00
  ........d.8..... 00 00 00 00 09 00 00 00 64 1e 38 13 00 00 00 00
  ....q........... 00 00 00 00 71 01 00 00 dd 00 00 00 00 00 00 c8
  ................ 00 00 00 00 00 00 00 01 01 00 00 00 00 00 00 00
  ................ 00 00 00 00 00 bc cd 0d 13 00 00 00 00 00 00 00
  ................ 00 08 00 00 00 08 00 00 00 ff ff ff ff 00 00 00
  ................ 01 00 00 00 00 00 00 00 00 00 00 00 00 00 00 00
  ..l...i......... 00 00 6c ee 0f 13 69 01 00 00 00 00 00 00 08 00
  ................ 00 00 08 00 00 00 ff ff ff ff 00 00 00 03 00 00
  ................ 00 00 00 00 00 00 00 00 00 00 00 00 00 00 00 bc
  ................ ca 0d 13 00 00 00 00 d5 00 00 00 08 00 00 00 08
  ................ 00 00 00 ff ff ff ff 00 00 00 07 00 00 00 00 00
  ............,v.. 00 00 00 00 00 00 00 00 00 00 00 00 2c 76 1f 13
  i............... 69 01 00 00 d5 00 00 00 08 00 00 00 08 00 00 00
  ................ ff ff ff ff 00 00 00 09 00 00 00 00 00 00 00 00
  .........4{..... 00 00 00 00 00 00 00 00 00 34 7b 1f 13 08 00 00
  .....a.......... 00 00 00 00 00 61 01 00 00 08 00 00 00 ff ff ff
  ................ ff 00 00 00 02 00 00 00 01 00 00 00 00 00 00 00
  .......T........ 00 00 00 00 00 00 cc 54 10 13 00 00 00 00 08 00
  ................ 00 00 08 00 00 00 cd 00 00 00 ff ff ff ff 00 00
  ................ 00 04 00 00 00 00 01 00 00 00 00 00 00 00 00 00
  .......i........ 00 00 00 ac ce 11 13 69 01 00 00 08 00 00 00 08
  ................ 00 00 00 cd 00 00 00 ff ff ff ff 00 00 00 06 00
  ................ 00 00 00 01 00 00 00 00 00 00 00 00 00 00 00 00
  ............a... b4 ce 0d 13 08 00 00 00 d5 00 00 00 61 01 00 00
  ................ 08 00 00 00 ff ff ff ff 00 00 00 08 00 00 00 01
  ................ 00 00 00 00 00 00 00 00 00 00 00 00 00 00 00 00
  .............    00 00 00 00 00 00 00 00 00 00 00 00 00
001378-001392 StringBlock "OnUpdatePulse"
001393-001407 StringBlock "OnUpdatePulse"
001408-001420 StringBlock "OnDestroyed"
001421-001433 StringBlock "OnDestroyed"
001434-001445 StringBlock "events_end"
001446-001461 DataBlock
  ............4... ff 00 00 00 00 00 00 00 0b 00 00 00 34 ab 12 13
001462-001470 StringBlock "dy_name"
001471-001485 DataBlock
  ...............  09 00 00 00 08 00 00 00 01 01 00 01 00 00 00
001486-001494 StringBlock "dy_name"
001495-001533 DataBlock
  ................ ff ff ff ff 00 00 00 00 00 00 00 00 00 00 00 00
  ................ 00 00 00 00 00 00 00 00 00 00 00 00 00 00 00 01
  .......          00 00 00 9c ef f7 12
001534-001543 StringBlock "NewState"
001544-001551 DataBlock
  .'......         10 27 00 00 10 00 00 00
001552-001583 UnicodeBlock "Technology name"
001584-001606 DataBlock
  ................ 00 00 02 00 00 00 04 00 00 00 00 00 00 00 02 00
  .......          00 00 01 00 00 00 00
001607-001664 UnicodeBlock "dy_name_NewState_Text_770076"
001665-001666 DataBlock
  ..               00 00
001667-001683 StringBlock "Ingame 12, Bold"
001684-001710 DataBlock
  ................ 02 00 00 00 01 00 00 00 ff ff ff ff 00 00 00 00
  ...........      00 00 00 00 00 00 00 00 00 00 00
001711-001721 StringBlock "normal_t0"
001722-001761 DataBlock
  ................ 00 00 00 00 00 00 00 00 00 00 00 00 00 00 00 00
  ................ 00 00 00 00 00 00 00 00 00 00 00 00 00 00 00 00
  ........         00 00 00 00 00 00 00 00
001762-001773 StringBlock "events_end"
001774-001791 DataBlock
  ..............\s ff 00 00 00 00 00 00 00 00 00 00 00 00 00 5c 73
  ..               10 13
001792-001805 StringBlock "upgrade_pips"
001806-001820 DataBlock
  ...............  0f 01 00 00 07 00 00 00 01 01 00 01 00 00 00
001821-001834 StringBlock "upgrade_pips"
001835-001873 DataBlock
  ................ ff ff ff ff 00 00 00 00 00 00 00 00 00 00 00 00
  ................ 00 00 00 00 00 00 00 00 00 00 00 00 00 00 00 01
  ...<.0.          00 00 00 3c 10 30 13
001874-001883 StringBlock "NewState"
001884-001920 DataBlock
  Z............... 5a 00 00 00 11 00 00 00 00 00 00 00 02 00 00 00
  ................ 00 00 00 00 00 00 00 00 01 00 00 00 01 00 00 00
  .....            00 00 00 00 00
001921-001939 StringBlock "Ingame 12, Normal"
001940-001966 DataBlock
  ................ 02 00 00 00 01 00 00 00 ff 00 00 00 00 00 00 00
  ...........      00 00 00 00 00 00 00 00 00 00 00
001967-001977 StringBlock "normal_t0"
001978-002017 DataBlock
  ................ 00 00 00 00 00 00 00 00 00 00 00 00 00 00 00 00
  ................ 00 00 00 00 00 00 00 00 00 00 00 00 00 00 00 00
  ........         00 00 00 00 00 00 00 00
002018-002029 StringBlock "events_end"
002030-002045 DataBlock
  ................ ff 00 00 00 00 00 00 00 07 00 00 00 bc 18 10 13
002046-002058 StringBlock "Level Pip 1"
002059-002073 DataBlock
  ...............  03 00 00 00 01 00 00 00 01 01 00 01 00 00 00
002074-002086 StringBlock "Level Pip 1"
002087-002113 DataBlock
  ................ ff ff ff ff 00 00 00 00 00 00 00 00 00 00 00 00
  ........w..      00 00 00 02 00 00 00 b4 77 10 13
002114-002151 ImagePathBlock "UI/Templates/Skins/golden_bullet.tga"
002152-002167 DataBlock
  ................ 0a 00 00 00 0a 00 00 00 ff ff ff ff 14 1d 10 13
002168-002215 ImagePathBlock "UI/Templates/Skins/golden_bullet_50percent.tga"
002216-002243 DataBlock
  ................ 0a 00 00 00 0a 00 00 00 ff ff ff ff 00 00 00 00
  ..........0.     00 00 00 00 02 00 00 00 f4 11 30 13
002244-002251 StringBlock "filled"
002252-002288 DataBlock
  ................ 0a 00 00 00 09 00 00 00 00 00 00 00 02 00 00 00
  ................ 00 00 00 00 00 00 00 00 01 00 00 00 01 00 00 00
  .....            00 00 00 00 00
002289-002307 StringBlock "Ingame 12, Normal"
002308-002334 DataBlock
  ................ 02 00 00 00 01 00 00 00 ff 00 00 00 00 00 00 00
  ...........      00 00 00 00 00 00 00 00 00 00 00
002335-002345 StringBlock "normal_t0"
002346-002430 DataBlock
  ................ 00 00 00 00 00 00 00 00 00 00 00 00 00 00 00 00
  .........w...... 00 00 00 00 01 00 00 00 b4 77 10 13 00 00 00 00
  ................ 00 00 00 00 0a 00 00 00 09 00 00 00 ff ff ff ff
  ................ 00 00 00 00 00 00 00 01 01 00 00 00 00 00 00 00
  ................ 00 00 00 00 00 00 00 00 00 00 00 00 00 00 00 00
  ..Y..            00 a4 59 10 13
002431-002437 StringBlock "empty"
002438-002474 DataBlock
  ................ 0a 00 00 00 09 00 00 00 00 00 00 00 02 00 00 00
  ................ 00 00 00 00 00 00 00 00 01 00 00 00 01 00 00 00
  .....            00 00 00 00 00
002475-002493 StringBlock "Ingame 12, Normal"
002494-002520 DataBlock
  ................ 02 00 00 00 01 00 00 00 ff 00 00 00 00 00 00 00
  ...........      00 00 00 00 00 00 00 00 00 00 00
002521-002531 StringBlock "normal_t0"
002532-002616 DataBlock
  ................ 00 00 00 00 00 00 00 00 00 00 00 00 00 00 00 00
  ................ 00 00 00 00 01 00 00 00 14 1d 10 13 00 00 00 00
  ................ 00 00 00 00 0a 00 00 00 09 00 00 00 ff ff ff ff
  ................ 00 00 00 00 00 00 00 01 01 00 00 00 00 00 00 00
  ................ 00 00 00 00 00 00 00 00 00 00 00 00 00 00 00 00
  .....            00 00 00 00 00
002617-002628 StringBlock "events_end"
002629-002646 DataBlock
  ..............d. ff 00 00 00 00 00 00 00 00 00 00 00 00 00 64 d9
  ..               0d 13
002647-002659 StringBlock "Level Pip 2"
002660-002674 DataBlock
  ...............  0f 00 00 00 01 00 00 00 01 01 00 01 00 00 00
002675-002687 StringBlock "Level Pip 2"
002688-002714 DataBlock
  ................ ff ff ff ff 00 00 00 00 00 00 00 00 00 00 00 00
  .......L...      00 00 00 02 00 00 00 4c de 0d 13
002715-002752 ImagePathBlock "UI/Templates/Skins/golden_bullet.tga"
002753-002768 DataBlock
  ............D... 0a 00 00 00 0a 00 00 00 ff ff ff ff 44 df 0d 13
002769-002816 ImagePathBlock "UI/Templates/Skins/golden_bullet_50percent.tga"
002817-002844 DataBlock
  ................ 0a 00 00 00 0a 00 00 00 ff ff ff ff 00 00 00 00
  ........4^..     00 00 00 00 02 00 00 00 34 5e 10 13
002845-002852 StringBlock "filled"
002853-002889 DataBlock
  ................ 0a 00 00 00 09 00 00 00 00 00 00 00 02 00 00 00
  ................ 00 00 00 00 00 00 00 00 01 00 00 00 01 00 00 00
  .....            00 00 00 00 00
002890-002908 StringBlock "Ingame 12, Normal"
002909-002935 DataBlock
  ................ 02 00 00 00 01 00 00 00 ff 00 00 00 00 00 00 00
  ...........      00 00 00 00 00 00 00 00 00 00 00
002936-002946 StringBlock "normal_t0"
002947-003031 DataBlock
  ................ 00 00 00 00 00 00 00 00 00 00 00 00 00 00 00 00
  ........L....... 00 00 00 00 01 00 00 00 4c de 0d 13 00 00 00 00
  ................ 00 00 00 00 0a 00 00 00 09 00 00 00 ff ff ff ff
  ................ 00 00 00 00 00 00 00 01 01 00 00 00 00 00 00 00
  ................ 00 00 00 00 00 00 00 00 00 00 00 00 00 00 00 00
  .T!9.            00 54 21 39 13
003032-003038 StringBlock "empty"
003039-003075 DataBlock
  ................ 0a 00 00 00 09 00 00 00 00 00 00 00 02 00 00 00
  ................ 00 00 00 00 00 00 00 00 01 00 00 00 01 00 00 00
  .....            00 00 00 00 00
003076-003094 StringBlock "Ingame 12, Normal"
003095-003121 DataBlock
  ................ 02 00 00 00 01 00 00 00 ff 00 00 00 00 00 00 00
  ...........      00 00 00 00 00 00 00 00 00 00 00
003122-003132 StringBlock "normal_t0"
003133-003217 DataBlock
  ................ 00 00 00 00 00 00 00 00 00 00 00 00 00 00 00 00
  ........D....... 00 00 00 00 01 00 00 00 44 df 0d 13 00 00 00 00
  ................ 00 00 00 00 0a 00 00 00 09 00 00 00 ff ff ff ff
  ................ 00 00 00 00 00 00 00 01 01 00 00 00 00 00 00 00
  ................ 00 00 00 00 00 00 00 00 00 00 00 00 00 00 00 00
  .....            00 00 00 00 00
003218-003229 StringBlock "events_end"
003230-003247 DataBlock
  ................ ff 00 00 00 00 00 00 00 00 00 00 00 00 00 f4 15
  ..               13 13
003248-003260 StringBlock "Level Pip 3"
003261-003275 DataBlock
  ...............  1b 00 00 00 01 00 00 00 01 01 00 01 00 00 00
003276-003288 StringBlock "Level Pip 3"
003289-003315 DataBlock
  ................ ff ff ff ff 00 00 00 00 00 00 00 00 00 00 00 00
  ........%9.      00 00 00 02 00 00 00 dc 25 39 13
003316-003353 ImagePathBlock "UI/Templates/Skins/golden_bullet.tga"
003354-003369 DataBlock
  .............&9. 0a 00 00 00 0a 00 00 00 ff ff ff ff d4 26 39 13
003370-003417 ImagePathBlock "UI/Templates/Skins/golden_bullet_50percent.tga"
003418-003445 DataBlock
  ................ 0a 00 00 00 0a 00 00 00 ff ff ff ff 00 00 00 00
  ........|...     00 00 00 00 02 00 00 00 7c 1b 13 13
003446-003453 StringBlock "filled"
003454-003490 DataBlock
  ................ 0a 00 00 00 09 00 00 00 00 00 00 00 02 00 00 00
  ................ 00 00 00 00 00 00 00 00 01 00 00 00 01 00 00 00
  .....            00 00 00 00 00
003491-003509 StringBlock "Ingame 12, Normal"
003510-003536 DataBlock
  ................ 02 00 00 00 01 00 00 00 ff 00 00 00 00 00 00 00
  ...........      00 00 00 00 00 00 00 00 00 00 00
003537-003547 StringBlock "normal_t0"
003548-003632 DataBlock
  ................ 00 00 00 00 00 00 00 00 00 00 00 00 00 00 00 00
  .........%9..... 00 00 00 00 01 00 00 00 dc 25 39 13 00 00 00 00
  ................ 00 00 00 00 0a 00 00 00 09 00 00 00 ff ff ff ff
  ................ 00 00 00 00 00 00 00 01 01 00 00 00 00 00 00 00
  ................ 00 00 00 00 00 00 00 00 00 00 00 00 00 00 00 00
  .....            00 dc 1e 13 13
003633-003639 StringBlock "empty"
003640-003676 DataBlock
  ................ 0a 00 00 00 09 00 00 00 00 00 00 00 02 00 00 00
  ................ 00 00 00 00 00 00 00 00 01 00 00 00 01 00 00 00
  .....            00 00 00 00 00
003677-003695 StringBlock "Ingame 12, Normal"
003696-003722 DataBlock
  ................ 02 00 00 00 01 00 00 00 ff 00 00 00 00 00 00 00
  ...........      00 00 00 00 00 00 00 00 00 00 00
003723-003733 StringBlock "normal_t0"
003734-003818 DataBlock
  ................ 00 00 00 00 00 00 00 00 00 00 00 00 00 00 00 00
  .........&9..... 00 00 00 00 01 00 00 00 d4 26 39 13 00 00 00 00
  ................ 00 00 00 00 0a 00 00 00 09 00 00 00 ff ff ff ff
  ................ 00 00 00 00 00 00 00 01 01 00 00 00 00 00 00 00
  ................ 00 00 00 00 00 00 00 00 00 00 00 00 00 00 00 00
  .....            00 00 00 00 00
003819-003830 StringBlock "events_end"
003831-003848 DataBlock
  ..............d. ff 00 00 00 00 00 00 00 00 00 00 00 00 00 64 00
  ..               14 13
003849-003861 StringBlock "Level Pip 4"
003862-003876 DataBlock
  '..............  27 00 00 00 01 00 00 00 01 01 00 01 00 00 00
003877-003889 StringBlock "Level Pip 4"
003890-003916 DataBlock
  ................ ff ff ff ff 00 00 00 00 00 00 00 00 00 00 00 00
  ...........      00 00 00 02 00 00 00 bc 04 14 13
003917-003954 ImagePathBlock "UI/Templates/Skins/golden_bullet.tga"
003955-003970 DataBlock
  ................ 0a 00 00 00 0a 00 00 00 ff ff ff ff b4 05 14 13
003971-004018 ImagePathBlock "UI/Templates/Skins/golden_bullet_50percent.tga"
004019-004046 DataBlock
  ................ 0a 00 00 00 0a 00 00 00 ff ff ff ff 00 00 00 00
  ............     00 00 00 00 02 00 00 00 dc 07 14 13
004047-004054 StringBlock "filled"
004055-004091 DataBlock
  ................ 0a 00 00 00 09 00 00 00 00 00 00 00 02 00 00 00
  ................ 00 00 00 00 00 00 00 00 01 00 00 00 01 00 00 00
  .....            00 00 00 00 00
004092-004110 StringBlock "Ingame 12, Normal"
004111-004137 DataBlock
  ................ 02 00 00 00 01 00 00 00 ff 00 00 00 00 00 00 00
  ...........      00 00 00 00 00 00 00 00 00 00 00
004138-004148 StringBlock "normal_t0"
004149-004233 DataBlock
  ................ 00 00 00 00 00 00 00 00 00 00 00 00 00 00 00 00
  ................ 00 00 00 00 01 00 00 00 bc 04 14 13 00 00 00 00
  ................ 00 00 00 00 0a 00 00 00 09 00 00 00 ff ff ff ff
  ................ 00 00 00 00 00 00 00 01 01 00 00 00 00 00 00 00
  ................ 00 00 00 00 00 00 00 00 00 00 00 00 00 00 00 00
  .....            00 ac 0a 14 13
004234-004240 StringBlock "empty"
004241-004277 DataBlock
  ................ 0a 00 00 00 09 00 00 00 00 00 00 00 02 00 00 00
  ................ 00 00 00 00 00 00 00 00 01 00 00 00 01 00 00 00
  .....            00 00 00 00 00
004278-004296 StringBlock "Ingame 12, Normal"
004297-004323 DataBlock
  ................ 02 00 00 00 01 00 00 00 ff 00 00 00 00 00 00 00
  ...........      00 00 00 00 00 00 00 00 00 00 00
004324-004334 StringBlock "normal_t0"
004335-004419 DataBlock
  ................ 00 00 00 00 00 00 00 00 00 00 00 00 00 00 00 00
  ................ 00 00 00 00 01 00 00 00 b4 05 14 13 00 00 00 00
  ................ 00 00 00 00 0a 00 00 00 09 00 00 00 ff ff ff ff
  ................ 00 00 00 00 00 00 00 01 01 00 00 00 00 00 00 00
  ................ 00 00 00 00 00 00 00 00 00 00 00 00 00 00 00 00
  .....            00 00 00 00 00
004420-004431 StringBlock "events_end"
004432-004449 DataBlock
  ................ ff 00 00 00 00 00 00 00 00 00 00 00 00 00 a4 0e
  ..               14 13
004450-004462 StringBlock "Level Pip 5"
004463-004477 DataBlock
  3..............  33 00 00 00 01 00 00 00 01 01 00 01 00 00 00
004478-004490 StringBlock "Level Pip 5"
004491-004517 DataBlock
  ................ ff ff ff ff 00 00 00 00 00 00 00 00 00 00 00 00
  ...........      00 00 00 02 00 00 00 8c 13 14 13
004518-004555 ImagePathBlock "UI/Templates/Skins/golden_bullet.tga"
004556-004571 DataBlock
  ................ 0a 00 00 00 0a 00 00 00 ff ff ff ff 84 14 14 13
004572-004619 ImagePathBlock "UI/Templates/Skins/golden_bullet_50percent.tga"
004620-004647 DataBlock
  ................ 0a 00 00 00 0a 00 00 00 ff ff ff ff 00 00 00 00
  ............     00 00 00 00 02 00 00 00 ac 16 14 13
004648-004655 StringBlock "filled"
004656-004692 DataBlock
  ................ 0a 00 00 00 09 00 00 00 00 00 00 00 02 00 00 00
  ................ 00 00 00 00 00 00 00 00 01 00 00 00 01 00 00 00
  .....            00 00 00 00 00
004693-004711 StringBlock "Ingame 12, Normal"
004712-004738 DataBlock
  ................ 02 00 00 00 01 00 00 00 ff 00 00 00 00 00 00 00
  ...........      00 00 00 00 00 00 00 00 00 00 00
004739-004749 StringBlock "normal_t0"
004750-004834 DataBlock
  ................ 00 00 00 00 00 00 00 00 00 00 00 00 00 00 00 00
  ................ 00 00 00 00 01 00 00 00 8c 13 14 13 00 00 00 00
  ................ 00 00 00 00 0a 00 00 00 09 00 00 00 ff ff ff ff
  ................ 00 00 00 00 00 00 00 01 01 00 00 00 00 00 00 00
  ................ 00 00 00 00 00 00 00 00 00 00 00 00 00 00 00 00
  .Tq..            00 54 71 2e 13
004835-004841 StringBlock "empty"
004842-004878 DataBlock
  ................ 0a 00 00 00 09 00 00 00 00 00 00 00 02 00 00 00
  ................ 00 00 00 00 00 00 00 00 01 00 00 00 01 00 00 00
  .....            00 00 00 00 00
004879-004897 StringBlock "Ingame 12, Normal"
004898-004924 DataBlock
  ................ 02 00 00 00 01 00 00 00 ff 00 00 00 00 00 00 00
  ...........      00 00 00 00 00 00 00 00 00 00 00
004925-004935 StringBlock "normal_t0"
004936-005020 DataBlock
  ................ 00 00 00 00 00 00 00 00 00 00 00 00 00 00 00 00
  ................ 00 00 00 00 01 00 00 00 84 14 14 13 00 00 00 00
  ................ 00 00 00 00 0a 00 00 00 09 00 00 00 ff ff ff ff
  ................ 00 00 00 00 00 00 00 01 01 00 00 00 00 00 00 00
  ................ 00 00 00 00 00 00 00 00 00 00 00 00 00 00 00 00
  .....            00 00 00 00 00
005021-005032 StringBlock "events_end"
005033-005050 DataBlock
  ..............Lu ff 00 00 00 00 00 00 00 00 00 00 00 00 00 4c 75
  ..               2e 13
005051-005063 StringBlock "Level Pip 6"
005064-005078 DataBlock
  ?..............  3f 00 00 00 01 00 00 00 01 01 00 01 00 00 00
005079-005091 StringBlock "Level Pip 6"
005092-005118 DataBlock
  ................ ff ff ff ff 00 00 00 00 00 00 00 00 00 00 00 00
  .......4z..      00 00 00 02 00 00 00 34 7a 2e 13
005119-005156 ImagePathBlock "UI/Templates/Skins/golden_bullet.tga"
005157-005172 DataBlock
  ............,{.. 0a 00 00 00 0a 00 00 00 ff ff ff ff 2c 7b 2e 13
005173-005220 ImagePathBlock "UI/Templates/Skins/golden_bullet_50percent.tga"
005221-005248 DataBlock
  ................ 0a 00 00 00 0a 00 00 00 ff ff ff ff 00 00 00 00
  ........T}..     00 00 00 00 02 00 00 00 54 7d 2e 13
005249-005256 StringBlock "filled"
005257-005293 DataBlock
  ................ 0a 00 00 00 09 00 00 00 00 00 00 00 02 00 00 00
  ................ 00 00 00 00 00 00 00 00 01 00 00 00 01 00 00 00
  .....            00 00 00 00 00
005294-005312 StringBlock "Ingame 12, Normal"
005313-005339 DataBlock
  ................ 02 00 00 00 01 00 00 00 ff 00 00 00 00 00 00 00
  ...........      00 00 00 00 00 00 00 00 00 00 00
005340-005350 StringBlock "normal_t0"
005351-005435 DataBlock
  ................ 00 00 00 00 00 00 00 00 00 00 00 00 00 00 00 00
  ........4z...... 00 00 00 00 01 00 00 00 34 7a 2e 13 00 00 00 00
  ................ 00 00 00 00 0a 00 00 00 09 00 00 00 ff ff ff ff
  ................ 00 00 00 00 00 00 00 01 01 00 00 00 00 00 00 00
  ................ 00 00 00 00 00 00 00 00 00 00 00 00 00 00 00 00
  .....            00 b4 80 2e 13
005436-005442 StringBlock "empty"
005443-005479 DataBlock
  ................ 0a 00 00 00 09 00 00 00 00 00 00 00 02 00 00 00
  ................ 00 00 00 00 00 00 00 00 01 00 00 00 01 00 00 00
  .....            00 00 00 00 00
005480-005498 StringBlock "Ingame 12, Normal"
005499-005525 DataBlock
  ................ 02 00 00 00 01 00 00 00 ff 00 00 00 00 00 00 00
  ...........      00 00 00 00 00 00 00 00 00 00 00
005526-005536 StringBlock "normal_t0"
005537-005621 DataBlock
  ................ 00 00 00 00 00 00 00 00 00 00 00 00 00 00 00 00
  ........,{...... 00 00 00 00 01 00 00 00 2c 7b 2e 13 00 00 00 00
  ................ 00 00 00 00 0a 00 00 00 09 00 00 00 ff ff ff ff
  ................ 00 00 00 00 00 00 00 01 01 00 00 00 00 00 00 00
  ................ 00 00 00 00 00 00 00 00 00 00 00 00 00 00 00 00
  .....            00 00 00 00 00
005622-005633 StringBlock "events_end"
005634-005651 DataBlock
  ................ ff 00 00 00 00 00 00 00 00 00 00 00 00 00 ac 84
  ..               2e 13
005652-005664 StringBlock "Level Pip 7"
005665-005679 DataBlock
  L..............  4c 00 00 00 01 00 00 00 01 01 00 01 00 00 00
005680-005692 StringBlock "Level Pip 7"
005693-005719 DataBlock
  ................ ff ff ff ff 00 00 00 00 00 00 00 00 00 00 00 00
  ...........      00 00 00 02 00 00 00 94 89 2e 13
005720-005757 ImagePathBlock "UI/Templates/Skins/golden_bullet.tga"
005758-005773 DataBlock
  ................ 0a 00 00 00 0a 00 00 00 ff ff ff ff 8c 8a 2e 13
005774-005821 ImagePathBlock "UI/Templates/Skins/golden_bullet_50percent.tga"
005822-005849 DataBlock
  ................ 0a 00 00 00 0a 00 00 00 ff ff ff ff 00 00 00 00
  ............     00 00 00 00 02 00 00 00 b4 8c 2e 13
005850-005857 StringBlock "filled"
005858-005894 DataBlock
  ................ 0a 00 00 00 09 00 00 00 00 00 00 00 02 00 00 00
  ................ 00 00 00 00 00 00 00 00 01 00 00 00 01 00 00 00
  .....            00 00 00 00 00
005895-005913 StringBlock "Ingame 12, Normal"
005914-005940 DataBlock
  ................ 02 00 00 00 01 00 00 00 ff 00 00 00 00 00 00 00
  ...........      00 00 00 00 00 00 00 00 00 00 00
005941-005951 StringBlock "normal_t0"
005952-006036 DataBlock
  ................ 00 00 00 00 00 00 00 00 00 00 00 00 00 00 00 00
  ................ 00 00 00 00 01 00 00 00 94 89 2e 13 00 00 00 00
  ................ 00 00 00 00 0a 00 00 00 09 00 00 00 ff ff ff ff
  ................ 00 00 00 00 00 00 00 01 01 00 00 00 00 00 00 00
  ................ 00 00 00 00 00 00 00 00 00 00 00 00 00 00 00 00
  .....            00 14 90 2e 13
006037-006043 StringBlock "empty"
006044-006080 DataBlock
  ................ 0a 00 00 00 09 00 00 00 00 00 00 00 02 00 00 00
  ................ 00 00 00 00 00 00 00 00 01 00 00 00 01 00 00 00
  .....            00 00 00 00 00
006081-006099 StringBlock "Ingame 12, Normal"
006100-006126 DataBlock
  ................ 02 00 00 00 01 00 00 00 ff 00 00 00 00 00 00 00
  ...........      00 00 00 00 00 00 00 00 00 00 00
006127-006137 StringBlock "normal_t0"
006138-006222 DataBlock
  ................ 00 00 00 00 00 00 00 00 00 00 00 00 00 00 00 00
  ................ 00 00 00 00 01 00 00 00 8c 8a 2e 13 00 00 00 00
  ................ 00 00 00 00 0a 00 00 00 09 00 00 00 ff ff ff ff
  ................ 00 00 00 00 00 00 00 01 01 00 00 00 00 00 00 00
  ................ 00 00 00 00 00 00 00 00 00 00 00 00 00 00 00 00
  .....            00 00 00 00 00
006223-006234 StringBlock "events_end"
006235-006254 DataBlock
  ................ ff 00 00 00 00 00 00 00 00 00 00 00 00 00 00 00
  ....             0c 94 2e 13
006255-006268 StringBlock "txt_function"
006269-006283 DataBlock
  ...............  09 00 00 00 1d 00 00 00 01 01 00 01 00 00 00
006284-006297 StringBlock "txt_function"
006298-006336 DataBlock
  ................ ff ff ff ff 00 00 00 00 00 00 00 00 00 00 00 00
  ................ 00 00 00 00 00 00 00 00 00 00 00 00 00 00 00 04
  ....p..          00 00 00 cc 70 1d 13
006337-006354 StringBlock "building_upgrade"
006355-006362 DataBlock
  .'......         10 27 00 00 10 00 00 00
006363-006484 UnicodeBlock "Left click to construct, right click for further information"
006485-006507 DataBlock
  ................ 00 00 02 00 00 00 04 00 00 00 00 00 00 00 02 00
  .......          00 00 01 00 00 00 01
006508-006589 UnicodeBlock "txt_function_building_upgrade_Text_40060"
006590-006591 DataBlock
  ..               00 00
006592-006608 StringBlock "Ingame 12, Bold"
006609-006635 DataBlock
  ................ 02 00 00 00 01 00 00 00 ff ff ff ff 00 00 00 00
  ...........      00 00 00 00 00 00 00 00 00 00 00
006636-006646 StringBlock "normal_t0"
006647-006686 DataBlock
  ................ 00 00 00 00 00 00 00 00 00 00 00 00 00 00 00 00
  ................ 00 00 00 00 00 00 00 00 00 00 00 00 00 00 00 00
  ....Lu..         00 00 00 00 4c 75 1d 13
006687-006698 StringBlock "technology"
006699-006706 DataBlock
  .'......         10 27 00 00 10 00 00 00
006707-006826 UnicodeBlock "Left click to research, right click for further information"
006827-006849 DataBlock
  ................ 00 00 02 00 00 00 04 00 00 00 00 00 00 00 02 00
  .......          00 00 01 00 00 00 01
006850-006921 UnicodeBlock "txt_function_technology_Text_6c0064"
006922-006923 DataBlock
  ..               00 00
006924-006940 StringBlock "Ingame 12, Bold"
006941-006967 DataBlock
  ................ 02 00 00 00 01 00 00 00 ff ff ff ff 00 00 00 00
  ...........      00 00 00 00 00 00 00 00 00 00 00
006968-006978 StringBlock "normal_t0"
006979-007018 DataBlock
  ................ 00 00 00 00 00 00 00 00 00 00 00 00 00 00 00 00
  ................ 00 00 00 00 00 00 00 00 00 00 00 00 00 00 00 00
  .....x..         00 00 00 00 1c 78 1d 13
007019-007034 StringBlock "building_owned"
007035-007042 DataBlock
  .'......         10 27 00 00 10 00 00 00
007043-007114 UnicodeBlock "Right click for further information"
007115-007137 DataBlock
  ................ 00 00 02 00 00 00 04 00 00 00 00 00 00 00 02 00
  .......          00 00 01 00 00 00 01
007138-007217 UnicodeBlock "txt_function_building_owned_Text_720021"
007218-007219 DataBlock
  ..               00 00
007220-007236 StringBlock "Ingame 12, Bold"
007237-007263 DataBlock
  ................ 02 00 00 00 01 00 00 00 ff ff ff ff 00 00 00 00
  ...........      00 00 00 00 00 00 00 00 00 00 00
007264-007274 StringBlock "normal_t0"
007275-007314 DataBlock
  ................ 00 00 00 00 00 00 00 00 00 00 00 00 00 00 00 00
  ................ 00 00 00 00 00 00 00 00 00 00 00 00 00 00 00 00
  ....|{..         00 00 00 00 7c 7b 1d 13
007315-007335 StringBlock "cancel_construction"
007336-007343 DataBlock
  .'......         10 27 00 00 10 00 00 00
007344-007411 UnicodeBlock "Left click to cancel construction"
007412-007434 DataBlock
  ................ 00 00 02 00 00 00 04 00 00 00 00 00 00 00 01 00
  .......          00 00 01 00 00 00 01
007435-007524 UnicodeBlock "txt_function_cancel_construction_Text_5d0008"
007525-007526 DataBlock
  ..               00 00
007527-007543 StringBlock "Ingame 12, Bold"
007544-007570 DataBlock
  ................ 02 00 00 00 01 00 00 00 ff ff ff ff 00 00 00 00
  ...........      00 00 00 00 00 00 00 00 00 00 00
007571-007581 StringBlock "normal_t0"
007582-007621 DataBlock
  ................ 00 00 00 00 00 00 00 00 00 00 00 00 00 00 00 00
  ................ 00 00 00 00 00 00 00 00 00 00 00 00 00 00 00 00
  ........         00 00 00 00 00 00 00 00
007622-007633 StringBlock "events_end"
007634-007651 DataBlock
  ................ ff 00 00 00 00 00 00 00 00 00 00 00 00 00 0c 80
  ..               1d 13
007652-007667 StringBlock "dy_description"
007668-007682 DataBlock
  ....3..........  09 00 00 00 33 00 00 00 01 01 00 01 00 00 00
007683-007698 StringBlock "dy_description"
007699-007737 DataBlock
  ................ ff ff ff ff 00 00 00 00 00 00 00 00 00 00 00 00
  ................ 00 00 00 00 00 00 00 00 00 00 00 00 00 00 00 01
  .......          00 00 00 f4 84 1d 13
007738-007747 StringBlock "NewState"
007748-007755 DataBlock
  .'......         10 27 00 00 10 00 00 00
007756-007787 UnicodeBlock "Technology name"
007788-007810 DataBlock
  ................ 00 00 02 00 00 00 00 00 00 00 00 00 00 00 00 00
  .......          00 00 01 00 00 00 00
007811-007882 UnicodeBlock "dy_description_NewState_Text_770076"
007883-007884 DataBlock
  ..               00 00
007885-007901 StringBlock "Ingame 12, Bold"
007902-007928 DataBlock
  ................ 02 00 00 00 01 00 00 00 ff ff ff ff 00 00 00 00
  ...........      00 00 00 00 00 00 00 00 00 00 00
007929-007939 StringBlock "normal_t0"
007940-007979 DataBlock
  ................ 00 00 00 00 00 00 00 00 00 00 00 00 00 00 00 00
  ................ 00 00 00 00 00 00 00 00 00 00 00 00 00 00 00 00
  ........         00 00 00 00 00 00 00 00
007980-007991 StringBlock "events_end"
007992-008009 DataBlock
  ..............T. ff 00 00 00 00 00 00 00 00 00 00 00 00 00 54 88
  ..               1d 13
008010-008021 StringBlock "txt_header"
008022-008036 DataBlock
  ....I..........  09 00 00 00 49 00 00 00 01 01 00 01 00 00 00
008037-008048 StringBlock "txt_header"
008049-008087 DataBlock
  ................ ff ff ff ff 00 00 00 00 00 00 00 00 00 00 00 00
  ................ 00 00 00 00 00 00 00 00 00 00 00 00 00 00 00 06
  ...<...          00 00 00 3c 8d 1d 13
008088-008096 StringBlock "generic"
008097-008104 DataBlock
  .'......         10 27 00 00 10 00 00 00
008105-008168 UnicodeBlock "Provides the following effects:"
008169-008191 DataBlock
  ................ 00 00 02 00 00 00 04 00 00 00 00 00 00 00 02 00
  .......          00 00 01 00 00 00 01
008192-008253 UnicodeBlock "txt_header_generic_Text_7a002c"
008254-008255 DataBlock
  ..               00 00
008256-008272 StringBlock "Ingame 12, Bold"
008273-008299 DataBlock
  ................ 02 00 00 00 01 00 00 00 ff ff ff ff 00 00 00 00
  ...........      00 00 00 00 00 00 00 00 00 00 00
008300-008310 StringBlock "normal_t0"
008311-008350 DataBlock
  ................ 00 00 00 00 00 00 00 00 00 00 00 00 00 00 00 00
  ................ 00 00 00 00 00 00 00 00 00 00 00 00 00 00 00 00
  ........         00 00 00 00 9c 90 1d 13
008351-008370 StringBlock "recruitment_enable"
008371-008378 DataBlock
  .'......         10 27 00 00 10 00 00 00
008379-008426 UnicodeBlock "Enables recruitment of:"
008427-008449 DataBlock
  ................ 00 00 02 00 00 00 04 00 00 00 00 00 00 00 02 00
  .......          00 00 01 00 00 00 01
008450-008533 UnicodeBlock "txt_header_recruitment_enable_Text_72006f"
008534-008535 DataBlock
  ..               00 00
008536-008552 StringBlock "Ingame 12, Bold"
008553-008579 DataBlock
  ................ 02 00 00 00 01 00 00 00 ff ff ff ff 00 00 00 00
  ...........      00 00 00 00 00 00 00 00 00 00 00
008580-008590 StringBlock "normal_t0"
008591-008630 DataBlock
  ................ 00 00 00 00 00 00 00 00 00 00 00 00 00 00 00 00
  ................ 00 00 00 00 00 00 00 00 00 00 00 00 00 00 00 00
  ........         00 00 00 00 1c 95 1d 13
008631-008640 StringBlock "requires"
008641-008648 DataBlock
  .'......         10 27 00 00 10 00 00 00
008649-008668 UnicodeBlock "Requires:"
008669-008691 DataBlock
  ................ 00 00 02 00 00 00 04 00 00 00 00 00 00 00 02 00
  .......          00 00 01 00 00 00 01
008692-008755 UnicodeBlock "txt_header_requires_Text_110015"
008756-008757 DataBlock
  ..               00 00
008758-008774 StringBlock "Ingame 12, Bold"
008775-008801 DataBlock
  ................ 02 00 00 00 01 00 00 00 ff ff ff ff 00 00 00 00
  ...........      00 00 00 00 00 00 00 00 00 00 00
008802-008812 StringBlock "normal_t0"
008813-008852 DataBlock
  ................ 00 00 00 00 00 00 00 00 00 00 00 00 00 00 00 00
  ................ 00 00 00 00 00 00 00 00 00 00 00 00 00 00 00 00
  ........         00 00 00 00 ec 97 1d 13
008853-008866 StringBlock "construction"
008867-008874 DataBlock
  .'......         10 27 00 00 10 00 00 00
008875-008924 UnicodeBlock "Enables construction of:"
008925-008947 DataBlock
  ................ 00 00 02 00 00 00 04 00 00 00 00 00 00 00 02 00
  .......          00 00 01 00 00 00 01
008948-009019 UnicodeBlock "txt_header_construction_Text_16006a"
009020-009021 DataBlock
  ..               00 00
009022-009038 StringBlock "Ingame 12, Bold"
009039-009065 DataBlock
  ................ 02 00 00 00 01 00 00 00 ff ff ff ff 00 00 00 00
  ...........      00 00 00 00 00 00 00 00 00 00 00
009066-009076 StringBlock "normal_t0"
009077-009116 DataBlock
  ................ 00 00 00 00 00 00 00 00 00 00 00 00 00 00 00 00
  ................ 00 00 00 00 00 00 00 00 00 00 00 00 00 00 00 00
  ....L...         00 00 00 00 4c 9b 1d 13
009117-009136 StringBlock "recruitment_unlock"
009137-009144 DataBlock
  .'......         10 27 00 00 10 00 00 00
009145-009192 UnicodeBlock "Unlocks recruitment of:"
009193-009215 DataBlock
  ................ 00 00 02 00 00 00 04 00 00 00 00 00 00 00 02 00
  .......          00 00 01 00 00 00 01
009216-009299 UnicodeBlock "txt_header_recruitment_unlock_Text_71007d"
009300-009301 DataBlock
  ..               00 00
009302-009318 StringBlock "Ingame 12, Bold"
009319-009345 DataBlock
  ................ 02 00 00 00 01 00 00 00 ff ff ff ff 00 00 00 00
  ...........      00 00 00 00 00 00 00 00 00 00 00
009346-009356 StringBlock "normal_t0"
009357-009396 DataBlock
  ................ 00 00 00 00 00 00 00 00 00 00 00 00 00 00 00 00
  ................ 00 00 00 00 00 00 00 00 00 00 00 00 00 00 00 00
  ........         00 00 00 00 cc 9f 1d 13
009397-009408 StringBlock "technology"
009409-009416 DataBlock
  .'......         10 27 00 00 10 00 00 00
009417-009458 UnicodeBlock "Enables research of:"
009459-009481 DataBlock
  ................ 00 00 02 00 00 00 04 00 00 00 00 00 00 00 02 00
  .......          00 00 01 00 00 00 01
009482-009547 UnicodeBlock "txt_header_technology_Text_6007e"
009548-009549 DataBlock
  ..               00 00
009550-009566 StringBlock "Ingame 12, Bold"
009567-009593 DataBlock
  ................ 02 00 00 00 01 00 00 00 ff ff ff ff 00 00 00 00
  ...........      00 00 00 00 00 00 00 00 00 00 00
009594-009604 StringBlock "normal_t0"
009605-009644 DataBlock
  ................ 00 00 00 00 00 00 00 00 00 00 00 00 00 00 00 00
  ................ 00 00 00 00 00 00 00 00 00 00 00 00 00 00 00 00
  ........         00 00 00 00 00 00 00 00
009645-009656 StringBlock "events_end"
009657-009674 DataBlock
  ................ ff 00 00 00 00 00 00 00 00 00 00 00 00 00 1c a3
  ..               1d 13
009675-009692 StringBlock "require_list_box"
009693-009707 DataBlock
  ....\..........  08 00 00 00 5c 00 00 00 01 01 00 01 00 00 00
009708-009725 StringBlock "require_list_box"
009726-009764 DataBlock
  ................ ff ff ff ff 00 00 00 00 00 00 00 00 00 00 00 00
  ................ 00 00 00 00 00 00 00 00 00 00 00 00 00 00 00 01
  .......          00 00 00 04 a8 1d 13
009765-009774 StringBlock "NewState"
009775-009811 DataBlock
  ^............... 5e 01 00 00 1b 00 00 00 00 00 00 00 02 00 00 00
  ................ 00 00 00 00 00 00 00 00 01 00 00 00 01 00 00 00
  .....            00 00 00 00 00
009812-009830 StringBlock "Ingame 12, Normal"
009831-009857 DataBlock
  ................ 02 00 00 00 01 00 00 00 ff 00 00 00 00 00 00 00
  ...........      00 00 00 00 00 00 00 00 00 00 00
009858-009868 StringBlock "normal_t0"
009869-009908 DataBlock
  ................ 00 00 00 00 00 00 00 00 00 00 00 00 00 00 00 00
  ................ 00 00 00 00 00 00 00 00 00 00 00 00 00 00 00 00
  ........         00 00 00 00 00 00 00 00
009909-009920 StringBlock "events_end"
009921-009936 DataBlock
  ............d... ff 00 00 00 00 00 00 00 01 00 00 00 64 ab 1d 13
009937-009950 StringBlock "template_row"
009951-009965 DataBlock
  ...............  00 00 00 00 00 00 00 00 01 01 00 01 00 00 00
009966-009979 StringBlock "template_row"
009980-010018 DataBlock
  ................ ff ff ff ff 00 00 00 00 00 00 00 00 00 00 00 00
  ................ 00 00 00 00 00 00 00 00 00 00 00 00 00 00 00 01
  ...L...          00 00 00 4c b0 1d 13
010019-010028 StringBlock "NewState"
010029-010065 DataBlock
  ^............... 5e 01 00 00 1b 00 00 00 00 00 00 00 02 00 00 00
  ................ 00 00 00 00 00 00 00 00 01 00 00 00 01 00 00 00
  .....            00 00 00 00 00
010066-010084 StringBlock "Ingame 12, Normal"
010085-010111 DataBlock
  ................ 02 00 00 00 01 00 00 00 ff 00 00 00 00 00 00 00
  ...........      00 00 00 00 00 00 00 00 00 00 00
010112-010122 StringBlock "normal_t0"
010123-010162 DataBlock
  ................ 00 00 00 00 00 00 00 00 00 00 00 00 00 00 00 00
  ................ 00 00 00 00 00 00 00 00 00 00 00 00 00 00 00 00
  ........         00 00 00 00 00 00 00 00
010163-010174 StringBlock "events_end"
010175-010190 DataBlock
  ................ ff 00 00 00 00 00 00 00 02 00 00 00 ac b3 1d 13
010191-010196 StringBlock "icon"
010197-010211 DataBlock
  ...............  0a 00 00 00 00 00 00 00 01 01 00 01 00 00 00
010212-010217 StringBlock "icon"
010218-010274 DataBlock
  ................ ff ff ff ff 00 00 00 00 00 00 00 00 00 00 00 00
  ................ 00 00 00 01 00 00 00 94 b8 1d 13 00 00 1c 00 00
  ................ 00 1c 00 00 00 d8 e9 ec ff 00 00 00 00 00 00 00
  .........        00 01 00 00 00 8c b9 1d 13
010275-010284 StringBlock "NewState"
010285-010321 DataBlock
  ................ 18 00 00 00 18 00 00 00 00 00 00 00 02 00 00 00
  ................ 00 00 00 00 00 00 00 00 01 00 00 00 01 00 00 00
  .....            00 00 00 00 00
010322-010340 StringBlock "Ingame 12, Normal"
010341-010367 DataBlock
  ................ 02 00 00 00 01 00 00 00 ff 00 00 00 00 00 00 00
  ...........      00 00 00 00 00 00 00 00 00 00 00
010368-010378 StringBlock "normal_t0"
010379-010463 DataBlock
  ................ 00 00 00 00 00 00 00 00 00 00 00 00 00 00 00 00
  ................ 00 00 00 00 01 00 00 00 94 b8 1d 13 00 00 00 00
  ............ h.. 00 00 00 00 18 00 00 00 18 00 00 00 20 68 ff ff
  ................ 00 00 00 00 00 00 00 01 01 00 00 00 00 00 00 00
  ................ 00 00 00 00 00 00 00 00 00 00 00 00 00 00 00 00
  .....            00 00 00 00 00
010464-010475 StringBlock "events_end"
010476-010493 DataBlock
  ................ ff 00 00 00 00 00 00 00 00 00 00 00 00 00 ec bc
  ..               1d 13
010494-010499 StringBlock "text"
010500-010514 DataBlock
  (..............  28 00 00 00 05 00 00 00 01 01 00 01 00 00 00
010515-010520 StringBlock "text"
010521-010559 DataBlock
  ................ ff ff ff ff 00 00 00 00 00 00 00 00 00 00 00 00
  ................ 00 00 00 00 00 00 00 00 00 00 00 00 00 00 00 01
  .......          00 00 00 d4 c1 1d 13
010560-010569 StringBlock "NewState"
010570-010577 DataBlock
  .'......         10 27 00 00 10 00 00 00
010578-010601 UnicodeBlock "Item, Chain"
010602-010624 DataBlock
  ................ 00 00 02 00 00 00 04 00 00 00 00 00 00 00 02 00
  .......          00 00 01 00 00 00 00
010625-010676 UnicodeBlock "text_NewState_Text_38004c"
010677-010678 DataBlock
  ..               00 00
010679-010695 StringBlock "Ingame 12, Bold"
010696-010722 DataBlock
  ................ 02 00 00 00 01 00 00 00 ff ff ff ff 00 00 00 00
  ...........      00 00 00 00 00 00 00 00 00 00 00
010723-010733 StringBlock "normal_t0"
010734-010773 DataBlock
  ................ 00 00 00 00 00 00 00 00 00 00 00 00 00 00 00 00
  ................ 00 00 00 00 00 00 00 00 00 00 00 00 00 00 00 00
  ........         00 00 00 00 00 00 00 00
010774-010785 StringBlock "events_end"
010786-010797 DataBlock
  ............     ff 00 00 00 00 00 00 00 00 00 00 00
010798-010809 StringBlock "no script!"
010810-010817 DataBlock
  ....4...         00 00 00 00 34 c5 1d 13
010818-010835 StringBlock "generic_list_box"
010836-010850 DataBlock
  ....w..........  08 00 00 00 77 00 00 00 01 01 00 01 00 00 00
010851-010868 StringBlock "generic_list_box"
010869-010907 DataBlock
  ................ ff ff ff ff 00 00 00 00 00 00 00 00 00 00 00 00
  ................ 00 00 00 00 00 00 00 00 00 00 00 00 00 00 00 01
  ...<P..          00 00 00 3c 50 04 13
010908-010917 StringBlock "NewState"
010918-010954 DataBlock
  D............... 44 01 00 00 1c 00 00 00 00 00 00 00 02 00 00 00
  ................ 00 00 00 00 00 00 00 00 01 00 00 00 01 00 00 00
  .....            00 00 00 00 00
010955-010973 StringBlock "Ingame 12, Normal"
010974-011000 DataBlock
  ................ 02 00 00 00 01 00 00 00 ff 00 00 00 00 00 00 00
  ...........      00 00 00 00 00 00 00 00 00 00 00
011001-011011 StringBlock "normal_t0"
011012-011051 DataBlock
  ................ 00 00 00 00 00 00 00 00 00 00 00 00 00 00 00 00
  ................ 00 00 00 00 00 00 00 00 00 00 00 00 00 00 00 00
  ........         00 00 00 00 00 00 00 00
011052-011063 StringBlock "events_end"
011064-011079 DataBlock
  .............S.. ff 00 00 00 00 00 00 00 01 00 00 00 0c 53 04 13
011080-011093 StringBlock "template_row"
011094-011108 DataBlock
  ...............  00 00 00 00 00 00 00 00 01 01 00 01 00 00 00
011109-011122 StringBlock "template_row"
011123-011161 DataBlock
  ................ ff ff ff ff 00 00 00 00 00 00 00 00 00 00 00 00
  ................ 00 00 00 00 00 00 00 00 00 00 00 00 00 00 00 01
  ....W..          00 00 00 f4 57 04 13
011162-011171 StringBlock "NewState"
011172-011208 DataBlock
  D............... 44 01 00 00 1c 00 00 00 00 00 00 00 02 00 00 00
  ................ 00 00 00 00 00 00 00 00 01 00 00 00 01 00 00 00
  .....            00 00 00 00 00
011209-011227 StringBlock "Ingame 12, Normal"
011228-011254 DataBlock
  ................ 02 00 00 00 01 00 00 00 ff 00 00 00 00 00 00 00
  ...........      00 00 00 00 00 00 00 00 00 00 00
011255-011265 StringBlock "normal_t0"
011266-011305 DataBlock
  ................ 00 00 00 00 00 00 00 00 00 00 00 00 00 00 00 00
  ................ 00 00 00 00 00 00 00 00 00 00 00 00 00 00 00 00
  ........         00 00 00 00 00 00 00 00
011306-011317 StringBlock "events_end"
011318-011333 DataBlock
  ............T[.. ff 00 00 00 00 00 00 00 02 00 00 00 54 5b 04 13
011334-011339 StringBlock "icon"
011340-011354 DataBlock
  ...............  0a 00 00 00 00 00 00 00 01 01 00 01 00 00 00
011355-011360 StringBlock "icon"
011361-011417 DataBlock
  ................ ff ff ff ff 00 00 00 00 00 00 00 00 00 00 00 00
  .......<........ 00 00 00 01 00 00 00 3c 10 06 13 00 00 1c 00 00
  ................ 00 1c 00 00 00 d8 e9 ec ff 00 00 00 00 00 00 00
  .........        00 01 00 00 00 0c 1c 06 13
011418-011427 StringBlock "NewState"
011428-011464 DataBlock
  ................ 18 00 00 00 18 00 00 00 00 00 00 00 02 00 00 00
  ................ 00 00 00 00 00 00 00 00 01 00 00 00 01 00 00 00
  .....            00 00 00 00 00
011465-011483 StringBlock "Ingame 12, Normal"
011484-011510 DataBlock
  ................ 02 00 00 00 01 00 00 00 ff 00 00 00 00 00 00 00
  ...........      00 00 00 00 00 00 00 00 00 00 00
011511-011521 StringBlock "normal_t0"
011522-011606 DataBlock
  ................ 00 00 00 00 00 00 00 00 00 00 00 00 00 00 00 00
  ........<....... 00 00 00 00 01 00 00 00 3c 10 06 13 00 00 00 00
  ................ 00 00 00 00 18 00 00 00 18 00 00 00 d8 e9 ec ff
  ................ 00 00 00 00 00 00 00 01 01 00 00 00 00 00 00 00
  ................ 00 00 00 00 00 00 00 00 00 00 00 00 00 00 00 00
  .....            00 00 00 00 00
011607-011618 StringBlock "events_end"
011619-011636 DataBlock
  ..............<0 ff 00 00 00 00 00 00 00 00 00 00 00 00 00 3c 30
  ..               06 13
011637-011642 StringBlock "text"
011643-011657 DataBlock
  (..............  28 00 00 00 06 00 00 00 01 01 00 01 00 00 00
011658-011663 StringBlock "text"
011664-011702 DataBlock
  ................ ff ff ff ff 00 00 00 00 00 00 00 00 00 00 00 00
  ................ 00 00 00 00 00 00 00 00 00 00 00 00 00 00 00 01
  ...$5..          00 00 00 24 35 06 13
011703-011712 StringBlock "NewState"
011713-011720 DataBlock
  .'......         10 27 00 00 0e 00 00 00
011721-011744 UnicodeBlock "effect text"
011745-011767 DataBlock
  ................ 00 00 02 00 00 00 04 00 00 00 00 00 00 00 02 00
  .......          00 00 01 00 00 00 00
011768-011819 UnicodeBlock "text_NewState_Text_7b0051"
011820-011821 DataBlock
  ..               00 00
011822-011838 StringBlock "Ingame 12, Bold"
011839-011865 DataBlock
  ................ 02 00 00 00 01 00 00 00 ff ff ff ff 00 00 00 00
  ...........      00 00 00 00 00 00 00 00 00 00 00
011866-011876 StringBlock "normal_t0"
011877-011916 DataBlock
  ................ 00 00 00 00 00 00 00 00 00 00 00 00 00 00 00 00
  ................ 00 00 00 00 00 00 00 00 00 00 00 00 00 00 00 00
  ........         00 00 00 00 00 00 00 00
011917-011928 StringBlock "events_end"
011929-011940 DataBlock
  ............     ff 00 00 00 00 00 00 00 00 00 00 00
011941-011952 StringBlock "no script!"
011953-011960 DataBlock
  .....8..         00 00 00 00 84 38 06 13
011961-011982 StringBlock "recruitment_list_box"
011983-011997 DataBlock
  ...............  08 00 00 00 93 00 00 00 01 01 00 01 00 00 00
011998-012019 StringBlock "recruitment_list_box"
012020-012058 DataBlock
  ................ ff ff ff ff 00 00 00 00 00 00 00 00 00 00 00 00
  ................ 00 00 00 00 00 00 00 00 00 00 00 00 00 00 00 01
  ...l=..          00 00 00 6c 3d 06 13
012059-012068 StringBlock "NewState"
012069-012105 DataBlock
  D...'........... 44 01 00 00 27 00 00 00 00 00 00 00 02 00 00 00
  ................ 00 00 00 00 00 00 00 00 01 00 00 00 01 00 00 00
  .....            00 00 00 00 00
012106-012124 StringBlock "Ingame 12, Normal"
012125-012151 DataBlock
  ................ 02 00 00 00 01 00 00 00 ff 00 00 00 00 00 00 00
  ...........      00 00 00 00 00 00 00 00 00 00 00
012152-012162 StringBlock "normal_t0"
012163-012202 DataBlock
  ................ 00 00 00 00 00 00 00 00 00 00 00 00 00 00 00 00
  ................ 00 00 00 00 00 00 00 00 00 00 00 00 00 00 00 00
  ........         00 00 00 00 00 00 00 00
012203-012214 StringBlock "events_end"
012215-012230 DataBlock
  ............T... ff 00 00 00 00 00 00 00 01 00 00 00 54 81 07 13
012231-012244 StringBlock "template_row"
012245-012259 DataBlock
  ...............  00 00 00 00 00 00 00 00 01 01 00 01 00 00 00
012260-012273 StringBlock "template_row"
012274-012312 DataBlock
  ................ ff ff ff ff 00 00 00 00 00 00 00 00 00 00 00 00
  ................ 00 00 00 00 00 00 00 00 00 00 00 00 00 00 00 01
  ...<...          00 00 00 3c 86 07 13
012313-012322 StringBlock "NewState"
012323-012359 DataBlock
  D...'........... 44 01 00 00 27 00 00 00 00 00 00 00 02 00 00 00
  ................ 00 00 00 00 00 00 00 00 01 00 00 00 01 00 00 00
  .....            00 00 00 00 00
012360-012378 StringBlock "Ingame 12, Normal"
012379-012405 DataBlock
  ................ 02 00 00 00 01 00 00 00 ff 00 00 00 00 00 00 00
  ...........      00 00 00 00 00 00 00 00 00 00 00
012406-012416 StringBlock "normal_t0"
012417-012456 DataBlock
  ................ 00 00 00 00 00 00 00 00 00 00 00 00 00 00 00 00
  ................ 00 00 00 00 00 00 00 00 00 00 00 00 00 00 00 00
  ........         00 00 00 00 00 00 00 00
012457-012468 StringBlock "events_end"
012469-012484 DataBlock
  ................ ff 00 00 00 00 00 00 00 04 00 00 00 9c 89 07 13
012485-012491 StringBlock "frame"
012492-012506 DataBlock
  ...............  08 00 00 00 02 00 00 00 01 01 00 01 00 00 00
012507-012513 StringBlock "frame"
012514-012540 DataBlock
  ................ ff ff ff ff 00 00 00 00 00 00 00 00 00 00 00 00
  .......4...      00 00 00 01 00 00 00 34 12 06 13
012541-012580 ImagePathBlock "UI/Templates/Skins/card_frame_mini.tga"
012581-012608 DataBlock
  ....#........... 1b 00 00 00 23 00 00 00 ff ff ff ff 00 00 00 00
  ............     00 00 00 00 01 00 00 00 84 8e 07 13
012609-012618 StringBlock "NewState"
012619-012655 DataBlock
  ....$........... 1b 00 00 00 24 00 00 00 00 00 00 00 02 00 00 00
  ................ 00 00 00 00 00 00 00 00 01 00 00 00 01 00 00 00
  .....            00 00 00 00 00
012656-012674 StringBlock "Ingame 12, Normal"
012675-012701 DataBlock
  ................ 02 00 00 00 01 00 00 00 ff 00 00 00 00 00 00 00
  ...........      00 00 00 00 00 00 00 00 00 00 00
012702-012712 StringBlock "normal_t0"
012713-012797 DataBlock
  ................ 00 00 00 00 00 00 00 00 00 00 00 00 00 00 00 00
  ........4....... 00 00 00 00 01 00 00 00 34 12 06 13 00 00 00 00
  ........$....... 00 00 00 00 1b 00 00 00 24 00 00 00 ff ff ff ff
  ................ 00 00 00 00 00 00 00 01 01 00 00 00 00 00 00 00
  ................ 00 00 00 00 00 00 00 00 00 00 00 00 00 00 00 00
  .....            00 00 00 00 00
012798-012809 StringBlock "events_end"
012810-012827 DataBlock
  ..............l. ff 00 00 00 00 00 00 00 00 00 00 00 00 00 6c e2
  ..               07 13
012828-012833 StringBlock "icon"
012834-012848 DataBlock
  ...............  08 00 00 00 02 00 00 00 01 01 00 01 00 00 00
012849-012854 StringBlock "icon"
012855-012881 DataBlock
  ................ ff ff ff ff 00 00 00 00 00 00 00 00 00 00 00 00
  .......T...      00 00 00 02 00 00 00 54 e7 07 13
012882-012914 ImagePathBlock "UI/Templates/Skins/portrait.tga"
012915-012930 DataBlock
  B...X.......L... 42 00 00 00 58 00 00 00 ff ff ff ff 4c e8 07 13
012931-012963 ImagePathBlock "UI/Templates/Skins/frame_x2.tga"
012964-012991 DataBlock
  B...X........... 42 00 00 00 58 00 00 00 ff ff ff ff 00 00 00 00
  ........D...     00 00 00 00 01 00 00 00 44 e9 07 13
012992-013001 StringBlock "NewState"
013002-013038 DataBlock
  ....$........... 1b 00 00 00 24 00 00 00 00 00 00 00 02 00 00 00
  ................ 00 00 00 00 00 00 00 00 01 00 00 00 01 00 00 00
  .....            00 00 00 00 00
013039-013057 StringBlock "Ingame 12, Normal"
013058-013084 DataBlock
  ................ 02 00 00 00 01 00 00 00 ff 00 00 00 00 00 00 00
  ...........      00 00 00 00 00 00 00 00 00 00 00
013085-013095 StringBlock "normal_t0"
013096-013225 DataBlock
  ................ 00 00 00 00 00 00 00 00 00 00 00 00 00 00 00 00
  ........T....... 00 00 00 00 02 00 00 00 54 e7 07 13 00 00 00 00
  ........$....... 00 00 00 00 1b 00 00 00 24 00 00 00 ff ff ff ff
  ................ 00 00 00 00 00 00 00 01 01 00 00 00 00 00 00 00
  .....L.......... 00 00 00 00 00 4c e8 07 13 00 00 00 00 00 00 00
  .....$.......... 00 1b 00 00 00 24 00 00 00 ff ff ff ff 00 00 00
  ................ 00 00 00 00 01 01 00 00 00 00 00 00 00 00 00 00
  ................ 00 00 00 00 00 00 00 00 00 00 00 00 00 00 00 00
  ..               00 00
013226-013237 StringBlock "events_end"
013238-013255 DataBlock
  ..............<. ff 00 00 00 00 00 00 00 00 00 00 00 00 00 3c e0
  ..               09 13
013256-013261 StringBlock "text"
013262-013276 DataBlock
  (..............  28 00 00 00 0d 00 00 00 01 01 00 01 00 00 00
013277-013282 StringBlock "text"
013283-013321 DataBlock
  ................ ff ff ff ff 00 00 00 00 00 00 00 00 00 00 00 00
  ................ 00 00 00 00 00 00 00 00 00 00 00 00 00 00 00 01
  ...d...          00 00 00 64 ee 07 13
013322-013331 StringBlock "NewState"
013332-013339 DataBlock
  .'......         10 27 00 00 0e 00 00 00
013340-013373 UnicodeBlock "recruitment item"
013374-013396 DataBlock
  ................ 00 00 02 00 00 00 04 00 00 00 00 00 00 00 02 00
  .......          00 00 01 00 00 00 00
013397-013448 UnicodeBlock "text_NewState_Text_44000d"
013449-013450 DataBlock
  ..               00 00
013451-013467 StringBlock "Ingame 12, Bold"
013468-013494 DataBlock
  ................ 02 00 00 00 01 00 00 00 ff ff ff ff 00 00 00 00
  ...........      00 00 00 00 00 00 00 00 00 00 00
013495-013505 StringBlock "normal_t0"
013506-013545 DataBlock
  ................ 00 00 00 00 00 00 00 00 00 00 00 00 00 00 00 00
  ................ 00 00 00 00 00 00 00 00 00 00 00 00 00 00 00 00
  ........         00 00 00 00 00 00 00 00
013546-013557 StringBlock "events_end"
013558-013569 DataBlock
  ............     ff 00 00 00 00 00 00 00 00 00 00 00
013570-013581 StringBlock "no script!"
013582-013585 DataBlock
  <...             3c e6 09 13
013586-013596 StringBlock "frame_red"
013597-013611 DataBlock
  ...............  08 00 00 00 02 00 00 00 01 01 00 00 00 00 00
013612-013622 StringBlock "frame_red"
013623-013649 DataBlock
  ................ ff ff ff ff 00 00 00 00 00 00 00 00 00 00 00 00
  .......$...      00 00 00 01 00 00 00 24 eb 09 13
013650-013683 ImagePathBlock "UI/Templates/Skins/frame_red.tga"
013684-013711 DataBlock
  B...X........... 42 00 00 00 58 00 00 00 ff ff ff ff 00 00 00 00
  ............     00 00 00 00 01 00 00 00 1c ec 09 13
013712-013721 StringBlock "NewState"
013722-013758 DataBlock
  ....$........... 1b 00 00 00 24 00 00 00 00 00 00 00 02 00 00 00
  ................ 00 00 00 00 00 00 00 00 01 00 00 00 01 00 00 00
  .....            00 00 00 00 00
013759-013777 StringBlock "Ingame 12, Normal"
013778-013804 DataBlock
  ................ 02 00 00 00 01 00 00 00 ff 00 00 00 00 00 00 00
  ...........      00 00 00 00 00 00 00 00 00 00 00
013805-013815 StringBlock "normal_t0"
013816-013900 DataBlock
  ................ 00 00 00 00 00 00 00 00 00 00 00 00 00 00 00 00
  ........$....... 00 00 00 00 01 00 00 00 24 eb 09 13 00 00 00 00
  ........$....... 00 00 00 00 1b 00 00 00 24 00 00 00 ff ff ff ff
  ................ 00 00 00 00 00 00 00 01 01 00 00 00 00 00 00 00
  ................ 00 00 00 00 00 00 00 00 00 00 00 00 00 00 00 00
  .....            00 00 00 00 00
013901-013912 StringBlock "events_end"
013913-013928 DataBlock
  ................ ff 00 00 00 00 00 00 00 00 00 00 00 00 00 00 00
013929-013964 StringBlock "template.recruitments_list_box.lua"
013965-013968 DataBlock
  ,0..             2c 30 0c 13
013969-013991 StringBlock "construction_list_box"
013992-014006 DataBlock
  ...............  08 00 00 00 ba 00 00 00 01 01 00 01 00 00 00
014007-014029 StringBlock "construction_list_box"
014030-014068 DataBlock
  ................ ff ff ff ff 00 00 00 00 00 00 00 00 00 00 00 00
  ................ 00 00 00 00 00 00 00 00 00 00 00 00 00 00 00 01
  ....5..          00 00 00 14 35 0c 13
014069-014078 StringBlock "NewState"
014079-014115 DataBlock
  D............... 44 01 00 00 1c 00 00 00 00 00 00 00 02 00 00 00
  ................ 00 00 00 00 00 00 00 00 01 00 00 00 01 00 00 00
  .....            00 00 00 00 00
014116-014134 StringBlock "Ingame 12, Normal"
014135-014161 DataBlock
  ................ 02 00 00 00 01 00 00 00 ff 00 00 00 00 00 00 00
  ...........      00 00 00 00 00 00 00 00 00 00 00
014162-014172 StringBlock "normal_t0"
014173-014212 DataBlock
  ................ 00 00 00 00 00 00 00 00 00 00 00 00 00 00 00 00
  ................ 00 00 00 00 00 00 00 00 00 00 00 00 00 00 00 00
  ........         00 00 00 00 00 00 00 00
014213-014224 StringBlock "events_end"
014225-014240 DataBlock
  ............t8.. ff 00 00 00 00 00 00 00 01 00 00 00 74 38 0c 13
014241-014254 StringBlock "template_row"
014255-014269 DataBlock
  ...............  00 00 00 00 00 00 00 00 01 01 00 01 00 00 00
014270-014283 StringBlock "template_row"
014284-014322 DataBlock
  ................ ff ff ff ff 00 00 00 00 00 00 00 00 00 00 00 00
  ................ 00 00 00 00 00 00 00 00 00 00 00 00 00 00 00 01
  ...\=..          00 00 00 5c 3d 0c 13
014323-014332 StringBlock "NewState"
014333-014369 DataBlock
  D............... 44 01 00 00 1c 00 00 00 00 00 00 00 02 00 00 00
  ................ 00 00 00 00 00 00 00 00 01 00 00 00 01 00 00 00
  .....            00 00 00 00 00
014370-014388 StringBlock "Ingame 12, Normal"
014389-014415 DataBlock
  ................ 02 00 00 00 01 00 00 00 ff 00 00 00 00 00 00 00
  ...........      00 00 00 00 00 00 00 00 00 00 00
014416-014426 StringBlock "normal_t0"
014427-014466 DataBlock
  ................ 00 00 00 00 00 00 00 00 00 00 00 00 00 00 00 00
  ................ 00 00 00 00 00 00 00 00 00 00 00 00 00 00 00 00
  ........         00 00 00 00 00 00 00 00
014467-014478 StringBlock "events_end"
014479-014494 DataBlock
  ............T... ff 00 00 00 00 00 00 00 02 00 00 00 54 11 0d 13
014495-014500 StringBlock "icon"
014501-014515 DataBlock
  ...............  05 00 00 00 00 00 00 00 01 01 00 01 00 00 00
014516-014521 StringBlock "icon"
014522-014578 DataBlock
  ................ ff ff ff ff 00 00 00 00 00 00 00 00 00 00 00 00
  ................ 00 00 00 01 00 00 00 ac 15 0d 13 00 00 1c 00 00
  ................ 00 1c 00 00 00 d8 e9 ec ff 00 00 00 00 00 00 00
  .........        00 01 00 00 00 a4 16 0d 13
014579-014588 StringBlock "NewState"
014589-014625 DataBlock
  !............... 21 00 00 00 18 00 00 00 00 00 00 00 02 00 00 00
  ................ 00 00 00 00 00 00 00 00 01 00 00 00 01 00 00 00
  .....            00 00 00 00 00
014626-014644 StringBlock "Ingame 12, Normal"
014645-014671 DataBlock
  ................ 02 00 00 00 01 00 00 00 ff 00 00 00 00 00 00 00
  ...........      00 00 00 00 00 00 00 00 00 00 00
014672-014682 StringBlock "normal_t0"
014683-014767 DataBlock
  ................ 00 00 00 00 00 00 00 00 00 00 00 00 00 00 00 00
  ................ 00 00 00 00 01 00 00 00 ac 15 0d 13 00 00 00 00
  ....!........... 00 00 00 00 21 00 00 00 18 00 00 00 d8 e9 ec ff
  ................ 00 00 00 00 00 00 00 01 01 00 00 00 00 00 00 00
  ................ 00 00 00 00 00 00 00 00 00 00 00 00 00 00 00 00
  .....            00 00 00 00 00
014768-014779 StringBlock "events_end"
014780-014797 DataBlock
  ................ ff 00 00 00 00 00 00 00 00 00 00 00 00 00 9c 1a
  ..               0d 13
014798-014803 StringBlock "text"
014804-014818 DataBlock
  (..............  28 00 00 00 06 00 00 00 01 01 00 01 00 00 00
014819-014824 StringBlock "text"
014825-014863 DataBlock
  ................ ff ff ff ff 00 00 00 00 00 00 00 00 00 00 00 00
  ................ 00 00 00 00 00 00 00 00 00 00 00 00 00 00 00 01
  ...<...          00 00 00 3c a0 0d 13
014864-014873 StringBlock "NewState"
014874-014881 DataBlock
  .'......         10 27 00 00 10 00 00 00
014882-014905 UnicodeBlock "effect text"
014906-014928 DataBlock
  ................ 00 00 02 00 00 00 04 00 00 00 00 00 00 00 02 00
  .......          00 00 01 00 00 00 00
014929-014980 UnicodeBlock "text_NewState_Text_7b0051"
014981-014982 DataBlock
  ..               00 00
014983-014999 StringBlock "Ingame 12, Bold"
015000-015026 DataBlock
  ................ 02 00 00 00 01 00 00 00 ff ff ff ff 00 00 00 00
  ...........      00 00 00 00 00 00 00 00 00 00 00
015027-015037 StringBlock "normal_t0"
015038-015077 DataBlock
  ................ 00 00 00 00 00 00 00 00 00 00 00 00 00 00 00 00
  ................ 00 00 00 00 00 00 00 00 00 00 00 00 00 00 00 00
  ........         00 00 00 00 00 00 00 00
015078-015089 StringBlock "events_end"
015090-015101 DataBlock
  ............     ff 00 00 00 00 00 00 00 00 00 00 00
015102-015113 StringBlock "no script!"
015114-015121 DataBlock
  ........         00 00 00 00 0c a3 0d 13
015122-015142 StringBlock "technology_list_box"
015143-015157 DataBlock
  ...............  08 00 00 00 d6 00 00 00 01 01 00 01 00 00 00
015158-015178 StringBlock "technology_list_box"
015179-015217 DataBlock
  ................ ff ff ff ff 00 00 00 00 00 00 00 00 00 00 00 00
  ................ 00 00 00 00 00 00 00 00 00 00 00 00 00 00 00 01
  .......          00 00 00 f4 a7 0d 13
015218-015227 StringBlock "NewState"
015228-015264 DataBlock
  D............... 44 01 00 00 1c 00 00 00 00 00 00 00 02 00 00 00
  ................ 00 00 00 00 00 00 00 00 01 00 00 00 01 00 00 00
  .....            00 00 00 00 00
015265-015283 StringBlock "Ingame 12, Normal"
015284-015310 DataBlock
  ................ 02 00 00 00 01 00 00 00 ff 00 00 00 00 00 00 00
  ...........      00 00 00 00 00 00 00 00 00 00 00
015311-015321 StringBlock "normal_t0"
015322-015361 DataBlock
  ................ 00 00 00 00 00 00 00 00 00 00 00 00 00 00 00 00
  ................ 00 00 00 00 00 00 00 00 00 00 00 00 00 00 00 00
  ........         00 00 00 00 00 00 00 00
015362-015373 StringBlock "events_end"
015374-015389 DataBlock
  ............T... ff 00 00 00 00 00 00 00 01 00 00 00 54 ab 0d 13
015390-015403 StringBlock "template_row"
015404-015418 DataBlock
  ...............  00 00 00 00 00 00 00 00 01 01 00 01 00 00 00
015419-015432 StringBlock "template_row"
015433-015471 DataBlock
  ................ ff ff ff ff 00 00 00 00 00 00 00 00 00 00 00 00
  ................ 00 00 00 00 00 00 00 00 00 00 00 00 00 00 00 01
  ...<@..          00 00 00 3c 40 0e 13
015472-015481 StringBlock "NewState"
015482-015518 DataBlock
  D............... 44 01 00 00 1c 00 00 00 00 00 00 00 02 00 00 00
  ................ 00 00 00 00 00 00 00 00 01 00 00 00 01 00 00 00
  .....            00 00 00 00 00
015519-015537 StringBlock "Ingame 12, Normal"
015538-015564 DataBlock
  ................ 02 00 00 00 01 00 00 00 ff 00 00 00 00 00 00 00
  ...........      00 00 00 00 00 00 00 00 00 00 00
015565-015575 StringBlock "normal_t0"
015576-015615 DataBlock
  ................ 00 00 00 00 00 00 00 00 00 00 00 00 00 00 00 00
  ................ 00 00 00 00 00 00 00 00 00 00 00 00 00 00 00 00
  ........         00 00 00 00 00 00 00 00
015616-015627 StringBlock "events_end"
015628-015643 DataBlock
  .............C.. ff 00 00 00 00 00 00 00 02 00 00 00 9c 43 0e 13
015644-015649 StringBlock "icon"
015650-015664 DataBlock
  ...............  0a 00 00 00 00 00 00 00 01 01 00 01 00 00 00
015665-015670 StringBlock "icon"
015671-015727 DataBlock
  ................ ff ff ff ff 00 00 00 00 00 00 00 00 00 00 00 00
  ........H....... 00 00 00 01 00 00 00 84 48 0e 13 00 00 1c 00 00
  ................ 00 1c 00 00 00 d8 e9 ec ff 00 00 00 00 00 00 00
  .....|I..        00 01 00 00 00 7c 49 0e 13
015728-015737 StringBlock "NewState"
015738-015774 DataBlock
  ................ 18 00 00 00 18 00 00 00 00 00 00 00 02 00 00 00
  ................ 00 00 00 00 00 00 00 00 01 00 00 00 01 00 00 00
  .....            00 00 00 00 00
015775-015793 StringBlock "Ingame 12, Normal"
015794-015820 DataBlock
  ................ 02 00 00 00 01 00 00 00 ff 00 00 00 00 00 00 00
  ...........      00 00 00 00 00 00 00 00 00 00 00
015821-015831 StringBlock "normal_t0"
015832-015916 DataBlock
  ................ 00 00 00 00 00 00 00 00 00 00 00 00 00 00 00 00
  .........H...... 00 00 00 00 01 00 00 00 84 48 0e 13 00 00 00 00
  ................ 00 00 00 00 18 00 00 00 18 00 00 00 d8 e9 ec ff
  ................ 00 00 00 00 00 00 00 01 01 00 00 00 00 00 00 00
  ................ 00 00 00 00 00 00 00 00 00 00 00 00 00 00 00 00
  .....            00 00 00 00 00
015917-015928 StringBlock "events_end"
015929-015946 DataBlock
  ..............<. ff 00 00 00 00 00 00 00 00 00 00 00 00 00 3c a0
  ..               0f 13
015947-015952 StringBlock "text"
015953-015967 DataBlock
  (..............  28 00 00 00 06 00 00 00 01 01 00 01 00 00 00
015968-015973 StringBlock "text"
015974-016012 DataBlock
  ................ ff ff ff ff 00 00 00 00 00 00 00 00 00 00 00 00
  ................ 00 00 00 00 00 00 00 00 00 00 00 00 00 00 00 01
  ....N..          00 00 00 04 4e 0e 13
016013-016022 StringBlock "NewState"
016023-016030 DataBlock
  .'......         10 27 00 00 0e 00 00 00
016031-016054 UnicodeBlock "effect text"
016055-016077 DataBlock
  ................ 00 00 02 00 00 00 04 00 00 00 00 00 00 00 02 00
  .......          00 00 01 00 00 00 00
016078-016129 UnicodeBlock "text_NewState_Text_7b0051"
016130-016131 DataBlock
  ..               00 00
016132-016148 StringBlock "Ingame 12, Bold"
016149-016175 DataBlock
  ................ 02 00 00 00 01 00 00 00 ff ff ff ff 00 00 00 00
  ...........      00 00 00 00 00 00 00 00 00 00 00
016176-016186 StringBlock "normal_t0"
016187-016226 DataBlock
  ................ 00 00 00 00 00 00 00 00 00 00 00 00 00 00 00 00
  ................ 00 00 00 00 00 00 00 00 00 00 00 00 00 00 00 00
  ........         00 00 00 00 00 00 00 00
016227-016238 StringBlock "events_end"
016239-016250 DataBlock
  ............     ff 00 00 00 00 00 00 00 00 00 00 00
016251-016262 StringBlock "no script!"
016263-016270 DataBlock
  ....<...         00 00 00 00 3c a6 0f 13
016271-016277 StringBlock "Turns"
016278-016292 DataBlock
  Q..............  51 01 00 00 03 00 00 00 01 01 00 01 00 00 00
016293-016299 StringBlock "Turns"
016300-016326 DataBlock
  ................ ff ff ff ff 00 00 00 00 03 00 00 00 00 00 00 00
  .......$...      00 00 00 04 00 00 00 24 ab 0f 13
016327-016362 ImagePathBlock "UI/Templates/Skins/turns_green.tga"
016363-016378 DataBlock
  .... ........... 1c 00 00 00 20 00 00 00 ff ff ff ff 1c af 0f 13
016379-016415 ImagePathBlock "UI/Templates/Skins/turns_orange.tga"
016416-016431 DataBlock
  .... ........... 1c 00 00 00 20 00 00 00 ff ff ff ff bc c2 12 13
016432-016472 ImagePathBlock "UI/Templates/Skins/tech_icon_chance.tga"
016473-016488 DataBlock
  ................ 1c 00 00 00 12 00 00 00 ff ff ff ff d4 c5 12 13
016489-016526 ImagePathBlock "UI/Templates/Skins/turns_blocked.tga"
016527-016554 DataBlock
  .... ........... 1c 00 00 00 20 00 00 00 ff ff ff ff 00 00 00 00
  ........t...     00 00 00 00 04 00 00 00 74 c9 12 13
016555-016566 StringBlock "percentage"
016567-016605 DataBlock
  ..........9.9.%. 1c 00 00 00 12 00 00 00 03 00 39 00 39 00 25 00
  ................ 00 00 04 00 00 00 04 00 00 00 00 00 00 00 01 00
  .......          00 00 01 00 00 00 00
016606-016663 UnicodeBlock "Turns_percentage_Text_39001c"
016664-016665 DataBlock
  ..               00 00
016666-016684 StringBlock "Ingame 12, Normal"
016685-016711 DataBlock
  ................ 02 00 00 00 01 00 00 00 00 00 00 ff 00 00 00 00
  ...........      00 00 00 00 00 00 00 00 01 00 00
016712-016722 StringBlock "normal_t0"
016723-016807 DataBlock
  ................ 00 00 00 00 00 00 00 00 00 00 00 00 00 00 00 00
  ................ 00 00 00 00 01 00 00 00 bc c2 12 13 00 00 00 00
  ................ 00 00 00 00 1c 00 00 00 12 00 00 00 ff ff ff ff
  ................ 00 00 00 00 00 00 00 01 01 00 00 00 00 00 00 00
  ................ 00 00 00 00 00 00 00 00 00 00 00 00 00 00 00 00
  .l...            00 6c cd 12 13
016808-016819 StringBlock "not queued"
016820-016856 DataBlock
  .... .....2.2... 1e 00 00 00 20 00 00 00 02 00 32 00 32 00 00 00
  ................ 04 00 00 00 04 00 00 00 00 00 00 00 01 00 00 00
  .....            01 00 00 00 00
016857-016914 UnicodeBlock "Turns_not queued_Text_320032"
016915-016916 DataBlock
  ..               00 00
016917-016935 StringBlock "Ingame 12, Normal"
016936-016962 DataBlock
  ................ 02 00 00 00 01 00 00 00 00 00 00 ff 00 00 00 00
  ...........      00 00 00 00 00 00 00 00 00 00 00
016963-016973 StringBlock "normal_t0"
016974-017058 DataBlock
  ................ 00 00 00 00 00 00 00 00 00 00 00 00 00 00 00 00
  ................ 00 00 00 00 01 00 00 00 1c af 0f 13 00 00 00 00
  ........ ....... 00 00 00 00 1e 00 00 00 20 00 00 00 ff ff ff ff
  ................ 00 00 00 00 00 00 00 01 01 00 00 00 00 00 00 00
  ................ 00 00 00 00 00 00 00 00 00 00 00 00 00 00 00 00
  .d...            00 64 d1 12 13
017059-017066 StringBlock "queued"
017067-017103 DataBlock
  .... .....2.2... 1e 00 00 00 20 00 00 00 02 00 32 00 32 00 00 00
  ................ 04 00 00 00 04 00 00 00 00 00 00 00 01 00 00 00
  .....            01 00 00 00 00
017104-017153 UnicodeBlock "Turns_queued_Text_320032"
017154-017155 DataBlock
  ..               00 00
017156-017174 StringBlock "Ingame 12, Normal"
017175-017201 DataBlock
  ................ 02 00 00 00 01 00 00 00 00 00 00 ff 00 00 00 00
  ...........      00 00 00 00 00 00 00 00 00 00 00
017202-017212 StringBlock "normal_t0"
017213-017297 DataBlock
  ................ 00 00 00 00 00 00 00 00 00 00 00 00 00 00 00 00
  ........$....... 00 00 00 00 01 00 00 00 24 ab 0f 13 00 00 00 00
  ........ ....... 00 00 00 00 1e 00 00 00 20 00 00 00 ff ff ff ff
  ................ 00 00 00 00 00 00 00 01 01 00 00 00 00 00 00 00
  ................ 00 00 00 00 00 00 00 00 00 00 00 00 00 00 00 00
  .\...            00 5c d5 12 13
017298-017306 StringBlock "blocked"
017307-017343 DataBlock
  .... ........... 1e 00 00 00 20 00 00 00 00 00 00 00 02 00 00 00
  ................ 00 00 00 00 00 00 00 00 01 00 00 00 01 00 00 00
  .....            00 00 00 00 00
017344-017362 StringBlock "Ingame 12, Normal"
017363-017389 DataBlock
  ................ 02 00 00 00 01 00 00 00 ff 00 00 00 00 00 00 00
  ...........      00 00 00 00 00 00 00 00 01 00 00
017390-017400 StringBlock "normal_t0"
017401-017485 DataBlock
  ................ 00 00 00 00 00 00 00 00 00 00 00 00 00 00 00 00
  ................ 00 00 00 00 01 00 00 00 d4 c5 12 13 00 00 00 00
  ........ ....... 00 00 00 00 1e 00 00 00 20 00 00 00 ff ff ff ff
  ................ 00 00 00 00 00 00 00 01 01 00 00 00 00 00 00 00
  ................ 00 00 00 00 00 00 00 00 00 00 00 00 00 00 00 00
  .....            00 00 00 00 00
017486-017497 StringBlock "events_end"
017498-017509 DataBlock
  ............     ff 00 00 00 00 00 00 00 00 00 00 00
017510-017529 StringBlock "template.turns.lua"
017530-017564 StringBlock "template.TechTreeItem_Tooltip.lua"
017565-017566 DataBlock
  ..               00 00
