000000-000009 VersionBlock 50
000010-000013 RootIDBlock 376781668
000014-000019 StringBlock "root"
000020-000099 DataBlock
  ................ 00 00 00 00 00 00 00 00 00 00 00 01 01 00 00 00
  ................ 00 01 00 00 00 00 00 ff ff ff ff 00 00 00 00 00
  ....$3u........) 00 00 00 00 24 33 75 16 00 00 01 00 00 00 94 29
  u............... 75 16 00 00 00 05 00 00 c0 03 00 00 be ff bb ff
  ............$3u. 00 00 00 00 00 00 00 00 01 00 00 00 24 33 75 16
000100-000109 NewStateBlock "NewState"
000110-000146 DataBlock
  ................ 00 05 00 00 c0 03 00 00 00 00 00 00 02 00 00 00
  ................ 00 00 00 00 00 00 00 00 01 00 00 00 01 00 00 00
  .....            00 00 00 00 00
000147-000165 FontNameBlock "Ingame 10, Normal"
000166-000177 DataBlock
  ............     02 00 00 00 01 00 00 00 00 00 00 ff
000178-000200 StringBlock "Default Font Category"
000201-000215 DataBlock
  ...............  00 00 00 00 00 00 00 00 00 00 00 00 01 00 00
000216-000226 T0Block "normal_t0"
000227-000311 DataBlock
  ................ 00 00 00 00 00 00 00 00 00 00 00 00 00 00 00 00
  .........)u..... 00 00 00 00 01 00 00 00 94 29 75 16 00 00 00 00
  ................ 00 00 00 00 00 05 00 00 c0 03 00 00 be ff bb ff
  ................ 00 00 00 00 00 00 00 01 01 00 00 00 00 00 00 00
  ................ 00 00 00 00 00 00 00 00 00 00 00 00 00 00 00 00
  .....            00 00 00 00 00
000312-000323 EventListBlock []
000324-000339 DataBlock
  ............D@u. 00 00 00 00 00 00 00 00 01 00 00 00 44 40 75 16
000340-000356 StringBlock "radar_ping_icon"
000357-000371 StringBlock "RadarPingIcon"
000372-000411 DataBlock
  ....o........... ad 01 00 00 6f 01 00 00 00 00 00 00 00 00 00 01
  ................ 00 00 00 00 00 ff ff ff ff 00 00 00 00 00 00 00
  ..|Eu...         00 00 7c 45 75 16 00 00
000412-000482 ImageListBlock 1 elements:
  000416-000482 ImageBlock id=373620860 xsize=16 ysize=16 path="data\\UI\\Campaign UI/Skins/land_radar_pip_ping.tga" unknown=4294967295
000483-000546 DataBlock
  ................ 00 00 00 00 00 00 00 00 05 00 00 00 e4 ef c1 16
  ..move_ping..... 09 00 6d 6f 76 65 5f 70 69 6e 67 11 00 00 00 11
  ................ 00 00 00 00 00 00 00 02 00 00 00 00 00 00 00 00
  ................ 00 00 00 01 00 00 00 01 00 00 00 00 00 00 00 00
000547-000565 FontNameBlock "Ingame 10, Normal"
000566-000577 DataBlock
  ............     02 00 00 00 01 00 00 00 00 00 00 ff
000578-000600 StringBlock "Default Font Category"
000601-000615 DataBlock
  ...............  00 00 00 00 00 00 00 00 00 00 00 00 00 00 00
000616-000630 T0Block "glow_pulse_t0"
000631-000715 DataBlock
  ................ 00 00 00 00 00 00 00 00 00 00 00 00 00 00 00 00
  ........|.E..... 00 00 00 00 01 00 00 00 7c 00 45 16 00 00 00 00
  ................ 00 00 00 00 10 00 00 00 10 00 00 00 00 ff 00 ff
  ................ 00 00 00 00 00 00 00 01 01 00 00 00 00 00 00 00
  ................ 00 00 00 00 00 00 00 00 00 00 00 00 00 00 00 00
  .....            00 0c d1 d1 16
000716-000728 StringBlock "defend_ping"
000729-000765 DataBlock
  ................ 11 00 00 00 11 00 00 00 00 00 00 00 02 00 00 00
  ................ 00 00 00 00 00 00 00 00 01 00 00 00 01 00 00 00
  .....            00 00 00 00 00
000766-000784 FontNameBlock "Ingame 10, Normal"
000785-000796 DataBlock
  ............     02 00 00 00 01 00 00 00 00 00 00 ff
000797-000819 StringBlock "Default Font Category"
000820-000834 DataBlock
  ...............  00 00 00 00 00 00 00 00 00 00 00 00 00 00 00
000835-000849 T0Block "glow_pulse_t0"
000850-000934 DataBlock
  ................ 00 00 00 00 00 00 00 00 00 00 00 00 00 00 00 00
  ........|.E..... 00 00 00 00 01 00 00 00 7c 00 45 16 00 00 00 00
  ............... 00 00 00 00 10 00 00 00 10 00 00 00 d4 ff 7f ff
  ................ 00 00 00 00 00 00 00 01 01 00 00 00 00 00 00 00
  ................ 00 00 00 00 00 00 00 00 00 00 00 00 00 00 00 00
  .|Eu.            00 7c 45 75 16
000935-000949 StringBlock "standard_ping"
000950-000986 DataBlock
  ................ 11 00 00 00 11 00 00 00 00 00 00 00 02 00 00 00
  ................ 00 00 00 00 00 00 00 00 01 00 00 00 01 00 00 00
  .....            00 00 00 00 00
000987-001005 FontNameBlock "Ingame 10, Normal"
001006-001017 DataBlock
  ............     02 00 00 00 01 00 00 00 00 00 00 ff
001018-001040 StringBlock "Default Font Category"
001041-001055 DataBlock
  ...............  00 00 00 00 00 00 00 00 00 00 00 00 00 00 00
001056-001069 T0Block "red_pulse_t0"
001070-001154 DataBlock
  ................ 00 00 00 00 00 00 00 00 00 00 00 00 00 00 00 00
  ........|.E..... 00 00 00 00 01 00 00 00 7c 00 45 16 00 00 00 00
  ................ 00 00 00 00 10 00 00 00 10 00 00 00 00 ff ff ff
  ................ 00 00 00 00 00 00 00 01 01 00 00 00 00 00 00 00
  ................ 00 00 00 00 00 00 00 00 00 00 00 00 00 00 00 00
  .lIu.            00 6c 49 75 16
001155-001167 StringBlock "attack_ping"
001168-001204 DataBlock
  ................ 11 00 00 00 11 00 00 00 00 00 00 00 02 00 00 00
  ................ 00 00 00 00 00 00 00 00 01 00 00 00 01 00 00 00
  .....            00 00 00 00 00
001205-001223 FontNameBlock "Ingame 10, Normal"
001224-001235 DataBlock
  ............     02 00 00 00 01 00 00 00 00 00 00 ff
001236-001258 StringBlock "Default Font Category"
001259-001273 DataBlock
  ...............  00 00 00 00 00 00 00 00 00 00 00 00 00 00 00
001274-001287 T0Block "red_pulse_t0"
001288-001372 DataBlock
  ................ 00 00 00 00 00 00 00 00 00 00 00 00 00 00 00 00
  ........|.E..... 00 00 00 00 01 00 00 00 7c 00 45 16 00 00 00 00
  ................ 00 00 00 00 10 00 00 00 10 00 00 00 00 00 ff ff
  ................ 00 00 00 00 00 00 00 01 01 00 00 00 00 00 00 00
  ................ 00 00 00 00 00 00 00 00 00 00 00 00 00 00 00 00
  ..Mu.            00 14 4d 75 16
001373-001388 StringBlock "reinforce_ping"
001389-001425 DataBlock
  ................ 11 00 00 00 11 00 00 00 00 00 00 00 02 00 00 00
  ................ 00 00 00 00 00 00 00 00 01 00 00 00 01 00 00 00
  .....            00 00 00 00 00
001426-001444 FontNameBlock "Ingame 10, Normal"
001445-001456 DataBlock
  ............     02 00 00 00 01 00 00 00 00 00 00 ff
001457-001479 StringBlock "Default Font Category"
001480-001494 DataBlock
  ...............  00 00 00 00 00 00 00 00 00 00 00 00 00 00 00
001495-001508 T0Block "red_pulse_t0"
001509-001593 DataBlock
  ................ 00 00 00 00 00 00 00 00 00 00 00 00 00 00 00 00
  ........|.E..... 00 00 00 00 01 00 00 00 7c 00 45 16 00 00 00 00
  .............7.. 00 00 00 00 10 00 00 00 10 00 00 00 ce 37 bf ff
  ................ 00 00 00 00 00 00 00 01 01 00 00 00 00 00 00 00
  ................ 00 00 00 00 00 00 00 00 00 00 00 00 00 00 00 00
  .....            00 00 00 00 00
001594-001605 EventListBlock []
001606-001621 DataBlock
  ............|Qu. 00 00 00 00 00 00 00 00 02 00 00 00 7c 51 75 16
001622-001627 StringBlock "ring"
001628-001669 DataBlock
  ................ 00 00 03 00 00 00 03 00 00 00 00 01 01 00 00 00
  ................ 00 01 00 00 00 00 00 ff ff ff ff 00 00 00 00 05
  .....xu...       00 00 00 00 84 78 75 16 00 00
001670-001748 ImageListBlock 1 elements:
  001674-001748 ImageBlock id=376788732 xsize=256 ysize=256 path="data\\UI\\Campaign UI/Skins/land_radar_pip_general_aura.tga" unknown=4294967295
001749-001811 DataBlock
  .............xu. 00 00 00 00 00 00 00 00 01 00 00 00 84 78 75 16
  ..NewState...... 08 00 4e 65 77 53 74 61 74 65 0a 00 00 00 0a 00
  ................ 00 00 00 00 00 00 02 00 00 00 00 00 00 00 00 00
  ...............  00 00 01 00 00 00 01 00 00 00 00 00 00 00 00
001812-001830 FontNameBlock "Ingame 10, Normal"
001831-001842 DataBlock
  ............     02 00 00 00 01 00 00 00 00 00 00 ff
001843-001865 StringBlock "Default Font Category"
001866-001880 DataBlock
  ...............  00 00 00 00 00 00 00 00 00 00 00 00 01 00 00
001881-001891 T0Block "normal_t0"
001892-001976 DataBlock
  ................ 00 00 00 00 00 00 00 00 00 00 00 00 00 00 00 00
  .........Vu..... 00 00 00 00 01 00 00 00 fc 56 75 16 00 00 00 00
  ................ 00 00 00 00 0a 00 00 00 0a 00 00 00 ff ff ff 80
  ................ 00 00 00 00 00 00 00 01 01 00 00 00 00 00 00 00
  ................ 00 00 00 00 00 00 00 00 00 00 00 00 00 00 00 00
  .....            00 00 00 00 00
001977-001988 EventListBlock []
001989-002003 DataBlock
  ...............  00 00 00 00 00 00 00 00 00 00 00 00 00 00 00
002004-002009 StringBlock "ring"
002010-002013 DataBlock
  <w..             3c 77 92 16
002014-002028 StringBlock "waypoint_line"
002029-002070 DataBlock
  ................ 00 00 06 00 00 00 06 00 00 00 00 01 01 00 00 00
  ................ 00 00 00 00 00 00 00 ff ff ff ff 00 00 00 00 00
  ..........       00 00 00 00 8c 86 92 16 00 00
002071-002131 ImageListBlock 1 elements:
  002075-002131 ImageBlock id=378698940 xsize=1 ysize=1 path="data\\UI\\Campaign UI/Skins/1x1_white.tga" unknown=4294967295
002132-002195 DataBlock
  .............}.. 00 00 00 00 00 00 00 00 05 00 00 00 f4 7d 92 16
  ..move_ping..... 09 00 6d 6f 76 65 5f 70 69 6e 67 01 00 00 00 01
  ................ 00 00 00 00 00 00 00 02 00 00 00 00 00 00 00 00
  ................ 00 00 00 01 00 00 00 01 00 00 00 00 00 00 00 00
002196-002214 FontNameBlock "Ingame 10, Normal"
002215-002226 DataBlock
  ............     02 00 00 00 01 00 00 00 00 00 00 ff
002227-002249 StringBlock "Default Font Category"
002250-002264 DataBlock
  ...............  00 00 00 00 00 00 00 00 00 00 00 00 01 00 00
002265-002275 T0Block "normal_t0"
002276-002360 DataBlock
  ................ 00 00 00 00 00 00 00 00 00 00 00 00 00 00 00 00
  .........|...... 00 00 00 00 01 00 00 00 bc 7c 92 16 00 00 00 00
  ................ 00 00 00 00 01 00 00 00 01 00 00 00 00 ff 00 ff
  ................ 00 00 00 00 00 00 00 01 01 00 00 00 00 00 00 00
  ................ 00 00 00 00 00 00 00 00 00 00 00 00 00 00 00 00
  .<...            00 3c 82 92 16
002361-002373 StringBlock "defend_ping"
002374-002410 DataBlock
  ................ 12 00 00 00 11 00 00 00 00 00 00 00 02 00 00 00
  ................ 00 00 00 00 00 00 00 00 01 00 00 00 01 00 00 00
  .....            00 00 00 00 00
002411-002429 FontNameBlock "Ingame 10, Normal"
002430-002441 DataBlock
  ............     02 00 00 00 01 00 00 00 00 00 00 ff
002442-002464 StringBlock "Default Font Category"
002465-002479 DataBlock
  ...............  00 00 00 00 00 00 00 00 00 00 00 00 01 00 00
002480-002490 T0Block "normal_t0"
002491-002575 DataBlock
  ................ 00 00 00 00 00 00 00 00 00 00 00 00 00 00 00 00
  .........|...... 00 00 00 00 01 00 00 00 bc 7c 92 16 00 00 00 00
  ................ 00 00 00 00 01 00 00 00 01 00 00 00 ff 00 00 ff
  ................ 00 00 00 00 00 00 00 01 01 00 00 00 00 00 00 00
  ................ 00 00 00 00 00 00 00 00 00 00 00 00 00 00 00 00
  .....            00 8c 86 92 16
002576-002590 StringBlock "standard_ping"
002591-002627 DataBlock
  ................ 01 00 00 00 01 00 00 00 00 00 00 00 02 00 00 00
  ................ 00 00 00 00 00 00 00 00 01 00 00 00 01 00 00 00
  .....            00 00 00 00 00
002628-002646 FontNameBlock "Ingame 10, Normal"
002647-002658 DataBlock
  ............     02 00 00 00 01 00 00 00 00 00 00 ff
002659-002681 StringBlock "Default Font Category"
002682-002696 DataBlock
  ...............  00 00 00 00 00 00 00 00 00 00 00 00 00 00 00
002697-002707 T0Block "normal_t0"
002708-002792 DataBlock
  ................ 00 00 00 00 00 00 00 00 00 00 00 00 00 00 00 00
  .........|...... 00 00 00 00 01 00 00 00 bc 7c 92 16 00 00 00 00
  ................ 00 00 00 00 01 00 00 00 01 00 00 00 ff ff 00 ff
  ................ 00 00 00 00 00 00 00 01 01 00 00 00 00 00 00 00
  ................ 00 00 00 00 00 00 00 00 00 00 00 00 00 00 00 00
  .....            00 94 8a 92 16
002793-002805 StringBlock "attack_ping"
002806-002842 DataBlock
  ................ 01 00 00 00 01 00 00 00 00 00 00 00 02 00 00 00
  ................ 00 00 00 00 00 00 00 00 01 00 00 00 01 00 00 00
  .....            00 00 00 00 00
002843-002861 FontNameBlock "Ingame 10, Normal"
002862-002873 DataBlock
  ............     02 00 00 00 01 00 00 00 00 00 00 ff
002874-002896 StringBlock "Default Font Category"
002897-002911 DataBlock
  ...............  00 00 00 00 00 00 00 00 00 00 00 00 01 00 00
002912-002922 T0Block "normal_t0"
002923-003007 DataBlock
  ................ 00 00 00 00 00 00 00 00 00 00 00 00 00 00 00 00
  .........|...... 00 00 00 00 01 00 00 00 bc 7c 92 16 00 00 00 00
  ................ 00 00 00 00 01 00 00 00 01 00 00 00 00 00 ff ff
  ................ 00 00 00 00 00 00 00 01 01 00 00 00 00 00 00 00
  ................ 00 00 00 00 00 00 00 00 00 00 00 00 00 00 00 00
  .<...            00 3c 8e 92 16
003008-003023 StringBlock "reinforce_ping"
003024-003060 DataBlock
  ................ 01 00 00 00 01 00 00 00 00 00 00 00 02 00 00 00
  ................ 00 00 00 00 00 00 00 00 01 00 00 00 01 00 00 00
  .....            00 00 00 00 00
003061-003079 FontNameBlock "Ingame 10, Normal"
003080-003091 DataBlock
  ............     02 00 00 00 01 00 00 00 00 00 00 ff
003092-003114 StringBlock "Default Font Category"
003115-003129 DataBlock
  ...............  00 00 00 00 00 00 00 00 00 00 00 00 01 00 00
003130-003140 T0Block "normal_t0"
003141-003225 DataBlock
  ................ 00 00 00 00 00 00 00 00 00 00 00 00 00 00 00 00
  .........|...... 00 00 00 00 01 00 00 00 bc 7c 92 16 00 00 00 00
  ................ 00 00 00 00 01 00 00 00 01 00 00 00 00 ff ff ff
  ................ 00 00 00 00 00 00 00 01 01 00 00 00 00 00 00 00
  ................ 00 00 00 00 00 00 00 00 00 00 00 00 00 00 00 00
  .....            00 00 00 00 00
003226-003237 EventListBlock []
003238-003252 DataBlock
  ...............  00 00 00 00 00 00 00 00 00 00 00 00 00 00 00
003253-003267 StringBlock "waypoint_line"
003268-003270 DataBlock
  ...              00 00 00
003271-003287 StringBlock "radar_ping_icon"
003288-003290 DataBlock
  ...              00 00 00
003291-003296 StringBlock "root"
