000000-000009 VersionBlock 86
000010-000013 RootIDBlock 189224736
000014-000019 StringBlock "root"
000020-000098 DataBlock
  ................ 00 00 00 00 00 00 00 00 00 00 00 01 01 00 00 00
  ................ 00 01 00 00 00 00 01 00 00 00 00 00 00 00 00 00
  .........[G..... 00 00 00 00 00 00 00 00 d0 5b 47 0b 01 00 00 00
  .ZG............. e0 5a 47 0b 00 00 00 05 00 00 00 04 00 00 00 00
  ............[G.  00 00 00 00 00 00 00 01 00 00 00 d0 5b 47 0b
000099-000108 StringBlock "NewState"
000109-000145 DataBlock
  ................ 00 05 00 00 00 04 00 00 00 00 00 00 02 00 00 00
  ................ 00 00 00 00 00 00 00 00 01 00 00 00 01 00 00 00
  .....            00 00 00 00 00
000146-000161 StringBlock "georgia_italic"
000162-000177 DataBlock
  ................ 0a 00 00 00 02 00 00 00 01 00 00 00 dd da fa ff
000178-000200 StringBlock "Default Font Category"
000201-000224 DataBlock
  ................ 00 00 00 00 00 00 00 00 00 00 00 00 00 00 00 00
  ........         00 00 00 00 01 00 00 00
000225-000235 T0Block "normal_t0"
000236-000251 DataBlock
  ................ 00 00 00 00 00 00 00 00 00 00 00 00 00 00 00 00
000252-000262 T0Block "normal_t0"
000263-000393 DataBlock
  ................ 00 00 00 00 00 00 00 00 00 00 00 00 00 00 00 00
  .....ZG......... 01 00 00 00 e0 5a 47 0b 00 00 00 00 00 00 00 00
  ................ 00 05 00 00 00 04 00 00 be ff bb ff 00 00 00 00
  ................ 00 00 00 00 00 00 00 00 00 00 00 01 01 00 00 00
  ................ 00 00 00 00 00 00 00 00 00 00 00 00 00 00 00 00
  ................ 00 00 00 00 00 00 00 00 00 00 00 00 00 00 00 00
  ................ 00 00 00 00 00 00 00 00 00 00 00 00 00 00 00 00
  ................ 00 00 00 00 00 00 00 00 00 00 00 01 00 00 00 00
  ...              e5 15 15
000394-000401 StringBlock "battle"
000402-000427 StringBlock "BattleLoadingScreenPanel"
000428-000489 DataBlock
  M............... 4d ff ff ff 00 00 00 00 00 01 01 00 00 00 00 01
  ................ 00 00 00 00 01 00 00 00 00 05 00 00 00 00 00 00
  ................ 00 00 00 00 00 00 c0 0d 2e 15 00 00 00 00 00 00
  ..............   00 00 00 00 00 00 01 00 00 00 c0 0d 2e 15
000490-000499 StringBlock "NewState"
000500-000536 DataBlock
  f............... 66 06 00 00 00 04 00 00 00 00 00 00 02 00 00 00
  ................ 00 00 00 00 00 00 00 00 01 00 00 00 01 00 00 00
  .....            00 00 00 00 00
000537-000552 StringBlock "georgia_italic"
000553-000568 DataBlock
  ................ 0a 00 00 00 02 00 00 00 01 00 00 00 dd da fa ff
000569-000591 StringBlock "Default Font Category"
000592-000615 DataBlock
  ................ 00 00 00 00 00 00 00 00 00 00 00 00 00 00 00 00
  ........         00 00 00 00 00 00 00 00
000616-000626 T0Block "normal_t0"
000627-000642 DataBlock
  ................ 00 00 00 00 00 00 00 00 00 00 00 00 00 00 00 00
000643-000653 T0Block "normal_t0"
000654-000697 DataBlock
  ................ 00 00 00 00 00 00 00 00 00 00 00 00 00 00 00 00
  ................ 00 00 00 00 00 00 00 00 00 00 00 00 00 00 00 00
  ............     00 00 00 00 f4 01 00 00 04 00 00 00
000698-000703 StringBlock "hide"
000704-000769 DataBlock
  ..............f. 01 00 02 00 00 00 00 00 00 00 00 00 00 00 66 06
  ................ 00 00 00 04 00 00 ff ff ff 00 00 00 00 00 00 00
  ................ 00 00 00 00 00 00 00 00 00 00 00 00 00 00 ff ff
  ................ ff ff ff ff ff ff 00 00 00 00 02 00 00 00 00 00
  .?               80 3f
000770-000777 StringBlock "Linear"
000778-000785 DataBlock
  .....h..         04 00 00 00 00 68 e5 14
000786-000791 StringBlock "hide"
000792-000799 DataBlock
  ........         00 00 00 00 80 87 0b 15
000800-000805 StringBlock "hide"
000806-000813 DataBlock
  ........         00 00 00 00 80 80 0b 15
000814-000819 StringBlock "hide"
000820-000827 DataBlock
  ......P.         00 00 00 00 80 9a 50 09
000828-000833 StringBlock "hide"
000834-000897 DataBlock
  ............f... 00 00 00 00 00 00 00 00 00 00 00 00 66 06 00 00
  ................ 00 04 00 00 ff ff ff 00 00 00 00 00 00 00 00 00
  ................ 00 00 00 00 00 00 00 00 00 00 00 00 ff ff ff ff
  ........@......? ff ff ff ff e8 03 00 00 40 00 00 00 00 00 80 3f
000898-000905 StringBlock "Linear"
000906-000909 DataBlock
  ....             00 00 00 00
000910-000915 StringBlock "show"
000916-000981 DataBlock
  ..............f. 01 00 02 00 00 00 00 00 00 00 00 00 00 00 66 06
  ................ 00 00 00 04 00 00 ff ff ff 00 00 00 00 00 00 00
  ................ 00 00 00 00 00 00 00 00 00 00 00 00 00 00 ff ff
  ..........@..... ff ff ff ff ff ff 00 00 00 00 40 00 00 00 00 00
  .?               80 3f
000982-000989 StringBlock "Linear"
000990-001053 DataBlock
  ............f... 00 00 00 00 00 00 00 00 00 00 00 00 66 06 00 00
  ................ 00 04 00 00 ff ff ff ff 00 00 00 00 00 00 00 00
  ................ 00 00 00 00 00 00 00 00 00 00 00 00 ff ff ff ff
  ........@......? ff ff ff ff c8 00 00 00 40 00 00 00 00 00 80 3f
001054-001061 StringBlock "Linear"
001062-001065 DataBlock
  ....             00 00 00 00
001066-001077 StringBlock "show_quote"
001078-001143 DataBlock
  ..............f. 00 00 03 00 00 00 00 00 00 00 00 00 00 00 66 06
  ................ 00 00 00 04 00 00 ff ff ff ff 00 00 00 00 00 00
  ................ 00 00 00 00 00 00 00 00 00 00 00 00 00 00 ff ff
  ................ ff ff ff ff ff ff 00 00 00 00 00 00 00 00 00 00
  .?               80 3f
001144-001151 StringBlock "Linear"
001152-001159 DataBlock
  ........         01 00 00 00 c0 06 eb 10
001160-001171 StringBlock "show_quote"
001172-001235 DataBlock
  ............f... 00 00 00 00 00 00 00 00 00 00 00 00 66 06 00 00
  ................ 00 04 00 00 ff ff ff ff 00 00 00 00 00 00 00 00
  ................ 00 00 00 00 00 00 00 00 00 00 00 00 ff ff ff ff
  ....d..........? ff ff ff ff 64 00 00 00 00 00 00 00 00 00 80 3f
001236-001243 StringBlock "Linear"
001244-001307 DataBlock
  ............f... 00 00 00 00 00 00 00 00 00 00 00 00 66 06 00 00
  ................ 00 04 00 00 ff ff ff ff 00 00 00 00 00 00 00 00
  ................ 00 00 00 00 00 00 00 00 00 00 00 00 ff ff ff ff
  ....d..........? ff ff ff ff 64 00 00 00 00 00 00 00 00 00 80 3f
001308-001315 StringBlock "Linear"
001316-001319 DataBlock
  ....             00 00 00 00
001320-001331 StringBlock "show_radar"
001332-001397 DataBlock
  ..............f. 00 00 02 00 00 00 00 00 00 00 00 00 00 00 66 06
  ................ 00 00 00 04 00 00 ff ff ff ff 00 00 00 00 00 00
  ................ 00 00 00 00 00 00 00 00 00 00 00 00 00 00 ff ff
  ................ ff ff ff ff ff ff 00 00 00 00 00 00 00 00 00 00
  .?               80 3f
001398-001405 StringBlock "Linear"
001406-001413 DataBlock
  ....0...         01 00 00 00 30 87 a3 0f
001414-001419 StringBlock "show"
001420-001483 DataBlock
  ............f... 00 00 00 00 00 00 00 00 00 00 00 00 66 06 00 00
  ................ 00 04 00 00 ff ff ff ff 00 00 00 00 00 00 00 00
  ................ 00 00 00 00 00 00 00 00 00 00 00 00 ff ff ff ff
  ....,..........? ff ff ff ff 2c 01 00 00 02 00 00 00 00 00 80 3f
001484-001491 StringBlock "Linear"
001492-001503 DataBlock
  ............     00 00 00 00 01 00 00 00 e0 dd 15 15
001504-001511 StringBlock "docker"
001512-001575 DataBlock
  ................ 00 00 b3 00 00 00 00 00 00 00 00 00 00 00 00 00
  ................ 00 01 00 00 00 00 01 00 00 00 00 05 00 00 00 00
  ................ 00 00 00 00 00 00 00 00 00 10 2e 15 00 00 00 00
  ................ 00 00 00 00 00 00 00 00 01 00 00 00 00 10 2e 15
001576-001585 StringBlock "NewState"
001586-001622 DataBlock
  ................ 00 05 00 00 00 04 00 00 00 00 00 00 02 00 00 00
  ................ 00 00 00 00 00 00 00 00 01 00 00 00 01 00 00 00
  .....            00 00 00 00 00
001623-001638 StringBlock "georgia_italic"
001639-001654 DataBlock
  ................ 0a 00 00 00 02 00 00 00 01 00 00 00 dd da fa ff
001655-001677 StringBlock "Default Font Category"
001678-001701 DataBlock
  ................ 00 00 00 00 00 00 00 00 00 00 00 00 00 00 00 00
  ........         00 00 00 00 00 00 00 00
001702-001712 T0Block "normal_t0"
001713-001728 DataBlock
  ................ 00 00 00 00 00 00 00 00 00 00 00 00 00 00 00 00
001729-001739 T0Block "normal_t0"
001740-001791 DataBlock
  ................ 00 00 00 00 00 00 00 00 00 00 00 00 00 00 00 00
  ................ 00 00 00 00 00 00 00 00 00 00 00 00 00 00 00 00
  ................ 00 00 00 00 00 00 00 00 00 00 00 00 05 00 00 00
  @...             40 fa c8 16
001792-001803 StringBlock "background"
001804-001882 DataBlock
  ................ 00 00 ca fe ff ff a8 ff ff ff 00 00 00 00 00 00
  ................ 00 01 00 00 00 00 01 00 00 00 00 05 00 00 00 00
  ................ 00 00 00 00 00 00 00 00 e0 1e 10 17 01 00 00 00
  .)8...l......... 00 29 38 11 00 00 6c 07 00 00 b0 04 00 00 00 00
  ...............  00 00 00 00 00 00 00 01 00 00 00 e0 1e 10 17
001883-001892 StringBlock "NewState"
001893-001929 DataBlock
  l............... 6c 07 00 00 b0 04 00 00 00 00 00 00 02 00 00 00
  ................ 00 00 00 00 00 00 00 00 01 00 00 00 01 00 00 00
  .....            00 00 00 00 00
001930-001945 StringBlock "georgia_italic"
001946-001961 DataBlock
  ................ 0a 00 00 00 02 00 00 00 01 00 00 00 dd da fa ff
001962-001984 StringBlock "Default Font Category"
001985-002008 DataBlock
  ................ 00 00 00 00 00 00 00 00 00 00 00 00 00 00 00 00
  ........         00 00 00 00 00 00 00 00
002009-002019 T0Block "normal_t0"
002020-002035 DataBlock
  ................ 00 00 00 00 00 00 00 00 00 00 00 00 00 00 00 00
002036-002046 T0Block "normal_t0"
002047-002186 DataBlock
  ................ 00 00 00 00 00 00 00 00 00 00 00 00 00 00 00 00
  .....)8......... 01 00 00 00 00 29 38 11 00 00 00 00 00 00 00 00
  ................ 80 07 00 00 b0 04 00 00 ff ff ff ff 00 00 00 00
  ................ 00 00 00 00 00 00 00 00 00 00 00 01 01 00 00 00
  ................ 00 00 00 00 00 00 00 00 00 00 00 00 00 00 00 00
  ................ 00 00 00 00 00 00 00 00 00 00 00 00 00 00 00 00
  ................ 00 00 00 00 00 00 00 00 00 00 00 00 00 00 00 00
  ................ 00 00 00 00 00 00 00 00 00 00 00 00 00 00 00 00
  ............     00 00 00 00 00 00 00 00 80 80 0b 15
002187-002199 StringBlock "radar_frame"
002200-002243 DataBlock
  ..y............. 00 00 79 01 00 00 fc 00 00 00 00 01 01 00 00 00
  ................ 00 01 00 00 00 00 01 00 00 00 00 05 00 00 00 00
  ........@K..     00 00 00 02 00 00 00 00 40 4b 13 15
002244-002299 ImageListBlock 1 elements:
  002248-002299 ImageBlock id=353875520 xsize=238 ysize=238 path="ui/skins/default/tooltip_frame.png" unknown=0
002300-002359 DataBlock
  .........@K....N 00 00 00 00 00 01 00 00 00 40 4b 13 15 08 00 4e
  ewState......... 65 77 53 74 61 74 65 0e 02 00 00 0c 02 00 00 00
  ................ 00 00 00 02 00 00 00 00 00 00 00 00 00 00 00 01
  ............     00 00 00 01 00 00 00 00 00 00 00 00
002360-002375 StringBlock "georgia_italic"
002376-002391 DataBlock
  ................ 0a 00 00 00 02 00 00 00 01 00 00 00 dd da fa ff
002392-002414 StringBlock "Default Font Category"
002415-002438 DataBlock
  ................ 00 00 00 00 00 00 00 00 00 00 00 00 00 00 00 00
  ........         00 00 00 00 00 00 00 00
002439-002449 T0Block "normal_t0"
002450-002465 DataBlock
  ................ 00 00 00 00 00 00 00 00 00 00 00 00 00 00 00 00
002466-002476 T0Block "normal_t0"
002477-002599 DataBlock
  ................ 00 00 00 00 00 00 00 00 00 00 00 00 00 00 00 00
  ....@........... 01 00 00 00 40 b6 17 15 00 00 00 00 00 00 00 00
  ................ 0e 02 00 00 0c 02 00 00 ff ff ff ff 00 00 00 00
  ................ 00 00 00 00 00 00 00 00 00 00 00 01 01 00 00 00
  ................ 00 00 00 00 00 00 00 00 00 00 00 00 00 00 00 00
  ............. A. 00 00 00 00 00 00 00 00 00 00 00 00 00 20 41 00
  . A............. 00 20 41 00 00 00 00 00 00 00 00 00 00 00 00 00
  ...........      00 00 00 00 00 00 00 01 00 00 00
002600-002605 StringBlock "hide"
002606-002671 DataBlock
  ..............X. 01 00 01 00 00 00 00 00 00 00 00 00 00 00 58 04
  ..X............. 00 00 58 04 00 00 ff ff ff ff 00 00 00 00 00 00
  ................ 00 00 00 00 00 00 00 00 00 00 00 00 00 00 ff ff
  ................ ff ff ff ff ff ff e8 03 00 00 04 00 00 00 00 00
  .?               80 3f
002672-002679 StringBlock "Linear"
002680-002691 DataBlock
  ........0...     00 00 00 00 01 00 00 00 30 87 a3 0f
002692-002698 StringBlock "radar"
002699-002777 DataBlock
  ................ 00 00 07 00 00 00 06 00 00 00 00 01 01 00 00 00
  ................ 00 01 00 00 00 00 01 00 00 00 00 08 00 00 00 00
  ........`.=..... 00 00 00 fa ff ff ff 00 60 ba 3d 07 01 00 00 00
  ..0............. 00 0c 30 16 00 00 00 02 00 00 00 02 00 00 00 00
  ...........`.=.  00 00 00 00 00 00 00 01 00 00 00 60 ba 3d 07
002778-002787 StringBlock "NewState"
002788-002824 DataBlock
  ................ 00 02 00 00 00 02 00 00 00 00 00 00 04 00 00 00
  ................ 04 00 00 00 00 00 00 00 01 00 00 00 01 00 00 00
  .....            00 00 00 00 00
002825-002847 FontNameBlock "la_gioconda_uppercase"
002848-002863 DataBlock
  ................ 18 00 00 00 04 00 00 00 00 00 00 00 d7 f8 ff ff
002864-002880 StringBlock "fe_page_heading"
002881-002904 DataBlock
  ................ 00 00 00 00 00 00 00 00 00 00 00 00 00 00 00 00
  ........         00 00 00 00 00 00 00 00
002905-002915 T0Block "normal_t0"
002916-002931 DataBlock
  ................ 00 00 00 00 00 00 00 00 00 00 00 00 00 00 00 00
002932-002942 T0Block "normal_t0"
002943-003065 DataBlock
  ................ 00 00 00 00 00 00 00 00 00 00 00 00 00 00 00 00
  ......0......... 01 00 00 00 00 0c 30 16 00 00 00 00 00 00 00 00
  ................ 00 02 00 00 00 02 00 00 ff ff ff ff 00 00 01 00
  ................ 00 00 00 00 00 00 00 00 00 00 00 01 01 00 00 00
  ................ 00 00 00 00 00 00 00 00 00 00 00 00 00 00 00 00
  ................ 00 00 00 00 00 00 00 00 00 00 00 00 00 00 00 00
  ................ 00 00 00 00 00 00 00 00 00 00 00 00 00 00 00 00
  ...........      00 00 00 00 00 00 00 01 00 00 00
003066-003071 StringBlock "show"
003072-003137 DataBlock
  ................ 00 00 02 00 00 00 00 00 00 00 00 00 00 00 00 02
  ................ 00 00 00 02 00 00 ff ff ff 00 00 00 00 00 00 00
  ................ 00 00 00 00 00 00 00 00 00 00 00 00 00 00 ff ff
  ..........@..... ff ff ff ff ff ff 00 00 00 00 40 00 00 00 00 00
  .?               80 3f
003138-003145 StringBlock "Linear"
003146-003209 DataBlock
  ................ 00 00 00 00 00 00 00 00 00 00 00 00 00 02 00 00
  ................ 00 02 00 00 ff ff ff ff 00 00 00 00 00 00 00 00
  ................ 00 00 00 00 00 00 00 00 00 00 00 00 ff ff ff ff
  ....,...@......? ff ff ff ff 2c 01 00 00 40 00 00 00 00 00 80 3f
003210-003217 StringBlock "Linear"
003218-003247 DataBlock
  ................ 00 00 00 00 00 00 00 00 00 00 00 00 00 00 00 00
  ..............   00 00 00 00 00 00 00 00 00 00 80 87 0b 15
003248-003262 StringBlock "bottom_parent"
003263-003306 DataBlock
  ..y............. 00 00 79 01 00 00 0e 03 00 00 00 00 00 00 00 00
  ................ 00 01 00 00 00 00 01 00 00 00 00 00 00 00 00 00
  ..........-.     00 00 00 00 00 00 00 00 00 c0 2d 15
003307-003362 ImageListBlock 1 elements:
  003311-003362 ImageBlock id=335651232 xsize=128 ysize=128 path="ui/skins/default/tooltip_frame.png" unknown=0
003363-003422 DataBlock
  ...........-...N 00 00 00 00 00 01 00 00 00 00 c0 2d 15 08 00 4e
  ewState......... 65 77 53 74 61 74 65 0e 02 00 00 9d 00 00 00 00
  ................ 00 00 00 04 00 00 00 04 00 00 00 00 00 00 00 01
  ............     00 00 00 01 00 00 00 00 00 00 00 00
003423-003435 FontNameBlock "la_gioconda"
003436-003451 DataBlock
  ................ 0c 00 00 00 07 00 00 00 00 00 00 00 d7 f8 ff ff
003452-003460 StringBlock "fe_text"
003461-003484 DataBlock
  ................ 0a 00 00 00 00 00 00 00 0a 00 00 00 00 00 00 00
  ........         00 00 00 00 00 00 00 00
003485-003495 T0Block "normal_t0"
003496-003511 DataBlock
  ................ 00 00 00 00 00 00 00 00 00 00 00 00 00 00 00 00
003512-003522 T0Block "normal_t0"
003523-003645 DataBlock
  ................ 00 00 00 00 00 00 00 00 00 00 00 00 00 00 00 00
  ................ 01 00 00 00 a0 a1 01 14 00 00 00 00 00 00 00 00
  ................ 0e 02 00 00 9d 00 00 00 ff ff ff ff 00 00 00 00
  ................ 00 00 00 00 00 00 00 00 00 00 00 01 01 00 00 00
  ................ 00 00 00 00 00 00 00 00 00 00 00 00 00 00 00 00
  ............. A. 00 00 00 00 00 00 00 00 00 00 00 00 00 20 41 00
  . A............. 00 20 41 00 00 00 00 00 00 00 00 00 00 00 00 00
  ...........      00 00 00 00 00 00 00 01 00 00 00
003646-003651 StringBlock "hide"
003652-003717 DataBlock
  .............C.. 00 00 01 00 00 00 00 00 00 00 00 00 fa 43 0e 02
  ................ 00 00 9e 00 00 00 ff ff ff ff 00 00 00 00 00 00
  ................ 00 00 00 00 00 00 00 00 00 00 00 00 00 00 ff ff
  ................ ff ff ff ff ff ff e8 03 00 00 02 00 00 00 00 00
  .?               80 3f
003718-003725 StringBlock "Linear"
003726-003737 DataBlock
  ........@W..     00 00 00 00 02 00 00 00 40 57 fd 18
003738-003757 StringBlock "loading_bar_parent"
003758-003801 DataBlock
  ................ 00 00 00 00 00 00 a3 00 00 00 00 00 00 00 00 00
  ................ 00 01 00 00 00 00 01 00 00 00 00 00 00 00 00 00
  .........w..     00 00 00 00 00 00 00 00 c0 77 e6 18
003802-003857 ImageListBlock 1 elements:
  003806-003857 ImageBlock id=403285280 xsize=764 ysize=58 path="ui/skins/default/loading_bar_2.png" unknown=0
003858-003917 DataBlock
  ..........w....N 00 00 00 00 00 01 00 00 00 c0 77 e6 18 08 00 4e
  ewState....(.... 65 77 53 74 61 74 65 0d 02 00 00 28 00 00 00 00
  ................ 00 00 00 04 00 00 00 04 00 00 00 00 00 00 00 01
  ............     00 00 00 01 00 00 00 00 00 00 00 00
003918-003940 FontNameBlock "la_gioconda_uppercase"
003941-003956 DataBlock
  ................ 18 00 00 00 04 00 00 00 00 00 00 00 d7 f8 ff ff
003957-003973 StringBlock "fe_page_heading"
003974-003997 DataBlock
  ................ 00 00 00 00 00 00 00 00 00 00 00 00 00 00 00 00
  ........         00 00 00 00 00 00 00 00
003998-004008 T0Block "normal_t0"
004009-004024 DataBlock
  ................ 00 00 00 00 00 00 00 00 00 00 00 00 00 00 00 00
004025-004035 T0Block "normal_t0"
004036-004166 DataBlock
  ................ 00 00 00 00 00 00 00 00 00 00 00 00 00 00 00 00
  .... ........... 01 00 00 00 20 a5 09 18 00 00 00 00 00 00 00 00
  ....(........... 0c 02 00 00 28 00 00 00 ff ff ff ff 00 00 00 05
  ................ 00 00 00 00 00 00 00 00 00 00 00 01 01 00 00 00
  ................ 00 00 00 00 00 00 00 00 00 00 00 00 00 00 00 00
  ............. A. 00 00 00 00 00 00 00 00 00 00 00 00 00 20 41 00
  . A............. 00 20 41 00 00 00 00 00 00 00 00 00 00 00 00 00
  ................ 00 00 00 00 00 00 00 00 00 00 00 01 00 00 00 e0
  h..              68 fd 18
004167-004179 StringBlock "loading_bar"
004180-004223 DataBlock
  ................ 00 00 00 00 00 00 07 00 00 00 00 01 00 00 00 00
  ................ 00 01 00 00 00 00 01 00 00 00 00 00 00 00 00 00
  .........u..     00 00 00 00 00 00 00 00 80 75 e6 18
004224-004289 ImageListBlock 1 elements:
  004228-004289 ImageBlock id=382727488 xsize=718 ysize=20 path="ui/skins/default/ee_loadingbar_fill_gold.png" unknown=0
004290-004349 DataBlock
  ..........u....N 00 00 00 00 00 01 00 00 00 80 75 e6 18 08 00 4e
  ewState......... 65 77 53 74 61 74 65 0c 02 00 00 0c 00 00 00 00
  ................ 00 00 00 04 00 00 00 04 00 00 00 00 00 00 00 01
  ............     00 00 00 01 00 00 00 00 00 00 00 00
004350-004372 FontNameBlock "la_gioconda_uppercase"
004373-004388 DataBlock
  ................ 18 00 00 00 04 00 00 00 00 00 00 00 d7 f8 ff ff
004389-004405 StringBlock "fe_page_heading"
004406-004429 DataBlock
  ................ 00 00 00 00 00 00 00 00 00 00 00 00 00 00 00 00
  ........         00 00 00 00 00 00 00 00
004430-004440 T0Block "normal_t0"
004441-004456 DataBlock
  ................ 00 00 00 00 00 00 00 00 00 00 00 00 00 00 00 00
004457-004467 T0Block "normal_t0"
004468-004616 DataBlock
  ................ 00 00 00 00 00 00 00 00 00 00 00 00 00 00 00 00
  ....@........... 01 00 00 00 40 f5 cf 16 00 00 00 00 08 00 00 00
  ................ 0c 02 00 00 0a 00 00 00 ff ff ff ff 00 00 00 00
  ................ 00 00 00 00 00 00 00 00 00 00 00 01 01 00 00 00
  ................ 00 00 00 00 00 00 00 00 00 00 00 00 00 00 00 00
  ................ 00 00 00 00 00 00 00 00 00 00 00 00 00 00 00 00
  ................ 00 00 00 00 00 00 00 00 00 00 00 00 00 00 00 00
  ................ 00 00 00 00 00 00 00 00 00 00 00 00 00 00 00 00
  ................ 00 00 00 00 00 00 00 00 00 00 00 00 00 00 00 00
  .....            00 c0 06 eb 10
004617-004623 StringBlock "quote"
004624-004687 DataBlock
  ................ 00 00 00 00 00 00 00 00 00 00 00 01 01 00 00 00
  ................ 00 01 00 00 00 00 01 00 00 00 00 00 00 00 00 00
  ........ ....... 00 00 00 00 00 00 00 00 20 14 c6 10 00 00 00 00
  ............ ... 00 00 00 00 00 00 00 00 01 00 00 00 20 14 c6 10
004688-004697 StringBlock "NewState"
004698-004705 DataBlock
  ........         0e 02 00 00 9d 00 00 00
004706-004717 UnicodeBlock "Quote"
004718-004740 DataBlock
  ................ 00 00 04 00 00 00 04 00 00 00 00 00 00 00 01 00
  .......          00 00 01 00 00 00 00
004741-004810 UnicodeBlock "loading_label_NewState_Text_450022"
004811-004812 DataBlock
  ..               00 00
004813-004825 FontNameBlock "la_gioconda"
004826-004841 DataBlock
  ................ 0c 00 00 00 07 00 00 00 00 00 00 00 d7 f8 ff ff
004842-004850 StringBlock "fe_text"
004851-004874 DataBlock
  ................ 0a 00 00 00 00 00 00 00 0a 00 00 00 00 00 00 00
  ........         00 00 00 00 00 00 00 00
004875-004885 T0Block "normal_t0"
004886-004901 DataBlock
  ................ 00 00 00 00 00 00 00 00 00 00 00 00 00 00 00 00
004902-004912 T0Block "normal_t0"
004913-004956 DataBlock
  ................ 00 00 00 00 00 00 00 00 00 00 00 00 00 00 00 00
  ................ 00 00 00 00 00 00 00 00 00 00 00 00 00 00 00 00
  ............     00 00 00 00 00 00 00 00 01 00 00 00
004957-004968 StringBlock "show_quote"
004969-005034 DataBlock
  ................ 00 00 02 00 00 00 00 00 00 00 00 00 00 00 0e 02
  ................ 00 00 9e 00 00 00 ff ff ff 00 00 00 00 00 00 00
  ................ 00 00 00 00 00 00 00 00 00 00 00 00 00 00 ff ff
  ......d...@..... ff ff ff ff ff ff 64 00 00 00 40 00 00 00 00 00
  .?               80 3f
005035-005042 StringBlock "Linear"
005043-005106 DataBlock
  ................ 00 00 00 00 00 00 00 00 00 00 00 00 0e 02 00 00
  ................ 9e 00 00 00 ff ff ff ff 00 00 00 00 00 00 00 00
  ................ 00 00 00 00 00 00 00 00 00 00 00 00 ff ff ff ff
  ....d...@......? ff ff ff ff 64 00 00 00 40 00 00 00 00 00 80 3f
005107-005114 StringBlock "Linear"
005115-005144 DataBlock
  ................ 00 00 00 00 00 00 00 00 00 00 00 00 00 00 00 00
  ...........h..   00 00 00 00 00 00 00 00 00 00 00 68 e5 14
005145-005152 StringBlock "allies"
005153-005200 DataBlock
  ......T......... 00 00 1e 00 00 00 54 00 00 00 00 00 01 00 00 00
  ...............H 00 01 00 00 00 00 01 00 00 00 00 08 00 00 00 48
  ................ fe ff ff d9 ff ff ff 00 80 ed e7 14 03 00 00 00
005201-005252 ImageBlock id=350000928 xsize=128 ysize=128 path="ui/skins/default/tooltip_frame.png" unknown=576995328
005253-005253 DataBlock
  .                16
005254-005282 ImagePathBlock "ui/skins/default/h_line.png"
005283-005291 DataBlock
  3........        33 01 00 00 18 00 00 00 00
005292-005344 ImageBlock id=189206736 xsize=30 ysize=52 path="ui/skins/default/unknown_symbol.png" unknown=0
005345-005357 DataBlock
  .............    00 00 00 00 00 02 00 00 00 80 ed e7 14
005358-005366 StringBlock "default"
005367-005403 DataBlock
  U............... 55 01 00 00 85 03 00 00 00 00 00 00 04 00 00 00
  ................ 00 00 00 00 00 00 00 00 01 00 00 00 01 00 00 00
  .....            00 00 00 00 00
005404-005426 FontNameBlock "la_gioconda_uppercase"
005427-005442 DataBlock
  ................ 12 00 00 00 04 00 00 00 00 00 00 00 d7 f8 ff ff
005443-005462 StringBlock "fe_section_heading"
005463-005486 DataBlock
  ................ 00 00 00 00 00 00 00 00 0c 00 00 00 00 00 00 00
  ........         00 00 00 00 00 00 00 00
005487-005497 T0Block "normal_t0"
005498-005513 DataBlock
  ................ 00 00 00 00 00 00 00 00 00 00 00 00 00 00 00 00
005514-005529 T0Block "drop_shadow_t0"
005530-005723 DataBlock
  .......?...@.... 00 00 00 00 00 00 80 3f 00 00 00 40 00 00 00 00
  .... ........... 02 00 00 00 20 97 dc 14 00 00 00 00 00 00 00 00
  U............... 55 01 00 00 85 03 00 00 ff ff ff ff 00 00 00 00
  ................ 00 00 00 00 00 00 00 00 00 00 00 01 01 00 00 00
  ................ 00 00 00 00 00 00 00 00 00 00 00 00 00 00 00 00
  ............. A. 00 00 00 00 00 00 00 00 00 00 00 00 00 20 41 00
  . A@d".........J 00 20 41 40 64 22 16 06 00 00 00 1b 00 00 00 4a
  ................ 01 00 00 18 00 00 00 ff ff ff ff 00 00 00 02 00
  ................ 00 00 00 00 00 00 1b 00 00 00 00 00 00 00 00 00
  ................ 00 00 00 00 00 00 00 00 00 00 00 00 00 00 00 00
  ................ 00 00 00 00 00 00 00 00 00 00 00 00 00 00 00 00
  ................ 00 00 00 00 00 00 00 00 00 00 00 00 00 00 80 84
  Z.               5a 1f
005724-005732 StringBlock "unknown"
005733-005769 DataBlock
  U............... 55 01 00 00 85 03 00 00 00 00 00 00 04 00 00 00
  ................ 00 00 00 00 00 00 00 00 01 00 00 00 01 00 00 00
  .....            00 00 00 00 00
005770-005792 FontNameBlock "la_gioconda_uppercase"
005793-005808 DataBlock
  ................ 12 00 00 00 04 00 00 00 00 00 00 00 d7 f8 ff ff
005809-005828 StringBlock "fe_section_heading"
005829-005852 DataBlock
  ................ 00 00 00 00 00 00 00 00 0c 00 00 00 00 00 00 00
  ........         00 00 00 00 00 00 00 00
005853-005863 T0Block "normal_t0"
005864-005879 DataBlock
  ................ 00 00 00 00 00 00 00 00 00 00 00 00 00 00 00 00
005880-005895 T0Block "drop_shadow_t0"
005896-006176 DataBlock
  .......?...@.... 00 00 00 00 00 00 80 3f 00 00 00 40 00 00 00 00
  .... ........... 03 00 00 00 20 97 dc 14 00 00 00 00 00 00 00 00
  U............... 55 01 00 00 85 03 00 00 ff ff ff ff 00 00 00 00
  ................ 00 00 00 00 00 00 00 00 00 00 00 01 01 00 00 00
  ................ 00 00 00 00 00 00 00 00 00 00 00 00 00 00 00 00
  ............. A. 00 00 00 00 00 00 00 00 00 00 00 00 00 20 41 00
  . A@d".........J 00 20 41 40 64 22 16 06 00 00 00 1b 00 00 00 4a
  ................ 01 00 00 18 00 00 00 ff ff ff ff 00 00 00 02 00
  ................ 00 00 00 00 00 00 1b 00 00 00 00 00 00 00 00 00
  ................ 00 00 00 00 00 00 00 00 00 00 00 00 00 00 00 00
  ................ 00 00 00 00 00 00 00 00 00 00 00 00 00 00 00 00
  ....G.....L..... 00 00 d0 10 47 0b 9c 00 00 00 4c 00 00 00 1e 00
  ..4............. 00 00 34 00 00 00 ff ff ff ff 00 00 00 00 00 00
  ................ 00 00 00 00 00 00 00 00 00 01 01 00 00 00 00 00
  ................ 00 00 00 00 00 00 00 00 00 00 00 00 00 00 00 00
  ................ 00 00 00 00 00 00 00 00 00 00 00 00 00 00 00 00
  ................ 00 00 00 00 00 00 00 00 00 00 00 00 00 00 00 00
  .........        00 00 00 00 00 01 00 00 00
006177-006182 StringBlock "hide"
006183-006248 DataBlock
  ..............U. 00 00 01 00 00 00 00 00 fa c3 00 00 00 00 55 01
  ................ 00 00 85 03 00 00 ff ff ff ff 00 00 00 00 00 00
  ................ 00 00 00 00 00 00 00 00 00 00 00 00 00 00 ff ff
  ................ ff ff ff ff ff ff e8 03 00 00 02 00 00 00 00 00
  .?               80 3f
006249-006256 StringBlock "Linear"
006257-006268 DataBlock
  ..........h.     00 00 00 00 04 00 00 00 e0 ca 68 1a
006269-006274 StringBlock "name"
006275-006338 DataBlock
  ................ 00 00 00 00 00 00 04 00 00 00 00 01 01 00 00 00
  ................ 00 01 00 00 00 00 01 00 00 00 00 02 00 00 00 00
  ................ 00 00 00 04 00 00 00 00 80 b2 bd 1a 00 00 00 00
  ................ 00 00 00 00 00 00 00 00 01 00 00 00 80 b2 bd 1a
006339-006348 StringBlock "NewState"
006349-006356 DataBlock
  T.......         54 01 00 00 19 00 00 00
006357-006378 UnicodeBlock "dy_faction"
006379-006401 DataBlock
  ................ 00 00 04 00 00 00 04 00 00 00 00 00 00 00 02 00
  .......          00 00 01 00 00 00 00
006402-006451 UnicodeBlock "name_NewState_Text_a003f"
006452-006453 DataBlock
  ..               00 00
006454-006476 FontNameBlock "la_gioconda_uppercase"
006477-006492 DataBlock
  ................ 12 00 00 00 04 00 00 00 00 00 00 00 d7 f8 ff ff
006493-006512 StringBlock "fe_section_heading"
006513-006536 DataBlock
  ................ 00 00 00 00 00 00 00 00 00 00 00 00 00 00 00 00
  ........         00 00 00 00 00 00 00 00
006537-006547 T0Block "normal_t0"
006548-006563 DataBlock
  ................ 00 00 00 00 00 00 00 00 00 00 00 00 00 00 00 00
006564-006574 T0Block "normal_t0"
006575-006635 DataBlock
  ................ 00 00 00 00 00 00 00 00 00 00 00 00 00 00 00 00
  ................ 00 00 00 00 00 00 00 00 00 00 00 00 00 00 00 00
  ................ 00 00 00 00 00 00 00 00 00 00 00 00 00 00 00 00
  .........`...    00 00 00 00 00 00 00 01 00 60 ac e7 0c
006636-006646 StringBlock "name_army"
006647-006710 DataBlock
  ................ 00 00 00 00 00 00 1a 00 00 00 00 01 01 00 00 00
  ................ 00 01 00 00 00 00 01 00 00 00 00 02 00 00 00 00
  ........ .G..... 00 00 00 1a 00 00 00 00 20 f5 47 0a 00 00 00 00
  ............ .G. 00 00 00 00 00 00 00 00 01 00 00 00 20 f5 47 0a
006711-006720 StringBlock "NewState"
006721-006728 DataBlock
  T.......         54 01 00 00 19 00 00 00
006729-006744 UnicodeBlock "dy_army"
006745-006767 DataBlock
  ................ 00 00 04 00 00 00 04 00 00 00 00 00 00 00 02 00
  .......          00 00 01 00 00 00 00
006768-006817 UnicodeBlock "name_NewState_Text_a003f"
006818-006819 DataBlock
  ..               00 00
006820-006832 FontNameBlock "la_gioconda"
006833-006848 DataBlock
  ................ 0c 00 00 00 07 00 00 00 00 00 00 00 d7 f8 ff ff
006849-006857 StringBlock "fe_text"
006858-006881 DataBlock
  ................ 00 00 00 00 00 00 00 00 00 00 00 00 00 00 00 00
  ........         00 00 00 00 00 00 00 00
006882-006892 T0Block "normal_t0"
006893-006908 DataBlock
  ................ 00 00 00 00 00 00 00 00 00 00 00 00 00 00 00 00
006909-006919 T0Block "normal_t0"
006920-006980 DataBlock
  ................ 00 00 00 00 00 00 00 00 00 00 00 00 00 00 00 00
  ................ 00 00 00 00 00 00 00 00 00 00 00 00 00 00 00 00
  ................ 00 00 00 00 00 00 00 00 00 00 00 00 00 00 00 00
  .............    00 00 00 00 00 00 00 01 00 10 90 bc 0d
006981-006998 StringBlock "unit_card_parent"
006999-007062 DataBlock
  ......7......... 00 00 0a 00 00 00 37 00 00 00 00 00 01 00 00 00
  ................ 00 01 00 00 00 00 01 00 00 00 00 02 00 00 00 00
  ...7....../".... 00 00 00 37 00 00 00 00 00 8f 2f 22 00 00 00 00
  ............../" 00 00 00 00 00 00 00 00 01 00 00 00 00 8f 2f 22
007063-007072 StringBlock "NewState"
007073-007109 DataBlock
  B...S........... 42 01 00 00 53 02 00 00 00 00 00 00 02 00 00 00
  ................ 00 00 00 00 00 00 00 00 01 00 00 00 01 00 00 00
  .....            00 00 00 00 00
007110-007125 StringBlock "georgia_italic"
007126-007141 DataBlock
  ................ 0a 00 00 00 02 00 00 00 01 00 00 00 dd da fa ff
007142-007164 StringBlock "Default Font Category"
007165-007188 DataBlock
  ................ 00 00 00 00 00 00 00 00 00 00 00 00 00 00 00 00
  ........         00 00 00 00 00 00 00 00
007189-007199 T0Block "normal_t0"
007200-007215 DataBlock
  ................ 00 00 00 00 00 00 00 00 00 00 00 00 00 00 00 00
007216-007226 T0Block "normal_t0"
007227-007278 DataBlock
  ................ 00 00 00 00 00 00 00 00 00 00 00 00 00 00 00 00
  ................ 00 00 00 00 00 00 00 00 00 00 00 00 00 00 00 00
  ................ 00 00 00 00 00 00 00 00 00 00 00 00 01 00 00 00
  @."$             40 b0 22 24
007279-007289 StringBlock "unit_card"
007290-007337 DataBlock
  ................ 00 00 00 00 00 00 00 00 00 00 00 00 01 00 00 00
  ................ 00 01 00 01 00 00 01 00 00 00 00 01 00 00 00 00
  ..........;$.... 00 00 00 00 00 00 00 00 c0 81 3b 24 06 00 00 00
007338-007386 ImageBlock id=606263360 xsize=64 ysize=152 path="ui/skins/default/roman_four.png" unknown=584646656
007387-007387 DataBlock
  $                24
007388-007439 ImagePathBlock "ui/skins/default/ee_unit_card_frame_background.png"
007440-007448 DataBlock
  .........        80 00 00 00 80 00 00 00 00
007449-007507 ImageBlock id=606263808 xsize=128 ysize=128 path="ui/skins/default/ee_button_text_frame.png" unknown=1405517824
007508-007508 DataBlock
  .                12
007509-007536 ImagePathBlock "ui/skins/default/mask1.png"
007537-007545 DataBlock
  @...v....        40 00 00 00 76 00 00 00 00
007546-007594 ImageBlock id=223063072 xsize=64 ysize=152 path="ui/skins/default/roman_crew.png" unknown=2403209216
007595-007595 DataBlock
  .                0a
007596-007627 ImagePathBlock "ui/skins/default/mask_crew.png"
007628-007652 DataBlock
  @...v........... 40 00 00 00 76 00 00 00 00 00 00 00 00 00 00 00
  .......;$        00 01 00 00 00 c0 81 3b 24
007653-007660 StringBlock "active"
007661-007697 DataBlock
  @............... 40 00 00 00 95 00 00 00 00 00 00 00 02 00 00 00
  ................ 00 00 00 00 00 00 00 00 01 00 00 00 01 00 00 00
  .....            00 00 00 00 00
007698-007710 FontNameBlock "la_gioconda"
007711-007726 DataBlock
  ................ 0c 00 00 00 07 00 00 00 00 00 00 00 00 00 00 ff
007727-007745 StringBlock "ingame_text_small"
007746-007769 DataBlock
  ................ 00 00 00 00 00 00 00 00 00 00 00 00 00 00 00 00
  ........         00 00 00 00 01 00 00 00
007770-007780 T0Block "normal_t0"
007781-007796 DataBlock
  ................ 00 00 00 00 00 00 00 00 00 00 00 00 00 00 00 00
007797-007807 T0Block "normal_t0"
007808-008317 DataBlock
  ................ 00 00 00 00 00 00 00 00 00 00 00 00 00 00 00 00
  ......"$........ 06 00 00 00 00 d9 22 24 00 00 00 00 00 00 00 00
  @............... 40 00 00 00 98 00 00 00 ff ff ff ff 01 00 00 00
  ................ 00 00 00 00 00 00 00 00 00 00 00 01 00 00 00 00
  ................ 00 00 00 00 00 00 00 00 00 00 00 00 00 00 00 00
  ..............A. 00 00 00 00 00 00 00 00 00 00 00 00 00 10 41 00
  ..A .K........., 00 10 41 20 ac 4b 0d ff ff ff ff 0e 00 00 00 2c
  ...j............ 00 00 00 6a 00 00 00 ff ff ff ff 00 00 00 04 00
  ................ 00 00 ff ff ff ff f8 ff ff ff 00 00 00 00 00 00
  ................ 00 00 00 00 00 00 00 00 00 00 00 00 00 00 00 00
  ................ 00 00 00 00 00 00 00 00 00 00 00 00 00 00 00 00
  ...>..........,. 00 00 10 3e 8f 0a ff ff ff ff 0e 00 00 00 2c 00
  ..j............. 00 00 6a 00 00 00 ff ff ff ff 00 00 00 04 00 00
  ................ 00 ff ff ff ff f8 ff ff ff 00 00 00 00 00 00 00
  ................ 00 00 00 00 00 00 00 00 00 00 00 00 00 00 00 00
  ................ 00 00 00 00 00 00 00 00 00 00 00 00 00 00 00 00
  .@."$........@.. 00 40 d8 22 24 00 00 00 00 fe ff ff ff 40 00 00
  ................ 00 98 00 00 00 ff ff ff ff 00 00 00 04 00 00 00
  ................ 00 00 00 00 00 00 00 00 00 00 00 00 00 00 00 00
  ................ 00 00 00 00 00 00 00 00 00 00 00 00 00 00 00 00
  ................ 00 00 00 00 00 00 00 00 00 00 00 00 00 00 00 00
  ..S.........@... 80 c6 53 12 00 00 00 00 fe ff ff ff 40 00 00 00
  ................ 98 00 00 00 ff ff ff ff 00 00 00 04 00 00 00 00
  ................ 00 00 00 00 00 00 00 00 00 00 00 00 00 00 00 00
  ................ 00 00 00 00 00 00 00 00 00 00 00 00 00 00 00 00
  ................ 00 00 00 00 00 00 00 00 00 00 00 00 00 00 00 00
  ."$........@.... da 22 24 00 00 00 00 00 00 00 00 40 00 00 00 95
  ................ 00 00 00 ff ff ff ff 00 00 00 00 00 00 00 00 00
  ................ 00 00 00 00 00 00 01 01 00 00 00 00 00 00 00 00
  ................ 00 00 00 00 00 00 00 00 00 00 00 00 00 00 00 00
  ........ A.. Af. 00 00 00 00 00 00 00 00 20 41 00 00 20 41 66 00
  ..A...........   00 00 41 00 00 00 00 00 00 00 04 00 00 00
008318-008327 StringBlock "main_img"
008328-008329 DataBlock
  ..               00 00
008330-008340 StringBlock "main_mask"
008341-008343 DataBlock
  ..3              01 00 33
008344-008358 StringBlock "secondary_img"
008359-008361 DataBlock
  ..4              01 00 34
008362-008377 StringBlock "secondary_mask"
008378-008396 DataBlock
  ..5............. 01 00 35 00 00 00 00 00 00 00 00 02 00 00 00 00
  ...              f5 a8 0d
008397-008408 StringBlock "experience"
008409-008456 DataBlock
  ..'............. 00 00 27 00 00 00 02 00 00 00 00 00 00 00 00 00
  ................ 00 01 00 00 00 00 01 00 00 00 00 03 00 00 00 ff
  ..........h..... ff ff ff 02 00 00 00 00 c0 8f 68 0d 09 00 00 00
008457-008507 ImageBlock id=223083984 xsize=14 ysize=38 path="ui/skins/default/experience_9.png" unknown=3228393472
008508-008508 DataBlock
  .                0d
008509-008543 ImagePathBlock "ui/skins/default/experience_1.png"
008544-008552 DataBlock
  ....&....        0e 00 00 00 26 00 00 00 00
008553-008603 ImageBlock id=230714928 xsize=14 ysize=38 path="ui/skins/default/experience_2.png" unknown=3228504064
008604-008604 DataBlock
  .                0d
008605-008639 ImagePathBlock "ui/skins/default/experience_3.png"
008640-008648 DataBlock
  ....&....        0e 00 00 00 26 00 00 00 00
008649-008699 ImageBlock id=230487984 xsize=14 ysize=38 path="ui/skins/default/experience_4.png" unknown=3170402304
008700-008700 DataBlock
  .                0d
008701-008735 ImagePathBlock "ui/skins/default/experience_5.png"
008736-008744 DataBlock
  ....&....        0e 00 00 00 26 00 00 00 00
008745-008795 ImageBlock id=228952272 xsize=14 ysize=38 path="ui/skins/default/experience_6.png" unknown=1754030080
008796-008796 DataBlock
  .                0d
008797-008831 ImagePathBlock "ui/skins/default/experience_7.png"
008832-008840 DataBlock
  ....&....        0e 00 00 00 26 00 00 00 00
008841-008891 ImageBlock id=233523232 xsize=14 ysize=38 path="ui/skins/default/experience_8.png" unknown=0
008892-008917 DataBlock
  ...............1 00 00 00 00 00 0b 00 00 00 f0 0c 80 0d 01 00 31
  ..........       18 00 00 00 18 00 00 00 00 00
008918-008937 UnicodeBlock "XP rank 1"
008938-008960 DataBlock
  ................ 02 00 00 00 00 00 00 00 00 00 00 00 01 00 00 00
  .......          01 00 00 00 00 00 00
008961-009006 UnicodeBlock "Level_1_Tooltip_4c0043"
009007-009019 FontNameBlock "la_gioconda"
009020-009035 DataBlock
  ................ 0c 00 00 00 07 00 00 00 00 00 00 00 00 00 00 ff
009036-009054 StringBlock "ingame_text_small"
009055-009078 DataBlock
  ................ 00 00 00 00 00 00 00 00 00 00 00 00 00 00 00 00
  ........         00 00 00 00 01 01 00 00
009079-009089 T0Block "normal_t0"
009090-009105 DataBlock
  ..L............. cd cc 4c be 00 00 00 00 00 00 00 00 00 00 00 00
009106-009116 T0Block "normal_t0"
009117-009271 DataBlock
  ................ 00 00 00 00 00 00 00 00 00 00 00 00 00 00 00 00
  ....`m.......... 01 00 00 00 60 6d c0 0d 00 00 00 00 00 00 00 00
  ................ 18 00 00 00 18 00 00 00 ff ff ff ff 00 00 00 00
  ................ 00 00 00 00 00 00 00 00 00 00 00 01 01 00 00 00
  ................ 00 00 00 00 00 00 00 00 00 00 00 00 00 00 00 00
  ................ 00 00 00 00 00 00 00 00 00 00 00 00 00 00 00 00
  ................ 00 00 00 00 00 00 00 00 00 00 00 00 00 00 00 c0
  .h...0.......... 8f 68 0d 01 00 30 18 00 00 00 18 00 00 00 00 00
  ................ 00 00 02 00 00 00 00 00 00 00 00 00 00 00 01 00
  ...........      00 00 01 00 00 00 00 00 00 00 00
009272-009284 FontNameBlock "la_gioconda"
009285-009300 DataBlock
  ................ 0c 00 00 00 07 00 00 00 00 00 00 00 00 00 00 ff
009301-009319 StringBlock "ingame_text_small"
009320-009343 DataBlock
  ................ 00 00 00 00 00 00 00 00 00 00 00 00 00 00 00 00
  ........         00 00 00 00 00 00 00 00
009344-009354 T0Block "normal_t0"
009355-009370 DataBlock
  ................ 00 00 00 00 00 00 00 00 00 00 00 00 00 00 00 00
009371-009381 T0Block "normal_t0"
009382-009430 DataBlock
  ................ 00 00 00 00 00 00 00 00 00 00 00 00 00 00 00 00
  ................ 00 00 00 00 00 00 00 00 00 00 00 00 00 00 00 00
   .....3......... 20 f5 bc 0d 01 00 33 18 00 00 00 18 00 00 00 00
  .                00
009431-009450 UnicodeBlock "XP rank 3"
009451-009473 DataBlock
  ................ 02 00 00 00 00 00 00 00 00 00 00 00 01 00 00 00
  .......          01 00 00 00 00 00 00
009474-009519 UnicodeBlock "Level_3_Tooltip_6c0041"
009520-009532 FontNameBlock "la_gioconda"
009533-009548 DataBlock
  ................ 0c 00 00 00 07 00 00 00 00 00 00 00 00 00 00 ff
009549-009567 StringBlock "ingame_text_small"
009568-009591 DataBlock
  ................ 00 00 00 00 00 00 00 00 00 00 00 00 00 00 00 00
  ........         00 00 00 00 01 01 00 00
009592-009602 T0Block "normal_t0"
009603-009618 DataBlock
  ..L............. cd cc 4c be 00 00 00 00 00 00 00 00 00 00 00 00
009619-009629 T0Block "normal_t0"
009630-009757 DataBlock
  ................ 00 00 00 00 00 00 00 00 00 00 00 00 00 00 00 00
  .....o.......... 01 00 00 00 10 6f c0 0d 00 00 00 00 00 00 00 00
  ................ 18 00 00 00 18 00 00 00 ff ff ff ff 00 00 00 00
  ................ 00 00 00 00 00 00 00 00 00 00 00 01 01 00 00 00
  ................ 00 00 00 00 00 00 00 00 00 00 00 00 00 00 00 00
  ................ 00 00 00 00 00 00 00 00 00 00 00 00 00 00 00 00
  ...............` 00 00 00 00 00 00 00 00 00 00 00 00 00 00 00 60
  .....2.......... 8b bc 0d 01 00 32 18 00 00 00 18 00 00 00 00 00
009758-009777 UnicodeBlock "XP rank 2"
009778-009800 DataBlock
  ................ 02 00 00 00 00 00 00 00 00 00 00 00 01 00 00 00
  .......          01 00 00 00 00 00 00
009801-009846 UnicodeBlock "Level_2_Tooltip_6c0040"
009847-009859 FontNameBlock "la_gioconda"
009860-009875 DataBlock
  ................ 0c 00 00 00 07 00 00 00 00 00 00 00 00 00 00 ff
009876-009894 StringBlock "ingame_text_small"
009895-009918 DataBlock
  ................ 00 00 00 00 00 00 00 00 00 00 00 00 00 00 00 00
  ........         00 00 00 00 01 01 00 00
009919-009929 T0Block "normal_t0"
009930-009945 DataBlock
  ..L............. cd cc 4c be 00 00 00 00 00 00 00 00 00 00 00 00
009946-009956 T0Block "normal_t0"
009957-010084 DataBlock
  ................ 00 00 00 00 00 00 00 00 00 00 00 00 00 00 00 00
  ....0n.......... 01 00 00 00 30 6e c0 0d 00 00 00 00 00 00 00 00
  ................ 18 00 00 00 18 00 00 00 ff ff ff ff 00 00 00 00
  ................ 00 00 00 00 00 00 00 00 00 00 00 01 01 00 00 00
  ................ 00 00 00 00 00 00 00 00 00 00 00 00 00 00 00 00
  ................ 00 00 00 00 00 00 00 00 00 00 00 00 00 00 00 00
  ................ 00 00 00 00 00 00 00 00 00 00 00 00 00 00 00 80
  g....5.......... 67 00 09 01 00 35 18 00 00 00 18 00 00 00 00 00
010085-010104 UnicodeBlock "XP rank 5"
010105-010127 DataBlock
  ................ 02 00 00 00 00 00 00 00 00 00 00 00 01 00 00 00
  .......          01 00 00 00 00 00 00
010128-010173 UnicodeBlock "Level_5_Tooltip_6c0047"
010174-010186 FontNameBlock "la_gioconda"
010187-010202 DataBlock
  ................ 0c 00 00 00 07 00 00 00 00 00 00 00 00 00 00 ff
010203-010221 StringBlock "ingame_text_small"
010222-010245 DataBlock
  ................ 00 00 00 00 00 00 00 00 00 00 00 00 00 00 00 00
  ........         00 00 00 00 01 01 00 00
010246-010256 T0Block "normal_t0"
010257-010272 DataBlock
  ................ 00 00 00 bf 00 00 00 00 00 00 00 00 00 00 00 00
010273-010283 T0Block "normal_t0"
010284-010411 DataBlock
  ................ 00 00 00 00 00 00 00 00 00 00 00 00 00 00 00 00
  ................ 01 00 00 00 80 f8 bc 0d 00 00 00 00 00 00 00 00
  ................ 18 00 00 00 18 00 00 00 ff ff ff ff 00 00 00 00
  ................ 00 00 00 00 00 00 00 00 00 00 00 01 01 00 00 00
  ................ 00 00 00 00 00 00 00 00 00 00 00 00 00 00 00 00
  ................ 00 00 00 00 00 00 00 00 00 00 00 00 00 00 00 00
  ...............0 00 00 00 00 00 00 00 00 00 00 00 00 00 00 00 30
  .....4.......... b8 a5 0d 01 00 34 18 00 00 00 18 00 00 00 00 00
010412-010431 UnicodeBlock "XP rank 4"
010432-010454 DataBlock
  ................ 02 00 00 00 00 00 00 00 00 00 00 00 01 00 00 00
  .......          01 00 00 00 00 00 00
010455-010500 UnicodeBlock "Level_4_Tooltip_6c0046"
010501-010513 FontNameBlock "la_gioconda"
010514-010529 DataBlock
  ................ 0c 00 00 00 07 00 00 00 00 00 00 00 00 00 00 ff
010530-010548 StringBlock "ingame_text_small"
010549-010572 DataBlock
  ................ 00 00 00 00 00 00 00 00 00 00 00 00 00 00 00 00
  ........         00 00 00 00 01 01 00 00
010573-010583 T0Block "normal_t0"
010584-010599 DataBlock
  ................ 00 00 00 bf 00 00 00 00 00 00 00 00 00 00 00 00
010600-010610 T0Block "normal_t0"
010611-010738 DataBlock
  ................ 00 00 00 00 00 00 00 00 00 00 00 00 00 00 00 00
  ................ 01 00 00 00 b0 f7 bc 0d 00 00 00 00 00 00 00 00
  ................ 18 00 00 00 18 00 00 00 ff ff ff ff 00 00 00 00
  ................ 00 00 00 00 00 00 00 00 00 00 00 01 01 00 00 00
  ................ 00 00 00 00 00 00 00 00 00 00 00 00 00 00 00 00
  ................ 00 00 00 00 00 00 00 00 00 00 00 00 00 00 00 00
  ................ 00 00 00 00 00 00 00 00 00 00 00 00 00 00 00 d0
  .....7.......... 83 8d 0d 01 00 37 18 00 00 00 18 00 00 00 00 00
010739-010758 UnicodeBlock "XP rank 7"
010759-010781 DataBlock
  ................ 02 00 00 00 00 00 00 00 00 00 00 00 01 00 00 00
  .......          01 00 00 00 00 00 00
010782-010827 UnicodeBlock "Level_7_Tooltip_660045"
010828-010840 FontNameBlock "la_gioconda"
010841-010856 DataBlock
  ................ 0c 00 00 00 07 00 00 00 00 00 00 00 00 00 00 ff
010857-010875 StringBlock "ingame_text_small"
010876-010899 DataBlock
  ................ 00 00 00 00 00 00 00 00 00 00 00 00 00 00 00 00
  ........         00 00 00 00 01 01 00 00
010900-010910 T0Block "normal_t0"
010911-010926 DataBlock
  333............. 33 33 33 bf 00 00 00 00 00 00 00 00 00 00 00 00
010927-010937 T0Block "normal_t0"
010938-011065 DataBlock
  ................ 00 00 00 00 00 00 00 00 00 00 00 00 00 00 00 00
  ....`.h......... 01 00 00 00 60 8c 68 0d 00 00 00 00 00 00 00 00
  ................ 18 00 00 00 18 00 00 00 ff ff ff ff 00 00 00 00
  ................ 00 00 00 00 00 00 00 00 00 00 00 01 01 00 00 00
  ................ 00 00 00 00 00 00 00 00 00 00 00 00 00 00 00 00
  ................ 00 00 00 00 00 00 00 00 00 00 00 00 00 00 00 00
  ................ 00 00 00 00 00 00 00 00 00 00 00 00 00 00 00 00
  .....6.......... 8a 8d 0d 01 00 36 18 00 00 00 18 00 00 00 00 00
011066-011085 UnicodeBlock "XP rank 6"
011086-011108 DataBlock
  ................ 02 00 00 00 00 00 00 00 00 00 00 00 01 00 00 00
  .......          01 00 00 00 00 00 00
011109-011154 UnicodeBlock "Level_6_Tooltip_6c0044"
011155-011167 FontNameBlock "la_gioconda"
011168-011183 DataBlock
  ................ 0c 00 00 00 07 00 00 00 00 00 00 00 00 00 00 ff
011184-011202 StringBlock "ingame_text_small"
011203-011226 DataBlock
  ................ 00 00 00 00 00 00 00 00 00 00 00 00 00 00 00 00
  ........         00 00 00 00 01 01 00 00
011227-011237 T0Block "normal_t0"
011238-011253 DataBlock
  ................ 00 00 00 bf 00 00 00 00 00 00 00 00 00 00 00 00
011254-011264 T0Block "normal_t0"
011265-011392 DataBlock
  ................ 00 00 00 00 00 00 00 00 00 00 00 00 00 00 00 00
  ................ 01 00 00 00 d0 88 a5 0d 00 00 00 00 00 00 00 00
  ................ 18 00 00 00 18 00 00 00 ff ff ff ff 00 00 00 00
  ................ 00 00 00 00 00 00 00 00 00 00 00 01 01 00 00 00
  ................ 00 00 00 00 00 00 00 00 00 00 00 00 00 00 00 00
  ................ 00 00 00 00 00 00 00 00 00 00 00 00 00 00 00 00
  ...............0 00 00 00 00 00 00 00 00 00 00 00 00 00 00 00 30
  .....9.......... ef a8 0d 01 00 39 18 00 00 00 18 00 00 00 00 00
011393-011412 UnicodeBlock "XP rank 9"
011413-011435 DataBlock
  ................ 02 00 00 00 00 00 00 00 00 00 00 00 01 00 00 00
  .......          01 00 00 00 00 00 00
011436-011481 UnicodeBlock "Level_9_Tooltip_6c004b"
011482-011494 FontNameBlock "la_gioconda"
011495-011510 DataBlock
  ................ 0c 00 00 00 07 00 00 00 00 00 00 00 00 00 00 ff
011511-011529 StringBlock "ingame_text_small"
011530-011553 DataBlock
  ................ 00 00 00 00 00 00 00 00 00 00 00 00 00 00 00 00
  ........         00 00 00 00 01 01 00 00
011554-011564 T0Block "normal_t0"
011565-011580 DataBlock
  333............. 33 33 33 bf 00 00 00 00 00 00 00 00 00 00 00 00
011581-011591 T0Block "normal_t0"
011592-011719 DataBlock
  ................ 00 00 00 00 00 00 00 00 00 00 00 00 00 00 00 00
  ......K......... 01 00 00 00 d0 fd 4b 0d 00 00 00 00 00 00 00 00
  ................ 18 00 00 00 18 00 00 00 ff ff ff ff 00 00 00 00
  ................ 00 00 00 00 00 00 00 00 00 00 00 01 01 00 00 00
  ................ 00 00 00 00 00 00 00 00 00 00 00 00 00 00 00 00
  ................ 00 00 00 00 00 00 00 00 00 00 00 00 00 00 00 00
  ................ 00 00 00 00 00 00 00 00 00 00 00 00 00 00 00 d0
  O....8.......... 4f a3 0d 01 00 38 18 00 00 00 18 00 00 00 00 00
011720-011739 UnicodeBlock "XP rank 8"
011740-011762 DataBlock
  ................ 02 00 00 00 00 00 00 00 00 00 00 00 01 00 00 00
  .......          01 00 00 00 00 00 00
011763-011808 UnicodeBlock "Level_8_Tooltip_6c004a"
011809-011821 FontNameBlock "la_gioconda"
011822-011837 DataBlock
  ................ 0c 00 00 00 07 00 00 00 00 00 00 00 00 00 00 ff
011838-011856 StringBlock "ingame_text_small"
011857-011880 DataBlock
  ................ 00 00 00 00 00 00 00 00 00 00 00 00 00 00 00 00
  ........         00 00 00 00 01 01 00 00
011881-011891 T0Block "normal_t0"
011892-011907 DataBlock
  333............. 33 33 33 bf 00 00 00 00 00 00 00 00 00 00 00 00
011908-011918 T0Block "normal_t0"
011919-012047 DataBlock
  ................ 00 00 00 00 00 00 00 00 00 00 00 00 00 00 00 00
  .... H.......... 01 00 00 00 20 48 eb 0d 00 00 00 00 00 00 00 00
  ................ 18 00 00 00 18 00 00 00 ff ff ff ff 00 00 00 00
  ................ 00 00 00 00 00 00 00 00 00 00 00 01 01 00 00 00
  ................ 00 00 00 00 00 00 00 00 00 00 00 00 00 00 00 00
  ................ 00 00 00 00 00 00 00 00 00 00 00 00 00 00 00 00
  ...............  00 00 00 00 00 00 00 00 00 00 00 00 00 00 00 20
  ]B...10......... 5d 42 0d 02 00 31 30 18 00 00 00 18 00 00 00 00
  .                00
012048-012069 UnicodeBlock "XP rank 10"
012070-012092 DataBlock
  ................ 02 00 00 00 00 00 00 00 00 00 00 00 01 00 00 00
  .......          01 00 00 00 00 00 00
012093-012150 UnicodeBlock "experience_10_Tooltip_5c0043"
012151-012163 FontNameBlock "la_gioconda"
012164-012179 DataBlock
  ................ 0c 00 00 00 07 00 00 00 00 00 00 00 d7 f8 ff ff
012180-012195 StringBlock "ingame_tooltip"
012196-012219 DataBlock
  ................ 00 00 00 00 00 00 00 00 00 00 00 00 00 00 00 00
  ........         00 00 00 00 01 01 00 00
012220-012230 T0Block "normal_t0"
012231-012246 DataBlock
  ................ 00 00 00 00 00 00 00 00 00 00 00 00 00 00 00 00
012247-012257 T0Block "normal_t0"
012258-012318 DataBlock
  ................ 00 00 00 00 00 00 00 00 00 00 00 00 00 00 00 00
  ................ 00 00 00 00 00 00 00 00 00 00 00 00 00 00 00 00
  ................ 00 00 00 00 00 00 00 00 00 00 00 00 00 00 00 00
  ...........{.    00 00 00 00 00 00 00 00 00 f0 b8 7b 0c
012319-012332 StringBlock "health_frame"
012333-012411 DataBlock
  ................ 00 00 06 00 00 00 88 00 00 00 00 00 00 00 00 00
  ................ 00 01 01 00 00 00 01 00 00 00 00 08 00 00 00 00
  ................ 00 00 00 fa ff ff ff 00 80 19 d9 0c 01 00 00 00
  PE........(..... 50 45 e1 0a 00 00 09 00 00 00 28 00 00 00 00 00
  ...............  00 00 00 00 00 00 00 01 00 00 00 80 19 d9 0c
012412-012421 StringBlock "NewState"
012422-012458 DataBlock
  4............... 34 00 00 00 07 00 00 00 00 00 00 00 02 00 00 00
  ................ 00 00 00 00 00 00 00 00 01 00 00 00 01 00 00 00
  .....            00 00 00 00 00
012459-012471 FontNameBlock "la_gioconda"
012472-012487 DataBlock
  ................ 0c 00 00 00 07 00 00 00 00 00 00 00 00 00 00 ff
012488-012506 StringBlock "ingame_text_small"
012507-012530 DataBlock
  ................ 00 00 00 00 00 00 00 00 00 00 00 00 00 00 00 00
  ........         00 00 00 00 00 00 00 00
012531-012541 T0Block "normal_t0"
012542-012557 DataBlock
  ................ 00 00 00 00 00 00 00 00 00 00 00 00 00 00 00 00
012558-012568 T0Block "normal_t0"
012569-012699 DataBlock
  ................ 00 00 00 00 00 00 00 00 00 00 00 00 00 00 00 00
  ....PE.......... 01 00 00 00 50 45 e1 0a 00 00 00 00 00 00 00 00
  4............... 34 00 00 00 07 00 00 00 00 00 00 ff 00 00 00 00
  ................ 00 00 00 00 00 00 00 00 00 00 00 01 01 00 00 00
  ................ 00 00 00 00 00 00 00 00 00 00 00 00 00 00 00 00
  ................ 00 00 00 00 00 00 00 00 00 00 00 00 00 00 00 00
  ................ 00 00 00 00 00 00 00 00 00 00 00 00 00 00 00 00
  ................ 00 00 00 00 00 00 00 00 00 00 00 02 00 00 00 b0
  .{.              bf 7b 0c
012700-012712 StringBlock "health_fill"
012713-012760 DataBlock
  ................ 00 00 00 00 00 00 00 00 00 00 00 01 01 00 00 00
  ................ 00 01 00 00 00 00 01 00 00 00 00 04 00 00 00 00
  .........}#..... 00 00 00 00 00 00 00 00 00 7d 23 05 03 00 00 00
012761-012813 ImageBlock id=182484704 xsize=40 ysize=10 path="ui/skins/default/stat_bar_green.png" unknown=3766333440
012814-012814 DataBlock
  .                0a
012815-012849 ImagePathBlock "ui/skins/default/stat_bar_red.png"
012850-012858 DataBlock
  (........        28 00 00 00 0a 00 00 00 00
012859-012912 ImageBlock id=182483936 xsize=40 ysize=10 path="ui/skins/default/stat_bar_yellow.png" unknown=0
012913-012967 DataBlock
  ..........x....l 00 00 00 00 00 03 00 00 00 00 78 a1 05 03 00 6c
  ow-............. 6f 77 2d 00 00 00 07 00 00 00 00 00 00 00 02 00
  ................ 00 00 00 00 00 00 00 00 00 00 01 00 00 00 01 00
  .......          00 00 00 00 00 00 00
012968-012983 StringBlock "georgia_italic"
012984-012999 DataBlock
  ................ 0a 00 00 00 02 00 00 00 01 00 00 00 dd da fa ff
013000-013022 StringBlock "Default Font Category"
013023-013046 DataBlock
  ................ 00 00 00 00 00 00 00 00 00 00 00 00 00 00 00 00
  ........         00 00 00 00 00 00 00 00
013047-013057 T0Block "normal_t0"
013058-013073 DataBlock
  ................ 00 00 00 00 00 00 00 00 00 00 00 00 00 00 00 00
013074-013084 T0Block "normal_t0"
013085-013199 DataBlock
  ................ 00 00 00 00 00 00 00 00 00 00 00 00 00 00 00 00
  .....}.......... 01 00 00 00 b0 7d e0 0a 00 00 00 00 00 00 00 00
  -............... 2d 00 00 00 07 00 00 00 ff ff ff ff 00 00 00 00
  ................ 00 00 00 00 00 00 00 00 00 00 00 01 01 00 00 00
  ................ 00 00 00 00 00 00 00 00 00 00 00 00 00 00 00 00
  ................ 00 00 00 00 00 00 00 00 00 00 00 00 00 00 00 00
  ................ 00 00 00 00 00 00 00 00 00 00 00 00 00 00 00 00
  }#.              7d 23 05
013200-013205 StringBlock "high"
013206-013242 DataBlock
  -............... 2d 00 00 00 07 00 00 00 00 00 00 00 02 00 00 00
  ................ 00 00 00 00 00 00 00 00 01 00 00 00 01 00 00 00
  .....            00 00 00 00 00
013243-013255 FontNameBlock "la_gioconda"
013256-013271 DataBlock
  ................ 0c 00 00 00 07 00 00 00 00 00 00 00 00 00 00 ff
013272-013290 StringBlock "ingame_text_small"
013291-013314 DataBlock
  ................ 00 00 00 00 00 00 00 00 00 00 00 00 00 00 00 00
  ........         00 00 00 00 00 00 00 00
013315-013325 T0Block "normal_t0"
013326-013341 DataBlock
  ................ 00 00 00 00 00 00 00 00 00 00 00 00 00 00 00 00
013342-013352 T0Block "normal_t0"
013353-013467 DataBlock
  ................ 00 00 00 00 00 00 00 00 00 00 00 00 00 00 00 00
  .....~.......... 01 00 00 00 e0 7e e0 0a 00 00 00 00 00 00 00 00
  -............... 2d 00 00 00 07 00 00 00 ff ff ff ff 00 00 00 00
  ................ 00 00 00 00 00 00 00 00 00 00 00 01 01 00 00 00
  ................ 00 00 00 00 00 00 00 00 00 00 00 00 00 00 00 00
  ................ 00 00 00 00 00 00 00 00 00 00 00 00 00 00 00 00
  ................ 00 00 00 00 00 00 00 00 00 00 00 00 00 00 00 80
  W..              57 f0 0c
013468-013475 StringBlock "medium"
013476-013512 DataBlock
  -............... 2d 00 00 00 07 00 00 00 00 00 00 00 02 00 00 00
  ................ 00 00 00 00 00 00 00 00 01 00 00 00 01 00 00 00
  .....            00 00 00 00 00
013513-013528 StringBlock "georgia_italic"
013529-013544 DataBlock
  ................ 0a 00 00 00 02 00 00 00 01 00 00 00 dd da fa ff
013545-013567 StringBlock "Default Font Category"
013568-013591 DataBlock
  ................ 00 00 00 00 00 00 00 00 00 00 00 00 00 00 00 00
  ........         00 00 00 00 00 00 00 00
013592-013602 T0Block "normal_t0"
013603-013618 DataBlock
  ................ 00 00 00 00 00 00 00 00 00 00 00 00 00 00 00 00
013619-013629 T0Block "normal_t0"
013630-013769 DataBlock
  ................ 00 00 00 00 00 00 00 00 00 00 00 00 00 00 00 00
  .....{.......... 01 00 00 00 e0 7b e0 0a 00 00 00 00 00 00 00 00
  -............... 2d 00 00 00 07 00 00 00 ff ff ff ff 00 00 00 00
  ................ 00 00 00 00 00 00 00 00 00 00 00 01 01 00 00 00
  ................ 00 00 00 00 00 00 00 00 00 00 00 00 00 00 00 00
  ................ 00 00 00 00 00 00 00 00 00 00 00 00 00 00 00 00
  ................ 00 00 00 00 00 00 00 00 00 00 00 00 00 00 00 00
  ................ 00 00 00 00 00 00 00 00 00 00 00 00 00 00 00 00
  ........P.R.     00 00 00 00 00 00 00 00 50 1d 52 09
013770-013776 StringBlock "frame"
013777-013820 DataBlock
  ................ 00 00 00 00 00 00 00 00 00 00 00 01 01 00 00 00
  ................ 00 01 00 00 00 00 01 00 00 00 00 00 00 00 00 00
  ........`...     00 00 00 00 00 00 00 00 60 1a ce 0c
013821-013876 ImageListBlock 1 elements:
  013825-013876 ImageBlock id=182482464 xsize=64 ysize=64 path="ui/skins/default/fe_frame_glow.png" unknown=0
013877-013936 DataBlock
  .........`.....N 00 00 00 00 00 01 00 00 00 60 1a ce 0c 08 00 4e
  ewState4........ 65 77 53 74 61 74 65 34 00 00 00 07 00 00 00 00
  ................ 00 00 00 02 00 00 00 00 00 00 00 00 00 00 00 01
  ............     00 00 00 01 00 00 00 00 00 00 00 00
013937-013952 StringBlock "georgia_italic"
013953-013968 DataBlock
  ................ 0a 00 00 00 02 00 00 00 01 00 00 00 dd da fa ff
013969-013991 StringBlock "Default Font Category"
013992-014015 DataBlock
  ................ 00 00 00 00 00 00 00 00 00 00 00 00 00 00 00 00
  ........         00 00 00 00 00 00 00 00
014016-014026 T0Block "normal_t0"
014027-014042 DataBlock
  ................ 00 00 00 00 00 00 00 00 00 00 00 00 00 00 00 00
014043-014053 T0Block "normal_t0"
014054-014220 DataBlock
  ................ 00 00 00 00 00 00 00 00 00 00 00 00 00 00 00 00
  .... v.......... 01 00 00 00 20 76 e0 0a 00 00 00 00 00 00 00 00
  4............... 34 00 00 00 08 00 00 00 ff ff ff ff 01 00 00 05
  ................ 00 00 00 00 00 00 00 00 00 00 00 01 01 00 00 00
  ................ 00 00 00 00 00 00 00 00 00 00 00 00 00 00 00 00
  ..............@. 00 00 00 00 00 00 00 00 00 00 00 00 00 00 40 00
  ..@............. 00 00 40 00 00 00 00 00 00 00 00 00 00 00 00 00
  ................ 00 00 00 00 00 00 00 00 00 00 00 00 00 00 00 00
  ................ 00 00 00 00 00 00 00 00 00 00 00 00 00 00 00 00
  ................ 00 00 00 00 00 00 00 00 00 00 00 00 00 00 00 00
  .....f$          00 01 00 c0 f4 66 24
014221-014242 StringBlock "reinforcement_parent"
014243-014286 DataBlock
  ................ 00 00 0a 00 00 00 8f 02 00 00 00 00 00 00 00 00
  ................ 00 01 00 00 00 00 01 00 00 00 00 08 00 00 00 00
  ...........$     00 00 00 ec ff ff ff 00 c0 fc e3 24
014287-014335 ImageListBlock 1 elements:
  014291-014335 ImageBlock id=606262656 xsize=307 ysize=24 path="ui/skins/default/h_line.png" unknown=0
014336-014366 DataBlock
  ............$..N 00 00 00 00 00 01 00 00 00 c0 fc e3 24 08 00 4e
  ewStateB.......  65 77 53 74 61 74 65 42 01 00 00 e2 00 00 00
014367-014380 UnicodeBlock "Allies"
014381-014403 DataBlock
  ................ 00 00 04 00 00 00 00 00 00 00 00 00 00 00 01 00
  .......          00 00 01 00 00 00 01
014404-014487 UnicodeBlock "reinforcement_parent_NewState_Text_210068"
014488-014489 DataBlock
  ..               00 00
014490-014512 FontNameBlock "la_gioconda_uppercase"
014513-014528 DataBlock
  ................ 12 00 00 00 04 00 00 00 00 00 00 00 d7 f8 ff ff
014529-014548 StringBlock "fe_section_heading"
014549-014572 DataBlock
  ................ 00 00 00 00 00 00 00 00 00 00 00 00 00 00 00 00
  ........         00 00 00 00 00 00 00 00
014573-014583 T0Block "normal_t0"
014584-014599 DataBlock
  ................ 00 00 00 00 00 00 00 00 00 00 00 00 00 00 00 00
014600-014610 T0Block "normal_t0"
014611-014741 DataBlock
  ................ 00 00 00 00 00 00 00 00 00 00 00 00 00 00 00 00
  ......"$........ 01 00 00 00 80 d5 22 24 08 00 00 00 00 00 00 00
  3............... 33 01 00 00 18 00 00 00 ff ff ff ff 00 00 00 00
  ................ 00 00 00 00 00 00 00 00 00 00 00 01 01 00 00 00
  ................ 00 00 00 00 00 00 00 00 00 00 00 00 00 00 00 00
  ................ 00 00 00 00 00 00 00 00 00 00 00 00 00 00 00 00
  ................ 00 00 00 00 00 00 00 00 00 00 00 00 00 00 00 00
  ................ 00 00 00 00 00 00 00 00 00 00 00 01 00 00 00 e0
  D..              44 a0 15
014742-014762 StringBlock "reinforcement_entry"
014763-014806 DataBlock
  ......0......... 00 00 0a 00 00 00 30 00 00 00 00 00 00 00 00 00
  ................ 00 01 00 00 00 00 01 00 00 00 00 01 00 00 00 0a
  ...0.....D#$     00 00 00 30 00 00 00 00 80 44 23 24
014807-014878 ImageListBlock 1 elements:
  014811-014878 ImageBlock id=486897728 xsize=64 ysize=152 path="ui/campaign ui/military_emblems/rome_emblem_01.png" unknown=0
014879-014938 DataBlock
  ..........D#$..N 00 00 00 00 00 01 00 00 00 80 44 23 24 08 00 4e
  ewState2...2.... 65 77 53 74 61 74 65 32 00 00 00 32 00 00 00 00
  ................ 00 00 00 02 00 00 00 00 00 00 00 00 00 00 00 01
  ............     00 00 00 01 00 00 00 00 00 00 00 00
014939-014951 FontNameBlock "la_gioconda"
014952-014967 DataBlock
  ................ 0c 00 00 00 07 00 00 00 00 00 00 00 00 00 ab ff
014968-014981 StringBlock "fe_hyperlink"
014982-015005 DataBlock
  ................ 00 00 00 00 00 00 00 00 00 00 00 00 00 00 00 00
  ........         00 00 00 00 01 00 00 00
015006-015016 T0Block "normal_t0"
015017-015032 DataBlock
  ................ 00 00 00 00 00 00 00 00 00 00 00 00 00 00 00 00
015033-015043 T0Block "normal_t0"
015044-015174 DataBlock
  ................ 00 00 00 00 00 00 00 00 00 00 00 00 00 00 00 00
  ....@x.......... 01 00 00 00 40 78 05 1d 00 00 00 00 00 00 00 00
  2...2........... 32 00 00 00 32 00 00 00 ff ff ff ff 00 00 00 05
  ................ 00 00 00 00 00 00 00 00 00 00 00 01 01 00 00 00
  ................ 00 00 00 00 00 00 00 00 00 00 00 00 00 00 00 00
  ................ 00 00 00 00 00 00 00 00 00 00 00 00 00 00 00 00
  ................ 00 00 00 00 00 00 00 00 00 00 00 00 00 00 00 00
  ...............@ 00 00 00 00 00 00 00 00 00 00 00 01 00 00 00 40
  A..              41 a0 15
015175-015180 StringBlock "text"
015181-015244 DataBlock
  ..8............. 00 00 38 00 00 00 fe ff ff ff 00 00 00 00 00 00
  ...............8 00 01 00 00 00 00 01 00 00 00 00 04 00 00 00 38
  .........=#$.... 00 00 00 00 00 00 00 00 80 3d 23 24 00 00 00 00
  .............=#$ 00 00 00 00 00 00 00 00 01 00 00 00 80 3d 23 24
015245-015254 StringBlock "NewState"
015255-015262 DataBlock
  ....6...         f5 00 00 00 36 00 00 00
015263-015314 UnicodeBlock "Marcus Antonius \n 400 men"
015315-015337 DataBlock
  ................ 00 00 02 00 00 00 04 00 00 00 00 00 00 00 01 00
  .......          00 00 01 00 00 00 00
015338-015389 UnicodeBlock "text_NewState_Text_580004"
015390-015391 DataBlock
  ..               00 00
015392-015404 FontNameBlock "la_gioconda"
015405-015420 DataBlock
  ................ 0c 00 00 00 07 00 00 00 00 00 00 00 d7 f8 ff ff
015421-015429 StringBlock "fe_text"
015430-015453 DataBlock
  ................ 00 00 00 00 00 00 00 00 00 00 00 00 00 00 00 00
  ........         00 00 00 00 01 00 00 00
015454-015464 T0Block "normal_t0"
015465-015480 DataBlock
  ................ 00 00 00 00 00 00 00 00 00 00 00 00 00 00 00 00
015481-015491 T0Block "normal_t0"
015492-015579 DataBlock
  ................ 00 00 00 00 00 00 00 00 00 00 00 00 00 00 00 00
  ................ 00 00 00 00 00 00 00 00 00 00 00 00 00 00 00 00
  ................ 00 00 00 00 00 00 00 00 00 00 00 00 00 00 00 00
  ................ 00 00 00 00 00 00 00 01 00 00 00 00 00 00 00 00
  ................ 01 00 00 00 00 00 00 00 00 01 00 00 00 00 00 00
  ......P.         00 00 00 00 80 9a 50 09
015580-015587 StringBlock "header"
015588-015631 DataBlock
  ..y...T......... 00 00 79 01 00 00 54 00 00 00 00 00 00 00 00 00
  ................ 00 01 00 00 00 00 01 00 00 00 00 00 00 00 00 00
  .........n..     00 00 00 00 00 00 00 00 00 6e 0c 0e
015632-015687 ImageListBlock 1 elements:
  015636-015687 ImageBlock id=213002368 xsize=64 ysize=64 path="ui/skins/default/tooltip_frame.png" unknown=0
015688-015747 DataBlock
  ..........n....N 00 00 00 00 00 01 00 00 00 00 6e 0c 0e 08 00 4e
  ewState......... 65 77 53 74 61 74 65 0e 02 00 00 a2 00 00 00 00
  ................ 00 00 00 04 00 00 00 04 00 00 00 00 00 00 00 01
  ............     00 00 00 01 00 00 00 00 00 00 00 00
015748-015760 FontNameBlock "la_gioconda"
015761-015776 DataBlock
  ................ 0c 00 00 00 07 00 00 00 00 00 00 00 d7 f8 ff ff
015777-015785 StringBlock "fe_text"
015786-015809 DataBlock
  ................ c0 cc cc cc 00 00 00 00 c0 cc cc cc 00 00 00 00
  ........         00 00 00 00 00 00 00 00
015810-015820 T0Block "normal_t0"
015821-015836 DataBlock
  ................ 00 00 00 00 00 00 00 00 00 00 00 00 00 00 00 00
015837-015847 T0Block "normal_t0"
015848-015970 DataBlock
  ................ 00 00 00 00 00 00 00 00 00 00 00 00 00 00 00 00
  .....(.......... 01 00 00 00 80 28 b2 0c 00 00 00 00 00 00 00 00
  ................ 0e 02 00 00 a2 00 00 00 ff ff ff ff 00 00 00 00
  ................ 00 00 00 00 00 00 00 00 00 00 00 01 01 00 00 00
  ................ 00 00 00 00 00 00 00 00 00 00 00 00 00 00 00 00
  ............. A. 00 00 00 00 00 00 00 00 00 00 00 00 00 20 41 00
  . A............. 00 20 41 00 00 00 00 00 00 00 00 00 00 00 00 00
  ...........      00 00 00 00 00 00 00 01 00 00 00
015971-015976 StringBlock "hide"
015977-016042 DataBlock
  ................ 00 00 01 00 00 00 00 00 00 00 00 00 fa c3 0e 02
  ................ 00 00 9e 00 00 00 ff ff ff ff 00 00 00 00 00 00
  ................ 00 00 00 00 00 00 00 00 00 00 00 00 00 00 ff ff
  ................ ff ff ff ff ff ff e8 03 00 00 02 00 00 00 00 00
  .?               80 3f
016043-016050 StringBlock "Linear"
016051-016062 DataBlock
  ............     00 00 00 00 05 00 00 00 e0 e8 90 13
016063-016069 StringBlock "title"
016070-016113 DataBlock
  ................ 00 00 0a 00 00 00 00 00 00 00 00 00 00 00 00 00
  ................ 00 01 00 00 00 00 01 00 00 00 00 02 00 00 00 00
  .........A..     00 00 00 00 00 00 00 00 a0 41 bd 13
016114-016162 ImageListBlock 1 elements:
  016118-016162 ImageBlock id=335648224 xsize=307 ysize=24 path="ui/skins/default/h_line.png" unknown=0
016163-016193 DataBlock
  ..........A....N 00 00 00 00 00 01 00 00 00 a0 41 bd 13 08 00 4e
  ewState....7...  65 77 53 74 61 74 65 fb 01 00 00 37 00 00 00
016194-016225 UnicodeBlock "dy_battle_title"
016226-016248 DataBlock
  ................ 00 00 04 00 00 00 04 00 00 00 00 00 00 00 01 00
  .......          00 00 01 00 00 00 00
016249-016302 UnicodeBlock "title_NewState_Text_65000d"
016303-016304 DataBlock
  ..               00 00
016305-016327 FontNameBlock "la_gioconda_uppercase"
016328-016343 DataBlock
  ................ 12 00 00 00 04 00 00 00 00 00 00 00 d7 f8 ff ff
016344-016363 StringBlock "fe_section_heading"
016364-016387 DataBlock
  ................ 00 00 00 00 00 00 00 00 04 00 00 00 00 00 00 00
  ........         00 00 00 00 00 00 00 00
016388-016398 T0Block "normal_t0"
016399-016414 DataBlock
  ................ 00 00 00 00 00 00 00 00 00 00 00 00 00 00 00 00
016415-016425 T0Block "normal_t0"
016426-016565 DataBlock
  ................ 00 00 00 00 00 00 00 00 00 00 00 00 00 00 00 00
  ................ 01 00 00 00 e0 95 01 14 03 00 00 00 1b 00 00 00
  ................ f4 01 00 00 18 00 00 00 ff ff ff ff 00 00 00 00
  ................ 00 00 00 00 00 00 00 00 00 00 00 01 00 00 00 00
  ................ 00 00 00 00 00 00 00 00 00 00 00 00 00 00 00 00
  ................ 00 00 00 00 00 00 00 00 00 00 00 00 00 00 00 00
  ................ 00 00 00 00 00 00 00 00 00 00 00 00 00 00 00 00
  ................ 00 00 00 00 00 00 00 00 00 00 00 00 00 00 00 00
  ........@d*.     00 00 00 00 00 00 00 00 40 64 2a 1d
016566-016578 StringBlock "player_mons"
016579-016642 DataBlock
  ......<......... 00 00 17 00 00 00 3c 00 00 00 00 00 00 00 00 00
  ................ 00 01 00 00 00 00 01 00 00 00 00 00 00 00 00 00
  .........<...... 00 00 00 00 00 00 00 00 e0 3c de 1c 00 00 00 00
  .............<.. 00 00 00 00 00 00 00 00 01 00 00 00 e0 3c de 1c
016643-016652 StringBlock "NewState"
016653-016689 DataBlock
  ....C........... d6 00 00 00 43 00 00 00 00 00 00 00 02 00 00 00
  ................ 00 00 00 00 00 00 00 00 01 00 00 00 01 00 00 00
  .....            00 00 00 00 00
016690-016705 StringBlock "georgia_italic"
016706-016721 DataBlock
  ................ 0a 00 00 00 02 00 00 00 01 00 00 00 dd da fa ff
016722-016744 StringBlock "Default Font Category"
016745-016768 DataBlock
  ................ 00 00 00 00 00 00 00 00 00 00 00 00 00 00 00 00
  ........         00 00 00 00 00 00 00 00
016769-016779 T0Block "normal_t0"
016780-016795 DataBlock
  ................ 00 00 00 00 00 00 00 00 00 00 00 00 00 00 00 00
016796-016806 T0Block "normal_t0"
016807-016858 DataBlock
  ................ 00 00 00 00 00 00 00 00 00 00 00 00 00 00 00 00
  ................ 00 00 00 00 00 00 00 00 00 00 00 00 00 00 00 00
  ................ 00 00 00 00 00 00 00 00 00 00 00 00 04 00 00 00
  .6@.             80 36 40 0f
016859-016864 StringBlock "mon3"
016865-016908 DataBlock
  ................ 00 00 05 00 00 00 01 00 00 00 00 01 01 00 00 00
  ................ 00 01 00 00 00 00 01 00 00 00 00 00 00 00 00 00
  .........q..     00 00 00 00 00 00 00 00 10 71 2e 0d
016909-016957 ImageListBlock 1 elements:
  016913-016957 ImageBlock id=419054880 xsize=64 ysize=64 path="ui/skins/default/mon_64.png" unknown=0
016958-017017 DataBlock
  ..........q....N 00 00 00 00 00 01 00 00 00 10 71 2e 0d 08 00 4e
  ewState@...@.... 65 77 53 74 61 74 65 40 00 00 00 40 00 00 00 00
  ................ 00 00 00 02 00 00 00 00 00 00 00 00 00 00 00 01
  ............     00 00 00 01 00 00 00 00 00 00 00 00
017018-017033 StringBlock "georgia_italic"
017034-017049 DataBlock
  ................ 0a 00 00 00 02 00 00 00 01 00 00 00 dd da fa ff
017050-017072 StringBlock "Default Font Category"
017073-017096 DataBlock
  ................ 00 00 00 00 00 00 00 00 00 00 00 00 00 00 00 00
  ........         00 00 00 00 01 00 00 00
017097-017107 T0Block "normal_t0"
017108-017123 DataBlock
  ................ 00 00 00 00 00 00 00 00 00 00 00 00 00 00 00 00
017124-017134 T0Block "normal_t0"
017135-017274 DataBlock
  ................ 00 00 00 00 00 00 00 00 00 00 00 00 00 00 00 00
  .... E.......... 01 00 00 00 20 45 fa 18 00 00 00 00 00 00 00 00
  @...@........... 40 00 00 00 40 00 00 00 ff ff ff ff 00 00 00 00
  ................ 00 00 00 00 00 00 00 00 00 00 00 01 01 00 00 00
  ................ 00 00 00 00 00 00 00 00 00 00 00 00 00 00 00 00
  ................ 00 00 00 00 00 00 00 00 00 00 00 00 00 00 00 00
  ................ 00 00 00 00 00 00 00 00 00 00 00 00 00 00 00 00
  ................ 00 00 00 00 00 00 00 00 00 00 00 00 00 00 00 00
  ........ 3@.     00 00 00 00 00 00 00 00 20 33 40 0f
017275-017280 StringBlock "mon2"
017281-017324 DataBlock
  ..-............. 00 00 2d 00 00 00 01 00 00 00 00 01 01 00 00 00
  ................ 00 01 00 00 00 00 01 00 00 00 00 00 00 00 00 00
  ........ !..     00 00 00 00 00 00 00 00 20 21 01 1f
017325-017373 ImageListBlock 1 elements:
  017329-017373 ImageBlock id=485859872 xsize=64 ysize=64 path="ui/skins/default/mon_64.png" unknown=0
017374-017433 DataBlock
  ......... !....N 00 00 00 00 00 01 00 00 00 20 21 01 1f 08 00 4e
  ewState@...@.... 65 77 53 74 61 74 65 40 00 00 00 40 00 00 00 00
  ................ 00 00 00 02 00 00 00 00 00 00 00 00 00 00 00 01
  ............     00 00 00 01 00 00 00 00 00 00 00 00
017434-017449 StringBlock "georgia_italic"
017450-017465 DataBlock
  ................ 0a 00 00 00 02 00 00 00 01 00 00 00 dd da fa ff
017466-017488 StringBlock "Default Font Category"
017489-017512 DataBlock
  ................ 00 00 00 00 00 00 00 00 00 00 00 00 00 00 00 00
  ........         00 00 00 00 01 00 00 00
017513-017523 T0Block "normal_t0"
017524-017539 DataBlock
  ................ 00 00 00 00 00 00 00 00 00 00 00 00 00 00 00 00
017540-017550 T0Block "normal_t0"
017551-017690 DataBlock
  ................ 00 00 00 00 00 00 00 00 00 00 00 00 00 00 00 00
  .... ........... 01 00 00 00 20 a2 f5 1c 00 00 00 00 00 00 00 00
  @...@........... 40 00 00 00 40 00 00 00 ff ff ff ff 00 00 00 00
  ................ 00 00 00 00 00 00 00 00 00 00 00 01 01 00 00 00
  ................ 00 00 00 00 00 00 00 00 00 00 00 00 00 00 00 00
  ................ 00 00 00 00 00 00 00 00 00 00 00 00 00 00 00 00
  ................ 00 00 00 00 00 00 00 00 00 00 00 00 00 00 00 00
  ................ 00 00 00 00 00 00 00 00 00 00 00 00 00 00 00 00
  ........./@.     00 00 00 00 00 00 00 00 c0 2f 40 0f
017691-017696 StringBlock "mon1"
017697-017740 DataBlock
  .._............. 00 00 5f 00 00 00 01 00 00 00 00 01 01 00 00 00
  ................ 00 01 00 00 00 00 01 00 00 00 00 00 00 00 00 00
  .........By.     00 00 00 00 00 00 00 00 a0 42 79 0d
017741-017789 ImageListBlock 1 elements:
  017745-017789 ImageBlock id=255484784 xsize=64 ysize=64 path="ui/skins/default/mon_64.png" unknown=0
017790-017849 DataBlock
  ..........By...N 00 00 00 00 00 01 00 00 00 a0 42 79 0d 08 00 4e
  ewState@...@.... 65 77 53 74 61 74 65 40 00 00 00 40 00 00 00 00
  ................ 00 00 00 02 00 00 00 00 00 00 00 00 00 00 00 01
  ............     00 00 00 01 00 00 00 00 00 00 00 00
017850-017865 StringBlock "georgia_italic"
017866-017881 DataBlock
  ................ 0a 00 00 00 02 00 00 00 01 00 00 00 dd da fa ff
017882-017904 StringBlock "Default Font Category"
017905-017928 DataBlock
  ................ 00 00 00 00 00 00 00 00 00 00 00 00 00 00 00 00
  ........         00 00 00 00 01 00 00 00
017929-017939 T0Block "normal_t0"
017940-017955 DataBlock
  ................ 00 00 00 00 00 00 00 00 00 00 00 00 00 00 00 00
017956-017966 T0Block "normal_t0"
017967-018106 DataBlock
  ................ 00 00 00 00 00 00 00 00 00 00 00 00 00 00 00 00
  ....pc:......... 01 00 00 00 70 63 3a 0f 00 00 00 00 00 00 00 00
  @...@........... 40 00 00 00 40 00 00 00 ff ff ff ff 00 00 00 00
  ................ 00 00 00 00 00 00 00 00 00 00 00 01 01 00 00 00
  ................ 00 00 00 00 00 00 00 00 00 00 00 00 00 00 00 00
  ................ 00 00 00 00 00 00 00 00 00 00 00 00 00 00 00 00
  ................ 00 00 00 00 00 00 00 00 00 00 00 00 00 00 00 00
  ................ 00 00 00 00 00 00 00 00 00 00 00 00 00 00 00 00
  ........@~P.     00 00 00 00 00 00 00 00 40 7e 50 09
018107-018112 StringBlock "mon0"
018113-018156 DataBlock
  ................ 00 00 91 00 00 00 01 00 00 00 00 01 01 00 00 00
  ................ 00 01 00 00 00 00 01 00 00 00 00 00 00 00 00 00
  ........ .(.     00 00 00 00 00 00 00 00 20 f8 28 0e
018157-018205 ImageListBlock 1 elements:
  018161-018205 ImageBlock id=221730816 xsize=64 ysize=64 path="ui/skins/default/mon_64.png" unknown=0
018206-018265 DataBlock
  ......... .(...N 00 00 00 00 00 01 00 00 00 20 f8 28 0e 08 00 4e
  ewState@...@.... 65 77 53 74 61 74 65 40 00 00 00 40 00 00 00 00
  ................ 00 00 00 02 00 00 00 00 00 00 00 00 00 00 00 01
  ............     00 00 00 01 00 00 00 00 00 00 00 00
018266-018281 StringBlock "georgia_italic"
018282-018297 DataBlock
  ................ 0a 00 00 00 02 00 00 00 01 00 00 00 dd da fa ff
018298-018320 StringBlock "Default Font Category"
018321-018344 DataBlock
  ................ 00 00 00 00 00 00 00 00 00 00 00 00 00 00 00 00
  ........         00 00 00 00 01 00 00 00
018345-018355 T0Block "normal_t0"
018356-018371 DataBlock
  ................ 00 00 00 00 00 00 00 00 00 00 00 00 00 00 00 00
018372-018382 T0Block "normal_t0"
018383-018531 DataBlock
  ................ 00 00 00 00 00 00 00 00 00 00 00 00 00 00 00 00
  .....X7......... 01 00 00 00 00 58 37 0d 00 00 00 00 00 00 00 00
  @...@........... 40 00 00 00 40 00 00 00 ff ff ff ff 00 00 00 00
  ................ 00 00 00 00 00 00 00 00 00 00 00 01 01 00 00 00
  ................ 00 00 00 00 00 00 00 00 00 00 00 00 00 00 00 00
  ................ 00 00 00 00 00 00 00 00 00 00 00 00 00 00 00 00
  ................ 00 00 00 00 00 00 00 00 00 00 00 00 00 00 00 00
  ................ 00 00 00 00 00 00 00 00 00 00 00 00 00 00 00 00
  ................ 00 00 00 00 00 00 00 00 00 00 00 00 00 00 00 00
  ...@.            00 00 87 40 1d
018532-018543 StringBlock "enemy_mons"
018544-018607 DataBlock
  ..#...<......... 00 00 23 01 00 00 3c 00 00 00 00 00 00 00 00 00
  ................ 00 01 00 00 00 00 01 00 00 00 00 00 00 00 00 00
  ........`.@..... 00 00 00 00 00 00 00 00 60 8a 40 1d 00 00 00 00
  ............`.@. 00 00 00 00 00 00 00 00 01 00 00 00 60 8a 40 1d
018608-018617 StringBlock "NewState"
018618-018654 DataBlock
  ....C........... d6 00 00 00 43 00 00 00 00 00 00 00 02 00 00 00
  ................ 00 00 00 00 00 00 00 00 01 00 00 00 01 00 00 00
  .....            00 00 00 00 00
018655-018670 StringBlock "georgia_italic"
018671-018686 DataBlock
  ................ 0a 00 00 00 02 00 00 00 01 00 00 00 dd da fa ff
018687-018709 StringBlock "Default Font Category"
018710-018733 DataBlock
  ................ 00 00 00 00 00 00 00 00 00 00 00 00 00 00 00 00
  ........         00 00 00 00 00 00 00 00
018734-018744 T0Block "normal_t0"
018745-018760 DataBlock
  ................ 00 00 00 00 00 00 00 00 00 00 00 00 00 00 00 00
018761-018771 T0Block "normal_t0"
018772-018823 DataBlock
  ................ 00 00 00 00 00 00 00 00 00 00 00 00 00 00 00 00
  ................ 00 00 00 00 00 00 00 00 00 00 00 00 00 00 00 00
  ................ 00 00 00 00 00 00 00 00 00 00 00 00 04 00 00 00
  ....             a0 f2 11 19
018824-018829 StringBlock "mon3"
018830-018873 DataBlock
  ................ 00 00 91 00 00 00 01 00 00 00 00 01 01 00 00 00
  ................ 00 01 00 00 00 00 01 00 00 00 00 00 00 00 00 00
  ............     00 00 00 00 00 00 00 00 e0 f6 11 19
018874-018922 ImageListBlock 1 elements:
  018878-018922 ImageBlock id=420607488 xsize=64 ysize=64 path="ui/skins/default/mon_64.png" unknown=0
018923-018982 DataBlock
  ...............N 00 00 00 00 00 01 00 00 00 e0 f6 11 19 08 00 4e
  ewState@...@.... 65 77 53 74 61 74 65 40 00 00 00 40 00 00 00 00
  ................ 00 00 00 02 00 00 00 00 00 00 00 00 00 00 00 01
  ............     00 00 00 01 00 00 00 00 00 00 00 00
018983-018998 StringBlock "georgia_italic"
018999-019014 DataBlock
  ................ 0a 00 00 00 02 00 00 00 01 00 00 00 dd da fa ff
019015-019037 StringBlock "Default Font Category"
019038-019061 DataBlock
  ................ 00 00 00 00 00 00 00 00 00 00 00 00 00 00 00 00
  ........         00 00 00 00 01 00 00 00
019062-019072 T0Block "normal_t0"
019073-019088 DataBlock
  ................ 00 00 00 00 00 00 00 00 00 00 00 00 00 00 00 00
019089-019099 T0Block "normal_t0"
019100-019239 DataBlock
  ................ 00 00 00 00 00 00 00 00 00 00 00 00 00 00 00 00
  ................ 01 00 00 00 00 f6 11 19 00 00 00 00 00 00 00 00
  @...@........... 40 00 00 00 40 00 00 00 ff ff ff ff 00 00 00 00
  ................ 00 00 00 00 00 00 00 00 00 00 00 01 01 00 00 00
  ................ 00 00 00 00 00 00 00 00 00 00 00 00 00 00 00 00
  ................ 00 00 00 00 00 00 00 00 00 00 00 00 00 00 00 00
  ................ 00 00 00 00 00 00 00 00 00 00 00 00 00 00 00 00
  ................ 00 00 00 00 00 00 00 00 00 00 00 00 00 00 00 00
  ............     00 00 00 00 00 00 00 00 80 eb 11 19
019240-019245 StringBlock "mon2"
019246-019289 DataBlock
  .._............. 00 00 5f 00 00 00 01 00 00 00 00 01 01 00 00 00
  ................ 00 01 00 00 00 00 01 00 00 00 00 00 00 00 00 00
  ............     00 00 00 00 00 00 00 00 c0 ef 11 19
019290-019338 ImageListBlock 1 elements:
  019294-019338 ImageBlock id=420605664 xsize=64 ysize=64 path="ui/skins/default/mon_64.png" unknown=0
019339-019398 DataBlock
  ...............N 00 00 00 00 00 01 00 00 00 c0 ef 11 19 08 00 4e
  ewState@...@.... 65 77 53 74 61 74 65 40 00 00 00 40 00 00 00 00
  ................ 00 00 00 02 00 00 00 00 00 00 00 00 00 00 00 01
  ............     00 00 00 01 00 00 00 00 00 00 00 00
019399-019414 StringBlock "georgia_italic"
019415-019430 DataBlock
  ................ 0a 00 00 00 02 00 00 00 01 00 00 00 dd da fa ff
019431-019453 StringBlock "Default Font Category"
019454-019477 DataBlock
  ................ 00 00 00 00 00 00 00 00 00 00 00 00 00 00 00 00
  ........         00 00 00 00 01 00 00 00
019478-019488 T0Block "normal_t0"
019489-019504 DataBlock
  ................ 00 00 00 00 00 00 00 00 00 00 00 00 00 00 00 00
019505-019515 T0Block "normal_t0"
019516-019655 DataBlock
  ................ 00 00 00 00 00 00 00 00 00 00 00 00 00 00 00 00
  ................ 01 00 00 00 e0 ee 11 19 00 00 00 00 00 00 00 00
  @...@........... 40 00 00 00 40 00 00 00 ff ff ff ff 00 00 00 00
  ................ 00 00 00 00 00 00 00 00 00 00 00 01 01 00 00 00
  ................ 00 00 00 00 00 00 00 00 00 00 00 00 00 00 00 00
  ................ 00 00 00 00 00 00 00 00 00 00 00 00 00 00 00 00
  ................ 00 00 00 00 00 00 00 00 00 00 00 00 00 00 00 00
  ................ 00 00 00 00 00 00 00 00 00 00 00 00 00 00 00 00
  ..........@.     00 00 00 00 00 00 00 00 e0 93 40 1d
019656-019661 StringBlock "mon1"
019662-019705 DataBlock
  ..-............. 00 00 2d 00 00 00 01 00 00 00 00 01 01 00 00 00
  ................ 00 01 00 00 00 00 01 00 00 00 00 00 00 00 00 00
  ............     00 00 00 00 00 00 00 00 a0 e8 11 19
019706-019754 ImageListBlock 1 elements:
  019710-019754 ImageBlock id=420603840 xsize=64 ysize=64 path="ui/skins/default/mon_64.png" unknown=0
019755-019814 DataBlock
  ...............N 00 00 00 00 00 01 00 00 00 a0 e8 11 19 08 00 4e
  ewState@...@.... 65 77 53 74 61 74 65 40 00 00 00 40 00 00 00 00
  ................ 00 00 00 02 00 00 00 00 00 00 00 00 00 00 00 01
  ............     00 00 00 01 00 00 00 00 00 00 00 00
019815-019830 StringBlock "georgia_italic"
019831-019846 DataBlock
  ................ 0a 00 00 00 02 00 00 00 01 00 00 00 dd da fa ff
019847-019869 StringBlock "Default Font Category"
019870-019893 DataBlock
  ................ 00 00 00 00 00 00 00 00 00 00 00 00 00 00 00 00
  ........         00 00 00 00 01 00 00 00
019894-019904 T0Block "normal_t0"
019905-019920 DataBlock
  ................ 00 00 00 00 00 00 00 00 00 00 00 00 00 00 00 00
019921-019931 T0Block "normal_t0"
019932-020071 DataBlock
  ................ 00 00 00 00 00 00 00 00 00 00 00 00 00 00 00 00
  ................ 01 00 00 00 c0 e7 11 19 00 00 00 00 00 00 00 00
  @...@........... 40 00 00 00 40 00 00 00 ff ff ff ff 00 00 00 00
  ................ 00 00 00 00 00 00 00 00 00 00 00 01 01 00 00 00
  ................ 00 00 00 00 00 00 00 00 00 00 00 00 00 00 00 00
  ................ 00 00 00 00 00 00 00 00 00 00 00 00 00 00 00 00
  ................ 00 00 00 00 00 00 00 00 00 00 00 00 00 00 00 00
  ................ 00 00 00 00 00 00 00 00 00 00 00 00 00 00 00 00
  ..........@.     00 00 00 00 00 00 00 00 a0 8c 40 1d
020072-020077 StringBlock "mon0"
020078-020121 DataBlock
  ................ 00 00 05 00 00 00 01 00 00 00 00 01 01 00 00 00
  ................ 00 01 00 00 00 00 01 00 00 00 00 00 00 00 00 00
  ..........@.     00 00 00 00 00 00 00 00 00 91 40 1d
020122-020170 ImageListBlock 1 elements:
  020126-020170 ImageBlock id=490770464 xsize=64 ysize=64 path="ui/skins/default/mon_64.png" unknown=0
020171-020230 DataBlock
  ...........@...N 00 00 00 00 00 01 00 00 00 00 91 40 1d 08 00 4e
  ewState@...@.... 65 77 53 74 61 74 65 40 00 00 00 40 00 00 00 00
  ................ 00 00 00 02 00 00 00 00 00 00 00 00 00 00 00 01
  ............     00 00 00 01 00 00 00 00 00 00 00 00
020231-020246 StringBlock "georgia_italic"
020247-020262 DataBlock
  ................ 0a 00 00 00 02 00 00 00 01 00 00 00 dd da fa ff
020263-020285 StringBlock "Default Font Category"
020286-020309 DataBlock
  ................ 00 00 00 00 00 00 00 00 00 00 00 00 00 00 00 00
  ........         00 00 00 00 01 00 00 00
020310-020320 T0Block "normal_t0"
020321-020336 DataBlock
  ................ 00 00 00 00 00 00 00 00 00 00 00 00 00 00 00 00
020337-020347 T0Block "normal_t0"
020348-020496 DataBlock
  ................ 00 00 00 00 00 00 00 00 00 00 00 00 00 00 00 00
  .... .@......... 01 00 00 00 20 90 40 1d 00 00 00 00 00 00 00 00
  @...@........... 40 00 00 00 40 00 00 00 ff ff ff ff 00 00 00 00
  ................ 00 00 00 00 00 00 00 00 00 00 00 01 01 00 00 00
  ................ 00 00 00 00 00 00 00 00 00 00 00 00 00 00 00 00
  ................ 00 00 00 00 00 00 00 00 00 00 00 00 00 00 00 00
  ................ 00 00 00 00 00 00 00 00 00 00 00 00 00 00 00 00
  ................ 00 00 00 00 00 00 00 00 00 00 00 00 00 00 00 00
  ................ 00 00 00 00 00 00 00 00 00 00 00 00 00 00 00 00
  .P.V.            00 50 1a 56 0d
020497-020509 StringBlock "icon_battle"
020510-020553 DataBlock
  ......=......... 00 00 e7 00 00 00 3d 00 00 00 00 00 00 00 00 00
  ................ 00 01 00 00 00 00 01 00 00 00 00 00 00 00 00 00
  ..........(.     00 00 00 00 00 00 00 00 00 ff 28 0e
020554-020607 ImageListBlock 1 elements:
  020558-020607 ImageBlock id=221728960 xsize=64 ysize=64 path="ui/skins/default/icon_battle.png" unknown=0
020608-020667 DataBlock
  ...........(...N 00 00 00 00 00 01 00 00 00 00 ff 28 0e 08 00 4e
  ewState@...@.... 65 77 53 74 61 74 65 40 00 00 00 40 00 00 00 00
  ................ 00 00 00 02 00 00 00 00 00 00 00 00 00 00 00 01
  ............     00 00 00 01 00 00 00 00 00 00 00 00
020668-020683 StringBlock "georgia_italic"
020684-020699 DataBlock
  ................ 0a 00 00 00 02 00 00 00 01 00 00 00 dd da fa ff
020700-020722 StringBlock "Default Font Category"
020723-020746 DataBlock
  ................ 00 00 00 00 00 00 00 00 00 00 00 00 00 00 00 00
  ........         00 00 00 00 01 00 00 00
020747-020757 T0Block "normal_t0"
020758-020773 DataBlock
  ................ 00 00 00 00 00 00 00 00 00 00 00 00 00 00 00 00
020774-020784 T0Block "normal_t0"
020785-020924 DataBlock
  ................ 00 00 00 00 00 00 00 00 00 00 00 00 00 00 00 00
  .....P7......... 01 00 00 00 c0 50 37 0d 00 00 00 00 00 00 00 00
  @...@........... 40 00 00 00 40 00 00 00 ff ff ff ff 00 00 00 00
  ................ 00 00 00 00 00 00 00 00 00 00 00 01 01 00 00 00
  ................ 00 00 00 00 00 00 00 00 00 00 00 00 00 00 00 00
  ................ 00 00 00 00 00 00 00 00 00 00 00 00 00 00 00 00
  ................ 00 00 00 00 00 00 00 00 00 00 00 00 00 00 00 00
  ................ 00 00 00 00 00 00 00 00 00 00 00 00 00 00 00 00
  ........p?..     00 00 00 00 00 00 00 00 70 3f 93 0a
020925-020938 StringBlock "tx_sally_out"
020939-021002 DataBlock
  ................ 00 00 06 00 00 00 80 00 00 00 00 00 00 00 00 00
  ................ 00 00 00 00 00 00 01 00 00 00 00 00 00 00 00 00
  ................ 00 00 00 00 00 00 00 00 a0 d8 01 04 00 00 00 00
  ................ 00 00 00 00 00 00 00 00 01 00 00 00 a0 d8 01 04
021003-021012 StringBlock "NewState"
021013-021020 DataBlock
  ........         00 02 00 00 1b 00 00 00
021021-021110 UnicodeBlock "The enemy sallies out to fight on the field."
021111-021133 DataBlock
  ................ 00 00 04 00 00 00 04 00 00 00 00 00 00 00 02 00
  .......          00 00 01 00 00 00 01
021134-021201 UnicodeBlock "tx_sally_out_NewState_Text_40003b"
021202-021203 DataBlock
  ..               00 00
021204-021216 FontNameBlock "la_gioconda"
021217-021232 DataBlock
  ................ 0c 00 00 00 07 00 00 00 00 00 00 00 d7 f8 ff ff
021233-021241 StringBlock "fe_text"
021242-021265 DataBlock
  ................ 00 00 00 00 00 00 00 00 00 00 00 00 00 00 00 00
  ........         00 00 00 00 01 00 00 00
021266-021276 T0Block "normal_t0"
021277-021292 DataBlock
  ................ 00 00 00 00 00 00 00 00 00 00 00 00 00 00 00 00
021293-021303 T0Block "normal_t0"
021304-021396 DataBlock
  ................ 00 00 00 00 00 00 00 00 00 00 00 00 00 00 00 00
  ................ 00 00 00 00 00 00 00 00 00 00 00 00 00 00 00 00
  ................ 00 00 00 00 00 00 00 00 00 00 00 00 00 00 00 00
  ................ 00 00 00 00 00 00 00 00 00 00 00 00 00 00 00 00
  ................ 00 00 00 00 00 00 00 00 00 00 00 00 00 00 00 00
  .............    00 00 00 00 00 00 00 00 00 00 00 00 00
