000000-000009 VersionBlock 86
000010-000013 RootIDBlock 423033472
000014-000019 StringBlock "root"
000020-000098 DataBlock
  ................ 00 00 00 00 00 00 00 00 00 00 00 01 01 00 00 00
  ................ 00 01 00 00 00 00 01 00 00 00 00 00 00 00 00 00
  ..........6..... 00 00 00 00 00 00 00 00 e0 fd 36 19 01 00 00 00
   .~............. 20 c2 7e 19 00 00 00 05 00 00 c0 03 00 00 00 00
  .............6.  00 00 00 00 00 00 00 01 00 00 00 e0 fd 36 19
000099-000108 StringBlock "NewState"
000109-000145 DataBlock
  ................ 00 05 00 00 c0 03 00 00 00 00 00 00 02 00 00 00
  ................ 00 00 00 00 00 00 00 00 01 00 00 00 01 00 00 00
  .....            00 00 00 00 00
000146-000161 StringBlock "georgia_italic"
000162-000177 DataBlock
  ................ 0a 00 00 00 02 00 00 00 01 00 00 00 dd da fa ff
000178-000200 StringBlock "Default Font Category"
000201-000224 DataBlock
  ................ 00 00 00 00 00 00 00 00 00 00 00 00 00 00 00 00
  ........         00 00 00 00 01 00 00 00
000225-000235 T0Block "normal_t0"
000236-000251 DataBlock
  ................ 00 00 00 00 00 00 00 00 00 00 00 00 00 00 00 00
000252-000262 T0Block "normal_t0"
000263-000393 DataBlock
  ................ 00 00 00 00 00 00 00 00 00 00 00 00 00 00 00 00
  .... .~......... 01 00 00 00 20 c2 7e 19 00 00 00 00 00 00 00 00
  ................ 00 05 00 00 c0 03 00 00 be ff bb ff 00 00 00 00
  ................ 00 00 00 00 00 00 00 00 00 00 00 01 01 00 00 00
  ................ 00 00 00 00 00 00 00 00 00 00 00 00 00 00 00 00
  ................ 00 00 00 00 00 00 00 00 00 00 00 00 00 00 00 00
  ................ 00 00 00 00 00 00 00 00 00 00 00 00 00 00 00 00
  ................ 00 00 00 00 00 00 00 00 00 00 00 01 00 00 00 80
  s5.              73 35 19
000394-000410 StringBlock "pre_battle_wait"
000411-000436 StringBlock "BattlePrebattleWaitPanel"
000437-000486 DataBlock
  ................ af 01 00 00 d7 00 00 00 00 01 01 00 00 00 00 01
  ................ 00 00 00 00 01 00 00 00 00 05 00 00 00 00 00 00
  .............. . 00 00 00 00 00 00 00 00 00 00 05 00 00 00 20 95
  (.               28 19
000487-000524 ImagePathBlock "ui/skins/3c/component_background.png"
000525-000537 DataBlock
  @...@.....r`.    40 00 00 00 40 00 00 00 00 c4 72 60 1c
000538-000630 ImagePathBlock "T:/branches/rome2/crisis/rome2/working_data_rome2/UI/skins/3c/component_edge_frame_left.png"
000631-000643 DataBlock
  .........4t`.    1c 00 00 00 17 00 00 00 00 34 74 60 1c
000644-000730 ImagePathBlock "T:/branches/rome2/crisis/rome2/working_data_rome2/UI/skins/3c/background_gradient.png"
000731-000743 DataBlock
  r...W.....u`.    72 00 00 00 57 01 00 00 00 c4 75 60 1c
000744-000837 ImagePathBlock "T:/branches/rome2/crisis/rome2/working_data_rome2/UI/skins/3c/background_gradient_bottom.png"
000838-000850 DataBlock
  ....T....Tw`.    8b 00 00 00 54 00 00 00 00 54 77 60 1c
000851-000936 ImagePathBlock "T:/branches/rome2/crisis/rome2/working_data_rome2/UI/skins/3c/background_pattern.png"
000937-000961 DataBlock
  ................ ab 00 00 00 19 00 00 00 00 00 00 00 00 00 00 00
  ......v5.        00 01 00 00 00 e0 76 35 19
000962-000971 StringBlock "NewState"
000972-001008 DataBlock
  ................ a2 01 00 00 12 02 00 00 00 00 00 00 02 00 00 00
  ................ 00 00 00 00 00 00 00 00 01 00 00 00 01 00 00 00
  .....            00 00 00 00 00
001009-001021 StringBlock "la_gioconda"
001022-001037 DataBlock
  ................ 0c 00 00 00 07 00 00 00 00 00 00 00 00 00 00 ff
001038-001056 StringBlock "ingame_text_small"
001057-001080 DataBlock
  ................ 00 00 00 00 00 00 00 00 00 00 00 00 00 00 00 00
  ........         00 00 00 00 01 00 00 00
001081-001091 T0Block "normal_t0"
001092-001107 DataBlock
  ................ 00 00 00 00 00 00 00 00 00 00 00 00 00 00 00 00
001108-001118 T0Block "normal_t0"
001119-001565 DataBlock
  ................ 00 00 00 00 00 00 00 00 00 00 00 00 00 00 00 00
  .... .(......... 05 00 00 00 20 95 28 19 00 00 00 00 f8 ff ff ff
  ................ a2 01 00 00 1a 02 00 00 ff ff ff ff 01 00 00 00
  ................ 00 00 00 00 00 00 00 00 00 00 00 01 01 00 00 00
  ................ 00 00 00 00 00 00 00 00 00 00 00 00 00 00 00 00
  ..............A. 00 00 00 00 00 00 00 00 00 00 00 00 00 d8 41 00
  ..A.r`.......... 00 d8 41 c4 72 60 1c 00 00 00 00 f8 ff ff ff 1c
  ................ 00 00 00 17 00 00 00 ff ff ff ff 00 00 00 01 00
  ................ 00 00 00 00 00 00 f8 ff ff ff 00 00 00 00 00 00
  ................ 00 00 00 00 00 00 00 00 00 00 00 00 00 00 00 00
  ................ 00 00 00 00 00 00 00 00 00 00 00 00 00 00 00 00
  ..4t`........... 00 00 34 74 60 1c 0a 00 00 00 b2 00 00 00 8f 01
  ..W............. 00 00 57 01 00 00 ff ff ff ff 00 00 00 08 00 00
  ................ 00 00 00 00 00 f7 ff ff ff 01 00 00 00 00 00 00
  ................ 00 00 00 00 00 00 00 00 00 00 00 00 00 00 00 00
  ................ 00 00 00 00 00 00 00 00 00 00 00 00 00 00 00 00
  ..u`............ 00 c4 75 60 1c 08 00 00 00 aa 01 00 00 91 01 00
  .T.............. 00 54 00 00 00 ff ff ff ff 01 00 00 08 00 00 00
  ................ 00 00 00 00 ec ff ff ff 01 00 00 00 00 00 00 00
  ................ 00 00 00 00 00 00 00 00 00 00 00 00 00 00 00 00
  ................ 00 00 00 00 00 00 00 00 00 00 00 00 00 00 00 00
  Tw`............. 54 77 60 1c 09 00 00 00 f1 01 00 00 90 01 00 00
  ................ 19 00 00 00 ff ff ff ff 01 00 00 08 00 00 00 00
  ................ 00 00 00 f8 ff ff ff 01 00 00 00 00 00 00 00 00
  ................ 00 00 00 00 00 00 00 00 00 00 00 00 00 00 00 00
  ................ 00 00 00 00 00 00 00 00 00 00 00 00 00 00 00 00
  ...............- 00 00 00 00 00 00 00 00 00 00 00 00 00 00 00 2d
  ............x5.  00 00 00 00 00 00 00 09 00 00 00 e0 78 35 19
001566-001583 StringBlock "panel_decoration"
001584-001635 DataBlock
  ..z............. 00 00 7a 00 00 00 00 00 00 00 00 00 00 00 00 00
  ................ 00 01 00 00 00 00 01 00 00 00 00 02 00 00 00 00
  ........@|5..... 00 00 00 00 00 00 00 00 40 7c 35 19 01 00 00 00
  .)..             80 29 ee 18
001636-001681 ImagePathBlock "ui/skins/default/panel_decoration_battle.png"
001682-001706 DataBlock
  ...."........... ae 00 00 00 22 00 00 00 00 00 00 00 00 00 00 00
  .....@|5.        00 01 00 00 00 40 7c 35 19
001707-001716 StringBlock "NewState"
001717-001753 DataBlock
  ...."........... ae 00 00 00 22 00 00 00 00 00 00 00 02 00 00 00
  ................ 00 00 00 00 00 00 00 00 01 00 00 00 01 00 00 00
  .....            00 00 00 00 00
001754-001769 StringBlock "georgia_italic"
001770-001785 DataBlock
  ................ 0a 00 00 00 02 00 00 00 01 00 00 00 dd da fa ff
001786-001808 StringBlock "Default Font Category"
001809-001832 DataBlock
  ................ 00 00 00 00 00 00 00 00 00 00 00 00 00 00 00 00
  ........         00 00 00 00 00 00 00 00
001833-001843 T0Block "normal_t0"
001844-001859 DataBlock
  ................ 00 00 00 00 00 00 00 00 00 00 00 00 00 00 00 00
001860-001870 T0Block "normal_t0"
001871-002010 DataBlock
  ................ 00 00 00 00 00 00 00 00 00 00 00 00 00 00 00 00
  .....).......... 01 00 00 00 80 29 ee 18 00 00 00 00 d8 ff ff ff
  ...."........... ae 00 00 00 22 00 00 00 ff ff ff ff 00 00 00 00
  ................ 00 00 00 00 00 00 00 00 00 00 00 00 00 00 00 00
  ................ 00 00 00 00 00 00 00 00 00 00 00 00 00 00 00 00
  ................ 00 00 00 00 00 00 00 00 00 00 00 00 00 00 00 00
  ................ 00 00 00 00 00 00 00 00 00 00 00 00 00 00 00 00
  ...-............ 00 00 00 2d 00 00 00 00 00 00 00 00 00 00 00 00
  ........`~5.     00 00 00 00 00 00 00 00 60 7e 35 19
002011-002018 StringBlock "h_line"
002019-002070 DataBlock
  ................ 00 00 14 00 00 00 8b 00 00 00 00 01 00 00 00 00
  ................ 00 01 00 00 00 00 01 00 00 00 00 00 00 00 00 00
  ..........5..... 00 00 00 00 00 00 00 00 c0 81 35 19 01 00 00 00
  @k..             40 6b 18 19
002071-002099 ImagePathBlock "ui/skins/default/h_line.png"
002100-002124 DataBlock
  3............... 33 01 00 00 18 00 00 00 00 00 00 00 00 00 00 00
  .......5.        00 01 00 00 00 c0 81 35 19
002125-002134 StringBlock "NewState"
002135-002171 DataBlock
  z............... 7a 01 00 00 18 00 00 00 00 00 00 00 04 00 00 00
  ................ 00 00 00 00 00 00 00 00 01 00 00 00 01 00 00 00
  .....            00 00 00 00 00
002172-002187 StringBlock "georgia_italic"
002188-002203 DataBlock
  ................ 0a 00 00 00 02 00 00 00 01 00 00 00 dd da fa ff
002204-002226 StringBlock "Default Font Category"
002227-002250 DataBlock
  ................ 00 00 00 00 00 00 00 00 00 00 00 00 00 00 00 00
  ........         00 00 00 00 00 00 00 00
002251-002261 T0Block "normal_t0"
002262-002277 DataBlock
  ................ 00 00 00 00 00 00 00 00 00 00 00 00 00 00 00 00
002278-002288 T0Block "normal_t0"
002289-002419 DataBlock
  ................ 00 00 00 00 00 00 00 00 00 00 00 00 00 00 00 00
  ....@k.......... 01 00 00 00 40 6b 18 19 00 00 00 00 00 00 00 00
  z............... 7a 01 00 00 18 00 00 00 ff ff ff ff 00 00 00 00
  ................ 00 00 00 00 00 00 00 00 00 00 00 01 01 00 00 00
  ................ 00 00 00 00 00 00 00 00 00 00 00 00 00 00 00 00
  ..............B. 00 00 00 00 00 00 00 00 00 00 00 00 00 a0 42 00
  ................ 00 00 00 00 00 00 00 00 00 00 00 00 00 00 00 00
  ...<............ 00 00 00 3c 00 00 00 00 00 00 00 01 00 00 00 c0
  .5.              83 35 19
002420-002427 StringBlock "h_line"
002428-002479 DataBlock
  ......!......... 00 00 00 00 00 00 21 00 00 00 00 01 00 00 00 00
  ................ 00 01 00 00 00 00 01 00 00 00 00 00 00 00 00 00
  ........ .5..... 00 00 00 00 00 00 00 00 20 87 35 19 01 00 00 00
   i4.             20 69 34 19
002480-002508 ImagePathBlock "ui/skins/default/h_line.png"
002509-002533 DataBlock
  3............... 33 01 00 00 18 00 00 00 00 00 00 00 00 00 00 00
  ..... .5.        00 01 00 00 00 20 87 35 19
002534-002543 StringBlock "NewState"
002544-002580 DataBlock
  z............... 7a 01 00 00 18 00 00 00 00 00 00 00 04 00 00 00
  ................ 00 00 00 00 00 00 00 00 01 00 00 00 01 00 00 00
  .....            00 00 00 00 00
002581-002596 StringBlock "georgia_italic"
002597-002612 DataBlock
  ................ 0a 00 00 00 02 00 00 00 01 00 00 00 dd da fa ff
002613-002635 StringBlock "Default Font Category"
002636-002659 DataBlock
  ................ 00 00 00 00 00 00 00 00 00 00 00 00 00 00 00 00
  ........         00 00 00 00 00 00 00 00
002660-002670 T0Block "normal_t0"
002671-002686 DataBlock
  ................ 00 00 00 00 00 00 00 00 00 00 00 00 00 00 00 00
002687-002697 T0Block "normal_t0"
002698-002846 DataBlock
  ................ 00 00 00 00 00 00 00 00 00 00 00 00 00 00 00 00
  .... i4......... 01 00 00 00 20 69 34 19 00 00 00 00 00 00 00 00
  z............... 7a 01 00 00 18 00 00 00 ff ff ff ff 00 00 00 00
  ................ 00 00 00 00 00 00 00 00 00 00 00 01 01 00 00 00
  ................ 00 00 00 00 00 00 00 00 00 00 00 00 00 00 00 00
  ..............B. 00 00 00 00 00 00 00 00 00 00 00 00 00 a0 42 00
  ................ 00 00 00 00 00 00 00 00 00 00 00 00 00 00 00 00
  ...<............ 00 00 00 3c 00 00 00 00 00 00 00 00 00 00 00 00
  ................ 00 00 00 00 00 00 00 00 00 00 00 00 00 00 00 00
  ...5.            00 00 8a 35 19
002847-002859 StringBlock "title_frame"
002860-002923 DataBlock
  ................ 00 00 00 00 00 00 08 00 00 00 00 01 01 00 00 00
  ................ 00 01 00 00 00 00 01 00 00 00 00 00 00 00 00 00
  ................ 00 00 00 00 00 00 00 00 00 00 00 00 00 00 00 00
  ............`.5. 00 00 00 00 00 00 00 00 01 00 00 00 60 8d 35 19
002924-002933 StringBlock "newstate"
002934-002941 DataBlock
  ....$...         a2 01 00 00 24 00 00 00
002942-002979 UnicodeBlock "Weather Conditions"
002980-003002 DataBlock
  ................ 00 00 04 00 00 00 04 00 00 00 00 00 00 00 01 00
  .......          00 00 01 00 00 00 01
003003-003068 UnicodeBlock "title_frame_newstate_Text_37006f"
003069-003070 DataBlock
  ..               00 00
003071-003093 StringBlock "la_gioconda_uppercase"
003094-003109 DataBlock
  ................ 12 00 00 00 04 00 00 00 00 00 00 00 d7 f8 ff ff
003110-003129 StringBlock "fe_section_heading"
003130-003153 DataBlock
  ................ 00 00 00 00 00 00 00 00 00 00 00 00 00 00 00 00
  ........         00 00 00 00 01 00 00 00
003154-003164 T0Block "normal_t0"
003165-003180 DataBlock
  ................ 00 00 00 00 00 00 00 00 00 00 00 00 00 00 00 00
003181-003196 T0Block "drop_shadow_t0"
003197-003248 DataBlock
  .......?...@.... 00 00 00 00 00 00 80 3f 00 00 00 40 00 00 00 00
  ................ 00 00 00 00 00 00 00 00 00 00 00 00 00 00 00 00
  ....-........... 00 00 00 00 2d 00 00 00 00 00 00 00 01 00 00 00
  ....             c0 1e ec 18
003249-003256 StringBlock "h_line"
003257-003308 DataBlock
  ................ 00 00 14 00 00 00 07 00 00 00 00 01 01 00 00 00
  ................ 00 01 00 00 00 00 01 00 00 00 00 08 00 00 00 00
  ........ "...... 00 00 00 00 00 00 00 00 20 22 ec 18 01 00 00 00
  .i4.             e0 69 34 19
003309-003337 ImagePathBlock "ui/skins/default/h_line.png"
003338-003362 DataBlock
  3............... 33 01 00 00 18 00 00 00 00 00 00 00 00 00 00 00
  ..... "..        00 01 00 00 00 20 22 ec 18
003363-003372 StringBlock "NewState"
003373-003409 DataBlock
  z............... 7a 01 00 00 1c 00 00 00 00 00 00 00 04 00 00 00
  ................ 00 00 00 00 00 00 00 00 01 00 00 00 01 00 00 00
  .....            00 00 00 00 00
003410-003425 StringBlock "georgia_italic"
003426-003441 DataBlock
  ................ 0a 00 00 00 02 00 00 00 01 00 00 00 dd da fa ff
003442-003464 StringBlock "Default Font Category"
003465-003488 DataBlock
  ................ 00 00 00 00 00 00 00 00 00 00 00 00 00 00 00 00
  ........         00 00 00 00 00 00 00 00
003489-003499 T0Block "normal_t0"
003500-003515 DataBlock
  ................ 00 00 00 00 00 00 00 00 00 00 00 00 00 00 00 00
003516-003526 T0Block "normal_t0"
003527-003675 DataBlock
  ................ 00 00 00 00 00 00 00 00 00 00 00 00 00 00 00 00
  .....i4......... 01 00 00 00 e0 69 34 19 00 00 00 00 05 00 00 00
  z............... 7a 01 00 00 18 00 00 00 ff ff ff ff 00 00 00 08
  ................ 00 00 00 00 00 00 00 00 00 00 00 01 00 00 00 00
  ................ 00 00 00 00 00 00 00 00 00 00 00 00 00 00 00 00
  ..............B. 00 00 00 00 00 00 00 00 00 00 00 00 00 a0 42 00
  ................ 00 00 00 00 00 00 00 00 00 00 00 00 00 00 00 00
  ...<............ 00 00 00 3c 00 00 00 00 00 00 00 00 00 00 00 00
  ................ 00 00 00 00 00 00 00 00 00 00 00 00 00 00 00 00
  ..%..            00 00 25 ec 18
003676-003687 StringBlock "effects_tx"
003688-003751 DataBlock
  ................ 00 00 00 00 00 00 ed 00 00 00 00 01 01 00 00 00
  ................ 00 01 00 00 00 00 01 00 00 00 00 00 00 00 00 00
  ........`(...... 00 00 00 00 00 00 00 00 60 28 ec 18 00 00 00 00
  ............`(.. 00 00 00 00 00 00 00 00 01 00 00 00 60 28 ec 18
003752-003761 StringBlock "NewState"
003762-003769 DataBlock
  ........         a2 01 00 00 18 00 00 00
003770-003785 UnicodeBlock "Effects"
003786-003808 DataBlock
  ................ 00 00 04 00 00 00 04 00 00 00 00 00 00 00 01 00
  .......          00 00 01 00 00 00 01
003809-003866 UnicodeBlock "Effects_NewState_Text_770033"
003867-003868 DataBlock
  ..               00 00
003869-003891 StringBlock "la_gioconda_uppercase"
003892-003907 DataBlock
  ................ 12 00 00 00 04 00 00 00 00 00 00 00 d7 f8 ff ff
003908-003927 StringBlock "fe_section_heading"
003928-003951 DataBlock
  ................ 00 00 00 00 00 00 00 00 00 00 00 00 00 00 00 00
  ........         00 00 00 00 01 00 00 00
003952-003962 T0Block "normal_t0"
003963-003978 DataBlock
  ................ 00 00 00 00 00 00 00 00 00 00 00 00 00 00 00 00
003979-003994 T0Block "drop_shadow_t0"
003995-004046 DataBlock
  .......?...@.... 00 00 00 00 00 00 80 3f 00 00 00 40 00 00 00 00
  ................ 00 00 00 00 00 00 00 00 00 00 00 00 00 00 00 00
  ....<........... 00 00 00 00 3c 00 00 00 00 00 00 00 02 00 00 00
  .*..             80 2a ec 18
004047-004053 StringBlock "dy_tx"
004054-004117 DataBlock
  ................ 00 00 0e 00 00 00 1f 00 00 00 00 01 01 00 00 00
  ................ 00 01 00 00 00 00 01 00 00 00 00 00 00 00 00 00
  .........-...... 00 00 00 00 00 00 00 00 e0 2d ec 18 00 00 00 00
  .............-.. 00 00 00 00 00 00 00 00 01 00 00 00 e0 2d ec 18
004118-004127 StringBlock "NewState"
004128-004135 DataBlock
  ....v...         86 01 00 00 76 00 00 00
004136-004173 UnicodeBlock "No adverse effects"
004174-004196 DataBlock
  ................ 00 00 04 00 00 00 00 00 00 00 00 00 00 00 01 00
  .......          00 00 01 00 00 00 00
004197-004250 UnicodeBlock "dy_tx_NewState_Text_6a005b"
004251-004252 DataBlock
  ..               00 00
004253-004265 StringBlock "la_gioconda"
004266-004281 DataBlock
  ................ 0c 00 00 00 07 00 00 00 00 00 00 00 d7 f8 ff ff
004282-004290 StringBlock "fe_text"
004291-004314 DataBlock
  ................ 08 00 00 00 00 00 00 00 08 00 00 00 00 00 00 00
  ........         00 00 00 00 01 00 00 00
004315-004325 T0Block "normal_t0"
004326-004341 DataBlock
  ................ 00 00 00 00 00 00 00 00 00 00 00 00 00 00 00 00
004342-004352 T0Block "normal_t0"
004353-004413 DataBlock
  ................ 00 00 00 00 00 00 00 00 00 00 00 00 00 00 00 00
  ................ 00 00 00 00 00 00 00 00 00 00 00 00 00 00 00 00
  ....<........... 00 00 00 00 3c 00 00 00 00 00 00 00 00 00 00 00
  ........../..    00 00 00 00 00 00 00 00 00 e0 2f ec 18
004414-004421 StringBlock "h_line"
004422-004473 DataBlock
  ................ 00 00 14 00 00 00 00 00 00 00 00 01 01 00 00 00
  ................ 00 01 00 00 00 00 01 00 00 00 00 08 00 00 00 00
  .........4...... 00 00 00 00 00 00 00 00 00 34 ec 18 01 00 00 00
  @3..             40 33 ec 18
004474-004502 ImagePathBlock "ui/skins/default/h_line.png"
004503-004527 DataBlock
  3............... 33 01 00 00 18 00 00 00 00 00 00 00 00 00 00 00
  ......4..        00 01 00 00 00 00 34 ec 18
004528-004537 StringBlock "NewState"
004538-004574 DataBlock
  z............... 7a 01 00 00 18 00 00 00 00 00 00 00 04 00 00 00
  ................ 00 00 00 00 00 00 00 00 01 00 00 00 01 00 00 00
  .....            00 00 00 00 00
004575-004590 StringBlock "georgia_italic"
004591-004606 DataBlock
  ................ 0a 00 00 00 02 00 00 00 01 00 00 00 dd da fa ff
004607-004629 StringBlock "Default Font Category"
004630-004653 DataBlock
  ................ 00 00 00 00 00 00 00 00 00 00 00 00 00 00 00 00
  ........         00 00 00 00 00 00 00 00
004654-004664 T0Block "normal_t0"
004665-004680 DataBlock
  ................ 00 00 00 00 00 00 00 00 00 00 00 00 00 00 00 00
004681-004691 T0Block "normal_t0"
004692-004840 DataBlock
  ................ 00 00 00 00 00 00 00 00 00 00 00 00 00 00 00 00
  ....@3.......... 01 00 00 00 40 33 ec 18 00 00 00 00 00 00 00 00
  z............... 7a 01 00 00 18 00 00 00 ff ff ff ff 00 00 00 00
  ................ 00 00 00 00 00 00 00 00 00 00 00 01 01 00 00 00
  ................ 00 00 00 00 00 00 00 00 00 00 00 00 00 00 00 00
  ..............B. 00 00 00 00 00 00 00 00 00 00 00 00 00 a0 42 00
  ................ 00 00 00 00 00 00 00 00 00 00 00 00 00 00 00 00
  ...<............ 00 00 00 3c 00 00 00 00 00 00 00 00 00 00 00 00
  ................ 00 00 00 00 00 00 00 00 00 00 00 00 00 00 00 00
  ..6..            00 e0 36 ec 18
004841-004852 StringBlock "weather_tx"
004853-004916 DataBlock
  ......2......... 00 00 0e 00 00 00 32 00 00 00 00 01 01 00 00 00
  ................ 00 01 00 00 00 00 01 00 00 00 00 00 00 00 00 00
  ........@:...... 00 00 00 00 00 00 00 00 40 3a ec 18 00 00 00 00
  ............@:.. 00 00 00 00 00 00 00 00 01 00 00 00 40 3a ec 18
004917-004926 StringBlock "NewState"
004927-004934 DataBlock
  ....Q...         86 01 00 00 51 00 00 00
004935-005168 UnicodeBlock "As the attacking force, you may choose to wait for more favourable weather conditions before commencing your attack."
005169-005191 DataBlock
  ................ 00 00 04 00 00 00 00 00 00 00 00 00 00 00 01 00
  .......          00 00 01 00 00 00 01
005192-005255 UnicodeBlock "weather_tx_NewState_Text_150073"
005256-005257 DataBlock
  ..               00 00
005258-005270 StringBlock "la_gioconda"
005271-005286 DataBlock
  ................ 0c 00 00 00 07 00 00 00 00 00 00 00 d7 f8 ff ff
005287-005295 StringBlock "fe_text"
005296-005319 DataBlock
  ................ 08 00 00 00 00 00 00 00 08 00 00 00 00 00 00 00
  ........         00 00 00 00 01 00 00 00
005320-005330 T0Block "normal_t0"
005331-005346 DataBlock
  ................ 00 00 00 00 00 00 00 00 00 00 00 00 00 00 00 00
005347-005357 T0Block "normal_t0"
005358-005418 DataBlock
  ................ 00 00 00 00 00 00 00 00 00 00 00 00 00 00 00 00
  ................ 00 00 00 00 00 00 00 00 00 00 00 00 00 00 00 00
  ....<........... 00 00 00 00 3c 00 00 00 00 00 00 00 00 00 00 00
  .........@=..    00 00 00 00 00 00 00 00 00 40 3d ec 18
005419-005439 StringBlock "button_battle_start"
005440-005451 StringBlock "TextButton"
005452-005501 DataBlock
  '............... 27 00 00 00 c2 01 00 00 00 01 01 00 00 00 00 01
  ................ 00 00 00 00 01 00 00 00 00 08 00 00 00 00 00 00
  ......`I.......@ 00 d8 ff ff ff 00 60 49 ec 18 04 00 00 00 a0 40
  ..               ec 18
005502-005553 ImagePathBlock "ui/skins/default/button_fe_square_edged_active.png"
005554-005566 DataBlock
  @...@....`A..    40 00 00 00 40 00 00 00 00 60 41 ec 18
005567-005617 ImagePathBlock "ui/skins/default/button_fe_square_edged_hover.png"
005618-005630 DataBlock
  @...@.... B..    40 00 00 00 40 00 00 00 00 20 42 ec 18
005631-005682 ImagePathBlock "ui/skins/default/button_fe_square_edged_active.png"
005683-005695 DataBlock
  @...@.....B..    40 00 00 00 40 00 00 00 00 e0 42 ec 18
005696-005747 ImagePathBlock "ui/skins/default/button_fe_square_edged_active.png"
005748-005772 DataBlock
  @...@........... 40 00 00 00 40 00 00 00 00 00 00 00 00 00 00 00
  ......C..        00 05 00 00 00 a0 43 ec 18
005773-005779 StringBlock "hover"
005780-005816 DataBlock
  T...(........... 54 01 00 00 28 00 00 00 00 00 00 00 02 00 00 00
  ................ 00 00 00 00 00 00 00 00 01 00 00 00 01 00 00 00
  .....            00 00 00 00 00
005817-005832 StringBlock "georgia_italic"
005833-005848 DataBlock
  ................ 0a 00 00 00 02 00 00 00 01 00 00 00 dd da fa ff
005849-005871 StringBlock "Default Font Category"
005872-005895 DataBlock
  ................ 00 00 00 00 00 00 00 00 00 00 00 00 00 00 00 00
  ........         00 00 00 00 01 00 00 00
005896-005906 T0Block "normal_t0"
005907-005922 DataBlock
  ................ 00 00 00 00 00 00 00 00 00 00 00 00 00 00 00 00
005923-005933 T0Block "normal_t0"
005934-006088 DataBlock
  ................ 00 00 00 00 00 00 00 00 00 00 00 00 00 00 00 00
  ....`A.......... 01 00 00 00 60 41 ec 18 00 00 00 00 00 00 00 00
  T...(........... 54 01 00 00 28 00 00 00 ff ff ff ff 01 00 00 00
  ................ 00 00 00 00 00 00 00 00 00 00 00 01 01 00 00 00
  ................ 00 00 00 00 00 00 00 00 00 00 00 00 00 00 00 00
  ..............A. 00 00 00 00 00 00 00 00 00 00 00 00 00 10 41 00
  ..A............. 00 10 41 d5 00 00 00 11 00 00 00 02 00 00 00 01
  ...`I........... 00 00 00 60 49 ec 18 00 00 00 00 00 00 00 00 00
  .......@L....... 00 00 00 02 00 00 00 40 4c ec 18 00 00 00 00 00
  ........F..      00 00 00 00 00 00 00 80 46 ec 18
006089-006098 StringBlock "inactive"
006099-006135 DataBlock
  T...(........... 54 01 00 00 28 00 00 00 00 00 00 00 02 00 00 00
  ................ 00 00 00 00 00 00 00 00 01 00 00 00 01 00 00 00
  .....            00 00 00 00 00
006136-006151 StringBlock "georgia_italic"
006152-006167 DataBlock
  ................ 0a 00 00 00 02 00 00 00 01 00 00 00 dd da fa ff
006168-006190 StringBlock "Default Font Category"
006191-006214 DataBlock
  ................ 00 00 00 00 00 00 00 00 00 00 00 00 00 00 00 00
  ........         00 00 00 00 01 01 00 00
006215-006232 T0Block "set_greyscale_t0"
006233-006248 DataBlock
  ...?...?........ 00 00 80 3f 00 00 00 3f 00 00 00 00 00 00 00 00
006249-006259 T0Block "normal_t0"
006260-006374 DataBlock
  ................ 00 00 00 00 00 00 00 00 00 00 00 00 00 00 00 00
  .....@.......... 01 00 00 00 a0 40 ec 18 00 00 00 00 00 00 00 00
  T...(......d.... 54 01 00 00 28 00 00 00 ff ff ff 64 01 00 00 00
  ................ 00 00 00 00 00 00 00 00 00 00 00 01 01 00 00 00
  ................ 00 00 00 00 00 00 00 00 00 00 00 00 00 00 00 00
  ..............A. 00 00 00 00 00 00 00 00 00 00 00 00 00 10 41 00
  ..A............` 00 10 41 00 00 00 00 00 00 00 00 00 00 00 00 60
  I..              49 ec 18
006375-006382 StringBlock "active"
006383-006419 DataBlock
  T...(........... 54 01 00 00 28 00 00 00 00 00 00 00 00 00 00 00
  ................ 02 00 00 00 00 00 00 00 01 00 00 00 01 00 00 00
  .....            00 00 00 00 00
006420-006435 StringBlock "georgia_italic"
006436-006451 DataBlock
  ................ 0a 00 00 00 02 00 00 00 01 00 00 00 dd da fa ff
006452-006474 StringBlock "Default Font Category"
006475-006498 DataBlock
  ................ 00 00 00 00 00 00 00 00 00 00 00 00 00 00 00 00
  ........         00 00 00 00 01 00 00 00
006499-006509 T0Block "normal_t0"
006510-006525 DataBlock
  ................ 00 00 00 00 00 00 00 00 00 00 00 00 00 00 00 00
006526-006536 T0Block "normal_t0"
006537-006691 DataBlock
  ................ 00 00 00 00 00 00 00 00 00 00 00 00 00 00 00 00
  .....@.......... 01 00 00 00 a0 40 ec 18 00 00 00 00 00 00 00 00
  T...(........... 54 01 00 00 28 00 00 00 ff ff ff ff 01 00 00 00
  ................ 00 00 00 00 00 00 00 00 00 00 00 01 01 00 00 00
  ................ 00 00 00 00 00 00 00 00 00 00 00 00 00 00 00 00
  ..............A. 00 00 00 00 00 00 00 00 00 00 00 00 00 10 41 00
  ..A5............ 00 10 41 35 00 00 00 95 00 00 00 02 00 00 00 00
  ....C..d....... 00 00 00 a0 43 ec 18 64 00 00 00 7f 00 00 00 00
  .......@L....... 00 00 00 02 00 00 00 40 4c ec 18 00 00 00 00 00
  .......@L..      00 00 00 00 00 00 00 40 4c ec 18
006692-006697 StringBlock "down"
006698-006734 DataBlock
  T...(........... 54 01 00 00 28 00 00 00 00 00 00 00 00 00 00 00
  ................ 02 00 00 00 00 00 00 00 01 00 00 00 01 00 00 00
  .....            00 00 00 00 00
006735-006750 StringBlock "georgia_italic"
006751-006766 DataBlock
  ................ 0a 00 00 00 02 00 00 00 01 00 00 00 dd da fa ff
006767-006789 StringBlock "Default Font Category"
006790-006813 DataBlock
  ................ 00 00 00 00 00 00 00 00 00 00 00 00 00 00 00 00
  ........         00 00 00 00 01 00 00 00
006814-006824 T0Block "normal_t0"
006825-006840 DataBlock
  ................ 00 00 00 00 00 00 00 00 00 00 00 00 00 00 00 00
006841-006851 T0Block "normal_t0"
006852-007006 DataBlock
  ................ 00 00 00 00 00 00 00 00 00 00 00 00 00 00 00 00
  .... B.......... 01 00 00 00 20 42 ec 18 00 00 00 00 01 00 00 00
  T...(........... 54 01 00 00 28 00 00 00 ff ff ff ff 01 00 00 00
  ................ 00 00 00 00 00 00 00 00 00 00 00 01 01 00 00 00
  ................ 00 00 00 00 00 00 00 00 00 00 00 00 00 00 00 00
  ..............A. 00 00 00 00 00 00 00 00 00 00 00 00 00 10 41 00
  ..Ah............ 00 10 41 68 01 00 00 93 00 00 00 02 00 00 00 01
  ... O........... 00 00 00 20 4f ec 18 00 00 00 00 00 00 00 00 00
  ........C....... 00 00 00 03 00 00 00 a0 43 ec 18 00 00 00 00 00
  ....... O..      00 00 00 00 00 00 00 20 4f ec 18
007007-007016 StringBlock "down_off"
007017-007053 DataBlock
  T...(........... 54 01 00 00 28 00 00 00 00 00 00 00 02 00 00 00
  ................ 00 00 00 00 00 00 00 00 01 00 00 00 01 00 00 00
  .....            00 00 00 00 00
007054-007069 StringBlock "georgia_italic"
007070-007085 DataBlock
  ................ 0a 00 00 00 02 00 00 00 01 00 00 00 dd da fa ff
007086-007108 StringBlock "Default Font Category"
007109-007132 DataBlock
  ................ 00 00 00 00 00 00 00 00 00 00 00 00 00 00 00 00
  ........         00 00 00 00 01 00 00 00
007133-007143 T0Block "normal_t0"
007144-007159 DataBlock
  ................ 00 00 00 00 00 00 00 00 00 00 00 00 00 00 00 00
007160-007170 T0Block "normal_t0"
007171-007341 DataBlock
  ................ 00 00 00 00 00 00 00 00 00 00 00 00 00 00 00 00
  .....B.......... 01 00 00 00 e0 42 ec 18 00 00 00 00 01 00 00 00
  T...(........... 54 01 00 00 28 00 00 00 ff ff ff ff 01 00 00 00
  ................ 00 00 00 00 00 00 00 00 00 00 00 01 01 00 00 00
  ................ 00 00 00 00 00 00 00 00 00 00 00 00 00 00 00 00
  ..............A. 00 00 00 00 00 00 00 00 00 00 00 00 00 10 41 00
  ..A............. 00 10 41 de 00 00 00 0b 01 00 00 02 00 00 00 00
  ...@L........... 00 00 00 40 4c ec 18 00 00 00 00 00 00 00 00 00
  .......`I....... 00 00 00 08 00 00 00 60 49 ec 18 00 00 00 00 00
  ...........<.... 00 00 00 00 00 00 00 00 00 00 00 3c 00 00 00 00
  ........R..      00 00 00 01 00 00 00 00 52 ec 18
007342-007353 StringBlock "button_txt"
007354-007417 DataBlock
  ................ 00 00 00 00 00 00 00 00 00 00 00 01 01 00 00 00
  ................ 00 01 00 00 00 00 01 00 00 00 00 00 00 00 00 00
  ................ 00 00 00 00 00 00 00 00 00 00 00 00 00 00 00 00
  ............`U.. 00 00 00 00 00 00 00 00 01 00 00 00 60 55 ec 18
007418-007427 StringBlock "NewState"
007428-007435 DataBlock
  T...(...         54 01 00 00 28 00 00 00
007436-007469 UnicodeBlock "Start deployment"
007470-007492 DataBlock
  ................ 00 00 04 00 00 00 04 00 00 00 00 00 00 00 01 00
  .......          00 00 01 00 00 00 01
007493-007558 UnicodeBlock "button_txt_NewState_Text_47001ea"
007559-007560 DataBlock
  ..               00 00
007561-007583 StringBlock "la_gioconda_uppercase"
007584-007599 DataBlock
  ................ 10 00 00 00 04 00 00 00 00 00 00 00 d7 f8 ff ff
007600-007621 StringBlock "fe_paragraph_heading"
007622-007645 DataBlock
  ................ 00 00 00 00 00 00 00 00 00 00 00 00 00 00 00 00
  ........         00 00 00 00 00 00 00 00
007646-007656 T0Block "normal_t0"
007657-007672 DataBlock
  ................ 00 00 00 00 00 00 00 00 00 00 00 00 00 00 00 00
007673-007683 T0Block "normal_t0"
007684-007741 DataBlock
  ................ 00 00 00 00 00 00 00 00 00 00 00 00 00 00 00 00
  ................ 00 00 00 00 00 00 00 00 00 00 00 00 00 00 00 00
  ....-........... 00 00 00 00 2d 00 00 00 00 00 00 00 00 00 00 00
  ..........       00 00 00 00 00 00 00 00 00 00
007742-007764 StringBlock "grp_gw_generic_button"
007765-007774 DataBlock
  ......`W..       00 00 00 00 00 00 60 57 ec 18
007775-007787 StringBlock "button_wait"
007788-007799 StringBlock "TextButton"
007800-007849 DataBlock
  '............... 27 00 00 00 86 01 00 00 00 01 01 00 00 00 00 01
  ................ 00 00 00 00 01 00 00 00 00 08 00 00 00 00 00 00
  .......c.......Z 00 9c ff ff ff 00 80 63 ec 18 04 00 00 00 c0 5a
  ..               ec 18
007850-007901 ImagePathBlock "ui/skins/default/button_fe_square_edged_active.png"
007902-007914 DataBlock
  @...@.....[..    40 00 00 00 40 00 00 00 00 80 5b ec 18
007915-007965 ImagePathBlock "ui/skins/default/button_fe_square_edged_hover.png"
007966-007978 DataBlock
  @...@....@\..    40 00 00 00 40 00 00 00 00 40 5c ec 18
007979-008030 ImagePathBlock "ui/skins/default/button_fe_square_edged_active.png"
008031-008043 DataBlock
  @...@.....]..    40 00 00 00 40 00 00 00 00 00 5d ec 18
008044-008095 ImagePathBlock "ui/skins/default/button_fe_square_edged_active.png"
008096-008120 DataBlock
  @...@........... 40 00 00 00 40 00 00 00 00 00 00 00 00 00 00 00
  ......]..        00 05 00 00 00 c0 5d ec 18
008121-008127 StringBlock "hover"
008128-008164 DataBlock
  T...(........... 54 01 00 00 28 00 00 00 00 00 00 00 02 00 00 00
  ................ 00 00 00 00 00 00 00 00 01 00 00 00 01 00 00 00
  .....            00 00 00 00 00
008165-008180 StringBlock "georgia_italic"
008181-008196 DataBlock
  ................ 0a 00 00 00 02 00 00 00 01 00 00 00 dd da fa ff
008197-008219 StringBlock "Default Font Category"
008220-008243 DataBlock
  ................ 00 00 00 00 00 00 00 00 00 00 00 00 00 00 00 00
  ........         00 00 00 00 01 00 00 00
008244-008254 T0Block "normal_t0"
008255-008270 DataBlock
  ................ 00 00 00 00 00 00 00 00 00 00 00 00 00 00 00 00
008271-008281 T0Block "normal_t0"
008282-008436 DataBlock
  ................ 00 00 00 00 00 00 00 00 00 00 00 00 00 00 00 00
  .....[.......... 01 00 00 00 80 5b ec 18 00 00 00 00 00 00 00 00
  T...(........... 54 01 00 00 28 00 00 00 ff ff ff ff 01 00 00 00
  ................ 00 00 00 00 00 00 00 00 00 00 00 01 01 00 00 00
  ................ 00 00 00 00 00 00 00 00 00 00 00 00 00 00 00 00
  ..............A. 00 00 00 00 00 00 00 00 00 00 00 00 00 10 41 00
  ..A............. 00 10 41 d5 00 00 00 11 00 00 00 02 00 00 00 01
  ....c........... 00 00 00 80 63 ec 18 00 00 00 00 00 00 00 00 00
  .......`f....... 00 00 00 02 00 00 00 60 66 ec 18 00 00 00 00 00
  ........`..      00 00 00 00 00 00 00 a0 60 ec 18
008437-008446 StringBlock "inactive"
008447-008483 DataBlock
  T...(........... 54 01 00 00 28 00 00 00 00 00 00 00 02 00 00 00
  ................ 00 00 00 00 00 00 00 00 01 00 00 00 01 00 00 00
  .....            00 00 00 00 00
008484-008499 StringBlock "georgia_italic"
008500-008515 DataBlock
  ................ 0a 00 00 00 02 00 00 00 01 00 00 00 dd da fa ff
008516-008538 StringBlock "Default Font Category"
008539-008562 DataBlock
  ................ 00 00 00 00 00 00 00 00 00 00 00 00 00 00 00 00
  ........         00 00 00 00 01 01 00 00
008563-008580 T0Block "set_greyscale_t0"
008581-008596 DataBlock
  ...?...?........ 00 00 80 3f 00 00 00 3f 00 00 00 00 00 00 00 00
008597-008607 T0Block "normal_t0"
008608-008722 DataBlock
  ................ 00 00 00 00 00 00 00 00 00 00 00 00 00 00 00 00
  .....Z.......... 01 00 00 00 c0 5a ec 18 00 00 00 00 00 00 00 00
  T...(......d.... 54 01 00 00 28 00 00 00 ff ff ff 64 01 00 00 00
  ................ 00 00 00 00 00 00 00 00 00 00 00 01 01 00 00 00
  ................ 00 00 00 00 00 00 00 00 00 00 00 00 00 00 00 00
  ..............A. 00 00 00 00 00 00 00 00 00 00 00 00 00 10 41 00
  ..A............. 00 10 41 00 00 00 00 00 00 00 00 00 00 00 00 80
  c..              63 ec 18
008723-008730 StringBlock "active"
008731-008767 DataBlock
  T...(........... 54 01 00 00 28 00 00 00 00 00 00 00 00 00 00 00
  ................ 02 00 00 00 00 00 00 00 01 00 00 00 01 00 00 00
  .....            00 00 00 00 00
008768-008783 StringBlock "georgia_italic"
008784-008799 DataBlock
  ................ 0a 00 00 00 02 00 00 00 01 00 00 00 dd da fa ff
008800-008822 StringBlock "Default Font Category"
008823-008846 DataBlock
  ................ 00 00 00 00 00 00 00 00 00 00 00 00 00 00 00 00
  ........         00 00 00 00 01 00 00 00
008847-008857 T0Block "normal_t0"
008858-008873 DataBlock
  ................ 00 00 00 00 00 00 00 00 00 00 00 00 00 00 00 00
008874-008884 T0Block "normal_t0"
008885-009039 DataBlock
  ................ 00 00 00 00 00 00 00 00 00 00 00 00 00 00 00 00
  .....Z.......... 01 00 00 00 c0 5a ec 18 00 00 00 00 00 00 00 00
  T...(........... 54 01 00 00 28 00 00 00 ff ff ff ff 01 00 00 00
  ................ 00 00 00 00 00 00 00 00 00 00 00 01 01 00 00 00
  ................ 00 00 00 00 00 00 00 00 00 00 00 00 00 00 00 00
  ..............A. 00 00 00 00 00 00 00 00 00 00 00 00 00 10 41 00
  ..A5............ 00 10 41 35 00 00 00 95 00 00 00 02 00 00 00 00
  ....]..d....... 00 00 00 c0 5d ec 18 64 00 00 00 7f 00 00 00 00
  .......`f....... 00 00 00 02 00 00 00 60 66 ec 18 00 00 00 00 00
  .......`f..      00 00 00 00 00 00 00 60 66 ec 18
009040-009045 StringBlock "down"
009046-009082 DataBlock
  T...(........... 54 01 00 00 28 00 00 00 00 00 00 00 00 00 00 00
  ................ 02 00 00 00 00 00 00 00 01 00 00 00 01 00 00 00
  .....            00 00 00 00 00
009083-009098 StringBlock "georgia_italic"
009099-009114 DataBlock
  ................ 0a 00 00 00 02 00 00 00 01 00 00 00 dd da fa ff
009115-009137 StringBlock "Default Font Category"
009138-009161 DataBlock
  ................ 00 00 00 00 00 00 00 00 00 00 00 00 00 00 00 00
  ........         00 00 00 00 01 00 00 00
009162-009172 T0Block "normal_t0"
009173-009188 DataBlock
  ................ 00 00 00 00 00 00 00 00 00 00 00 00 00 00 00 00
009189-009199 T0Block "normal_t0"
009200-009354 DataBlock
  ................ 00 00 00 00 00 00 00 00 00 00 00 00 00 00 00 00
  ....@\.......... 01 00 00 00 40 5c ec 18 00 00 00 00 01 00 00 00
  T...(........... 54 01 00 00 28 00 00 00 ff ff ff ff 01 00 00 00
  ................ 00 00 00 00 00 00 00 00 00 00 00 01 01 00 00 00
  ................ 00 00 00 00 00 00 00 00 00 00 00 00 00 00 00 00
  ..............A. 00 00 00 00 00 00 00 00 00 00 00 00 00 10 41 00
  ..Ah............ 00 10 41 68 01 00 00 93 00 00 00 02 00 00 00 01
  ...@i........... 00 00 00 40 69 ec 18 00 00 00 00 00 00 00 00 00
  ........]....... 00 00 00 03 00 00 00 c0 5d ec 18 00 00 00 00 00
  .......@i..      00 00 00 00 00 00 00 40 69 ec 18
009355-009364 StringBlock "down_off"
009365-009401 DataBlock
  T...(........... 54 01 00 00 28 00 00 00 00 00 00 00 02 00 00 00
  ................ 00 00 00 00 00 00 00 00 01 00 00 00 01 00 00 00
  .....            00 00 00 00 00
009402-009417 StringBlock "georgia_italic"
009418-009433 DataBlock
  ................ 0a 00 00 00 02 00 00 00 01 00 00 00 dd da fa ff
009434-009456 StringBlock "Default Font Category"
009457-009480 DataBlock
  ................ 00 00 00 00 00 00 00 00 00 00 00 00 00 00 00 00
  ........         00 00 00 00 01 00 00 00
009481-009491 T0Block "normal_t0"
009492-009507 DataBlock
  ................ 00 00 00 00 00 00 00 00 00 00 00 00 00 00 00 00
009508-009518 T0Block "normal_t0"
009519-009689 DataBlock
  ................ 00 00 00 00 00 00 00 00 00 00 00 00 00 00 00 00
  .....].......... 01 00 00 00 00 5d ec 18 00 00 00 00 01 00 00 00
  T...(........... 54 01 00 00 28 00 00 00 ff ff ff ff 01 00 00 00
  ................ 00 00 00 00 00 00 00 00 00 00 00 01 01 00 00 00
  ................ 00 00 00 00 00 00 00 00 00 00 00 00 00 00 00 00
  ..............A. 00 00 00 00 00 00 00 00 00 00 00 00 00 10 41 00
  ..A............. 00 10 41 de 00 00 00 0b 01 00 00 02 00 00 00 00
  ...`f........... 00 00 00 60 66 ec 18 00 00 00 00 00 00 00 00 00
  ........c....... 00 00 00 08 00 00 00 80 63 ec 18 00 00 00 00 00
  ...........<.... 00 00 00 00 00 00 00 00 00 00 00 3c 00 00 00 00
  ....... l..      00 00 00 01 00 00 00 20 6c ec 18
009690-009701 StringBlock "button_txt"
009702-009765 DataBlock
  ................ 00 00 00 00 00 00 00 00 00 00 00 01 01 00 00 00
  ................ 00 01 00 00 00 00 01 00 00 00 00 00 00 00 00 00
  ................ 00 00 00 00 00 00 00 00 00 00 00 00 00 00 00 00
  .............o.. 00 00 00 00 00 00 00 00 01 00 00 00 80 6f ec 18
009766-009775 StringBlock "NewState"
009776-009783 DataBlock
  T...(...         54 01 00 00 28 00 00 00
009784-009793 UnicodeBlock "Wait"
009794-009816 DataBlock
  ................ 00 00 04 00 00 00 04 00 00 00 00 00 00 00 01 00
  .......          00 00 01 00 00 00 01
009817-009880 UnicodeBlock "button_txt_NewState_Text_15003e"
009881-009882 DataBlock
  ..               00 00
009883-009905 StringBlock "la_gioconda_uppercase"
009906-009921 DataBlock
  ................ 10 00 00 00 04 00 00 00 00 00 00 00 d7 f8 ff ff
009922-009943 StringBlock "fe_paragraph_heading"
009944-009967 DataBlock
  ................ 00 00 00 00 00 00 00 00 00 00 00 00 00 00 00 00
  ........         00 00 00 00 00 00 00 00
009968-009978 T0Block "normal_t0"
009979-009994 DataBlock
  ................ 00 00 00 00 00 00 00 00 00 00 00 00 00 00 00 00
009995-010005 T0Block "normal_t0"
010006-010063 DataBlock
  ................ 00 00 00 00 00 00 00 00 00 00 00 00 00 00 00 00
  ................ 00 00 00 00 00 00 00 00 00 00 00 00 00 00 00 00
  ....-........... 00 00 00 00 2d 00 00 00 00 00 00 00 00 00 00 00
  ..........       00 00 00 00 00 00 00 00 00 00
010064-010086 StringBlock "grp_gw_generic_button"
010087-010096 DataBlock
  .......q..       00 00 00 00 00 00 80 71 ec 18
010097-010110 StringBlock "wait_time_tx"
010111-010174 DataBlock
  ................ 00 00 1f 00 00 00 88 00 00 00 00 01 01 00 00 00
  ................ 00 01 00 00 00 00 01 00 00 00 00 00 00 00 00 00
  .........t...... 00 00 00 00 00 00 00 00 e0 74 ec 18 00 00 00 00
  .............t.. 00 00 00 00 00 00 00 00 01 00 00 00 e0 74 ec 18
010175-010184 StringBlock "NewState"
010185-010192 DataBlock
  ........         ca 00 00 00 18 00 00 00
010193-010230 UnicodeBlock "Chances remaining:"
010231-010253 DataBlock
  ................ 00 00 03 00 00 00 04 00 00 00 00 00 00 00 02 00
  .......          00 00 01 00 00 00 01
010254-010321 UnicodeBlock "wait_time_tx_NewState_Text_7d004a"
010322-010323 DataBlock
  ..               00 00
010324-010336 StringBlock "la_gioconda"
010337-010352 DataBlock
  ................ 0c 00 00 00 07 00 00 00 00 00 00 00 d7 f8 ff ff
010353-010361 StringBlock "fe_text"
010362-010385 DataBlock
  ................ 00 00 00 00 06 00 00 00 00 00 00 00 00 00 00 00
  ........         00 00 00 00 01 00 00 00
010386-010396 T0Block "normal_t0"
010397-010412 DataBlock
  ................ 00 00 00 00 00 00 00 00 00 00 00 00 00 00 00 00
010413-010423 T0Block "normal_t0"
010424-010475 DataBlock
  ................ 00 00 00 00 00 00 00 00 00 00 00 00 00 00 00 00
  ................ 00 00 00 00 00 00 00 00 00 00 00 00 00 00 00 00
  ....-........... 00 00 00 00 2d 00 00 00 00 00 00 00 01 00 00 00
  .v..             e0 76 ec 18
010476-010494 StringBlock "button_wait_label"
010495-010558 DataBlock
  ................ 00 00 d0 00 00 00 00 00 00 00 00 01 01 00 00 00
  ................ 00 01 00 00 00 00 01 00 00 00 00 00 00 00 00 00
  ........@z...... 00 00 00 00 00 00 00 00 40 7a ec 18 00 00 00 00
  ............@z.. 00 00 00 00 00 00 00 00 01 00 00 00 40 7a ec 18
010559-010568 StringBlock "NewState"
010569-010603 DataBlock
  s.........3..... 73 00 00 00 18 00 00 00 01 00 33 00 00 00 02 00
  ................ 00 00 04 00 00 00 00 00 00 00 01 00 00 00 01 00
  ...              00 00 01
010604-010673 UnicodeBlock "button_wait_label_NewState_Text_33"
010674-010675 DataBlock
  ..               00 00
010676-010688 StringBlock "la_gioconda"
010689-010704 DataBlock
  ................ 0c 00 00 00 07 00 00 00 00 00 00 00 d7 f8 ff ff
010705-010713 StringBlock "fe_text"
010714-010737 DataBlock
  ................ 06 00 00 00 00 00 00 00 00 00 00 00 00 00 00 00
  ........         00 00 00 00 00 00 00 00
010738-010748 T0Block "normal_t0"
010749-010764 DataBlock
  ................ 00 00 00 00 00 00 00 00 00 00 00 00 00 00 00 00
010765-010775 T0Block "normal_t0"
010776-010845 DataBlock
  ................ 00 00 00 00 00 00 00 00 00 00 00 00 00 00 00 00
  ................ 00 00 00 00 00 00 00 00 00 00 00 00 00 00 00 00
  ....<........... 00 00 00 00 3c 00 00 00 00 00 00 00 00 00 00 00
  ................ 00 00 00 00 00 00 00 00 00 00 00 00 00 00 00 00
  ..`|..           00 00 60 7c ec 18
010846-010865 StringBlock "current_weather_tx"
010866-010929 DataBlock
  ................ 00 00 1e 00 00 00 aa 00 00 00 00 01 01 00 00 00
  ................ 00 01 00 00 00 00 01 00 00 00 00 00 00 00 00 00
  ........ ....... 00 00 00 00 00 00 00 00 20 00 c5 1b 00 00 00 00
  ............ ... 00 00 00 00 00 00 00 00 01 00 00 00 20 00 c5 1b
010930-010939 StringBlock "NewState"
010940-010947 DataBlock
  ........         ca 00 00 00 18 00 00 00
010948-010981 UnicodeBlock "Current weather:"
010982-011004 DataBlock
  ................ 00 00 03 00 00 00 04 00 00 00 00 00 00 00 01 00
  .......          00 00 01 00 00 00 01
011005-011060 UnicodeBlock "dy_txt_NewState_Text_3d002c"
011061-011062 DataBlock
  ..               00 00
011063-011075 StringBlock "la_gioconda"
011076-011091 DataBlock
  ................ 0c 00 00 00 07 00 00 00 00 00 00 00 d7 f8 ff ff
011092-011100 StringBlock "fe_text"
011101-011124 DataBlock
  ................ 00 00 00 00 06 00 00 00 00 00 00 00 00 00 00 00
  ........         00 00 00 00 01 00 00 00
011125-011135 T0Block "normal_t0"
011136-011151 DataBlock
  ................ 00 00 00 00 00 00 00 00 00 00 00 00 00 00 00 00
011152-011162 T0Block "normal_t0"
011163-011214 DataBlock
  ................ 00 00 00 00 00 00 00 00 00 00 00 00 00 00 00 00
  ................ 00 00 00 00 00 00 00 00 00 00 00 00 00 00 00 00
  ....<........... 00 00 00 00 3c 00 00 00 00 00 00 00 01 00 00 00
   ...             20 02 c5 1b
011215-011221 StringBlock "dy_tx"
011222-011285 DataBlock
  ................ 00 00 d0 00 00 00 00 00 00 00 00 01 01 00 00 00
  ................ 00 01 00 00 00 00 01 00 00 00 00 00 00 00 00 00
  ................ 00 00 00 00 00 00 00 00 80 05 c5 1b 00 00 00 00
  ................ 00 00 00 00 00 00 00 00 01 00 00 00 80 05 c5 1b
011286-011295 StringBlock "NewState"
011296-011303 DataBlock
  ........         86 00 00 00 18 00 00 00
011304-011315 UnicodeBlock "windy"
011316-011338 DataBlock
  ................ 00 00 02 00 00 00 04 00 00 00 00 00 00 00 01 00
  .......          00 00 01 00 00 00 00
011339-011390 UnicodeBlock "dy_tx_NewState_Text_d0060"
011391-011392 DataBlock
  ..               00 00
011393-011405 StringBlock "la_gioconda"
011406-011421 DataBlock
  ................ 0c 00 00 00 07 00 00 00 00 00 00 00 d7 f8 ff ff
011422-011430 StringBlock "fe_text"
011431-011454 DataBlock
  ................ 06 00 00 00 00 00 00 00 00 00 00 00 00 00 00 00
  ........         00 00 00 00 01 00 00 00
011455-011465 T0Block "normal_t0"
011466-011481 DataBlock
  ................ 00 00 00 00 00 00 00 00 00 00 00 00 00 00 00 00
011482-011492 T0Block "normal_t0"
011493-011559 DataBlock
  ................ 00 00 00 00 00 00 00 00 00 00 00 00 00 00 00 00
  ................ 00 00 00 00 00 00 00 00 00 00 00 00 00 00 00 00
  ....<........... 00 00 00 00 3c 00 00 00 00 00 00 00 00 00 00 00
  ................ 00 00 00 00 00 00 00 00 00 00 00 00 00 00 00 00
  ...              00 00 00
011560-011579 StringBlock "pop_up_bat_generic"
011580-011594 DataBlock
  ...............  00 00 00 00 00 00 00 00 00 00 00 00 00 00 00
