000000-000009 VersionBlock 85
000010-000013 RootIDBlock 522110208
000014-000019 StringBlock "root"
000020-000098 DataBlock
  ................ 00 00 00 00 00 00 00 00 00 00 00 01 01 00 00 00
  ................ 00 01 00 00 00 00 01 00 00 00 00 00 00 00 00 00
  ................ 00 00 00 00 00 00 00 00 00 00 00 00 01 00 00 00
  .T.............. e0 54 f9 1e 00 00 00 05 00 00 00 04 00 00 00 00
  ........... u?.  00 00 00 00 00 00 00 01 00 00 00 20 75 3f 1f
000099-000108 StringBlock "NewState"
000109-000145 DataBlock
  ................ 00 05 00 00 00 04 00 00 00 00 00 00 02 00 00 00
  ................ 00 00 00 00 00 00 00 00 01 00 00 00 01 00 00 00
  .....            00 00 00 00 00
000146-000158 StringBlock "la_gioconda"
000159-000174 DataBlock
  ................ 0c 00 00 00 07 00 00 00 00 00 00 00 00 00 00 ff
000175-000193 StringBlock "ingame_text_small"
000194-000209 DataBlock
  ................ 00 00 00 00 00 00 00 00 00 00 00 00 01 00 00 00
000210-000220 T0Block "normal_t0"
000221-000236 DataBlock
  ................ 00 00 00 00 00 00 00 00 00 00 00 00 00 00 00 00
000237-000247 T0Block "normal_t0"
000248-000378 DataBlock
  ................ 00 00 00 00 00 00 00 00 00 00 00 00 00 00 00 00
  .....T.......... 01 00 00 00 e0 54 f9 1e 00 00 00 00 00 00 00 00
  ................ 00 05 00 00 00 04 00 00 bb ff be ff 00 00 00 00
  ................ 00 00 00 00 00 00 00 00 00 00 00 01 01 00 00 00
  ................ 00 00 00 00 00 00 00 00 00 00 00 00 00 00 00 00
  ................ 00 00 00 00 00 00 00 00 00 00 00 00 00 00 00 00
  ................ 00 00 00 00 00 00 00 00 00 00 00 00 00 00 00 00
  ...............  00 00 00 00 00 00 00 00 00 00 00 01 00 00 00 20
  ...              cf 1e 1f
000379-000392 StringBlock "paused_panel"
000393-000400 StringBlock "Button"
000401-000450 DataBlock
  ....P........... 1c 02 00 00 50 00 00 00 00 00 00 00 00 00 00 01
  ................ 00 00 00 00 01 00 00 00 00 02 00 00 00 00 00 00
  .P.............3 00 50 00 00 00 00 00 00 00 00 01 00 00 00 00 33
  ."               c7 22
000451-000486 ImagePathBlock "ui/skins/default/tooltip_frame.png"
000487-000511 DataBlock
  @...@........... 40 00 00 00 40 00 00 00 00 00 00 00 00 00 00 00
  ......x?.        00 01 00 00 00 e0 78 3f 1f
000512-000521 StringBlock "NewState"
000522-000529 DataBlock
  .... ...         c8 00 00 00 20 00 00 00
000530-000553 UnicodeBlock "Game Paused"
000554-000576 DataBlock
  ................ 00 00 04 00 00 00 04 00 00 00 00 00 00 00 01 00
  .......          00 00 01 00 00 00 01
000577-000640 UnicodeBlock "text_panel_NewState_Text_44007c"
000641-000642 DataBlock
  ..               00 00
000643-000665 StringBlock "la_gioconda_uppercase"
000666-000681 DataBlock
  ................ 12 00 00 00 04 00 00 00 00 00 00 00 d7 f8 ff ff
000682-000701 StringBlock "fe_section_heading"
000702-000717 DataBlock
  ................ 00 00 00 00 00 00 00 00 00 00 00 00 01 00 00 00
000718-000728 T0Block "normal_t0"
000729-000744 DataBlock
  ................ 00 00 00 00 00 00 00 00 00 00 00 00 00 00 00 00
000745-000755 T0Block "normal_t0"
000756-000886 DataBlock
  ................ 00 00 00 00 00 00 00 00 00 00 00 00 00 00 00 00
  .....3."........ 01 00 00 00 00 33 c7 22 00 00 00 00 00 00 00 00
  .... ........... c8 00 00 00 20 00 00 00 ff ff ff ff 00 00 00 00
  ................ 00 00 00 00 00 00 00 00 00 00 00 01 01 00 00 00
  ................ 00 00 00 00 00 00 00 00 00 00 00 00 00 00 00 00
  ..............A. 00 00 00 00 00 00 00 00 00 00 00 00 00 00 41 00
  ..A............. 00 00 41 00 00 00 00 00 00 00 00 00 00 00 00 00
  ................ 00 00 00 19 00 00 00 00 00 00 00 02 00 00 00 00
  /..              2f d4 12
000887-000904 StringBlock "panel_decoration"
000905-000956 DataBlock
  ................ 00 00 00 00 00 00 fe ff ff ff 00 00 00 00 00 00
  ................ 00 00 00 00 00 00 01 00 00 00 00 04 00 00 00 00
  ........`....... 00 00 00 00 00 00 00 00 60 aa a8 12 01 00 00 00
  ....             00 aa ce 12
000957-001002 ImagePathBlock "ui/skins/default/panel_decoration_paused.png"
001003-001027 DataBlock
  ,...$........... 2c 00 00 00 24 00 00 00 00 00 00 00 00 00 00 00
  .....`...        00 01 00 00 00 60 aa a8 12
001028-001037 StringBlock "NewState"
001038-001074 DataBlock
  ,...$........... 2c 00 00 00 24 00 00 00 00 00 00 00 02 00 00 00
  ................ 00 00 00 00 00 00 00 00 01 00 00 00 01 00 00 00
  .....            00 00 00 00 00
001075-001090 StringBlock "georgia_italic"
001091-001106 DataBlock
  ................ 0a 00 00 00 02 00 00 00 01 00 00 00 dd da fa ff
001107-001129 StringBlock "Default Font Category"
001130-001145 DataBlock
  ................ 00 00 00 00 00 00 00 00 00 00 00 00 00 00 01 00
001146-001156 T0Block "normal_t0"
001157-001172 DataBlock
  ................ 00 00 00 00 00 00 00 00 00 00 00 00 00 00 00 00
001173-001183 T0Block "normal_t0"
001184-001323 DataBlock
  ................ 00 00 00 00 00 00 00 00 00 00 00 00 00 00 00 00
  ................ 01 00 00 00 00 aa ce 12 d4 ff ff ff 00 00 00 00
  ,...$........... 2c 00 00 00 24 00 00 00 ff ff ff ff 00 01 00 00
  ................ 00 00 00 00 00 00 00 00 00 00 00 00 00 00 00 00
  ................ 00 00 00 00 00 00 00 00 00 00 00 00 00 00 00 00
  ................ 00 00 00 00 00 00 00 00 00 00 00 00 00 00 00 00
  ................ 00 00 00 00 00 00 00 00 00 00 00 00 00 00 00 00
  ................ 00 00 00 19 00 00 00 00 00 00 00 00 00 00 00 00
  .........+..     00 00 00 00 00 00 00 00 80 2b d4 12
001324-001341 StringBlock "panel_decoration"
001342-001393 DataBlock
  ................ 00 00 9c 00 00 00 fe ff ff ff 00 00 00 00 00 00
  ................ 00 00 00 00 00 00 01 00 00 00 00 06 00 00 00 00
  ................ 00 00 00 00 00 00 00 00 c0 a5 a8 12 01 00 00 00
   .[.             20 cd 5b 12
001394-001439 ImagePathBlock "ui/skins/default/panel_decoration_paused.png"
001440-001464 DataBlock
  ,...$........... 2c 00 00 00 24 00 00 00 00 00 00 00 00 00 00 00
  .........        00 01 00 00 00 c0 a5 a8 12
001465-001474 StringBlock "NewState"
001475-001511 DataBlock
  ,...$........... 2c 00 00 00 24 00 00 00 00 00 00 00 02 00 00 00
  ................ 00 00 00 00 00 00 00 00 01 00 00 00 01 00 00 00
  .....            00 00 00 00 00
001512-001527 StringBlock "georgia_italic"
001528-001543 DataBlock
  ................ 0a 00 00 00 02 00 00 00 01 00 00 00 dd da fa ff
001544-001566 StringBlock "Default Font Category"
001567-001582 DataBlock
  ................ 00 00 00 00 00 00 00 00 00 00 00 00 00 00 01 00
001583-001593 T0Block "normal_t0"
001594-001609 DataBlock
  ................ 00 00 00 00 00 00 00 00 00 00 00 00 00 00 00 00
001610-001620 T0Block "normal_t0"
001621-001774 DataBlock
  ................ 00 00 00 00 00 00 00 00 00 00 00 00 00 00 00 00
  .... .[.,....... 01 00 00 00 20 cd 5b 12 2c 00 00 00 00 00 00 00
  ,...$........... 2c 00 00 00 24 00 00 00 ff ff ff ff 00 00 00 00
  ................ 00 00 00 00 00 00 00 00 00 00 00 00 00 00 00 00
  ................ 00 00 00 00 00 00 00 00 00 00 00 00 00 00 00 00
  ................ 00 00 00 00 00 00 00 00 00 00 00 00 00 00 00 00
  ................ 00 00 00 00 00 00 00 00 00 00 00 00 00 00 00 00
  ................ 00 00 00 19 00 00 00 00 00 00 00 00 00 00 00 00
  ................ 00 00 00 00 00 00 00 00 00 00 00 00 00 00 00 00
  ..........       00 00 00 00 00 00 00 00 00 00
