000000-000009 VersionBlock 86
000010-000013 RootIDBlock 304472832
000014-000019 StringBlock "root"
000020-000098 DataBlock
  ................ 00 00 00 00 00 00 00 00 00 00 00 01 01 00 00 00
  ................ 00 01 00 00 00 00 01 00 00 00 00 00 00 00 00 00
  ................ 00 00 00 00 00 00 00 00 00 00 00 00 01 00 00 00
  @E.............. 40 45 fb 11 00 00 00 05 00 00 c0 03 00 00 00 00
  ...........`.@.  00 00 00 00 00 00 00 01 00 00 00 60 bc 40 12
000099-000108 StringBlock "NewState"
000109-000145 DataBlock
  ................ 00 05 00 00 00 04 00 00 00 00 00 00 02 00 00 00
  ................ 00 00 00 00 00 00 00 00 01 00 00 00 01 00 00 00
  .....            00 00 00 00 00
000146-000158 FontNameBlock "la_gioconda"
000159-000174 DataBlock
  ................ 0c 00 00 00 07 00 00 00 00 00 00 00 d7 f8 ff ff
000175-000191 StringBlock "fe_tooltip_text"
000192-000215 DataBlock
  ................ 00 00 00 00 00 00 00 00 00 00 00 00 00 00 00 00
  ........         00 00 00 00 01 00 00 00
000216-000226 T0Block "normal_t0"
000227-000242 DataBlock
  ................ 00 00 00 00 00 00 00 00 00 00 00 00 00 00 00 00
000243-000253 T0Block "normal_t0"
000254-000384 DataBlock
  ................ 00 00 00 00 00 00 00 00 00 00 00 00 00 00 00 00
  ....@E.......... 01 00 00 00 40 45 fb 11 00 00 00 00 00 00 00 00
  ............. 00 05 00 00 c0 03 00 00 7f 7f 7f ff 00 00 00 00
  ................ 00 00 00 00 00 00 00 00 00 00 00 01 01 00 00 00
  ................ 00 00 00 00 00 00 00 00 00 00 00 00 00 00 00 00
  ................ 00 00 00 00 00 00 00 00 00 00 00 00 00 00 00 00
  ................ 00 00 00 00 00 00 00 00 00 00 00 00 00 00 00 00
  ................ 00 00 00 00 00 00 00 00 00 00 00 01 00 00 00 00
  .%.              e8 25 12
000385-000404 StringBlock "deployable_tooltip"
000405-000429 StringBlock "BattleDeployableTooltip"
000430-000475 DataBlock
  ?............... 3f 02 00 00 de 00 00 00 00 01 01 00 00 00 00 01
  ................ 00 00 00 00 01 00 00 00 00 00 00 00 00 00 00 00
  ..............   00 00 00 00 00 00 00 00 00 00 01 00 00 00
000476-000535 ImageBlock id=382600224 xsize=1 ysize=1 path="ui/skins/default/1x1_transparent_white.png" unknown=0
000536-000548 DataBlock
  .........`.@.    00 00 00 00 00 01 00 00 00 60 be 40 12
000549-000558 StringBlock "NewState"
000559-000595 DataBlock
  ....P........... b6 00 00 00 50 00 00 00 00 00 00 00 02 00 00 00
  ................ 00 00 00 00 00 00 00 00 01 00 00 00 01 00 00 00
  .....            00 00 00 00 00
000596-000608 FontNameBlock "la_gioconda"
000609-000624 DataBlock
  ................ 0c 00 00 00 07 00 00 00 00 00 00 00 d7 f8 ff ff
000625-000641 StringBlock "fe_tooltip_text"
000642-000665 DataBlock
  ................ 00 00 00 00 00 00 00 00 00 00 00 00 00 00 00 00
  ........         00 00 00 00 01 00 00 00
000666-000676 T0Block "normal_t0"
000677-000692 DataBlock
  ................ 00 00 00 00 00 00 00 00 00 00 00 00 00 00 00 00
000693-000703 T0Block "normal_t0"
000704-000826 DataBlock
  ................ 00 00 00 00 00 00 00 00 00 00 00 00 00 00 00 00
  .... ........... 01 00 00 00 20 04 ce 16 00 00 00 00 00 00 00 00
  ................ 01 00 00 00 01 00 00 00 ff ff ff ff 00 00 00 00
  ................ 00 00 00 00 00 00 00 00 00 00 00 01 01 00 00 00
  ................ 00 00 00 00 00 00 00 00 00 00 00 00 00 00 00 00
  ................ 00 00 00 00 00 00 00 00 00 00 00 00 00 00 00 00
  ................ 00 00 00 00 00 00 00 00 00 00 00 00 00 00 00 00
  ...........      00 00 00 1e 00 00 00 02 00 00 00
000827-000836 StringBlock "fade_out"
000837-000902 DataBlock
  ................ 01 00 02 00 00 00 00 00 00 00 00 00 00 00 10 01
  ..H............. 00 00 48 00 00 00 ff ff ff ff 00 00 00 00 00 00
  ................ 00 00 00 00 00 00 00 00 00 00 00 00 00 00 ff ff
  ..........@..... ff ff ff ff ff ff 00 00 00 00 40 00 00 00 00 00
  .?               80 3f
000903-000910 StringBlock "Linear"
000911-000974 DataBlock
  ................ 00 00 00 00 00 00 00 00 00 00 00 00 10 01 00 00
  H............... 48 00 00 00 ff ff ff 00 00 00 00 00 00 00 00 00
  ................ 00 00 00 00 00 00 00 00 00 00 00 00 ff ff ff ff
  ........@......? ff ff ff ff 00 00 00 00 40 00 00 00 00 00 80 3f
000975-000982 StringBlock "Linear"
000983-000986 DataBlock
  ....             00 00 00 00
000987-000995 StringBlock "fade_in"
000996-001061 DataBlock
  ................ 01 00 03 00 00 00 00 00 00 00 00 00 00 00 10 01
  ..H............. 00 00 48 00 00 00 ff ff ff 00 00 00 00 00 00 00
  ................ 00 00 00 00 00 00 00 00 00 00 00 00 00 00 ff ff
  ..........@..... ff ff ff ff ff ff 00 00 00 00 40 00 00 00 00 00
  .?               80 3f
001062-001069 StringBlock "Linear"
001070-001133 DataBlock
  ................ 00 00 00 00 00 00 00 00 00 00 00 00 10 01 00 00
  H............... 48 00 00 00 ff ff ff ff 00 00 00 00 00 00 00 00
  ................ 00 00 00 00 00 00 00 00 00 00 00 00 ff ff ff ff
  ...............? ff ff ff ff 96 00 00 00 00 00 00 00 00 00 80 3f
001134-001141 StringBlock "Linear"
001142-001205 DataBlock
  ................ 00 00 00 00 00 00 00 00 00 00 00 00 10 01 00 00
  H............... 48 00 00 00 ff ff ff ff 00 00 00 00 00 00 00 00
  ................ 00 00 00 00 00 00 00 00 00 00 00 00 ff ff ff ff
  ........@......? ff ff ff ff c8 00 00 00 40 00 00 00 00 00 80 3f
001206-001213 StringBlock "Linear"
001214-001225 DataBlock
  ........`)&.     00 00 00 00 01 00 00 00 60 29 26 12
001226-001234 StringBlock "tooltip"
001235-001282 DataBlock
  ................ 00 00 00 00 00 00 00 00 00 00 00 01 01 00 00 00
  ................ 00 01 00 00 00 00 01 00 00 00 00 00 00 00 00 00
  ................ 00 00 00 00 00 00 00 00 00 00 00 00 02 00 00 00
001283-001334 ImageBlock id=340629216 xsize=64 ysize=64 path="ui/skins/default/tooltip_frame.png" unknown=1765007360
001335-001335 DataBlock
  .                12
001336-001364 ImagePathBlock "ui/skins/default/h_line.png"
001365-001389 DataBlock
  ................ 90 01 00 00 18 00 00 00 00 00 00 00 00 00 00 00
  .....@.@.        00 01 00 00 00 40 c4 40 12
001390-001399 StringBlock "NewState"
001400-001436 DataBlock
  ....P........... b6 00 00 00 50 00 00 00 00 00 00 00 02 00 00 00
  ................ 00 00 00 00 00 00 00 00 01 00 00 00 01 00 00 00
  .....            00 00 00 00 00
001437-001449 FontNameBlock "la_gioconda"
001450-001465 DataBlock
  ................ 0c 00 00 00 07 00 00 00 00 00 00 00 d7 f8 ff ff
001466-001482 StringBlock "fe_tooltip_text"
001483-001506 DataBlock
  ................ 08 00 00 00 00 00 00 00 06 00 00 00 00 00 00 00
  ........         00 00 00 00 01 00 00 00
001507-001517 T0Block "normal_t0"
001518-001533 DataBlock
  ................ 00 00 00 00 00 00 00 00 00 00 00 00 00 00 00 00
001534-001544 T0Block "normal_t0"
001545-001754 DataBlock
  ................ 00 00 00 00 00 00 00 00 00 00 00 00 00 00 00 00
  ......M......... 02 00 00 00 e0 96 4d 14 00 00 00 00 00 00 00 00
  ....P........... b6 00 00 00 50 00 00 00 ff ff ff ff 00 00 00 00
  ................ 00 00 00 00 00 00 00 00 00 00 00 01 01 00 00 00
  ................ 00 00 00 00 00 00 00 00 00 00 00 00 00 00 00 00
  ..............A. 00 00 00 00 00 00 00 00 00 00 00 00 00 10 41 00
  ..A.3i.......... 00 10 41 e0 33 69 12 00 00 00 00 01 00 00 00 b6
  ................ 00 00 00 18 00 00 00 ff ff ff ff 00 00 00 02 00
  ................ 00 00 00 00 00 00 01 00 00 00 01 00 00 00 00 00
  ................ 00 00 00 00 00 00 00 00 00 00 00 00 00 00 00 00
  ................ 00 00 00 00 00 00 00 00 00 00 00 00 00 00 00 00
  ................ 00 00 00 00 00 00 00 00 00 00 00 00 00 00 00 00
  ..............`$ 00 00 1e 00 00 00 00 00 00 00 04 00 00 00 60 24
  &.               26 12
001755-001760 StringBlock "name"
001761-001824 DataBlock
  ................ 00 00 08 00 00 00 03 00 00 00 00 01 00 00 00 00
  ................ 00 01 00 00 00 00 01 00 00 00 00 00 00 00 00 00
  ................ 00 00 00 00 00 00 00 00 00 00 00 00 00 00 00 00
  ............@.@. 00 00 00 00 00 00 00 00 01 00 00 00 40 c6 40 12
001825-001834 StringBlock "NewState"
001835-001842 DataBlock
  ........         ab 00 00 00 16 00 00 00
001843-001874 UnicodeBlock "Deployable name"
001875-001897 DataBlock
  ................ 00 00 02 00 00 00 04 00 00 00 00 00 00 00 01 00
  .......          00 00 01 00 00 00 00
001898-001949 UnicodeBlock "name_NewState_Text_740072"
001950-001951 DataBlock
  ..               00 00
001952-001964 FontNameBlock "la_gioconda"
001965-001980 DataBlock
  ................ 0c 00 00 00 07 00 00 00 00 00 00 00 d7 f8 ff ff
001981-001996 StringBlock "ingame_tooltip"
001997-002020 DataBlock
  ................ 00 00 00 00 00 00 00 00 00 00 00 00 00 00 00 00
  ........         00 00 00 00 00 00 00 00
002021-002031 T0Block "normal_t0"
002032-002047 DataBlock
  ................ 00 00 00 00 00 00 00 00 00 00 00 00 00 00 00 00
002048-002058 T0Block "normal_t0"
002059-002119 DataBlock
  ................ 00 00 00 00 00 00 00 00 00 00 00 00 00 00 00 00
  ................ 00 00 00 00 00 00 00 00 00 00 00 00 00 00 00 00
  ................ 00 00 00 00 1e 00 00 00 00 00 00 00 00 00 00 00
  ..........x..    00 00 00 00 00 00 00 00 00 00 78 17 16
002120-002133 StringBlock "damage_label"
002134-002197 DataBlock
  ................ 00 00 08 00 00 00 18 00 00 00 00 01 00 00 00 00
  ................ 00 01 00 00 00 00 01 00 00 00 00 01 00 00 00 08
  ................ 00 00 00 18 00 00 00 00 00 00 00 00 00 00 00 00
  ............._.. 00 00 00 00 00 00 00 00 01 00 00 00 00 5f 85 0d
002198-002207 StringBlock "NewState"
002208-002215 DataBlock
  ........         ab 00 00 00 16 00 00 00
002216-002231 UnicodeBlock "Damage:"
002232-002254 DataBlock
  ................ 00 00 02 00 00 00 04 00 00 00 00 00 00 00 01 00
  .......          00 00 01 00 00 00 01
002255-002310 UnicodeBlock "damage_NewState_Text_65004e"
002311-002312 DataBlock
  ..               00 00
002313-002325 FontNameBlock "la_gioconda"
002326-002341 DataBlock
  ................ 0c 00 00 00 07 00 00 00 00 00 00 00 d7 f8 ff ff
002342-002357 StringBlock "ingame_tooltip"
002358-002381 DataBlock
  ................ 00 00 00 00 00 00 00 00 00 00 00 00 00 00 00 00
  ........         00 00 00 00 00 00 00 00
002382-002392 T0Block "normal_t0"
002393-002408 DataBlock
  ................ 00 00 00 00 00 00 00 00 00 00 00 00 00 00 00 00
002409-002419 T0Block "normal_t0"
002420-002471 DataBlock
  ................ 00 00 00 00 00 00 00 00 00 00 00 00 00 00 00 00
  ................ 00 00 00 00 00 00 00 00 00 00 00 00 00 00 00 00
  ................ 00 00 00 00 1e 00 00 00 00 00 00 00 01 00 00 00
  @...             40 91 0e 16
002472-002479 StringBlock "damage"
002480-002543 DataBlock
  ..e............. 00 00 65 00 00 00 00 00 00 00 00 01 00 00 00 00
  ................ 00 01 00 00 00 00 01 00 00 00 00 00 00 00 00 00
  ................ 00 00 00 00 00 00 00 00 00 00 00 00 00 00 00 00
  ............`V.. 00 00 00 00 00 00 00 00 01 00 00 00 60 56 85 0d
002544-002553 StringBlock "NewState"
002554-002590 DataBlock
  D.........0.%... 44 00 00 00 16 00 00 00 02 00 30 00 25 00 00 00
  ................ 03 00 00 00 04 00 00 00 00 00 00 00 01 00 00 00
  .....            01 00 00 00 00
002591-002646 UnicodeBlock "damage_NewState_Text_250030"
002647-002648 DataBlock
  ..               00 00
002649-002661 FontNameBlock "la_gioconda"
002662-002677 DataBlock
  ................ 0c 00 00 00 07 00 00 00 00 00 00 00 d7 f8 ff ff
002678-002693 StringBlock "ingame_tooltip"
002694-002717 DataBlock
  ................ 00 00 00 00 00 00 00 00 00 00 00 00 00 00 00 00
  ........         00 00 00 00 00 00 00 00
002718-002728 T0Block "normal_t0"
002729-002744 DataBlock
  ................ 00 00 00 00 00 00 00 00 00 00 00 00 00 00 00 00
002745-002755 T0Block "normal_t0"
002756-002825 DataBlock
  ................ 00 00 00 00 00 00 00 00 00 00 00 00 00 00 00 00
  ................ 00 00 00 00 00 00 00 00 00 00 00 00 00 00 00 00
  ................ 00 00 00 00 1e 00 00 00 00 00 00 00 00 00 00 00
  ................ 00 00 00 00 00 00 00 00 00 00 00 00 00 00 00 00
  .. .&.           00 00 20 01 26 12
002826-002838 StringBlock "description"
002839-002902 DataBlock
  ......0......... 00 00 08 00 00 00 30 00 00 00 00 01 01 00 00 00
  ................ 00 01 00 00 00 00 01 00 00 00 00 01 00 00 00 08
  ...0....@.@..... 00 00 00 30 00 00 00 00 40 c8 40 12 00 00 00 00
  ............@.@. 00 00 00 00 00 00 00 00 01 00 00 00 40 c8 40 12
002903-002912 StringBlock "NewState"
002913-002920 DataBlock
  ........         aa 00 00 00 15 00 00 00
002921-002966 UnicodeBlock "Deployable description"
002967-002989 DataBlock
  ................ 00 00 02 00 00 00 00 00 00 00 00 00 00 00 00 00
  .......          00 00 01 00 00 00 00
002990-003055 UnicodeBlock "description_NewState_Text_650002"
003056-003057 DataBlock
  ..               00 00
003058-003070 FontNameBlock "la_gioconda"
003071-003086 DataBlock
  ................ 0c 00 00 00 07 00 00 00 00 00 00 00 d7 f8 ff ff
003087-003103 StringBlock "fe_tooltip_text"
003104-003127 DataBlock
  ................ 00 00 00 00 00 00 00 00 00 00 00 00 00 00 00 00
  ........         00 00 00 00 01 00 00 00
003128-003138 T0Block "normal_t0"
003139-003154 DataBlock
  ................ 00 00 00 00 00 00 00 00 00 00 00 00 00 00 00 00
003155-003165 T0Block "normal_t0"
003166-003226 DataBlock
  ................ 00 00 00 00 00 00 00 00 00 00 00 00 00 00 00 00
  ................ 00 00 00 00 00 00 00 00 00 00 00 00 00 00 00 00
  ................ 00 00 00 00 1e 00 00 00 00 00 00 00 00 00 00 00
  ...........x.    00 00 00 00 00 00 00 00 00 a0 9e 78 12
003227-003245 StringBlock "fire_damage_label"
003246-003309 DataBlock
  ......0......... 00 00 08 00 00 00 30 00 00 00 00 01 00 00 00 00
  ................ 00 00 00 00 00 00 01 00 00 00 00 01 00 00 00 08
  ...0............ 00 00 00 30 00 00 00 00 00 00 00 00 00 00 00 00
  ............p|.. 00 00 00 00 00 00 00 00 01 00 00 00 70 7c e3 0f
003310-003319 StringBlock "NewState"
003320-003327 DataBlock
  ........         ab 00 00 00 16 00 00 00
003328-003353 UnicodeBlock "Fire Damage:"
003354-003376 DataBlock
  ................ 00 00 02 00 00 00 00 00 00 00 00 00 00 00 01 00
  .......          00 00 01 00 00 00 01
003377-003442 UnicodeBlock "txt_on_fire_NewState_Text_600063"
003443-003444 DataBlock
  ..               00 00
003445-003457 FontNameBlock "la_gioconda"
003458-003473 DataBlock
  ................ 0c 00 00 00 07 00 00 00 00 00 00 00 d7 f8 ff ff
003474-003489 StringBlock "ingame_tooltip"
003490-003513 DataBlock
  ................ 00 00 00 00 00 00 00 00 00 00 00 00 00 00 00 00
  ........         00 00 00 00 00 00 00 00
003514-003524 T0Block "normal_t0"
003525-003540 DataBlock
  ................ 00 00 00 00 00 00 00 00 00 00 00 00 00 00 00 00
003541-003551 T0Block "normal_t0"
003552-003603 DataBlock
  ................ 00 00 00 00 00 00 00 00 00 00 00 00 00 00 00 00
  ................ 00 00 00 00 00 00 00 00 00 00 00 00 00 00 00 00
  ................ 00 00 00 00 1e 00 00 00 00 00 00 00 01 00 00 00
  ..x.             00 a2 78 12
003604-003616 StringBlock "fire_damage"
003617-003680 DataBlock
  ..e............. 00 00 65 00 00 00 00 00 00 00 00 01 00 00 00 00
  ................ 00 01 00 00 00 00 01 00 00 00 00 00 00 00 00 00
  ................ 00 00 00 00 00 00 00 00 00 00 00 00 00 00 00 00
  .............2X. 00 00 00 00 00 00 00 00 01 00 00 00 80 32 58 10
003681-003690 StringBlock "NewState"
003691-003727 DataBlock
  D.........0.%... 44 00 00 00 16 00 00 00 02 00 30 00 25 00 00 00
  ................ 03 00 00 00 00 00 00 00 00 00 00 00 01 00 00 00
  .....            01 00 00 00 00
003728-003783 UnicodeBlock "damage_NewState_Text_250030"
003784-003785 DataBlock
  ..               00 00
003786-003798 FontNameBlock "la_gioconda"
003799-003814 DataBlock
  ................ 0c 00 00 00 07 00 00 00 00 00 00 00 d7 f8 ff ff
003815-003830 StringBlock "ingame_tooltip"
003831-003854 DataBlock
  ................ 00 00 00 00 00 00 00 00 00 00 00 00 00 00 00 00
  ........         00 00 00 00 00 00 00 00
003855-003865 T0Block "normal_t0"
003866-003881 DataBlock
  ................ 00 00 00 00 00 00 00 00 00 00 00 00 00 00 00 00
003882-003892 T0Block "normal_t0"
003893-003985 DataBlock
  ................ 00 00 00 00 00 00 00 00 00 00 00 00 00 00 00 00
  ................ 00 00 00 00 00 00 00 00 00 00 00 00 00 00 00 00
  ................ 00 00 00 00 1e 00 00 00 00 00 00 00 00 00 00 00
  ................ 00 00 00 00 00 00 00 00 00 00 00 00 00 00 00 00
  ................ 00 00 00 00 00 00 00 00 00 00 00 00 00 00 00 00
  .............    00 00 00 00 00 00 00 00 00 00 00 00 00
