000000-000009 VersionBlock 86
000010-000013 DataBlock
  ...              c0 dd 95 20
000014-000019 StringBlock "root"
000020-000098 DataBlock
  ................ 00 00 00 00 00 00 00 00 00 00 00 01 01 00 00 00
  ................ 00 01 00 00 00 00 01 00 00 00 00 00 00 00 00 00
  ................ 00 00 00 00 00 00 00 00 00 00 00 00 01 00 00 00
  ................ 00 fd 14 1f 00 00 00 05 00 00 00 04 00 00 00 00
  ...............  00 00 00 00 00 00 00 01 00 00 00 c0 fd 14 1f
000099-000108 StringBlock "NewState"
000109-000163 DataBlock
  ................ 00 05 00 00 00 04 00 00 00 00 00 00 02 00 00 00
  ................ 00 00 00 00 00 00 00 00 01 00 00 00 01 00 00 00
  ................ 00 00 00 00 00 00 00 0a 00 00 00 02 00 00 00 01
  .......          00 00 00 dd da fa ff
000164-000186 StringBlock "Default Font Category"
000187-000210 DataBlock
  ................ 00 00 00 00 00 00 00 00 00 00 00 00 00 00 00 00
  ........         00 00 00 00 01 00 00 00
000211-000221 StringBlock "normal_t0"
000222-000237 DataBlock
  ................ 00 00 00 00 00 00 00 00 00 00 00 00 00 00 00 00
000238-000248 StringBlock "normal_t0"
000249-000379 DataBlock
  ................ 00 00 00 00 00 00 00 00 00 00 00 00 00 00 00 00
  ................ 01 00 00 00 00 fd 14 1f 00 00 00 00 00 00 00 00
  ............. 00 05 00 00 00 04 00 00 7f 7f 7f ff 00 00 00 00
  ................ 00 00 00 00 00 00 00 00 00 00 00 01 01 00 00 00
  ................ 00 00 00 00 00 00 00 00 00 00 00 00 00 00 00 00
  ................ 00 00 00 00 00 00 00 00 00 00 00 00 00 00 00 00
  ................ 00 00 00 00 00 00 00 00 00 00 00 00 00 00 00 00
  ...............@ 00 00 00 00 00 00 00 00 00 00 00 01 00 00 00 40
  .^.              ea 5e 1c
000380-000419 StringBlock "encyclopedia_building_tooltip_template"
000420-000456 StringBlock "EncyclopediaBuildingTooltipCallback"
000457-000506 DataBlock
  ....L........... ea 01 00 00 4c 01 00 00 00 01 01 00 00 00 00 01
  ................ 00 00 00 00 01 00 00 00 00 00 00 00 00 00 00 00
  ......@.^....... 00 00 00 00 00 00 40 ed 5e 1c 01 00 00 00 a0 8a
  T.               54 1c
000507-000535 ImagePathBlock "ui/skins/3c/fe_frame_02.png"
000536-000560 DataBlock
  ................ 18 00 00 00 18 00 00 00 00 00 00 00 00 00 00 00
  .....@.^.        00 01 00 00 00 40 ed 5e 1c
000561-000570 StringBlock "NewState"
000571-000625 DataBlock
  ,...n........... 2c 01 00 00 6e 00 00 00 00 00 00 00 02 00 00 00
  ................ 00 00 00 00 00 00 00 00 01 00 00 00 01 00 00 00
  ................ 00 00 00 00 00 00 00 0a 00 00 00 02 00 00 00 01
  .......          00 00 00 dd da fa ff
000626-000648 StringBlock "Default Font Category"
000649-000672 DataBlock
  ................ 00 00 00 00 00 00 00 00 00 00 00 00 00 00 00 00
  ........         00 00 00 00 00 00 00 00
000673-000683 StringBlock "normal_t0"
000684-000699 DataBlock
  ................ 00 00 00 00 00 00 00 00 00 00 00 00 00 00 00 00
000700-000710 StringBlock "normal_t0"
000711-000841 DataBlock
  ................ 00 00 00 00 00 00 00 00 00 00 00 00 00 00 00 00
  ......T......... 01 00 00 00 a0 8a 54 1c 00 00 00 00 00 00 00 00
  ,...n........... 2c 01 00 00 6e 00 00 00 ff ff ff ff 00 00 00 00
  ................ 00 00 00 00 00 00 00 00 00 00 00 01 01 00 00 00
  ................ 00 00 00 00 00 00 00 00 00 00 00 00 00 00 00 00
  ............. A. 00 00 00 00 00 00 00 00 00 00 00 00 00 20 41 00
  . A............. 00 20 41 00 00 00 00 00 00 00 00 00 00 00 00 00
  ................ 00 00 00 0a 00 00 00 00 00 00 00 03 00 00 00 00
  ...              e7 9d 1a
000842-000859 StringBlock "dy_building_name"
000860-000923 DataBlock
  ................ 00 00 0a 00 00 00 00 00 00 00 00 00 01 00 00 00
  ................ 00 01 00 00 00 00 01 00 00 00 00 00 00 00 00 00
  ........ ....... 00 00 00 00 00 00 00 00 20 fd 00 0b 00 00 00 00
  ............ ... 00 00 00 00 00 00 00 00 01 00 00 00 20 fd 00 0b
000924-000933 StringBlock "NewState"
000934-000941 DataBlock
  ....&...         18 01 00 00 26 00 00 00
000942-000975 UnicodeBlock "dy_building_name"
000976-000998 DataBlock
  ................ 00 00 04 00 00 00 00 00 00 00 00 00 00 00 03 00
  .......          00 00 01 00 00 00 00
000999-001074 UnicodeBlock "dy_building_name_NewState_Text_23002f"
001075-001076 DataBlock
  ..               00 00
001077-001099 StringBlock "la_gioconda_uppercase"
001100-001115 DataBlock
  ............9... 12 00 00 00 04 00 00 00 00 00 00 00 39 c1 ee ff
001116-001142 StringBlock "fe_section_heading_yellow"
001143-001166 DataBlock
  ................ 00 00 00 00 00 00 00 00 0a 00 00 00 0a 00 00 00
  ........         00 00 00 00 00 00 00 00
001167-001177 StringBlock "normal_t0"
001178-001193 DataBlock
  ................ 00 00 00 00 00 00 00 00 00 00 00 00 00 00 00 00
001194-001204 StringBlock "normal_t0"
001205-001240 DataBlock
  ................ 00 00 00 00 00 00 00 00 00 00 00 00 00 00 00 00
  ................ 00 00 00 00 00 00 00 00 00 00 00 00 00 00 00 00
  ....             02 00 00 00
001241-001256 StringBlock "min_text_width"
001257-001261 DataBlock
  ..250            03 00 32 35 30
001262-001278 StringBlock "min_text_height"
001279-001298 DataBlock
  ..30............ 02 00 33 30 0a 00 00 00 00 00 00 00 01 00 00 00
  .Z.$             c0 5a 8f 24
001299-001306 StringBlock "h_line"
001307-001358 DataBlock
  ................ 00 00 fa ff ff ff 0f 00 00 00 00 01 01 00 00 00
  ................ 00 01 00 00 00 00 01 00 00 00 00 08 00 00 00 00
  ................ 00 00 00 fc ff ff ff 00 c0 00 bb 1f 01 00 00 00
  ....             c0 d7 d5 1b
001359-001387 ImagePathBlock "ui/skins/default/h_line.png"
001388-001412 DataBlock
  ....!........... 13 01 00 00 21 00 00 00 00 00 00 00 00 00 00 00
  .........        00 01 00 00 00 c0 00 bb 1f
001413-001422 StringBlock "NewState"
001423-001477 DataBlock
  %............... 25 01 00 00 13 00 00 00 00 00 00 00 02 00 00 00
  ................ 00 00 00 00 00 00 00 00 01 00 00 00 01 00 00 00
  ................ 00 00 00 00 00 00 00 0a 00 00 00 02 00 00 00 01
  .......          00 00 00 dd da fa ff
001478-001500 StringBlock "Default Font Category"
001501-001524 DataBlock
  ................ 00 00 00 00 00 00 00 00 00 00 00 00 00 00 00 00
  ........         00 00 00 00 01 00 00 00
001525-001535 StringBlock "normal_t0"
001536-001551 DataBlock
  ................ 00 00 00 00 00 00 00 00 00 00 00 00 00 00 00 00
001552-001562 StringBlock "normal_t0"
001563-001711 DataBlock
  ................ 00 00 00 00 00 00 00 00 00 00 00 00 00 00 00 00
  ................ 01 00 00 00 c0 d7 d5 1b 00 00 00 00 00 00 00 00
  %............... 25 01 00 00 13 00 00 00 ff ff ff ff 00 00 00 00
  ................ 00 00 00 00 00 00 00 00 00 00 00 01 01 00 00 00
  ................ 00 00 00 00 00 00 00 00 00 00 00 00 00 00 00 00
  ................ 00 00 00 00 00 00 00 00 00 00 00 00 00 00 00 00
  ................ 00 00 00 00 00 00 00 00 00 00 00 00 00 00 00 00
  ................ 00 00 00 0a 00 00 00 00 00 00 00 00 00 00 00 00
  ................ 00 00 00 00 00 00 00 00 00 00 00 00 00 00 00 00
  .@.V.            00 40 bf 56 1d
001712-001742 StringBlock "dy_building_short_description"
001743-001806 DataBlock
  ......(......... 00 00 0a 00 00 00 28 00 00 00 00 00 01 00 00 00
  ................ 00 01 00 00 00 00 01 00 00 00 00 00 00 00 00 00
  ........@.V..... 00 00 00 00 00 00 00 00 40 c2 56 1d 00 00 00 00
  ............@.V. 00 00 00 00 00 00 00 00 01 00 00 00 40 c2 56 1d
001807-001816 StringBlock "NewState"
001817-001824 DataBlock
  .... ...         18 01 00 00 20 00 00 00
001825-001884 UnicodeBlock "dy_building_short_description"
001885-001907 DataBlock
  ................ 00 00 02 00 00 00 00 00 00 00 00 00 00 00 03 00
  .......          00 00 01 00 00 00 00
001908-002009 UnicodeBlock "dy_building_short_description_NewState_Text_160056"
002010-002011 DataBlock
  ..               00 00
002012-002024 StringBlock "la_gioconda"
002025-002040 DataBlock
  ................ 0c 00 00 00 07 00 00 00 00 00 00 00 d7 f8 ff ff
002041-002049 StringBlock "fe_text"
002050-002073 DataBlock
  ................ 00 00 00 00 00 00 00 00 00 00 00 00 14 00 00 00
  ........         00 00 00 00 00 00 00 00
002074-002084 StringBlock "normal_t0"
002085-002100 DataBlock
  ................ 00 00 00 00 00 00 00 00 00 00 00 00 00 00 00 00
002101-002111 StringBlock "normal_t0"
002112-002147 DataBlock
  ................ 00 00 00 00 00 00 00 00 00 00 00 00 00 00 00 00
  ................ 00 00 00 00 00 00 00 00 00 00 00 00 00 00 00 00
  ....             02 00 00 00
002148-002163 StringBlock "min_text_width"
002164-002168 DataBlock
  ..250            03 00 32 35 30
002169-002185 StringBlock "min_text_height"
002186-002214 DataBlock
  ..30............ 02 00 33 30 0a 00 00 00 00 00 00 00 00 00 00 00
  .............    00 00 00 00 00 00 00 00 00 bc a6 e0 00
002215-002220 StringBlock "list"
002221-002284 DataBlock
  ......P......... 00 00 0a 00 00 00 50 00 00 00 00 01 01 00 00 00
  ................ 00 01 00 00 00 00 01 00 00 00 00 00 00 00 00 00
  ................ 00 00 00 00 00 00 00 00 cc a9 e0 00 00 00 00 00
  ................ 00 00 00 00 00 00 00 00 01 00 00 00 cc a9 e0 00
002285-002294 StringBlock "NewState"
002295-002349 DataBlock
  ................ 18 01 00 00 14 00 00 00 00 00 00 00 02 00 00 00
  ................ 00 00 00 00 00 00 00 00 01 00 00 00 01 00 00 00
  ................ 00 00 00 00 00 00 00 0a 00 00 00 02 00 00 00 01
  .......          00 00 00 dd da fa ff
002350-002372 StringBlock "Default Font Category"
002373-002396 DataBlock
  ................ 00 00 00 00 00 00 00 00 00 00 00 00 00 00 00 00
  ........         00 00 00 00 00 00 00 00
002397-002407 StringBlock "normal_t0"
002408-002423 DataBlock
  ................ 00 00 00 00 00 00 00 00 00 00 00 00 00 00 00 00
002424-002434 StringBlock "normal_t0"
002435-002483 DataBlock
  ................ 00 00 00 00 00 00 00 00 00 00 00 00 00 00 00 00
  ................ 00 00 00 00 00 00 00 00 00 00 00 00 00 00 00 00
  ................ 00 00 00 00 0a 00 00 00 00 00 00 00 00 00 00 00
  .                01
002484-002489 StringBlock "List"
002490-002537 DataBlock
  ......zC........ 01 00 00 00 00 00 7a 43 00 00 00 00 00 00 00 00
  ................ 00 01 00 00 00 00 00 00 00 00 00 00 00 00 00 00
  ................ 00 00 00 00 00 00 00 00 00 00 00 00 00 00 00 00
