000000-000009 VersionBlock 86
000010-000013 RootIDBlock 199613376
000014-000019 StringBlock "root"
000020-000098 DataBlock
  ................ 00 00 00 00 00 00 00 00 00 00 00 01 01 00 00 00
  ................ 00 01 00 00 00 00 01 00 00 00 00 00 00 00 00 00
  ........ ....... 00 00 00 00 00 00 00 00 20 df e5 0b 01 00 00 00
  0............... 30 94 c5 0e 00 00 00 05 00 00 c0 03 00 00 00 00
  ........... ...  00 00 00 00 00 00 00 01 00 00 00 20 df e5 0b
000099-000108 StringBlock "NewState"
000109-000145 DataBlock
  ................ 00 05 00 00 00 04 00 00 00 00 00 00 02 00 00 00
  ................ 00 00 00 00 00 00 00 00 01 00 00 00 01 00 00 00
  .....            00 00 00 00 00
000146-000161 StringBlock "georgia_italic"
000162-000177 DataBlock
  ................ 0a 00 00 00 02 00 00 00 01 00 00 00 dd da fa ff
000178-000200 StringBlock "Default Font Category"
000201-000224 DataBlock
  ................ 00 00 00 00 00 00 00 00 00 00 00 00 00 00 00 00
  ........         00 00 00 00 01 00 00 00
000225-000235 T0Block "normal_t0"
000236-000251 DataBlock
  ................ 00 00 00 00 00 00 00 00 00 00 00 00 00 00 00 00
000252-000262 T0Block "normal_t0"
000263-000393 DataBlock
  ................ 00 00 00 00 00 00 00 00 00 00 00 00 00 00 00 00
  ....0........... 01 00 00 00 30 94 c5 0e 00 00 00 00 00 00 00 00
  ................ 00 05 00 00 c0 03 00 00 c0 c0 c0 ff 00 00 00 00
  ................ 00 00 00 00 00 00 00 00 00 00 00 01 01 00 00 00
  ................ 00 00 00 00 00 00 00 00 00 00 00 00 00 00 00 00
  ................ 00 00 00 00 00 00 00 00 00 00 00 00 00 00 00 00
  ................ 00 00 00 00 00 00 00 00 00 00 00 00 00 00 00 00
  ...............  00 00 00 00 00 00 00 00 00 00 00 01 00 00 00 20
  ...              e1 e5 0b
000394-000418 StringBlock "campaign_wealth_tooltip"
000419-000441 StringBlock "CampaignWealthTooltip"
000442-000487 DataBlock
  ....f........... 82 01 00 00 66 00 00 00 00 01 01 00 00 00 00 01
  ................ 01 00 00 00 01 00 00 00 00 00 00 00 00 00 00 00
  ..............   00 00 00 00 00 00 00 00 00 00 01 00 00 00
000488-000539 ImageBlock id=247829968 xsize=64 ysize=64 path="ui\\skins\\default\\tooltip_frame.png" unknown=0
000540-000552 DataBlock
  .............    00 00 00 00 00 01 00 00 00 90 96 c5 0e
000553-000562 StringBlock "NewState"
000563-000599 DataBlock
  Z............... 5a 01 00 00 b4 00 00 00 00 00 00 00 02 00 00 00
  ................ 00 00 00 00 00 00 00 00 01 00 00 00 01 00 00 00
  .....            00 00 00 00 00
000600-000612 FontNameBlock "la_gioconda"
000613-000628 DataBlock
  ................ 0c 00 00 00 07 00 00 00 00 00 00 00 d7 f8 ff ff
000629-000645 StringBlock "fe_tooltip_text"
000646-000669 DataBlock
  ................ 08 00 00 00 00 00 00 00 06 00 00 00 00 00 00 00
  ........         00 00 00 00 00 00 00 00
000670-000680 T0Block "normal_t0"
000681-000696 DataBlock
  ................ 00 00 00 00 00 00 00 00 00 00 00 00 00 00 00 00
000697-000707 T0Block "normal_t0"
000708-000838 DataBlock
  ................ 00 00 00 00 00 00 00 00 00 00 00 00 00 00 00 00
  ................ 01 00 00 00 d0 95 c5 0e 00 00 00 00 00 00 00 00
  Z............... 5a 01 00 00 b4 00 00 00 ff ff ff ff 00 00 00 00
  ................ 00 00 00 00 00 00 00 00 00 00 00 01 01 00 00 00
  ................ 00 00 00 00 00 00 00 00 00 00 00 00 00 00 00 00
  ............. A. 00 00 00 00 00 00 00 00 00 00 00 00 00 20 41 00
  . A............. 00 20 41 00 00 00 00 00 00 00 00 00 00 00 00 00
  ................ 00 00 00 ff 00 00 00 00 00 00 00 06 00 00 00 a0
  ...              c7 b5 0f
000839-000855 StringBlock "tx_public_order"
000856-000919 DataBlock
  ................ 00 00 0b 00 00 00 05 00 00 00 00 01 00 00 00 00
  ................ 00 01 00 00 00 00 01 00 00 00 00 02 00 00 00 00
  ................ 00 00 00 05 00 00 00 00 00 cb b5 0f 00 00 00 00
  ................ 00 00 00 00 00 00 00 00 01 00 00 00 00 cb b5 0f
000920-000929 StringBlock "NewState"
000930-000937 DataBlock
  D.......         44 01 00 00 1e 00 00 00
000938-000969 UnicodeBlock "Wealth & Income"
000970-000992 DataBlock
  ................ 00 00 04 00 00 00 04 00 00 00 00 00 00 00 02 00
  .......          00 00 01 00 00 00 01
000993-001066 UnicodeBlock "tx_public_order_NewState_Text_610042"
001067-001068 DataBlock
  ..               00 00
001069-001091 FontNameBlock "la_gioconda_uppercase"
001092-001107 DataBlock
  ................ 10 00 00 00 04 00 00 00 00 00 00 00 d7 f8 ff ff
001108-001129 StringBlock "fe_paragraph_heading"
001130-001153 DataBlock
  ................ 00 00 00 00 00 00 00 00 00 00 00 00 00 00 00 00
  ........         00 00 00 00 01 00 00 00
001154-001164 T0Block "normal_t0"
001165-001180 DataBlock
  ................ 00 00 00 00 00 00 00 00 00 00 00 00 00 00 00 00
001181-001196 T0Block "drop_shadow_t0"
001197-001248 DataBlock
  .......@...?.... 00 00 00 00 00 00 00 40 00 00 80 3f 00 00 00 00
  ................ 00 00 00 00 00 00 00 00 00 00 00 00 00 00 00 00
  ................ 00 00 00 00 ff 00 00 00 00 00 00 00 01 00 00 00
  .g..             d0 67 c5 0e
001249-001256 StringBlock "h_line"
001257-001304 DataBlock
  ................ 00 00 02 00 00 00 06 00 00 00 00 01 00 00 00 00
  ................ 00 01 00 00 00 00 01 00 00 00 00 08 00 00 00 00
  ................ 00 00 00 00 00 00 00 00 00 e7 dd 0f 01 00 00 00
001305-001349 ImageBlock id=278634624 xsize=400 ysize=24 path="ui\\skins\\default\\h_line.png" unknown=0
001350-001362 DataBlock
  .............    00 00 00 00 00 01 00 00 00 00 e7 dd 0f
001363-001372 StringBlock "NewState"
001373-001409 DataBlock
  @............... 40 01 00 00 18 00 00 00 00 00 00 00 02 00 00 00
  ................ 00 00 00 00 00 00 00 00 01 00 00 00 01 00 00 00
  .....            00 00 00 00 00
001410-001425 StringBlock "georgia_italic"
001426-001441 DataBlock
  ................ 0c 00 00 00 06 00 00 00 01 00 00 00 b0 d7 df ff
001442-001452 StringBlock "fe_italic"
001453-001476 DataBlock
  ................ 00 00 00 00 00 00 00 00 00 00 00 00 00 00 00 00
  ........         00 00 00 00 01 00 00 00
001477-001487 T0Block "normal_t0"
001488-001503 DataBlock
  ................ 00 00 00 00 00 00 00 00 00 00 00 00 00 00 00 00
001504-001514 T0Block "normal_t0"
001515-001663 DataBlock
  ................ 00 00 00 00 00 00 00 00 00 00 00 00 00 00 00 00
  ................ 01 00 00 00 80 a0 9b 10 00 00 00 00 00 00 00 00
  @............... 40 01 00 00 18 00 00 00 ff ff ff ff 00 00 00 08
  ................ 00 00 00 00 00 00 00 00 00 00 00 01 00 00 00 00
  ................ 00 00 00 00 00 00 00 00 00 00 00 00 00 00 00 00
  ..............B. 00 00 00 00 00 00 00 00 00 00 00 00 00 a0 42 00
  ................ 00 00 00 00 00 00 00 00 00 00 00 00 00 00 00 00
  ................ 00 00 00 ff 00 00 00 00 00 00 00 00 00 00 00 00
  ................ 00 00 00 00 00 00 00 00 00 00 00 00 00 00 00 00
  .0k..            00 30 6b c5 0e
001664-001673 StringBlock "tx_local"
001674-001737 DataBlock
  ......,......... 00 00 0f 00 00 00 2c 00 00 00 00 01 00 00 00 00
  ................ 00 01 00 00 00 00 01 00 00 00 00 01 00 00 00 0f
  ...,......F..... 00 00 00 2c 00 00 00 00 00 fc 46 10 00 00 00 00
  ..............F. 00 00 00 00 00 00 00 00 01 00 00 00 00 fc 46 10
001738-001747 StringBlock "NewState"
001748-001755 DataBlock
  ........         f0 00 00 00 18 00 00 00
001756-001787 UnicodeBlock "Province wealth"
001788-001810 DataBlock
  ................ 00 00 02 00 00 00 04 00 00 00 00 00 00 00 01 00
  .......          00 00 01 00 00 00 01
001811-001874 UnicodeBlock "button_txt_NewState_Text_e0043j"
001875-001876 DataBlock
  ..               00 00
001877-001889 FontNameBlock "la_gioconda"
001890-001905 DataBlock
  ................ 0c 00 00 00 07 00 00 00 00 00 00 00 d7 f8 ff ff
001906-001914 StringBlock "fe_text"
001915-001938 DataBlock
  ................ 00 00 00 00 00 00 00 00 00 00 00 00 00 00 00 00
  ........         00 00 00 00 01 00 00 00
001939-001949 T0Block "normal_t0"
001950-001965 DataBlock
  ................ 00 00 00 00 00 00 00 00 00 00 00 00 00 00 00 00
001966-001976 T0Block "normal_t0"
001977-002028 DataBlock
  ................ 00 00 00 00 00 00 00 00 00 00 00 00 00 00 00 00
  ................ 00 00 00 00 00 00 00 00 00 00 00 00 00 00 00 00
  ................ 00 00 00 00 ff 00 00 00 00 00 00 00 02 00 00 00
  .n..             90 6e c5 0e
002029-002038 StringBlock "dy_value"
002039-002102 DataBlock
  ................ 00 00 e4 00 00 00 00 00 00 00 00 01 00 00 00 00
  ................ 00 01 00 00 00 00 01 00 00 00 00 00 00 00 00 00
  ..........^..... 00 00 00 00 00 00 00 00 e0 d0 5e 1f 00 00 00 00
  ..............^. 00 00 00 00 00 00 00 00 01 00 00 00 e0 d0 5e 1f
002103-002112 StringBlock "NewState"
002113-002120 DataBlock
  >.......         3e 00 00 00 18 00 00 00
002121-002130 UnicodeBlock "5000"
002131-002153 DataBlock
  ................ 00 00 03 00 00 00 04 00 00 00 00 00 00 00 02 00
  .......          00 00 01 00 00 00 01
002154-002203 UnicodeBlock "tx_local_NewState_Text_5"
002204-002205 DataBlock
  ..               00 00
002206-002218 FontNameBlock "la_gioconda"
002219-002234 DataBlock
  ................ 0c 00 00 00 07 00 00 00 00 00 00 00 d7 f8 ff ff
002235-002243 StringBlock "fe_text"
002244-002267 DataBlock
  ................ 00 00 00 00 00 00 00 00 00 00 00 00 00 00 00 00
  ........         00 00 00 00 01 00 00 00
002268-002278 T0Block "normal_t0"
002279-002294 DataBlock
  ................ 00 00 00 00 00 00 00 00 00 00 00 00 00 00 00 00
002295-002305 T0Block "normal_t0"
002306-002366 DataBlock
  ................ 00 00 00 00 00 00 00 00 00 00 00 00 00 00 00 00
  ................ 00 00 00 00 00 00 00 00 00 00 00 00 00 00 00 00
  ................ 00 00 00 00 ff 00 00 00 00 00 00 00 00 00 00 00
  ..........q..    00 00 00 00 00 00 00 01 00 f0 71 c5 0e
002367-002377 StringBlock "icon_coin"
002378-002425 DataBlock
  ................ 00 00 2e 01 00 00 04 00 00 00 00 00 00 00 00 00
  ................ 00 01 00 00 00 00 01 00 00 00 00 00 00 00 00 00
  .........$...... 00 00 00 00 00 00 00 00 00 24 e7 0b 01 00 00 00
002426-002468 ImageBlock id=278635040 xsize=14 ysize=14 path="ui\\skins\\default\\coin.png" unknown=0
002469-002481 DataBlock
  ..........$..    00 00 00 00 00 01 00 00 00 00 24 e7 0b
002482-002491 StringBlock "NewState"
002492-002528 DataBlock
  ................ 0e 00 00 00 0e 00 00 00 00 00 00 00 02 00 00 00
  ................ 00 00 00 00 00 00 00 00 01 00 00 00 01 00 00 00
  .....            00 00 00 00 00
002529-002544 StringBlock "georgia_italic"
002545-002560 DataBlock
  ................ 0c 00 00 00 06 00 00 00 01 00 00 00 b0 d7 df ff
002561-002571 StringBlock "fe_italic"
002572-002595 DataBlock
  ................ 00 00 00 00 00 00 00 00 00 00 00 00 00 00 00 00
  ........         00 00 00 00 01 00 00 00
002596-002606 T0Block "normal_t0"
002607-002622 DataBlock
  ................ 00 00 00 00 00 00 00 00 00 00 00 00 00 00 00 00
002623-002633 T0Block "normal_t0"
002634-002782 DataBlock
  ................ 00 00 00 00 00 00 00 00 00 00 00 00 00 00 00 00
  .... ........... 01 00 00 00 20 a2 9b 10 00 00 00 00 00 00 00 00
  ................ 0e 00 00 00 0e 00 00 00 ff ff ff ff 00 00 00 00
  ................ 00 00 00 00 00 00 00 00 00 00 00 01 01 00 00 00
  ................ 00 00 00 00 00 00 00 00 00 00 00 00 00 00 00 00
  ................ 00 00 00 00 00 00 00 00 00 00 00 00 00 00 00 00
  ................ 00 00 00 00 00 00 00 00 00 00 00 00 00 00 00 00
  ................ 00 00 00 ff 00 00 00 00 00 00 00 00 00 00 00 00
  ................ 00 00 00 00 00 00 00 00 00 00 00 00 00 00 00 01
  ..x..            00 80 78 c5 0e
002783-002795 StringBlock "tx_tax_rate"
002796-002859 DataBlock
  ......F......... 00 00 0f 00 00 00 46 00 00 00 00 01 00 00 00 00
  ................ 00 01 00 00 00 00 01 00 00 00 00 01 00 00 00 0f
  ...F....P....... 00 00 00 46 00 00 00 00 50 d9 e5 0b 00 00 00 00
  ............P... 00 00 00 00 00 00 00 00 01 00 00 00 50 d9 e5 0b
002860-002869 StringBlock "NewState"
002870-002877 DataBlock
  ........         f0 00 00 00 18 00 00 00
002878-002897 UnicodeBlock "Tax level"
002898-002920 DataBlock
  ................ 00 00 02 00 00 00 04 00 00 00 00 00 00 00 02 00
  .......          00 00 01 00 00 00 01
002921-002988 UnicodeBlock "tx_tax_rate_NewState_Text_45002ap"
002989-002990 DataBlock
  ..               00 00
002991-003003 FontNameBlock "la_gioconda"
003004-003019 DataBlock
  ................ 0c 00 00 00 07 00 00 00 00 00 00 00 d7 f8 ff ff
003020-003028 StringBlock "fe_text"
003029-003052 DataBlock
  ................ 00 00 00 00 00 00 00 00 00 00 00 00 00 00 00 00
  ........         00 00 00 00 01 00 00 00
003053-003063 T0Block "normal_t0"
003064-003079 DataBlock
  ................ 00 00 00 00 00 00 00 00 00 00 00 00 00 00 00 00
003080-003090 T0Block "normal_t0"
003091-003142 DataBlock
  ................ 00 00 00 00 00 00 00 00 00 00 00 00 00 00 00 00
  ................ 00 00 00 00 00 00 00 00 00 00 00 00 00 00 00 00
  ................ 00 00 00 00 ff 00 00 00 00 00 00 00 02 00 00 00
  .{..             e0 7b c5 0e
003143-003152 StringBlock "dy_value"
003153-003216 DataBlock
  ................ 00 00 dc 00 00 00 00 00 00 00 00 01 00 00 00 00
  ................ 00 01 00 00 00 00 01 00 00 00 00 00 00 00 00 00
  ........@...... 00 00 00 00 00 00 00 00 40 7f c5 0e 00 00 00 00
  ............@.. 00 00 00 00 00 00 00 00 01 00 00 00 40 7f c5 0e
003217-003226 StringBlock "NewState"
003227-003265 DataBlock
  F.........2.5.%. 46 00 00 00 18 00 00 00 03 00 32 00 35 00 25 00
  ................ 00 00 03 00 00 00 04 00 00 00 00 00 00 00 02 00
  .......          00 00 01 00 00 00 00
003266-003325 UnicodeBlock "dy_value_NewState_Text_350017"
003326-003327 DataBlock
  ..               00 00
003328-003340 FontNameBlock "la_gioconda"
003341-003356 DataBlock
  ................ 0c 00 00 00 07 00 00 00 00 00 00 00 d7 f8 ff ff
003357-003365 StringBlock "fe_text"
003366-003389 DataBlock
  ................ 00 00 00 00 00 00 00 00 00 00 00 00 00 00 00 00
  ........         00 00 00 00 01 00 00 00
003390-003400 T0Block "normal_t0"
003401-003416 DataBlock
  ................ 00 00 00 00 00 00 00 00 00 00 00 00 00 00 00 00
003417-003427 T0Block "normal_t0"
003428-003488 DataBlock
  ................ 00 00 00 00 00 00 00 00 00 00 00 00 00 00 00 00
  ................ 00 00 00 00 00 00 00 00 00 00 00 00 00 00 00 00
  ................ 00 00 00 00 ff 00 00 00 00 00 00 00 00 00 00 00
  .............    00 00 00 00 00 00 00 01 00 10 9f c5 0e
003489-003503 StringBlock "icon_tax_rate"
003504-003551 DataBlock
  ..(............. 00 00 28 01 00 00 00 00 00 00 00 00 00 00 00 00
  ................ 00 01 00 00 00 00 01 00 00 00 00 00 00 00 00 00
  ........P.e..... 00 00 00 00 00 00 00 00 50 c3 65 0c 01 00 00 00
003552-003603 ImageBlock id=278635456 xsize=24 ysize=24 path="ui\\skins\\default\\icon_tax_rate.png" unknown=0
003604-003616 DataBlock
  .........P.e.    00 00 00 00 00 01 00 00 00 50 c3 65 0c
003617-003626 StringBlock "NewState"
003627-003663 DataBlock
  ................ 18 00 00 00 18 00 00 00 00 00 00 00 02 00 00 00
  ................ 00 00 00 00 00 00 00 00 01 00 00 00 01 00 00 00
  .....            00 00 00 00 00
003664-003679 StringBlock "georgia_italic"
003680-003695 DataBlock
  ................ 0c 00 00 00 06 00 00 00 01 00 00 00 b0 d7 df ff
003696-003706 StringBlock "fe_italic"
003707-003730 DataBlock
  ................ 00 00 00 00 00 00 00 00 00 00 00 00 00 00 00 00
  ........         00 00 00 00 01 00 00 00
003731-003741 T0Block "normal_t0"
003742-003757 DataBlock
  ................ 00 00 00 00 00 00 00 00 00 00 00 00 00 00 00 00
003758-003768 T0Block "normal_t0"
003769-003917 DataBlock
  ................ 00 00 00 00 00 00 00 00 00 00 00 00 00 00 00 00
  ................ 01 00 00 00 c0 a3 9b 10 00 00 00 00 00 00 00 00
  ................ 18 00 00 00 18 00 00 00 ff ff ff ff 00 00 00 00
  ................ 00 00 00 00 00 00 00 00 00 00 00 01 01 00 00 00
  ................ 00 00 00 00 00 00 00 00 00 00 00 00 00 00 00 00
  ................ 00 00 00 00 00 00 00 00 00 00 00 00 00 00 00 00
  ................ 00 00 00 00 00 00 00 00 00 00 00 00 00 00 00 00
  ................ 00 00 00 ff 00 00 00 00 00 00 00 00 00 00 00 00
  ................ 00 00 00 00 00 00 00 00 00 00 00 00 00 00 00 01
  .....            00 80 ab c5 0e
003918-003933 StringBlock "tx_admin_costs"
003934-003997 DataBlock
  ......x......... 00 00 0f 00 00 00 78 00 00 00 00 01 00 00 00 00
  ................ 00 01 00 00 00 00 01 00 00 00 00 01 00 00 00 0f
  ...x.... .3..... 00 00 00 78 00 00 00 00 20 13 33 07 00 00 00 00
  ............ .3. 00 00 00 00 00 00 00 00 01 00 00 00 20 13 33 07
003998-004007 StringBlock "NewState"
004008-004015 DataBlock
  ........         f0 00 00 00 18 00 00 00
004016-004041 UnicodeBlock "> Corruption"
004042-004064 DataBlock
  ................ 00 00 02 00 00 00 04 00 00 00 00 00 00 00 02 00
  .......          00 00 01 00 00 00 01
004065-004138 UnicodeBlock "tx_admin_costs_NewState_Text_150063g"
004139-004140 DataBlock
  ..               00 00
004141-004153 FontNameBlock "la_gioconda"
004154-004169 DataBlock
  ................ 0c 00 00 00 07 00 00 00 00 00 00 00 d7 f8 ff ff
004170-004178 StringBlock "fe_text"
004179-004202 DataBlock
  ................ 01 00 00 00 00 00 00 00 00 00 00 00 00 00 00 00
  ........         00 00 00 00 01 00 00 00
004203-004213 T0Block "normal_t0"
004214-004229 DataBlock
  ................ 00 00 00 00 00 00 00 00 00 00 00 00 00 00 00 00
004230-004240 T0Block "normal_t0"
004241-004292 DataBlock
  ................ 00 00 00 00 00 00 00 00 00 00 00 00 00 00 00 00
  ................ 00 00 00 00 00 00 00 00 00 00 00 00 00 00 00 00
  ................ 00 00 00 00 ff 00 00 00 00 00 00 00 03 00 00 00
  ....             e0 ae c5 0e
004293-004302 StringBlock "dy_value"
004303-004366 DataBlock
  ................ 00 00 db 00 00 00 00 00 00 00 00 01 00 00 00 00
  ................ 00 01 00 00 00 00 01 00 00 00 00 00 00 00 00 00
  ........@....... 00 00 00 00 00 00 00 00 40 b2 c5 0e 00 00 00 00
  ............@... 00 00 00 00 00 00 00 00 01 00 00 00 40 b2 c5 0e
004367-004376 StringBlock "NewState"
004377-004384 DataBlock
  G.......         47 00 00 00 18 00 00 00
004385-004394 UnicodeBlock "-25%"
004395-004417 DataBlock
  ................ 00 00 03 00 00 00 04 00 00 00 00 00 00 00 02 00
  .......          00 00 01 00 00 00 00
004418-004477 UnicodeBlock "dy_value_NewState_Text_350017"
004478-004479 DataBlock
  ..               00 00
004480-004492 FontNameBlock "la_gioconda"
004493-004508 DataBlock
  ............7K.. 0c 00 00 00 00 00 00 00 00 00 00 00 37 4b ff ff
004509-004521 StringBlock "fe_text_red"
004522-004545 DataBlock
  ................ 00 00 00 00 00 00 00 00 00 00 00 00 00 00 00 00
  ........         00 00 00 00 01 00 00 00
004546-004556 T0Block "normal_t0"
004557-004572 DataBlock
  ................ 00 00 00 00 00 00 00 00 00 00 00 00 00 00 00 00
004573-004583 T0Block "normal_t0"
004584-004644 DataBlock
  ................ 00 00 00 00 00 00 00 00 00 00 00 00 00 00 00 00
  ................ 00 00 00 00 00 00 00 00 00 00 00 00 00 00 00 00
  ................ 00 00 00 00 ff 00 00 00 00 00 00 00 00 00 00 00
  .........P...    00 00 00 00 00 00 00 01 00 50 b4 c5 0e
004645-004659 StringBlock "icon_tax_rate"
004660-004707 DataBlock
  ..(............. 00 00 28 01 00 00 00 00 00 00 00 00 00 00 00 00
  ................ 00 01 00 00 00 00 01 00 00 00 00 00 00 00 00 00
  ................ 00 00 00 00 00 00 00 00 b0 b7 c5 0e 01 00 00 00
004708-004758 ImageBlock id=278635840 xsize=24 ysize=24 path="ui\\skins\\default\\icon_records.png" unknown=0
004759-004771 DataBlock
  .............    00 00 00 00 00 01 00 00 00 b0 b7 c5 0e
004772-004781 StringBlock "NewState"
004782-004818 DataBlock
  ................ 18 00 00 00 18 00 00 00 00 00 00 00 02 00 00 00
  ................ 00 00 00 00 00 00 00 00 01 00 00 00 01 00 00 00
  .....            00 00 00 00 00
004819-004834 StringBlock "georgia_italic"
004835-004850 DataBlock
  ................ 0c 00 00 00 06 00 00 00 01 00 00 00 b0 d7 df ff
004851-004861 StringBlock "fe_italic"
004862-004885 DataBlock
  ................ 00 00 00 00 00 00 00 00 00 00 00 00 00 00 00 00
  ........         00 00 00 00 01 00 00 00
004886-004896 T0Block "normal_t0"
004897-004912 DataBlock
  ................ 00 00 00 00 00 00 00 00 00 00 00 00 00 00 00 00
004913-004923 T0Block "normal_t0"
004924-005063 DataBlock
  ................ 00 00 00 00 00 00 00 00 00 00 00 00 00 00 00 00
  ....@........... 01 00 00 00 40 a5 9b 10 00 00 00 00 00 00 00 00
  ................ 18 00 00 00 18 00 00 00 ff ff ff ff 00 00 00 00
  ................ 00 00 00 00 00 00 00 00 00 00 00 01 01 00 00 00
  ................ 00 00 00 00 00 00 00 00 00 00 00 00 00 00 00 00
  ................ 00 00 00 00 00 00 00 00 00 00 00 00 00 00 00 00
  ................ 00 00 00 00 00 00 00 00 00 00 00 00 00 00 00 00
  ................ 00 00 00 ff 00 00 00 00 00 00 00 00 00 00 00 00
  .........Y.]     00 00 00 00 00 00 00 00 00 59 bb 5d
005064-005071 StringBlock "indent"
005072-005119 DataBlock
  ................ 00 00 03 00 00 00 03 00 00 00 00 01 01 00 00 00
  ................ 00 00 00 00 00 00 01 00 00 00 00 00 00 00 00 00
  .........\.].... 00 00 00 00 00 00 00 00 00 5c bb 5d 01 00 00 00
005120-005174 ImageBlock id=1735693056 xsize=18 ysize=15 path="ui\\skins\\default\\row_indent_arrow.png" unknown=0
005175-005187 DataBlock
  ..........\.]    00 00 00 00 00 01 00 00 00 00 5c bb 5d
005188-005197 StringBlock "NewState"
005198-005234 DataBlock
  ................ 12 00 00 00 0f 00 00 00 00 00 00 00 02 00 00 00
  ................ 00 00 00 00 00 00 00 00 01 00 00 00 01 00 00 00
  .....            00 00 00 00 00
005235-005250 StringBlock "georgia_italic"
005251-005266 DataBlock
  ................ 0a 00 00 00 02 00 00 00 01 00 00 00 dd da fa ff
005267-005289 StringBlock "Default Font Category"
005290-005313 DataBlock
  ................ 00 00 00 00 00 00 00 00 00 00 00 00 00 00 00 00
  ........         00 00 00 00 01 00 00 00
005314-005324 T0Block "normal_t0"
005325-005340 DataBlock
  ................ 00 00 00 00 00 00 00 00 00 00 00 00 00 00 00 00
005341-005351 T0Block "normal_t0"
005352-005500 DataBlock
  ................ 00 00 00 00 00 00 00 00 00 00 00 00 00 00 00 00
  ......tg........ 01 00 00 00 00 93 74 67 00 00 00 00 00 00 00 00
  ................ 12 00 00 00 0f 00 00 00 ff ff ff ff 00 00 00 00
  ................ 00 00 00 00 00 00 00 00 00 00 00 01 01 00 00 00
  ................ 00 00 00 00 00 00 00 00 00 00 00 00 00 00 00 00
  ................ 00 00 00 00 00 00 00 00 00 00 00 00 00 00 00 00
  ................ 00 00 00 00 00 00 00 00 00 00 00 00 00 00 00 00
  ................ 00 00 00 ff 00 00 00 00 00 00 00 00 00 00 00 00
  ................ 00 00 00 00 00 00 00 00 00 00 00 00 00 00 00 01
  .....            00 b0 b9 c5 0e
005501-005511 StringBlock "tx_income"
005512-005575 DataBlock
  ................ 00 00 0f 00 00 00 92 00 00 00 00 01 00 00 00 00
  ................ 00 01 00 00 00 00 01 00 00 00 00 01 00 00 00 0f
  ................ 00 00 00 92 00 00 00 00 00 b0 9b 10 00 00 00 00
  ................ 00 00 00 00 00 00 00 00 01 00 00 00 00 b0 9b 10
005576-005585 StringBlock "NewState"
005586-005593 DataBlock
  ........         f0 00 00 00 18 00 00 00
005594-005607 UnicodeBlock "Income"
005608-005630 DataBlock
  ................ 00 00 02 00 00 00 04 00 00 00 00 00 00 00 02 00
  .......          00 00 01 00 00 00 01
005631-005692 UnicodeBlock "income_NewState_Tooltip_640047"
005693-005694 DataBlock
  ..               00 00
005695-005707 FontNameBlock "la_gioconda"
005708-005723 DataBlock
  ................ 0c 00 00 00 07 00 00 00 00 00 00 00 d7 f8 ff ff
005724-005732 StringBlock "fe_text"
005733-005756 DataBlock
  ................ 00 00 00 00 00 00 00 00 00 00 00 00 00 00 00 00
  ........         00 00 00 00 01 00 00 00
005757-005767 T0Block "normal_t0"
005768-005783 DataBlock
  ................ 00 00 00 00 00 00 00 00 00 00 00 00 00 00 00 00
005784-005794 T0Block "normal_t0"
005795-005846 DataBlock
  ................ 00 00 00 00 00 00 00 00 00 00 00 00 00 00 00 00
  ................ 00 00 00 00 00 00 00 00 00 00 00 00 00 00 00 00
  ................ 00 00 00 00 ff 00 00 00 00 00 00 00 03 00 00 00
  ....             00 b2 9b 10
005847-005856 StringBlock "dy_value"
005857-005920 DataBlock
  ................ 00 00 e4 00 00 00 02 00 00 00 00 01 00 00 00 00
  ................ 00 01 00 00 00 00 01 00 00 00 00 00 00 00 00 00
  ........`....... 00 00 00 00 00 00 00 00 60 b5 9b 10 00 00 00 00
  ............`... 00 00 00 00 00 00 00 00 01 00 00 00 60 b5 9b 10
005921-005930 StringBlock "NewState"
005931-005938 DataBlock
  >.......         3e 00 00 00 18 00 00 00
005939-005948 UnicodeBlock "1000"
005949-005971 DataBlock
  ................ 00 00 03 00 00 00 04 00 00 00 00 00 00 00 02 00
  .......          00 00 01 00 00 00 00
005972-006021 UnicodeBlock "dy_value_NewState_Text_1"
006022-006023 DataBlock
  ..               00 00
006024-006036 FontNameBlock "la_gioconda"
006037-006052 DataBlock
  ................ 0c 00 00 00 07 00 00 00 00 00 00 00 d7 f8 ff ff
006053-006061 StringBlock "fe_text"
006062-006085 DataBlock
  ................ 00 00 00 00 00 00 00 00 00 00 00 00 00 00 00 00
  ........         00 00 00 00 01 00 00 00
006086-006096 T0Block "normal_t0"
006097-006112 DataBlock
  ................ 00 00 00 00 00 00 00 00 00 00 00 00 00 00 00 00
006113-006123 T0Block "normal_t0"
006124-006184 DataBlock
  ................ 00 00 00 00 00 00 00 00 00 00 00 00 00 00 00 00
  ................ 00 00 00 00 00 00 00 00 00 00 00 00 00 00 00 00
  ................ 00 00 00 00 ff 00 00 00 00 00 00 00 00 00 00 00
  .........`...    00 00 00 00 00 00 00 01 00 60 b7 9b 10
006185-006197 StringBlock "icon_income"
006198-006245 DataBlock
  ..)............. 00 00 29 01 00 00 07 00 00 00 00 00 00 00 00 00
  ................ 00 01 00 00 00 00 01 00 00 00 00 00 00 00 00 00
  .........d...... 00 00 00 00 00 00 00 00 e0 64 ad 13 01 00 00 00
006246-006295 ImageBlock id=278641344 xsize=18 ysize=14 path="ui\\skins\\default\\income_icon.png" unknown=0
006296-006308 DataBlock
  ..........d..    00 00 00 00 00 01 00 00 00 e0 64 ad 13
006309-006318 StringBlock "NewState"
006319-006355 DataBlock
  ................ 12 00 00 00 0e 00 00 00 00 00 00 00 02 00 00 00
  ................ 00 00 00 00 00 00 00 00 01 00 00 00 01 00 00 00
  .....            00 00 00 00 00
006356-006371 StringBlock "georgia_italic"
006372-006387 DataBlock
  ................ 0c 00 00 00 06 00 00 00 01 00 00 00 b0 d7 df ff
006388-006398 StringBlock "fe_italic"
006399-006422 DataBlock
  ................ 00 00 00 00 00 00 00 00 00 00 00 00 00 00 00 00
  ........         00 00 00 00 01 00 00 00
006423-006433 T0Block "normal_t0"
006434-006449 DataBlock
  ................ 00 00 00 00 00 00 00 00 00 00 00 00 00 00 00 00
006450-006460 T0Block "normal_t0"
006461-006600 DataBlock
  ................ 00 00 00 00 00 00 00 00 00 00 00 00 00 00 00 00
  ................ 01 00 00 00 c0 ba 9b 10 00 00 00 00 00 00 00 00
  ................ 12 00 00 00 0e 00 00 00 ff ff ff ff 00 00 00 00
  ................ 00 00 00 00 00 00 00 00 00 00 00 01 01 00 00 00
  ................ 00 00 00 00 00 00 00 00 00 00 00 00 00 00 00 00
  ................ 00 00 00 00 00 00 00 00 00 00 00 00 00 00 00 00
  ................ 00 00 00 00 00 00 00 00 00 00 00 00 00 00 00 00
  ................ 00 00 00 ff 00 00 00 00 00 00 00 00 00 00 00 00
  ...........p     00 00 00 00 00 00 00 00 00 96 f2 70
006601-006608 StringBlock "h_line"
006609-006656 DataBlock
  ................ 00 00 01 00 00 00 00 00 00 00 00 01 00 00 00 00
  ................ 00 01 00 00 00 00 01 00 00 00 00 00 00 00 00 00
  ..........-^.... 00 00 00 00 00 00 00 00 00 f8 2d 5e 01 00 00 00
006657-006701 ImageBlock id=1665839488 xsize=400 ysize=24 path="ui\\skins\\default\\h_line.png" unknown=0
006702-006714 DataBlock
  ...........-^    00 00 00 00 00 01 00 00 00 00 f8 2d 5e
006715-006724 StringBlock "NewState"
006725-006761 DataBlock
  @............... 40 01 00 00 18 00 00 00 00 00 00 00 02 00 00 00
  ................ 00 00 00 00 00 00 00 00 01 00 00 00 01 00 00 00
  .....            00 00 00 00 00
006762-006777 StringBlock "georgia_italic"
006778-006793 DataBlock
  ................ 0c 00 00 00 06 00 00 00 01 00 00 00 b0 d7 df ff
006794-006804 StringBlock "fe_italic"
006805-006828 DataBlock
  ................ 00 00 00 00 00 00 00 00 00 00 00 00 00 00 00 00
  ........         00 00 00 00 01 00 00 00
006829-006839 T0Block "normal_t0"
006840-006855 DataBlock
  ................ 00 00 00 00 00 00 00 00 00 00 00 00 00 00 00 00
006856-006866 T0Block "normal_t0"
006867-007015 DataBlock
  ................ 00 00 00 00 00 00 00 00 00 00 00 00 00 00 00 00
  ......Jc........ 01 00 00 00 80 b1 4a 63 00 00 00 00 00 00 00 00
  @............... 40 01 00 00 18 00 00 00 ff ff ff ff 00 00 01 02
  ................ 00 00 00 00 00 00 00 00 00 00 00 01 00 00 00 00
  ................ 00 00 00 00 00 00 00 00 00 00 00 00 00 00 00 00
  ..............B. 00 00 00 00 00 00 00 00 00 00 00 00 00 a0 42 00
  ................ 00 00 00 00 00 00 00 00 00 00 00 00 00 00 00 00
  ................ 00 00 00 ff 00 00 00 00 00 00 00 00 00 00 00 00
  ................ 00 00 00 00 00 00 00 00 00 00 00 00 00 00 00 01
  .....            00 d0 f6 e5 0b
007016-007031 StringBlock "tx_slave_bonus"
007032-007095 DataBlock
  ......`......... 00 00 0f 00 00 00 60 00 00 00 00 01 00 00 00 00
  ................ 00 01 00 00 00 00 01 00 00 00 00 01 00 00 00 0f
  ...`....0....... 00 00 00 60 00 00 00 00 30 fa e5 0b 00 00 00 00
  ............0... 00 00 00 00 00 00 00 00 01 00 00 00 30 fa e5 0b
007096-007105 StringBlock "NewState"
007106-007113 DataBlock
  ........         f0 00 00 00 18 00 00 00
007114-007131 UnicodeBlock "> Slaves"
007132-007154 DataBlock
  ................ 00 00 02 00 00 00 04 00 00 00 00 00 00 00 02 00
  .......          00 00 01 00 00 00 01
007155-007228 UnicodeBlock "tx_slave_bonus_NewState_Text_200028u"
007229-007230 DataBlock
  ..               00 00
007231-007243 FontNameBlock "la_gioconda"
007244-007259 DataBlock
  ................ 0c 00 00 00 07 00 00 00 00 00 00 00 d7 f8 ff ff
007260-007268 StringBlock "fe_text"
007269-007292 DataBlock
  ................ 01 00 00 00 00 00 00 00 00 00 00 00 00 00 00 00
  ........         00 00 00 00 01 00 00 00
007293-007303 T0Block "normal_t0"
007304-007319 DataBlock
  ................ 00 00 00 00 00 00 00 00 00 00 00 00 00 00 00 00
007320-007330 T0Block "normal_t0"
007331-007382 DataBlock
  ................ 00 00 00 00 00 00 00 00 00 00 00 00 00 00 00 00
  ................ 00 00 00 00 00 00 00 00 00 00 00 00 00 00 00 00
  ................ 00 00 00 00 ff 00 00 00 00 00 00 00 03 00 00 00
  0...             30 fc e5 0b
007383-007392 StringBlock "dy_value"
007393-007456 DataBlock
  ................ 00 00 db 00 00 00 00 00 00 00 00 01 00 00 00 00
  ................ 00 01 00 00 00 00 01 00 00 00 00 00 00 00 00 00
  ................ 00 00 00 00 00 00 00 00 90 ff e5 0b 00 00 00 00
  ................ 00 00 00 00 00 00 00 00 01 00 00 00 90 ff e5 0b
007457-007466 StringBlock "NewState"
007467-007474 DataBlock
  G.......         47 00 00 00 18 00 00 00
007475-007484 UnicodeBlock "+25%"
007485-007507 DataBlock
  ................ 00 00 03 00 00 00 04 00 00 00 00 00 00 00 02 00
  .......          00 00 01 00 00 00 00
007508-007567 UnicodeBlock "dy_value_NewState_Text_350017"
007568-007569 DataBlock
  ..               00 00
007570-007582 FontNameBlock "la_gioconda"
007583-007598 DataBlock
  ................ 0c 00 00 00 07 00 00 00 00 00 00 00 d7 f8 ff ff
007599-007607 StringBlock "fe_text"
007608-007631 DataBlock
  ................ 00 00 00 00 00 00 00 00 00 00 00 00 00 00 00 00
  ........         00 00 00 00 01 00 00 00
007632-007642 T0Block "normal_t0"
007643-007658 DataBlock
  ................ 00 00 00 00 00 00 00 00 00 00 00 00 00 00 00 00
007659-007669 T0Block "normal_t0"
007670-007730 DataBlock
  ................ 00 00 00 00 00 00 00 00 00 00 00 00 00 00 00 00
  ................ 00 00 00 00 00 00 00 00 00 00 00 00 00 00 00 00
  ................ 00 00 00 00 ff 00 00 00 00 00 00 00 00 00 00 00
  .............    00 00 00 00 00 00 00 01 00 a0 01 e6 0b
007731-007743 StringBlock "icon_slaves"
007744-007791 DataBlock
  ..(............. 00 00 28 01 00 00 00 00 00 00 00 00 00 00 00 00
  ................ 00 01 00 00 00 00 01 00 00 00 00 00 00 00 00 00
  ................ 00 00 00 00 00 00 00 00 c0 05 e6 0b 01 00 00 00
007792-007841 ImageBlock id=199623936 xsize=24 ysize=24 path="ui\\skins\\default\\icon_slaves.png" unknown=0
007842-007854 DataBlock
  .............    00 00 00 00 00 01 00 00 00 c0 05 e6 0b
007855-007864 StringBlock "NewState"
007865-007901 DataBlock
  ................ 18 00 00 00 18 00 00 00 00 00 00 00 02 00 00 00
  ................ 00 00 00 00 00 00 00 00 01 00 00 00 01 00 00 00
  .....            00 00 00 00 00
007902-007917 StringBlock "georgia_italic"
007918-007933 DataBlock
  ................ 0c 00 00 00 06 00 00 00 01 00 00 00 b0 d7 df ff
007934-007944 StringBlock "fe_italic"
007945-007968 DataBlock
  ................ 1a 00 00 00 00 00 00 00 00 00 00 00 00 00 00 00
  ........         00 00 00 00 01 00 00 00
007969-007979 T0Block "normal_t0"
007980-007995 DataBlock
  ................ 00 00 00 00 00 00 00 00 00 00 00 00 00 00 00 00
007996-008006 T0Block "normal_t0"
008007-008146 DataBlock
  ................ 00 00 00 00 00 00 00 00 00 00 00 00 00 00 00 00
  ................ 01 00 00 00 00 05 e6 0b 00 00 00 00 00 00 00 00
  ................ 18 00 00 00 18 00 00 00 ff ff ff ff 00 00 00 00
  ................ 00 00 00 00 00 00 00 00 00 00 00 01 01 00 00 00
  ................ 00 00 00 00 00 00 00 00 00 00 00 00 00 00 00 00
  ................ 00 00 00 00 00 00 00 00 00 00 00 00 00 00 00 00
  ................ 00 00 00 00 00 00 00 00 00 00 00 00 00 00 00 00
  ................ 00 00 00 ff 00 00 00 00 00 00 00 00 00 00 00 00
  .........\.g     00 00 00 00 00 00 00 00 80 5c d0 67
008147-008154 StringBlock "indent"
008155-008202 DataBlock
  ................ 00 00 02 00 00 00 00 00 00 00 00 01 01 00 00 00
  ................ 00 00 00 00 00 00 01 00 00 00 00 00 00 00 00 00
  ...........c.... 00 00 00 00 00 00 00 00 80 b3 87 63 01 00 00 00
008203-008257 ImageBlock id=1580948992 xsize=18 ysize=15 path="ui\\skins\\default\\row_indent_arrow.png" unknown=0
008258-008270 DataBlock
  ............c    00 00 00 00 00 01 00 00 00 80 b3 87 63
008271-008280 StringBlock "NewState"
008281-008317 DataBlock
  ................ 12 00 00 00 0f 00 00 00 00 00 00 00 02 00 00 00
  ................ 00 00 00 00 00 00 00 00 01 00 00 00 01 00 00 00
  .....            00 00 00 00 00
008318-008333 StringBlock "georgia_italic"
008334-008349 DataBlock
  ................ 0a 00 00 00 02 00 00 00 01 00 00 00 dd da fa ff
008350-008372 StringBlock "Default Font Category"
008373-008396 DataBlock
  ................ 00 00 00 00 00 00 00 00 00 00 00 00 00 00 00 00
  ........         00 00 00 00 01 00 00 00
008397-008407 T0Block "normal_t0"
008408-008423 DataBlock
  ................ 00 00 00 00 00 00 00 00 00 00 00 00 00 00 00 00
008424-008434 T0Block "normal_t0"
008435-008597 DataBlock
  ................ 00 00 00 00 00 00 00 00 00 00 00 00 00 00 00 00
  .....^;^........ 01 00 00 00 00 5e 3b 5e 00 00 00 00 00 00 00 00
  ................ 12 00 00 00 0f 00 00 00 ff ff ff ff 00 00 00 00
  ................ 00 00 00 00 00 00 00 00 00 00 00 01 01 00 00 00
  ................ 00 00 00 00 00 00 00 00 00 00 00 00 00 00 00 00
  ................ 00 00 00 00 00 00 00 00 00 00 00 00 00 00 00 00
  ................ 00 00 00 00 00 00 00 00 00 00 00 00 00 00 00 00
  ................ 00 00 00 ff 00 00 00 00 00 00 00 00 00 00 00 00
  ................ 00 00 00 00 00 00 00 00 00 00 00 00 00 00 00 01
  ................ 00 00 00 00 00 00 00 00 00 00 00 00 00 00 00 00
  ...              00 00 00
