000000-000009 VersionBlock 86
000010-000013 RootIDBlock 301433344
000014-000019 StringBlock "root"
000020-000098 DataBlock
  ................ 00 00 00 00 00 00 00 00 00 00 00 01 01 00 00 00
  ................ 00 01 00 00 00 00 01 00 00 00 00 00 00 00 00 00
  ........@....... 00 00 00 00 00 00 00 00 40 89 dd 11 01 00 00 00
  .&....@......... e0 26 f4 11 00 00 40 06 00 00 c0 03 00 00 00 00
  ...........@...  00 00 00 00 00 00 00 01 00 00 00 40 89 dd 11
000099-000108 StringBlock "NewState"
000109-000145 DataBlock
  ................ 00 05 00 00 00 04 00 00 00 00 00 00 02 00 00 00
  ................ 00 00 00 00 00 00 00 00 01 00 00 00 01 00 00 00
  .....            00 00 00 00 00
000146-000161 StringBlock "georgia_italic"
000162-000177 DataBlock
  ................ 0a 00 00 00 02 00 00 00 01 00 00 00 dd da fa ff
000178-000200 StringBlock "Default Font Category"
000201-000224 DataBlock
  ................ 00 00 00 00 00 00 00 00 00 00 00 00 00 00 00 00
  ........         00 00 00 00 01 00 00 00
000225-000235 T0Block "normal_t0"
000236-000251 DataBlock
  ................ 00 00 00 00 00 00 00 00 00 00 00 00 00 00 00 00
000252-000262 T0Block "normal_t0"
000263-000393 DataBlock
  ................ 00 00 00 00 00 00 00 00 00 00 00 00 00 00 00 00
  .....&.......... 01 00 00 00 e0 26 f4 11 00 00 00 00 00 00 00 00
  @.......(((..... 40 06 00 00 c0 03 00 00 28 28 28 ff 00 00 00 00
  ................ 00 00 00 00 00 00 00 00 00 00 00 01 01 00 00 00
  ................ 00 00 00 00 00 00 00 00 00 00 00 00 00 00 00 00
  ................ 00 00 00 00 00 00 00 00 00 00 00 00 00 00 00 00
  ................ 00 00 00 00 00 00 00 00 00 00 00 00 00 00 00 00
  ................ 00 00 00 00 00 00 00 00 00 00 00 01 00 00 00 e0
  ...              86 f7 11
000394-000428 StringBlock "building_info_recruitment_effects"
000429-000451 StringBlock "BuildingInfoUnitEntry"
000452-000513 DataBlock
  b...e........... 62 02 00 00 65 01 00 00 00 01 01 00 00 00 00 01
  ................ 00 00 00 00 01 00 00 00 00 00 00 00 00 fc ff ff
  ................ ff fc ff ff ff 00 00 00 00 00 00 00 00 00 00 00
  .......... ...   00 00 00 00 00 00 01 00 00 00 20 8b dd 11
000514-000522 StringBlock "Default"
000523-000559 DataBlock
  ................ ea 00 00 00 8e 00 00 00 00 00 00 00 02 00 00 00
  ................ 00 00 00 00 00 00 00 00 01 00 00 00 01 00 00 00
  .....            00 00 00 00 00
000560-000572 FontNameBlock "la_gioconda"
000573-000588 DataBlock
  ................ 0c 00 00 00 07 00 00 00 00 00 00 00 00 00 00 ff
000589-000601 StringBlock "ingame_text"
000602-000625 DataBlock
  ................ 00 00 00 00 00 00 00 00 00 00 00 00 00 00 00 00
  ........         00 00 00 00 01 00 00 00
000626-000636 T0Block "normal_t0"
000637-000652 DataBlock
  ................ 00 00 00 00 00 00 00 00 00 00 00 00 00 00 00 00
000653-000663 T0Block "normal_t0"
000664-000715 DataBlock
  ................ 00 00 00 00 00 00 00 00 00 00 00 00 00 00 00 00
  ................ 00 00 00 00 1e 00 00 00 10 00 00 00 00 00 00 00
  ................ 00 00 00 00 0a 00 00 00 00 00 00 00 03 00 00 00
   ...             20 dd f7 11
000716-000729 StringBlock "title_parent"
000730-000773 DataBlock
  ................ 00 00 00 00 00 00 00 00 00 00 00 00 01 00 00 00
  ................ 00 01 00 00 00 00 01 00 00 00 00 01 00 00 00 00
  .........t..     00 00 00 00 00 00 00 00 c0 74 f4 11
000774-000822 ImageListBlock 1 elements:
  000778-000822 ImageBlock id=297330592 xsize=400 ysize=24 path="ui/skins/default/h_line.png" unknown=0
000823-000882 DataBlock
  ..........t....N 00 00 00 00 00 01 00 00 00 c0 74 f4 11 08 00 4e
  ewState....0.... 65 77 53 74 61 74 65 ea 00 00 00 30 00 00 00 00
  ................ 00 00 00 02 00 00 00 00 00 00 00 00 00 00 00 01
  ............     00 00 00 01 00 00 00 00 00 00 00 00
000883-000898 StringBlock "georgia_italic"
000899-000914 DataBlock
  ................ 0a 00 00 00 02 00 00 00 01 00 00 00 dd da fa ff
000915-000937 StringBlock "Default Font Category"
000938-000961 DataBlock
  ................ 00 00 00 00 00 00 00 00 00 00 00 00 00 00 00 00
  ........         00 00 00 00 01 00 00 00
000962-000972 T0Block "normal_t0"
000973-000988 DataBlock
  ................ 00 00 00 00 00 00 00 00 00 00 00 00 00 00 00 00
000989-000999 T0Block "normal_t0"
001000-001130 DataBlock
  ................ 00 00 00 00 00 00 00 00 00 00 00 00 00 00 00 00
  ................ 01 00 00 00 a0 e7 b8 11 00 00 00 00 18 00 00 00
  ................ ea 00 00 00 18 00 00 00 ff ff ff 00 00 00 00 08
  ................ 00 00 00 00 00 00 00 00 00 00 00 01 00 00 00 00
  ................ 00 00 00 00 00 00 00 00 00 00 00 00 00 00 00 00
  ..............B. 00 00 00 00 00 00 00 00 00 00 00 00 00 a0 42 00
  ................ 00 00 00 00 00 00 00 00 00 00 00 00 00 00 00 00
  ................ 00 00 00 0a 00 00 00 00 00 00 00 02 00 00 00 00
  ...              e2 f7 11
001131-001142 StringBlock "tx_enables"
001143-001206 DataBlock
  ................ 00 00 1c 00 00 00 00 00 00 00 00 00 01 00 00 00
  ................ 00 01 00 00 00 00 01 00 00 00 00 03 00 00 00 00
  .........v...... 00 00 00 00 00 00 00 00 a0 76 f4 11 00 00 00 00
  .............v.. 00 00 00 00 00 00 00 00 03 00 00 00 a0 76 f4 11
001207-001215 StringBlock "recruit"
001216-001223 DataBlock
  ....0...         ce 00 00 00 30 00 00 00
001224-001271 UnicodeBlock "Unlocks recruitment of:"
001272-001294 DataBlock
  ................ 00 00 02 00 00 00 00 00 00 00 00 00 00 00 01 00
  .......          00 00 01 00 00 00 01
001295-001356 UnicodeBlock "tx_enables_recruit_Text_71007d"
001357-001358 DataBlock
  ..               00 00
001359-001371 FontNameBlock "la_gioconda"
001372-001387 DataBlock
  ................ 0c 00 00 00 07 00 00 00 00 00 00 00 d7 f8 ff ff
001388-001403 StringBlock "ingame_tooltip"
001404-001427 DataBlock
  ................ 00 00 00 00 02 00 00 00 06 00 00 00 00 00 00 00
  ........         00 00 00 00 01 00 00 00
001428-001438 T0Block "normal_t0"
001439-001454 DataBlock
  ................ 00 00 00 00 00 00 00 00 00 00 00 00 00 00 00 00
001455-001465 T0Block "normal_t0"
001466-001501 DataBlock
  ................ 00 00 00 00 00 00 00 00 00 00 00 00 00 00 00 00
  ................ 00 00 00 00 00 00 00 00 00 00 00 00 00 00 00 00
  .)..             a0 29 d8 11
001502-001511 StringBlock "garrison"
001512-001519 DataBlock
  ....0...         ce 00 00 00 30 00 00 00
001520-001557 UnicodeBlock "Provides garrison:"
001558-001580 DataBlock
  ................ 00 00 02 00 00 00 00 00 00 00 00 00 00 00 01 00
  .......          00 00 01 00 00 00 01
001581-001644 UnicodeBlock "tx_enables_garrison_Text_3a001d"
001645-001646 DataBlock
  ..               00 00
001647-001659 FontNameBlock "la_gioconda"
001660-001675 DataBlock
  ................ 0c 00 00 00 07 00 00 00 00 00 00 00 d7 f8 ff ff
001676-001691 StringBlock "ingame_tooltip"
001692-001715 DataBlock
  ................ 00 00 00 00 02 00 00 00 06 00 00 00 00 00 00 00
  ........         00 00 00 00 01 00 00 00
001716-001726 T0Block "normal_t0"
001727-001742 DataBlock
  ................ 00 00 00 00 00 00 00 00 00 00 00 00 00 00 00 00
001743-001753 T0Block "normal_t0"
001754-001789 DataBlock
  ................ 00 00 00 00 00 00 00 00 00 00 00 00 00 00 00 00
  ................ 00 00 00 00 00 00 00 00 00 00 00 00 00 00 00 00
  .r).             9c 72 29 01
001790-001804 StringBlock "siege_defence"
001805-001812 DataBlock
  ....0...         ce 00 00 00 30 00 00 00
001813-001862 UnicodeBlock "Provides siege defences:"
001863-001885 DataBlock
  ................ 00 00 02 00 00 00 00 00 00 00 00 00 00 00 01 00
  .......          00 00 01 00 00 00 01
001886-001959 UnicodeBlock "tx_enables_siege_defence_Text_53002d"
001960-001961 DataBlock
  ..               00 00
001962-001974 FontNameBlock "la_gioconda"
001975-001990 DataBlock
  ................ 0c 00 00 00 07 00 00 00 00 00 00 00 d7 f8 ff ff
001991-001999 StringBlock "fe_text"
002000-002023 DataBlock
  ................ 00 00 00 00 02 00 00 00 06 00 00 00 00 00 00 00
  ........         00 00 00 00 00 00 00 00
002024-002034 T0Block "normal_t0"
002035-002050 DataBlock
  ................ 00 00 00 00 00 00 00 00 00 00 00 00 00 00 00 00
002051-002061 T0Block "normal_t0"
002062-002122 DataBlock
  ................ 00 00 00 00 00 00 00 00 00 00 00 00 00 00 00 00
  ................ 00 00 00 00 00 00 00 00 00 00 00 00 00 00 00 00
  ................ 00 00 00 00 0a 00 00 00 00 00 00 00 00 00 00 00
  .............    00 00 00 00 00 00 00 00 00 80 eb f7 11
002123-002135 StringBlock "effect_icon"
002136-002183 DataBlock
  ................ 00 00 00 00 00 00 00 00 00 00 00 00 00 00 00 00
  ................ 00 01 00 00 00 00 01 00 00 00 00 01 00 00 00 00
  ................ 00 00 00 00 00 00 00 00 00 00 00 00 02 00 00 00
002184-002244 ImageBlock id=203567616 xsize=32 ysize=32 path="ui/skins/default/replenishment_positive.png" unknown=573755392
002245-002245 DataBlock
  .                0c
002246-002281 ImagePathBlock "ui/skins/default/navy_positive.png"
002282-002306 DataBlock
   ... ........... 20 00 00 00 20 00 00 00 00 00 00 00 00 00 00 00
  ......-..        00 02 00 00 00 80 2d d8 11
002307-002312 StringBlock "army"
002313-002349 DataBlock
  ................ 18 00 00 00 18 00 00 00 00 00 00 00 02 00 00 00
  ................ 00 00 00 00 00 00 00 00 01 00 00 00 01 00 00 00
  .....            00 00 00 00 00
002350-002362 FontNameBlock "la_gioconda"
002363-002378 DataBlock
  ................ 0c 00 00 00 07 00 00 00 00 00 00 00 00 00 00 ff
002379-002391 StringBlock "ingame_text"
002392-002415 DataBlock
  ................ 00 00 00 00 00 00 00 00 00 00 00 00 00 00 00 00
  ........         00 00 00 00 00 00 00 00
002416-002426 T0Block "normal_t0"
002427-002442 DataBlock
  ................ 00 00 00 00 00 00 00 00 00 00 00 00 00 00 00 00
002443-002453 T0Block "normal_t0"
002454-002568 DataBlock
  ................ 00 00 00 00 00 00 00 00 00 00 00 00 00 00 00 00
  .....2"......... 01 00 00 00 00 32 22 0c 00 00 00 00 00 00 00 00
  ................ 18 00 00 00 18 00 00 00 ff ff ff ff 00 00 00 00
  ................ 00 00 00 00 00 00 00 00 00 00 00 01 01 00 00 00
  ................ 00 00 00 00 00 00 00 00 00 00 00 00 00 00 00 00
  ................ 00 00 00 00 00 00 00 00 00 00 00 00 00 00 00 00
  ...............` 00 00 00 00 00 00 00 00 00 00 00 00 00 00 00 60
  /..              2f d8 11
002569-002574 StringBlock "navy"
002575-002611 DataBlock
  ................ 18 00 00 00 18 00 00 00 00 00 00 00 02 00 00 00
  ................ 00 00 00 00 00 00 00 00 01 00 00 00 01 00 00 00
  .....            00 00 00 00 00
002612-002624 FontNameBlock "la_gioconda"
002625-002640 DataBlock
  ................ 0c 00 00 00 07 00 00 00 00 00 00 00 00 00 00 ff
002641-002653 StringBlock "ingame_text"
002654-002677 DataBlock
  ................ 00 00 00 00 00 00 00 00 00 00 00 00 00 00 00 00
  ........         00 00 00 00 00 00 00 00
002678-002688 T0Block "normal_t0"
002689-002704 DataBlock
  ................ 00 00 00 00 00 00 00 00 00 00 00 00 00 00 00 00
002705-002715 T0Block "normal_t0"
002716-002864 DataBlock
  ................ 00 00 00 00 00 00 00 00 00 00 00 00 00 00 00 00
  .....2"......... 01 00 00 00 d0 32 22 0c 00 00 00 00 00 00 00 00
  ................ 18 00 00 00 18 00 00 00 ff ff ff ff 00 00 00 00
  ................ 00 00 00 00 00 00 00 00 00 00 00 01 01 00 00 00
  ................ 00 00 00 00 00 00 00 00 00 00 00 00 00 00 00 00
  ................ 00 00 00 00 00 00 00 00 00 00 00 00 00 00 00 00
  ................ 00 00 00 00 00 00 00 00 00 00 00 00 00 00 00 00
  ................ 00 00 00 0a 00 00 00 00 00 00 00 00 00 00 00 00
  ................ 00 00 00 00 00 00 00 00 00 00 00 00 00 00 00 00
  .....            00 a0 8b f7 11
002865-002878 StringBlock "entry_parent"
002879-002942 DataBlock
  ................ 00 00 00 00 00 00 18 00 00 00 00 00 01 00 00 00
  ................ 00 01 00 00 00 00 01 00 00 00 00 01 00 00 00 00
  ........`....... 00 00 00 18 00 00 00 00 60 19 e2 11 00 00 00 00
  ............`... 00 00 00 00 00 00 00 00 01 00 00 00 60 19 e2 11
002943-002952 StringBlock "NewState"
002953-002989 DataBlock
  ....d........... ea 00 00 00 64 00 00 00 00 00 00 00 02 00 00 00
  ................ 00 00 00 00 00 00 00 00 01 00 00 00 01 00 00 00
  .....            00 00 00 00 00
002990-003005 StringBlock "georgia_italic"
003006-003021 DataBlock
  ................ 0a 00 00 00 02 00 00 00 01 00 00 00 dd da fa ff
003022-003044 StringBlock "Default Font Category"
003045-003068 DataBlock
  ................ 00 00 00 00 00 00 00 00 00 00 00 00 00 00 00 00
  ........         00 00 00 00 01 00 00 00
003069-003079 T0Block "normal_t0"
003080-003095 DataBlock
  ................ 00 00 00 00 00 00 00 00 00 00 00 00 00 00 00 00
003096-003106 T0Block "normal_t0"
003107-003155 DataBlock
  ................ 00 00 00 00 00 00 00 00 00 00 00 00 00 00 00 00
  ................ 00 00 00 00 00 00 00 00 00 00 00 00 00 00 00 00
  ................ 00 00 00 00 0a 00 00 00 00 00 00 00 00 00 00 00
  .                01
003156-003161 StringBlock "List"
003162-003195 DataBlock
  ......RC........ 01 00 00 00 00 00 52 43 00 00 00 00 00 00 00 00
  ..............@J 00 01 00 00 00 00 00 00 00 00 00 00 00 00 40 4a
  ,"               2c 22
003196-003207 StringBlock "unit_entry"
003208-003286 DataBlock
  ................ 00 00 ca fe ff ff d0 ff ff ff 00 00 01 00 00 00
  ................ 00 01 00 00 00 00 01 00 00 00 00 00 00 00 00 00
  .........%]".... 00 00 00 00 00 00 00 00 00 25 5d 22 01 00 00 00
  0w........2..... 30 77 e5 0c 00 00 ea 00 00 00 32 00 00 00 00 00
  ............%]"  00 00 00 00 00 00 00 01 00 00 00 00 25 5d 22
003287-003296 StringBlock "NewState"
003297-003333 DataBlock
  ....2........... ea 00 00 00 32 00 00 00 00 00 00 00 04 00 00 00
  ................ 00 00 00 00 00 00 00 00 00 00 00 00 01 00 00 00
  .....            00 00 00 00 00
003334-003346 FontNameBlock "la_gioconda"
003347-003362 DataBlock
  ................ 0c 00 00 00 07 00 00 00 00 00 00 00 d7 f8 ff ff
003363-003378 StringBlock "ingame_tooltip"
003379-003402 DataBlock
  ................ 00 00 00 00 00 00 00 00 04 00 00 00 00 00 00 00
  ........         00 00 00 00 01 00 00 00
003403-003413 T0Block "normal_t0"
003414-003429 DataBlock
  ................ 00 00 00 00 00 00 00 00 00 00 00 00 00 00 00 00
003430-003440 T0Block "normal_t0"
003441-003571 DataBlock
  ................ 00 00 00 00 00 00 00 00 00 00 00 00 00 00 00 00
  ....0w.......... 01 00 00 00 30 77 e5 0c 00 00 00 00 00 00 00 00
  ....2........... ea 00 00 00 32 00 00 00 ff ff ff 00 00 00 00 00
  ................ 00 00 00 00 00 00 00 00 00 00 00 01 01 00 00 00
  ................ 00 00 00 00 00 00 00 00 00 00 00 00 00 00 00 00
  ................ 00 00 00 00 00 00 00 00 00 00 00 00 00 00 00 00
  ................ 00 00 00 00 00 00 00 00 00 00 00 00 00 00 00 00
  ................ 00 00 00 0a 00 00 00 00 00 00 00 05 00 00 00 80
  4>"              34 3e 22
003572-003582 StringBlock "unit_name"
003583-003646 DataBlock
  ..*............. 00 00 2a 00 00 00 00 00 00 00 00 01 01 00 00 00
  ................ 00 01 00 00 00 00 01 00 00 00 00 03 00 00 00 00
  .........P*".... 00 00 00 00 00 00 00 00 80 50 2a 22 00 00 00 00
  .............P*" 00 00 00 00 00 00 00 00 01 00 00 00 80 50 2a 22
003647-003656 StringBlock "NewState"
003657-003664 DataBlock
  ....0...         c0 00 00 00 30 00 00 00
003665-003690 UnicodeBlock "dy_unit_name"
003691-003713 DataBlock
  ................ 00 00 02 00 00 00 00 00 00 00 00 00 00 00 00 00
  .......          00 00 01 00 00 00 00
003714-003775 UnicodeBlock "unit_name_NewState_Text_190038"
003776-003777 DataBlock
  ..               00 00
003778-003790 FontNameBlock "la_gioconda"
003791-003806 DataBlock
  ................ 0c 00 00 00 07 00 00 00 00 00 00 00 d7 f8 ff ff
003807-003822 StringBlock "ingame_tooltip"
003823-003846 DataBlock
  ................ 00 00 00 00 00 00 00 00 0b 00 00 00 00 00 00 00
  ........         00 00 00 00 01 00 00 00
003847-003857 T0Block "normal_t0"
003858-003873 DataBlock
  ................ 00 00 00 00 00 00 00 00 00 00 00 00 00 00 00 00
003874-003884 T0Block "normal_t0"
003885-003945 DataBlock
  ................ 00 00 00 00 00 00 00 00 00 00 00 00 00 00 00 00
  ................ 00 00 00 00 00 00 00 00 00 00 00 00 00 00 00 00
  ................ 00 00 00 00 0a 00 00 00 00 00 00 00 00 00 00 00
  .............    00 00 00 00 00 00 00 00 00 c0 d0 80 0d
003946-003961 StringBlock "unit_cat_frame"
003962-004025 DataBlock
  ................ 00 00 0a 00 00 00 00 00 00 00 00 00 00 00 00 00
  ................ 00 01 00 00 00 00 01 00 00 00 00 01 00 00 00 0a
  ................ 00 00 00 00 00 00 00 00 00 00 00 00 00 00 00 00
  ................ 00 00 00 00 00 00 00 00 01 00 00 00 d0 fa a8 0d
004026-004033 StringBlock "normal"
004034-004070 DataBlock
  $...$........... 24 00 00 00 24 00 00 00 00 00 00 00 02 00 00 00
  ................ 00 00 00 00 00 00 00 00 01 00 00 00 01 00 00 00
  .....            00 00 00 00 00
004071-004083 FontNameBlock "la_gioconda"
004084-004099 DataBlock
  ................ 0c 00 00 00 07 00 00 00 00 00 00 00 00 00 00 ff
004100-004118 StringBlock "ingame_text_small"
004119-004142 DataBlock
  ................ 00 00 00 00 00 00 00 00 00 00 00 00 00 00 00 00
  ........         00 00 00 00 00 00 00 00
004143-004153 T0Block "normal_t0"
004154-004169 DataBlock
  ................ 00 00 00 00 00 00 00 00 00 00 00 00 00 00 00 00
004170-004180 T0Block "normal_t0"
004181-004232 DataBlock
  ................ 00 00 00 00 00 00 00 00 00 00 00 00 00 00 00 00
  ................ 00 00 00 00 00 00 00 00 00 00 00 00 00 00 00 00
  ................ 00 00 00 00 00 00 00 00 00 00 00 00 01 00 00 00
  ..".             c0 fb 22 17
004233-004252 StringBlock "unit_category_icon"
004253-004300 DataBlock
  ................ 00 00 04 00 00 00 04 00 00 00 00 00 00 00 00 00
  ................ 00 01 00 00 00 00 01 00 00 00 00 00 00 00 00 00
  ................ 00 00 00 00 00 00 00 00 e0 ee 19 17 02 00 00 00
004301-004379 ImageBlock id=387457408 xsize=36 ysize=36 path="ui/common ui/unit_category_icons/large_bow_cavalry_medium.png" unknown=1484800000
004380-004380 DataBlock
  %                25
004381-004436 ImagePathBlock "ui/common ui/unit_category_icons/background_medium.png"
004437-004461 DataBlock
  ,...,........... 2c 00 00 00 2c 00 00 00 00 00 00 00 00 00 00 00
  .........        00 01 00 00 00 e0 ee 19 17
004462-004470 StringBlock "default"
004471-004507 DataBlock
  ................ 1c 00 00 00 1c 00 00 00 00 00 00 00 02 00 00 00
  ................ 00 00 00 00 00 00 00 00 01 00 00 00 01 00 00 00
  .....            00 00 00 00 00
004508-004523 StringBlock "georgia_italic"
004524-004539 DataBlock
  ................ 0a 00 00 00 02 00 00 00 01 00 00 00 dd da fa ff
004540-004562 StringBlock "Default Font Category"
004563-004586 DataBlock
  ................ 00 00 00 00 00 00 00 00 00 00 00 00 00 00 00 00
  ........         00 00 00 00 01 00 01 00
004587-004597 T0Block "normal_t0"
004598-004613 DataBlock
  ................ 00 00 00 00 00 00 00 00 00 00 00 00 00 00 00 00
004614-004624 T0Block "normal_t0"
004625-004852 DataBlock
  ................ 00 00 00 00 00 00 00 00 00 00 00 00 00 00 00 00
  ....@.X%........ 02 00 00 00 40 80 58 25 00 00 00 00 00 00 00 00
  ................ 1c 00 00 00 1c 00 00 00 ff ff ff ff 00 00 00 00
  ................ 00 00 00 00 00 00 00 00 00 00 00 01 01 00 00 00
  ................ 00 00 00 00 00 00 00 00 00 00 00 00 00 00 00 00
  ................ 00 00 00 00 00 00 00 00 00 00 00 00 00 00 00 00
  ....!........... 00 00 00 80 21 18 17 00 00 00 00 00 00 00 00 1c
  ................ 00 00 00 1c 00 00 00 16 c5 ff ff 00 00 00 00 00
  ................ 00 00 00 00 00 00 00 00 00 00 01 01 00 00 00 00
  ................ 00 00 00 00 00 00 00 00 00 00 00 00 00 00 00 00
  ................ 00 00 00 00 00 00 00 00 00 00 00 00 00 00 00 00
  ................ 00 00 00 00 00 00 00 00 00 00 00 00 00 00 00 00
  ................ 00 00 00 00 00 00 00 00 00 00 00 00 00 00 00 00
  ................ 00 00 00 00 00 00 00 00 00 00 00 00 00 00 00 00
  .'.J             00 27 b8 4a
004853-004864 StringBlock "experience"
004865-004912 DataBlock
  ................ 00 00 10 00 00 00 10 00 00 00 00 00 00 00 00 00
  ................ 00 00 00 00 00 00 01 00 00 00 00 01 00 00 00 10
  .........`vI.... 00 00 00 10 00 00 00 00 80 60 76 49 09 00 00 00
004913-004963 ImageBlock id=1824561536 xsize=14 ysize=38 path="ui/skins/default/experience_9.png" unknown=3231318016
004964-004964 DataBlock
  l                6c
004965-004999 ImagePathBlock "ui/skins/default/experience_1.png"
005000-005008 DataBlock
  ....&....        0e 00 00 00 26 00 00 00 00
005009-005059 ImageBlock id=1824561920 xsize=14 ysize=38 path="ui/skins/default/experience_2.png" unknown=3231416320
005060-005060 DataBlock
  l                6c
005061-005095 ImagePathBlock "ui/skins/default/experience_3.png"
005096-005104 DataBlock
  ....&....        0e 00 00 00 26 00 00 00 00
005105-005155 ImageBlock id=1824562304 xsize=14 ysize=38 path="ui/skins/default/experience_4.png" unknown=3231514624
005156-005156 DataBlock
  l                6c
005157-005191 ImagePathBlock "ui/skins/default/experience_5.png"
005192-005200 DataBlock
  ....&....        0e 00 00 00 26 00 00 00 00
005201-005251 ImageBlock id=1230112512 xsize=14 ysize=38 path="ui/skins/default/experience_6.png" unknown=1376256000
005252-005252 DataBlock
  I                49
005253-005287 ImagePathBlock "ui/skins/default/experience_7.png"
005288-005296 DataBlock
  ....&....        0e 00 00 00 26 00 00 00 00
005297-005347 ImageBlock id=1230112896 xsize=14 ysize=38 path="ui/skins/default/experience_8.png" unknown=0
005348-005373 DataBlock
  ..........^vI..1 00 00 00 00 00 0b 00 00 00 80 5e 76 49 01 00 31
  ..........       18 00 00 00 18 00 00 00 00 00
005374-005393 UnicodeBlock "XP rank 1"
005394-005416 DataBlock
  ................ 02 00 00 00 00 00 00 00 00 00 00 00 01 00 00 00
  .......          01 00 00 00 00 00 00
005417-005462 UnicodeBlock "Level_1_Tooltip_4c0043"
005463-005475 FontNameBlock "la_gioconda"
005476-005491 DataBlock
  ................ 0c 00 00 00 07 00 00 00 00 00 00 00 00 00 00 ff
005492-005510 StringBlock "ingame_text_small"
005511-005534 DataBlock
  ................ 00 00 00 00 00 00 00 00 00 00 00 00 00 00 00 00
  ........         00 00 00 00 01 01 00 00
005535-005545 T0Block "normal_t0"
005546-005561 DataBlock
  ..L............. cd cc 4c be 00 00 00 00 00 00 00 00 00 00 00 00
005562-005572 T0Block "normal_t0"
005573-005727 DataBlock
  ................ 00 00 00 00 00 00 00 00 00 00 00 00 00 00 00 00
  .......l........ 01 00 00 00 00 9a c0 6c 00 00 00 00 00 00 00 00
  ................ 18 00 00 00 18 00 00 00 ff ff ff ff 00 00 00 00
  ................ 00 00 00 00 00 00 00 00 00 00 00 01 01 00 00 00
  ................ 00 00 00 00 00 00 00 00 00 00 00 00 00 00 00 00
  ................ 00 00 00 00 00 00 00 00 00 00 00 00 00 00 00 00
  ................ 00 00 00 00 00 00 00 00 00 00 00 00 00 00 00 80
  `vI..0.......... 60 76 49 01 00 30 18 00 00 00 18 00 00 00 00 00
  ................ 00 00 02 00 00 00 00 00 00 00 00 00 00 00 01 00
  ...........      00 00 01 00 00 00 00 00 00 00 00
005728-005740 FontNameBlock "la_gioconda"
005741-005756 DataBlock
  ................ 0c 00 00 00 07 00 00 00 00 00 00 00 00 00 00 ff
005757-005775 StringBlock "ingame_text_small"
005776-005799 DataBlock
  ................ 00 00 00 00 00 00 00 00 00 00 00 00 00 00 00 00
  ........         00 00 00 00 00 00 00 00
005800-005810 T0Block "normal_t0"
005811-005826 DataBlock
  ................ 00 00 00 00 00 00 00 00 00 00 00 00 00 00 00 00
005827-005837 T0Block "normal_t0"
005838-005886 DataBlock
  ................ 00 00 00 00 00 00 00 00 00 00 00 00 00 00 00 00
  ................ 00 00 00 00 00 00 00 00 00 00 00 00 00 00 00 00
  .bvI..3......... 80 62 76 49 01 00 33 18 00 00 00 18 00 00 00 00
  .                00
005887-005906 UnicodeBlock "XP rank 3"
005907-005929 DataBlock
  ................ 02 00 00 00 00 00 00 00 00 00 00 00 01 00 00 00
  .......          01 00 00 00 00 00 00
005930-005975 UnicodeBlock "Level_3_Tooltip_6c0041"
005976-005988 FontNameBlock "la_gioconda"
005989-006004 DataBlock
  ................ 0c 00 00 00 07 00 00 00 00 00 00 00 00 00 00 ff
006005-006023 StringBlock "ingame_text_small"
006024-006047 DataBlock
  ................ 00 00 00 00 00 00 00 00 00 00 00 00 00 00 00 00
  ........         00 00 00 00 01 01 00 00
006048-006058 T0Block "normal_t0"
006059-006074 DataBlock
  ..L............. cd cc 4c be 00 00 00 00 00 00 00 00 00 00 00 00
006075-006085 T0Block "normal_t0"
006086-006213 DataBlock
  ................ 00 00 00 00 00 00 00 00 00 00 00 00 00 00 00 00
  .......l........ 01 00 00 00 80 9b c0 6c 00 00 00 00 00 00 00 00
  ................ 18 00 00 00 18 00 00 00 ff ff ff ff 00 00 00 00
  ................ 00 00 00 00 00 00 00 00 00 00 00 01 01 00 00 00
  ................ 00 00 00 00 00 00 00 00 00 00 00 00 00 00 00 00
  ................ 00 00 00 00 00 00 00 00 00 00 00 00 00 00 00 00
  ................ 00 00 00 00 00 00 00 00 00 00 00 00 00 00 00 80
  dvI..2.......... 64 76 49 01 00 32 18 00 00 00 18 00 00 00 00 00
006214-006233 UnicodeBlock "XP rank 2"
006234-006256 DataBlock
  ................ 02 00 00 00 00 00 00 00 00 00 00 00 01 00 00 00
  .......          01 00 00 00 00 00 00
006257-006302 UnicodeBlock "Level_2_Tooltip_6c0040"
006303-006315 FontNameBlock "la_gioconda"
006316-006331 DataBlock
  ................ 0c 00 00 00 07 00 00 00 00 00 00 00 00 00 00 ff
006332-006350 StringBlock "ingame_text_small"
006351-006374 DataBlock
  ................ 00 00 00 00 00 00 00 00 00 00 00 00 00 00 00 00
  ........         00 00 00 00 01 01 00 00
006375-006385 T0Block "normal_t0"
006386-006401 DataBlock
  ..L............. cd cc 4c be 00 00 00 00 00 00 00 00 00 00 00 00
006402-006412 T0Block "normal_t0"
006413-006540 DataBlock
  ................ 00 00 00 00 00 00 00 00 00 00 00 00 00 00 00 00
  .......l........ 01 00 00 00 00 9b c0 6c 00 00 00 00 00 00 00 00
  ................ 18 00 00 00 18 00 00 00 ff ff ff ff 00 00 00 00
  ................ 00 00 00 00 00 00 00 00 00 00 00 01 01 00 00 00
  ................ 00 00 00 00 00 00 00 00 00 00 00 00 00 00 00 00
  ................ 00 00 00 00 00 00 00 00 00 00 00 00 00 00 00 00
  ................ 00 00 00 00 00 00 00 00 00 00 00 00 00 00 00 00
  gvI..5.......... 67 76 49 01 00 35 18 00 00 00 18 00 00 00 00 00
006541-006560 UnicodeBlock "XP rank 5"
006561-006583 DataBlock
  ................ 02 00 00 00 00 00 00 00 00 00 00 00 01 00 00 00
  .......          01 00 00 00 00 00 00
006584-006629 UnicodeBlock "Level_5_Tooltip_6c0047"
006630-006642 FontNameBlock "la_gioconda"
006643-006658 DataBlock
  ................ 0c 00 00 00 07 00 00 00 00 00 00 00 00 00 00 ff
006659-006677 StringBlock "ingame_text_small"
006678-006701 DataBlock
  ................ 00 00 00 00 00 00 00 00 00 00 00 00 00 00 00 00
  ........         00 00 00 00 01 01 00 00
006702-006712 T0Block "normal_t0"
006713-006728 DataBlock
  ................ 00 00 00 bf 00 00 00 00 00 00 00 00 00 00 00 00
006729-006739 T0Block "normal_t0"
006740-006867 DataBlock
  ................ 00 00 00 00 00 00 00 00 00 00 00 00 00 00 00 00
  .......l........ 01 00 00 00 00 9d c0 6c 00 00 00 00 00 00 00 00
  ................ 18 00 00 00 18 00 00 00 ff ff ff ff 00 00 00 00
  ................ 00 00 00 00 00 00 00 00 00 00 00 01 01 00 00 00
  ................ 00 00 00 00 00 00 00 00 00 00 00 00 00 00 00 00
  ................ 00 00 00 00 00 00 00 00 00 00 00 00 00 00 00 00
  ................ 00 00 00 00 00 00 00 00 00 00 00 00 00 00 00 00
  ivI..4.......... 69 76 49 01 00 34 18 00 00 00 18 00 00 00 00 00
006868-006887 UnicodeBlock "XP rank 4"
006888-006910 DataBlock
  ................ 02 00 00 00 00 00 00 00 00 00 00 00 01 00 00 00
  .......          01 00 00 00 00 00 00
006911-006956 UnicodeBlock "Level_4_Tooltip_6c0046"
006957-006969 FontNameBlock "la_gioconda"
006970-006985 DataBlock
  ................ 0c 00 00 00 07 00 00 00 00 00 00 00 00 00 00 ff
006986-007004 StringBlock "ingame_text_small"
007005-007028 DataBlock
  ................ 00 00 00 00 00 00 00 00 00 00 00 00 00 00 00 00
  ........         00 00 00 00 01 01 00 00
007029-007039 T0Block "normal_t0"
007040-007055 DataBlock
  ................ 00 00 00 bf 00 00 00 00 00 00 00 00 00 00 00 00
007056-007066 T0Block "normal_t0"
007067-007194 DataBlock
  ................ 00 00 00 00 00 00 00 00 00 00 00 00 00 00 00 00
  .......l........ 01 00 00 00 80 9c c0 6c 00 00 00 00 00 00 00 00
  ................ 18 00 00 00 18 00 00 00 ff ff ff ff 00 00 00 00
  ................ 00 00 00 00 00 00 00 00 00 00 00 01 01 00 00 00
  ................ 00 00 00 00 00 00 00 00 00 00 00 00 00 00 00 00
  ................ 00 00 00 00 00 00 00 00 00 00 00 00 00 00 00 00
  ................ 00 00 00 00 00 00 00 00 00 00 00 00 00 00 00 00
  kvI..7.......... 6b 76 49 01 00 37 18 00 00 00 18 00 00 00 00 00
007195-007214 UnicodeBlock "XP rank 7"
007215-007237 DataBlock
  ................ 02 00 00 00 00 00 00 00 00 00 00 00 01 00 00 00
  .......          01 00 00 00 00 00 00
007238-007283 UnicodeBlock "Level_7_Tooltip_660045"
007284-007296 FontNameBlock "la_gioconda"
007297-007312 DataBlock
  ................ 0c 00 00 00 07 00 00 00 00 00 00 00 00 00 00 ff
007313-007331 StringBlock "ingame_text_small"
007332-007355 DataBlock
  ................ 00 00 00 00 00 00 00 00 00 00 00 00 00 00 00 00
  ........         00 00 00 00 01 01 00 00
007356-007366 T0Block "normal_t0"
007367-007382 DataBlock
  333............. 33 33 33 bf 00 00 00 00 00 00 00 00 00 00 00 00
007383-007393 T0Block "normal_t0"
007394-007521 DataBlock
  ................ 00 00 00 00 00 00 00 00 00 00 00 00 00 00 00 00
  ......RI........ 01 00 00 00 00 08 52 49 00 00 00 00 00 00 00 00
  ................ 18 00 00 00 18 00 00 00 ff ff ff ff 00 00 00 00
  ................ 00 00 00 00 00 00 00 00 00 00 00 01 01 00 00 00
  ................ 00 00 00 00 00 00 00 00 00 00 00 00 00 00 00 00
  ................ 00 00 00 00 00 00 00 00 00 00 00 00 00 00 00 00
  ................ 00 00 00 00 00 00 00 00 00 00 00 00 00 00 00 00
  .DI..6.......... 9d 44 49 01 00 36 18 00 00 00 18 00 00 00 00 00
007522-007541 UnicodeBlock "XP rank 6"
007542-007564 DataBlock
  ................ 02 00 00 00 00 00 00 00 00 00 00 00 01 00 00 00
  .......          01 00 00 00 00 00 00
007565-007610 UnicodeBlock "Level_6_Tooltip_6c0044"
007611-007623 FontNameBlock "la_gioconda"
007624-007639 DataBlock
  ................ 0c 00 00 00 07 00 00 00 00 00 00 00 00 00 00 ff
007640-007658 StringBlock "ingame_text_small"
007659-007682 DataBlock
  ................ 00 00 00 00 00 00 00 00 00 00 00 00 00 00 00 00
  ........         00 00 00 00 01 01 00 00
007683-007693 T0Block "normal_t0"
007694-007709 DataBlock
  ................ 00 00 00 bf 00 00 00 00 00 00 00 00 00 00 00 00
007710-007720 T0Block "normal_t0"
007721-007848 DataBlock
  ................ 00 00 00 00 00 00 00 00 00 00 00 00 00 00 00 00
  ......RI........ 01 00 00 00 00 07 52 49 00 00 00 00 00 00 00 00
  ................ 18 00 00 00 18 00 00 00 ff ff ff ff 00 00 00 00
  ................ 00 00 00 00 00 00 00 00 00 00 00 01 01 00 00 00
  ................ 00 00 00 00 00 00 00 00 00 00 00 00 00 00 00 00
  ................ 00 00 00 00 00 00 00 00 00 00 00 00 00 00 00 00
  ................ 00 00 00 00 00 00 00 00 00 00 00 00 00 00 00 00
  .DI..9.......... 9f 44 49 01 00 39 18 00 00 00 18 00 00 00 00 00
007849-007868 UnicodeBlock "XP rank 9"
007869-007891 DataBlock
  ................ 02 00 00 00 00 00 00 00 00 00 00 00 01 00 00 00
  .......          01 00 00 00 00 00 00
007892-007937 UnicodeBlock "Level_9_Tooltip_6c004b"
007938-007950 FontNameBlock "la_gioconda"
007951-007966 DataBlock
  ................ 0c 00 00 00 07 00 00 00 00 00 00 00 00 00 00 ff
007967-007985 StringBlock "ingame_text_small"
007986-008009 DataBlock
  ................ 00 00 00 00 00 00 00 00 00 00 00 00 00 00 00 00
  ........         00 00 00 00 01 01 00 00
008010-008020 T0Block "normal_t0"
008021-008036 DataBlock
  333............. 33 33 33 bf 00 00 00 00 00 00 00 00 00 00 00 00
008037-008047 T0Block "normal_t0"
008048-008175 DataBlock
  ................ 00 00 00 00 00 00 00 00 00 00 00 00 00 00 00 00
  .......l........ 01 00 00 00 80 99 c0 6c 00 00 00 00 00 00 00 00
  ................ 18 00 00 00 18 00 00 00 ff ff ff ff 00 00 00 00
  ................ 00 00 00 00 00 00 00 00 00 00 00 01 01 00 00 00
  ................ 00 00 00 00 00 00 00 00 00 00 00 00 00 00 00 00
  ................ 00 00 00 00 00 00 00 00 00 00 00 00 00 00 00 00
  ................ 00 00 00 00 00 00 00 00 00 00 00 00 00 00 00 00
  .DI..8.......... a1 44 49 01 00 38 18 00 00 00 18 00 00 00 00 00
008176-008195 UnicodeBlock "XP rank 8"
008196-008218 DataBlock
  ................ 02 00 00 00 00 00 00 00 00 00 00 00 01 00 00 00
  .......          01 00 00 00 00 00 00
008219-008264 UnicodeBlock "Level_8_Tooltip_6c004a"
008265-008277 FontNameBlock "la_gioconda"
008278-008293 DataBlock
  ................ 0c 00 00 00 07 00 00 00 00 00 00 00 00 00 00 ff
008294-008312 StringBlock "ingame_text_small"
008313-008336 DataBlock
  ................ 00 00 00 00 00 00 00 00 00 00 00 00 00 00 00 00
  ........         00 00 00 00 01 01 00 00
008337-008347 T0Block "normal_t0"
008348-008363 DataBlock
  333............. 33 33 33 bf 00 00 00 00 00 00 00 00 00 00 00 00
008364-008374 T0Block "normal_t0"
008375-008503 DataBlock
  ................ 00 00 00 00 00 00 00 00 00 00 00 00 00 00 00 00
  ......RI........ 01 00 00 00 80 08 52 49 00 00 00 00 00 00 00 00
  ................ 18 00 00 00 18 00 00 00 ff ff ff ff 00 00 00 00
  ................ 00 00 00 00 00 00 00 00 00 00 00 01 01 00 00 00
  ................ 00 00 00 00 00 00 00 00 00 00 00 00 00 00 00 00
  ................ 00 00 00 00 00 00 00 00 00 00 00 00 00 00 00 00
  ................ 00 00 00 00 00 00 00 00 00 00 00 00 00 00 00 00
  .DI..10......... a3 44 49 02 00 31 30 18 00 00 00 18 00 00 00 00
  .                00
008504-008525 UnicodeBlock "XP rank 10"
008526-008548 DataBlock
  ................ 02 00 00 00 00 00 00 00 00 00 00 00 01 00 00 00
  .......          01 00 00 00 00 00 00
008549-008606 UnicodeBlock "experience_10_Tooltip_5c0043"
008607-008619 FontNameBlock "la_gioconda"
008620-008635 DataBlock
  ................ 0c 00 00 00 07 00 00 00 00 00 00 00 d7 f8 ff ff
008636-008651 StringBlock "ingame_tooltip"
008652-008675 DataBlock
  ................ 00 00 00 00 00 00 00 00 00 00 00 00 00 00 00 00
  ........         00 00 00 00 01 01 00 00
008676-008686 T0Block "normal_t0"
008687-008702 DataBlock
  ................ 00 00 00 00 00 00 00 00 00 00 00 00 00 00 00 00
008703-008713 T0Block "normal_t0"
008714-008774 DataBlock
  ................ 00 00 00 00 00 00 00 00 00 00 00 00 00 00 00 00
  ................ 00 00 00 00 00 00 00 00 00 00 00 00 00 00 00 00
  ................ 00 00 00 00 00 00 00 00 00 00 00 00 00 00 00 00
  .............    00 00 00 00 00 00 00 00 00 10 c3 cc 0d
008775-008783 StringBlock "bonuses"
008784-008847 DataBlock
  ................ 00 00 de 00 00 00 00 00 00 00 00 00 00 00 00 00
  ................ 00 00 00 00 00 00 01 00 00 00 00 03 00 00 00 00
  ........P....... 00 00 00 00 00 00 00 00 50 af 84 0d 00 00 00 00
  ............P... 00 00 00 00 00 00 00 00 01 00 00 00 50 af 84 0d
008848-008857 StringBlock "NewState"
008858-008894 DataBlock
  ................ 0c 00 00 00 0f 00 00 00 00 00 00 00 02 00 00 00
  ................ 00 00 00 00 00 00 00 00 01 00 00 00 01 00 00 00
  .....            00 00 00 00 00
008895-008907 FontNameBlock "la_gioconda"
008908-008923 DataBlock
  ................ 0c 00 00 00 07 00 00 00 00 00 00 00 d7 f8 ff ff
008924-008939 StringBlock "ingame_tooltip"
008940-008963 DataBlock
  ................ 00 00 00 00 00 00 00 00 00 00 00 00 00 00 00 00
  ........         00 00 00 00 00 00 00 00
008964-008974 T0Block "normal_t0"
008975-008990 DataBlock
  ................ 00 00 00 00 00 00 00 00 00 00 00 00 00 00 00 00
008991-009001 T0Block "normal_t0"
009002-009053 DataBlock
  ................ 00 00 00 00 00 00 00 00 00 00 00 00 00 00 00 00
  ................ 00 00 00 00 00 00 00 00 00 00 00 00 00 00 00 00
  ................ 00 00 00 00 00 00 00 00 00 00 00 00 05 00 00 00
  ./..             b0 2f c9 0d
009054-009061 StringBlock "weapon"
009062-009109 DataBlock
  ................ 00 00 00 00 00 00 01 00 00 00 00 01 01 00 00 00
  ................ 00 01 00 00 00 00 01 00 00 00 00 00 00 00 00 00
  ................ 00 00 00 00 00 00 00 00 00 00 00 00 03 00 00 00
009110-009159 ImageBlock id=226956304 xsize=16 ysize=16 path="ui/skins/default/weapon_gold.png" unknown=2266292224
009160-009160 DataBlock
  .                0d
009161-009196 ImagePathBlock "ui/skins/default/weapon_silver.png"
009197-009205 DataBlock
  .........        10 00 00 00 10 00 00 00 00
009206-009257 ImageBlock id=226204240 xsize=16 ysize=16 path="ui/skins/default/weapon_bronze.png" unknown=0
009258-009310 DataBlock
  ...............1 00 00 00 00 00 04 00 00 00 d0 e8 bc 0d 01 00 31
  ................ 0c 00 00 00 0f 00 00 00 00 00 00 00 02 00 00 00
  ................ 00 00 00 00 00 00 00 00 01 00 00 00 01 00 00 00
  .....            00 00 00 00 00
009311-009323 FontNameBlock "la_gioconda"
009324-009339 DataBlock
  ................ 0c 00 00 00 07 00 00 00 00 00 00 00 d7 f8 ff ff
009340-009355 StringBlock "ingame_tooltip"
009356-009379 DataBlock
  ................ 00 00 00 00 00 00 00 00 00 00 00 00 00 00 00 00
  ........         00 00 00 00 00 00 00 00
009380-009390 T0Block "normal_t0"
009391-009406 DataBlock
  ................ 00 00 00 00 00 00 00 00 00 00 00 00 00 00 00 00
009407-009417 T0Block "normal_t0"
009418-009572 DataBlock
  ................ 00 00 00 00 00 00 00 00 00 00 00 00 00 00 00 00
  ....P.{......... 01 00 00 00 50 9a 7b 0d 00 00 00 00 00 00 00 00
  ................ 0c 00 00 00 0f 00 00 00 ff ff ff ff 00 00 00 00
  ................ 00 00 00 00 00 00 00 00 00 00 00 01 01 00 00 00
  ................ 00 00 00 00 00 00 00 00 00 00 00 00 00 00 00 00
  ................ 00 00 00 00 00 00 00 00 00 00 00 00 00 00 00 00
  ................ 00 00 00 00 00 00 00 00 00 00 00 00 00 00 00 f0
  o....0.......... 6f a3 0d 01 00 30 0c 00 00 00 0f 00 00 00 00 00
  ................ 00 00 02 00 00 00 00 00 00 00 00 00 00 00 01 00
  ...........      00 00 01 00 00 00 00 00 00 00 00
009573-009585 FontNameBlock "la_gioconda"
009586-009601 DataBlock
  ................ 0c 00 00 00 07 00 00 00 00 00 00 00 d7 f8 ff ff
009602-009617 StringBlock "ingame_tooltip"
009618-009641 DataBlock
  ................ 00 00 00 00 00 00 00 00 00 00 00 00 00 00 00 00
  ........         00 00 00 00 00 00 00 00
009642-009652 T0Block "normal_t0"
009653-009668 DataBlock
  ................ 00 00 00 00 00 00 00 00 00 00 00 00 00 00 00 00
009669-009679 T0Block "normal_t0"
009680-009755 DataBlock
  ................ 00 00 00 00 00 00 00 00 00 00 00 00 00 00 00 00
  ................ 00 00 00 00 00 00 00 00 00 00 00 00 00 00 00 00
  .p....3......... d0 70 a5 0d 01 00 33 0c 00 00 00 0f 00 00 00 00
  ................ 00 00 00 02 00 00 00 00 00 00 00 00 00 00 00 01
  ............     00 00 00 01 00 00 00 00 00 00 00 00
009756-009768 FontNameBlock "la_gioconda"
009769-009784 DataBlock
  ................ 0c 00 00 00 07 00 00 00 00 00 00 00 d7 f8 ff ff
009785-009800 StringBlock "ingame_tooltip"
009801-009824 DataBlock
  ................ 00 00 00 00 00 00 00 00 00 00 00 00 00 00 00 00
  ........         00 00 00 00 00 00 00 00
009825-009835 T0Block "normal_t0"
009836-009851 DataBlock
  ................ 00 00 00 00 00 00 00 00 00 00 00 00 00 00 00 00
009852-009862 T0Block "normal_t0"
009863-010017 DataBlock
  ................ 00 00 00 00 00 00 00 00 00 00 00 00 00 00 00 00
  ................ 01 00 00 00 10 14 87 0d 00 00 00 00 00 00 00 00
  ................ 0c 00 00 00 0f 00 00 00 ff ff ff ff 00 00 00 00
  ................ 00 00 00 00 00 00 00 00 00 00 00 01 01 00 00 00
  ................ 00 00 00 00 00 00 00 00 00 00 00 00 00 00 00 00
  ................ 00 00 00 00 00 00 00 00 00 00 00 00 00 00 00 00
  ...............  00 00 00 00 00 00 00 00 00 00 00 00 00 00 00 20
  .....2.......... a5 97 0d 01 00 32 0c 00 00 00 0f 00 00 00 00 00
  ................ 00 00 02 00 00 00 00 00 00 00 00 00 00 00 01 00
  ...........      00 00 01 00 00 00 00 00 00 00 00
010018-010030 FontNameBlock "la_gioconda"
010031-010046 DataBlock
  ................ 0c 00 00 00 07 00 00 00 00 00 00 00 d7 f8 ff ff
010047-010062 StringBlock "ingame_tooltip"
010063-010086 DataBlock
  ................ 00 00 00 00 00 00 00 00 00 00 00 00 00 00 00 00
  ........         00 00 00 00 00 00 00 00
010087-010097 T0Block "normal_t0"
010098-010113 DataBlock
  ................ 00 00 00 00 00 00 00 00 00 00 00 00 00 00 00 00
010114-010124 T0Block "normal_t0"
010125-010264 DataBlock
  ................ 00 00 00 00 00 00 00 00 00 00 00 00 00 00 00 00
  ................ 01 00 00 00 e0 14 87 0d 00 00 00 00 00 00 00 00
  ................ 0c 00 00 00 0f 00 00 00 ff ff ff ff 00 00 00 00
  ................ 00 00 00 00 00 00 00 00 00 00 00 01 01 00 00 00
  ................ 00 00 00 00 00 00 00 00 00 00 00 00 00 00 00 00
  ................ 00 00 00 00 00 00 00 00 00 00 00 00 00 00 00 00
  ................ 00 00 00 00 00 00 00 00 00 00 00 00 00 00 00 00
  ................ 00 00 00 00 00 00 00 00 00 00 00 00 00 00 00 00
  ........`...     00 00 00 00 00 00 00 00 60 92 e6 0d
010265-010272 StringBlock "armour"
010273-010320 DataBlock
  ................ 00 00 00 00 00 00 01 00 00 00 00 01 01 00 00 00
  ................ 00 00 00 00 00 00 01 00 00 00 00 00 00 00 00 00
  ................ 00 00 00 00 00 00 00 00 00 00 00 00 03 00 00 00
010321-010372 ImageBlock id=226204464 xsize=16 ysize=16 path="ui/skins/default/armour_bronze.png" unknown=2162294784
010373-010373 DataBlock
  .                0d
010374-010409 ImagePathBlock "ui/skins/default/armour_silver.png"
010410-010418 DataBlock
  .........        10 00 00 00 10 00 00 00 00
010419-010468 ImageBlock id=226544768 xsize=16 ysize=16 path="ui/skins/default/armour_gold.png" unknown=0
010469-010521 DataBlock
  ..........W....1 00 00 00 00 00 04 00 00 00 a0 57 a5 0d 01 00 31
  ................ 0c 00 00 00 0f 00 00 00 00 00 00 00 02 00 00 00
  ................ 00 00 00 00 00 00 00 00 01 00 00 00 01 00 00 00
  .....            00 00 00 00 00
010522-010534 FontNameBlock "la_gioconda"
010535-010550 DataBlock
  ................ 0c 00 00 00 07 00 00 00 00 00 00 00 d7 f8 ff ff
010551-010566 StringBlock "ingame_tooltip"
010567-010590 DataBlock
  ................ 00 00 00 00 00 00 00 00 00 00 00 00 00 00 00 00
  ........         00 00 00 00 00 00 00 00
010591-010601 T0Block "normal_t0"
010602-010617 DataBlock
  ................ 00 00 00 00 00 00 00 00 00 00 00 00 00 00 00 00
010618-010628 T0Block "normal_t0"
010629-010783 DataBlock
  ................ 00 00 00 00 00 00 00 00 00 00 00 00 00 00 00 00
  ....0.{......... 01 00 00 00 30 9b 7b 0d 00 00 00 00 00 00 00 00
  ................ 0c 00 00 00 0f 00 00 00 ff ff ff ff 00 00 00 00
  ................ 00 00 00 00 00 00 00 00 00 00 00 01 01 00 00 00
  ................ 00 00 00 00 00 00 00 00 00 00 00 00 00 00 00 00
  ................ 00 00 00 00 00 00 00 00 00 00 00 00 00 00 00 00
  ................ 00 00 00 00 00 00 00 00 00 00 00 00 00 00 00 80
  E....0.......... 45 a5 0d 01 00 30 0c 00 00 00 0f 00 00 00 00 00
  ................ 00 00 02 00 00 00 00 00 00 00 00 00 00 00 01 00
  ...........      00 00 01 00 00 00 00 00 00 00 00
010784-010796 FontNameBlock "la_gioconda"
010797-010812 DataBlock
  ................ 0c 00 00 00 07 00 00 00 00 00 00 00 d7 f8 ff ff
010813-010828 StringBlock "ingame_tooltip"
010829-010852 DataBlock
  ................ 00 00 00 00 00 00 00 00 00 00 00 00 00 00 00 00
  ........         00 00 00 00 00 00 00 00
010853-010863 T0Block "normal_t0"
010864-010879 DataBlock
  ................ 00 00 00 00 00 00 00 00 00 00 00 00 00 00 00 00
010880-010890 T0Block "normal_t0"
010891-010966 DataBlock
  ................ 00 00 00 00 00 00 00 00 00 00 00 00 00 00 00 00
  ................ 00 00 00 00 00 00 00 00 00 00 00 00 00 00 00 00
  .L....3......... 00 4c a5 0d 01 00 33 0c 00 00 00 0f 00 00 00 00
  ................ 00 00 00 02 00 00 00 00 00 00 00 00 00 00 00 01
  ............     00 00 00 01 00 00 00 00 00 00 00 00
010967-010979 FontNameBlock "la_gioconda"
010980-010995 DataBlock
  ................ 0c 00 00 00 07 00 00 00 00 00 00 00 d7 f8 ff ff
010996-011011 StringBlock "ingame_tooltip"
011012-011035 DataBlock
  ................ 00 00 00 00 00 00 00 00 00 00 00 00 00 00 00 00
  ........         00 00 00 00 00 00 00 00
011036-011046 T0Block "normal_t0"
011047-011062 DataBlock
  ................ 00 00 00 00 00 00 00 00 00 00 00 00 00 00 00 00
011063-011073 T0Block "normal_t0"
011074-011228 DataBlock
  ................ 00 00 00 00 00 00 00 00 00 00 00 00 00 00 00 00
  ................ 01 00 00 00 80 cc 80 0d 00 00 00 00 00 00 00 00
  ................ 0c 00 00 00 0f 00 00 00 ff ff ff ff 00 00 00 00
  ................ 00 00 00 00 00 00 00 00 00 00 00 01 01 00 00 00
  ................ 00 00 00 00 00 00 00 00 00 00 00 00 00 00 00 00
  ................ 00 00 00 00 00 00 00 00 00 00 00 00 00 00 00 00
  ...............` 00 00 00 00 00 00 00 00 00 00 00 00 00 00 00 60
  .....2.......... f8 c8 0d 01 00 32 0c 00 00 00 0f 00 00 00 00 00
  ................ 00 00 02 00 00 00 00 00 00 00 00 00 00 00 01 00
  ...........      00 00 01 00 00 00 00 00 00 00 00
011229-011241 FontNameBlock "la_gioconda"
011242-011257 DataBlock
  ................ 0c 00 00 00 07 00 00 00 00 00 00 00 d7 f8 ff ff
011258-011273 StringBlock "ingame_tooltip"
011274-011297 DataBlock
  ................ 00 00 00 00 00 00 00 00 00 00 00 00 00 00 00 00
  ........         00 00 00 00 00 00 00 00
011298-011308 T0Block "normal_t0"
011309-011324 DataBlock
  ................ 00 00 00 00 00 00 00 00 00 00 00 00 00 00 00 00
011325-011335 T0Block "normal_t0"
011336-011475 DataBlock
  ................ 00 00 00 00 00 00 00 00 00 00 00 00 00 00 00 00
  ................ 01 00 00 00 00 e2 80 0d 00 00 00 00 00 00 00 00
  ................ 0c 00 00 00 0f 00 00 00 ff ff ff ff 00 00 00 00
  ................ 00 00 00 00 00 00 00 00 00 00 00 01 01 00 00 00
  ................ 00 00 00 00 00 00 00 00 00 00 00 00 00 00 00 00
  ................ 00 00 00 00 00 00 00 00 00 00 00 00 00 00 00 00
  ................ 00 00 00 00 00 00 00 00 00 00 00 00 00 00 00 00
  ................ 00 00 00 00 00 00 00 00 00 00 00 00 00 00 00 00
  .........Q..     00 00 00 00 00 00 00 00 90 51 d0 0d
011476-011483 StringBlock "morale"
011484-011587 DataBlock
  ................ 00 00 00 00 00 00 01 00 00 00 00 00 00 00 00 00
  ................ 00 00 00 00 00 00 01 00 00 00 00 00 00 00 00 00
  ................ 00 00 00 00 00 00 00 00 00 00 00 00 00 00 00 00
  ................ 00 00 00 00 00 00 00 00 04 00 00 00 a0 fb c8 0d
  ..1............. 01 00 31 10 00 00 00 10 00 00 00 00 00 00 00 02
  ................ 00 00 00 00 00 00 00 00 00 00 00 01 00 00 00 01
  ........         00 00 00 00 00 00 00 00
011588-011600 FontNameBlock "la_gioconda"
011601-011616 DataBlock
  ................ 0c 00 00 00 07 00 00 00 00 00 00 00 d7 f8 ff ff
011617-011632 StringBlock "ingame_tooltip"
011633-011656 DataBlock
  ................ 00 00 00 00 00 00 00 00 00 00 00 00 00 00 00 00
  ........         00 00 00 00 00 00 00 00
011657-011667 T0Block "normal_t0"
011668-011683 DataBlock
  ................ 00 00 00 00 00 00 00 00 00 00 00 00 00 00 00 00
011684-011694 T0Block "normal_t0"
011695-011770 DataBlock
  ................ 00 00 00 00 00 00 00 00 00 00 00 00 00 00 00 00
  ................ 00 00 00 00 00 00 00 00 00 00 00 00 00 00 00 00
  p.....0......... 70 e4 bc 0d 01 00 30 10 00 00 00 10 00 00 00 00
  ................ 00 00 00 02 00 00 00 00 00 00 00 00 00 00 00 01
  ............     00 00 00 01 00 00 00 00 00 00 00 00
011771-011783 FontNameBlock "la_gioconda"
011784-011799 DataBlock
  ................ 0c 00 00 00 07 00 00 00 00 00 00 00 d7 f8 ff ff
011800-011815 StringBlock "ingame_tooltip"
011816-011839 DataBlock
  ................ 00 00 00 00 00 00 00 00 00 00 00 00 00 00 00 00
  ........         00 00 00 00 00 00 00 00
011840-011850 T0Block "normal_t0"
011851-011866 DataBlock
  ................ 00 00 00 00 00 00 00 00 00 00 00 00 00 00 00 00
011867-011877 T0Block "normal_t0"
011878-011953 DataBlock
  ................ 00 00 00 00 00 00 00 00 00 00 00 00 00 00 00 00
  ................ 00 00 00 00 00 00 00 00 00 00 00 00 00 00 00 00
  @.....3......... 40 86 a3 0d 01 00 33 10 00 00 00 10 00 00 00 00
  ................ 00 00 00 02 00 00 00 00 00 00 00 00 00 00 00 01
  ............     00 00 00 01 00 00 00 00 00 00 00 00
011954-011966 FontNameBlock "la_gioconda"
011967-011982 DataBlock
  ................ 0c 00 00 00 07 00 00 00 00 00 00 00 d7 f8 ff ff
011983-011998 StringBlock "ingame_tooltip"
011999-012022 DataBlock
  ................ 00 00 00 00 00 00 00 00 00 00 00 00 00 00 00 00
  ........         00 00 00 00 00 00 00 00
012023-012033 T0Block "normal_t0"
012034-012049 DataBlock
  ................ 00 00 00 00 00 00 00 00 00 00 00 00 00 00 00 00
012050-012060 T0Block "normal_t0"
012061-012136 DataBlock
  ................ 00 00 00 00 00 00 00 00 00 00 00 00 00 00 00 00
  ................ 00 00 00 00 00 00 00 00 00 00 00 00 00 00 00 00
  .y....2......... 10 79 bc 0d 01 00 32 10 00 00 00 10 00 00 00 00
  ................ 00 00 00 02 00 00 00 00 00 00 00 00 00 00 00 01
  ............     00 00 00 01 00 00 00 00 00 00 00 00
012137-012149 FontNameBlock "la_gioconda"
012150-012165 DataBlock
  ................ 0c 00 00 00 07 00 00 00 00 00 00 00 d7 f8 ff ff
012166-012181 StringBlock "ingame_tooltip"
012182-012205 DataBlock
  ................ 00 00 00 00 00 00 00 00 00 00 00 00 00 00 00 00
  ........         00 00 00 00 00 00 00 00
012206-012216 T0Block "normal_t0"
012217-012232 DataBlock
  ................ 00 00 00 00 00 00 00 00 00 00 00 00 00 00 00 00
012233-012243 T0Block "normal_t0"
012244-012304 DataBlock
  ................ 00 00 00 00 00 00 00 00 00 00 00 00 00 00 00 00
  ................ 00 00 00 00 00 00 00 00 00 00 00 00 00 00 00 00
  ................ 00 00 00 00 00 00 00 00 00 00 00 00 00 00 00 00
  ..........c..    00 00 00 00 00 00 00 00 00 f0 63 cd 0d
012305-012312 StringBlock "charge"
012313-012416 DataBlock
  ................ 00 00 00 00 00 00 01 00 00 00 00 00 00 00 00 00
  ................ 00 00 00 00 00 00 01 00 00 00 00 00 00 00 00 00
  ................ 00 00 00 00 00 00 00 00 00 00 00 00 00 00 00 00
  ................ 00 00 00 00 00 00 00 00 04 00 00 00 f0 94 bc 0d
  ..1............. 01 00 31 10 00 00 00 10 00 00 00 00 00 00 00 02
  ................ 00 00 00 00 00 00 00 00 00 00 00 01 00 00 00 01
  ........         00 00 00 00 00 00 00 00
012417-012429 FontNameBlock "la_gioconda"
012430-012445 DataBlock
  ................ 0c 00 00 00 07 00 00 00 00 00 00 00 d7 f8 ff ff
012446-012461 StringBlock "ingame_tooltip"
012462-012485 DataBlock
  ................ 00 00 00 00 00 00 00 00 00 00 00 00 00 00 00 00
  ........         00 00 00 00 00 00 00 00
012486-012496 T0Block "normal_t0"
012497-012512 DataBlock
  ................ 00 00 00 00 00 00 00 00 00 00 00 00 00 00 00 00
012513-012523 T0Block "normal_t0"
012524-012599 DataBlock
  ................ 00 00 00 00 00 00 00 00 00 00 00 00 00 00 00 00
  ................ 00 00 00 00 00 00 00 00 00 00 00 00 00 00 00 00
  @.....0......... 40 90 b2 0d 01 00 30 10 00 00 00 10 00 00 00 00
  ................ 00 00 00 02 00 00 00 00 00 00 00 00 00 00 00 01
  ............     00 00 00 01 00 00 00 00 00 00 00 00
012600-012612 FontNameBlock "la_gioconda"
012613-012628 DataBlock
  ................ 0c 00 00 00 07 00 00 00 00 00 00 00 d7 f8 ff ff
012629-012644 StringBlock "ingame_tooltip"
012645-012668 DataBlock
  ................ 00 00 00 00 00 00 00 00 00 00 00 00 00 00 00 00
  ........         00 00 00 00 00 00 00 00
012669-012679 T0Block "normal_t0"
012680-012695 DataBlock
  ................ 00 00 00 00 00 00 00 00 00 00 00 00 00 00 00 00
012696-012706 T0Block "normal_t0"
012707-012782 DataBlock
  ................ 00 00 00 00 00 00 00 00 00 00 00 00 00 00 00 00
  ................ 00 00 00 00 00 00 00 00 00 00 00 00 00 00 00 00
   m....3......... 20 6d bc 0d 01 00 33 10 00 00 00 10 00 00 00 00
  ................ 00 00 00 02 00 00 00 00 00 00 00 00 00 00 00 01
  ............     00 00 00 01 00 00 00 00 00 00 00 00
012783-012795 FontNameBlock "la_gioconda"
012796-012811 DataBlock
  ................ 0c 00 00 00 07 00 00 00 00 00 00 00 d7 f8 ff ff
012812-012827 StringBlock "ingame_tooltip"
012828-012851 DataBlock
  ................ 00 00 00 00 00 00 00 00 00 00 00 00 00 00 00 00
  ........         00 00 00 00 00 00 00 00
012852-012862 T0Block "normal_t0"
012863-012878 DataBlock
  ................ 00 00 00 00 00 00 00 00 00 00 00 00 00 00 00 00
012879-012889 T0Block "normal_t0"
012890-012965 DataBlock
  ................ 00 00 00 00 00 00 00 00 00 00 00 00 00 00 00 00
  ................ 00 00 00 00 00 00 00 00 00 00 00 00 00 00 00 00
  .y....2......... c0 79 a5 0d 01 00 32 10 00 00 00 10 00 00 00 00
  ................ 00 00 00 02 00 00 00 00 00 00 00 00 00 00 00 01
  ............     00 00 00 01 00 00 00 00 00 00 00 00
012966-012978 FontNameBlock "la_gioconda"
012979-012994 DataBlock
  ................ 0c 00 00 00 07 00 00 00 00 00 00 00 d7 f8 ff ff
012995-013010 StringBlock "ingame_tooltip"
013011-013034 DataBlock
  ................ 00 00 00 00 00 00 00 00 00 00 00 00 00 00 00 00
  ........         00 00 00 00 00 00 00 00
013035-013045 T0Block "normal_t0"
013046-013061 DataBlock
  ................ 00 00 00 00 00 00 00 00 00 00 00 00 00 00 00 00
013062-013072 T0Block "normal_t0"
013073-013133 DataBlock
  ................ 00 00 00 00 00 00 00 00 00 00 00 00 00 00 00 00
  ................ 00 00 00 00 00 00 00 00 00 00 00 00 00 00 00 00
  ................ 00 00 00 00 00 00 00 00 00 00 00 00 00 00 00 00
  ......... k..    00 00 00 00 00 00 00 00 00 20 6b f8 0d
013134-013143 StringBlock "accuracy"
013144-013247 DataBlock
  ................ 00 00 00 00 00 00 01 00 00 00 00 00 00 00 00 00
  ................ 00 00 00 00 00 00 01 00 00 00 00 00 00 00 00 00
  ................ 00 00 00 00 00 00 00 00 00 00 00 00 00 00 00 00
  ............ ... 00 00 00 00 00 00 00 00 04 00 00 00 20 9c b2 0d
  ..1............. 01 00 31 10 00 00 00 10 00 00 00 00 00 00 00 02
  ................ 00 00 00 00 00 00 00 00 00 00 00 01 00 00 00 01
  ........         00 00 00 00 00 00 00 00
013248-013260 FontNameBlock "la_gioconda"
013261-013276 DataBlock
  ................ 0c 00 00 00 07 00 00 00 00 00 00 00 d7 f8 ff ff
013277-013292 StringBlock "ingame_tooltip"
013293-013316 DataBlock
  ................ 00 00 00 00 00 00 00 00 00 00 00 00 00 00 00 00
  ........         00 00 00 00 00 00 00 00
013317-013327 T0Block "normal_t0"
013328-013343 DataBlock
  ................ 00 00 00 00 00 00 00 00 00 00 00 00 00 00 00 00
013344-013354 T0Block "normal_t0"
013355-013430 DataBlock
  ................ 00 00 00 00 00 00 00 00 00 00 00 00 00 00 00 00
  ................ 00 00 00 00 00 00 00 00 00 00 00 00 00 00 00 00
  .a....0......... b0 61 bc 0d 01 00 30 10 00 00 00 10 00 00 00 00
  ................ 00 00 00 02 00 00 00 00 00 00 00 00 00 00 00 01
  ............     00 00 00 01 00 00 00 00 00 00 00 00
013431-013443 FontNameBlock "la_gioconda"
013444-013459 DataBlock
  ................ 0c 00 00 00 07 00 00 00 00 00 00 00 d7 f8 ff ff
013460-013475 StringBlock "ingame_tooltip"
013476-013499 DataBlock
  ................ 00 00 00 00 00 00 00 00 00 00 00 00 00 00 00 00
  ........         00 00 00 00 00 00 00 00
013500-013510 T0Block "normal_t0"
013511-013526 DataBlock
  ................ 00 00 00 00 00 00 00 00 00 00 00 00 00 00 00 00
013527-013537 T0Block "normal_t0"
013538-013613 DataBlock
  ................ 00 00 00 00 00 00 00 00 00 00 00 00 00 00 00 00
  ................ 00 00 00 00 00 00 00 00 00 00 00 00 00 00 00 00
  .f....3......... f0 66 bc 0d 01 00 33 10 00 00 00 10 00 00 00 00
  ................ 00 00 00 02 00 00 00 00 00 00 00 00 00 00 00 01
  ............     00 00 00 01 00 00 00 00 00 00 00 00
013614-013626 FontNameBlock "la_gioconda"
013627-013642 DataBlock
  ................ 0c 00 00 00 07 00 00 00 00 00 00 00 d7 f8 ff ff
013643-013658 StringBlock "ingame_tooltip"
013659-013682 DataBlock
  ................ 00 00 00 00 00 00 00 00 00 00 00 00 00 00 00 00
  ........         00 00 00 00 00 00 00 00
013683-013693 T0Block "normal_t0"
013694-013709 DataBlock
  ................ 00 00 00 00 00 00 00 00 00 00 00 00 00 00 00 00
013710-013720 T0Block "normal_t0"
013721-013796 DataBlock
  ................ 00 00 00 00 00 00 00 00 00 00 00 00 00 00 00 00
  ................ 00 00 00 00 00 00 00 00 00 00 00 00 00 00 00 00
  p.....2......... 70 b9 97 0d 01 00 32 10 00 00 00 10 00 00 00 00
  ................ 00 00 00 02 00 00 00 00 00 00 00 00 00 00 00 01
  ............     00 00 00 01 00 00 00 00 00 00 00 00
013797-013809 FontNameBlock "la_gioconda"
013810-013825 DataBlock
  ................ 0c 00 00 00 07 00 00 00 00 00 00 00 d7 f8 ff ff
013826-013841 StringBlock "ingame_tooltip"
013842-013865 DataBlock
  ................ 00 00 00 00 00 00 00 00 00 00 00 00 00 00 00 00
  ........         00 00 00 00 00 00 00 00
013866-013876 T0Block "normal_t0"
013877-013892 DataBlock
  ................ 00 00 00 00 00 00 00 00 00 00 00 00 00 00 00 00
013893-013903 T0Block "normal_t0"
013904-013973 DataBlock
  ................ 00 00 00 00 00 00 00 00 00 00 00 00 00 00 00 00
  ................ 00 00 00 00 00 00 00 00 00 00 00 00 00 00 00 00
  ................ 00 00 00 00 00 00 00 00 00 00 00 00 00 00 00 00
  ................ 00 00 00 00 00 00 00 00 00 00 00 00 00 00 00 00
  ..@.l"           00 00 40 90 6c 22
013974-013988 StringBlock "garrison_size"
013989-014052 DataBlock
  ................ 00 00 00 00 00 00 07 00 00 00 00 00 00 00 00 00
  ................ 00 00 00 00 00 00 01 00 00 00 00 01 00 00 00 00
  .........R*".... 00 00 00 07 00 00 00 00 80 52 2a 22 00 00 00 00
  .............R*" 00 00 00 00 00 00 00 00 01 00 00 00 80 52 2a 22
014053-014062 StringBlock "NewState"
014063-014097 DataBlock
  ..........2..... 14 00 00 00 14 00 00 00 01 00 32 00 00 00 04 00
  ................ 00 00 04 00 00 00 00 00 00 00 01 00 00 00 01 00
  ...              00 00 00
014098-014167 UnicodeBlock "garrison_size_NewState_Text_350032"
014168-014169 DataBlock
  ..               00 00
014170-014182 FontNameBlock "la_gioconda"
014183-014198 DataBlock
  ................ 0c 00 00 00 07 00 00 00 00 00 00 00 d7 f8 ff ff
014199-014207 StringBlock "fe_text"
014208-014231 DataBlock
  ................ 00 00 00 00 00 00 00 00 0a 00 00 00 00 00 00 00
  ........         00 00 00 00 01 00 00 00
014232-014242 T0Block "normal_t0"
014243-014258 DataBlock
  ................ 00 00 00 00 00 00 00 00 00 00 00 00 00 00 00 00
014259-014269 T0Block "normal_t0"
014270-014353 DataBlock
  ................ 00 00 00 00 00 00 00 00 00 00 00 00 00 00 00 00
  ................ 00 00 00 00 00 00 00 00 00 00 00 00 00 00 00 00
  ................ 00 00 00 00 0a 00 00 00 00 00 00 00 00 00 00 00
  ................ 00 00 00 00 00 00 00 00 00 00 00 00 00 00 00 00
  ................ 00 00 00 00 00 00 00 00 00 00 00 00 00 00 00 00
  ....             00 00 00 00
