000000-000009 VersionBlock 85
000010-000013 RootIDBlock 289144896
000014-000019 StringBlock "root"
000020-000098 DataBlock
  ................ 00 00 00 00 00 00 00 00 00 00 00 01 01 00 00 00
  ................ 00 01 00 00 00 00 01 00 00 00 00 00 00 00 00 00
  ........ . ..... 00 00 00 00 00 00 00 00 20 ef 20 11 01 00 00 00
  ..g............. a0 cf 67 11 00 00 00 05 00 00 c0 03 00 00 00 00
  ........... . .  00 00 00 00 00 00 00 01 00 00 00 20 ef 20 11
000099-000108 StringBlock "NewState"
000109-000145 DataBlock
  ................ 00 05 00 00 c0 03 00 00 00 00 00 00 02 00 00 00
  ................ 00 00 00 00 00 00 00 00 01 00 00 00 01 00 00 00
  .....            00 00 00 00 00
000146-000161 StringBlock "georgia_italic"
000162-000177 DataBlock
  ................ 0a 00 00 00 02 00 00 00 01 00 00 00 dd da fa ff
000178-000200 StringBlock "Default Font Category"
000201-000216 DataBlock
  ................ 00 00 00 00 00 00 00 00 00 00 00 00 01 00 00 00
000217-000227 T0Block "normal_t0"
000228-000243 DataBlock
  ................ 00 00 00 00 00 00 00 00 00 00 00 00 00 00 00 00
000244-000254 T0Block "normal_t0"
000255-000385 DataBlock
  ................ 00 00 00 00 00 00 00 00 00 00 00 00 00 00 00 00
  ......g......... 01 00 00 00 a0 cf 67 11 00 00 00 00 00 00 00 00
  ................ 00 05 00 00 c0 03 00 00 be ff bb ff 00 00 00 00
  ................ 00 00 00 00 00 00 00 00 00 00 00 01 01 00 00 00
  ................ 00 00 00 00 00 00 00 00 00 00 00 00 00 00 00 00
  ................ 00 00 00 00 00 00 00 00 00 00 00 00 00 00 00 00
  ................ 00 00 00 00 00 00 00 00 00 00 00 00 00 00 00 00
  ...............@ 00 00 00 00 00 00 00 00 00 00 00 01 00 00 00 40
  p(.              70 28 11
000386-000402 StringBlock "region_info_pip"
000403-000417 StringBlock "RegionInfoPip"
000418-000463 DataBlock
  ~............... 7e 02 00 00 ca 01 00 00 00 01 01 00 00 00 00 01
  ................ 00 00 00 00 01 00 00 00 00 00 00 00 00 00 00 00
  ..............   00 00 00 00 00 00 00 00 00 00 01 00 00 00
000464-000522 ImageBlock id=288451808 xsize=26 ysize=26 path="ui\\campaign ui\\pips\\placeholder-happy.png" unknown=0
000523-000535 DataBlock
  .............    00 00 00 00 00 01 00 00 00 e0 16 1f 11
000536-000545 StringBlock "NewState"
000546-000582 DataBlock
  ................ 18 00 00 00 18 00 00 00 00 00 00 00 02 00 00 00
  ................ 00 00 00 00 00 00 00 00 01 00 00 00 01 00 00 00
  .....            00 00 00 00 00
000583-000595 FontNameBlock "la_gioconda"
000596-000611 DataBlock
  ................ 0c 00 00 00 07 00 00 00 00 00 00 00 00 00 00 ff
000612-000630 StringBlock "ingame_text_small"
000631-000646 DataBlock
  ................ 00 00 00 00 00 00 00 00 00 00 00 00 01 01 00 00
000647-000657 T0Block "normal_t0"
000658-000673 DataBlock
  ................ 00 00 00 00 00 00 00 00 00 00 00 00 00 00 00 00
000674-000684 T0Block "normal_t0"
000685-000799 DataBlock
  ................ 00 00 00 00 00 00 00 00 00 00 00 00 00 00 00 00
  .....l1......... 01 00 00 00 e0 6c 31 11 00 00 00 00 00 00 00 00
  ................ 18 00 00 00 18 00 00 00 ff ff ff ff 00 00 00 00
  ................ 00 00 00 00 00 00 00 00 00 00 00 01 01 00 00 00
  ................ 00 00 00 00 00 00 00 00 00 00 00 00 00 00 00 00
  ................ 00 00 00 00 00 00 00 00 00 00 00 00 00 00 00 00
  ................ 00 00 00 00 00 00 00 00 00 00 00 00 00 00 00 02
  ...              00 00 00
000800-000808 StringBlock "tooltip"
000809-000810 DataBlock
  ..               00 00
000811-000817 StringBlock "value"
000818-000849 DataBlock
  ................ 00 00 00 00 00 00 00 00 00 00 00 00 00 00 00 00
  ................ 00 00 00 00 00 00 00 00 00 00 00 00 00 00 00 00
