000000-000009 VersionBlock 86
000010-000013 RootIDBlock 408831168
000014-000019 StringBlock "root"
000020-000098 DataBlock
  ................ 00 00 00 00 00 00 00 00 00 00 00 01 01 00 00 00
  ................ 00 01 00 00 00 00 01 00 00 00 00 00 00 00 00 00
  .........c...... 00 00 00 00 00 00 00 00 10 63 ed 07 01 00 00 00
   .L............. 20 8d 4c 19 00 00 00 05 00 00 c0 03 00 00 00 00
  ............c..  00 00 00 00 00 00 00 01 00 00 00 10 63 ed 07
000099-000108 StringBlock "NewState"
000109-000145 DataBlock
  ................ 00 05 00 00 00 04 00 00 00 00 00 00 02 00 00 00
  ................ 00 00 00 00 00 00 00 00 01 00 00 00 01 00 00 00
  .....            00 00 00 00 00
000146-000161 StringBlock "georgia_italic"
000162-000177 DataBlock
  ................ 0a 00 00 00 02 00 00 00 01 00 00 00 dd da fa ff
000178-000200 StringBlock "Default Font Category"
000201-000224 DataBlock
  ................ 00 00 00 00 00 00 00 00 00 00 00 00 00 00 00 00
  ........         00 00 00 00 01 00 00 00
000225-000235 T0Block "normal_t0"
000236-000251 DataBlock
  ................ 00 00 00 00 00 00 00 00 00 00 00 00 00 00 00 00
000252-000262 T0Block "normal_t0"
000263-000393 DataBlock
  ................ 00 00 00 00 00 00 00 00 00 00 00 00 00 00 00 00
  .... .L......... 01 00 00 00 20 8d 4c 19 00 00 00 00 00 00 00 00
  ................ 00 05 00 00 c0 03 00 00 c0 c0 c0 ff 00 00 00 00
  ................ 00 00 00 00 00 00 00 00 00 00 00 01 01 00 00 00
  ................ 00 00 00 00 00 00 00 00 00 00 00 00 00 00 00 00
  ................ 00 00 00 00 00 00 00 00 00 00 00 00 00 00 00 00
  ................ 00 00 00 00 00 00 00 00 00 00 00 00 00 00 00 00
  ................ 00 00 00 00 00 00 00 00 00 00 00 01 00 00 00 90
  ...              aa c9 0c
000394-000422 StringBlock "building_info_generic_entry"
000423-000486 DataBlock
  ................ 00 00 8a 01 00 00 cb 00 00 00 00 01 01 00 00 00
  ................ 00 01 00 00 00 00 01 00 00 00 00 00 00 00 00 00
  ................ 00 00 00 00 00 00 00 00 00 00 00 00 00 00 00 00
  .............%@. 00 00 00 00 00 00 00 00 01 00 00 00 a0 25 40 19
000487-000495 StringBlock "Default"
000496-000532 DataBlock
  ................ f3 00 00 00 18 00 00 00 00 00 00 00 02 00 00 00
  ................ 00 00 00 00 00 00 00 00 01 00 00 00 01 00 00 00
  .....            00 00 00 00 00
000533-000548 StringBlock "georgia_italic"
000549-000564 DataBlock
  ................ 0a 00 00 00 02 00 00 00 01 00 00 00 dd da fa ff
000565-000587 StringBlock "Default Font Category"
000588-000611 DataBlock
  ................ 00 00 00 00 00 00 00 00 00 00 00 00 00 00 00 00
  ........         00 00 00 00 01 00 00 00
000612-000622 T0Block "normal_t0"
000623-000638 DataBlock
  ................ 00 00 00 00 00 00 00 00 00 00 00 00 00 00 00 00
000639-000649 T0Block "normal_t0"
000650-000701 DataBlock
  ................ 00 00 00 00 00 00 00 00 00 00 00 00 00 00 00 00
  ................ 00 00 00 00 1e 00 00 00 10 00 00 00 00 00 00 00
  ................ 00 00 00 00 00 00 00 00 00 00 00 00 03 00 00 00
  . @.             80 20 40 19
000702-000714 StringBlock "effect_icon"
000715-000766 DataBlock
  ................ 00 00 00 00 00 00 00 00 00 00 00 00 00 00 00 00
  ................ 00 01 00 00 00 00 01 00 00 00 00 01 00 00 00 00
  ................ 00 00 00 00 00 00 00 00 00 00 00 00 01 00 00 00
  ..L.             e0 8e 4c 19
000767-000810 ImagePathBlock "ui\\skins\\default\\construction_positive.png"
000811-000835 DataBlock
   ... ........... 20 00 00 00 20 00 00 00 00 00 00 00 00 00 00 00
  .....`.F.        00 01 00 00 00 60 00 46 18
000836-000845 StringBlock "NewState"
000846-000882 DataBlock
  ................ 18 00 00 00 18 00 00 00 00 00 00 00 02 00 00 00
  ................ 00 00 00 00 00 00 00 00 01 00 00 00 01 00 00 00
  .....            00 00 00 00 00
000883-000898 StringBlock "georgia_italic"
000899-000914 DataBlock
  ................ 0a 00 00 00 02 00 00 00 01 00 00 00 dd da fa ff
000915-000937 StringBlock "Default Font Category"
000938-000961 DataBlock
  ................ 00 00 00 00 00 00 00 00 00 00 00 00 00 00 00 00
  ........         00 00 00 00 00 00 00 00
000962-000972 T0Block "normal_t0"
000973-000988 DataBlock
  ................ 00 00 00 00 00 00 00 00 00 00 00 00 00 00 00 00
000989-000999 T0Block "normal_t0"
001000-001139 DataBlock
  ................ 00 00 00 00 00 00 00 00 00 00 00 00 00 00 00 00
  ......L......... 01 00 00 00 e0 8e 4c 19 00 00 00 00 00 00 00 00
  ................ 18 00 00 00 18 00 00 00 ff ff ff ff 00 00 00 00
  ................ 00 00 00 00 00 00 00 00 00 00 00 01 01 00 00 00
  ................ 00 00 00 00 00 00 00 00 00 00 00 00 00 00 00 00
  ................ 00 00 00 00 00 00 00 00 00 00 00 00 00 00 00 00
  ................ 00 00 00 00 00 00 00 00 00 00 00 00 00 00 00 00
  ................ 00 00 00 00 00 00 00 00 00 00 00 00 00 00 00 00
  ........ R..     00 00 00 00 00 00 00 00 20 52 ed 07
001140-001155 StringBlock "description_dy"
001156-001219 DataBlock
  ................ 00 00 1c 00 00 00 00 00 00 00 00 01 01 00 00 00
  ................ 00 01 00 00 00 00 01 00 00 00 00 01 00 00 00 1c
  ................ 00 00 00 00 00 00 00 00 00 00 00 00 00 00 00 00
  ............ w.. 00 00 00 00 00 00 00 00 01 00 00 00 20 77 f2 18
001220-001229 StringBlock "NewState"
001230-001237 DataBlock
  ........         d8 00 00 00 18 00 00 00
001238-001279 UnicodeBlock "Enables building of:"
001280-001302 DataBlock
  ................ 00 00 02 00 00 00 00 00 00 00 00 00 00 00 00 00
  .......          00 00 01 00 00 00 01
001303-001388 UnicodeBlock "tx_enables_recruitment_NewState_Text_b007c"
001389-001390 DataBlock
  ..               00 00
001391-001403 StringBlock "la_gioconda"
001404-001419 DataBlock
  ................ 0c 00 00 00 07 00 00 00 00 00 00 00 d7 f8 ff ff
001420-001436 StringBlock "fe_tooltip_text"
001437-001460 DataBlock
  ................ 00 00 00 00 02 00 00 00 06 00 00 00 00 00 00 00
  ........         00 00 00 00 00 00 00 00
001461-001471 T0Block "normal_t0"
001472-001487 DataBlock
  ................ 00 00 00 00 00 00 00 00 00 00 00 00 00 00 00 00
001488-001498 T0Block "normal_t0"
001499-001534 DataBlock
  ................ 00 00 00 00 00 00 00 00 00 00 00 00 00 00 00 00
  ................ 00 00 00 00 00 00 00 00 00 00 00 00 00 00 00 00
  ....             01 00 00 00
001535-001555 StringBlock "disable_text_shrink"
001556-001582 DataBlock
  ................ 00 00 00 00 00 00 00 00 00 00 00 00 00 00 00 00
  ........2*.      00 00 00 00 00 00 00 80 32 2a 19
001583-001595 StringBlock "Level Pip 1"
001596-001647 DataBlock
  ................ 00 00 02 00 00 00 0a 00 00 00 00 00 00 00 00 00
  ................ 00 00 00 00 00 00 01 00 00 00 00 00 00 00 00 00
  ................ 00 00 00 00 00 00 00 00 00 00 00 00 01 00 00 00
  .`,.             80 60 2c 19
001648-001722 ImagePathBlock "c:\\documents and settings\\simon_s\\my documents\\projects\\golden_bullet.png"
001723-001747 DataBlock
  ................ 0a 00 00 00 0a 00 00 00 00 00 00 00 00 00 00 00
  ..... u..        00 01 00 00 00 20 75 f2 18
001748-001755 StringBlock "filled"
001756-001792 DataBlock
  ................ 0a 00 00 00 0a 00 00 00 00 00 00 00 02 00 00 00
  ................ 00 00 00 00 00 00 00 00 01 00 00 00 01 00 00 00
  .....            00 00 00 00 00
001793-001808 StringBlock "georgia_italic"
001809-001824 DataBlock
  ................ 0a 00 00 00 02 00 00 00 01 00 00 00 dd da fa ff
001825-001847 StringBlock "Default Font Category"
001848-001871 DataBlock
  ................ 00 00 00 00 00 00 00 00 00 00 00 00 00 00 00 00
  ........         00 00 00 00 00 00 00 00
001872-001882 T0Block "normal_t0"
001883-001898 DataBlock
  ................ 00 00 00 00 00 00 00 00 00 00 00 00 00 00 00 00
001899-001909 T0Block "normal_t0"
001910-002063 DataBlock
  ................ 00 00 00 00 00 00 00 00 00 00 00 00 00 00 00 00
  .....`,......... 01 00 00 00 80 60 2c 19 00 00 00 00 00 00 00 00
  ................ 0a 00 00 00 0a 00 00 00 ff ff ff ff 00 00 00 00
  ................ 00 00 00 00 00 00 00 00 00 00 00 01 01 00 00 00
  ................ 00 00 00 00 00 00 00 00 00 00 00 00 00 00 00 00
  ................ 00 00 00 00 00 00 00 00 00 00 00 00 00 00 00 00
  ................ 00 00 00 00 00 00 00 00 00 00 00 00 00 00 00 00
  ................ 00 00 00 0a 00 00 00 00 00 00 00 00 00 00 00 00
  ................ 00 00 00 00 00 00 00 00 00 00 00 00 00 00 00 00
  ..........       00 00 00 00 00 00 00 00 00 00
