000000-000009 VersionBlock 104
000010-000013 RootIDBlock 301433344
000014-000019 StringBlock "root"
000020-000099 DataBlock
  ................ 00 00 00 00 00 00 00 00 00 00 00 00 01 01 00 00
  ................ 00 00 01 00 00 00 00 01 00 00 00 00 00 00 00 00
  .........@...... 00 00 00 00 00 00 00 00 00 40 89 dd 11 01 00 00
  ..&....@........ 00 e0 26 f4 11 00 00 40 06 00 00 c0 03 00 00 00
  ............@... 00 00 00 00 00 00 00 00 01 00 00 00 40 89 dd 11
000100-000109 NewStateBlock "NewState"
000110-000148 DataBlock
  ................ 00 05 00 00 00 04 00 00 00 00 00 00 02 00 00 00
  ................ 00 00 00 00 00 00 00 00 01 00 00 00 01 00 00 00
  .......          00 00 00 00 00 00 00
000149-000164 FontNameBlock "georgia_italic"
000165-000180 DataBlock
  ................ 0a 00 00 00 02 00 00 00 01 00 00 00 dd da fa ff
000181-000203 StringBlock "Default Font Category"
000204-000223 DataBlock
  ................ 00 00 00 00 00 00 00 00 00 00 00 00 00 00 00 00
  ....             01 00 00 00
000224-000234 T0Block "normal_t0"
000235-000250 DataBlock
  ................ 00 00 00 00 00 00 00 00 00 00 00 00 00 00 00 00
000251-000261 T0Block "normal_t0"
000262-000414 DataBlock
  ................ 00 00 00 00 00 00 00 00 00 00 00 00 00 00 00 00
  .....&.......... 01 00 00 00 e0 26 f4 11 00 00 00 00 00 00 00 00
  @............ 40 06 00 00 c0 03 00 00 7f 7f 7f ff 00 00 00 00
  ................ 00 00 00 00 00 00 00 00 00 00 00 01 01 00 00 00
  ................ 00 00 00 00 00 00 00 00 00 00 00 00 00 00 00 00
  ....?........... 00 00 00 80 3f 00 00 00 00 00 00 00 00 00 00 00
  ................ 00 00 00 00 00 00 00 00 00 00 00 00 00 00 00 00
  ................ 00 00 00 00 00 00 00 00 00 00 00 00 00 00 00 00
  ................ 00 00 00 00 00 00 00 00 00 00 00 00 00 00 00 01
  .........        00 00 00 00 00 e0 86 f7 11
000415-000449 StringBlock "building_info_recruitment_effects"
000450-000451 DataBlock
  ..               00 00
000452-000474 StringBlock "BuildingInfoUnitEntry"
000475-000535 DataBlock
  b...e........... 62 02 00 00 65 01 00 00 01 01 00 00 00 00 01 00
  ................ 00 00 00 01 00 00 00 00 00 00 00 00 fc ff ff ff
  ................ fc ff ff ff 00 00 00 00 00 00 00 00 00 00 00 00
  ......... ...    00 00 00 00 00 01 00 00 00 20 8b dd 11
000536-000544 StringBlock "Default"
000545-000583 DataBlock
  ....J........... ea 00 00 00 4a 00 00 00 00 00 00 00 02 00 00 00
  ................ 00 00 00 00 00 00 00 00 01 00 00 00 01 00 00 00
  .......          00 00 00 00 00 00 00
000584-000596 FontNameBlock "la_gioconda"
000597-000612 DataBlock
  ................ 0c 00 00 00 01 00 00 00 00 00 00 00 00 00 00 ff
000613-000625 StringBlock "ingame_text"
000626-000645 DataBlock
  ................ 00 00 00 00 00 00 00 00 00 00 00 00 00 00 00 00
  ....             01 00 00 00
000646-000656 T0Block "normal_t0"
000657-000672 DataBlock
  ................ 00 00 00 00 00 00 00 00 00 00 00 00 00 00 00 00
000673-000683 T0Block "normal_t0"
000684-000737 DataBlock
  ................ 00 00 00 00 00 00 00 00 00 00 00 00 00 00 00 00
  ................ 00 00 00 00 1e 00 00 00 10 00 00 00 00 00 00 00
  ................ 00 00 00 00 0a 00 00 00 00 00 00 00 02 00 00 00
  .. ...           00 00 20 dd f7 11
000738-000751 StringBlock "title_parent"
000752-000796 DataBlock
  ................ 00 00 00 00 00 00 00 00 00 00 00 00 00 01 00 00
  ................ 00 00 01 00 00 00 00 01 00 00 00 00 00 00 00 00
  ..........t..    00 00 00 00 00 00 00 00 00 c0 74 f4 11
000797-000845 ImageListBlock 1 elements:
  000801-000845 ImageBlock id=297330592 xsize=400 ysize=24 path="ui\\skins\\default\\h_line.png" unknown=0
000846-000907 DataBlock
  ..........t....N 00 00 00 00 00 01 00 00 00 c0 74 f4 11 08 00 4e
  ewState......... 65 77 53 74 61 74 65 ea 00 00 00 18 00 00 00 00
  ................ 00 00 00 02 00 00 00 00 00 00 00 00 00 00 00 01
  ..............   00 00 00 01 00 00 00 00 00 00 00 00 00 00
000908-000923 FontNameBlock "georgia_italic"
000924-000939 DataBlock
  ................ 0a 00 00 00 02 00 00 00 01 00 00 00 dd da fa ff
000940-000962 StringBlock "Default Font Category"
000963-000982 DataBlock
  ................ 00 00 00 00 00 00 00 00 00 00 00 00 00 00 00 00
  ....             01 00 00 00
000983-000993 T0Block "normal_t0"
000994-001009 DataBlock
  ................ 00 00 00 00 00 00 00 00 00 00 00 00 00 00 00 00
001010-001020 T0Block "normal_t0"
001021-001173 DataBlock
  ................ 00 00 00 00 00 00 00 00 00 00 00 00 00 00 00 00
  ................ 01 00 00 00 a0 e7 b8 11 00 00 00 00 00 00 00 00
  ................ ea 00 00 00 18 00 00 00 ff ff ff 00 00 00 00 08
  ................ 00 00 00 00 00 00 00 00 00 00 00 01 00 00 00 00
  ................ 00 00 00 00 00 00 00 00 00 00 00 00 00 00 00 00
  ....?........... 00 00 00 80 3f 00 00 00 00 00 00 00 00 00 00 00
  ..............B. 00 00 00 00 00 00 00 00 00 00 00 00 00 a0 42 00
  ......B......... 00 00 00 00 00 a0 42 00 00 00 00 00 00 00 00 00
  ................ 00 00 00 00 00 00 00 0a 00 00 00 00 00 00 00 02
  .........        00 00 00 00 00 00 e2 f7 11
001174-001185 StringBlock "tx_enables"
001186-001250 DataBlock
  ....&........... 00 00 00 00 26 00 00 00 00 00 00 00 01 01 00 00
  ................ 00 00 01 00 00 00 00 01 00 00 00 00 03 00 00 00
  ..........v..... 0a 00 00 00 00 00 00 00 00 a0 76 f4 11 00 00 00
  ................ 00 00 00 00 00 00 00 00 00 06 00 00 00 00 a1 b2
  .                0d
001251-001265 StringBlock "recruit_light"
001266-001273 DataBlock
  ........         ce 00 00 00 18 00 00 00
001274-001321 UnicodeBlock "Unlocks recruitment of:"
001322-001344 DataBlock
  ................ 00 00 02 00 00 00 00 00 00 00 00 00 00 00 02 00
  .......          00 00 01 00 00 00 01
001345-001406 UnicodeBlock "tx_enables_recruit_Text_71007d"
001407-001410 DataBlock
  ....             00 00 00 00
001411-001423 FontNameBlock "la_gioconda"
001424-001439 DataBlock
  ................ 0c 00 00 00 01 00 00 00 00 00 00 00 d7 f8 ff ff
001440-001448 StringBlock "fe_text"
001449-001468 DataBlock
  ................ 00 00 00 00 00 00 00 00 06 00 00 00 00 00 00 00
  ....             01 00 00 00
001469-001479 T0Block "normal_t0"
001480-001495 DataBlock
  ................ 00 00 00 00 00 00 00 00 00 00 00 00 00 00 00 00
001496-001506 T0Block "normal_t0"
001507-001542 DataBlock
  ................ 00 00 00 00 00 00 00 00 00 00 00 00 00 00 00 00
  ................ 00 00 00 00 00 00 00 00 00 00 00 00 00 00 00 00
  .v..             a0 76 f4 11
001543-001551 StringBlock "recruit"
001552-001559 DataBlock
  ........         ce 00 00 00 18 00 00 00
001560-001607 UnicodeBlock "Unlocks recruitment of:"
001608-001630 DataBlock
  ................ 00 00 02 00 00 00 00 00 00 00 00 00 00 00 02 00
  .......          00 00 01 00 00 00 01
001631-001692 UnicodeBlock "tx_enables_recruit_Text_71007d"
001693-001696 DataBlock
  ....             00 00 00 00
001697-001709 FontNameBlock "la_gioconda"
001710-001725 DataBlock
  .............I.. 0c 00 00 00 07 00 00 00 00 00 00 00 0c 49 1e ff
001726-001740 StringBlock "fe_text_green"
001741-001760 DataBlock
  ................ 00 00 00 00 00 00 00 00 06 00 00 00 00 00 00 00
  ....             01 00 00 00
001761-001771 T0Block "normal_t0"
001772-001787 DataBlock
  ................ 00 00 00 00 00 00 00 00 00 00 00 00 00 00 00 00
001788-001798 T0Block "normal_t0"
001799-001834 DataBlock
  ................ 00 00 00 00 00 00 00 00 00 00 00 00 00 00 00 00
  ................ 00 00 00 00 00 00 00 00 00 00 00 00 00 00 00 00
  ....             f0 a2 b2 0d
001835-001855 StringBlock "siege_defence_light"
001856-001863 DataBlock
  ........         ce 00 00 00 18 00 00 00
001864-001913 UnicodeBlock "Provides siege defences:"
001914-001936 DataBlock
  ................ 00 00 02 00 00 00 00 00 00 00 00 00 00 00 02 00
  .......          00 00 01 00 00 00 01
001937-002010 UnicodeBlock "tx_enables_siege_defence_Text_53002d"
002011-002014 DataBlock
  ....             00 00 00 00
002015-002027 FontNameBlock "la_gioconda"
002028-002043 DataBlock
  ................ 0c 00 00 00 01 00 00 00 00 00 00 00 d7 f8 ff ff
002044-002052 StringBlock "fe_text"
002053-002072 DataBlock
  ................ 00 00 00 00 00 00 00 00 06 00 00 00 00 00 00 00
  ....             00 00 00 00
002073-002083 T0Block "normal_t0"
002084-002099 DataBlock
  ................ 00 00 00 00 00 00 00 00 00 00 00 00 00 00 00 00
002100-002110 T0Block "normal_t0"
002111-002146 DataBlock
  ................ 00 00 00 00 00 00 00 00 00 00 00 00 00 00 00 00
  ................ 00 00 00 00 00 00 00 00 00 00 00 00 00 00 00 00
  ....             10 9f b2 0d
002147-002162 StringBlock "garrison_light"
002163-002170 DataBlock
  ........         ce 00 00 00 18 00 00 00
002171-002208 UnicodeBlock "Provides garrison:"
002209-002231 DataBlock
  ................ 00 00 02 00 00 00 00 00 00 00 00 00 00 00 02 00
  .......          00 00 01 00 00 00 01
002232-002295 UnicodeBlock "tx_enables_garrison_Text_3a001d"
002296-002299 DataBlock
  ....             00 00 00 00
002300-002312 FontNameBlock "la_gioconda"
002313-002328 DataBlock
  ................ 0c 00 00 00 01 00 00 00 00 00 00 00 d7 f8 ff ff
002329-002337 StringBlock "fe_text"
002338-002357 DataBlock
  ................ 00 00 00 00 00 00 00 00 06 00 00 00 00 00 00 00
  ....             01 00 00 00
002358-002368 T0Block "normal_t0"
002369-002384 DataBlock
  ................ 00 00 00 00 00 00 00 00 00 00 00 00 00 00 00 00
002385-002395 T0Block "normal_t0"
002396-002431 DataBlock
  ................ 00 00 00 00 00 00 00 00 00 00 00 00 00 00 00 00
  ................ 00 00 00 00 00 00 00 00 00 00 00 00 00 00 00 00
  .)..             a0 29 d8 11
002432-002441 StringBlock "garrison"
002442-002449 DataBlock
  ........         ce 00 00 00 18 00 00 00
002450-002487 UnicodeBlock "Provides garrison:"
002488-002510 DataBlock
  ................ 00 00 02 00 00 00 00 00 00 00 00 00 00 00 02 00
  .......          00 00 01 00 00 00 01
002511-002574 UnicodeBlock "tx_enables_garrison_Text_3a001d"
002575-002578 DataBlock
  ....             00 00 00 00
002579-002591 FontNameBlock "la_gioconda"
002592-002607 DataBlock
  .............I.. 0c 00 00 00 07 00 00 00 00 00 00 00 0c 49 1e ff
002608-002622 StringBlock "fe_text_green"
002623-002642 DataBlock
  ................ 00 00 00 00 00 00 00 00 06 00 00 00 00 00 00 00
  ....             01 00 00 00
002643-002653 T0Block "normal_t0"
002654-002669 DataBlock
  ................ 00 00 00 00 00 00 00 00 00 00 00 00 00 00 00 00
002670-002680 T0Block "normal_t0"
002681-002716 DataBlock
  ................ 00 00 00 00 00 00 00 00 00 00 00 00 00 00 00 00
  ................ 00 00 00 00 00 00 00 00 00 00 00 00 00 00 00 00
  .r).             9c 72 29 01
002717-002731 StringBlock "siege_defence"
002732-002739 DataBlock
  ........         ce 00 00 00 18 00 00 00
002740-002789 UnicodeBlock "Provides siege defences:"
002790-002812 DataBlock
  ................ 00 00 02 00 00 00 00 00 00 00 00 00 00 00 02 00
  .......          00 00 01 00 00 00 01
002813-002886 UnicodeBlock "tx_enables_siege_defence_Text_53002d"
002887-002890 DataBlock
  ....             00 00 00 00
002891-002903 FontNameBlock "la_gioconda"
002904-002919 DataBlock
  .............I.. 0c 00 00 00 07 00 00 00 00 00 00 00 0c 49 1e ff
002920-002934 StringBlock "fe_text_green"
002935-002954 DataBlock
  ................ 00 00 00 00 00 00 00 00 06 00 00 00 00 00 00 00
  ....             00 00 00 00
002955-002965 T0Block "normal_t0"
002966-002981 DataBlock
  ................ 00 00 00 00 00 00 00 00 00 00 00 00 00 00 00 00
002982-002992 T0Block "normal_t0"
002993-003056 DataBlock
  ................ 00 00 00 00 00 00 00 00 00 00 00 00 00 00 00 00
  ................ 00 00 00 00 00 00 00 00 00 00 00 00 00 00 00 00
  ................ 00 00 00 00 0a 00 00 00 00 00 00 00 00 00 00 00
  ................ 00 00 00 00 00 00 00 00 00 00 00 00 80 eb f7 11
003057-003069 StringBlock "effect_icon"
003070-003118 DataBlock
  ................ 00 00 00 00 0a 00 00 00 00 00 00 00 00 00 00 00
  ................ 00 00 01 00 00 00 00 01 00 00 00 00 01 00 00 00
  ................ 0a 00 00 00 00 00 00 00 00 00 00 00 00 02 00 00
  .                00
003119-003180 ImageBlock id=203567616 xsize=24 ysize=24 path="ui\\skins\\default\\replenishement_positive.png" unknown=573755392
003181-003181 DataBlock
  .                0c
003182-003217 ImagePathBlock "ui\\skins\\default\\navy_positive.png"
003218-003242 DataBlock
  ................ 18 00 00 00 18 00 00 00 00 00 00 00 00 00 00 00
  ......-..        00 02 00 00 00 80 2d d8 11
003243-003248 StringBlock "army"
003249-003287 DataBlock
  ................ 18 00 00 00 18 00 00 00 00 00 00 00 02 00 00 00
  ................ 00 00 00 00 00 00 00 00 01 00 00 00 01 00 00 00
  .......          00 00 00 00 00 00 00
003288-003300 FontNameBlock "la_gioconda"
003301-003316 DataBlock
  ................ 0c 00 00 00 01 00 00 00 00 00 00 00 00 00 00 ff
003317-003329 StringBlock "ingame_text"
003330-003349 DataBlock
  ................ 00 00 00 00 00 00 00 00 00 00 00 00 00 00 00 00
  ....             00 00 00 00
003350-003360 T0Block "normal_t0"
003361-003376 DataBlock
  ................ 00 00 00 00 00 00 00 00 00 00 00 00 00 00 00 00
003377-003387 T0Block "normal_t0"
003388-003522 DataBlock
  ................ 00 00 00 00 00 00 00 00 00 00 00 00 00 00 00 00
  .....2"......... 01 00 00 00 00 32 22 0c 00 00 00 00 00 00 00 00
  ................ 18 00 00 00 18 00 00 00 ff ff ff ff 00 00 00 00
  ................ 00 00 00 00 00 00 00 00 00 00 00 01 01 00 00 00
  ................ 00 00 00 00 00 00 00 00 00 00 00 00 00 00 00 00
  ....?........... 00 00 00 80 3f 00 00 00 00 00 00 00 00 00 00 00
  ................ 00 00 00 00 00 00 00 00 00 00 00 00 00 00 00 00
  ................ 00 00 00 00 00 00 00 00 00 00 00 00 00 00 00 00
  ...`/..          00 00 00 60 2f d8 11
003523-003528 StringBlock "navy"
003529-003567 DataBlock
  ................ 18 00 00 00 18 00 00 00 00 00 00 00 02 00 00 00
  ................ 00 00 00 00 00 00 00 00 01 00 00 00 01 00 00 00
  .......          00 00 00 00 00 00 00
003568-003580 FontNameBlock "la_gioconda"
003581-003596 DataBlock
  ................ 0c 00 00 00 01 00 00 00 00 00 00 00 00 00 00 ff
003597-003609 StringBlock "ingame_text"
003610-003629 DataBlock
  ................ 00 00 00 00 00 00 00 00 00 00 00 00 00 00 00 00
  ....             00 00 00 00
003630-003640 T0Block "normal_t0"
003641-003656 DataBlock
  ................ 00 00 00 00 00 00 00 00 00 00 00 00 00 00 00 00
003657-003667 T0Block "normal_t0"
003668-003840 DataBlock
  ................ 00 00 00 00 00 00 00 00 00 00 00 00 00 00 00 00
  .....2"......... 01 00 00 00 d0 32 22 0c 00 00 00 00 00 00 00 00
  ................ 18 00 00 00 18 00 00 00 ff ff ff ff 00 00 00 00
  ................ 00 00 00 00 00 00 00 00 00 00 00 01 01 00 00 00
  ................ 00 00 00 00 00 00 00 00 00 00 00 00 00 00 00 00
  ....?........... 00 00 00 80 3f 00 00 00 00 00 00 00 00 00 00 00
  ................ 00 00 00 00 00 00 00 00 00 00 00 00 00 00 00 00
  ................ 00 00 00 00 00 00 00 00 00 00 00 00 00 00 00 00
  ................ 00 00 00 00 00 00 00 0a 00 00 00 00 00 00 00 00
  ................ 00 00 00 00 00 00 00 00 00 00 00 00 00 00 00 00
  .............    00 00 00 00 00 00 00 00 00 a0 8b f7 11
003841-003854 StringBlock "entry_parent"
003855-003919 DataBlock
  ................ 00 00 00 00 00 00 00 00 18 00 00 00 00 01 00 00
  ................ 00 00 01 00 00 00 00 01 00 00 00 00 00 00 00 00
  .........`...... 00 00 00 00 00 00 00 00 00 60 19 e2 11 00 00 00
  .............`.. 00 00 00 00 00 00 00 00 00 01 00 00 00 60 19 e2
  .                11
003920-003929 NewStateBlock "NewState"
003930-003968 DataBlock
  ....2........... ea 00 00 00 32 00 00 00 00 00 00 00 02 00 00 00
  ................ 00 00 00 00 00 00 00 00 01 00 00 00 01 00 00 00
  .......          00 00 00 00 00 00 00
003969-003984 FontNameBlock "georgia_italic"
003985-004000 DataBlock
  ................ 0a 00 00 00 02 00 00 00 01 00 00 00 dd da fa ff
004001-004023 StringBlock "Default Font Category"
004024-004043 DataBlock
  ................ 00 00 00 00 00 00 00 00 00 00 00 00 00 00 00 00
  ....             01 00 00 00
004044-004054 T0Block "normal_t0"
004055-004070 DataBlock
  ................ 00 00 00 00 00 00 00 00 00 00 00 00 00 00 00 00
004071-004081 T0Block "normal_t0"
004082-004135 DataBlock
  ................ 00 00 00 00 00 00 00 00 00 00 00 00 00 00 00 00
  ................ 00 00 00 00 00 00 00 00 00 00 00 00 00 00 00 00
  ................ 00 00 00 00 0a 00 00 00 00 00 00 00 01 00 00 00
  ..@J,"           00 00 40 4a 2c 22
004136-004147 StringBlock "unit_entry"
004148-004212 DataBlock
  ................ 00 00 00 00 00 00 00 00 00 00 00 00 00 01 00 00
  ................ 00 00 01 00 00 00 00 01 00 00 00 00 00 00 00 00
  ..........%]"... 00 00 00 00 00 00 00 00 00 00 25 5d 22 00 00 00
  ..............%] 00 00 00 00 00 00 00 00 00 01 00 00 00 00 25 5d
  "                22
004213-004222 NewStateBlock "NewState"
004223-004261 DataBlock
  ....2........... ea 00 00 00 32 00 00 00 00 00 00 00 04 00 00 00
  ................ 00 00 00 00 00 00 00 00 00 00 00 00 01 00 00 00
  .......          00 00 00 00 00 00 00
004262-004274 FontNameBlock "la_gioconda"
004275-004290 DataBlock
  ................ 0c 00 00 00 01 00 00 00 00 00 00 00 d7 f8 ff ff
004291-004306 StringBlock "ingame_tooltip"
004307-004326 DataBlock
  ................ 00 00 00 00 00 00 00 00 04 00 00 00 00 00 00 00
  ....             01 00 00 00
004327-004337 T0Block "normal_t0"
004338-004353 DataBlock
  ................ 00 00 00 00 00 00 00 00 00 00 00 00 00 00 00 00
004354-004364 T0Block "normal_t0"
004365-004418 DataBlock
  ................ 00 00 00 00 00 00 00 00 00 00 00 00 00 00 00 00
  ................ 00 00 00 00 00 00 00 00 00 00 00 00 00 00 00 00
  ................ 00 00 00 00 0a 00 00 00 00 00 00 00 04 00 00 00
  ...4>"           00 00 80 34 3e 22
004419-004429 StringBlock "unit_name"
004430-004494 DataBlock
  ................ 00 00 00 00 f4 00 00 00 00 00 00 00 00 01 00 00
  ................ 00 00 01 00 00 00 00 01 00 00 00 00 03 00 00 00
  ..........P*"... 0a 00 00 00 00 00 00 00 00 80 50 2a 22 00 00 00
  ..............P* 00 00 00 00 00 00 00 00 00 02 00 00 00 80 50 2a
  "                22
004495-004500 StringBlock "dark"
004501-004508 DataBlock
  ........         c0 00 00 00 1f 00 00 00
004509-004534 UnicodeBlock "dy_unit_name"
004535-004557 DataBlock
  ................ 00 00 02 00 00 00 00 00 00 00 00 00 00 00 03 00
  .......          00 00 01 00 00 00 00
004558-004619 UnicodeBlock "unit_name_NewState_Text_190038"
004620-004623 DataBlock
  ....             00 00 00 00
004624-004636 FontNameBlock "la_gioconda"
004637-004652 DataBlock
  ................ 0c 00 00 00 01 00 00 00 00 00 00 00 00 00 00 ff
004653-004665 StringBlock "ingame_text"
004666-004685 DataBlock
  ................ 00 00 00 00 00 00 00 00 0b 00 00 00 04 00 00 00
  ....             01 00 00 00
004686-004696 T0Block "normal_t0"
004697-004712 DataBlock
  ................ 00 00 00 00 00 00 00 00 00 00 00 00 00 00 00 00
004713-004723 T0Block "normal_t0"
004724-004759 DataBlock
  ................ 00 00 00 00 00 00 00 00 00 00 00 00 00 00 00 00
  ................ 00 00 00 00 00 00 00 00 00 00 00 00 00 00 00 00
   ...             20 9d b2 0d
004760-004766 StringBlock "light"
004767-004774 DataBlock
  ........         c0 00 00 00 1f 00 00 00
004775-004800 UnicodeBlock "dy_unit_name"
004801-004823 DataBlock
  ................ 00 00 02 00 00 00 00 00 00 00 00 00 00 00 03 00
  .......          00 00 01 00 00 00 00
004824-004885 UnicodeBlock "unit_name_NewState_Text_190038"
004886-004889 DataBlock
  ....             00 00 00 00
004890-004902 FontNameBlock "la_gioconda"
004903-004918 DataBlock
  ................ 0c 00 00 00 01 00 00 00 00 00 00 00 d7 f8 ff ff
004919-004927 StringBlock "fe_text"
004928-004947 DataBlock
  ................ 00 00 00 00 00 00 00 00 0b 00 00 00 04 00 00 00
  ....             01 00 00 00
004948-004958 T0Block "normal_t0"
004959-004974 DataBlock
  ................ 00 00 00 00 00 00 00 00 00 00 00 00 00 00 00 00
004975-004985 T0Block "normal_t0"
004986-005049 DataBlock
  ................ 00 00 00 00 00 00 00 00 00 00 00 00 00 00 00 00
  ................ 00 00 00 00 00 00 00 00 00 00 00 00 00 00 00 00
  ................ 00 00 00 00 0a 00 00 00 00 00 00 00 00 00 00 00
  ................ 00 00 00 00 00 00 00 00 00 00 00 00 c0 d0 80 0d
005050-005065 StringBlock "unit_cat_frame"
005066-005110 DataBlock
  ................ 00 00 00 00 18 00 00 00 04 00 00 00 00 00 00 00
  ................ 00 00 01 00 00 00 00 01 00 00 00 00 01 00 00 00
  .............    18 00 00 00 04 00 00 00 00 00 00 00 00
005111-005174 ImageListBlock 1 elements:
  005115-005174 ImageBlock id=506530464 xsize=34 ysize=34 path="ui\\skins\\default\\unit_cat_holder_round.png" unknown=0
005175-005234 DataBlock
  ...............n 00 00 00 00 00 01 00 00 00 d0 fa a8 0d 06 00 6e
  ormal........... 6f 72 6d 61 6c 1a 00 00 00 1a 00 00 00 00 00 00
  ................ 00 02 00 00 00 00 00 00 00 00 00 00 00 01 00 00
  ............     00 01 00 00 00 00 00 00 00 00 00 00
005235-005247 FontNameBlock "la_gioconda"
005248-005263 DataBlock
  ................ 0a 00 00 00 01 00 00 00 00 00 00 00 00 00 00 ff
005264-005282 StringBlock "ingame_text_small"
005283-005302 DataBlock
  ................ 00 00 00 00 00 00 00 00 00 00 00 00 00 00 00 00
  ....             00 00 00 00
005303-005313 T0Block "normal_t0"
005314-005329 DataBlock
  ................ 00 00 00 00 00 00 00 00 00 00 00 00 00 00 00 00
005330-005340 T0Block "normal_t0"
005341-005493 DataBlock
  ................ 00 00 00 00 00 00 00 00 00 00 00 00 00 00 00 00
  ......1......... 01 00 00 00 a0 0a 31 1e 00 00 00 00 00 00 00 00
  ................ 1a 00 00 00 1a 00 00 00 ff ff ff ff 00 00 00 00
  ................ 00 00 00 00 00 00 00 00 00 00 00 01 01 00 00 00
  ................ 00 00 00 00 00 00 00 00 00 00 00 00 00 00 00 00
  ....?........... 00 00 00 80 3f 00 00 00 00 00 00 00 00 00 00 00
  ................ 00 00 00 00 00 00 00 00 00 00 00 00 00 00 00 00
  ................ 00 00 00 00 00 00 00 00 00 00 00 00 00 00 00 00
  ................ 00 00 00 00 00 00 00 00 00 00 00 00 00 00 00 01
  ........%        00 00 00 00 00 00 e8 bb 25
005494-005513 StringBlock "unit_category_icon"
005514-005558 DataBlock
  ................ 00 00 00 00 02 00 00 00 02 00 00 00 00 00 00 00
  ................ 00 00 01 00 00 00 00 01 00 00 00 00 05 00 00 00
  ............%    00 00 00 00 00 00 00 00 00 80 ec bb 25
005559-005615 ImageListBlock 1 elements:
  005563-005615 ImageBlock id=633072384 xsize=22 ysize=22 path="ui\\skins\\default\\sword_infantry.png" unknown=0
005616-005676 DataBlock
  ............%..d 00 00 00 00 00 01 00 00 00 80 ec bb 25 07 00 64
  efault.......... 65 66 61 75 6c 74 16 00 00 00 16 00 00 00 00 00
  ................ 00 00 02 00 00 00 00 00 00 00 00 00 00 00 01 00
  .............    00 00 01 00 00 00 00 00 00 00 00 00 00
005677-005692 FontNameBlock "georgia_italic"
005693-005708 DataBlock
  ................ 0a 00 00 00 02 00 00 00 01 00 00 00 dd da fa ff
005709-005731 StringBlock "Default Font Category"
005732-005751 DataBlock
  ................ 00 00 00 00 00 00 00 00 00 00 00 00 00 00 00 00
  ....             00 01 01 00
005752-005762 T0Block "normal_t0"
005763-005778 DataBlock
  ................ 00 00 00 00 00 00 00 00 00 00 00 00 00 00 00 00
005779-005789 T0Block "normal_t0"
005790-005924 DataBlock
  ................ 00 00 00 00 00 00 00 00 00 00 00 00 00 00 00 00
  .......%........ 01 00 00 00 00 eb bb 25 00 00 00 00 00 00 00 00
  ................ 16 00 00 00 16 00 00 00 ff ff ff ff 00 00 00 00
  ................ 00 00 00 00 00 00 00 00 00 00 00 01 01 00 00 00
  ................ 00 00 00 00 00 00 00 00 00 00 00 00 00 00 00 00
  ....?........... 00 00 00 80 3f 00 00 00 00 00 00 00 00 00 00 00
  ................ 00 00 00 00 00 00 00 00 00 00 00 00 00 00 00 00
  ................ 00 00 00 00 00 00 00 00 00 00 00 00 00 00 00 00
  .......          00 00 00 01 00 00 00
005925-005935 StringBlock "parent_id"
005936-005945 StringBlock "UnitCard"
005946-005983 DataBlock
  ................ 00 00 00 00 00 00 00 00 00 00 00 00 00 00 00 00
  ................ 00 00 00 00 00 00 00 00 00 00 00 00 00 00 00 00
  ...'.J           00 00 00 27 b8 4a
005984-005995 StringBlock "experience"
005996-006044 DataBlock
  ................ 00 00 00 00 1a 00 00 00 10 00 00 00 00 00 00 00
  ................ 00 00 00 00 00 00 00 01 00 00 00 00 01 00 00 00
  ..........`vI... 1a 00 00 00 10 00 00 00 00 80 60 76 49 09 00 00
  .                00
006045-006095 ImageBlock id=1824561536 xsize=24 ysize=24 path="ui\\skins\\default\\experience_9.png" unknown=3231318016
006096-006096 DataBlock
  l                6c
006097-006131 ImagePathBlock "ui\\skins\\default\\experience_1.png"
006132-006140 DataBlock
  .........        18 00 00 00 18 00 00 00 00
006141-006191 ImageBlock id=1824561920 xsize=24 ysize=24 path="ui\\skins\\default\\experience_2.png" unknown=3231416320
006192-006192 DataBlock
  l                6c
006193-006227 ImagePathBlock "ui\\skins\\default\\experience_3.png"
006228-006236 DataBlock
  .........        18 00 00 00 18 00 00 00 00
006237-006287 ImageBlock id=1824562304 xsize=24 ysize=24 path="ui\\skins\\default\\experience_4.png" unknown=3231514624
006288-006288 DataBlock
  l                6c
006289-006323 ImagePathBlock "ui\\skins\\default\\experience_5.png"
006324-006332 DataBlock
  .........        18 00 00 00 18 00 00 00 00
006333-006383 ImageBlock id=1230112512 xsize=24 ysize=24 path="ui\\skins\\default\\experience_6.png" unknown=1376256000
006384-006384 DataBlock
  I                49
006385-006419 ImagePathBlock "ui\\skins\\default\\experience_7.png"
006420-006428 DataBlock
  .........        18 00 00 00 18 00 00 00 00
006429-006479 ImageBlock id=1230112896 xsize=24 ysize=24 path="ui\\skins\\default\\experience_8.png" unknown=0
006480-006505 DataBlock
  ..........^vI..1 00 00 00 00 00 0b 00 00 00 80 5e 76 49 01 00 31
  ..........       18 00 00 00 18 00 00 00 00 00
006506-006525 UnicodeBlock "XP rank 1"
006526-006548 DataBlock
  ................ 02 00 00 00 00 00 00 00 00 00 00 00 01 00 00 00
  .......          01 00 00 00 00 00 00
006549-006594 UnicodeBlock "Level_1_Tooltip_4c0043"
006595-006596 DataBlock
  ..               00 00
006597-006609 FontNameBlock "la_gioconda"
006610-006625 DataBlock
  ................ 0a 00 00 00 01 00 00 00 00 00 00 00 00 00 00 ff
006626-006644 StringBlock "ingame_text_small"
006645-006664 DataBlock
  ................ 00 00 00 00 00 00 00 00 00 00 00 00 00 00 00 00
  ....             01 01 00 00
006665-006675 T0Block "normal_t0"
006676-006691 DataBlock
  ..L............. cd cc 4c be 00 00 00 00 00 00 00 00 00 00 00 00
006692-006702 T0Block "normal_t0"
006703-006879 DataBlock
  ................ 00 00 00 00 00 00 00 00 00 00 00 00 00 00 00 00
  .......l........ 01 00 00 00 00 9a c0 6c 00 00 00 00 00 00 00 00
  ................ 18 00 00 00 18 00 00 00 ff ff ff ff 00 00 00 00
  ................ 00 00 00 00 00 00 00 00 00 00 00 01 01 00 00 00
  ................ 00 00 00 00 00 00 00 00 00 00 00 00 00 00 00 00
  ....?........... 00 00 00 80 3f 00 00 00 00 00 00 00 00 00 00 00
  ................ 00 00 00 00 00 00 00 00 00 00 00 00 00 00 00 00
  ................ 00 00 00 00 00 00 00 00 00 00 00 00 00 00 00 00
  ....`vI..0...... 00 00 00 80 60 76 49 01 00 30 18 00 00 00 18 00
  ................ 00 00 00 00 00 00 02 00 00 00 00 00 00 00 00 00
  ................ 00 00 01 00 00 00 01 00 00 00 00 00 00 00 00 00
  .                00
006880-006892 FontNameBlock "la_gioconda"
006893-006908 DataBlock
  ................ 0a 00 00 00 01 00 00 00 00 00 00 00 00 00 00 ff
006909-006927 StringBlock "ingame_text_small"
006928-006947 DataBlock
  ................ 00 00 00 00 00 00 00 00 00 00 00 00 00 00 00 00
  ....             00 00 00 00
006948-006958 T0Block "normal_t0"
006959-006974 DataBlock
  ................ 00 00 00 00 00 00 00 00 00 00 00 00 00 00 00 00
006975-006985 T0Block "normal_t0"
006986-007034 DataBlock
  ................ 00 00 00 00 00 00 00 00 00 00 00 00 00 00 00 00
  ................ 00 00 00 00 00 00 00 00 00 00 00 00 00 00 00 00
  .bvI..3......... 80 62 76 49 01 00 33 18 00 00 00 18 00 00 00 00
  .                00
007035-007054 UnicodeBlock "XP rank 3"
007055-007077 DataBlock
  ................ 02 00 00 00 00 00 00 00 00 00 00 00 01 00 00 00
  .......          01 00 00 00 00 00 00
007078-007123 UnicodeBlock "Level_3_Tooltip_6c0041"
007124-007125 DataBlock
  ..               00 00
007126-007138 FontNameBlock "la_gioconda"
007139-007154 DataBlock
  ................ 0a 00 00 00 01 00 00 00 00 00 00 00 00 00 00 ff
007155-007173 StringBlock "ingame_text_small"
007174-007193 DataBlock
  ................ 00 00 00 00 00 00 00 00 00 00 00 00 00 00 00 00
  ....             01 01 00 00
007194-007204 T0Block "normal_t0"
007205-007220 DataBlock
  ..L............. cd cc 4c be 00 00 00 00 00 00 00 00 00 00 00 00
007221-007231 T0Block "normal_t0"
007232-007379 DataBlock
  ................ 00 00 00 00 00 00 00 00 00 00 00 00 00 00 00 00
  .......l........ 01 00 00 00 80 9b c0 6c 00 00 00 00 00 00 00 00
  ................ 18 00 00 00 18 00 00 00 ff ff ff ff 00 00 00 00
  ................ 00 00 00 00 00 00 00 00 00 00 00 01 01 00 00 00
  ................ 00 00 00 00 00 00 00 00 00 00 00 00 00 00 00 00
  ....?........... 00 00 00 80 3f 00 00 00 00 00 00 00 00 00 00 00
  ................ 00 00 00 00 00 00 00 00 00 00 00 00 00 00 00 00
  ................ 00 00 00 00 00 00 00 00 00 00 00 00 00 00 00 00
  ....dvI..2...... 00 00 00 80 64 76 49 01 00 32 18 00 00 00 18 00
  ....             00 00 00 00
007380-007399 UnicodeBlock "XP rank 2"
007400-007422 DataBlock
  ................ 02 00 00 00 00 00 00 00 00 00 00 00 01 00 00 00
  .......          01 00 00 00 00 00 00
007423-007468 UnicodeBlock "Level_2_Tooltip_6c0040"
007469-007470 DataBlock
  ..               00 00
007471-007483 FontNameBlock "la_gioconda"
007484-007499 DataBlock
  ................ 0a 00 00 00 01 00 00 00 00 00 00 00 00 00 00 ff
007500-007518 StringBlock "ingame_text_small"
007519-007538 DataBlock
  ................ 00 00 00 00 00 00 00 00 00 00 00 00 00 00 00 00
  ....             01 01 00 00
007539-007549 T0Block "normal_t0"
007550-007565 DataBlock
  ..L............. cd cc 4c be 00 00 00 00 00 00 00 00 00 00 00 00
007566-007576 T0Block "normal_t0"
007577-007724 DataBlock
  ................ 00 00 00 00 00 00 00 00 00 00 00 00 00 00 00 00
  .......l........ 01 00 00 00 00 9b c0 6c 00 00 00 00 00 00 00 00
  ................ 18 00 00 00 18 00 00 00 ff ff ff ff 00 00 00 00
  ................ 00 00 00 00 00 00 00 00 00 00 00 01 01 00 00 00
  ................ 00 00 00 00 00 00 00 00 00 00 00 00 00 00 00 00
  ....?........... 00 00 00 80 3f 00 00 00 00 00 00 00 00 00 00 00
  ................ 00 00 00 00 00 00 00 00 00 00 00 00 00 00 00 00
  ................ 00 00 00 00 00 00 00 00 00 00 00 00 00 00 00 00
  ....gvI..5...... 00 00 00 00 67 76 49 01 00 35 18 00 00 00 18 00
  ....             00 00 00 00
007725-007744 UnicodeBlock "XP rank 5"
007745-007767 DataBlock
  ................ 02 00 00 00 00 00 00 00 00 00 00 00 01 00 00 00
  .......          01 00 00 00 00 00 00
007768-007813 UnicodeBlock "Level_5_Tooltip_6c0047"
007814-007815 DataBlock
  ..               00 00
007816-007828 FontNameBlock "la_gioconda"
007829-007844 DataBlock
  ................ 0a 00 00 00 01 00 00 00 00 00 00 00 00 00 00 ff
007845-007863 StringBlock "ingame_text_small"
007864-007883 DataBlock
  ................ 00 00 00 00 00 00 00 00 00 00 00 00 00 00 00 00
  ....             01 01 00 00
007884-007894 T0Block "normal_t0"
007895-007910 DataBlock
  ................ 00 00 00 bf 00 00 00 00 00 00 00 00 00 00 00 00
007911-007921 T0Block "normal_t0"
007922-008069 DataBlock
  ................ 00 00 00 00 00 00 00 00 00 00 00 00 00 00 00 00
  .......l........ 01 00 00 00 00 9d c0 6c 00 00 00 00 00 00 00 00
  ................ 18 00 00 00 18 00 00 00 ff ff ff ff 00 00 00 00
  ................ 00 00 00 00 00 00 00 00 00 00 00 01 01 00 00 00
  ................ 00 00 00 00 00 00 00 00 00 00 00 00 00 00 00 00
  ....?........... 00 00 00 80 3f 00 00 00 00 00 00 00 00 00 00 00
  ................ 00 00 00 00 00 00 00 00 00 00 00 00 00 00 00 00
  ................ 00 00 00 00 00 00 00 00 00 00 00 00 00 00 00 00
  ....ivI..4...... 00 00 00 00 69 76 49 01 00 34 18 00 00 00 18 00
  ....             00 00 00 00
008070-008089 UnicodeBlock "XP rank 4"
008090-008112 DataBlock
  ................ 02 00 00 00 00 00 00 00 00 00 00 00 01 00 00 00
  .......          01 00 00 00 00 00 00
008113-008158 UnicodeBlock "Level_4_Tooltip_6c0046"
008159-008160 DataBlock
  ..               00 00
008161-008173 FontNameBlock "la_gioconda"
008174-008189 DataBlock
  ................ 0a 00 00 00 01 00 00 00 00 00 00 00 00 00 00 ff
008190-008208 StringBlock "ingame_text_small"
008209-008228 DataBlock
  ................ 00 00 00 00 00 00 00 00 00 00 00 00 00 00 00 00
  ....             01 01 00 00
008229-008239 T0Block "normal_t0"
008240-008255 DataBlock
  ................ 00 00 00 bf 00 00 00 00 00 00 00 00 00 00 00 00
008256-008266 T0Block "normal_t0"
008267-008414 DataBlock
  ................ 00 00 00 00 00 00 00 00 00 00 00 00 00 00 00 00
  .......l........ 01 00 00 00 80 9c c0 6c 00 00 00 00 00 00 00 00
  ................ 18 00 00 00 18 00 00 00 ff ff ff ff 00 00 00 00
  ................ 00 00 00 00 00 00 00 00 00 00 00 01 01 00 00 00
  ................ 00 00 00 00 00 00 00 00 00 00 00 00 00 00 00 00
  ....?........... 00 00 00 80 3f 00 00 00 00 00 00 00 00 00 00 00
  ................ 00 00 00 00 00 00 00 00 00 00 00 00 00 00 00 00
  ................ 00 00 00 00 00 00 00 00 00 00 00 00 00 00 00 00
  ....kvI..7...... 00 00 00 00 6b 76 49 01 00 37 18 00 00 00 18 00
  ....             00 00 00 00
008415-008434 UnicodeBlock "XP rank 7"
008435-008457 DataBlock
  ................ 02 00 00 00 00 00 00 00 00 00 00 00 01 00 00 00
  .......          01 00 00 00 00 00 00
008458-008503 UnicodeBlock "Level_7_Tooltip_660045"
008504-008505 DataBlock
  ..               00 00
008506-008518 FontNameBlock "la_gioconda"
008519-008534 DataBlock
  ................ 0a 00 00 00 01 00 00 00 00 00 00 00 00 00 00 ff
008535-008553 StringBlock "ingame_text_small"
008554-008573 DataBlock
  ................ 00 00 00 00 00 00 00 00 00 00 00 00 00 00 00 00
  ....             01 01 00 00
008574-008584 T0Block "normal_t0"
008585-008600 DataBlock
  333............. 33 33 33 bf 00 00 00 00 00 00 00 00 00 00 00 00
008601-008611 T0Block "normal_t0"
008612-008759 DataBlock
  ................ 00 00 00 00 00 00 00 00 00 00 00 00 00 00 00 00
  ......RI........ 01 00 00 00 00 08 52 49 00 00 00 00 00 00 00 00
  ................ 18 00 00 00 18 00 00 00 ff ff ff ff 00 00 00 00
  ................ 00 00 00 00 00 00 00 00 00 00 00 01 01 00 00 00
  ................ 00 00 00 00 00 00 00 00 00 00 00 00 00 00 00 00
  ....?........... 00 00 00 80 3f 00 00 00 00 00 00 00 00 00 00 00
  ................ 00 00 00 00 00 00 00 00 00 00 00 00 00 00 00 00
  ................ 00 00 00 00 00 00 00 00 00 00 00 00 00 00 00 00
  .....DI..6...... 00 00 00 00 9d 44 49 01 00 36 18 00 00 00 18 00
  ....             00 00 00 00
008760-008779 UnicodeBlock "XP rank 6"
008780-008802 DataBlock
  ................ 02 00 00 00 00 00 00 00 00 00 00 00 01 00 00 00
  .......          01 00 00 00 00 00 00
008803-008848 UnicodeBlock "Level_6_Tooltip_6c0044"
008849-008850 DataBlock
  ..               00 00
008851-008863 FontNameBlock "la_gioconda"
008864-008879 DataBlock
  ................ 0a 00 00 00 01 00 00 00 00 00 00 00 00 00 00 ff
008880-008898 StringBlock "ingame_text_small"
008899-008918 DataBlock
  ................ 00 00 00 00 00 00 00 00 00 00 00 00 00 00 00 00
  ....             01 01 00 00
008919-008929 T0Block "normal_t0"
008930-008945 DataBlock
  ................ 00 00 00 bf 00 00 00 00 00 00 00 00 00 00 00 00
008946-008956 T0Block "normal_t0"
008957-009104 DataBlock
  ................ 00 00 00 00 00 00 00 00 00 00 00 00 00 00 00 00
  ......RI........ 01 00 00 00 00 07 52 49 00 00 00 00 00 00 00 00
  ................ 18 00 00 00 18 00 00 00 ff ff ff ff 00 00 00 00
  ................ 00 00 00 00 00 00 00 00 00 00 00 01 01 00 00 00
  ................ 00 00 00 00 00 00 00 00 00 00 00 00 00 00 00 00
  ....?........... 00 00 00 80 3f 00 00 00 00 00 00 00 00 00 00 00
  ................ 00 00 00 00 00 00 00 00 00 00 00 00 00 00 00 00
  ................ 00 00 00 00 00 00 00 00 00 00 00 00 00 00 00 00
  .....DI..9...... 00 00 00 00 9f 44 49 01 00 39 18 00 00 00 18 00
  ....             00 00 00 00
009105-009124 UnicodeBlock "XP rank 9"
009125-009147 DataBlock
  ................ 02 00 00 00 00 00 00 00 00 00 00 00 01 00 00 00
  .......          01 00 00 00 00 00 00
009148-009193 UnicodeBlock "Level_9_Tooltip_6c004b"
009194-009195 DataBlock
  ..               00 00
009196-009208 FontNameBlock "la_gioconda"
009209-009224 DataBlock
  ................ 0a 00 00 00 01 00 00 00 00 00 00 00 00 00 00 ff
009225-009243 StringBlock "ingame_text_small"
009244-009263 DataBlock
  ................ 00 00 00 00 00 00 00 00 00 00 00 00 00 00 00 00
  ....             01 01 00 00
009264-009274 T0Block "normal_t0"
009275-009290 DataBlock
  333............. 33 33 33 bf 00 00 00 00 00 00 00 00 00 00 00 00
009291-009301 T0Block "normal_t0"
009302-009449 DataBlock
  ................ 00 00 00 00 00 00 00 00 00 00 00 00 00 00 00 00
  .......l........ 01 00 00 00 80 99 c0 6c 00 00 00 00 00 00 00 00
  ................ 18 00 00 00 18 00 00 00 ff ff ff ff 00 00 00 00
  ................ 00 00 00 00 00 00 00 00 00 00 00 01 01 00 00 00
  ................ 00 00 00 00 00 00 00 00 00 00 00 00 00 00 00 00
  ....?........... 00 00 00 80 3f 00 00 00 00 00 00 00 00 00 00 00
  ................ 00 00 00 00 00 00 00 00 00 00 00 00 00 00 00 00
  ................ 00 00 00 00 00 00 00 00 00 00 00 00 00 00 00 00
  .....DI..8...... 00 00 00 00 a1 44 49 01 00 38 18 00 00 00 18 00
  ....             00 00 00 00
009450-009469 UnicodeBlock "XP rank 8"
009470-009492 DataBlock
  ................ 02 00 00 00 00 00 00 00 00 00 00 00 01 00 00 00
  .......          01 00 00 00 00 00 00
009493-009538 UnicodeBlock "Level_8_Tooltip_6c004a"
009539-009540 DataBlock
  ..               00 00
009541-009553 FontNameBlock "la_gioconda"
009554-009569 DataBlock
  ................ 0a 00 00 00 01 00 00 00 00 00 00 00 00 00 00 ff
009570-009588 StringBlock "ingame_text_small"
009589-009608 DataBlock
  ................ 00 00 00 00 00 00 00 00 00 00 00 00 00 00 00 00
  ....             01 01 00 00
009609-009619 T0Block "normal_t0"
009620-009635 DataBlock
  333............. 33 33 33 bf 00 00 00 00 00 00 00 00 00 00 00 00
009636-009646 T0Block "normal_t0"
009647-009795 DataBlock
  ................ 00 00 00 00 00 00 00 00 00 00 00 00 00 00 00 00
  ......RI........ 01 00 00 00 80 08 52 49 00 00 00 00 00 00 00 00
  ................ 18 00 00 00 18 00 00 00 ff ff ff ff 00 00 00 00
  ................ 00 00 00 00 00 00 00 00 00 00 00 01 01 00 00 00
  ................ 00 00 00 00 00 00 00 00 00 00 00 00 00 00 00 00
  ....?........... 00 00 00 80 3f 00 00 00 00 00 00 00 00 00 00 00
  ................ 00 00 00 00 00 00 00 00 00 00 00 00 00 00 00 00
  ................ 00 00 00 00 00 00 00 00 00 00 00 00 00 00 00 00
  .....DI..10..... 00 00 00 00 a3 44 49 02 00 31 30 18 00 00 00 18
  .....            00 00 00 00 00
009796-009817 UnicodeBlock "XP rank 10"
009818-009840 DataBlock
  ................ 02 00 00 00 00 00 00 00 00 00 00 00 01 00 00 00
  .......          01 00 00 00 00 00 00
009841-009898 UnicodeBlock "experience_10_Tooltip_5c0043"
009899-009900 DataBlock
  ..               00 00
009901-009913 FontNameBlock "la_gioconda"
009914-009929 DataBlock
  ................ 0c 00 00 00 01 00 00 00 00 00 00 00 d7 f8 ff ff
009930-009945 StringBlock "ingame_tooltip"
009946-009965 DataBlock
  ................ 00 00 00 00 00 00 00 00 00 00 00 00 00 00 00 00
  ....             01 01 00 00
009966-009976 T0Block "normal_t0"
009977-009992 DataBlock
  ................ 00 00 00 00 00 00 00 00 00 00 00 00 00 00 00 00
009993-010003 T0Block "normal_t0"
010004-010067 DataBlock
  ................ 00 00 00 00 00 00 00 00 00 00 00 00 00 00 00 00
  ................ 00 00 00 00 00 00 00 00 00 00 00 00 00 00 00 00
  ................ 00 00 00 00 00 00 00 00 00 00 00 00 00 00 00 00
  ............@.l" 00 00 00 00 00 00 00 00 00 00 00 00 40 90 6c 22
010068-010082 StringBlock "garrison_size"
010083-010147 DataBlock
  ................ 00 00 00 00 0a 00 00 00 07 00 00 00 00 00 00 00
  ................ 00 00 00 00 00 00 00 01 00 00 00 00 01 00 00 00
  ..........R*"... 0a 00 00 00 07 00 00 00 00 80 52 2a 22 00 00 00
  ..............R* 00 00 00 00 00 00 00 00 00 01 00 00 00 80 52 2a
  "                22
010148-010157 NewStateBlock "NewState"
010158-010192 DataBlock
  ..........2..... 14 00 00 00 14 00 00 00 01 00 32 00 00 00 04 00
  ................ 00 00 04 00 00 00 00 00 00 00 02 00 00 00 01 00
  ...              00 00 00
010193-010262 UnicodeBlock "garrison_size_NewState_Text_350032"
010263-010266 DataBlock
  ....             00 00 00 00
010267-010279 FontNameBlock "la_gioconda"
010280-010295 DataBlock
  ................ 0c 00 00 00 01 00 00 00 01 00 00 00 00 00 00 ff
010296-010311 StringBlock "parchment_text"
010312-010331 DataBlock
  ................ 00 00 00 00 00 00 00 00 0a 00 00 00 00 00 00 00
  ....             01 00 00 00
010332-010342 T0Block "normal_t0"
010343-010358 DataBlock
  ................ 00 00 00 00 00 00 00 00 00 00 00 00 00 00 00 00
010359-010369 T0Block "normal_t0"
010370-010438 DataBlock
  ................ 00 00 00 00 00 00 00 00 00 00 00 00 00 00 00 00
  ................ 00 00 00 00 00 00 00 00 00 00 00 00 00 00 00 00
  ................ 00 00 00 00 0a 00 00 00 00 00 00 00 00 00 00 00
  ................ 00 00 00 00 00 00 00 00 00 00 00 00 00 00 00 00
  .....            00 00 00 00 01
010439-010444 StringBlock "List"
010445-010490 DataBlock
  ......RC........ 01 00 00 00 00 00 52 43 00 00 00 00 00 00 00 00
  ................ 00 01 00 00 00 01 00 00 00 00 00 00 00 00 00 00
  ..............   00 00 00 00 00 00 00 00 00 00 00 00 00 01
010491-010496 StringBlock "List"
010497-010551 DataBlock
  ......jC........ 01 00 00 00 00 00 6a 43 00 00 00 00 00 00 00 00
  ................ 00 01 00 00 00 01 00 00 00 00 00 00 00 00 00 00
  ................ 00 00 00 00 00 00 00 00 00 00 00 00 00 00 00 00
  .......          00 00 00 00 00 00 00
