000000-000009 VersionBlock 104
000010-000013 RootIDBlock 294203552
000014-000019 StringBlock "root"
000020-000099 DataBlock
  ................ 00 00 00 00 00 00 00 00 00 00 00 00 01 01 00 00
  ................ 00 00 01 00 00 00 00 01 00 00 00 00 00 00 00 00
  .........@}..... 00 00 00 00 00 00 00 00 00 40 7d d7 1d 01 00 00
  ................ 00 80 f6 f2 1d 00 00 00 05 00 00 c0 03 00 00 00
  ............@}.. 00 00 00 00 00 00 00 00 01 00 00 00 40 7d d7 1d
000100-000109 NewStateBlock "NewState"
000110-000148 DataBlock
  ................ 00 05 00 00 00 04 00 00 00 00 00 00 02 00 00 00
  ................ 00 00 00 00 00 00 00 00 01 00 00 00 01 00 00 00
  .......          00 00 00 00 00 00 00
000149-000164 FontNameBlock "georgia_italic"
000165-000180 DataBlock
  ................ 0a 00 00 00 02 00 00 00 01 00 00 00 dd da fa ff
000181-000203 StringBlock "Default Font Category"
000204-000223 DataBlock
  ................ 00 00 00 00 00 00 00 00 00 00 00 00 00 00 00 00
  ....             01 00 00 00
000224-000234 T0Block "normal_t0"
000235-000250 DataBlock
  ................ 00 00 00 00 00 00 00 00 00 00 00 00 00 00 00 00
000251-000261 T0Block "normal_t0"
000262-000414 DataBlock
  ................ 00 00 00 00 00 00 00 00 00 00 00 00 00 00 00 00
  ................ 01 00 00 00 80 f6 f2 1d 00 00 00 00 00 00 00 00
  ................ 00 05 00 00 c0 03 00 00 c0 c0 c0 ff 00 00 00 00
  ................ 00 00 00 00 00 00 00 00 00 00 00 01 01 00 00 00
  ................ 00 00 00 00 00 00 00 00 00 00 00 00 00 00 00 00
  ....?........... 00 00 00 80 3f 00 00 00 00 00 00 00 00 00 00 00
  ................ 00 00 00 00 00 00 00 00 00 00 00 00 00 00 00 00
  ................ 00 00 00 00 00 00 00 00 00 00 00 00 00 00 00 00
  ................ 00 00 00 00 00 00 00 00 00 00 00 00 00 00 00 01
  ......5..        00 00 00 00 00 a0 35 89 11
000415-000435 StringBlock "trade_route_tooltip"
000436-000437 DataBlock
  ..               00 00
000438-000459 StringBlock "CampaignTradeTooltip"
000460-000500 DataBlock
  ................ f4 01 00 00 de 00 00 00 01 01 00 00 00 00 01 01
  ................ 00 00 00 01 00 00 00 00 00 00 00 00 00 00 00 00
  .........        00 00 00 00 00 00 00 00 00
000501-000556 ImageListBlock 1 elements:
  000505-000556 ImageBlock id=232217760 xsize=256 ysize=256 path="ui\\skins\\default\\tooltip_frame.png" unknown=0
000557-000618 DataBlock
  ......... ....N 00 00 00 00 00 01 00 00 00 20 7f d7 1d 08 00 4e
  ewState>...B.... 65 77 53 74 61 74 65 3e 01 00 00 42 00 00 00 00
  ................ 00 00 00 02 00 00 00 00 00 00 00 00 00 00 00 01
  ..............   00 00 00 01 00 00 00 00 00 00 00 00 00 00
000619-000631 FontNameBlock "la_gioconda"
000632-000647 DataBlock
  ................ 0c 00 00 00 01 00 00 00 00 00 00 00 d7 f8 ff ff
000648-000664 StringBlock "fe_tooltip_text"
000665-000684 DataBlock
  ................ 08 00 00 00 00 00 00 00 06 00 00 00 00 00 00 00
  ....             00 00 00 00
000685-000695 T0Block "normal_t0"
000696-000711 DataBlock
  ................ 00 00 00 00 00 00 00 00 00 00 00 00 00 00 00 00
000712-000722 T0Block "normal_t0"
000723-000865 DataBlock
  ................ 00 00 00 00 00 00 00 00 00 00 00 00 00 00 00 00
  .....\.......... 01 00 00 00 a0 5c d7 0d 00 00 00 00 00 00 00 00
  >...B........... 3e 01 00 00 42 00 00 00 ff ff ff ff 01 00 00 00
  ................ 00 00 00 00 00 00 00 00 00 00 00 01 01 00 00 00
  ................ 00 00 00 00 00 00 00 00 00 00 00 00 00 00 00 00
  ....?........... 00 00 00 80 3f 00 00 00 00 00 00 00 00 00 00 00
  ..........A...A. 00 00 00 00 00 00 00 00 00 80 41 00 00 a0 41 00
  ..A...A......... 00 80 41 00 00 a0 41 00 00 00 00 00 00 00 00 00
  ...............  00 00 00 00 00 00 00 ff 00 00 00 02 00 00 00
000866-000873 StringBlock "expand"
000874-000939 DataBlock
  .........C..^C.. 01 00 02 00 00 00 00 00 fa 43 00 00 5e 43 99 01
  ..B............. 00 00 42 00 00 00 ff ff ff ff 00 00 00 00 00 00
  ................ 00 00 00 00 00 00 00 00 00 00 00 00 00 00 ff ff
  ................ ff ff ff ff ff ff 00 00 00 00 00 00 00 00 00 00
  .?               80 3f
000940-000947 StringBlock "Linear"
000948-000955 DataBlock
  .....Y..         02 00 00 00 80 59 ee 19
000956-000965 StringBlock "fade_out"
000966-000973 DataBlock
  ........         00 00 00 00 c0 e5 0b 1b
000974-000982 StringBlock "fade_in"
000983-001050 DataBlock
  ...........C..^C 00 00 00 00 00 00 00 00 00 00 fa 43 00 00 5e 43
  ....B........... 99 01 00 00 42 00 00 00 ff ff ff ff 00 00 00 00
  ................ 00 00 00 00 00 00 00 00 00 00 00 00 00 00 00 00
  ................ ff ff ff ff ff ff ff ff 90 01 00 00 04 00 00 00
  ...?             00 00 80 3f
001051-001058 StringBlock "Linear"
001059-001066 DataBlock
  ........         00 00 00 00 00 00 00 00
001067-001075 StringBlock "fade_in"
001076-001141 DataBlock
  .........C..^C>. 01 00 02 00 00 00 00 00 fa 43 00 00 5e 43 3e 01
  ..B............. 00 00 42 00 00 00 ff ff ff 00 00 00 00 00 00 00
  ................ 00 00 00 00 00 00 00 00 00 00 00 00 00 00 ff ff
  ..........@..... ff ff ff ff ff ff 00 00 00 00 40 00 00 00 00 00
  .?               80 3f
001142-001149 StringBlock "Linear"
001150-001217 DataBlock
  ...........C..^C 00 00 00 00 00 00 00 00 00 00 fa 43 00 00 5e 43
  >...B........... 3e 01 00 00 42 00 00 00 ff ff ff ff 00 00 00 00
  ................ 00 00 00 00 00 00 00 00 00 00 00 00 00 00 00 00
  ............@... ff ff ff ff ff ff ff ff f4 01 00 00 40 00 00 00
  ...?             00 00 80 3f
001218-001225 StringBlock "Linear"
001226-001243 DataBlock
  ..............0. 00 00 00 00 00 00 00 00 03 00 00 00 00 00 30 88
  X.               58 0e
001244-001251 StringBlock "header"
001252-001296 DataBlock
  ................ 00 00 00 00 00 00 00 00 00 00 00 00 01 00 00 00
  ................ 00 00 01 00 00 00 00 01 00 00 00 00 02 00 00 00
  ..........:g.    00 00 00 00 00 00 00 00 00 f0 3a 67 0f
001297-001353 ImageListBlock 1 elements:
  001301-001353 ImageBlock id=262253040 xsize=256 ysize=39 path="ui\\skins\\default\\tooltip_header.png" unknown=0
001354-001414 DataBlock
  ..........4g...n 00 00 00 00 00 04 00 00 00 d0 34 67 0f 07 00 6e
  eutral>......... 65 75 74 72 61 6c 3e 01 00 00 1f 00 00 00 00 00
  ................ 00 00 02 00 00 00 00 00 00 00 00 00 00 00 01 00
  .............    00 00 01 00 00 00 00 00 00 00 00 00 00
001415-001430 FontNameBlock "georgia_italic"
001431-001446 DataBlock
  ................ 0a 00 00 00 02 00 00 00 01 00 00 00 dd da fa ff
001447-001469 StringBlock "Default Font Category"
001470-001489 DataBlock
  ................ 00 00 00 00 00 00 00 00 00 00 00 00 00 00 00 00
  ....             00 00 00 00
001490-001500 T0Block "normal_t0"
001501-001516 DataBlock
  ................ 00 00 00 00 00 00 00 00 00 00 00 00 00 00 00 00
001517-001527 T0Block "normal_t0"
001528-001662 DataBlock
  ................ 00 00 00 00 00 00 00 00 00 00 00 00 00 00 00 00
  ................ 01 00 00 00 f0 a9 a1 0f 00 00 00 00 00 00 00 00
  >............... 3e 01 00 00 1f 00 00 00 ff ff ff 80 00 00 00 00
  ................ 00 00 00 00 00 00 00 00 00 00 00 01 01 00 00 00
  ................ 00 00 00 00 00 00 00 00 00 00 00 00 00 00 00 00
  ....?........... 00 00 00 80 3f 00 00 00 00 00 00 00 00 00 00 00
  ............. A. 00 00 00 00 00 00 00 00 00 00 00 00 00 20 41 00
  ..... A......... 00 00 00 00 00 20 41 00 00 00 00 00 00 00 00 00
  ....:g.          00 00 00 f0 3a 67 0f
001663-001670 StringBlock "player"
001671-001709 DataBlock
  >............... 3e 01 00 00 1f 00 00 00 00 00 00 00 02 00 00 00
  ................ 04 00 00 00 00 00 00 00 01 00 00 00 01 00 00 00
  .......          00 00 00 00 00 00 00
001710-001725 FontNameBlock "georgia_italic"
001726-001741 DataBlock
  ................ 0a 00 00 00 02 00 00 00 01 00 00 00 dd da fa ff
001742-001764 StringBlock "Default Font Category"
001765-001784 DataBlock
  ................ 00 00 00 00 00 00 00 00 00 00 00 00 00 00 00 00
  ....             00 00 00 00
001785-001795 T0Block "normal_t0"
001796-001811 DataBlock
  ................ 00 00 00 00 00 00 00 00 00 00 00 00 00 00 00 00
001812-001822 T0Block "normal_t0"
001823-001957 DataBlock
  ................ 00 00 00 00 00 00 00 00 00 00 00 00 00 00 00 00
  ................ 01 00 00 00 f0 a9 a1 0f 00 00 00 00 00 00 00 00
  >.......-....... 3e 01 00 00 1f 00 00 00 2d c6 fe 80 00 00 00 00
  ................ 00 00 00 00 00 00 00 00 00 00 00 01 01 00 00 00
  ................ 00 00 00 00 00 00 00 00 00 00 00 00 00 00 00 00
  ....?........... 00 00 00 80 3f 00 00 00 00 00 00 00 00 00 00 00
  ......... A.. A. 00 00 00 00 00 00 00 00 00 20 41 00 00 20 41 00
  . A.. A......... 00 20 41 00 00 20 41 00 00 00 00 00 00 00 00 00
  ....8g.          00 00 00 e0 38 67 0f
001958-001965 StringBlock "shared"
001966-002004 DataBlock
  >............... 3e 01 00 00 1f 00 00 00 00 00 00 00 02 00 00 00
  ................ 00 00 00 00 00 00 00 00 01 00 00 00 01 00 00 00
  .......          00 00 00 00 00 00 00
002005-002020 FontNameBlock "georgia_italic"
002021-002036 DataBlock
  ................ 0a 00 00 00 02 00 00 00 01 00 00 00 dd da fa ff
002037-002059 StringBlock "Default Font Category"
002060-002079 DataBlock
  ................ 00 00 00 00 00 00 00 00 00 00 00 00 00 00 00 00
  ....             00 00 00 00
002080-002090 T0Block "normal_t0"
002091-002106 DataBlock
  ................ 00 00 00 00 00 00 00 00 00 00 00 00 00 00 00 00
002107-002117 T0Block "normal_t0"
002118-002252 DataBlock
  ................ 00 00 00 00 00 00 00 00 00 00 00 00 00 00 00 00
  ................ 01 00 00 00 f0 a9 a1 0f 00 00 00 00 00 00 00 00
  >.........P..... 3e 01 00 00 1f 00 00 00 e4 b0 50 80 00 00 00 00
  ................ 00 00 00 00 00 00 00 00 00 00 00 01 01 00 00 00
  ................ 00 00 00 00 00 00 00 00 00 00 00 00 00 00 00 00
  ....?........... 00 00 00 80 3f 00 00 00 00 00 00 00 00 00 00 00
  ......... A.. A. 00 00 00 00 00 00 00 00 00 20 41 00 00 20 41 00
  . A.. A......... 00 20 41 00 00 20 41 00 00 00 00 00 00 00 00 00
  ...0Kg.          00 00 00 30 4b 67 0f
002253-002259 StringBlock "enemy"
002260-002298 DataBlock
  >............... 3e 01 00 00 1f 00 00 00 00 00 00 00 02 00 00 00
  ................ 00 00 00 00 00 00 00 00 01 00 00 00 01 00 00 00
  .......          00 00 00 00 00 00 00
002299-002314 FontNameBlock "georgia_italic"
002315-002330 DataBlock
  ................ 0a 00 00 00 02 00 00 00 01 00 00 00 dd da fa ff
002331-002353 StringBlock "Default Font Category"
002354-002373 DataBlock
  ................ 00 00 00 00 00 00 00 00 00 00 00 00 00 00 00 00
  ....             00 00 00 00
002374-002384 T0Block "normal_t0"
002385-002400 DataBlock
  ................ 00 00 00 00 00 00 00 00 00 00 00 00 00 00 00 00
002401-002411 T0Block "normal_t0"
002412-002564 DataBlock
  ................ 00 00 00 00 00 00 00 00 00 00 00 00 00 00 00 00
  ................ 01 00 00 00 f0 a9 a1 0f 00 00 00 00 00 00 00 00
  >........1...... 3e 01 00 00 1f 00 00 00 18 31 c6 80 00 00 00 00
  ................ 00 00 00 00 00 00 00 00 00 00 00 01 01 00 00 00
  ................ 00 00 00 00 00 00 00 00 00 00 00 00 00 00 00 00
  ....?........... 00 00 00 80 3f 00 00 00 00 00 00 00 00 00 00 00
  ......... A.. A. 00 00 00 00 00 00 00 00 00 20 41 00 00 20 41 00
  . A.. A......... 00 20 41 00 00 20 41 00 00 00 00 00 00 00 00 00
  ................ 00 00 00 00 00 00 00 0a 00 00 00 00 00 00 00 03
  .........        00 00 00 00 00 80 8d de 0e
002565-002580 StringBlock "tx_trade_route"
002581-002660 DataBlock
  .... ........... 00 00 00 00 20 00 00 00 02 00 00 00 01 00 00 00
  ................ 00 00 01 00 00 00 00 01 00 00 00 00 04 00 00 00
   ........0...... 20 00 00 00 02 00 00 00 00 30 84 93 0c 01 00 00
  .P.%...\........ 00 50 a8 25 0c 00 00 5c 00 00 00 1d 00 00 00 00
  ............0... 00 00 00 00 00 00 00 00 01 00 00 00 30 84 93 0c
002661-002670 NewStateBlock "NewState"
002671-002678 DataBlock
  ........         9f 00 00 00 1f 00 00 00
002679-002702 UnicodeBlock "Trade Route"
002703-002725 DataBlock
  ................ 00 00 02 00 00 00 04 00 00 00 00 00 00 00 02 00
  .......          00 00 01 00 00 00 01
002726-002783 UnicodeBlock "dy_left_NewState_Text_2d0012"
002784-002787 DataBlock
  ....             00 00 00 00
002788-002800 FontNameBlock "la_gioconda"
002801-002816 DataBlock
  ................ 0c 00 00 00 01 00 00 00 00 00 00 00 d7 f8 ff ff
002817-002825 StringBlock "fe_text"
002826-002845 DataBlock
  ................ 00 00 00 00 00 00 00 00 00 00 00 00 00 00 00 00
  ....             00 00 00 00
002846-002856 T0Block "normal_t0"
002857-002872 DataBlock
  ................ 00 00 00 00 00 00 00 00 00 00 00 00 00 00 00 00
002873-002883 T0Block "normal_t0"
002884-003046 DataBlock
  ................ 00 00 00 00 00 00 00 00 00 00 00 00 00 00 00 00
  ....P.%......... 01 00 00 00 50 a8 25 0c 00 00 00 00 00 00 00 00
  ................ 9f 00 00 00 1f 00 00 00 ff ff ff 00 00 00 00 00
  ................ 00 00 00 00 00 00 00 00 00 00 00 01 01 00 00 00
  ................ 00 00 00 00 00 00 00 00 00 00 00 00 00 00 00 00
  ....?........... 00 00 00 80 3f 00 00 00 00 00 00 00 00 00 00 00
  ................ 00 00 00 00 00 00 00 00 00 00 00 00 00 00 00 00
  ................ 00 00 00 00 00 00 00 00 00 00 00 00 00 00 00 00
  ................ 00 00 00 00 00 00 00 0a 00 00 00 00 00 00 00 00
  ................ 00 00 00 00 00 00 00 00 00 00 00 00 00 00 00 80
  S..              53 c9 12
003047-003058 StringBlock "icon_trade"
003059-003103 DataBlock
  ................ 00 00 00 00 05 00 00 00 06 00 00 00 00 00 00 00
  ................ 00 00 01 00 00 00 00 01 00 00 00 00 04 00 00 00
  .........@3X.    05 00 00 00 02 00 00 00 00 40 33 58 19
003104-003162 ImageListBlock 1 elements:
  003108-003162 ImageBlock id=315151328 xsize=24 ysize=24 path="ui\\skins\\default\\icon_trade_small.png" unknown=0
003163-003224 DataBlock
  .........@3X...N 00 00 00 00 00 01 00 00 00 40 33 58 19 08 00 4e
  ewState......... 65 77 53 74 61 74 65 18 00 00 00 18 00 00 00 00
  ................ 00 00 00 02 00 00 00 00 00 00 00 00 00 00 00 01
  ..............   00 00 00 01 00 00 00 00 00 00 00 00 00 00
003225-003240 FontNameBlock "georgia_italic"
003241-003256 DataBlock
  ................ 0a 00 00 00 02 00 00 00 01 00 00 00 dd da fa ff
003257-003279 StringBlock "Default Font Category"
003280-003299 DataBlock
  ................ 00 00 00 00 00 00 00 00 00 00 00 00 00 00 00 00
  ....             00 00 00 00
003300-003310 T0Block "normal_t0"
003311-003326 DataBlock
  ................ 00 00 00 00 00 00 00 00 00 00 00 00 00 00 00 00
003327-003337 T0Block "normal_t0"
003338-003500 DataBlock
  ................ 00 00 00 00 00 00 00 00 00 00 00 00 00 00 00 00
  ................ 01 00 00 00 e0 d3 c8 12 00 00 00 00 00 00 00 00
  ................ 18 00 00 00 18 00 00 00 ff ff ff ff 00 00 00 00
  ................ 00 00 00 00 00 00 00 00 00 00 00 01 01 00 00 00
  ................ 00 00 00 00 00 00 00 00 00 00 00 00 00 00 00 00
  ....?........... 00 00 00 80 3f 00 00 00 00 00 00 00 00 00 00 00
  ................ 00 00 00 00 00 00 00 00 00 00 00 00 00 00 00 00
  ................ 00 00 00 00 00 00 00 00 00 00 00 00 00 00 00 00
  ................ 00 00 00 00 00 00 00 0a 00 00 00 00 00 00 00 00
  ................ 00 00 00 00 00 00 00 00 00 00 00 00 00 00 00 00
  .p.              05 70 11
003501-003510 StringBlock "dy_right"
003511-003590 DataBlock
  ....'........... 00 00 00 00 27 00 00 00 02 00 00 00 00 00 00 00
  ................ 00 00 01 00 00 00 00 01 00 00 00 00 06 00 00 00
  ................ fc ff ff ff 02 00 00 00 00 d0 14 89 0d 01 00 00
  ...#...\........ 00 e0 fe 23 11 00 00 5c 00 00 00 1d 00 00 00 00
  ................ 00 00 00 00 00 00 00 00 01 00 00 00 d0 14 89 0d
003591-003600 NewStateBlock "NewState"
003601-003608 DataBlock
  ........         13 01 00 00 1f 00 00 00
003609-003626 UnicodeBlock "(Shared)"
003627-003649 DataBlock
  ................ 00 00 03 00 00 00 04 00 00 00 00 00 00 00 02 00
  .......          00 00 01 00 00 00 00
003650-003709 UnicodeBlock "dy_right_NewState_Text_7e0056"
003710-003713 DataBlock
  ....             00 00 00 00
003714-003726 FontNameBlock "la_gioconda"
003727-003742 DataBlock
  ................ 0c 00 00 00 01 00 00 00 00 00 00 00 d7 f8 ff ff
003743-003751 StringBlock "fe_text"
003752-003771 DataBlock
  ................ 00 00 00 00 04 00 00 00 00 00 00 00 00 00 00 00
  ....             00 00 00 00
003772-003782 T0Block "normal_t0"
003783-003798 DataBlock
  ................ 00 00 00 00 00 00 00 00 00 00 00 00 00 00 00 00
003799-003809 T0Block "normal_t0"
003810-003982 DataBlock
  ................ 00 00 00 00 00 00 00 00 00 00 00 00 00 00 00 00
  ......#......... 01 00 00 00 e0 fe 23 11 00 00 00 00 00 00 00 00
  ................ 13 01 00 00 1f 00 00 00 ff ff ff 00 00 00 00 00
  ................ 00 00 00 00 00 00 00 00 00 00 00 01 01 00 00 00
  ................ 00 00 00 00 00 00 00 00 00 00 00 00 00 00 00 00
  ....?........... 00 00 00 80 3f 00 00 00 00 00 00 00 00 00 00 00
  ................ 00 00 00 00 00 00 00 00 00 00 00 00 00 00 00 00
  ................ 00 00 00 00 00 00 00 00 00 00 00 00 00 00 00 00
  ................ 00 00 00 00 00 00 00 0a 00 00 00 00 00 00 00 00
  ................ 00 00 00 00 00 00 00 00 00 00 00 00 00 00 00 00
  ..........Y..    00 00 00 00 00 00 00 00 00 80 59 ee 19
003983-003998 StringBlock "minimal_parent"
003999-004063 DataBlock
  ................ 00 00 00 00 00 00 00 00 00 00 00 00 00 00 00 00
  ................ 00 00 00 00 00 00 00 01 00 00 00 00 01 00 00 00
  ..........]..... 00 00 00 00 00 00 00 00 00 00 5d ee 19 00 00 00
  ..............]. 00 00 00 00 00 00 00 00 00 01 00 00 00 00 5d ee
  .                19
004064-004073 NewStateBlock "NewState"
004074-004112 DataBlock
   ...L........... 20 01 00 00 4c 00 00 00 00 00 00 00 02 00 00 00
  ................ 00 00 00 00 00 00 00 00 01 00 00 00 01 00 00 00
  .......          00 00 00 00 00 00 00
004113-004128 FontNameBlock "georgia_italic"
004129-004144 DataBlock
  ................ 0a 00 00 00 02 00 00 00 01 00 00 00 dd da fa ff
004145-004167 StringBlock "Default Font Category"
004168-004187 DataBlock
  ................ 00 00 00 00 00 00 00 00 00 00 00 00 00 00 00 00
  ....             00 00 00 00
004188-004198 T0Block "normal_t0"
004199-004214 DataBlock
  ................ 00 00 00 00 00 00 00 00 00 00 00 00 00 00 00 00
004215-004225 T0Block "normal_t0"
004226-004269 DataBlock
  ................ 00 00 00 00 00 00 00 00 00 00 00 00 00 00 00 00
  ................ 00 00 00 00 00 00 00 00 00 00 00 00 00 00 00 00
  ............     00 00 00 00 ff 00 00 00 01 00 00 00
004270-004279 StringBlock "fade_out"
004280-004345 DataBlock
  .............. . 01 00 01 00 00 00 00 00 00 00 00 00 00 00 20 01
  ..L............. 00 00 4c 00 00 00 ff ff ff 00 00 00 00 00 00 00
  ................ 00 00 00 00 00 00 00 00 00 00 00 00 00 00 ff ff
  ......,...@..... ff ff ff ff ff ff 2c 01 00 00 40 00 00 00 00 00
  .?               80 3f
004346-004353 StringBlock "Linear"
004354-004365 DataBlock
  .....Y......     01 00 00 00 80 59 ee 19 00 00 00 00
004366-004383 StringBlock "Visibility false"
004384-004397 DataBlock
  ..........`b..   00 00 00 00 02 00 00 00 00 00 60 62 ee 19
004398-004411 StringBlock "faction_list"
004412-004476 DataBlock
  ........"....... 00 00 00 00 08 00 00 00 22 00 00 00 00 00 00 00
  ................ 00 00 01 01 00 00 00 01 00 00 00 00 01 00 00 00
  ....".....f..... 08 00 00 00 22 00 00 00 00 a0 66 ee 19 00 00 00
  ..............f. 00 00 00 00 00 00 00 00 00 01 00 00 00 a0 66 ee
  .                19
004477-004486 NewStateBlock "NewState"
004487-004525 DataBlock
  ................ 18 01 00 00 1a 00 00 00 00 00 00 00 02 00 00 00
  ................ 00 00 00 00 00 00 00 00 01 00 00 00 01 00 00 00
  .......          00 00 00 00 00 00 00
004526-004541 FontNameBlock "georgia_italic"
004542-004557 DataBlock
  ................ 0a 00 00 00 02 00 00 00 01 00 00 00 dd da fa ff
004558-004580 StringBlock "Default Font Category"
004581-004600 DataBlock
  ................ 00 00 00 00 00 00 00 00 00 00 00 00 00 00 00 00
  ....             00 00 00 00
004601-004611 T0Block "normal_t0"
004612-004627 DataBlock
  ................ 00 00 00 00 00 00 00 00 00 00 00 00 00 00 00 00
004628-004638 T0Block "normal_t0"
004639-004692 DataBlock
  ................ 00 00 00 00 00 00 00 00 00 00 00 00 00 00 00 00
  ................ 00 00 00 00 00 00 00 00 00 00 00 00 00 00 00 00
  ................ 00 00 00 00 00 00 00 00 00 00 00 00 01 00 00 00
  ......           00 00 e0 9b ee 19
004693-004715 StringBlock "template_faction_icon"
004716-004760 DataBlock
  ................ 00 00 00 00 00 00 00 00 00 00 00 00 00 00 00 00
  ................ 00 00 01 00 00 00 00 01 00 00 00 00 04 00 00 00
  .............    0a 00 00 00 00 00 00 00 00 c0 a2 ee 19
004761-004809 ImageListBlock 1 elements:
  004765-004809 ImageBlock id=435069440 xsize=24 ysize=24 path="ui\\skins\\default\\mon_24.png" unknown=0
004810-004871 DataBlock
  ...............N 00 00 00 00 00 01 00 00 00 c0 a2 ee 19 08 00 4e
  ewState......... 65 77 53 74 61 74 65 18 00 00 00 18 00 00 00 00
  ................ 00 00 00 02 00 00 00 00 00 00 00 00 00 00 00 01
  ..............   00 00 00 01 00 00 00 00 00 00 00 00 00 00
004872-004887 FontNameBlock "georgia_italic"
004888-004903 DataBlock
  ................ 0a 00 00 00 02 00 00 00 01 00 00 00 dd da fa ff
004904-004926 StringBlock "Default Font Category"
004927-004946 DataBlock
  ................ 00 00 00 00 00 00 00 00 00 00 00 00 00 00 00 00
  ....             00 00 00 00
004947-004957 T0Block "normal_t0"
004958-004973 DataBlock
  ................ 00 00 00 00 00 00 00 00 00 00 00 00 00 00 00 00
004974-004984 T0Block "normal_t0"
004985-005142 DataBlock
  ................ 00 00 00 00 00 00 00 00 00 00 00 00 00 00 00 00
  ................ 01 00 00 00 00 a2 ee 19 00 00 00 00 00 00 00 00
  ................ 18 00 00 00 18 00 00 00 ff ff ff ff 00 00 00 00
  ................ 00 00 00 00 00 00 00 00 00 00 00 01 01 00 00 00
  ................ 00 00 00 00 00 00 00 00 00 00 00 00 00 00 00 00
  ....?........... 00 00 00 80 3f 00 00 00 00 00 00 00 00 00 00 00
  ................ 00 00 00 00 00 00 00 00 00 00 00 00 00 00 00 00
  ................ 00 00 00 00 00 00 00 00 00 00 00 00 00 00 00 00
  ................ 00 00 00 00 00 00 00 ff 00 00 00 00 00 00 00 00
  ..............   00 00 00 00 00 00 00 00 00 00 00 00 00 01
005143-005158 StringBlock "HorizontalList"
005159-005205 DataBlock
  ................ 00 00 00 00 04 00 00 00 00 00 00 00 00 01 00 00
  ................ 00 00 00 00 00 00 00 00 00 00 00 00 00 00 00 00
  ........... ...  00 00 00 00 00 00 00 00 00 00 00 20 f5 82 1d
005206-005218 StringBlock "icon_expand"
005219-005263 DataBlock
  ........4....... 00 00 00 00 09 01 00 00 34 00 00 00 00 00 00 00
  ................ 00 00 01 00 00 00 00 01 00 00 00 00 09 00 00 00
  .............    fd ff ff ff fc ff ff ff 00 c0 9c 05 11
005264-005321 ImageListBlock 1 elements:
  005268-005321 ImageBlock id=273509504 xsize=20 ysize=20 path="ui\\skins\\default\\icon_plus_small.png" unknown=0
005322-005383 DataBlock
  ...............N 00 00 00 00 00 01 00 00 00 c0 9c 05 11 08 00 4e
  ewState......... 65 77 53 74 61 74 65 14 00 00 00 14 00 00 00 00
  ................ 00 00 00 02 00 00 00 00 00 00 00 00 00 00 00 01
  ..............   00 00 00 01 00 00 00 00 00 00 00 00 00 00
005384-005399 FontNameBlock "georgia_italic"
005400-005415 DataBlock
  ................ 0a 00 00 00 02 00 00 00 01 00 00 00 dd da fa ff
005416-005438 StringBlock "Default Font Category"
005439-005458 DataBlock
  ................ 00 00 00 00 00 00 00 00 00 00 00 00 00 00 00 00
  ....             00 00 00 00
005459-005469 T0Block "normal_t0"
005470-005485 DataBlock
  ................ 00 00 00 00 00 00 00 00 00 00 00 00 00 00 00 00
005486-005496 T0Block "normal_t0"
005497-005669 DataBlock
  ................ 00 00 00 00 00 00 00 00 00 00 00 00 00 00 00 00
  .....lM......... 01 00 00 00 80 6c 4d 10 00 00 00 00 00 00 00 00
  ................ 14 00 00 00 14 00 00 00 ff ff ff ff 00 00 00 00
  ................ 00 00 00 00 00 00 00 00 00 00 00 01 01 00 00 00
  ................ 00 00 00 00 00 00 00 00 00 00 00 00 00 00 00 00
  ....?........... 00 00 00 80 3f 00 00 00 00 00 00 00 00 00 00 00
  ................ 00 00 00 00 00 00 00 00 00 00 00 00 00 00 00 00
  ................ 00 00 00 00 00 00 00 00 00 00 00 00 00 00 00 00
  ................ 00 00 00 00 00 00 00 00 00 00 00 00 00 00 00 00
  ................ 00 00 00 00 00 00 00 00 00 00 00 00 00 00 00 00
  .............    00 00 00 00 01 00 00 00 00 c0 e5 0b 1b
005670-005686 StringBlock "expanded_parent"
005687-005751 DataBlock
  ................ 00 00 00 00 00 00 00 00 00 00 00 00 01 01 00 00
  ................ 00 00 01 00 00 00 00 01 00 00 00 00 01 00 00 00
  ......... ...... 00 00 00 00 00 00 00 00 00 20 e9 0b 1b 00 00 00
  ............. .. 00 00 00 00 00 00 00 00 00 01 00 00 00 20 e9 0b
  .                1b
005752-005761 NewStateBlock "NewState"
005762-005800 DataBlock
  >...B........... 3e 01 00 00 42 00 00 00 00 00 00 00 02 00 00 00
  ................ 00 00 00 00 00 00 00 00 01 00 00 00 01 00 00 00
  .......          00 00 00 00 00 00 00
005801-005816 FontNameBlock "georgia_italic"
005817-005832 DataBlock
  ................ 0a 00 00 00 02 00 00 00 01 00 00 00 dd da fa ff
005833-005855 StringBlock "Default Font Category"
005856-005875 DataBlock
  ................ 00 00 00 00 00 00 00 00 00 00 00 00 00 00 00 00
  ....             00 00 00 00
005876-005886 T0Block "normal_t0"
005887-005902 DataBlock
  ................ 00 00 00 00 00 00 00 00 00 00 00 00 00 00 00 00
005903-005913 T0Block "normal_t0"
005914-005957 DataBlock
  ................ 00 00 00 00 00 00 00 00 00 00 00 00 00 00 00 00
  ................ 00 00 00 00 00 00 00 00 00 00 00 00 00 00 00 00
  ............     00 00 00 00 ff 00 00 00 01 00 00 00
005958-005966 StringBlock "fade_in"
005967-006032 DataBlock
  ................ 01 00 02 00 00 00 00 00 00 00 00 00 00 00 99 01
  ..B............. 00 00 42 00 00 00 ff ff ff 00 00 00 00 00 00 00
  ................ 00 00 00 00 00 00 00 00 00 00 00 00 00 00 ff ff
  ..........@..... ff ff ff ff ff ff 00 00 00 00 40 00 00 00 00 00
  .?               80 3f
006033-006040 StringBlock "Linear"
006041-006052 DataBlock
  ............     01 00 00 00 c0 e5 0b 1b 00 00 00 00
006053-006069 StringBlock "Visibility true"
006070-006133 DataBlock
  ................ 00 00 00 00 00 00 00 00 00 00 00 00 99 01 00 00
  B............... 42 00 00 00 ff ff ff ff 00 00 00 00 00 00 00 00
  ................ 00 00 00 00 00 00 00 00 00 00 00 00 ff ff ff ff
  ....,...@......? ff ff ff ff 2c 01 00 00 40 00 00 00 00 00 80 3f
006134-006141 StringBlock "Linear"
006142-006159 DataBlock
  ...............X 00 00 00 00 00 00 00 00 04 00 00 00 00 00 e0 58
  ..               89 11
006160-006169 StringBlock "list_top"
006170-006234 DataBlock
  ........ ....... 00 00 00 00 00 00 00 00 20 00 00 00 01 00 00 00
  ................ 00 00 01 00 00 00 00 01 00 00 00 00 01 00 00 00
  .... ........... 00 00 00 00 20 00 00 00 00 80 8c d7 1d 00 00 00
  ................ 00 00 00 00 00 00 00 00 00 01 00 00 00 80 8c d7
  .                1d
006235-006244 NewStateBlock "NewState"
006245-006283 DataBlock
  >............... 3e 01 00 00 17 00 00 00 00 00 00 00 02 00 00 00
  ................ 00 00 00 00 00 00 00 00 01 00 00 00 01 00 00 00
  .......          00 00 00 00 00 00 00
006284-006299 FontNameBlock "georgia_italic"
006300-006315 DataBlock
  ................ 0a 00 00 00 02 00 00 00 01 00 00 00 dd da fa ff
006316-006338 StringBlock "Default Font Category"
006339-006358 DataBlock
  ................ 00 00 00 00 00 00 00 00 00 00 00 00 00 00 00 00
  ....             00 00 00 00
006359-006369 T0Block "normal_t0"
006370-006385 DataBlock
  ................ 00 00 00 00 00 00 00 00 00 00 00 00 00 00 00 00
006386-006396 T0Block "normal_t0"
006397-006450 DataBlock
  ................ 00 00 00 00 00 00 00 00 00 00 00 00 00 00 00 00
  ................ 00 00 00 00 00 00 00 00 00 00 00 00 00 00 00 00
  ................ 00 00 00 00 ff 00 00 00 00 00 00 00 05 00 00 00
  ...]..           00 00 e0 5d 89 11
006451-006459 StringBlock "tx_clan"
006460-006524 DataBlock
  ................ 00 00 00 00 02 00 00 00 00 00 00 00 00 00 00 00
  ................ 00 00 01 00 00 00 00 01 00 00 00 00 04 00 00 00
  .........`...... 02 00 00 00 00 00 00 00 00 60 8e d7 1d 00 00 00
  .............`.. 00 00 00 00 00 00 00 00 00 01 00 00 00 60 8e d7
  .                1d
006525-006534 NewStateBlock "NewState"
006535-006542 DataBlock
  P.......         50 00 00 00 18 00 00 00
006543-006558 UnicodeBlock "Faction"
006559-006581 DataBlock
  ................ 00 00 02 00 00 00 04 00 00 00 00 00 00 00 02 00
  .......          00 00 01 00 00 00 01
006582-006639 UnicodeBlock "tx_clan_NewState_Text_7a0022"
006640-006643 DataBlock
  ....             00 00 00 00
006644-006656 FontNameBlock "la_gioconda"
006657-006672 DataBlock
  ................ 0c 00 00 00 01 00 00 00 00 00 00 00 d7 f8 ff ff
006673-006689 StringBlock "fe_tooltip_text"
006690-006709 DataBlock
  ................ 08 00 00 00 00 00 00 00 00 00 00 00 00 00 00 00
  ....             00 00 00 00
006710-006720 T0Block "normal_t0"
006721-006736 DataBlock
  ................ 00 00 00 00 00 00 00 00 00 00 00 00 00 00 00 00
006737-006747 T0Block "normal_t0"
006748-006811 DataBlock
  ................ 00 00 00 00 00 00 00 00 00 00 00 00 00 00 00 00
  ................ 00 00 00 00 00 00 00 00 00 00 00 00 00 00 00 00
  ................ 00 00 00 00 ff 00 00 00 00 00 00 00 00 00 00 00
  .............I.. 00 00 00 00 00 00 00 00 00 00 00 00 c0 49 89 11
006812-006826 StringBlock "header_income"
006827-006871 DataBlock
  ....k........... 00 00 00 00 6b 00 00 00 07 00 00 00 00 00 00 00
  ................ 00 00 01 00 00 00 00 01 00 00 00 00 03 00 00 00
  ?............    3f ff ff ff 07 00 00 00 00 e0 84 d7 1d
006872-006928 ImageListBlock 1 elements:
  006876-006928 ImageBlock id=207910688 xsize=18 ysize=14 path="ui\\skins\\default\\fe_income_icon.png" unknown=0
006929-006990 DataBlock
  ...............N 00 00 00 00 00 01 00 00 00 e0 84 d7 1d 08 00 4e
  ewState......... 65 77 53 74 61 74 65 12 00 00 00 0e 00 00 00 00
  ................ 00 00 00 02 00 00 00 00 00 00 00 00 00 00 00 01
  ..............   00 00 00 01 00 00 00 00 00 00 00 00 00 00
006991-007006 FontNameBlock "georgia_italic"
007007-007022 DataBlock
  ................ 0a 00 00 00 02 00 00 00 01 00 00 00 dd da fa ff
007023-007045 StringBlock "Default Font Category"
007046-007065 DataBlock
  ................ 00 00 00 00 00 00 00 00 00 00 00 00 00 00 00 00
  ....             00 00 00 00
007066-007076 T0Block "normal_t0"
007077-007092 DataBlock
  ................ 00 00 00 00 00 00 00 00 00 00 00 00 00 00 00 00
007093-007103 T0Block "normal_t0"
007104-007266 DataBlock
  ................ 00 00 00 00 00 00 00 00 00 00 00 00 00 00 00 00
  .... wd......... 01 00 00 00 20 77 64 0c 00 00 00 00 00 00 00 00
  ................ 12 00 00 00 0e 00 00 00 ff ff ff ff 00 00 00 00
  ................ 00 00 00 00 00 00 00 00 00 00 00 01 01 00 00 00
  ................ 00 00 00 00 00 00 00 00 00 00 00 00 00 00 00 00
  ....?........... 00 00 00 80 3f 00 00 00 00 00 00 00 00 00 00 00
  ................ 00 00 00 00 00 00 00 00 00 00 00 00 00 00 00 00
  ................ 00 00 00 00 00 00 00 00 00 00 00 00 00 00 00 00
  ................ 00 00 00 00 00 00 00 ff 00 00 00 00 00 00 00 00
  ................ 00 00 00 00 00 00 00 00 00 00 00 00 00 00 00 00
  h..              68 89 11
007267-007281 StringBlock "header_import"
007282-007326 DataBlock
  ................ 00 00 00 00 a0 00 00 00 05 00 00 00 00 00 00 00
  ................ 00 00 01 00 00 00 00 01 00 00 00 00 03 00 00 00
  s........ ...    73 ff ff ff 05 00 00 00 00 20 92 d7 1d
007327-007387 ImageListBlock 1 elements:
  007331-007387 ImageBlock id=414476800 xsize=17 ysize=18 path="ui\\skins\\default\\resource_importing.png" unknown=0
007388-007449 DataBlock
  ......... .....N 00 00 00 00 00 01 00 00 00 20 92 d7 1d 08 00 4e
  ewState......... 65 77 53 74 61 74 65 11 00 00 00 12 00 00 00 00
  ................ 00 00 00 02 00 00 00 04 00 00 00 00 00 00 00 02
  ..............   00 00 00 01 00 00 00 00 00 00 00 00 00 00
007450-007462 FontNameBlock "la_gioconda"
007463-007478 DataBlock
  ................ 0c 00 00 00 01 00 00 00 00 00 00 00 d7 f8 ff ff
007479-007495 StringBlock "fe_tooltip_text"
007496-007515 DataBlock
  ................ 00 00 00 00 00 00 00 00 00 00 00 00 00 00 00 00
  ....             00 00 00 00
007516-007526 T0Block "normal_t0"
007527-007542 DataBlock
  ................ 00 00 00 00 00 00 00 00 00 00 00 00 00 00 00 00
007543-007553 T0Block "normal_t0"
007554-007716 DataBlock
  ................ 00 00 00 00 00 00 00 00 00 00 00 00 00 00 00 00
  .....j.......... 01 00 00 00 00 6a b4 18 00 00 00 00 00 00 00 00
  ................ 11 00 00 00 12 00 00 00 ff ff ff ff 00 00 00 01
  ................ 00 00 00 00 00 00 00 00 00 00 00 00 00 00 00 00
  ................ 00 00 00 00 00 00 00 00 00 00 00 00 00 00 00 00
  ....?........... 00 00 00 80 3f 00 00 00 00 00 00 00 00 00 00 00
  ................ 00 00 00 00 00 00 00 00 00 00 00 00 00 00 00 00
  ................ 00 00 00 00 00 00 00 00 00 00 00 00 00 00 00 00
  ................ 00 00 00 00 00 00 00 ff 00 00 00 00 00 00 00 00
  ................ 00 00 00 00 00 00 00 00 00 00 00 00 00 00 00 d0
  ...              0a b3 0a
007717-007731 StringBlock "header_export"
007732-007776 DataBlock
  ................ 00 00 00 00 e3 00 00 00 05 00 00 00 00 00 00 00
  ................ 00 00 01 00 00 00 00 01 00 00 00 00 03 00 00 00
  ..........]..    b6 ff ff ff 05 00 00 00 00 00 5d af 0a
007777-007837 ImageListBlock 1 elements:
  007781-007837 ImageBlock id=414363296 xsize=20 ysize=18 path="ui\\skins\\default\\resource_exporting.png" unknown=0
007838-007899 DataBlock
  ..........]....N 00 00 00 00 00 01 00 00 00 00 5d af 0a 08 00 4e
  ewState......... 65 77 53 74 61 74 65 11 00 00 00 12 00 00 00 00
  ................ 00 00 00 02 00 00 00 04 00 00 00 00 00 00 00 02
  ..............   00 00 00 01 00 00 00 00 00 00 00 00 00 00
007900-007912 FontNameBlock "la_gioconda"
007913-007928 DataBlock
  ................ 0c 00 00 00 01 00 00 00 00 00 00 00 d7 f8 ff ff
007929-007945 StringBlock "fe_tooltip_text"
007946-007965 DataBlock
  ................ 00 00 00 00 00 00 00 00 00 00 00 00 00 00 00 00
  ....             00 00 00 00
007966-007976 T0Block "normal_t0"
007977-007992 DataBlock
  ................ 00 00 00 00 00 00 00 00 00 00 00 00 00 00 00 00
007993-008003 T0Block "normal_t0"
008004-008166 DataBlock
  ................ 00 00 00 00 00 00 00 00 00 00 00 00 00 00 00 00
  ................ 01 00 00 00 a0 ae b2 18 00 00 00 00 00 00 00 00
  ................ 11 00 00 00 12 00 00 00 ff ff ff ff 00 00 00 01
  ................ 00 00 00 00 00 00 00 00 00 00 00 00 00 00 00 00
  ................ 00 00 00 00 00 00 00 00 00 00 00 00 00 00 00 00
  ....?........... 00 00 00 80 3f 00 00 00 00 00 00 00 00 00 00 00
  ................ 00 00 00 00 00 00 00 00 00 00 00 00 00 00 00 00
  ................ 00 00 00 00 00 00 00 00 00 00 00 00 00 00 00 00
  ................ 00 00 00 00 00 00 00 ff 00 00 00 00 00 00 00 00
  ................ 00 00 00 00 00 00 00 00 00 00 00 00 00 00 00 00
  '..              27 a5 0a
008167-008179 StringBlock "tooltip_bar"
008180-008224 DataBlock
  ................ 00 00 00 00 0c 00 00 00 15 00 00 00 01 00 00 00
  ................ 00 00 01 00 00 00 00 01 00 00 00 00 08 00 00 00
  ..........*..    00 00 00 00 0c 00 00 00 00 10 2a a5 0a
008225-008284 ImageListBlock 1 elements:
  008229-008284 ImageBlock id=181337984 xsize=72 ysize=14 path="ui\\skins\\default\\tooltip_bar_small.png" unknown=0
008285-008346 DataBlock
  ..........*....N 00 00 00 00 00 01 00 00 00 10 2a a5 0a 08 00 4e
  ewState'........ 65 77 53 74 61 74 65 27 01 00 00 0e 00 00 00 00
  ................ 00 00 00 02 00 00 00 00 00 00 00 00 00 00 00 01
  ..............   00 00 00 01 00 00 00 00 00 00 00 00 00 00
008347-008362 FontNameBlock "georgia_italic"
008363-008378 DataBlock
  ................ 0a 00 00 00 02 00 00 00 01 00 00 00 dd da fa ff
008379-008401 StringBlock "Default Font Category"
008402-008421 DataBlock
  ................ 00 00 00 00 00 00 00 00 00 00 00 00 00 00 00 00
  ....             01 00 00 00
008422-008432 T0Block "normal_t0"
008433-008448 DataBlock
  ................ 00 00 00 00 00 00 00 00 00 00 00 00 00 00 00 00
008449-008459 T0Block "normal_t0"
008460-008632 DataBlock
  ................ 00 00 00 00 00 00 00 00 00 00 00 00 00 00 00 00
  ................ 01 00 00 00 80 ff ce 0a 00 00 00 00 00 00 00 00
  '............... 27 01 00 00 0e 00 00 00 ff ff ff ff 01 00 00 00
  ................ 00 00 00 00 00 00 00 00 00 00 00 01 01 00 00 00
  ................ 00 00 00 00 00 00 00 00 00 00 00 00 00 00 00 00
  ....?........... 00 00 00 80 3f 00 00 00 00 00 00 00 00 00 00 00
  ..............A. 00 00 00 00 00 00 00 00 00 00 00 00 00 a0 41 00
  ......A......... 00 00 00 00 00 a0 41 00 00 00 00 00 00 00 00 00
  ................ 00 00 00 00 00 00 00 ff 00 00 00 00 00 00 00 00
  ................ 00 00 00 00 00 00 00 00 00 00 00 00 00 00 00 00
  ..........S..    00 00 00 00 00 00 00 00 00 e0 53 89 11
008633-008644 StringBlock "trade_list"
008645-008646 DataBlock
  ..               00 00
008647-008652 StringBlock "List"
008653-008713 DataBlock
  ....@........... ff ff ff ff 40 00 00 00 01 00 00 00 00 00 01 00
  ................ 00 00 00 01 00 00 00 00 01 00 00 00 ff ff ff ff
  @............... 40 00 00 00 00 80 8a d7 1d 00 00 00 00 00 00 00
  .............    00 00 00 00 00 01 00 00 00 80 8a d7 1d
008714-008723 NewStateBlock "NewState"
008724-008762 DataBlock
  >...*........... 3e 01 00 00 2a 00 00 00 00 00 00 00 02 00 00 00
  ................ 00 00 00 00 00 00 00 00 01 00 00 00 01 00 00 00
  .......          00 00 00 00 00 00 00
008763-008778 FontNameBlock "georgia_italic"
008779-008794 DataBlock
  ................ 0a 00 00 00 02 00 00 00 01 00 00 00 dd da fa ff
008795-008817 StringBlock "Default Font Category"
008818-008837 DataBlock
  ................ 00 00 00 00 00 00 00 00 00 00 00 00 00 00 00 00
  ....             00 00 00 00
008838-008848 T0Block "normal_t0"
008849-008864 DataBlock
  ................ 00 00 00 00 00 00 00 00 00 00 00 00 00 00 00 00
008865-008875 T0Block "normal_t0"
008876-008924 DataBlock
  ................ 00 00 00 00 00 00 00 00 00 00 00 00 00 00 00 00
  ................ 00 00 00 00 00 00 00 00 00 00 00 00 00 00 00 00
  ................ 00 00 00 00 ff 00 00 00 00 00 00 00 00 00 00 00
  .                01
008925-008930 StringBlock "List"
008931-008981 DataBlock
  .......C........ 01 00 00 00 00 00 9f 43 00 00 00 00 00 00 00 00
  ................ 00 01 00 00 00 00 00 00 00 00 00 00 00 00 00 00
  ................ 00 00 00 00 00 00 00 00 00 00 01 00 00 00 00 c0
  N..              4e 89 11
008982-009003 StringBlock "template_trade_entry"
009004-009068 DataBlock
  ........C....... 00 00 00 00 00 00 00 00 43 00 00 00 01 00 00 00
  ................ 00 00 01 00 00 00 00 01 00 00 00 00 00 00 00 00
  ................ 00 00 00 00 00 00 00 00 00 00 00 00 00 00 00 00
  ................ 00 00 00 00 00 00 00 00 00 01 00 00 00 a0 88 d7
  .                1d
009069-009078 NewStateBlock "NewState"
009079-009117 DataBlock
  >...#........... 3e 01 00 00 23 00 00 00 00 00 00 00 02 00 00 00
  ................ 04 00 00 00 00 00 00 00 02 00 00 00 01 00 00 00
  .......          00 00 00 00 00 00 00
009118-009130 FontNameBlock "la_gioconda"
009131-009146 DataBlock
  ................ 0c 00 00 00 01 00 00 00 00 00 00 00 d7 f8 ff ff
009147-009163 StringBlock "fe_tooltip_text"
009164-009183 DataBlock
  ................ 08 00 00 00 00 00 00 00 04 00 00 00 00 00 00 00
  ....             00 00 00 00
009184-009194 T0Block "normal_t0"
009195-009210 DataBlock
  ................ 00 00 00 00 00 00 00 00 00 00 00 00 00 00 00 00
009211-009221 T0Block "normal_t0"
009222-009275 DataBlock
  ................ 00 00 00 00 00 00 00 00 00 00 00 00 00 00 00 00
  ................ 00 00 00 00 00 00 00 00 00 00 00 00 00 00 00 00
  ................ 00 00 00 00 ff 00 00 00 00 00 00 00 06 00 00 00
  ....O.           00 00 a0 0b 4f 0d
009276-009283 StringBlock "mon_dy"
009284-009328 DataBlock
  ................ 00 00 00 00 0a 00 00 00 06 00 00 00 00 00 00 00
  ................ 00 00 01 00 00 00 00 01 00 00 00 00 04 00 00 00
  ......... ...    0a 00 00 00 00 00 00 00 00 20 8c f6 10
009329-009377 ImageListBlock 1 elements:
  009333-009377 ImageBlock id=224200416 xsize=24 ysize=24 path="ui\\skins\\default\\mon_24.png" unknown=0
009378-009439 DataBlock
  ......... .....N 00 00 00 00 00 01 00 00 00 20 8c f6 10 08 00 4e
  ewState......... 65 77 53 74 61 74 65 18 00 00 00 18 00 00 00 00
  ................ 00 00 00 02 00 00 00 00 00 00 00 00 00 00 00 01
  ..............   00 00 00 01 00 00 00 00 00 00 00 00 00 00
009440-009455 FontNameBlock "georgia_italic"
009456-009471 DataBlock
  ................ 0a 00 00 00 02 00 00 00 01 00 00 00 dd da fa ff
009472-009494 StringBlock "Default Font Category"
009495-009514 DataBlock
  ................ 00 00 00 00 00 00 00 00 00 00 00 00 00 00 00 00
  ....             00 00 00 00
009515-009525 T0Block "normal_t0"
009526-009541 DataBlock
  ................ 00 00 00 00 00 00 00 00 00 00 00 00 00 00 00 00
009542-009552 T0Block "normal_t0"
009553-009715 DataBlock
  ................ 00 00 00 00 00 00 00 00 00 00 00 00 00 00 00 00
  ......]......... 01 00 00 00 e0 06 5d 0d 00 00 00 00 00 00 00 00
  ................ 18 00 00 00 18 00 00 00 ff ff ff ff 00 00 00 00
  ................ 00 00 00 00 00 00 00 00 00 00 00 01 01 00 00 00
  ................ 00 00 00 00 00 00 00 00 00 00 00 00 00 00 00 00
  ....?........... 00 00 00 80 3f 00 00 00 00 00 00 00 00 00 00 00
  ................ 00 00 00 00 00 00 00 00 00 00 00 00 00 00 00 00
  ................ 00 00 00 00 00 00 00 00 00 00 00 00 00 00 00 00
  ................ 00 00 00 00 00 00 00 0a 00 00 00 00 00 00 00 00
  ................ 00 00 00 00 00 00 00 00 00 00 00 00 00 00 00 a0
  :..              3a 89 11
009716-009724 StringBlock "dy_clan"
009725-009789 DataBlock
  ................ 00 00 00 00 1e 00 00 00 04 00 00 00 00 00 00 00
  ................ 00 00 01 00 00 00 00 01 00 00 00 00 04 00 00 00
  ................ 1e 00 00 00 00 00 00 00 00 00 81 d7 1d 00 00 00
  ................ 00 00 00 00 00 00 00 00 00 01 00 00 00 00 81 d7
  .                1d
009790-009799 NewStateBlock "NewState"
009800-009807 DataBlock
  @.......         40 00 00 00 1a 00 00 00
009808-009817 UnicodeBlock "Rome"
009818-009840 DataBlock
  ................ 00 00 02 00 00 00 04 00 00 00 00 00 00 00 02 00
  .......          00 00 01 00 00 00 00
009841-009896 UnicodeBlock "dy_clan_NewState_Text_a003f"
009897-009900 DataBlock
  ....             00 00 00 00
009901-009913 FontNameBlock "la_gioconda"
009914-009929 DataBlock
  ................ 0c 00 00 00 01 00 00 00 00 00 00 00 d7 f8 ff ff
009930-009946 StringBlock "fe_tooltip_text"
009947-009966 DataBlock
  ................ 08 00 00 00 00 00 00 00 00 00 00 00 00 00 00 00
  ....             00 00 00 00
009967-009977 T0Block "normal_t0"
009978-009993 DataBlock
  ................ 00 00 00 00 00 00 00 00 00 00 00 00 00 00 00 00
009994-010004 T0Block "normal_t0"
010005-010068 DataBlock
  ................ 00 00 00 00 00 00 00 00 00 00 00 00 00 00 00 00
  ................ 00 00 00 00 00 00 00 00 00 00 00 00 00 00 00 00
  ................ 00 00 00 00 ff 00 00 00 00 00 00 00 00 00 00 00
  .............D.. 00 00 00 00 00 00 00 00 00 00 00 00 c0 44 89 11
010069-010078 StringBlock "dy_value"
010079-010143 DataBlock
  ....k........... 00 00 00 00 6b 00 00 00 04 00 00 00 00 00 00 00
  ................ 00 00 01 00 00 00 00 01 00 00 00 00 06 00 00 00
  }............... 7d ff ff ff 00 00 00 00 00 c0 86 d7 1d 00 00 00
  ................ 00 00 00 00 00 00 00 00 00 01 00 00 00 c0 86 d7
  .                1d
010144-010153 NewStateBlock "NewState"
010154-010161 DataBlock
  P.......         50 00 00 00 1a 00 00 00
010162-010171 UnicodeBlock "5000"
010172-010194 DataBlock
  ................ 00 00 02 00 00 00 04 00 00 00 00 00 00 00 02 00
  .......          00 00 01 00 00 00 00
010195-010244 UnicodeBlock "dy_value_NewState_Text_5"
010245-010248 DataBlock
  ....             00 00 00 00
010249-010261 FontNameBlock "la_gioconda"
010262-010277 DataBlock
  ................ 0c 00 00 00 01 00 00 00 00 00 00 00 d7 f8 ff ff
010278-010294 StringBlock "fe_tooltip_text"
010295-010314 DataBlock
  ................ 00 00 00 00 00 00 00 00 00 00 00 00 00 00 00 00
  ....             00 00 00 00
010315-010325 T0Block "normal_t0"
010326-010341 DataBlock
  ................ 00 00 00 00 00 00 00 00 00 00 00 00 00 00 00 00
010342-010352 T0Block "normal_t0"
010353-010416 DataBlock
  ................ 00 00 00 00 00 00 00 00 00 00 00 00 00 00 00 00
  ................ 00 00 00 00 00 00 00 00 00 00 00 00 00 00 00 00
  ................ 00 00 00 00 ff 00 00 00 00 00 00 00 00 00 00 00
  .............?.. 00 00 00 00 00 00 00 00 00 00 00 00 c0 3f 89 11
010417-010431 StringBlock "import_parent"
010432-010496 DataBlock
  ................ 00 00 00 00 9f 00 00 00 06 00 00 00 00 00 00 00
  ................ 00 00 01 00 00 00 00 01 00 00 00 00 06 00 00 00
  ................ a3 ff ff ff 00 00 00 00 00 e0 82 d7 1d 00 00 00
  ................ 00 00 00 00 00 00 00 00 00 01 00 00 00 e0 82 d7
  .                1d
010497-010506 NewStateBlock "NewState"
010507-010545 DataBlock
  B............... 42 00 00 00 18 00 00 00 00 00 00 00 02 00 00 00
  ................ 00 00 00 00 00 00 00 00 01 00 00 00 01 00 00 00
  .......          00 00 00 00 00 00 00
010546-010561 FontNameBlock "georgia_italic"
010562-010577 DataBlock
  ................ 0a 00 00 00 02 00 00 00 01 00 00 00 dd da fa ff
010578-010600 StringBlock "Default Font Category"
010601-010620 DataBlock
  ................ 00 00 00 00 00 00 00 00 00 00 00 00 00 00 00 00
  ....             00 00 00 00
010621-010631 T0Block "normal_t0"
010632-010647 DataBlock
  ................ 00 00 00 00 00 00 00 00 00 00 00 00 00 00 00 00
010648-010658 T0Block "normal_t0"
010659-010722 DataBlock
  ................ 00 00 00 00 00 00 00 00 00 00 00 00 00 00 00 00
  ................ 00 00 00 00 00 00 00 00 00 00 00 00 00 00 00 00
  ................ 00 00 00 00 ff 00 00 00 00 00 00 00 00 00 00 00
  ............ 2.. 00 00 00 00 00 00 00 00 00 00 00 00 20 32 af 0a
010723-010737 StringBlock "export_parent"
010738-010802 DataBlock
  ................ 00 00 00 00 e5 00 00 00 06 00 00 00 00 00 00 00
  ................ 00 00 01 00 00 00 00 01 00 00 00 00 06 00 00 00
  ..........?..... e9 ff ff ff 00 00 00 00 00 c0 3f af 0a 00 00 00
  ..............?. 00 00 00 00 00 00 00 00 00 01 00 00 00 c0 3f af
  .                0a
010803-010812 NewStateBlock "NewState"
010813-010851 DataBlock
  B............... 42 00 00 00 18 00 00 00 00 00 00 00 02 00 00 00
  ................ 00 00 00 00 00 00 00 00 01 00 00 00 01 00 00 00
  .......          00 00 00 00 00 00 00
010852-010867 FontNameBlock "georgia_italic"
010868-010883 DataBlock
  ................ 0a 00 00 00 02 00 00 00 01 00 00 00 dd da fa ff
010884-010906 StringBlock "Default Font Category"
010907-010926 DataBlock
  ................ 00 00 00 00 00 00 00 00 00 00 00 00 00 00 00 00
  ....             00 00 00 00
010927-010937 T0Block "normal_t0"
010938-010953 DataBlock
  ................ 00 00 00 00 00 00 00 00 00 00 00 00 00 00 00 00
010954-010964 T0Block "normal_t0"
010965-011028 DataBlock
  ................ 00 00 00 00 00 00 00 00 00 00 00 00 00 00 00 00
  ................ 00 00 00 00 00 00 00 00 00 00 00 00 00 00 00 00
  ................ 00 00 00 00 ff 00 00 00 00 00 00 00 00 00 00 00
  ............0+.. 00 00 00 00 00 00 00 00 00 00 00 00 30 2b b0 0a
011029-011042 StringBlock "tx_blockaded"
011043-011107 DataBlock
  ................ 00 00 00 00 b9 00 00 00 04 00 00 00 00 00 00 00
  ................ 00 00 00 00 00 00 00 01 00 00 00 00 04 00 00 00
  ...........S.... b9 00 00 00 00 00 00 00 00 00 92 53 0a 00 00 00
  ...............S 00 00 00 00 00 00 00 00 00 01 00 00 00 00 92 53
  .                0a
011108-011117 NewStateBlock "NewState"
011118-011125 DataBlock
  j.......         6a 00 00 00 1a 00 00 00
011126-011145 UnicodeBlock "Blockaded"
011146-011168 DataBlock
  ................ 00 00 02 00 00 00 04 00 00 00 00 00 00 00 02 00
  .......          00 00 01 00 00 00 01
011169-011234 UnicodeBlock "tx_blockaded_NewState_Text_b0046"
011235-011238 DataBlock
  ....             00 00 00 00
011239-011251 FontNameBlock "la_gioconda"
011252-011267 DataBlock
  ................ 0c 00 00 00 07 00 00 00 00 00 00 00 00 10 9d ff
011268-011280 StringBlock "fe_text_red"
011281-011300 DataBlock
  ................ 00 00 00 00 00 00 00 00 00 00 00 00 00 00 00 00
  ....             00 00 00 00
011301-011311 T0Block "normal_t0"
011312-011327 DataBlock
  ................ 00 00 00 00 00 00 00 00 00 00 00 00 00 00 00 00
011328-011338 T0Block "normal_t0"
011339-011412 DataBlock
  ................ 00 00 00 00 00 00 00 00 00 00 00 00 00 00 00 00
  ................ 00 00 00 00 00 00 00 00 00 00 00 00 00 00 00 00
  ................ 00 00 00 00 ff 00 00 00 00 00 00 00 00 00 00 00
  ................ 00 00 00 00 00 00 00 00 00 00 00 00 00 00 00 00
  ......P...       00 01 00 00 00 00 50 eb b3 0c
011413-011436 StringBlock "template_resource_icon"
011437-011481 DataBlock
  ........F....... 00 00 00 00 a0 00 00 00 46 00 00 00 00 00 00 00
  ................ 00 00 01 00 00 00 00 01 00 00 00 00 00 00 00 00
  .............    00 00 00 00 00 00 00 00 00 b0 ee b3 0c
011482-011542 ImageListBlock 1 elements:
  011486-011542 ImageBlock id=200316592 xsize=26 ysize=26 path="ui\\campaign ui\\skins\\resource_stone.png" unknown=0
011543-011604 DataBlock
  ...............N 00 00 00 00 00 01 00 00 00 b0 ee b3 0c 08 00 4e
  ewState......... 65 77 53 74 61 74 65 18 00 00 00 18 00 00 00 00
  ................ 00 00 00 02 00 00 00 00 00 00 00 00 00 00 00 01
  ..............   00 00 00 01 00 00 00 00 00 00 00 00 00 00
011605-011620 FontNameBlock "georgia_italic"
011621-011636 DataBlock
  ................ 0a 00 00 00 02 00 00 00 01 00 00 00 dd da fa ff
011637-011659 StringBlock "Default Font Category"
011660-011679 DataBlock
  ................ 00 00 00 00 00 00 00 00 00 00 00 00 00 00 00 00
  ....             00 00 00 00
011680-011690 T0Block "normal_t0"
011691-011706 DataBlock
  ................ 00 00 00 00 00 00 00 00 00 00 00 00 00 00 00 00
011707-011717 T0Block "normal_t0"
011718-011904 DataBlock
  ................ 00 00 00 00 00 00 00 00 00 00 00 00 00 00 00 00
  ................ 01 00 00 00 b0 96 f0 0b 00 00 00 00 00 00 00 00
  ................ 18 00 00 00 18 00 00 00 ff ff ff ff 00 00 00 00
  ................ 00 00 00 00 00 00 00 00 00 00 00 01 01 00 00 00
  ................ 00 00 00 00 00 00 00 00 00 00 00 00 00 00 00 00
  ....?........... 00 00 00 80 3f 00 00 00 00 00 00 00 00 00 00 00
  ................ 00 00 00 00 00 00 00 00 00 00 00 00 00 00 00 00
  ................ 00 00 00 00 00 00 00 00 00 00 00 00 00 00 00 00
  ................ 00 00 00 00 00 00 00 ff 00 00 00 00 00 00 00 00
  ................ 00 00 00 00 00 00 00 00 00 00 00 00 00 00 00 00
  ................ 00 00 00 00 01 00 00 00 00 00 00 00 00 00 00 00
  ...........      00 00 00 00 00 00 00 00 00 00 00
