000000-000009 VersionBlock 39
000010-000013 RootIDBlock 302396504
000014-000019 StringBlock "root"
000020-000093 DataBlock
  ................ 00 00 00 00 00 00 00 00 01 01 00 01 00 00 00 00
  ................ 00 ff ff ff ff 00 00 00 00 00 00 00 00 00 00 00
  ........8....... 00 00 00 00 01 00 00 00 38 c3 03 12 00 00 00 05
  ................ 00 00 00 04 00 00 bb ff be ff 00 00 00 00 00 00
  ..........       00 00 01 00 00 00 b0 c5 03 12
000094-000103 NewStateBlock "NewState"
000104-000140 DataBlock
  ................ 00 05 00 00 00 04 00 00 00 00 00 00 02 00 00 00
  ................ 00 00 00 00 00 00 00 00 01 00 00 00 01 00 00 00
  .....            00 00 00 00 00
000141-000159 FontNameBlock "Ingame 12, Normal"
000160-000186 DataBlock
  ................ 02 00 00 00 01 00 00 00 ff 00 00 00 00 00 00 00
  ...........      00 00 00 00 00 00 00 00 01 00 00
000187-000197 T0Block "normal_t0"
000198-000282 DataBlock
  ................ 00 00 00 00 00 00 00 00 00 00 00 00 00 00 00 00
  ........8....... 00 00 00 00 01 00 00 00 38 c3 03 12 00 00 00 00
  ................ 00 00 00 00 00 05 00 00 00 04 00 00 bb ff be ff
  ................ 00 00 00 00 00 00 00 01 01 00 00 00 00 00 00 00
  ................ 00 00 00 00 00 00 00 00 00 00 00 00 00 00 00 00
  .....            00 00 00 00 00
000283-000294 EventListBlock []
000295-000310 DataBlock
  ............(7.. 00 00 00 00 00 00 00 00 01 00 00 00 28 37 06 12
000311-000329 StringBlock "Layout_build_list"
000330-000344 DataBlock
  H...y..........  48 01 00 00 79 00 00 00 01 01 00 01 00 00 00
000345-000361 StringBlock "Layout_standard"
000362-000400 DataBlock
  ................ ff ff ff ff 00 00 00 00 00 00 00 00 00 00 00 00
  ................ 00 00 00 00 00 00 00 00 00 00 00 00 00 00 00 01
  .......          00 00 00 a8 dc 03 12
000401-000410 NewStateBlock "NewState"
000411-000447 DataBlock
  p............... 70 02 00 00 d0 02 00 00 00 00 00 00 02 00 00 00
  ................ 00 00 00 00 00 00 00 00 01 00 00 00 01 00 00 00
  .....            00 00 00 00 00
000448-000466 FontNameBlock "Ingame 12, Normal"
000467-000493 DataBlock
  ................ 02 00 00 00 01 00 00 00 ff 00 00 00 00 00 00 00
  ...........      00 00 00 00 00 00 00 00 00 00 00
000494-000504 T0Block "normal_t0"
000505-000544 DataBlock
  ................ 00 00 00 00 00 00 00 00 00 00 00 00 00 00 00 00
  ................ 00 00 00 00 00 00 00 00 00 00 00 00 00 00 00 00
  ........         00 00 00 00 00 00 00 00
000545-000556 EventListBlock []
000557-000572 DataBlock
  .............9.. 00 00 00 00 00 00 00 00 02 00 00 00 f8 39 06 12
000573-000585 StringBlock "title_frame"
000586-000600 DataBlock
  ..............  7f 00 00 00 13 00 00 00 01 01 00 01 00 00 00
000601-000613 StringBlock "title_frame"
000614-000632 DataBlock
  ................ ff ff ff ff 00 00 00 00 00 00 00 00 00 00 00 00
  ...              00 00 00
000633-001161 ImageListBlock 9 elements:
  000637-000693 ImageBlock id=303842712 xsize=16 ysize=16 path="UI\\Campaign UI\\Skins\\title frame BL.tga" unknown=4294967295
  000694-000754 ImageBlock id=302233192 xsize=16 ysize=16 path="UI\\Campaign UI\\Skins\\title frame bottom.tga" unknown=4294967295
  000755-000811 ImageBlock id=302234984 xsize=16 ysize=16 path="UI\\Campaign UI\\Skins\\title frame BR.tga" unknown=4294967295
  000812-000870 ImageBlock id=302234624 xsize=16 ysize=16 path="UI\\Campaign UI\\Skins\\title frame fill.tga" unknown=4294967295
  000871-000929 ImageBlock id=290979464 xsize=16 ysize=16 path="UI\\Campaign UI\\Skins\\title frame left.tga" unknown=4294967295
  000930-000989 ImageBlock id=301547384 xsize=16 ysize=16 path="UI\\Campaign UI\\Skins\\title frame right.tga" unknown=4294967295
  000990-001046 ImageBlock id=301547608 xsize=16 ysize=16 path="UI\\Campaign UI\\Skins\\title frame TL.tga" unknown=4294967295
  001047-001104 ImageBlock id=303519016 xsize=16 ysize=16 path="UI\\Campaign UI\\Skins\\title frame top.tga" unknown=4294967295
  001105-001161 ImageBlock id=303519240 xsize=16 ysize=16 path="UI\\Campaign UI\\Skins\\title frame TR.tga" unknown=4294967295
001162-001224 DataBlock
  ................ 00 00 00 00 00 00 00 00 01 00 00 00 88 e3 03 12
  ..NewStater...6. 08 00 4e 65 77 53 74 61 74 65 72 01 00 00 36 00
  ................ 00 00 00 00 00 00 02 00 00 00 00 00 00 00 00 00
  ...............  00 00 01 00 00 00 01 00 00 00 00 00 00 00 00
001225-001243 FontNameBlock "Ingame 12, Normal"
001244-001270 DataBlock
  ................ 02 00 00 00 01 00 00 00 ff 00 00 00 00 00 00 00
  ...........      00 00 00 00 00 00 00 00 01 00 00
001271-001281 T0Block "normal_t0"
001282-001726 DataBlock
  ................ 00 00 00 00 00 00 00 00 00 00 00 00 00 00 00 00
  .........V..b... 00 00 00 00 09 00 00 00 08 56 17 12 62 01 00 00
  ................ 00 00 00 00 10 00 00 00 10 00 00 00 ff ff ff ff
  ................ 00 00 00 03 00 00 00 00 00 00 00 00 00 00 00 00
  .....(U......... 00 00 00 00 00 28 55 17 12 10 00 00 00 00 00 00
  .R.............. 00 52 01 00 00 10 00 00 00 ff ff ff ff 01 00 00
  ................ 02 00 00 00 01 00 00 00 00 00 00 00 00 00 00 00
  ..X@............ 00 00 58 40 f9 11 00 00 00 00 00 00 00 00 10 00
  ................ 00 00 10 00 00 00 ff ff ff ff 00 00 00 01 00 00
  ...............h 00 00 00 00 00 00 00 00 00 00 00 00 00 00 00 68
  ...b...&........ bd 03 12 62 01 00 00 26 00 00 00 10 00 00 00 10
  ................ 00 00 00 ff ff ff ff 00 00 00 09 00 00 00 00 00
  .............E.. 00 00 00 00 00 00 00 00 00 00 00 00 98 45 1c 12
  ....&........... 00 00 00 00 26 00 00 00 10 00 00 00 10 00 00 00
  ................ ff ff ff ff 00 00 00 07 00 00 00 00 00 00 00 00
  .........h...... 00 00 00 00 00 00 00 00 00 68 b6 03 12 10 00 00
  .&...R.......... 00 26 00 00 00 52 01 00 00 10 00 00 00 ff ff ff
  ................ ff 01 00 00 08 00 00 00 01 00 00 00 00 00 00 00
  ........W....... 00 00 00 00 00 00 88 fe 57 11 00 00 00 00 10 00
  ................ 00 00 10 00 00 00 16 00 00 00 ff ff ff ff 01 00
  ................ 00 04 00 00 00 00 01 00 00 00 00 00 00 00 00 00
  ...x?..b........ 00 00 00 78 3f f9 11 62 01 00 00 10 00 00 00 10
  ................ 00 00 00 16 00 00 00 ff ff ff ff 01 00 00 06 00
  ................ 00 00 00 01 00 00 00 00 00 00 00 00 00 00 00 00
  ............R... 00 bc 03 12 10 00 00 00 10 00 00 00 52 01 00 00
  ................ 16 00 00 00 ff ff ff ff 01 00 00 05 00 00 00 01
  ................ 01 00 00 00 00 00 00 00 00 00 00 00 00 00 00 00
  .............    00 00 00 00 00 00 00 00 00 00 00 00 00
001727-001738 EventListBlock []
001739-001754 DataBlock
  ............Xy.. 00 00 00 00 00 00 00 00 01 00 00 00 58 79 03 12
001755-001764 StringBlock "dy_title"
001765-001779 DataBlock
  ...............  05 00 00 00 04 00 00 00 01 01 00 01 00 00 00
001780-001789 StringBlock "dy_title"
001790-001828 DataBlock
  ................ ff ff ff ff 00 00 00 00 00 00 00 00 00 00 00 00
  ................ 00 00 00 00 00 00 00 00 00 00 00 00 00 00 00 02
  .......          00 00 00 08 c0 03 12
001829-001839 StringBlock "buildings"
001840-001847 DataBlock
  h...+...         68 01 00 00 2b 00 00 00
001848-001891 UnicodeBlock "Buildings Constructed"
001892-001914 DataBlock
  ................ 00 00 04 00 00 00 04 00 00 00 00 00 00 00 01 00
  .......          00 00 01 00 00 00 01
001915-001976 UnicodeBlock "dy_title_buildings_Text_5f006e"
001977-001978 DataBlock
  ..               00 00
001979-001997 FontNameBlock "Ingame 18, Normal"
001998-002024 DataBlock
  ................ 02 00 00 00 01 00 00 00 9c d4 de ff 00 00 00 00
  ...........      00 00 00 00 00 00 00 00 00 00 00
002025-002035 T0Block "normal_t0"
002036-002075 DataBlock
  ................ 00 00 00 00 00 00 00 00 00 00 00 00 00 00 00 00
  ................ 00 00 00 00 00 00 00 00 00 00 00 00 00 00 00 00
  ........         00 00 00 00 a0 c1 03 12
002076-002082 StringBlock "units"
002083-002090 DataBlock
  h...+...         68 01 00 00 2b 00 00 00
002091-002122 UnicodeBlock "Units Recruited"
002123-002145 DataBlock
  ................ 00 00 04 00 00 00 04 00 00 00 00 00 00 00 01 00
  .......          00 00 01 00 00 00 01
002146-002199 UnicodeBlock "dy_title_units_Text_21001b"
002200-002201 DataBlock
  ..               00 00
002202-002220 FontNameBlock "Ingame 18, Normal"
002221-002247 DataBlock
  ................ 02 00 00 00 01 00 00 00 9c d4 de ff 00 00 00 00
  ...........      00 00 00 00 00 00 00 00 00 00 00
002248-002258 T0Block "normal_t0"
002259-002298 DataBlock
  ................ 00 00 00 00 00 00 00 00 00 00 00 00 00 00 00 00
  ................ 00 00 00 00 00 00 00 00 00 00 00 00 00 00 00 00
  ........         00 00 00 00 00 00 00 00
002299-002310 EventListBlock []
002311-002322 DataBlock
  ............     00 00 00 00 00 00 00 00 00 00 00 00
002323-002345 StringBlock "template.dy_title.lua"
002346-002372 StringBlock "template._title_frame.lua"
002373-002376 DataBlock
  .~..             a0 7e 03 12
002377-002387 StringBlock "textpanel"
002388-002402 DataBlock
  ....P..........  0e 00 00 00 50 00 00 00 01 01 00 01 00 00 00
002403-002413 StringBlock "textpanel"
002414-002432 DataBlock
  ................ ff ff ff ff 00 00 00 00 00 00 00 00 00 00 00 00
  ...              00 00 00
002433-002879 ImageListBlock 7 elements:
  002437-002498 ImageBlock id=302219768 xsize=128 ysize=128 path="UI\\Campaign UI\\Skins\\paper pane fill 128.tga" unknown=4294967295
  002499-002561 ImageBlock id=302219992 xsize=47 ysize=13 path="UI\\Campaign UI\\Skins\\paper_pane_border_bl.tga" unknown=4294967295
  002562-002623 ImageBlock id=302220216 xsize=47 ysize=157 path="UI\\Campaign UI\\Skins\\paper_pane_border_l.tga" unknown=4294967295
  002624-002686 ImageBlock id=302220440 xsize=47 ysize=13 path="UI\\Campaign UI\\Skins\\paper_pane_border_tl.tga" unknown=4294967295
  002687-002750 ImageBlock id=302220664 xsize=42 ysize=13 path="UI\\Campaign UI\\Skins\\paper_pane_border_top.tga" unknown=4294967295
  002751-002817 ImageBlock id=302220888 xsize=42 ysize=13 path="UI\\Campaign UI\\Skins\\paper_pane_border_bottom.tga" unknown=4294967295
  002818-002879 ImageBlock id=303868432 xsize=47 ysize=157 path="UI\\Campaign UI\\Skins\\paper_pane_border_r.tga" unknown=4294967295
002880-002942 DataBlock
  ............H... 00 00 00 00 00 00 00 00 01 00 00 00 48 c7 03 12
  ..NewStateT...=. 08 00 4e 65 77 53 74 61 74 65 54 02 00 00 3d 02
  ................ 00 00 00 00 00 00 02 00 00 00 00 00 00 00 00 00
  ...............  00 00 01 00 00 00 01 00 00 00 00 00 00 00 00
002943-002961 FontNameBlock "Ingame 12, Normal"
002962-002988 DataBlock
  ................ 02 00 00 00 01 00 00 00 00 00 00 ff 00 00 00 00
  ...........      00 00 00 00 00 00 00 00 01 00 00
002989-002999 T0Block "normal_t0"
003000-003444 DataBlock
  ................ 00 00 00 00 00 00 00 00 00 00 00 00 00 00 00 00
  ............/... 00 00 00 00 09 00 00 00 f8 81 03 12 2f 00 00 00
  ........#....... 0d 00 00 00 f6 01 00 00 23 02 00 00 ff ff ff ff
  ................ 01 00 00 05 00 00 00 01 01 00 00 00 00 00 00 00
  ................ 00 00 00 00 00 98 84 03 12 00 00 00 00 00 00 00
  ./.............. 00 2f 00 00 00 0d 00 00 00 ff ff ff ff 00 00 00
  ................ 01 00 00 00 00 00 00 00 00 00 00 00 00 00 00 00
  ............../. 00 00 b8 83 03 12 00 00 00 00 0d 00 00 00 2f 00
  ..#............. 00 00 23 02 00 00 ff ff ff ff 01 00 00 04 00 00
  ................ 00 00 01 00 00 00 00 00 00 00 00 00 00 00 00 d8
  .......0.../.... 82 03 12 00 00 00 00 30 02 00 00 2f 00 00 00 0d
  ................ 00 00 00 ff ff ff ff 00 00 00 07 00 00 00 00 00
  ................ 00 00 00 00 00 00 00 00 00 00 00 00 d8 82 03 12
  %...0.../....... 25 02 00 00 30 02 00 00 2f 00 00 00 0d 00 00 00
  ................ ff ff ff ff 00 01 00 09 00 00 00 00 00 00 00 00
  .............%.. 00 00 00 00 00 00 00 00 00 98 84 03 12 25 02 00
  ...../.......... 00 00 00 00 00 2f 00 00 00 0d 00 00 00 ff ff ff
  ................ ff 00 01 00 03 00 00 00 00 00 00 00 00 00 00 00
  ......X.../...0. 00 00 00 00 00 00 58 86 03 12 2f 00 00 00 30 02
  ................ 00 00 f6 01 00 00 0d 00 00 00 ff ff ff ff 01 00
  ................ 00 08 00 00 00 01 00 00 00 00 00 00 00 00 00 00
  ...x.../........ 00 00 00 78 85 03 12 2f 00 00 00 00 00 00 00 f6
  ................ 01 00 00 0d 00 00 00 ff ff ff ff 01 00 00 02 00
  ................ 00 00 01 00 00 00 00 00 00 00 00 00 00 00 00 00
  ....%......./... 10 aa 1c 12 25 02 00 00 0d 00 00 00 2f 00 00 00
  #............... 23 02 00 00 ff ff ff ff 01 00 00 06 00 00 00 00
  ................ 01 00 00 00 00 00 00 00 00 00 00 00 00 00 00 00
  .............    00 00 00 00 00 00 00 00 00 00 00 00 00
003445-003456 EventListBlock []
003457-003472 DataBlock
  ................ 00 00 00 00 00 00 00 00 01 00 00 00 b0 b0 1c 12
003473-003482 StringBlock "listview"
003483-003497 DataBlock
  ...............  2e 00 00 00 06 00 00 00 01 01 00 01 00 00 00
003498-003507 StringBlock "listview"
003508-003546 DataBlock
  ................ 00 00 00 00 00 00 00 00 00 00 00 00 00 00 00 00
  ................ 00 00 00 00 00 00 00 00 00 00 00 00 00 00 00 01
  .......          00 00 00 e0 c8 03 12
003547-003556 NewStateBlock "NewState"
003557-003593 DataBlock
  ....1........... fa 01 00 00 31 02 00 00 00 00 00 00 02 00 00 00
  ................ 00 00 00 00 00 00 00 00 01 00 00 00 01 00 00 00
  .....            00 00 00 00 00
003594-003612 FontNameBlock "Ingame 12, Normal"
003613-003639 DataBlock
  ................ 02 00 00 00 01 00 00 00 ff 00 00 00 00 00 00 00
  ...........      00 00 00 00 00 00 00 00 01 00 00
003640-003650 T0Block "normal_t0"
003651-003690 DataBlock
  ................ 00 00 00 00 00 00 00 00 00 00 00 00 00 00 00 00
  ................ 00 00 00 00 00 00 00 00 00 00 00 00 00 00 00 00
  ........         00 00 00 00 00 00 00 00
003691-003702 EventListBlock []
003703-003718 DataBlock
  ................ 00 00 00 00 00 00 00 00 02 00 00 00 88 b5 1c 12
003719-003727 StringBlock "vslider"
003728-003742 DataBlock
  ...............  03 02 00 00 0a 00 00 00 00 01 00 01 00 00 00
003743-003751 StringBlock "vslider"
003752-003770 DataBlock
  ................ 00 00 00 00 00 00 00 00 00 00 00 00 00 00 00 00
  ...              00 00 00
003771-003829 ImageListBlock 1 elements:
  003775-003829 ImageBlock id=303872224 xsize=4 ysize=1 path="UI\\Campaign UI\\Skins\\v_slider_bar.tga" unknown=4294967295
003830-003892 DataBlock
  ................ 00 00 00 00 00 00 00 00 01 00 00 00 18 c4 03 12
  ..NewState...... 08 00 4e 65 77 53 74 61 74 65 04 00 00 00 1d 02
  ................ 00 00 00 00 00 00 02 00 00 00 00 00 00 00 00 00
  ...............  00 00 01 00 00 00 01 00 00 00 00 00 00 00 00
003893-003911 FontNameBlock "Ingame 12, Normal"
003912-003938 DataBlock
  ................ 02 00 00 00 01 00 00 00 00 00 00 ff 00 00 00 00
  ...........      00 00 00 00 00 00 00 00 01 00 00
003939-003949 T0Block "normal_t0"
003950-004034 DataBlock
  ................ 00 00 00 00 00 00 00 00 00 00 00 00 00 00 00 00
  ................ 00 00 00 00 01 00 00 00 e0 b8 1c 12 00 00 00 00
  ................ 00 00 00 00 04 00 00 00 1d 02 00 00 ff ff ff ff
  ................ 00 00 00 00 00 00 00 01 01 00 00 00 00 00 00 00
  ................ 00 00 00 00 00 c0 cd cd cd c0 cd cd cd 00 00 00
  .....            00 04 00 00 00
004035-004041 StringBlock "Value"
004042-004044 DataBlock
  ..0              01 00 30
004045-004054 StringBlock "minValue"
004055-004057 DataBlock
  ..0              01 00 30
004058-004067 StringBlock "maxValue"
004068-004072 DataBlock
  ..100            03 00 31 30 30
004073-004080 StringBlock "Notify"
004081-004082 DataBlock
  ..               00 00
004083-004094 EventListBlock []
004095-004154 DataBlock
  ............H... 00 00 00 00 00 00 00 00 03 00 00 00 48 be 1c 12
  ..top........... 03 00 74 6f 70 fd ff ff ff 00 00 00 00 00 00 00
  ......top....... 01 00 00 00 03 00 74 6f 70 ff ff ff ff 00 00 00
  ............     00 02 00 00 00 00 00 00 00 00 00 00
004155-004213 ImageListBlock 1 elements:
  004159-004213 ImageBlock id=302224336 xsize=10 ysize=10 path="UI\\Campaign UI\\Skins\\v_slider_end.tga" unknown=4294967295
004214-004276 DataBlock
  ................ 00 00 00 00 00 00 00 00 01 00 00 00 18 d0 03 12
  ..NewState...... 08 00 4e 65 77 53 74 61 74 65 0a 00 00 00 0a 00
  ................ 00 00 00 00 00 00 02 00 00 00 00 00 00 00 00 00
  ...............  00 00 01 00 00 00 01 00 00 00 00 00 00 00 00
004277-004295 FontNameBlock "Ingame 12, Normal"
004296-004322 DataBlock
  ................ 02 00 00 00 01 00 00 00 00 00 00 ff 00 00 00 00
  ...........      00 00 00 00 00 00 00 00 01 00 00
004323-004333 T0Block "normal_t0"
004334-004418 DataBlock
  ................ 00 00 00 00 00 00 00 00 00 00 00 00 00 00 00 00
  ................ 00 00 00 00 01 00 00 00 d0 93 03 12 00 00 00 00
  ................ fd ff ff ff 0a 00 00 00 0a 00 00 00 ff ff ff ff
  ................ 00 00 00 00 00 00 00 01 01 00 00 00 00 00 00 00
  .....!...$...... 00 00 00 00 00 21 00 00 00 24 00 00 00 00 00 00
  .....            00 01 00 00 00
004419-004428 StringBlock "stepSize"
004429-004432 DataBlock
  ..10             02 00 31 30
004433-004475 EventListBlock ["OnMouseLClickUp", "UpdateSlider"]
004476-004493 DataBlock
  ................ 00 00 00 00 00 00 00 00 00 00 00 00 00 00 b8 a0
  ..               03 12
004494-004501 StringBlock "bottom"
004502-004516 DataBlock
  ...............  fd ff ff ff 13 02 00 00 00 00 00 01 00 00 00
004517-004524 StringBlock "bottom"
004525-004543 DataBlock
  ................ ff ff ff ff 00 00 00 00 08 00 00 00 00 00 00 00
  ...              00 00 00
004544-004602 ImageListBlock 1 elements:
  004548-004602 ImageBlock id=302228560 xsize=10 ysize=10 path="UI\\Campaign UI\\Skins\\v_slider_end.tga" unknown=4294967295
004603-004665 DataBlock
  ............ ... 00 00 00 00 00 00 00 00 01 00 00 00 20 e5 03 12
  ..NewState...... 08 00 4e 65 77 53 74 61 74 65 0a 00 00 00 0a 00
  ................ 00 00 00 00 00 00 02 00 00 00 00 00 00 00 00 00
  ...............  00 00 01 00 00 00 01 00 00 00 00 00 00 00 00
004666-004684 FontNameBlock "Ingame 12, Normal"
004685-004711 DataBlock
  ................ 02 00 00 00 01 00 00 00 00 00 00 ff 00 00 00 00
  ...........      00 00 00 00 00 00 00 00 01 00 00
004712-004722 T0Block "normal_t0"
004723-004807 DataBlock
  ................ 00 00 00 00 00 00 00 00 00 00 00 00 00 00 00 00
  ........P....... 00 00 00 00 01 00 00 00 50 a4 03 12 00 00 00 00
  ................ 03 00 00 00 0a 00 00 00 0a 00 00 00 ff ff ff ff
  ................ 00 00 00 00 00 00 00 01 01 00 00 00 00 00 00 00
  ....."...'...... 00 00 00 00 00 22 00 00 00 27 00 00 00 00 00 00
  .....            00 01 00 00 00
004808-004817 StringBlock "stepSize"
004818-004821 DataBlock
  ..10             02 00 31 30
004822-004864 EventListBlock ["OnMouseLClickUp", "UpdateSlider"]
004865-004882 DataBlock
  ................ 00 00 00 00 00 00 00 00 00 00 00 00 00 00 d0 dc
  ..               09 12
004883-004890 StringBlock "handle"
004891-004905 DataBlock
  ....)..........  f7 ff ff ff 29 01 00 00 00 00 01 01 00 00 00
004906-004913 StringBlock "handle"
004914-004932 DataBlock
  ................ ff ff ff ff 00 00 00 00 00 00 00 00 00 00 00 00
  ...              00 00 00
004933-004994 ImageListBlock 1 elements:
  004937-004994 ImageBlock id=302232064 xsize=21 ysize=22 path="UI\\Campaign UI\\Skins\\v_slider_handle.tga" unknown=4294967295
004995-005057 DataBlock
  ................ 00 00 00 00 00 00 00 00 01 00 00 00 f0 e1 03 12
  ..NewState...... 08 00 4e 65 77 53 74 61 74 65 15 00 00 00 16 00
  ................ 00 00 00 00 00 00 02 00 00 00 00 00 00 00 00 00
  ...............  00 00 01 00 00 00 01 00 00 00 00 00 00 00 00
005058-005076 FontNameBlock "Ingame 12, Normal"
005077-005103 DataBlock
  ................ 02 00 00 00 01 00 00 00 00 00 00 ff 00 00 00 00
  ...........      00 00 00 00 00 00 00 00 01 00 00
005104-005114 T0Block "normal_t0"
005115-005199 DataBlock
  ................ 00 00 00 00 00 00 00 00 00 00 00 00 00 00 00 00
  ................ 00 00 00 00 01 00 00 00 00 b2 03 12 00 00 00 00
  ................ 00 00 00 00 15 00 00 00 16 00 00 00 ff ff ff ff
  ................ 00 00 00 00 00 00 00 01 01 00 00 00 00 00 00 00
  ................ 00 00 00 00 00 c0 cd cd cd c0 cd cd cd 00 00 00
  .....            00 00 00 00 00
005200-005252 EventListBlock ["OnDrag", "HandleMove", "OnMove", "LimitHandle"]
005253-005264 DataBlock
  ............     00 00 00 00 00 00 00 00 00 00 00 00
005265-005293 StringBlock "template.vslider_handle.lua"
005294-005315 StringBlock "template.vslider.lua"
005316-005319 DataBlock
  ....             e8 f2 09 12
005320-005330 StringBlock "list_clip"
005331-005345 DataBlock
  ...............  03 00 00 00 03 00 00 00 01 01 00 01 01 00 00
005346-005356 StringBlock "list_clip"
005357-005395 DataBlock
  ................ ff ff ff ff 00 00 00 00 00 00 00 00 00 00 00 00
  ................ 00 00 00 00 00 00 00 00 00 00 00 00 00 00 00 01
  ...@...          00 00 00 40 de 03 12
005396-005405 NewStateBlock "NewState"
005406-005442 DataBlock
  ....,........... f4 01 00 00 2c 02 00 00 00 00 00 00 02 00 00 00
  ................ 00 00 00 00 00 00 00 00 01 00 00 00 01 00 00 00
  .....            00 00 00 00 00
005443-005461 FontNameBlock "Ingame 12, Normal"
005462-005488 DataBlock
  ................ 02 00 00 00 01 00 00 00 ff 00 00 00 00 00 00 00
  ...........      00 00 00 00 00 00 00 00 01 00 00
005489-005499 T0Block "normal_t0"
005500-005539 DataBlock
  ................ 00 00 00 00 00 00 00 00 00 00 00 00 00 00 00 00
  ................ 00 00 00 00 00 00 00 00 00 00 00 00 00 00 00 00
  ........         00 00 00 00 00 00 00 00
005540-005551 EventListBlock []
005552-005567 DataBlock
  .............#.. 00 00 00 00 00 00 00 00 01 00 00 00 c0 23 17 12
005568-005577 StringBlock "list_box"
005578-005592 DataBlock
  ...............  00 00 00 00 00 00 00 00 01 01 00 01 00 00 00
005593-005602 StringBlock "list_box"
005603-005641 DataBlock
  ................ ff ff ff ff 00 00 00 00 00 00 00 00 00 00 00 00
  ................ 00 00 00 00 00 00 00 00 00 00 00 00 00 00 00 01
  .......          00 00 00 c8 fa 09 12
005642-005651 NewStateBlock "NewState"
005652-005688 DataBlock
  ....,........... f4 01 00 00 2c 02 00 00 00 00 00 00 02 00 00 00
  ................ 00 00 00 00 00 00 00 00 01 00 00 00 01 00 00 00
  .....            00 00 00 00 00
005689-005707 FontNameBlock "Ingame 12, Normal"
005708-005734 DataBlock
  ................ 02 00 00 00 01 00 00 00 ff 00 00 00 00 00 00 00
  ...........      00 00 00 00 00 00 00 00 01 00 00
005735-005745 T0Block "normal_t0"
005746-005785 DataBlock
  ................ 00 00 00 00 00 00 00 00 00 00 00 00 00 00 00 00
  ................ 00 00 00 00 00 00 00 00 00 00 00 00 00 00 00 00
  ........         00 00 00 00 00 00 00 00
005786-005797 EventListBlock []
005798-005809 DataBlock
  ............     00 00 00 00 00 00 00 00 00 00 00 00
005810-005828 StringBlock "template.list.lua"
005829-005830 DataBlock
  ..               00 00
005831-005853 StringBlock "template.listview.lua"
005854-005859 DataBlock
  ......           00 00 00 00 00 00
