000000-000009 VersionBlock 39
000010-000013 RootIDBlock 319585132
000014-000019 StringBlock "root"
000020-000093 DataBlock
  ................ 00 00 00 00 00 00 00 00 01 01 00 01 00 00 00 00
  ................ 00 ff ff ff ff 00 00 00 00 00 00 00 00 00 00 00
  ................ 00 00 00 00 01 00 00 00 b4 b1 09 13 00 00 00 05
  ............. 00 00 c0 03 00 00 7f 7f 7f ff 00 00 00 00 00 00
  ......<...       00 00 01 00 00 00 3c ae 1d 13
000094-000103 NewStateBlock "NewState"
000104-000107 XSizeBlock 1280
000108-000111 YSizeBlock 960
000112-000140 DataBlock
  ................ 00 00 00 00 02 00 00 00 00 00 00 00 00 00 00 00
  .............    01 00 00 00 01 00 00 00 00 00 00 00 00
000141-000159 FontNameBlock "Ingame 12, Normal"
000160-000186 DataBlock
  ................ 02 00 00 00 01 00 00 00 ff 00 00 00 00 00 00 00
  ...........      00 00 00 00 00 00 00 00 01 00 00
000187-000197 T0Block "normal_t0"
000198-000282 DataBlock
  ................ 00 00 00 00 00 00 00 00 00 00 00 00 00 00 00 00
  ................ 00 00 00 00 01 00 00 00 b4 b1 09 13 00 00 00 00
  ............. 00 00 00 00 00 05 00 00 c0 03 00 00 7f 7f 7f ff
  ................ 00 00 00 00 00 00 00 01 01 00 00 00 00 00 00 00
  ................ 00 00 00 00 00 00 00 00 00 00 00 00 00 00 00 00
  .....            00 00 00 00 00
000283-000294 EventListBlock []
000295-000310 DataBlock
  .............h.. 00 00 00 00 00 00 00 00 01 00 00 00 84 68 0a 13
000311-000334 StringBlock "panel_dropin_requester"
000335-000349 DataBlock
  ...............  cd 01 00 00 df 00 00 00 01 01 00 01 00 00 01
000350-000367 StringBlock "multiplayer_chat"
000368-000386 DataBlock
  ................ ff ff ff ff 00 00 00 00 00 00 00 00 00 00 00 00
  ...              00 00 00
000387-000799 ImageListBlock 6 elements:
  000391-000462 ImageBlock id=319471348 xsize=100 ysize=95 path="UI/Common UI/Skins/panel_transparent_bottom_center.tga" unknown=4294967295
  000463-000533 ImageBlock id=319450836 xsize=7 ysize=95 path="UI/Common UI/Skins/panel_transparent_bottom_right.tga" unknown=4294967295
  000534-000598 ImageBlock id=319551324 xsize=5 ysize=5 path="UI/Common UI/Skins/panel_transparent_center.tga" unknown=4294967295
  000599-000662 ImageBlock id=319552180 xsize=7 ysize=15 path="UI/Common UI/Skins/panel_transparent_right.tga" unknown=4294967295
  000663-000731 ImageBlock id=319553188 xsize=100 ysize=95 path="UI/Common UI/Skins/panel_transparent_top_center.tga" unknown=4294967295
  000732-000799 ImageBlock id=319503908 xsize=7 ysize=95 path="UI/Common UI/Skins/panel_transparent_top_right.tga" unknown=4294967295
000800-000862 DataBlock
  ................ 00 00 00 00 00 00 00 00 01 00 00 00 f4 e7 18 13
  ..NewStateh..... 08 00 4e 65 77 53 74 61 74 65 68 01 00 00 e4 00
  ................ 00 00 00 00 00 00 02 00 00 00 00 00 00 00 00 00
  ...............  00 00 01 00 00 00 01 00 00 00 00 00 00 00 00
000863-000881 FontNameBlock "Ingame 12, Normal"
000882-000908 DataBlock
  ................ 02 00 00 00 01 00 00 00 ff 00 00 00 00 00 00 00
  ...........      00 00 00 00 00 00 00 00 01 00 00
000909-000919 T0Block "normal_t0"
000920-001364 DataBlock
  ................ 00 00 00 00 00 00 00 00 00 00 00 00 00 00 00 00
  ........$>...... 00 00 00 00 09 00 00 00 24 3e 0b 13 00 00 00 00
  ........_....... 00 00 00 00 07 00 00 00 5f 00 00 00 ff ff ff ff
  ................ 01 01 00 01 00 00 00 00 00 00 00 00 00 00 00 00
  .....$>..a...... 00 00 00 00 00 24 3e 0b 13 61 01 00 00 00 00 00
  ....._.......... 00 07 00 00 00 5f 00 00 00 ff ff ff ff 00 00 00
  ................ 03 00 00 00 00 00 00 00 00 00 00 00 00 00 00 00
  ...n............ 00 00 d4 6e 0a 13 00 00 00 00 85 00 00 00 07 00
  .._............. 00 00 5f 00 00 00 ff ff ff ff 00 01 00 07 00 00
  ................ 00 00 00 00 00 00 00 00 00 00 00 00 00 00 00 d4
  n..a..........._ 6e 0a 13 61 01 00 00 85 00 00 00 07 00 00 00 5f
  ................ 00 00 00 ff ff ff ff 00 00 00 09 00 00 00 00 00
  ................ 00 00 00 00 00 00 00 00 00 00 00 00 a4 fe 0b 13
  ........Z..._... 07 00 00 00 00 00 00 00 5a 01 00 00 5f 00 00 00
  ................ ff ff ff ff 01 00 00 02 00 00 00 01 00 00 00 00
  .............a.. 00 00 00 00 00 00 00 00 00 b4 fa 0b 13 61 01 00
  ._.......&...... 00 5f 00 00 00 07 00 00 00 26 00 00 00 ff ff ff
  ................ ff 01 00 00 06 00 00 00 00 01 00 00 00 00 00 00
  ................ 00 00 00 00 00 00 f4 be 0a 13 07 00 00 00 85 00
  ..Z..._......... 00 00 5a 01 00 00 5f 00 00 00 ff ff ff ff 01 00
  ................ 00 08 00 00 00 01 00 00 00 00 00 00 00 00 00 00
  ..........._.... 00 00 00 b4 fa 0b 13 00 00 00 00 5f 00 00 00 07
  ...&............ 00 00 00 26 00 00 00 ff ff ff ff 01 01 00 04 00
  ................ 00 00 00 01 00 00 00 00 00 00 00 00 00 00 00 00
  \......._...Z... 5c f7 0b 13 07 00 00 00 5f 00 00 00 5a 01 00 00
  &............... 26 00 00 00 ff ff ff ff 01 00 00 05 00 00 00 01
  ................ 01 00 00 00 00 00 00 00 00 00 00 00 00 00 00 00
  .............    00 00 00 00 00 00 00 00 00 00 00 00 00
001365-001376 EventListBlock []
001377-001392 DataBlock
  ................ 00 00 00 00 00 00 00 00 0a 00 00 00 b4 94 01 13
001393-001399 StringBlock "Title"
001400-001414 DataBlock
  @..............  40 00 00 00 09 00 00 00 01 01 00 01 01 00 00
001415-001421 StringBlock "Title"
001422-001460 DataBlock
  ................ ff ff ff ff 00 00 00 00 00 00 00 00 00 00 00 00
  ................ 00 00 00 00 00 00 00 00 00 00 00 00 00 00 00 01
  .......          00 00 00 9c 99 01 13
001461-001470 NewStateBlock "NewState"
001471-001474 XSizeBlock 232
001475-001478 YSizeBlock 18
001479-001528 UnicodeBlock "Drop-in battle available"
001529-001551 DataBlock
  ................ 00 00 04 00 00 00 04 00 00 00 00 00 00 00 01 00
  .......          00 00 01 00 00 00 01
001552-001605 UnicodeBlock "Title_NewState_Text_500020"
001606-001607 DataBlock
  ..               00 00
001608-001626 FontNameBlock "Ingame 18, Normal"
001627-001653 DataBlock
  ................ 02 00 00 00 01 00 00 00 ff ff ff ff 00 00 00 00
  ...........      00 00 00 00 00 00 00 00 00 00 00
001654-001664 T0Block "normal_t0"
001665-001704 DataBlock
  ................ 00 00 00 00 00 00 00 00 00 00 00 00 00 00 00 00
  ................ 00 00 00 00 00 00 00 00 00 00 00 00 00 00 00 00
  ........         00 00 00 00 00 00 00 00
001705-001716 EventListBlock []
001717-001753 DataBlock
  2.............t= 32 00 00 00 00 00 00 00 00 00 00 00 00 00 74 3d
  ....hr....(..... 01 13 02 00 68 72 03 00 00 00 28 00 00 00 01 01
  .....            00 01 00 00 00
001754-001765 StringBlock "copy of hr"
001766-001784 DataBlock
  ................ ff ff ff ff 00 00 00 00 00 00 00 00 00 00 00 00
  ...              00 00 00
001785-001831 ImageListBlock 1 elements:
  001789-001831 ImageBlock id=318872892 xsize=1 ysize=3 path="UI/Common UI/Skins/hr.tga" unknown=4294967295
001832-001894 DataBlock
  .............B.. 00 00 00 00 00 00 00 00 01 00 00 00 0c 42 01 13
  ..NewStateb..... 08 00 4e 65 77 53 74 61 74 65 62 01 00 00 04 00
  ................ 00 00 00 00 00 00 02 00 00 00 00 00 00 00 00 00
  ...............  00 00 01 00 00 00 01 00 00 00 00 00 00 00 00
001895-001913 FontNameBlock "Ingame 12, Normal"
001914-001940 DataBlock
  ................ 02 00 00 00 01 00 00 00 ff 00 00 00 00 00 00 00
  ...........      00 00 00 00 00 00 00 00 01 00 00
001941-001951 T0Block "normal_t0"
001952-002036 DataBlock
  ................ 00 00 00 00 00 00 00 00 00 00 00 00 00 00 00 00
  ........<....... 00 00 00 00 01 00 00 00 3c 9d 01 13 00 00 00 00
  ....b........... 00 00 00 00 62 01 00 00 04 00 00 00 ff ff ff ff
  ................ 00 00 00 00 00 00 00 01 01 00 00 00 00 00 00 00
  ................ 00 00 00 00 00 00 00 00 00 00 00 00 00 00 00 00
  .....            00 00 00 00 00
002037-002048 EventListBlock []
002049-002083 DataBlock
  2............F.. 32 00 00 00 00 00 00 00 01 00 00 00 84 46 01 13
  ..hr............ 02 00 68 72 00 00 00 00 9f 00 00 00 01 01 00 01
  ...              00 00 00
002084-002103 StringBlock "copy of copy of hr"
002104-002122 DataBlock
  ................ ff ff ff ff 00 00 00 00 00 00 00 00 00 00 00 00
  ...              00 00 00
002123-002169 ImageListBlock 1 elements:
  002127-002169 ImageBlock id=318851948 xsize=1 ysize=3 path="UI/Common UI/Skins/hr.tga" unknown=4294967295
002170-002232 DataBlock
  .............L.. 00 00 00 00 00 00 00 00 01 00 00 00 a4 4c 01 13
  ..NewStateb..... 08 00 4e 65 77 53 74 61 74 65 62 01 00 00 04 00
  ................ 00 00 00 00 00 00 02 00 00 00 00 00 00 00 00 00
  ...............  00 00 01 00 00 00 01 00 00 00 00 00 00 00 00
002233-002251 FontNameBlock "Ingame 12, Normal"
002252-002278 DataBlock
  ................ 02 00 00 00 01 00 00 00 ff 00 00 00 00 00 00 00
  ...........      00 00 00 00 00 00 00 00 01 00 00
002279-002289 T0Block "normal_t0"
002290-002374 DataBlock
  ................ 00 00 00 00 00 00 00 00 00 00 00 00 00 00 00 00
  ........lK...... 00 00 00 00 01 00 00 00 6c 4b 01 13 00 00 00 00
  ....b........... 00 00 00 00 62 01 00 00 04 00 00 00 ff ff ff ff
  ................ 00 00 00 00 00 00 00 01 01 00 00 00 00 00 00 00
  ................ 00 00 00 00 00 00 00 00 00 00 00 00 00 00 00 00
  .....            00 00 00 00 00
002375-002386 EventListBlock []
002387-002406 DataBlock
  2............... 32 00 00 00 00 00 00 00 00 00 00 00 00 00 00 00
  ....             ac e1 01 13
002407-002413 StringBlock "text1"
002414-002469 DataBlock
  ....1........... 08 00 00 00 31 00 00 00 01 01 00 01 00 00 00 00
  ................ 00 ff ff ff ff 00 00 00 00 00 00 00 00 00 94 e6
  ................ 01 13 00 00 00 00 00 00 00 00 00 00 00 00 00 00
  ........         01 00 00 00 94 e6 01 13
002470-002479 NewStateBlock "NewState"
002480-002483 XSizeBlock 342
002484-002487 YSizeBlock 38
002488-002601 UnicodeBlock "An online battle has been found. Do you wish to join it?"
002602-002624 DataBlock
  ................ 00 00 02 00 00 00 00 00 00 00 00 00 00 00 01 00
  .......          00 00 01 00 00 00 01
002625-002678 UnicodeBlock "text1_NewState_Text_400064"
002679-002680 DataBlock
  ..               00 00
002681-002699 FontNameBlock "Ingame 14, Normal"
002700-002726 DataBlock
  ................ 02 00 00 00 01 00 00 00 ff ff ff ff 00 00 00 00
  ...........      00 00 00 00 00 00 00 00 01 00 00
002727-002737 T0Block "normal_t0"
002738-002777 DataBlock
  ................ 00 00 00 00 00 00 00 00 00 00 00 00 00 00 00 00
  ................ 00 00 00 00 00 00 00 00 00 00 00 00 00 00 00 00
  ........         00 00 00 00 00 00 00 00
002778-002789 EventListBlock []
002790-002807 DataBlock
  ..............<p 00 00 00 00 00 00 00 00 00 00 00 00 00 00 3c 70
  ..               02 13
002808-002816 StringBlock "tx_time"
002817-002872 DataBlock
  ................ 06 00 00 00 cb 00 00 00 01 01 00 01 00 00 00 00
  ................ 00 ff ff ff ff 00 00 00 00 00 00 00 00 00 d4 ec
  ................ 01 13 00 00 00 00 00 00 00 00 00 00 00 00 00 00
  ........         02 00 00 00 d4 ec 01 13
002873-002888 StringBlock "time_remaining"
002889-002896 DataBlock
  ........         af 00 00 00 14 00 00 00
002897-002928 UnicodeBlock "Time remaining:"
002929-002951 DataBlock
  ................ 00 00 03 00 00 00 04 00 00 00 00 00 00 00 01 00
  .......          00 00 01 00 00 00 01
002952-003029 UnicodeBlock "tx_time_remaining_NewState_Text_740027"
003030-003031 DataBlock
  ..               00 00
003032-003050 FontNameBlock "Ingame 14, Normal"
003051-003077 DataBlock
  ................ 02 00 00 00 01 00 00 00 ff ff ff ff 00 00 00 00
  ...........      00 00 00 00 00 00 00 00 01 00 00
003078-003088 T0Block "normal_t0"
003089-003128 DataBlock
  ................ 00 00 00 00 00 00 00 00 00 00 00 00 00 00 00 00
  ................ 00 00 00 00 00 00 00 00 00 00 00 00 00 00 00 00
  .....w..         00 00 00 00 14 77 02 13
003129-003143 StringBlock "time_to_start"
003144-003151 DataBlock
  ........         af 00 00 00 14 00 00 00
003152-003181 UnicodeBlock "Time to Start:"
003182-003204 DataBlock
  ................ 00 00 03 00 00 00 04 00 00 00 00 00 00 00 01 00
  .......          00 00 01 00 00 00 01
003205-003272 UnicodeBlock "tx_time_time_to_start_Text_640030"
003273-003274 DataBlock
  ..               00 00
003275-003293 FontNameBlock "Ingame 14, Normal"
003294-003320 DataBlock
  ................ 02 00 00 00 01 00 00 00 ff ff ff ff 00 00 00 00
  ...........      00 00 00 00 00 00 00 00 01 00 00
003321-003331 T0Block "normal_t0"
003332-003371 DataBlock
  ................ 00 00 00 00 00 00 00 00 00 00 00 00 00 00 00 00
  ................ 00 00 00 00 00 00 00 00 00 00 00 00 00 00 00 00
  ........         00 00 00 00 00 00 00 00
003372-003383 EventListBlock []
003384-003399 DataBlock
  .............{.. 00 00 00 00 00 00 00 00 01 00 00 00 e4 7b 02 13
003400-003408 StringBlock "dy_time"
003409-003423 DataBlock
  ...............  b7 00 00 00 00 00 00 00 01 01 00 01 00 00 00
003424-003442 StringBlock "tx_time_remaining"
003443-003481 DataBlock
  ................ ff ff ff ff 00 00 00 00 00 00 00 00 00 cc 10 04
  ................ 13 00 00 00 00 00 00 00 00 00 00 00 00 00 00 01
  .......          00 00 00 cc 10 04 13
003482-003491 NewStateBlock "NewState"
003492-003495 XSizeBlock 44
003496-003499 YSizeBlock 20
003500-003526 DataBlock
  ..5............. 01 00 35 00 00 00 02 00 00 00 04 00 00 00 00 00
  ...........      00 00 01 00 00 00 01 00 00 00 00
003527-003604 UnicodeBlock "tx_time_remaining_NewState_Text_740027"
003605-003606 DataBlock
  ..               00 00
003607-003625 FontNameBlock "Ingame 14, Normal"
003626-003652 DataBlock
  ................ 02 00 00 00 01 00 00 00 ff ff ff ff 00 00 00 00
  ...........      00 00 00 00 00 00 00 00 01 00 00
003653-003663 T0Block "normal_t0"
003664-003703 DataBlock
  ................ 00 00 00 00 00 00 00 00 00 00 00 00 00 00 00 00
  ................ 00 00 00 00 00 00 00 00 00 00 00 00 00 00 00 00
  ........         00 00 00 00 00 00 00 00
003704-003715 EventListBlock []
003716-003735 DataBlock
  ................ 00 00 00 00 00 00 00 00 00 00 00 00 00 00 00 00
  4...             34 15 04 13
003736-003751 StringBlock "sync_bar_frame"
003752-003766 DataBlock
  =..............  3d 00 00 00 c6 00 00 00 01 01 00 00 00 00 00
003767-003775 StringBlock "red_bar"
003776-003832 DataBlock
  ................ ff ff ff ff 00 00 00 00 00 00 00 00 00 00 00 00
  .............E.. 00 00 00 01 00 00 00 1c 1a 04 13 00 00 45 00 00
  .&.............. 00 26 00 00 00 b1 b3 b4 ff 00 00 00 00 00 00 00
  .....T...        00 01 00 00 00 54 1b 04 13
003833-003842 NewStateBlock "NewState"
003843-003846 XSizeBlock 236
003847-003850 YSizeBlock 21
003851-003879 DataBlock
  ................ 00 00 00 00 02 00 00 00 00 00 00 00 00 00 00 00
  .............    01 00 00 00 01 00 00 00 00 00 00 00 00
003880-003898 FontNameBlock "Ingame 12, Normal"
003899-003925 DataBlock
  ................ 02 00 00 00 01 00 00 00 00 00 00 ff 00 00 00 00
  ...........      00 00 00 00 00 00 00 00 00 00 00
003926-003936 T0Block "normal_t0"
003937-004021 DataBlock
  ................ 00 00 00 00 00 00 00 00 00 00 00 00 00 00 00 00
  ................ 00 00 00 00 01 00 00 00 1c 1a 04 13 00 00 00 00
  ................ 00 00 00 00 eb 00 00 00 15 00 00 00 00 00 00 ff
  ................ 00 00 00 00 00 00 00 01 01 00 00 00 00 00 00 00
  ................ 00 00 00 00 00 00 00 00 00 00 00 00 00 00 00 00
  .....            00 00 00 00 00
004022-004033 EventListBlock []
004034-004049 DataBlock
  -...........4... 2d 00 00 00 00 00 00 00 03 00 00 00 34 1f 04 13
004050-004064 StringBlock "sync_bar_fill"
004065-004079 DataBlock
  ...............  00 00 00 00 00 00 00 00 01 01 00 01 00 00 00
004080-004089 StringBlock "blue_bar"
004090-004146 DataBlock
  ................ ff ff ff ff 00 00 00 00 00 00 00 00 00 00 00 00
  ........$....E.. 00 00 00 01 00 00 00 1c 24 04 13 00 00 45 00 00
  .&.............. 00 26 00 00 00 b1 b3 b4 ff 00 00 00 00 00 00 00
  .....T%..        00 01 00 00 00 54 25 04 13
004147-004156 NewStateBlock "NewState"
004157-004160 XSizeBlock 117
004161-004164 YSizeBlock 21
004165-004193 DataBlock
  ................ 00 00 00 00 02 00 00 00 00 00 00 00 00 00 00 00
  .............    01 00 00 00 01 00 00 00 00 00 00 00 00
004194-004212 FontNameBlock "Ingame 12, Normal"
004213-004239 DataBlock
  ................ 02 00 00 00 01 00 00 00 00 00 00 ff 00 00 00 00
  ...........      00 00 00 00 00 00 00 00 00 00 00
004240-004250 T0Block "normal_t0"
004251-004335 DataBlock
  ................ 00 00 00 00 00 00 00 00 00 00 00 00 00 00 00 00
  .........$...... 00 00 00 00 01 00 00 00 1c 24 04 13 00 00 00 00
  ....u........... 00 00 00 00 75 00 00 00 15 00 00 00 c0 c0 c0 ff
  ................ 00 00 00 00 00 00 00 01 01 00 00 00 00 00 00 00
  ................ 00 00 00 00 00 00 00 00 00 00 00 00 00 00 00 00
  .....            00 00 00 00 00
004336-004347 EventListBlock []
004348-004365 DataBlock
  -..............* 2d 00 00 00 00 00 00 00 00 00 00 00 00 00 0c 2a
  ..               04 13
004366-004383 StringBlock "tx_synchronising"
004384-004439 DataBlock
  ................ 16 00 00 00 00 00 00 00 01 01 00 01 00 00 00 00
  ..............<P 00 ff ff ff ff 00 00 00 00 00 00 00 00 00 3c 50
  ................ 04 13 00 00 00 00 00 00 00 00 00 00 00 00 00 00
  ....<P..         01 00 00 00 3c 50 04 13
004440-004449 NewStateBlock "NewState"
004450-004453 XSizeBlock 100
004454-004457 YSizeBlock 20
004458-004489 UnicodeBlock "Synchronising: "
004490-004512 DataBlock
  ................ 00 00 03 00 00 00 04 00 00 00 00 00 00 00 01 00
  .......          00 00 01 00 00 00 01
004513-004588 UnicodeBlock "tx_Synchronising_NewState_Text_320006"
004589-004590 DataBlock
  ..               00 00
004591-004609 FontNameBlock "Ingame 12, Normal"
004610-004636 DataBlock
  ................ 02 00 00 00 01 00 00 00 ff ff ff ff 00 00 00 00
  ...........      00 00 00 00 00 00 00 00 01 00 00
004637-004647 T0Block "normal_t0"
004648-004687 DataBlock
  ................ 00 00 00 00 00 00 00 00 00 00 00 00 00 00 00 00
  ................ 00 00 00 00 00 00 00 00 00 00 00 00 00 00 00 00
  ........         00 00 00 00 00 00 00 00
004688-004699 EventListBlock []
004700-004717 DataBlock
  -.............4T 2d 00 00 00 00 00 00 00 00 00 00 00 00 00 34 54
  ..               04 13
004718-004729 StringBlock "dy_percent"
004730-004744 DataBlock
  {..............  7b 00 00 00 00 00 00 00 01 01 00 01 00 00 00
004745-004762 StringBlock "tx_Synchronizing"
004763-004801 DataBlock
  ..............Y. ff ff ff ff 00 00 00 00 00 00 00 00 00 1c 59 04
  ................ 13 00 00 00 00 00 00 00 00 00 00 00 00 00 00 01
  ....Y..          00 00 00 1c 59 04 13
004802-004811 NewStateBlock "NewState"
004812-004815 XSizeBlock 51
004816-004819 YSizeBlock 20
004820-004850 DataBlock
  ..5.0.%......... 03 00 35 00 30 00 25 00 00 00 02 00 00 00 04 00
  ...............  00 00 00 00 00 00 01 00 00 00 01 00 00 00 00
004851-004926 UnicodeBlock "tx_Synchronising_NewState_Text_320006"
004927-004928 DataBlock
  ..               00 00
004929-004947 FontNameBlock "Ingame 12, Normal"
004948-004974 DataBlock
  ................ 02 00 00 00 01 00 00 00 ff ff ff ff 00 00 00 00
  ...........      00 00 00 00 00 00 00 00 01 00 00
004975-004985 T0Block "normal_t0"
004986-005025 DataBlock
  ................ 00 00 00 00 00 00 00 00 00 00 00 00 00 00 00 00
  ................ 00 00 00 00 00 00 00 00 00 00 00 00 00 00 00 00
  ........         00 00 00 00 00 00 00 00
005026-005037 EventListBlock []
005038-005057 DataBlock
  -............... 2d 00 00 00 00 00 00 00 00 00 00 00 00 00 00 00
  .P..             1c 50 05 13
005058-005069 StringBlock "button_yes"
005070-005084 DataBlock
  z..............  7a 00 00 00 90 00 00 00 00 00 00 01 00 00 00
005085-005096 StringBlock "ok_regions"
005097-005100 DataBlock
  ....             ff ff ff ff
005101-005114 UnicodeBlock "Accept"
005115-005172 UnicodeBlock "button_accept_Tooltip_720072"
005173-005183 DataBlock
  ...........      00 00 00 00 00 00 00 00 00 00 00
005184-005378 ImageListBlock 4 elements:
  005188-005230 ImageBlock id=319053332 xsize=52 ysize=53 path="UI/Common UI/Skins/ok.tga" unknown=4294967295
  005231-005278 ImageBlock id=319117260 xsize=52 ysize=53 path="UI/Common UI/Skins/ok_down.tga" unknown=4294967295
  005279-005330 ImageBlock id=319118484 xsize=52 ysize=53 path="UI/Common UI/Skins/ok_down_off.tga" unknown=4294967295
  005331-005378 ImageBlock id=319119980 xsize=52 ysize=53 path="UI/Common UI/Skins/ok_roll.tga" unknown=4294967295
005379-005439 DataBlock
  ............Tg.. 00 00 00 00 00 00 00 00 05 00 00 00 54 67 05 13
  ..normal4...5... 06 00 6e 6f 72 6d 61 6c 34 00 00 00 35 00 00 00
  ................ 00 00 00 00 00 00 00 00 02 00 00 00 00 00 00 00
  .............    01 00 00 00 01 00 00 00 00 00 00 00 00
005440-005458 FontNameBlock "Ingame 12, Normal"
005459-005485 DataBlock
  ................ 02 00 00 00 01 00 00 00 ff 00 00 00 00 00 00 00
  ...........      00 00 00 00 00 00 00 00 01 00 00
005486-005496 T0Block "normal_t0"
005497-005662 DataBlock
  ................ 00 00 00 00 00 00 00 00 00 00 00 00 00 00 00 00
  .........^...... 00 00 00 00 02 00 00 00 14 5e 04 13 00 00 00 00
  ....4...5....... 00 00 00 00 34 00 00 00 35 00 00 00 ff ff ff 80
  ................ 00 00 00 00 00 00 00 01 01 00 00 00 00 00 00 00
  ......^......... 00 00 00 00 00 14 5e 04 13 00 00 00 00 00 00 00
  .4...5.......... 00 34 00 00 00 35 00 00 00 ff ff ff ff 00 00 00
  ................ 00 00 00 00 01 01 00 00 00 00 00 00 00 00 00 00
  ..5............. 00 00 35 00 00 00 95 00 00 00 02 00 00 00 00 00
  ..T............. 00 00 54 a1 05 13 00 00 00 00 00 00 00 00 00 00
  ................ 02 00 00 00 a4 ab 05 13 00 00 00 00 00 00 00 00
  ...l..           00 00 b4 6c 05 13
005663-005672 StringBlock "inactive"
005673-005709 DataBlock
  4...5........... 34 00 00 00 35 00 00 00 00 00 00 00 02 00 00 00
  ................ 00 00 00 00 00 00 00 00 01 00 00 00 01 00 00 00
  .....            00 00 00 00 00
005710-005728 FontNameBlock "Ingame 12, Normal"
005729-005755 DataBlock
  ................ 02 00 00 00 01 00 00 00 ff 00 00 00 00 00 00 00
  ...........      00 00 00 00 00 00 00 00 01 01 00
005756-005766 T0Block "normal_t0"
005767-005851 DataBlock
  ................ 00 00 00 00 00 00 00 00 00 00 00 00 00 00 00 00
  .........^...... 00 00 00 00 01 00 00 00 14 5e 04 13 00 00 00 00
  ....4...5....... 00 00 00 00 34 00 00 00 35 00 00 00 ff ff ff 80
  ................ 00 00 00 00 00 00 00 01 01 00 00 00 00 00 00 00
  ................ 00 00 00 00 00 00 00 00 00 00 00 00 00 00 00 00
  .T...            00 54 a1 05 13
005852-005857 StringBlock "roll"
005858-005894 DataBlock
  4...5........... 34 00 00 00 35 00 00 00 00 00 00 00 02 00 00 00
  ................ 00 00 00 00 00 00 00 00 01 00 00 00 01 00 00 00
  .....            00 00 00 00 00
005895-005913 FontNameBlock "Ingame 12, Normal"
005914-005940 DataBlock
  ................ 02 00 00 00 01 00 00 00 ff 00 00 00 00 00 00 00
  ...........      00 00 00 00 00 00 00 00 01 00 00
005941-005951 T0Block "normal_t0"
005952-006072 DataBlock
  ................ 00 00 00 00 00 00 00 00 00 00 00 00 00 00 00 00
  ........lb...... 00 00 00 00 01 00 00 00 6c 62 05 13 00 00 00 00
  ....4...5....... 00 00 00 00 34 00 00 00 35 00 00 00 ff ff ff ff
  ................ 00 00 00 00 00 00 00 01 01 00 00 00 00 00 00 00
  ................ 00 00 00 00 00 d5 00 00 00 11 00 00 00 02 00 00
  .....Tg......... 00 01 00 00 00 54 67 05 13 00 00 00 00 00 00 00
  ................ 00 00 00 02 00 00 00 a4 ab 05 13 00 00 00 00 00
  .....\...        00 00 00 00 00 5c a6 05 13
006073-006083 StringBlock "mouse_off"
006084-006120 DataBlock
  4...5........... 34 00 00 00 35 00 00 00 00 00 00 00 02 00 00 00
  ................ 00 00 00 00 00 00 00 00 01 00 00 00 01 00 00 00
  .....            00 00 00 00 00
006121-006139 FontNameBlock "Ingame 12, Normal"
006140-006166 DataBlock
  ................ 02 00 00 00 01 00 00 00 ff 00 00 00 00 00 00 00
  ...........      00 00 00 00 00 00 00 00 01 00 00
006167-006177 T0Block "normal_t0"
006178-006298 DataBlock
  ................ 00 00 00 00 00 00 00 00 00 00 00 00 00 00 00 00
  .........\...... 00 00 00 00 01 00 00 00 94 5c 05 13 00 00 00 00
  ....4...5....... 00 00 00 00 34 00 00 00 35 00 00 00 ff ff ff ff
  ................ 00 00 00 00 00 00 00 01 01 00 00 00 00 00 00 00
  ................ 00 00 00 00 00 de 00 00 00 0b 01 00 00 02 00 00
  ................ 00 00 00 00 00 a4 ab 05 13 00 00 00 00 00 00 00
  .......Tg....... 00 00 00 0b 00 00 00 54 67 05 13 00 00 00 00 00
  .........        00 00 00 00 00 a4 ab 05 13
006299-006304 StringBlock "down"
006305-006341 DataBlock
  4...5........... 34 00 00 00 35 00 00 00 00 00 00 00 00 00 00 00
  ................ 02 00 00 00 00 00 00 00 01 00 00 00 01 00 00 00
  .....            00 00 00 00 00
006342-006360 FontNameBlock "Ingame 12, Normal"
006361-006387 DataBlock
  ................ 02 00 00 00 01 00 00 00 ff 00 00 00 00 00 00 00
  ...........      00 00 00 00 00 00 00 00 01 00 00
006388-006398 T0Block "normal_t0"
006399-006519 DataBlock
  ................ 00 00 00 00 00 00 00 00 00 00 00 00 00 00 00 00
  .........W...... 00 00 00 00 01 00 00 00 cc 57 05 13 00 00 00 00
  ....4...5....... 00 00 00 00 34 00 00 00 35 00 00 00 ff ff ff ff
  ................ 00 00 00 00 00 00 00 01 01 00 00 00 00 00 00 00
  .....h.......... 00 00 00 00 00 68 01 00 00 93 00 00 00 02 00 00
  .....\.......... 00 01 00 00 00 5c a6 05 13 00 00 00 00 00 00 00
  .......T........ 00 00 00 03 00 00 00 54 a1 05 13 00 00 00 00 00
  .........        00 00 00 00 00 00 00 00 00
006520-006531 EventListBlock []
006532-006549 DataBlock
  -............... 2d 00 00 00 00 00 00 00 00 00 00 00 00 00 8c 11
  ..               06 13
006550-006565 StringBlock "button_not_now"
006566-006580 DataBlock
  ...............  b7 00 00 00 91 00 00 00 00 00 00 01 00 00 00
006581-006596 StringBlock "cancel_regions"
006597-006600 DataBlock
  ....             ff ff ff ff
006601-006616 UnicodeBlock "Not now"
006617-006680 UnicodeBlock "button_txt_NewState_Text_200023"
006681-006691 DataBlock
  ...........      00 00 00 00 00 00 00 00 00 00 00
006692-006958 ImageListBlock 5 elements:
  006696-006747 ImageBlock id=319166068 xsize=52 ysize=53 path="UI/Common UI/Skins/cancel_down.tga" unknown=4294967295
  006748-006803 ImageBlock id=319168180 xsize=52 ysize=53 path="UI/Common UI/Skins/cancel_down_off.tga" unknown=4294967295
  006804-006859 ImageBlock id=319174100 xsize=52 ysize=53 path="UI/Common UI/Skins/cancel_inactive.tga" unknown=4294967295
  006860-006911 ImageBlock id=319175508 xsize=52 ysize=53 path="UI/Common UI/Skins/cancel_roll.tga" unknown=4294967295
  006912-006958 ImageBlock id=319176396 xsize=52 ysize=53 path="UI/Common UI/Skins/cancel.tga" unknown=4294967295
006959-007019 DataBlock
  ............lf.. 00 00 00 00 00 00 00 00 05 00 00 00 6c 66 06 13
  ..normal4...5... 06 00 6e 6f 72 6d 61 6c 34 00 00 00 35 00 00 00
  ................ 00 00 00 00 00 00 00 00 02 00 00 00 00 00 00 00
  .............    01 00 00 00 01 00 00 00 00 00 00 00 00
007020-007038 FontNameBlock "Ingame 12, Normal"
007039-007065 DataBlock
  ................ 02 00 00 00 01 00 00 00 ff 00 00 00 00 00 00 00
  ...........      00 00 00 00 00 00 00 00 01 00 00
007066-007076 T0Block "normal_t0"
007077-007197 DataBlock
  ................ 00 00 00 00 00 00 00 00 00 00 00 00 00 00 00 00
  .........>...... 00 00 00 00 01 00 00 00 cc 3e 06 13 00 00 00 00
  ....4...5....... 00 00 00 00 34 00 00 00 35 00 00 00 ff ff ff ff
  ................ 00 00 00 00 00 00 00 01 01 00 00 00 00 00 00 00
  .....5.......... 00 00 00 00 00 35 00 00 00 95 00 00 00 02 00 00
  .....<`......... 00 00 00 00 00 3c 60 07 13 00 00 00 00 00 00 00
  .......ti....... 00 00 00 02 00 00 00 74 69 07 13 00 00 00 00 00
  .....dj..        00 00 00 00 00 64 6a 06 13
007198-007207 StringBlock "inactive"
007208-007244 DataBlock
  4...5........... 34 00 00 00 35 00 00 00 00 00 00 00 02 00 00 00
  ................ 00 00 00 00 00 00 00 00 01 00 00 00 01 00 00 00
  .....            00 00 00 00 00
007245-007263 FontNameBlock "Ingame 12, Normal"
007264-007290 DataBlock
  ................ 02 00 00 00 01 00 00 00 ff 00 00 00 00 00 00 00
  ...........      00 00 00 00 00 00 00 00 01 01 00
007291-007301 T0Block "normal_t0"
007302-007386 DataBlock
  ................ 00 00 00 00 00 00 00 00 00 00 00 00 00 00 00 00
  .........5...... 00 00 00 00 01 00 00 00 d4 35 06 13 00 00 00 00
  ....4...5....... 00 00 00 00 34 00 00 00 35 00 00 00 ff ff ff 80
  ................ 00 00 00 00 00 00 00 01 01 00 00 00 00 00 00 00
  ................ 00 00 00 00 00 00 00 00 00 00 00 00 00 00 00 00
  .<`..            00 3c 60 07 13
007387-007392 StringBlock "roll"
007393-007429 DataBlock
  4...5........... 34 00 00 00 35 00 00 00 00 00 00 00 02 00 00 00
  ................ 00 00 00 00 00 00 00 00 01 00 00 00 01 00 00 00
  .....            00 00 00 00 00
007430-007448 FontNameBlock "Ingame 12, Normal"
007449-007475 DataBlock
  ................ 02 00 00 00 01 00 00 00 ff 00 00 00 00 00 00 00
  ...........      00 00 00 00 00 00 00 00 01 00 00
007476-007486 T0Block "normal_t0"
007487-007607 DataBlock
  ................ 00 00 00 00 00 00 00 00 00 00 00 00 00 00 00 00
  ........T;...... 00 00 00 00 01 00 00 00 54 3b 06 13 00 00 00 00
  ....4...5....... 00 00 00 00 34 00 00 00 35 00 00 00 ff ff ff ff
  ................ 00 00 00 00 00 00 00 01 01 00 00 00 00 00 00 00
  ................ 00 00 00 00 00 d5 00 00 00 11 00 00 00 02 00 00
  .....lf......... 00 01 00 00 00 6c 66 06 13 00 00 00 00 00 00 00
  .......ti....... 00 00 00 02 00 00 00 74 69 07 13 00 00 00 00 00
  .....,d..        00 00 00 00 00 2c 64 07 13
007608-007618 StringBlock "mouse_off"
007619-007655 DataBlock
  4...5........... 34 00 00 00 35 00 00 00 00 00 00 00 02 00 00 00
  ................ 00 00 00 00 00 00 00 00 01 00 00 00 01 00 00 00
  .....            00 00 00 00 00
007656-007674 FontNameBlock "Ingame 12, Normal"
007675-007701 DataBlock
  ................ 02 00 00 00 01 00 00 00 ff 00 00 00 00 00 00 00
  ...........      00 00 00 00 00 00 00 00 01 00 00
007702-007712 T0Block "normal_t0"
007713-007833 DataBlock
  ................ 00 00 00 00 00 00 00 00 00 00 00 00 00 00 00 00
  ................ 00 00 00 00 01 00 00 00 b4 1e 06 13 00 00 00 00
  ....4...5....... 00 00 00 00 34 00 00 00 35 00 00 00 ff ff ff ff
  ................ 00 00 00 00 00 00 00 01 01 00 00 00 00 00 00 00
  ................ 00 00 00 00 00 de 00 00 00 0b 01 00 00 02 00 00
  .....ti......... 00 00 00 00 00 74 69 07 13 00 00 00 00 00 00 00
  .......lf....... 00 00 00 0b 00 00 00 6c 66 06 13 00 00 00 00 00
  .....ti..        00 00 00 00 00 74 69 07 13
007834-007839 StringBlock "down"
007840-007876 DataBlock
  4...5........... 34 00 00 00 35 00 00 00 00 00 00 00 00 00 00 00
  ................ 02 00 00 00 00 00 00 00 01 00 00 00 01 00 00 00
  .....            00 00 00 00 00
007877-007895 FontNameBlock "Ingame 12, Normal"
007896-007922 DataBlock
  ................ 02 00 00 00 01 00 00 00 ff 00 00 00 00 00 00 00
  ...........      00 00 00 00 00 00 00 00 01 00 00
007923-007933 T0Block "normal_t0"
007934-008054 DataBlock
  ................ 00 00 00 00 00 00 00 00 00 00 00 00 00 00 00 00
  ........t....... 00 00 00 00 01 00 00 00 74 16 06 13 00 00 00 00
  ....4...5....... 00 00 00 00 34 00 00 00 35 00 00 00 ff ff ff ff
  ................ 00 00 00 00 00 00 00 01 01 00 00 00 00 00 00 00
  .....h.......... 00 00 00 00 00 68 01 00 00 93 00 00 00 02 00 00
  .....,d......... 00 01 00 00 00 2c 64 07 13 00 00 00 00 00 00 00
  .......<`....... 00 00 00 03 00 00 00 3c 60 07 13 00 00 00 00 00
  .........        00 00 00 00 00 00 00 00 00
008055-008066 EventListBlock []
008067-008084 DataBlock
  -.............,. 2d 00 00 00 00 00 00 00 00 00 00 00 00 00 2c a0
  ..               07 13
008085-008096 StringBlock "Steam_icon"
008097-008170 DataBlock
  Z...[........... 5a 00 00 00 5b 00 00 00 00 00 00 01 00 00 00 00
  ..............|. 00 ff ff ff ff 00 00 00 00 00 00 00 00 00 7c a5
  .............. . 07 13 00 00 01 00 00 00 84 a4 07 13 00 00 20 00
  .. ............. 00 00 20 00 00 00 e3 df e0 ff 00 00 00 00 00 00
  ......|...       00 00 01 00 00 00 7c a5 07 13
008171-008180 NewStateBlock "NewState"
008181-008184 XSizeBlock 32
008185-008188 YSizeBlock 32
008189-008217 DataBlock
  ................ 00 00 00 00 02 00 00 00 00 00 00 00 00 00 00 00
  .............    01 00 00 00 01 00 00 00 00 00 00 00 00
008218-008236 FontNameBlock "Ingame 12, Normal"
008237-008263 DataBlock
  ................ 02 00 00 00 01 00 00 00 ff 00 00 00 00 00 00 00
  ...........      00 00 00 00 00 00 00 00 01 00 00
008264-008274 T0Block "normal_t0"
008275-008359 DataBlock
  ................ 00 00 00 00 00 00 00 00 00 00 00 00 00 00 00 00
  ................ 00 00 00 00 01 00 00 00 84 a4 07 13 00 00 00 00
  .... ... ...fff. 00 00 00 00 20 00 00 00 20 00 00 00 66 66 66 ff
  ................ 00 00 00 00 00 00 00 01 01 00 00 00 00 00 00 00
  ................ 00 00 00 00 00 00 00 00 00 00 00 00 00 00 00 00
  .....            00 00 00 00 00
008360-008371 EventListBlock []
008372-008387 DataBlock
  -............... 2d 00 00 00 00 00 00 00 02 00 00 00 f4 a9 07 13
008388-008396 StringBlock "dy_name"
008397-008452 DataBlock
  $............... 24 00 00 00 ff ff ff ff 01 01 00 01 00 00 00 00
  ................ 00 ff ff ff ff 00 00 00 00 00 00 00 00 00 dc ae
  ................ 07 13 00 00 00 00 00 00 00 00 00 00 00 00 00 00
  ........         01 00 00 00 dc ae 07 13
008453-008462 NewStateBlock "NewState"
008463-008466 XSizeBlock 220
008467-008470 YSizeBlock 32
008471-008494 UnicodeBlock "Technogrebo"
008495-008517 DataBlock
  ................ 00 00 02 00 00 00 04 00 00 00 00 00 00 00 01 00
  .......          00 00 01 00 00 00 00
008518-008575 UnicodeBlock "dy_name_NewState_Text_720034"
008576-008577 DataBlock
  ..               00 00
008578-008596 FontNameBlock "Ingame 16, Normal"
008597-008623 DataBlock
  ................ 02 00 00 00 01 00 00 00 ff ff ff ff 00 00 00 00
  ...........      00 00 00 00 00 00 00 00 01 00 00
008624-008634 T0Block "normal_t0"
008635-008674 DataBlock
  ................ 00 00 00 00 00 00 00 00 00 00 00 00 00 00 00 00
  ................ 00 00 00 00 00 00 00 00 00 00 00 00 00 00 00 00
  ........         00 00 00 00 00 00 00 00
008675-008686 EventListBlock []
008687-008704 DataBlock
  -.............4. 2d 00 00 00 00 00 00 00 00 00 00 00 00 00 34 b3
  ..               07 13
008705-008711 StringBlock "text1"
008712-008726 DataBlock
  ...............  ae ff ff ff 00 00 00 00 01 01 00 01 00 00 00
008727-008733 StringBlock "text1"
008734-008772 DataBlock
  ................ ff ff ff ff 00 00 00 00 00 00 00 00 00 1c b8 07
  ................ 13 00 00 00 00 00 00 00 00 00 00 00 00 00 00 01
  .......          00 00 00 1c b8 07 13
008773-008782 NewStateBlock "NewState"
008783-008786 XSizeBlock 79
008787-008790 YSizeBlock 20
008791-008802 UnicodeBlock "Host:"
008803-008825 DataBlock
  ................ 00 00 02 00 00 00 00 00 00 00 00 00 00 00 01 00
  .......          00 00 01 00 00 00 01
008826-008879 UnicodeBlock "text1_NewState_Text_1b0001"
008880-008881 DataBlock
  ..               00 00
008882-008900 FontNameBlock "Ingame 14, Normal"
008901-008927 DataBlock
  ................ 02 00 00 00 01 00 00 00 ff ff ff ff 00 00 00 00
  ...........      00 00 00 00 00 00 00 00 01 00 00
008928-008938 T0Block "normal_t0"
008939-008978 DataBlock
  ................ 00 00 00 00 00 00 00 00 00 00 00 00 00 00 00 00
  ................ 00 00 00 00 00 00 00 00 00 00 00 00 00 00 00 00
  ........         00 00 00 00 00 00 00 00
008979-008990 EventListBlock []
008991-009010 DataBlock
  ................ 00 00 00 00 00 00 00 00 00 00 00 00 00 00 00 00
  ....             1c d0 07 13
009011-009026 StringBlock "gilt_corner_TL"
009027-009041 DataBlock
  ...............  fe ff ff ff fe ff ff ff 01 01 00 01 00 00 00
009042-009057 StringBlock "gilt_corner_TL"
009058-009076 DataBlock
  ................ ff ff ff ff 00 00 00 00 00 00 00 00 00 00 00 00
  ...              00 00 00
009077-009148 ImageListBlock 1 elements:
  009081-009148 ImageBlock id=319274132 xsize=36 ysize=36 path="UI/Common UI/Skins/scroll_frame_corner_gilt_36.tga" unknown=4294967295
009149-009211 DataBlock
  ................ 00 00 00 00 00 00 00 00 01 00 00 00 b4 d5 07 13
  ..NewState$...$. 08 00 4e 65 77 53 74 61 74 65 24 00 00 00 24 00
  ................ 00 00 00 00 00 00 02 00 00 00 00 00 00 00 00 00
  ...............  00 00 01 00 00 00 01 00 00 00 00 00 00 00 00
009212-009230 FontNameBlock "Ingame 12, Normal"
009231-009257 DataBlock
  ................ 02 00 00 00 01 00 00 00 00 00 00 ff 00 00 00 00
  ...........      00 00 00 00 00 00 00 00 01 00 00
009258-009268 T0Block "normal_t0"
009269-009353 DataBlock
  ................ 00 00 00 00 00 00 00 00 00 00 00 00 00 00 00 00
  ................ 00 00 00 00 01 00 00 00 94 bc 07 13 00 00 00 00
  ....$...$....... 00 00 00 00 24 00 00 00 24 00 00 00 ff ff ff ff
  ................ 00 00 00 00 00 00 00 01 01 00 00 00 00 00 00 00
  ................ 00 00 00 00 00 00 00 00 00 00 00 00 00 00 00 00
  .....            00 00 00 00 00
009354-009365 EventListBlock []
009366-009383 DataBlock
  <............... 3c 00 00 00 00 00 00 00 00 00 00 00 00 00 9c d9
  ..               07 13
009384-009398 StringBlock "button_advice"
009399-009413 DataBlock
  ...............  01 00 00 00 01 00 00 00 01 01 00 01 00 00 00
009414-009428 StringBlock "button_advice"
009429-009447 DataBlock
  ................ 00 00 00 00 00 00 00 00 00 00 00 00 00 00 00 00
  ...              00 00 00
009448-009696 ImageListBlock 4 elements:
  009452-009512 ImageBlock id=319282820 xsize=34 ysize=34 path="UI/Common UI/Skins/button_advice_normal.tga" unknown=4294967295
  009513-009571 ImageBlock id=319284212 xsize=34 ysize=34 path="UI/Common UI/Skins/button_advice_roll.tga" unknown=4294967295
  009572-009633 ImageBlock id=319285388 xsize=34 ysize=34 path="UI/Common UI/Skins/button_advice_depress.tga" unknown=4294967295
  009634-009696 ImageBlock id=319286772 xsize=34 ysize=34 path="UI/Common UI/Skins/button_advice_inactive.tga" unknown=4294967295
009697-009757 DataBlock
  .............r.. 00 00 00 00 00 00 00 00 05 00 00 00 04 72 08 13
  ..normal........ 06 00 6e 6f 72 6d 61 6c 1e 00 00 00 1e 00 00 00
  ................ 00 00 00 00 02 00 00 00 00 00 00 00 00 00 00 00
  .............    01 00 00 00 01 00 00 00 00 00 00 00 00
009758-009776 FontNameBlock "Ingame 12, Normal"
009777-009803 DataBlock
  ................ 02 00 00 00 01 00 00 00 00 00 00 ff 00 00 00 00
  ...........      00 00 00 00 00 00 00 00 01 00 00
009804-009814 T0Block "normal_t0"
009815-009917 DataBlock
  ................ 00 00 00 00 00 00 00 00 00 00 00 00 00 00 00 00
  ................ 00 00 00 00 01 00 00 00 84 de 07 13 00 00 00 00
  ................ 00 00 00 00 1e 00 00 00 1e 00 00 00 ff ff ff ff
  ................ 00 00 00 00 00 00 00 01 01 00 00 00 00 00 00 00
  .....h...3...... 00 00 00 00 00 68 00 00 00 33 00 00 00 01 00 00
  ......x......... 00 00 00 00 00 f4 78 08 13 00 00 00 00 00 00 00
  ...\u..          00 00 00 5c 75 08 13
009918-009927 StringBlock "inactive"
009928-009964 DataBlock
  ................ 1e 00 00 00 1e 00 00 00 00 00 00 00 02 00 00 00
  ................ 00 00 00 00 00 00 00 00 01 00 00 00 01 00 00 00
  .....            00 00 00 00 00
009965-009983 FontNameBlock "Ingame 12, Normal"
009984-010010 DataBlock
  ................ 02 00 00 00 01 00 00 00 00 00 00 ff 00 00 00 00
  ...........      00 00 00 00 00 00 00 00 01 01 00
010011-010021 T0Block "normal_t0"
010022-010106 DataBlock
  ................ 00 00 00 00 00 00 00 00 00 00 00 00 00 00 00 00
  ................ 00 00 00 00 01 00 00 00 f4 ed 07 13 00 00 00 00
  ................ 00 00 00 00 1e 00 00 00 1e 00 00 00 ff ff ff ff
  ................ 00 00 00 00 00 00 00 01 01 00 00 00 00 00 00 00
  ................ 00 00 00 00 00 00 00 00 00 00 00 00 00 00 00 00
  ..x..            00 f4 78 08 13
010107-010112 StringBlock "roll"
010113-010149 DataBlock
  ................ 1e 00 00 00 1e 00 00 00 00 00 00 00 02 00 00 00
  ................ 00 00 00 00 00 00 00 00 01 00 00 00 01 00 00 00
  .....            00 00 00 00 00
010150-010168 FontNameBlock "Ingame 12, Normal"
010169-010195 DataBlock
  ................ 02 00 00 00 01 00 00 00 00 00 00 ff 00 00 00 00
  ...........      00 00 00 00 00 00 00 00 01 00 00
010196-010206 T0Block "normal_t0"
010207-010327 DataBlock
  ................ 00 00 00 00 00 00 00 00 00 00 00 00 00 00 00 00
  ................ 00 00 00 00 01 00 00 00 f4 e3 07 13 00 00 00 00
  ................ 00 00 00 00 1e 00 00 00 1e 00 00 00 ff ff ff ff
  ................ 00 00 00 00 00 00 00 01 01 00 00 00 00 00 00 00
  .........6...... 00 00 00 00 00 fb 00 00 00 36 00 00 00 02 00 00
  ......r......... 00 01 00 00 00 04 72 08 13 00 00 00 00 00 00 00
  .......D........ 00 00 00 02 00 00 00 44 83 08 13 00 00 00 00 00
  ......}..        00 00 00 00 00 fc 7d 08 13
010328-010349 StringBlock "click down mouse off"
010350-010386 DataBlock
  ................ 1e 00 00 00 1e 00 00 00 00 00 00 00 02 00 00 00
  ................ 00 00 00 00 00 00 00 00 01 00 00 00 01 00 00 00
  .....            00 00 00 00 00
010387-010405 FontNameBlock "Ingame 12, Normal"
010406-010432 DataBlock
  ................ 02 00 00 00 01 00 00 00 00 00 00 ff 00 00 00 00
  ...........      00 00 00 00 00 00 00 00 01 00 00
010433-010443 T0Block "normal_t0"
010444-010564 DataBlock
  ................ 00 00 00 00 00 00 00 00 00 00 00 00 00 00 00 00
  ................ 00 00 00 00 01 00 00 00 84 de 07 13 00 00 00 00
  ................ 00 00 00 00 1e 00 00 00 1e 00 00 00 ff ff ff ff
  ................ 00 00 00 00 00 00 00 01 01 00 00 00 00 00 00 00
  ................ 00 00 00 00 00 9c 00 00 00 c8 00 00 00 02 00 00
  .....D.......... 00 00 00 00 00 44 83 08 13 00 00 00 00 00 00 00
  ........r....... 00 00 00 0b 00 00 00 04 72 08 13 00 00 00 00 00
  .....D...        00 00 00 00 00 44 83 08 13
010565-010573 StringBlock "depress"
010574-010610 DataBlock
  ................ 1e 00 00 00 1e 00 00 00 00 00 00 00 02 00 00 00
  ................ 00 00 00 00 00 00 00 00 01 00 00 00 01 00 00 00
  .....            00 00 00 00 00
010611-010629 FontNameBlock "Ingame 12, Normal"
010630-010656 DataBlock
  ................ 02 00 00 00 01 00 00 00 00 00 00 ff 00 00 00 00
  ...........      00 00 00 00 00 00 00 00 01 00 00
010657-010667 T0Block "normal_t0"
010668-010788 DataBlock
  ................ 00 00 00 00 00 00 00 00 00 00 00 00 00 00 00 00
  ................ 00 00 00 00 01 00 00 00 8c e8 07 13 00 00 00 00
  ................ 00 00 00 00 1e 00 00 00 1e 00 00 00 ff ff ff ff
  ................ 00 00 00 00 00 00 00 01 01 00 00 00 00 00 00 00
  .....O.......... 00 00 00 00 00 4f 01 00 00 ac 00 00 00 02 00 00
  ......}......... 00 01 00 00 00 fc 7d 08 13 00 00 00 00 00 00 00
  ........x....... 00 00 00 03 00 00 00 f4 78 08 13 00 00 00 00 00
  .........        00 00 00 00 00 00 00 00 00
010789-010800 EventListBlock []
010801-010812 DataBlock
  -...........     2d 00 00 00 00 00 00 00 00 00 00 00
010813-010840 StringBlock "template.button_advice.lua"
010841-010844 DataBlock
  ....             00 00 00 00
