000000-000009 VersionBlock 125
000010-000013 RootIDBlock 182647360
000014-000019 StringBlock "root"
000020-000097 DataBlock
  ................ 00 00 00 00 00 00 00 00 00 00 00 00 00 00 01 01
  ................ 00 00 00 00 01 00 00 00 00 01 00 00 00 00 00 00
  ...........p.... 00 00 00 00 00 00 00 00 00 00 00 70 f1 e2 0a 01
  ...d............ 00 00 00 64 de c2 00 00 00 a0 05 00 00 84 03 00
  ..........p...   00 00 00 00 00 00 01 00 00 00 70 f1 e2 0a
000098-000107 NewStateBlock "NewState"
000108-000111 XSizeBlock 1920
000112-000115 YSizeBlock 1080
000116-000142 DataBlock
  ................ 00 00 00 00 02 00 00 00 00 00 00 00 00 00 00 00
  ...........      02 00 00 00 00 00 00 00 00 00 00
000143-000157 StringBlock "FiraSans-Bold"
000158-000173 DataBlock
  ................ 0a 00 00 00 02 00 00 00 00 00 00 00 dd da fa ff
000174-000196 StringBlock "Default Font Category"
000197-000216 DataBlock
  ................ 00 00 00 00 00 00 00 00 00 00 00 00 00 00 00 00
  ....             01 00 00 00
000217-000227 T0Block "normal_t0"
000228-000243 DataBlock
  ................ 00 00 00 00 00 00 00 00 00 00 00 00 00 00 00 00
000244-000254 T0Block "normal_t0"
000255-000412 DataBlock
  ................ 00 00 00 00 00 00 00 00 00 00 00 00 00 00 00 00
  ....d........... 01 00 00 00 64 de c2 00 00 00 00 00 00 00 00 00
  ................ a0 05 00 00 84 03 00 00 f0 f0 f0 ff 00 00 00 00
  ................ 00 00 00 00 00 00 00 00 00 00 00 00 00 01 01 00
  ................ 00 00 00 00 00 00 00 00 00 00 00 00 00 00 00 00
  ......?......... 00 00 00 00 00 80 3f 00 00 00 00 00 00 00 00 00
  ................ 00 00 00 00 00 00 00 00 00 00 00 00 00 00 00 00
  ................ 00 00 00 00 00 00 00 00 00 00 00 00 00 00 00 00
  ................ 00 00 00 00 00 00 00 00 00 00 00 00 00 00 00 00
  .......... ...   00 00 00 00 01 00 00 00 00 00 20 82 18 1a
000413-000429 StringBlock "rank_dspl_small"
000430-000435 DataBlock
  ......           00 00 01 00 00 00
000436-000458 StringBlock "CharacterRankCallback"
000459-000523 DataBlock
  ................ 00 00 00 00 00 00 00 00 00 00 00 00 00 00 00 00
  ................ 01 01 00 00 00 00 01 00 00 00 00 01 00 00 00 00
  .............`.8 01 00 00 00 00 00 00 00 00 00 00 00 00 60 dc 38
  .............`.8 1b 00 00 00 00 00 00 00 00 01 00 00 00 60 dc 38
  .                1b
000524-000533 NewStateBlock "NewState"
000534-000537 XSizeBlock 32
000538-000541 YSizeBlock 32
000542-000568 DataBlock
  ................ 00 00 00 00 02 00 00 00 00 00 00 00 00 00 00 00
  ...........      02 00 00 00 00 00 00 00 00 00 00
000569-000583 StringBlock "FiraSans-Bold"
000584-000599 DataBlock
  ................ 0a 00 00 00 02 00 00 00 00 00 00 00 dd da fa ff
000600-000622 StringBlock "Default Font Category"
000623-000642 DataBlock
  ................ 00 00 00 00 00 00 00 00 00 00 00 00 00 00 00 00
  ....             01 01 00 00
000643-000653 T0Block "normal_t0"
000654-000669 DataBlock
  ................ 00 00 00 00 00 00 00 00 00 00 00 00 00 00 00 00
000670-000680 T0Block "normal_t0"
000681-000726 DataBlock
  ................ 00 00 00 00 00 00 00 00 00 00 00 00 00 00 00 00
  ................ 00 00 00 00 00 00 00 00 00 00 00 00 00 00 00 00
  ......<.......   00 00 00 00 00 00 3c 00 00 00 01 00 00 00
000727-000740 StringBlock "flash_update"
000741-000814 DataBlock
  ................ 00 00 03 00 00 00 00 00 00 00 00 00 00 00 00 00
  ..,...,......... 00 00 2c 00 00 00 2c 00 00 00 ff ff ff ff 00 00
  ................ 00 00 00 00 00 00 00 00 00 00 00 00 00 00 00 00
  .............?.. 00 00 ff ff ff ff ff ff ff ff 00 00 80 3f 00 00
  .........?       00 00 02 00 00 00 00 00 80 3f
000815-000822 StringBlock "Linear"
000823-000898 DataBlock
  ................ 00 00 00 00 00 00 00 00 00 00 00 00 00 00 00 00
  .. .,...,....... 00 00 20 c1 2c 00 00 00 2c 00 00 00 ff ff ff ff
  ................ 00 00 00 00 00 00 00 00 00 00 00 00 00 00 00 00
  ...............? 00 00 00 00 ff ff ff ff ff ff ff ff 00 00 80 3f
  ...........?     c8 00 00 00 02 00 00 00 00 00 80 3f
000899-000913 StringBlock "Quadratic Out"
000914-000989 DataBlock
  ................ 00 00 00 00 00 00 00 00 00 00 00 00 00 00 00 00
  .. A,...,....... 00 00 20 41 2c 00 00 00 2c 00 00 00 ff ff ff ff
  ................ 00 00 00 00 00 00 00 00 00 00 00 00 00 00 00 00
  ...............? 00 00 00 00 ff ff ff ff ff ff ff ff 00 00 80 3f
  ...........?     90 01 00 00 02 00 00 00 00 00 80 3f
000990-001003 StringBlock "Quadratic In"
001004-001025 DataBlock
  ................ 00 00 00 00 00 00 00 00 00 00 00 00 05 00 00 00
  ..`...           00 00 60 85 18 1a
001026-001037 StringBlock "experience"
001038-001043 DataBlock
  ......           00 00 01 00 00 00
001044-001067 StringBlock "ShaderPieChartCallback"
001068-001132 DataBlock
  ................ 00 00 00 00 00 00 00 00 00 00 00 00 00 00 00 00
  ................ 00 00 00 00 00 00 01 01 00 00 00 01 00 00 00 00
  ...............8 05 00 00 00 00 00 00 00 00 00 00 00 00 c0 fb 38
  ...............8 1b 00 00 00 00 00 00 00 00 01 00 00 00 c0 fb 38
  .                1b
001133-001142 NewStateBlock "NewState"
001143-001146 XSizeBlock 32
001147-001150 YSizeBlock 32
001151-001177 DataBlock
  ................ 00 00 00 00 02 00 00 00 00 00 00 00 00 00 00 00
  ...........      02 00 00 00 00 00 00 00 00 00 00
001178-001192 StringBlock "FiraSans-Bold"
001193-001208 DataBlock
  ................ 0a 00 00 00 02 00 00 00 00 00 00 00 dd da fa ff
001209-001231 StringBlock "Default Font Category"
001232-001251 DataBlock
  ................ 00 00 00 00 00 00 00 00 00 00 00 00 00 00 00 00
  ....             00 00 00 00
001252-001265 T0Block "pie_chart_t0"
001266-001281 DataBlock
  ...........?.... 00 00 00 00 00 00 00 00 9a 99 19 3f 00 00 00 00
001282-001292 T0Block "normal_t0"
001293-001338 DataBlock
  ................ 00 00 00 00 00 00 00 00 00 00 00 00 00 00 00 00
  ................ 00 00 00 00 00 00 00 00 00 00 00 00 00 00 00 00
  ......<.......   00 00 00 00 00 00 3c 00 00 00 01 00 00 00
001339-001345 StringBlock "scale"
001346-001419 DataBlock
  ................ 00 00 02 00 00 00 00 00 00 00 00 00 00 00 00 00
  ................ 00 00 1a 00 00 00 1a 00 00 00 ff ff ff ff 00 00
  .........?...... 00 00 00 00 00 00 9a 99 19 3f 00 00 00 00 00 00
  .............?.. 00 00 ff ff ff ff ff ff ff ff 00 00 80 3f 00 00
  .........?       00 00 08 00 00 00 00 00 80 3f
001420-001427 StringBlock "Linear"
001428-001503 DataBlock
  ................ 00 00 00 00 00 00 00 00 00 00 00 00 00 00 00 00
  ................ 00 00 00 00 1a 00 00 00 1a 00 00 00 ff ff ff ff
  ...?.......?.... 00 00 00 3f 00 00 00 00 9a 99 19 3f 00 00 00 00
  ...............? 00 00 00 00 ff ff ff ff ff ff ff ff 00 00 80 3f
  ...........?     e8 03 00 00 08 00 00 00 00 00 80 3f
001504-001511 StringBlock "Linear"
001512-001555 DataBlock
  ................ 00 00 00 00 00 00 00 00 00 00 00 00 00 00 00 00
  .............?.. 00 00 00 00 00 00 00 00 00 00 00 00 80 3f 00 00
  .?...?......     00 3f 00 00 00 3f 00 00 c0 88 18 1a
001556-001566 StringBlock "rank_zero"
001567-001629 DataBlock
  ................ 00 00 00 00 00 00 01 00 00 00 01 00 00 00 01 01
  ................ 00 00 00 00 01 00 00 00 00 01 00 00 00 00 05 00
  ................ 00 00 00 00 00 00 00 00 00 00 00 00 8c 18 1a 00
  ...............  00 00 00 00 00 00 00 01 00 00 00 00 8c 18 1a
001630-001639 NewStateBlock "NewState"
001640-001643 XSizeBlock 30
001644-001647 YSizeBlock 30
001648-001674 DataBlock
  ................ 00 00 00 00 02 00 00 00 00 00 00 00 00 00 00 00
  ...........      02 00 00 00 00 00 00 00 00 00 00
001675-001689 StringBlock "FiraSans-Bold"
001690-001705 DataBlock
  ................ 0a 00 00 00 02 00 00 00 00 00 00 00 dd da fa ff
001706-001728 StringBlock "Default Font Category"
001729-001748 DataBlock
  ................ 00 00 00 00 00 00 00 00 00 00 00 00 00 00 00 00
  ....             00 00 00 00
001749-001759 T0Block "normal_t0"
001760-001775 DataBlock
  ................ 00 00 00 00 00 00 00 00 00 00 00 00 00 00 00 00
001776-001786 T0Block "normal_t0"
001787-001864 DataBlock
  ................ 00 00 00 00 00 00 00 00 00 00 00 00 00 00 00 00
  ................ 00 00 00 00 00 00 00 00 00 00 00 00 00 00 00 00
  ......<......... 00 00 00 00 00 00 3c 00 00 00 00 00 00 00 00 00
  ...............? 00 00 00 00 00 00 00 00 00 00 00 00 00 00 80 3f
  ...?...?......   00 00 00 3f 00 00 00 3f 00 00 80 8f 18 1a
001865-001874 StringBlock "piechart"
001875-001880 DataBlock
  ......           00 00 01 00 00 00
001881-001904 StringBlock "ShaderPieChartCallback"
001905-001969 DataBlock
  ................ 00 00 00 00 00 00 00 00 06 00 00 00 06 00 00 00
  ................ 00 00 00 00 00 00 01 01 00 00 00 01 00 00 00 00
  ................ 05 00 00 00 00 00 00 00 00 00 00 00 00 00 94 18
  ................ 1a 00 00 00 00 00 00 00 00 01 00 00 00 00 94 18
  .                1a
001970-001979 NewStateBlock "NewState"
001980-001983 XSizeBlock 20
001984-001987 YSizeBlock 20
001988-002014 DataBlock
  ................ 00 00 00 00 02 00 00 00 00 00 00 00 00 00 00 00
  ...........      02 00 00 00 00 00 00 00 00 00 00
002015-002029 StringBlock "FiraSans-Bold"
002030-002045 DataBlock
  ................ 0a 00 00 00 02 00 00 00 00 00 00 00 dd da fa ff
002046-002068 StringBlock "Default Font Category"
002069-002088 DataBlock
  ................ 00 00 00 00 00 00 00 00 00 00 00 00 00 00 00 00
  ....             00 00 00 00
002089-002102 T0Block "pie_chart_t0"
002103-002118 DataBlock
  ...>...>...>...> 00 00 80 3e 00 00 80 3e 00 00 80 3e 00 00 80 3e
002119-002129 T0Block "normal_t0"
002130-002207 DataBlock
  ...>...?...=.... 9a 99 99 3e 9a 99 19 3f cd cc cc 3d 00 00 00 00
  ................ 00 00 00 00 00 00 00 00 00 00 00 00 00 00 00 00
  ......<......... 00 00 00 00 00 00 3c 00 00 00 00 00 00 00 00 00
  ...............? 00 00 00 00 00 00 00 00 00 00 00 00 00 00 80 3f
  ...?...?......   00 00 00 3f 00 00 00 3f 00 00 a0 97 18 1a
002208-002214 StringBlock "frame"
002215-002265 DataBlock
  ................ 00 00 00 00 00 00 00 00 00 00 00 00 00 00 01 01
  ................ 00 00 00 00 01 00 00 00 00 01 00 00 00 00 05 00
  ................ 00 00 00 00 00 00 00 00 00 00 00 c0 9b 18 1a 02
  ...              00 00 00
002266-002324 ImageBlock id=437820160 xsize=32 ysize=32 path="ui\\skins\\default\\circle_white_outline.png" unknown=2989613056
002325-002325 DataBlock
  .                09
002326-002375 ImagePathBlock "ui\\skins\\default\\infolist_rank_element_earth.png"
002376-002396 DataBlock
   ... ........... 20 00 00 00 20 00 00 00 00 00 00 00 00 01 00 00
  .....            00 c0 9b 18 1a
002397-002406 NewStateBlock "NewState"
002407-002410 XSizeBlock 32
002411-002414 YSizeBlock 32
002415-002441 DataBlock
  ................ 00 00 00 00 02 00 00 00 00 00 00 00 00 00 00 00
  ...........      02 00 00 00 00 00 00 00 00 00 00
002442-002456 StringBlock "FiraSans-Bold"
002457-002472 DataBlock
  ................ 0a 00 00 00 02 00 00 00 00 00 00 00 dd da fa ff
002473-002495 StringBlock "Default Font Category"
002496-002515 DataBlock
  ................ 00 00 00 00 00 00 00 00 00 00 00 00 00 00 00 00
  ....             00 00 00 00
002516-002526 T0Block "normal_t0"
002527-002542 DataBlock
  ................ 00 00 00 00 00 00 00 00 00 00 00 00 00 00 00 00
002543-002553 T0Block "normal_t0"
002554-002835 DataBlock
  ................ 00 00 00 00 00 00 00 00 00 00 00 00 00 00 00 00
  ................ 02 00 00 00 00 9b 18 1a 00 00 00 00 00 00 00 00
   ... ........... 20 00 00 00 20 00 00 00 ff ff ff ff 00 00 00 00
  ................ 00 00 00 00 00 00 00 00 00 00 00 00 00 01 01 00
  ................ 00 00 00 00 00 00 00 00 00 00 00 00 00 00 00 00
  ......?......... 00 00 00 00 00 80 3f 00 00 00 00 00 00 00 00 00
  ................ 00 00 00 00 00 00 00 00 00 00 00 00 00 00 00 00
  ...........1.... 00 00 00 00 00 00 00 00 00 00 e0 31 b2 09 00 00
  ...... ... ..... 00 00 00 00 00 00 20 00 00 00 20 00 00 00 ff ff
  ................ ff ff 00 00 00 00 00 00 00 00 00 00 00 00 00 00
  ................ 00 00 00 01 01 00 00 00 00 00 00 00 00 00 00 00
  ............?... 00 00 00 00 00 00 00 00 00 00 00 80 3f 00 00 00
  ................ 00 00 00 00 00 00 00 00 00 00 00 00 00 00 00 00
  ................ 00 00 00 00 00 00 00 00 00 00 00 00 00 00 00 00
  ................ 00 00 00 00 00 00 00 00 00 00 00 00 00 00 00 00
  ..<............. 00 00 3c 00 00 00 00 00 00 00 00 00 00 00 00 00
  ...........?...? 00 00 00 00 00 00 00 00 00 00 80 3f 00 00 00 3f
  ...?..@...       00 00 00 3f 00 00 40 9f 18 1a
002836-002844 StringBlock "dy_rank"
002845-002907 DataBlock
  ................ 00 00 00 00 00 00 06 00 00 00 06 00 00 00 00 01
  ................ 00 00 00 00 01 00 00 00 00 01 00 00 00 00 05 00
  ................ 00 00 00 00 00 00 00 00 00 00 00 a0 a2 18 1a 00
  ...............  00 00 00 00 00 00 00 01 00 00 00 a0 a2 18 1a
002908-002917 NewStateBlock "NewState"
002918-002921 XSizeBlock 20
002922-002925 YSizeBlock 20
002926-002950 DataBlock
  ..1.0........... 02 00 31 00 30 00 00 00 04 00 00 00 04 00 00 00
  .........        00 00 00 00 01 00 00 00 00
002951-003002 UnicodeBlock "dy_level_NewState_Text_34"
003003-003006 DataBlock
  ....             00 00 00 00
003007-003018 FontNameBlock "Iskra-Bold"
003019-003034 DataBlock
  ................ 0f 00 00 00 02 00 00 00 00 00 00 00 ff ff ff ff
003035-003047 StringBlock "item_header"
003048-003067 DataBlock
  ................ 00 00 00 00 00 00 00 00 00 00 00 00 00 00 00 00
  ....             00 00 00 00
003068-003078 T0Block "normal_t0"
003079-003094 DataBlock
  ................ 00 00 00 00 00 00 00 00 00 00 00 00 00 00 00 00
003095-003105 T0Block "normal_t0"
003106-003221 DataBlock
  .......?...@.... 00 00 00 00 00 00 80 3f 00 00 00 40 00 00 00 00
  ................ 00 00 00 00 00 00 00 00 00 00 00 00 00 00 00 00
  ......<......... 00 00 00 00 00 00 3c 00 00 00 00 00 00 00 00 00
  ...............? 00 00 00 00 00 00 00 00 00 00 00 00 00 00 80 3f
  ...?...>........ 00 00 00 3f cd cc cc 3e 00 00 00 00 00 00 00 00
  .....?.......... 00 00 00 00 80 3f 00 00 00 00 00 00 00 00 00 00
  ...........?.... 00 00 00 00 00 00 00 00 00 00 80 3f 00 00 00 00
  ....             00 00 00 00
