000000-000009 VersionBlock 84
000010-000013 RootIDBlock 237492016
000014-000019 StringBlock "root"
000020-000098 DataBlock
  ................ 00 00 00 00 00 00 00 00 00 00 00 01 01 00 00 00
  ................ 00 01 00 00 00 00 01 00 00 00 00 00 00 00 00 00
  ................ 00 00 00 00 00 00 00 00 00 00 00 00 01 00 00 00
  ................ 10 87 ee 06 00 00 00 05 00 00 c0 03 00 00 00 00
  .............$.  00 00 00 00 00 00 00 01 00 00 00 10 ee 24 0e
000099-000108 NewStateBlock "NewState"
000109-000112 XSizeBlock 1280
000113-000116 YSizeBlock 1024
000117-000145 DataBlock
  ................ 00 00 00 00 02 00 00 00 00 00 00 00 00 00 00 00
  .............    01 00 00 00 01 00 00 00 00 00 00 00 00
000146-000158 FontNameBlock "la_gioconda"
000159-000174 DataBlock
  ................ 0a 00 00 00 02 00 00 00 01 00 00 00 dd da fa ff
000175-000197 StringBlock "Default Font Category"
000198-000213 DataBlock
  ................ 00 00 00 00 00 00 00 00 00 00 00 00 01 00 00 00
000214-000224 T0Block "normal_t0"
000225-000240 DataBlock
  ................ 00 00 00 00 00 00 00 00 00 00 00 00 00 00 00 00
000241-000251 T0Block "normal_t0"
000252-000382 DataBlock
  ................ 00 00 00 00 00 00 00 00 00 00 00 00 00 00 00 00
  ................ 01 00 00 00 10 87 ee 06 00 00 00 00 00 00 00 00
  ........4&...... 00 05 00 00 c0 03 00 00 34 26 1b ff 00 00 00 00
  ................ 00 00 00 00 00 00 00 00 00 00 00 01 01 00 00 00
  ................ 00 00 00 00 00 00 00 00 00 00 00 00 00 00 00 00
  ................ 00 00 00 00 00 00 00 00 00 00 00 00 00 00 00 00
  ................ 00 00 00 00 00 00 00 00 00 00 00 00 00 00 00 00
  ...............P 00 00 00 00 00 00 00 00 00 00 00 01 00 00 00 50
  ...              01 f1 09
000383-000395 StringBlock "message_box"
000396-000410 StringBlock "DialogueBoxCC"
000411-000452 DataBlock
  ....v........... af 01 00 00 76 01 00 00 00 01 01 00 00 00 00 01
  ................ 00 00 00 00 01 00 00 00 00 05 00 00 00 00 00 00
  ..........       00 00 00 00 00 00 00 00 00 00
000453-000508 ImageListBlock 1 elements:
  000457-000508 ImageBlock id=315452064 xsize=128 ysize=128 path="ui\\skins\\default\\tooltip_frame.png" unknown=0
000509-000568 DataBlock
  ...............N 00 00 00 00 00 01 00 00 00 90 c8 f0 06 08 00 4e
  ewState......... 65 77 53 74 61 74 65 a2 01 00 00 13 01 00 00 00
  ................ 00 00 00 04 00 00 00 04 00 00 00 01 00 00 00 01
  ............     00 00 00 01 00 00 00 00 00 00 00 00
000569-000581 FontNameBlock "la_gioconda"
000582-000597 DataBlock
  ................ 0a 00 00 00 02 00 00 00 01 00 00 00 dd da fa ff
000598-000620 StringBlock "Default Font Category"
000621-000636 DataBlock
  ................ 00 00 00 00 00 00 00 00 00 00 00 00 01 00 00 00
000637-000647 T0Block "normal_t0"
000648-000663 DataBlock
  ................ 00 00 00 00 00 00 00 00 00 00 00 00 00 00 00 00
000664-000674 T0Block "normal_t0"
000675-000694 DataBlock
  ................ 00 00 00 00 00 00 00 00 00 00 00 00 00 00 00 00
  ....             01 00 00 00
000695-000718 ImageUseBlock id=315452064 xofs=0 yofs=0 xsize=418 ysize=275 brga=4294967295
000719-000805 DataBlock
  ................ 00 00 00 00 00 00 00 00 00 00 00 00 00 00 00 01
  ................ 01 00 00 00 00 00 00 00 00 00 00 00 00 00 00 00
  ................ 00 00 00 00 00 00 00 00 00 00 00 00 00 00 00 00
  . A.. A......... 00 20 41 00 00 20 41 00 00 00 00 00 00 00 00 00
  ................ 00 00 00 00 00 00 00 fa 00 00 00 00 00 00 00 05
  ....T&.          00 00 00 f0 54 26 0e
000806-000818 StringBlock "heading_txt"
000819-000882 DataBlock
  ................ 00 00 00 00 00 00 00 00 00 00 00 00 00 00 00 00
  ................ 00 01 00 00 00 00 01 00 00 00 00 02 00 00 00 00
  ........pZ#..... 00 00 00 00 00 00 00 00 70 5a 23 0e 00 00 00 00
  ................ 00 00 00 00 00 00 00 00 02 00 00 00 b0 b2 d1 09
000883-000888 StringBlock "load"
000889-000896 DataBlock
  ....g...         a2 01 00 00 67 00 00 00
000897-000932 UnicodeBlock "Load Battle Setup"
000933-000955 DataBlock
  ................ 00 00 04 00 00 00 00 00 00 00 00 00 00 00 01 00
  .......          00 00 01 00 00 00 01
000956-001013 UnicodeBlock "heading_txt_load_Text_61002a"
001014-001015 DataBlock
  ..               00 00
001016-001038 FontNameBlock "la_gioconda_uppercase"
001039-001054 DataBlock
  ................ 18 00 00 00 04 00 00 00 00 00 00 00 d7 f8 ff ff
001055-001071 StringBlock "fe_page_heading"
001072-001087 DataBlock
  ................ 00 00 00 00 10 00 00 00 00 00 00 00 01 00 00 00
001088-001098 T0Block "normal_t0"
001099-001114 DataBlock
  ................ 00 00 00 00 00 00 00 00 00 00 00 00 00 00 00 00
001115-001125 T0Block "normal_t0"
001126-001161 DataBlock
  ................ 00 00 00 00 00 00 00 00 00 00 00 00 00 00 00 00
  ................ 00 00 00 00 00 00 00 00 00 00 00 00 00 00 00 00
  pZ#.             70 5a 23 0e
001162-001167 StringBlock "save"
001168-001175 DataBlock
  ....g...         a2 01 00 00 67 00 00 00
001176-001211 UnicodeBlock "Save Battle Setup"
001212-001234 DataBlock
  ................ 00 00 04 00 00 00 00 00 00 00 00 00 00 00 01 00
  .......          00 00 01 00 00 00 01
001235-001292 UnicodeBlock "heading_txt_save_Text_6e0022"
001293-001294 DataBlock
  ..               00 00
001295-001317 FontNameBlock "la_gioconda_uppercase"
001318-001333 DataBlock
  ................ 18 00 00 00 04 00 00 00 00 00 00 00 d7 f8 ff ff
001334-001350 StringBlock "fe_page_heading"
001351-001366 DataBlock
  ................ 00 00 00 00 10 00 00 00 00 00 00 00 01 00 00 00
001367-001377 T0Block "normal_t0"
001378-001393 DataBlock
  ................ 00 00 00 00 00 00 00 00 00 00 00 00 00 00 00 00
001394-001404 T0Block "normal_t0"
001405-001456 DataBlock
  ................ 00 00 00 00 00 00 00 00 00 00 00 00 00 00 00 00
  ................ 00 00 00 00 00 00 00 00 00 00 00 00 00 00 00 00
  ....d........... 00 00 00 00 64 00 00 00 00 00 00 00 01 00 00 00
   ...             20 bf 1f 12
001457-001464 StringBlock "h_line"
001465-001508 DataBlock
  ................ 00 00 14 00 00 00 18 00 00 00 00 01 00 00 00 00
  ................ 00 01 00 00 00 00 01 00 00 00 00 00 00 00 00 00
  .........|m.     00 00 00 00 00 00 00 00 00 7c 6d 12
001509-001557 ImageListBlock 1 elements:
  001513-001557 ImageBlock id=310511360 xsize=307 ysize=24 path="ui\\skins\\default\\h_line.png" unknown=0
001558-001617 DataBlock
  ..........|m...N 00 00 00 00 00 01 00 00 00 00 7c 6d 12 08 00 4e
  ewStatez........ 65 77 53 74 61 74 65 7a 01 00 00 18 00 00 00 00
  ................ 00 00 00 04 00 00 00 00 00 00 00 00 00 00 00 01
  ............     00 00 00 01 00 00 00 00 00 00 00 00
001618-001630 FontNameBlock "la_gioconda"
001631-001646 DataBlock
  ................ 0a 00 00 00 02 00 00 00 01 00 00 00 dd da fa ff
001647-001669 StringBlock "Default Font Category"
001670-001685 DataBlock
  ................ 00 00 00 00 00 00 00 00 00 00 00 00 00 00 00 00
001686-001696 T0Block "normal_t0"
001697-001712 DataBlock
  ................ 00 00 00 00 00 00 00 00 00 00 00 00 00 00 00 00
001713-001723 T0Block "normal_t0"
001724-001743 DataBlock
  ................ 00 00 00 00 00 00 00 00 00 00 00 00 00 00 00 00
  ....             01 00 00 00
001744-001767 ImageUseBlock id=310511360 xofs=0 yofs=0 xsize=378 ysize=24 brga=4294967295
001768-001870 DataBlock
  ................ 00 00 00 00 00 00 00 00 00 00 00 00 00 00 00 01
  ................ 01 00 00 00 00 00 00 00 00 00 00 00 00 00 00 00
  ................ 00 00 00 00 00 00 00 00 00 00 00 00 00 00 00 00
  ..B............. 00 a0 42 00 00 00 00 00 00 00 00 00 00 00 00 00
  .......d........ 00 00 00 00 00 00 00 64 00 00 00 00 00 00 00 00
  ................ 00 00 00 00 00 00 00 00 00 00 00 00 00 00 00 00
  ...`...          00 00 00 60 d5 8b 15
001871-001879 StringBlock "DY_text"
001880-001943 DataBlock
  ......h......... 00 00 16 00 00 00 68 00 00 00 00 00 01 00 00 00
  ................ 00 01 00 00 00 00 01 00 00 00 00 02 00 00 00 00
  ................ 00 00 00 00 00 00 00 00 00 00 00 00 00 00 00 00
  .............&.. 00 00 00 00 00 00 00 00 01 00 00 00 00 26 df 14
001944-001953 NewStateBlock "NewState"
001954-001957 XSizeBlock 374
001958-001961 YSizeBlock 104
001962-002147 UnicodeBlock "Your new file has got the same name as an older file. Do you want to overwrite the old file?"
002148-002170 DataBlock
  ................ 00 00 04 00 00 00 00 00 00 00 00 00 00 00 01 00
  .......          00 00 01 00 00 00 00
002171-002226 UnicodeBlock "box_bg_NewState_Text_130054"
002227-002228 DataBlock
  ..               00 00
002229-002241 FontNameBlock "la_gioconda"
002242-002257 DataBlock
  ................ 0c 00 00 00 07 00 00 00 00 00 00 00 d7 f8 ff ff
002258-002266 StringBlock "fe_text"
002267-002282 DataBlock
  ................ 00 00 00 00 0a 00 00 00 00 00 00 00 00 00 00 00
002283-002293 T0Block "normal_t0"
002294-002309 DataBlock
  ................ 00 00 00 00 00 00 00 00 00 00 00 00 00 00 00 00
002310-002320 T0Block "normal_t0"
002321-002380 DataBlock
  ................ 00 00 00 00 00 00 00 00 00 00 00 00 00 00 00 00
  ................ 00 00 00 00 00 00 00 00 00 00 00 00 00 00 00 00
  ....d........... 00 00 00 00 64 00 00 00 00 00 00 00 00 00 00 00
  ............     00 00 00 00 00 00 00 00 a0 ee 8b 15
002381-002389 StringBlock "buttons"
002390-002453 DataBlock
  ................ 00 00 08 00 00 00 cf 00 00 00 00 00 00 00 00 00
  ................ 00 01 00 00 00 00 01 00 00 00 00 05 00 00 00 00
  .........L...... 00 00 00 00 00 00 00 00 a0 4c df 14 00 00 00 00
  .............L.. 00 00 00 00 00 00 00 00 01 00 00 00 a0 4c df 14
002454-002463 NewStateBlock "NewState"
002464-002467 XSizeBlock 401
002468-002471 YSizeBlock 60
002472-002500 DataBlock
  ................ 00 00 00 00 02 00 00 00 00 00 00 00 00 00 00 00
  .............    01 00 00 00 01 00 00 00 00 00 00 00 00
002501-002513 FontNameBlock "la_gioconda"
002514-002529 DataBlock
  ................ 0a 00 00 00 02 00 00 00 01 00 00 00 dd da fa ff
002530-002552 StringBlock "Default Font Category"
002553-002568 DataBlock
  ................ 00 00 00 00 00 00 00 00 00 00 00 00 01 00 00 00
002569-002579 T0Block "normal_t0"
002580-002595 DataBlock
  ................ 00 00 00 00 00 00 00 00 00 00 00 00 00 00 00 00
002596-002606 T0Block "normal_t0"
002607-002658 DataBlock
  ................ 00 00 00 00 00 00 00 00 00 00 00 00 00 00 00 00
  ................ 00 00 00 00 00 00 00 00 00 00 00 00 00 00 00 00
  ....d........... 00 00 00 00 64 00 00 00 00 00 00 00 02 00 00 00
   \&.             20 5c 26 0e
002659-002670 StringBlock "both_group"
002671-002734 DataBlock
  ................ 00 00 81 00 00 00 05 00 00 00 00 01 00 00 00 00
  ................ 00 01 00 00 00 00 01 00 00 00 00 05 00 00 00 00
  ................ 00 00 00 00 00 00 00 00 00 00 00 00 00 00 00 00
  ............pn9. 00 00 00 00 00 00 00 00 01 00 00 00 70 6e 39 0e
002735-002744 NewStateBlock "NewState"
002745-002748 XSizeBlock 143
002749-002752 YSizeBlock 50
002753-002781 DataBlock
  ................ 00 00 00 00 02 00 00 00 00 00 00 00 00 00 00 00
  .............    01 00 00 00 01 00 00 00 00 00 00 00 00
002782-002794 FontNameBlock "la_gioconda"
002795-002810 DataBlock
  ................ 0a 00 00 00 02 00 00 00 01 00 00 00 dd da fa ff
002811-002833 StringBlock "Default Font Category"
002834-002849 DataBlock
  ................ 00 00 00 00 00 00 00 00 00 00 00 00 01 00 00 00
002850-002860 T0Block "normal_t0"
002861-002876 DataBlock
  ................ 00 00 00 00 00 00 00 00 00 00 00 00 00 00 00 00
002877-002887 T0Block "normal_t0"
002888-002939 DataBlock
  ................ 00 00 00 00 00 00 00 00 00 00 00 00 00 00 00 00
  ................ 00 00 00 00 00 00 00 00 00 00 00 00 00 00 00 00
  ....d........... 00 00 00 00 64 00 00 00 00 00 00 00 02 00 00 00
  `MJ.             60 4d 4a 12
002940-002954 StringBlock "button_cancel"
002955-002962 StringBlock "Button"
002963-002983 DataBlock
  V............... 56 00 00 00 ff ff ff ff 00 01 01 00 00 00 00 01
  .....            00 00 00 00 01
002984-002997 UnicodeBlock "Cancel"
002998-003057 UnicodeBlock "_button_cancel_Tooltip_1f006a"
003058-003078 DataBlock
  ............. 8. 00 00 00 00 00 00 00 00 00 00 00 00 00 20 38 8d
  .....            12 05 00 00 00
003079-003136 ImageBlock id=312300640 xsize=206 ysize=207 path="ui\\skins\\default\\button_basic_active.png" unknown=2639495168
003137-003137 DataBlock
  .                12
003138-003173 ImagePathBlock "ui\\skins\\default\\fe_icon_cross.png"
003174-003182 DataBlock
  2...2....        32 00 00 00 32 00 00 00 00
003183-003232 ImageBlock id=315451616 xsize=206 ysize=206 path="ui\\skins\\default\\button_glow.png" unknown=3446145024
003233-003233 DataBlock
  .                12
003234-003277 ImagePathBlock "ui\\skins\\default\\button_basic_inactive.png"
003278-003286 DataBlock
  .........        ce 00 00 00 cf 00 00 00 00
003287-003341 ImageBlock id=315452288 xsize=50 ysize=50 path="ui\\skins\\default\\button_edge_glow.png" unknown=0
003342-003354 DataBlock
  ..........3..    00 00 00 00 00 05 00 00 00 a0 33 8d 12
003355-003361 StringBlock "hover"
003362-003398 DataBlock
  2...2........... 32 00 00 00 32 00 00 00 00 00 00 00 02 00 00 00
  ................ 00 00 00 00 00 00 00 00 01 00 00 00 01 00 00 00
  .....            00 00 00 00 00
003399-003411 FontNameBlock "la_gioconda"
003412-003427 DataBlock
  ................ 0a 00 00 00 02 00 00 00 01 00 00 00 dd da fa ff
003428-003450 StringBlock "Default Font Category"
003451-003466 DataBlock
  ................ 00 00 00 00 00 00 00 00 00 00 00 00 01 00 00 00
003467-003481 T0Block "glow_pulse_t0"
003482-003497 DataBlock
  ff.?...?...?.... 66 66 a6 3f 00 00 80 3f 00 00 80 3f 00 00 00 00
003498-003508 T0Block "normal_t0"
003509-003528 DataBlock
  ................ 00 00 00 00 00 00 00 00 00 00 00 00 00 00 00 00
  ....             04 00 00 00
003529-003552 ImageUseBlock id=312300640 xofs=0 yofs=0 xsize=50 ysize=50 brga=4294967295
003553-003686 DataBlock
  ................ 00 00 00 00 00 00 00 00 00 00 00 00 00 00 00 01
  ................ 01 00 00 00 00 00 00 00 00 00 00 00 00 00 00 00
  ................ 00 00 00 00 00 00 00 00 00 00 00 00 00 00 00 00
  ........S....... 00 00 00 00 00 00 00 80 53 9d 12 00 00 00 00 00
  ...2...2........ 00 00 00 32 00 00 00 32 00 00 00 ff ff ff ff 00
  ................ 00 00 00 00 00 00 00 00 00 00 00 00 00 00 01 01
  ................ 00 00 00 00 00 00 00 00 00 00 00 00 00 00 00 00
  ................ 00 00 00 00 00 00 00 00 00 00 00 00 00 00 00 00
  ......           00 00 00 00 00 00
003687-003710 ImageUseBlock id=315451616 xofs=0 yofs=0 xsize=50 ysize=50 brga=855638015
003711-003765 DataBlock
  ................ 00 00 00 00 00 00 00 00 00 00 00 00 00 00 00 01
  ................ 01 00 00 00 00 00 00 00 00 00 00 00 00 00 00 00
  ................ 00 00 00 00 00 00 00 00 00 00 00 00 00 00 00 00
  .......          00 00 00 00 00 00 00
003766-003789 ImageUseBlock id=315452288 xofs=0 yofs=0 xsize=50 ysize=50 brga=2533359615
003790-003910 DataBlock
  ................ 00 00 00 00 00 00 00 00 00 00 00 00 00 00 00 01
  ................ 01 00 00 00 00 00 00 00 00 00 00 80 bf 00 00 00
  ................ 00 00 00 00 00 00 00 00 00 00 00 00 00 00 00 00
  ................ 00 00 00 00 00 00 00 d5 00 00 00 11 00 00 00 02
  ....... 8......_ 00 00 00 01 00 00 00 20 38 8d 12 96 00 00 00 5f
  .......`MJ...... 00 00 00 01 00 00 00 60 4d 4a 12 00 00 00 00 00
  ......:......].. 00 02 00 00 00 80 3a 8d 12 c8 00 00 00 5d 00 00
  ......5..        00 00 00 00 00 e0 35 8d 12
003911-003920 StringBlock "inactive"
003921-003957 DataBlock
  2...2........... 32 00 00 00 32 00 00 00 00 00 00 00 02 00 00 00
  ................ 00 00 00 00 00 00 00 00 01 00 00 00 01 00 00 00
  .....            00 00 00 00 00
003958-003970 FontNameBlock "la_gioconda"
003971-003986 DataBlock
  ................ 0a 00 00 00 02 00 00 00 01 00 00 00 dd da fa ff
003987-004009 StringBlock "Default Font Category"
004010-004025 DataBlock
  ................ 00 00 00 00 00 00 00 00 00 00 00 00 01 01 00 00
004026-004036 T0Block "normal_t0"
004037-004052 DataBlock
  ................ 00 00 00 00 00 00 00 00 00 00 00 00 00 00 00 00
004053-004063 T0Block "normal_t0"
004064-004215 DataBlock
  ................ 00 00 00 00 00 00 00 00 00 00 00 00 00 00 00 00
  .....h.......... 02 00 00 00 00 68 cd 12 00 00 00 00 00 00 00 00
  2...2........... 32 00 00 00 32 00 00 00 ff ff ff ff 00 00 00 00
  ................ 00 00 00 00 00 00 00 00 00 00 00 01 01 00 00 00
  ................ 00 00 00 00 00 00 00 00 00 00 00 00 00 00 00 00
  ................ 00 00 00 00 00 00 00 00 00 00 00 00 00 00 00 00
  ....S..........2 00 00 00 80 53 9d 12 00 00 00 00 00 00 00 00 32
  ...2............ 00 00 00 32 00 00 00 c0 c0 c0 96 00 00 00 00 00
  ................ 00 00 00 00 00 00 00 00 00 00 01 01 00 00 00 00
  ........         00 00 00 00 00 00 00 00
004216-004226 T0Block "normal_t0"
004227-004266 DataBlock
  ................ 00 00 00 00 00 00 00 00 00 00 00 00 00 00 00 00
  ................ 00 00 00 00 00 00 00 00 00 00 00 00 00 00 00 00
  .... 8..         00 00 00 00 20 38 8d 12
004267-004274 StringBlock "active"
004275-004311 DataBlock
  2...2........... 32 00 00 00 32 00 00 00 00 00 00 00 00 00 00 00
  ................ 02 00 00 00 00 00 00 00 01 00 00 00 01 00 00 00
  .....            00 00 00 00 00
004312-004324 FontNameBlock "la_gioconda"
004325-004340 DataBlock
  ................ 0a 00 00 00 02 00 00 00 01 00 00 00 dd da fa ff
004341-004363 StringBlock "Default Font Category"
004364-004379 DataBlock
  ................ 00 00 00 00 00 00 00 00 00 00 00 00 01 00 00 00
004380-004392 T0Block "brighten_t0"
004393-004408 DataBlock
  ................ 00 00 00 00 00 00 00 00 00 00 00 00 00 00 00 00
004409-004419 T0Block "normal_t0"
004420-004439 DataBlock
  ................ 00 00 00 00 00 00 00 00 00 00 00 00 00 00 00 00
  ....             04 00 00 00
004440-004463 ImageUseBlock id=312300640 xofs=0 yofs=0 xsize=50 ysize=50 brga=4294967295
004464-004597 DataBlock
  ................ 00 00 00 00 00 00 00 00 00 00 00 00 00 00 00 01
  ................ 01 00 00 00 00 00 00 00 00 00 00 00 00 00 00 00
  ................ 00 00 00 00 00 00 00 00 00 00 00 00 00 00 00 00
  ........S....... 00 00 00 00 00 00 00 80 53 9d 12 00 00 00 00 00
  ...2...2........ 00 00 00 32 00 00 00 32 00 00 00 ff ff ff ff 00
  ................ 00 00 00 00 00 00 00 00 00 00 00 00 00 00 01 01
  ................ 00 00 00 00 00 00 00 00 00 00 00 00 00 00 00 00
  ................ 00 00 00 00 00 00 00 00 00 00 00 00 00 00 00 00
  ......           00 00 00 00 00 00
004598-004621 ImageUseBlock id=315451616 xofs=0 yofs=0 xsize=50 ysize=50 brga=16777215
004622-004676 DataBlock
  ................ 00 00 00 00 00 00 00 00 00 00 00 00 00 00 00 01
  ................ 01 00 00 00 00 00 00 00 00 00 00 00 00 00 00 00
  ................ 00 00 00 00 00 00 00 00 00 00 00 00 00 00 00 00
  .......          00 00 00 00 00 00 00
004677-004700 ImageUseBlock id=315452288 xofs=0 yofs=0 xsize=50 ysize=50 brga=16777215
004701-004821 DataBlock
  ................ 00 00 00 00 00 00 00 00 00 00 00 00 00 00 00 01
  ................ 01 00 00 00 00 00 00 00 00 00 00 80 bf 00 00 00
  ................ 00 00 00 00 00 00 00 00 00 00 00 00 00 00 00 00
  .......5........ 00 00 00 00 00 00 00 35 00 00 00 95 00 00 00 02
  ........3..d...] 00 00 00 00 00 00 00 a0 33 8d 12 64 00 00 00 5d
  .......`MJ...... 00 00 00 01 00 00 00 60 4d 4a 12 00 00 00 00 00
  ......:......... 00 02 00 00 00 80 3a 8d 12 00 00 00 00 00 00 00
  ......:..        00 00 00 00 00 80 3a 8d 12
004822-004827 StringBlock "down"
004828-004864 DataBlock
  2...2........... 32 00 00 00 32 00 00 00 00 00 00 00 00 00 00 00
  ................ 02 00 00 00 00 00 00 00 01 00 00 00 01 00 00 00
  .....            00 00 00 00 00
004865-004877 FontNameBlock "la_gioconda"
004878-004893 DataBlock
  ................ 0a 00 00 00 02 00 00 00 01 00 00 00 dd da fa ff
004894-004916 StringBlock "Default Font Category"
004917-004932 DataBlock
  ................ 00 00 00 00 00 00 00 00 00 00 00 00 01 00 00 00
004933-004947 T0Block "glow_pulse_t0"
004948-004963 DataBlock
  ...=............ cd cc cc 3d 00 00 00 00 00 00 00 00 00 00 00 00
004964-004974 T0Block "normal_t0"
004975-004994 DataBlock
  ................ 00 00 00 00 00 00 00 00 00 00 00 00 00 00 00 00
  ....             04 00 00 00
004995-005018 ImageUseBlock id=312300640 xofs=0 yofs=1 xsize=50 ysize=50 brga=4294967295
005019-005073 DataBlock
  ................ 00 00 00 00 00 00 00 00 00 00 00 00 00 00 00 01
  ................ 01 00 00 00 00 00 00 00 00 00 00 00 00 00 00 00
  ................ 00 00 00 00 00 00 00 00 00 00 00 00 00 00 00 00
  .......          00 00 00 00 00 00 00
005074-005097 ImageUseBlock id=315451616 xofs=0 yofs=1 xsize=50 ysize=50 brga=1694498815
005098-005231 DataBlock
  ................ 00 00 00 00 00 00 00 00 00 00 00 00 00 00 00 01
  ................ 01 00 00 00 00 00 00 00 00 00 00 00 00 00 00 00
  ................ 00 00 00 00 00 00 00 00 00 00 00 00 00 00 00 00
  ........S....... 00 00 00 00 00 00 00 80 53 9d 12 00 00 00 00 01
  ...2...2........ 00 00 00 32 00 00 00 32 00 00 00 ff ff ff ff 00
  ................ 00 00 00 00 00 00 00 00 00 00 00 00 00 00 01 01
  ................ 00 00 00 00 00 00 00 00 00 00 00 00 00 00 00 00
  ................ 00 00 00 00 00 00 00 00 00 00 00 00 00 00 00 00
  ......           00 00 00 00 00 00
005232-005255 ImageUseBlock id=315452288 xofs=0 yofs=1 xsize=50 ysize=50 brga=16777215
005256-005366 DataBlock
  ................ 00 00 00 00 00 00 00 00 00 00 00 00 00 00 00 01
  ................ 01 00 00 00 00 00 00 00 00 00 00 00 00 00 00 00
  ................ 00 00 00 00 00 00 00 00 00 00 00 00 00 00 00 00
  .......h........ 00 00 00 00 00 00 00 68 01 00 00 93 00 00 00 02
  ........<......_ 00 00 00 01 00 00 00 c0 3c 8d 12 c8 00 00 00 5f
  ............3... 00 00 00 00 00 00 00 03 00 00 00 a0 33 8d 12 00
  ............<..  00 00 00 00 00 00 00 00 00 00 00 c0 3c 8d 12
005367-005376 StringBlock "down_off"
005377-005413 DataBlock
  2...2........... 32 00 00 00 32 00 00 00 00 00 00 00 02 00 00 00
  ................ 00 00 00 00 00 00 00 00 01 00 00 00 01 00 00 00
  .....            00 00 00 00 00
005414-005426 FontNameBlock "la_gioconda"
005427-005442 DataBlock
  ................ 0a 00 00 00 02 00 00 00 01 00 00 00 dd da fa ff
005443-005465 StringBlock "Default Font Category"
005466-005481 DataBlock
  ................ 00 00 00 00 00 00 00 00 00 00 00 00 01 00 00 00
005482-005492 T0Block "normal_t0"
005493-005508 DataBlock
  ................ 00 00 00 00 00 00 00 00 00 00 00 00 00 00 00 00
005509-005519 T0Block "normal_t0"
005520-005539 DataBlock
  ................ 00 00 00 00 00 00 00 00 00 00 00 00 00 00 00 00
  ....             03 00 00 00
005540-005563 ImageUseBlock id=312300640 xofs=0 yofs=1 xsize=50 ysize=50 brga=4294967295
005564-005697 DataBlock
  ................ 00 00 00 00 00 00 00 00 00 00 00 00 00 00 00 01
  ................ 01 00 00 00 00 00 00 00 00 00 00 00 00 00 00 00
  ................ 00 00 00 00 00 00 00 00 00 00 00 00 00 00 00 00
  ........S....... 00 00 00 00 00 00 00 80 53 9d 12 00 00 00 00 01
  ...2...2........ 00 00 00 32 00 00 00 32 00 00 00 ff ff ff ff 00
  ................ 00 00 00 00 00 00 00 00 00 00 00 00 00 00 01 01
  ................ 00 00 00 00 00 00 00 00 00 00 00 00 00 00 00 00
  ................ 00 00 00 00 00 00 00 00 00 00 00 00 00 00 00 00
  ......           00 00 00 00 00 00
005698-005721 ImageUseBlock id=315451616 xofs=0 yofs=0 xsize=50 ysize=50 brga=16777215
005722-005845 DataBlock
  ................ 00 00 00 00 00 00 00 00 00 00 00 00 00 00 00 01
  ................ 01 00 00 00 00 00 00 00 00 00 00 00 00 00 00 00
  ................ 00 00 00 00 00 00 00 00 00 00 00 00 00 00 00 00
  ................ 00 00 00 00 00 00 00 de 00 00 00 0b 01 00 00 02
  ........:..d..._ 00 00 00 00 00 00 00 80 3a 8d 12 64 00 00 00 5f
  ........... 8... 00 00 00 00 00 00 00 08 00 00 00 20 38 8d 12 96
  ..._...........d 00 00 00 5f 00 00 00 00 00 00 00 00 00 00 00 64
  ............     00 00 00 00 00 00 00 00 00 00 00 00
005846-005866 StringBlock "grp_gw_cancel_close"
005867-005875 DataBlock
  .......J.        00 00 00 00 00 c0 2e 4a 12
005876-005888 StringBlock "button_tick"
005889-005896 StringBlock "Button"
005897-005917 DataBlock
  ................ 0a 00 00 00 ff ff ff ff 00 01 01 00 00 00 00 01
  .....            00 00 00 00 01
005918-005931 UnicodeBlock "Accept"
005932-006009 UnicodeBlock "button_add_veteran_unit_Tooltip_720052"
006010-006030 DataBlock
  ...............} 00 00 00 00 00 00 00 00 00 00 00 00 00 a0 e7 7d
  .....            12 05 00 00 00
006031-006088 ImageBlock id=308767552 xsize=206 ysize=207 path="ui\\skins\\default\\button_basic_active.png" unknown=1735139328
006089-006089 DataBlock
  .                12
006090-006124 ImagePathBlock "ui\\skins\\default\\fe_icon_tick.png"
006125-006133 DataBlock
  2...2....        32 00 00 00 32 00 00 00 00
006134-006183 ImageBlock id=308768000 xsize=206 ysize=206 path="ui\\skins\\default\\button_glow.png" unknown=1735254016
006184-006184 DataBlock
  .                12
006185-006228 ImagePathBlock "ui\\skins\\default\\button_basic_inactive.png"
006229-006237 DataBlock
  .........        ce 00 00 00 cf 00 00 00 00
006238-006292 ImageBlock id=308768448 xsize=50 ysize=50 path="ui\\skins\\default\\button_edge_glow.png" unknown=0
006293-006305 DataBlock
  ...........}.    00 00 00 00 00 05 00 00 00 00 e3 7d 12
006306-006312 StringBlock "hover"
006313-006349 DataBlock
  2...2........... 32 00 00 00 32 00 00 00 00 00 00 00 02 00 00 00
  ................ 00 00 00 00 00 00 00 00 01 00 00 00 01 00 00 00
  .....            00 00 00 00 00
006350-006362 FontNameBlock "la_gioconda"
006363-006378 DataBlock
  ................ 0a 00 00 00 02 00 00 00 01 00 00 00 dd da fa ff
006379-006401 StringBlock "Default Font Category"
006402-006417 DataBlock
  ................ 00 00 00 00 00 00 00 00 00 00 00 00 01 00 00 00
006418-006432 T0Block "glow_pulse_t0"
006433-006448 DataBlock
  ff.?...?...?.... 66 66 a6 3f 00 00 80 3f 00 00 80 3f 00 00 00 00
006449-006459 T0Block "normal_t0"
006460-006479 DataBlock
  ................ 00 00 00 00 00 00 00 00 00 00 00 00 00 00 00 00
  ....             04 00 00 00
006480-006503 ImageUseBlock id=308767552 xofs=0 yofs=0 xsize=50 ysize=50 brga=4294967295
006504-006637 DataBlock
  ................ 00 00 00 00 00 00 00 00 00 00 00 00 00 00 00 01
  ................ 01 00 00 00 00 00 00 00 00 00 00 00 00 00 00 00
  ................ 00 00 00 00 00 00 00 00 00 00 00 00 00 00 00 00
  ....... lg...... 00 00 00 00 00 00 00 20 6c 67 12 00 00 00 00 00
  ...2...2........ 00 00 00 32 00 00 00 32 00 00 00 ff ff ff ff 00
  ................ 00 00 00 00 00 00 00 00 00 00 00 00 00 00 01 01
  ................ 00 00 00 00 00 00 00 00 00 00 00 00 00 00 00 00
  ................ 00 00 00 00 00 00 00 00 00 00 00 00 00 00 00 00
  ......           00 00 00 00 00 00
006638-006661 ImageUseBlock id=308768000 xofs=0 yofs=0 xsize=50 ysize=50 brga=855638015
006662-006716 DataBlock
  ................ 00 00 00 00 00 00 00 00 00 00 00 00 00 00 00 01
  ................ 01 00 00 00 00 00 00 00 00 00 00 00 00 00 00 00
  ................ 00 00 00 00 00 00 00 00 00 00 00 00 00 00 00 00
  .......          00 00 00 00 00 00 00
006717-006740 ImageUseBlock id=308768448 xofs=0 yofs=0 xsize=50 ysize=50 brga=2533359615
006741-006861 DataBlock
  ................ 00 00 00 00 00 00 00 00 00 00 00 00 00 00 00 01
  ................ 01 00 00 00 00 00 00 00 00 00 00 80 bf 00 00 00
  ................ 00 00 00 00 00 00 00 00 00 00 00 00 00 00 00 00
  ................ 00 00 00 00 00 00 00 d5 00 00 00 11 00 00 00 02
  .........}....._ 00 00 00 01 00 00 00 a0 e7 7d 12 96 00 00 00 5f
  .........J...... 00 00 00 01 00 00 00 c0 2e 4a 12 00 00 00 00 00
  .......}.....].. 00 02 00 00 00 e0 e9 7d 12 c8 00 00 00 5d 00 00
  .....@.}.        00 00 00 00 00 40 e5 7d 12
006862-006871 StringBlock "inactive"
006872-006908 DataBlock
  2...2........... 32 00 00 00 32 00 00 00 00 00 00 00 02 00 00 00
  ................ 00 00 00 00 00 00 00 00 01 00 00 00 01 00 00 00
  .....            00 00 00 00 00
006909-006921 FontNameBlock "la_gioconda"
006922-006937 DataBlock
  ................ 0a 00 00 00 02 00 00 00 01 00 00 00 dd da fa ff
006938-006960 StringBlock "Default Font Category"
006961-006976 DataBlock
  ................ 00 00 00 00 00 00 00 00 00 00 00 00 01 01 00 00
006977-006987 T0Block "normal_t0"
006988-007003 DataBlock
  ................ 00 00 00 00 00 00 00 00 00 00 00 00 00 00 00 00
007004-007014 T0Block "normal_t0"
007015-007166 DataBlock
  ................ 00 00 00 00 00 00 00 00 00 00 00 00 00 00 00 00
  .....mg......... 02 00 00 00 e0 6d 67 12 00 00 00 00 00 00 00 00
  2...2........... 32 00 00 00 32 00 00 00 ff ff ff ff 00 00 00 00
  ................ 00 00 00 00 00 00 00 00 00 00 00 01 01 00 00 00
  ................ 00 00 00 00 00 00 00 00 00 00 00 00 00 00 00 00
  ................ 00 00 00 00 00 00 00 00 00 00 00 00 00 00 00 00
  ... lg.........2 00 00 00 20 6c 67 12 00 00 00 00 00 00 00 00 32
  ...2............ 00 00 00 32 00 00 00 c0 c0 c0 96 00 00 00 00 00
  ................ 00 00 00 00 00 00 00 00 00 00 01 01 00 00 00 00
  ........         00 00 00 00 00 00 00 00
007167-007177 T0Block "normal_t0"
007178-007217 DataBlock
  ................ 00 00 00 00 00 00 00 00 00 00 00 00 00 00 00 00
  ................ 00 00 00 00 00 00 00 00 00 00 00 00 00 00 00 00
  ......}.         00 00 00 00 a0 e7 7d 12
007218-007225 StringBlock "active"
007226-007262 DataBlock
  2...2........... 32 00 00 00 32 00 00 00 00 00 00 00 00 00 00 00
  ................ 02 00 00 00 00 00 00 00 01 00 00 00 01 00 00 00
  .....            00 00 00 00 00
007263-007275 FontNameBlock "la_gioconda"
007276-007291 DataBlock
  ................ 0a 00 00 00 02 00 00 00 01 00 00 00 dd da fa ff
007292-007314 StringBlock "Default Font Category"
007315-007330 DataBlock
  ................ 00 00 00 00 00 00 00 00 00 00 00 00 01 00 00 00
007331-007343 T0Block "brighten_t0"
007344-007359 DataBlock
  ................ 00 00 00 00 00 00 00 00 00 00 00 00 00 00 00 00
007360-007370 T0Block "normal_t0"
007371-007390 DataBlock
  ................ 00 00 00 00 00 00 00 00 00 00 00 00 00 00 00 00
  ....             04 00 00 00
007391-007414 ImageUseBlock id=308767552 xofs=0 yofs=0 xsize=50 ysize=50 brga=4294967295
007415-007548 DataBlock
  ................ 00 00 00 00 00 00 00 00 00 00 00 00 00 00 00 01
  ................ 01 00 00 00 00 00 00 00 00 00 00 00 00 00 00 00
  ................ 00 00 00 00 00 00 00 00 00 00 00 00 00 00 00 00
  ....... lg...... 00 00 00 00 00 00 00 20 6c 67 12 00 00 00 00 00
  ...2...2........ 00 00 00 32 00 00 00 32 00 00 00 ff ff ff ff 00
  ................ 00 00 00 00 00 00 00 00 00 00 00 00 00 00 01 01
  ................ 00 00 00 00 00 00 00 00 00 00 00 00 00 00 00 00
  ................ 00 00 00 00 00 00 00 00 00 00 00 00 00 00 00 00
  ......           00 00 00 00 00 00
007549-007572 ImageUseBlock id=308768000 xofs=0 yofs=0 xsize=50 ysize=50 brga=16777215
007573-007627 DataBlock
  ................ 00 00 00 00 00 00 00 00 00 00 00 00 00 00 00 01
  ................ 01 00 00 00 00 00 00 00 00 00 00 00 00 00 00 00
  ................ 00 00 00 00 00 00 00 00 00 00 00 00 00 00 00 00
  .......          00 00 00 00 00 00 00
007628-007651 ImageUseBlock id=308768448 xofs=0 yofs=0 xsize=50 ysize=50 brga=16777215
007652-007772 DataBlock
  ................ 00 00 00 00 00 00 00 00 00 00 00 00 00 00 00 01
  ................ 01 00 00 00 00 00 00 00 00 00 00 80 bf 00 00 00
  ................ 00 00 00 00 00 00 00 00 00 00 00 00 00 00 00 00
  .......5........ 00 00 00 00 00 00 00 35 00 00 00 95 00 00 00 02
  .........}.d...] 00 00 00 00 00 00 00 00 e3 7d 12 64 00 00 00 5d
  .........J...... 00 00 00 01 00 00 00 c0 2e 4a 12 00 00 00 00 00
  .......}........ 00 02 00 00 00 e0 e9 7d 12 00 00 00 00 00 00 00
  .......}.        00 00 00 00 00 e0 e9 7d 12
007773-007778 StringBlock "down"
007779-007815 DataBlock
  2...2........... 32 00 00 00 32 00 00 00 00 00 00 00 00 00 00 00
  ................ 02 00 00 00 00 00 00 00 01 00 00 00 01 00 00 00
  .....            00 00 00 00 00
007816-007828 FontNameBlock "la_gioconda"
007829-007844 DataBlock
  ................ 0a 00 00 00 02 00 00 00 01 00 00 00 dd da fa ff
007845-007867 StringBlock "Default Font Category"
007868-007883 DataBlock
  ................ 00 00 00 00 00 00 00 00 00 00 00 00 01 00 00 00
007884-007898 T0Block "glow_pulse_t0"
007899-007914 DataBlock
  ...=............ cd cc cc 3d 00 00 00 00 00 00 00 00 00 00 00 00
007915-007925 T0Block "normal_t0"
007926-007945 DataBlock
  ................ 00 00 00 00 00 00 00 00 00 00 00 00 00 00 00 00
  ....             04 00 00 00
007946-007969 ImageUseBlock id=308767552 xofs=0 yofs=1 xsize=50 ysize=50 brga=4294967295
007970-008024 DataBlock
  ................ 00 00 00 00 00 00 00 00 00 00 00 00 00 00 00 01
  ................ 01 00 00 00 00 00 00 00 00 00 00 00 00 00 00 00
  ................ 00 00 00 00 00 00 00 00 00 00 00 00 00 00 00 00
  .......          00 00 00 00 00 00 00
008025-008048 ImageUseBlock id=308768000 xofs=0 yofs=1 xsize=50 ysize=50 brga=1694498815
008049-008182 DataBlock
  ................ 00 00 00 00 00 00 00 00 00 00 00 00 00 00 00 01
  ................ 01 00 00 00 00 00 00 00 00 00 00 00 00 00 00 00
  ................ 00 00 00 00 00 00 00 00 00 00 00 00 00 00 00 00
  ....... lg...... 00 00 00 00 00 00 00 20 6c 67 12 00 00 00 00 01
  ...2...2........ 00 00 00 32 00 00 00 32 00 00 00 ff ff ff ff 00
  ................ 00 00 00 00 00 00 00 00 00 00 00 00 00 00 01 01
  ................ 00 00 00 00 00 00 00 00 00 00 00 00 00 00 00 00
  ................ 00 00 00 00 00 00 00 00 00 00 00 00 00 00 00 00
  ......           00 00 00 00 00 00
008183-008206 ImageUseBlock id=308768448 xofs=0 yofs=1 xsize=50 ysize=50 brga=16777215
008207-008317 DataBlock
  ................ 00 00 00 00 00 00 00 00 00 00 00 00 00 00 00 01
  ................ 01 00 00 00 00 00 00 00 00 00 00 00 00 00 00 00
  ................ 00 00 00 00 00 00 00 00 00 00 00 00 00 00 00 00
  .......h........ 00 00 00 00 00 00 00 68 01 00 00 93 00 00 00 02
  ....... .}....._ 00 00 00 01 00 00 00 20 ec 7d 12 c8 00 00 00 5f
  .............}.. 00 00 00 00 00 00 00 03 00 00 00 00 e3 7d 12 00
  ........... .}.  00 00 00 00 00 00 00 00 00 00 00 20 ec 7d 12
008318-008327 StringBlock "down_off"
008328-008364 DataBlock
  2...2........... 32 00 00 00 32 00 00 00 00 00 00 00 02 00 00 00
  ................ 00 00 00 00 00 00 00 00 01 00 00 00 01 00 00 00
  .....            00 00 00 00 00
008365-008377 FontNameBlock "la_gioconda"
008378-008393 DataBlock
  ................ 0a 00 00 00 02 00 00 00 01 00 00 00 dd da fa ff
008394-008416 StringBlock "Default Font Category"
008417-008432 DataBlock
  ................ 00 00 00 00 00 00 00 00 00 00 00 00 01 00 00 00
008433-008443 T0Block "normal_t0"
008444-008459 DataBlock
  ................ 00 00 00 00 00 00 00 00 00 00 00 00 00 00 00 00
008460-008470 T0Block "normal_t0"
008471-008490 DataBlock
  ................ 00 00 00 00 00 00 00 00 00 00 00 00 00 00 00 00
  ....             03 00 00 00
008491-008514 ImageUseBlock id=308767552 xofs=0 yofs=1 xsize=50 ysize=50 brga=4294967295
008515-008648 DataBlock
  ................ 00 00 00 00 00 00 00 00 00 00 00 00 00 00 00 01
  ................ 01 00 00 00 00 00 00 00 00 00 00 00 00 00 00 00
  ................ 00 00 00 00 00 00 00 00 00 00 00 00 00 00 00 00
  ....... lg...... 00 00 00 00 00 00 00 20 6c 67 12 00 00 00 00 01
  ...2...2........ 00 00 00 32 00 00 00 32 00 00 00 ff ff ff ff 00
  ................ 00 00 00 00 00 00 00 00 00 00 00 00 00 00 01 01
  ................ 00 00 00 00 00 00 00 00 00 00 00 00 00 00 00 00
  ................ 00 00 00 00 00 00 00 00 00 00 00 00 00 00 00 00
  ......           00 00 00 00 00 00
008649-008672 ImageUseBlock id=308768000 xofs=0 yofs=0 xsize=50 ysize=50 brga=16777215
008673-008796 DataBlock
  ................ 00 00 00 00 00 00 00 00 00 00 00 00 00 00 00 01
  ................ 01 00 00 00 00 00 00 00 00 00 00 00 00 00 00 00
  ................ 00 00 00 00 00 00 00 00 00 00 00 00 00 00 00 00
  ................ 00 00 00 00 00 00 00 de 00 00 00 0b 01 00 00 02
  .........}.d..._ 00 00 00 00 00 00 00 e0 e9 7d 12 64 00 00 00 5f
  .............}.. 00 00 00 00 00 00 00 0b 00 00 00 a0 e7 7d 12 96
  ..._...........d 00 00 00 5f 00 00 00 00 00 00 00 00 00 00 00 64
  ............     00 00 00 00 00 00 00 00 00 00 00 00
008797-008819 StringBlock "grp_gw_accept_confirm"
008820-008836 DataBlock
  .............@0f 00 00 00 00 00 00 00 00 00 00 00 00 00 40 30 66
  .                0e
008837-008846 StringBlock "ok_group"
008847-008910 DataBlock
  ................ 00 00 a8 00 00 00 05 00 00 00 00 01 00 00 00 00
  ................ 00 00 00 00 00 00 01 00 00 00 00 05 00 00 00 00
  ................ 00 00 00 00 00 00 00 00 00 00 00 00 00 00 00 00
  ............0Z.. 00 00 00 00 00 00 00 00 01 00 00 00 30 5a be 09
008911-008920 NewStateBlock "NewState"
008921-008924 XSizeBlock 66
008925-008928 YSizeBlock 50
008929-008957 DataBlock
  ................ 00 00 00 00 02 00 00 00 00 00 00 00 00 00 00 00
  .............    01 00 00 00 01 00 00 00 00 00 00 00 00
008958-008970 FontNameBlock "la_gioconda"
008971-008986 DataBlock
  ................ 0a 00 00 00 02 00 00 00 01 00 00 00 dd da fa ff
008987-009009 StringBlock "Default Font Category"
009010-009025 DataBlock
  ................ 00 00 00 00 00 00 00 00 00 00 00 00 01 00 00 00
009026-009036 T0Block "normal_t0"
009037-009052 DataBlock
  ................ 00 00 00 00 00 00 00 00 00 00 00 00 00 00 00 00
009053-009063 T0Block "normal_t0"
009064-009115 DataBlock
  ................ 00 00 00 00 00 00 00 00 00 00 00 00 00 00 00 00
  ................ 00 00 00 00 00 00 00 00 00 00 00 00 00 00 00 00
  ....d........... 00 00 00 00 64 00 00 00 00 00 00 00 01 00 00 00
  .*?.             80 2a 3f 0e
009116-009122 StringBlock "trim3"
009123-009186 DataBlock
  ................ 00 00 00 00 00 00 00 00 00 00 00 01 01 00 00 00
  ................ 00 01 00 00 00 00 01 00 00 00 00 00 00 00 00 00
  ................ 00 00 00 00 00 00 00 00 00 00 00 00 00 00 00 00
  ............ 1". 00 00 00 00 00 00 00 00 01 00 00 00 20 31 22 0e
009187-009196 NewStateBlock "NewState"
009197-009200 XSizeBlock 66
009201-009204 YSizeBlock 50
009205-009233 DataBlock
  ................ 00 00 00 00 02 00 00 00 00 00 00 00 00 00 00 00
  .............    01 00 00 00 01 00 00 00 00 00 00 00 00
009234-009246 FontNameBlock "la_gioconda"
009247-009262 DataBlock
  ................ 0a 00 00 00 02 00 00 00 01 00 00 00 dd da fa ff
009263-009285 StringBlock "Default Font Category"
009286-009301 DataBlock
  ................ 00 00 00 00 00 00 00 00 00 00 00 00 01 00 00 00
009302-009312 T0Block "normal_t0"
009313-009328 DataBlock
  ................ 00 00 00 00 00 00 00 00 00 00 00 00 00 00 00 00
009329-009339 T0Block "normal_t0"
009340-009391 DataBlock
  ................ 00 00 00 00 00 00 00 00 00 00 00 00 00 00 00 00
  ................ 00 00 00 00 00 00 00 00 00 00 00 00 00 00 00 00
  ....d........... 00 00 00 00 64 00 00 00 00 00 00 00 01 00 00 00
   H%.             20 48 25 12
009392-009404 StringBlock "button_tick"
009405-009412 StringBlock "Button"
009413-009433 DataBlock
  ................ 07 00 00 00 ff ff ff ff 00 00 00 00 00 00 00 01
  .....            00 00 00 00 01
009434-009447 UnicodeBlock "Accept"
009448-009525 UnicodeBlock "button_add_veteran_unit_Tooltip_720052"
009526-009546 DataBlock
  .............`.. 00 00 00 00 00 00 00 00 00 00 00 00 00 60 a7 a9
  .....            12 05 00 00 00
009547-009604 ImageBlock id=310995840 xsize=206 ysize=207 path="ui\\skins\\default\\button_basic_active.png" unknown=2305867776
009605-009605 DataBlock
  .                12
009606-009640 ImagePathBlock "ui\\skins\\default\\fe_icon_tick.png"
009641-009649 DataBlock
  2...2....        32 00 00 00 32 00 00 00 00
009650-009699 ImageBlock id=310996032 xsize=206 ysize=206 path="ui\\skins\\default\\button_glow.png" unknown=2305802240
009700-009700 DataBlock
  .                12
009701-009744 ImagePathBlock "ui\\skins\\default\\button_basic_inactive.png"
009745-009753 DataBlock
  .........        ce 00 00 00 cf 00 00 00 00
009754-009808 ImageBlock id=310888704 xsize=50 ysize=50 path="ui\\skins\\default\\button_edge_glow.png" unknown=0
009809-009821 DataBlock
  .............    00 00 00 00 00 05 00 00 00 c0 a2 a9 12
009822-009828 StringBlock "hover"
009829-009865 DataBlock
  2...2........... 32 00 00 00 32 00 00 00 00 00 00 00 02 00 00 00
  ................ 00 00 00 00 00 00 00 00 01 00 00 00 01 00 00 00
  .....            00 00 00 00 00
009866-009878 FontNameBlock "la_gioconda"
009879-009894 DataBlock
  ................ 0a 00 00 00 02 00 00 00 01 00 00 00 dd da fa ff
009895-009917 StringBlock "Default Font Category"
009918-009933 DataBlock
  ................ 00 00 00 00 00 00 00 00 00 00 00 00 01 00 00 00
009934-009948 T0Block "glow_pulse_t0"
009949-009964 DataBlock
  ff.?...?...?.... 66 66 a6 3f 00 00 80 3f 00 00 80 3f 00 00 00 00
009965-009975 T0Block "normal_t0"
009976-009995 DataBlock
  ................ 00 00 00 00 00 00 00 00 00 00 00 00 00 00 00 00
  ....             04 00 00 00
009996-010019 ImageUseBlock id=310995840 xofs=0 yofs=0 xsize=50 ysize=50 brga=4294967295
010020-010153 DataBlock
  ................ 00 00 00 00 00 00 00 00 00 00 00 00 00 00 00 01
  ................ 01 00 00 00 00 00 00 00 00 00 00 00 00 00 00 00
  ................ 00 00 00 00 00 00 00 00 00 00 00 00 00 00 00 00
  ........p....... 00 00 00 00 00 00 00 c0 70 89 12 00 00 00 00 00
  ...2...2........ 00 00 00 32 00 00 00 32 00 00 00 ff ff ff ff 00
  ................ 00 00 00 00 00 00 00 00 00 00 00 00 00 00 01 01
  ................ 00 00 00 00 00 00 00 00 00 00 00 00 00 00 00 00
  ................ 00 00 00 00 00 00 00 00 00 00 00 00 00 00 00 00
  ......           00 00 00 00 00 00
010154-010177 ImageUseBlock id=310996032 xofs=0 yofs=0 xsize=50 ysize=50 brga=855638015
010178-010232 DataBlock
  ................ 00 00 00 00 00 00 00 00 00 00 00 00 00 00 00 01
  ................ 01 00 00 00 00 00 00 00 00 00 00 00 00 00 00 00
  ................ 00 00 00 00 00 00 00 00 00 00 00 00 00 00 00 00
  .......          00 00 00 00 00 00 00
010233-010256 ImageUseBlock id=310888704 xofs=0 yofs=0 xsize=50 ysize=50 brga=2533359615
010257-010377 DataBlock
  ................ 00 00 00 00 00 00 00 00 00 00 00 00 00 00 00 01
  ................ 01 00 00 00 00 00 00 00 00 00 00 80 bf 00 00 00
  ................ 00 00 00 00 00 00 00 00 00 00 00 00 00 00 00 00
  ................ 00 00 00 00 00 00 00 d5 00 00 00 11 00 00 00 02
  .......`......._ 00 00 00 01 00 00 00 60 a7 a9 12 96 00 00 00 5f
  ....... H%...... 00 00 00 01 00 00 00 20 48 25 12 00 00 00 00 00
  .............].. 00 02 00 00 00 a0 a9 a9 12 c8 00 00 00 5d 00 00
  ..... ...        00 00 00 00 00 20 a5 a9 12
010378-010387 StringBlock "inactive"
010388-010424 DataBlock
  2...2........... 32 00 00 00 32 00 00 00 00 00 00 00 02 00 00 00
  ................ 00 00 00 00 00 00 00 00 01 00 00 00 01 00 00 00
  .....            00 00 00 00 00
010425-010437 FontNameBlock "la_gioconda"
010438-010453 DataBlock
  ................ 0a 00 00 00 02 00 00 00 01 00 00 00 dd da fa ff
010454-010476 StringBlock "Default Font Category"
010477-010492 DataBlock
  ................ 00 00 00 00 00 00 00 00 00 00 00 00 01 01 00 00
010493-010503 T0Block "normal_t0"
010504-010519 DataBlock
  ................ 00 00 00 00 00 00 00 00 00 00 00 00 00 00 00 00
010520-010530 T0Block "normal_t0"
010531-010682 DataBlock
  ................ 00 00 00 00 00 00 00 00 00 00 00 00 00 00 00 00
  .....o.......... 02 00 00 00 c0 6f 89 12 00 00 00 00 00 00 00 00
  2...2........... 32 00 00 00 32 00 00 00 ff ff ff ff 00 00 00 00
  ................ 00 00 00 00 00 00 00 00 00 00 00 01 01 00 00 00
  ................ 00 00 00 00 00 00 00 00 00 00 00 00 00 00 00 00
  ................ 00 00 00 00 00 00 00 00 00 00 00 00 00 00 00 00
  ....p..........2 00 00 00 c0 70 89 12 00 00 00 00 00 00 00 00 32
  ...2............ 00 00 00 32 00 00 00 c0 c0 c0 96 00 00 00 00 00
  ................ 00 00 00 00 00 00 00 00 00 00 01 01 00 00 00 00
  ........         00 00 00 00 00 00 00 00
010683-010693 T0Block "normal_t0"
010694-010733 DataBlock
  ................ 00 00 00 00 00 00 00 00 00 00 00 00 00 00 00 00
  ................ 00 00 00 00 00 00 00 00 00 00 00 00 00 00 00 00
  ....`...         00 00 00 00 60 a7 a9 12
010734-010741 StringBlock "active"
010742-010778 DataBlock
  2...2........... 32 00 00 00 32 00 00 00 00 00 00 00 00 00 00 00
  ................ 02 00 00 00 00 00 00 00 01 00 00 00 01 00 00 00
  .....            00 00 00 00 00
010779-010791 FontNameBlock "la_gioconda"
010792-010807 DataBlock
  ................ 0a 00 00 00 02 00 00 00 01 00 00 00 dd da fa ff
010808-010830 StringBlock "Default Font Category"
010831-010846 DataBlock
  ................ 00 00 00 00 00 00 00 00 00 00 00 00 01 00 00 00
010847-010859 T0Block "brighten_t0"
010860-010875 DataBlock
  ................ 00 00 00 00 00 00 00 00 00 00 00 00 00 00 00 00
010876-010886 T0Block "normal_t0"
010887-010906 DataBlock
  ................ 00 00 00 00 00 00 00 00 00 00 00 00 00 00 00 00
  ....             04 00 00 00
010907-010930 ImageUseBlock id=310995840 xofs=0 yofs=0 xsize=50 ysize=50 brga=4294967295
010931-011064 DataBlock
  ................ 00 00 00 00 00 00 00 00 00 00 00 00 00 00 00 01
  ................ 01 00 00 00 00 00 00 00 00 00 00 00 00 00 00 00
  ................ 00 00 00 00 00 00 00 00 00 00 00 00 00 00 00 00
  ........p....... 00 00 00 00 00 00 00 c0 70 89 12 00 00 00 00 00
  ...2...2........ 00 00 00 32 00 00 00 32 00 00 00 ff ff ff ff 00
  ................ 00 00 00 00 00 00 00 00 00 00 00 00 00 00 01 01
  ................ 00 00 00 00 00 00 00 00 00 00 00 00 00 00 00 00
  ................ 00 00 00 00 00 00 00 00 00 00 00 00 00 00 00 00
  ......           00 00 00 00 00 00
011065-011088 ImageUseBlock id=310996032 xofs=0 yofs=0 xsize=50 ysize=50 brga=16777215
011089-011143 DataBlock
  ................ 00 00 00 00 00 00 00 00 00 00 00 00 00 00 00 01
  ................ 01 00 00 00 00 00 00 00 00 00 00 00 00 00 00 00
  ................ 00 00 00 00 00 00 00 00 00 00 00 00 00 00 00 00
  .......          00 00 00 00 00 00 00
011144-011167 ImageUseBlock id=310888704 xofs=0 yofs=0 xsize=50 ysize=50 brga=16777215
011168-011288 DataBlock
  ................ 00 00 00 00 00 00 00 00 00 00 00 00 00 00 00 01
  ................ 01 00 00 00 00 00 00 00 00 00 00 80 bf 00 00 00
  ................ 00 00 00 00 00 00 00 00 00 00 00 00 00 00 00 00
  .......5........ 00 00 00 00 00 00 00 35 00 00 00 95 00 00 00 02
  ...........d...] 00 00 00 00 00 00 00 c0 a2 a9 12 64 00 00 00 5d
  ....... H%...... 00 00 00 01 00 00 00 20 48 25 12 00 00 00 00 00
  ................ 00 02 00 00 00 a0 a9 a9 12 00 00 00 00 00 00 00
  .........        00 00 00 00 00 a0 a9 a9 12
011289-011294 StringBlock "down"
011295-011331 DataBlock
  2...2........... 32 00 00 00 32 00 00 00 00 00 00 00 00 00 00 00
  ................ 02 00 00 00 00 00 00 00 01 00 00 00 01 00 00 00
  .....            00 00 00 00 00
011332-011344 FontNameBlock "la_gioconda"
011345-011360 DataBlock
  ................ 0a 00 00 00 02 00 00 00 01 00 00 00 dd da fa ff
011361-011383 StringBlock "Default Font Category"
011384-011399 DataBlock
  ................ 00 00 00 00 00 00 00 00 00 00 00 00 01 00 00 00
011400-011414 T0Block "glow_pulse_t0"
011415-011430 DataBlock
  ...=............ cd cc cc 3d 00 00 00 00 00 00 00 00 00 00 00 00
011431-011441 T0Block "normal_t0"
011442-011461 DataBlock
  ................ 00 00 00 00 00 00 00 00 00 00 00 00 00 00 00 00
  ....             04 00 00 00
011462-011485 ImageUseBlock id=310995840 xofs=0 yofs=1 xsize=50 ysize=50 brga=4294967295
011486-011540 DataBlock
  ................ 00 00 00 00 00 00 00 00 00 00 00 00 00 00 00 01
  ................ 01 00 00 00 00 00 00 00 00 00 00 00 00 00 00 00
  ................ 00 00 00 00 00 00 00 00 00 00 00 00 00 00 00 00
  .......          00 00 00 00 00 00 00
011541-011564 ImageUseBlock id=310996032 xofs=0 yofs=1 xsize=50 ysize=50 brga=1694498815
011565-011698 DataBlock
  ................ 00 00 00 00 00 00 00 00 00 00 00 00 00 00 00 01
  ................ 01 00 00 00 00 00 00 00 00 00 00 00 00 00 00 00
  ................ 00 00 00 00 00 00 00 00 00 00 00 00 00 00 00 00
  ........p....... 00 00 00 00 00 00 00 c0 70 89 12 00 00 00 00 01
  ...2...2........ 00 00 00 32 00 00 00 32 00 00 00 ff ff ff ff 00
  ................ 00 00 00 00 00 00 00 00 00 00 00 00 00 00 01 01
  ................ 00 00 00 00 00 00 00 00 00 00 00 00 00 00 00 00
  ................ 00 00 00 00 00 00 00 00 00 00 00 00 00 00 00 00
  ......           00 00 00 00 00 00
011699-011722 ImageUseBlock id=310888704 xofs=0 yofs=1 xsize=50 ysize=50 brga=16777215
011723-011833 DataBlock
  ................ 00 00 00 00 00 00 00 00 00 00 00 00 00 00 00 01
  ................ 01 00 00 00 00 00 00 00 00 00 00 00 00 00 00 00
  ................ 00 00 00 00 00 00 00 00 00 00 00 00 00 00 00 00
  .......h........ 00 00 00 00 00 00 00 68 01 00 00 93 00 00 00 02
  ..............._ 00 00 00 01 00 00 00 00 ac a9 12 c8 00 00 00 5f
  ................ 00 00 00 00 00 00 00 03 00 00 00 c0 a2 a9 12 00
  ...............  00 00 00 00 00 00 00 00 00 00 00 00 ac a9 12
011834-011843 StringBlock "down_off"
011844-011880 DataBlock
  2...2........... 32 00 00 00 32 00 00 00 00 00 00 00 02 00 00 00
  ................ 00 00 00 00 00 00 00 00 01 00 00 00 01 00 00 00
  .....            00 00 00 00 00
011881-011893 FontNameBlock "la_gioconda"
011894-011909 DataBlock
  ................ 0a 00 00 00 02 00 00 00 01 00 00 00 dd da fa ff
011910-011932 StringBlock "Default Font Category"
011933-011948 DataBlock
  ................ 00 00 00 00 00 00 00 00 00 00 00 00 01 00 00 00
011949-011959 T0Block "normal_t0"
011960-011975 DataBlock
  ................ 00 00 00 00 00 00 00 00 00 00 00 00 00 00 00 00
011976-011986 T0Block "normal_t0"
011987-012006 DataBlock
  ................ 00 00 00 00 00 00 00 00 00 00 00 00 00 00 00 00
  ....             03 00 00 00
012007-012030 ImageUseBlock id=310995840 xofs=0 yofs=1 xsize=50 ysize=50 brga=4294967295
012031-012164 DataBlock
  ................ 00 00 00 00 00 00 00 00 00 00 00 00 00 00 00 01
  ................ 01 00 00 00 00 00 00 00 00 00 00 00 00 00 00 00
  ................ 00 00 00 00 00 00 00 00 00 00 00 00 00 00 00 00
  ........p....... 00 00 00 00 00 00 00 c0 70 89 12 00 00 00 00 01
  ...2...2........ 00 00 00 32 00 00 00 32 00 00 00 ff ff ff ff 00
  ................ 00 00 00 00 00 00 00 00 00 00 00 00 00 00 01 01
  ................ 00 00 00 00 00 00 00 00 00 00 00 00 00 00 00 00
  ................ 00 00 00 00 00 00 00 00 00 00 00 00 00 00 00 00
  ......           00 00 00 00 00 00
012165-012188 ImageUseBlock id=310996032 xofs=0 yofs=0 xsize=50 ysize=50 brga=16777215
012189-012312 DataBlock
  ................ 00 00 00 00 00 00 00 00 00 00 00 00 00 00 00 01
  ................ 01 00 00 00 00 00 00 00 00 00 00 00 00 00 00 00
  ................ 00 00 00 00 00 00 00 00 00 00 00 00 00 00 00 00
  ................ 00 00 00 00 00 00 00 de 00 00 00 0b 01 00 00 02
  ...........d..._ 00 00 00 00 00 00 00 a0 a9 a9 12 64 00 00 00 5f
  ...........`.... 00 00 00 00 00 00 00 08 00 00 00 60 a7 a9 12 96
  ..._...........d 00 00 00 5f 00 00 00 00 00 00 00 00 00 00 00 64
  ............     00 00 00 00 00 00 00 00 00 00 00 00
012313-012335 StringBlock "grp_gw_accept_confirm"
012336-012368 DataBlock
  ................ 00 00 00 00 00 00 00 00 00 00 00 00 00 00 00 00
  .............`.. 00 00 00 00 00 00 00 00 00 00 00 00 00 60 95 8c
  .                15
012369-012376 StringBlock "spacer"
012377-012440 DataBlock
  ................ 00 00 00 00 00 00 0b 01 00 00 00 00 00 00 00 00
  ................ 00 01 00 00 00 00 01 00 00 00 00 00 00 00 00 00
  .........P...... 00 00 00 00 00 00 00 00 c0 50 df 14 00 00 00 00
  .............P.. 00 00 00 00 00 00 00 00 01 00 00 00 c0 50 df 14
012441-012450 NewStateBlock "NewState"
012451-012454 XSizeBlock 401
012455-012458 YSizeBlock 8
012459-012487 DataBlock
  ................ 00 00 00 00 02 00 00 00 00 00 00 00 00 00 00 00
  .............    01 00 00 00 01 00 00 00 00 00 00 00 00
012488-012500 FontNameBlock "la_gioconda"
012501-012516 DataBlock
  ................ 0a 00 00 00 02 00 00 00 01 00 00 00 dd da fa ff
012517-012539 StringBlock "Default Font Category"
012540-012555 DataBlock
  ................ 00 00 00 00 00 00 00 00 00 00 00 00 01 00 00 00
012556-012566 T0Block "normal_t0"
012567-012582 DataBlock
  ................ 00 00 00 00 00 00 00 00 00 00 00 00 00 00 00 00
012583-012593 T0Block "normal_t0"
012594-012653 DataBlock
  ................ 00 00 00 00 00 00 00 00 00 00 00 00 00 00 00 00
  ................ 00 00 00 00 00 00 00 00 00 00 00 00 00 00 00 00
  ....d........... 00 00 00 00 64 00 00 00 00 00 00 00 00 00 00 00
  .........5J.     00 00 00 00 00 00 00 00 80 35 4a 12
012654-012671 StringBlock "panel_decoration"
012672-012715 DataBlock
  ..z............. 00 00 7a 00 00 00 00 00 00 00 00 00 00 00 00 00
  ................ 00 01 00 00 00 00 01 00 00 00 00 02 00 00 00 00
  ........@...     00 00 00 00 00 00 00 00 40 03 da 12
012716-012781 ImageListBlock 1 elements:
  012720-012781 ImageBlock id=281770368 xsize=174 ysize=34 path="ui\\skins\\default\\panel_decoration_battle.png" unknown=0
012782-012841 DataBlock
  .........@.....N 00 00 00 00 00 01 00 00 00 40 03 da 12 08 00 4e
  ewState....".... 65 77 53 74 61 74 65 ae 00 00 00 22 00 00 00 00
  ................ 00 00 00 02 00 00 00 00 00 00 00 00 00 00 00 01
  ............     00 00 00 01 00 00 00 00 00 00 00 00
012842-012854 FontNameBlock "la_gioconda"
012855-012870 DataBlock
  ................ 0a 00 00 00 02 00 00 00 01 00 00 00 dd da fa ff
012871-012893 StringBlock "Default Font Category"
012894-012909 DataBlock
  ................ 00 00 00 00 00 00 00 00 00 00 00 00 00 00 00 00
012910-012920 T0Block "normal_t0"
012921-012936 DataBlock
  ................ 00 00 00 00 00 00 00 00 00 00 00 00 00 00 00 00
012937-012947 T0Block "normal_t0"
012948-012967 DataBlock
  ................ 00 00 00 00 00 00 00 00 00 00 00 00 00 00 00 00
  ....             01 00 00 00
012968-012991 ImageUseBlock id=281770368 xofs=0 yofs=4294967262 xsize=174 ysize=34 brga=4294967295
012992-013083 DataBlock
  ................ 00 00 00 00 00 00 00 00 00 00 00 00 00 00 00 00
  ................ 00 00 00 00 00 00 00 00 00 00 00 00 00 00 00 00
  ................ 00 00 00 00 00 00 00 00 00 00 00 00 00 00 00 00
  ................ 00 00 00 00 00 00 00 00 00 00 00 00 00 00 00 00
  .......d........ 00 00 00 00 00 00 00 64 00 00 00 00 00 00 00 00
  ............     00 00 00 00 00 00 00 00 00 00 00 01
013084-013090 StringBlock "Table"
013091-013190 DataBlock
  ...........C...B 04 00 00 00 01 00 00 00 00 00 d1 43 00 00 cf 42
  .T&............. f0 54 26 0e 00 00 00 00 00 00 00 00 01 00 00 00
  ...C...B`....... 00 00 d1 43 00 00 cf 42 60 d5 8b 15 00 00 00 00
  ...........C..pB 00 00 00 00 01 00 00 00 00 00 d1 43 00 00 70 42
  ................ a0 ee 8b 15 00 00 00 00 00 00 00 00 01 00 00 00
  ...C...A`....... 00 00 d1 43 00 00 00 41 60 95 8c 15 00 00 00 00
  ....             00 00 00 00
013191-013218 StringBlock "grp_gw_generic_pop_up_open"
013219-013231 DataBlock
  .............    00 00 00 00 00 00 00 00 00 00 00 00 00
