000000-000009 VersionBlock 84
000010-000013 RootIDBlock 176255616
000014-000019 StringBlock "root"
000020-000098 DataBlock
  ................ 00 00 00 00 00 00 00 00 00 00 00 01 01 00 00 00
  ................ 00 01 00 00 00 00 01 00 00 00 00 00 00 00 00 00
  ................ 00 00 00 00 00 00 00 00 00 00 00 00 01 00 00 00
   ............... 20 8d d3 10 00 00 00 05 00 00 c0 03 00 00 00 00
  .............S.  00 00 00 00 00 00 00 01 00 00 00 00 c4 53 11
000099-000108 NewStateBlock "NewState"
000109-000112 XSizeBlock 1280
000113-000116 YSizeBlock 960
000117-000145 DataBlock
  ................ 00 00 00 00 02 00 00 00 00 00 00 00 00 00 00 00
  .............    01 00 00 00 01 00 00 00 00 00 00 00 00
000146-000161 FontNameBlock "georgia_italic"
000162-000177 DataBlock
  ................ 0a 00 00 00 02 00 00 00 01 00 00 00 dd da fa ff
000178-000200 StringBlock "Default Font Category"
000201-000216 DataBlock
  ................ 00 00 00 00 00 00 00 00 00 00 00 00 01 00 00 00
000217-000227 T0Block "normal_t0"
000228-000243 DataBlock
  ................ 00 00 00 00 00 00 00 00 00 00 00 00 00 00 00 00
000244-000254 T0Block "normal_t0"
000255-000385 DataBlock
  ................ 00 00 00 00 00 00 00 00 00 00 00 00 00 00 00 00
  .... ........... 01 00 00 00 20 8d d3 10 00 00 00 00 00 00 00 00
  ............. 00 05 00 00 c0 03 00 00 7f 7f 7f ff 00 00 00 00
  ................ 00 00 00 00 00 00 00 00 00 00 00 01 01 00 00 00
  ................ 00 00 00 00 00 00 00 00 00 00 00 00 00 00 00 00
  ................ 00 00 00 00 00 00 00 00 00 00 00 00 00 00 00 00
  ................ 00 00 00 00 00 00 00 00 00 00 00 00 00 00 00 00
  ................ 00 00 00 00 00 00 00 00 00 00 00 01 00 00 00 a0
  #..              23 18 11
000386-000407 StringBlock "special_unit_tooltip"
000408-000430 StringBlock "BattleLandUnitTooltip"
000431-000472 DataBlock
  ................ 89 01 00 00 92 00 00 00 00 01 01 00 00 00 00 01
  ................ 00 00 00 00 01 00 00 00 00 00 00 00 00 00 00 00
  ..........       00 00 00 00 00 00 00 00 00 00
000473-000536 ImageListBlock 1 elements:
  000477-000536 ImageBlock id=413075072 xsize=1 ysize=1 path="ui\\skins\\default\\1x1_transparent_white.png" unknown=0
000537-000596 DataBlock
  ...........;...N 00 00 00 00 00 01 00 00 00 a0 e3 3b 0c 08 00 4e
  ewState....@.... 65 77 53 74 61 74 65 d8 00 00 00 40 00 00 00 00
  ................ 00 00 00 02 00 00 00 00 00 00 00 00 00 00 00 01
  ............     00 00 00 01 00 00 00 00 00 00 00 00
000597-000612 FontNameBlock "georgia_italic"
000613-000628 DataBlock
  ................ 0a 00 00 00 02 00 00 00 01 00 00 00 dd da fa ff
000629-000651 StringBlock "Default Font Category"
000652-000667 DataBlock
  ................ 00 00 00 00 00 00 00 00 00 00 00 00 00 00 00 00
000668-000678 T0Block "normal_t0"
000679-000694 DataBlock
  ................ 00 00 00 00 00 00 00 00 00 00 00 00 00 00 00 00
000695-000705 T0Block "normal_t0"
000706-000725 DataBlock
  ................ 00 00 00 00 00 00 00 00 00 00 00 00 00 00 00 00
  ....             01 00 00 00
000726-000749 ImageUseBlock id=413075072 xofs=0 yofs=0 xsize=1 ysize=1 brga=4294967295
000750-000820 DataBlock
  ................ 00 00 00 00 00 00 00 00 00 00 00 00 00 00 00 01
  ................ 01 00 00 00 00 00 00 00 00 00 00 00 00 00 00 00
  ................ 00 00 00 00 00 00 00 00 00 00 00 00 00 00 00 00
  ................ 00 00 00 00 00 00 00 00 00 00 00 00 00 00 00 00
  .......          00 00 00 01 00 00 00
000821-000837 StringBlock "expand_delay_ms"
000838-000843 StringBlock "2500"
000844-000851 DataBlock
  ........         1e 00 00 00 03 00 00 00
000852-000861 StringBlock "fade_out"
000862-000927 DataBlock
  ..............". 01 00 02 00 00 00 00 00 00 00 00 00 00 00 22 01
  ..a............. 00 00 61 00 00 00 ff ff ff ff 00 00 00 00 00 00
  ................ 00 00 00 00 00 00 00 00 00 00 00 00 00 00 ff ff
  ..........F..... ff ff ff ff ff ff 00 00 00 00 46 00 00 00 00 00
  .?               80 3f
000928-000935 StringBlock "Linear"
000936-000999 DataBlock
  ............"... 00 00 00 00 00 00 00 00 00 00 00 00 22 01 00 00
  n............... 6e 00 00 00 ff ff ff 00 00 00 00 00 00 00 00 00
  ................ 00 00 00 00 00 00 00 00 00 00 00 00 ff ff ff ff
  ........@......? ff ff ff ff 00 00 00 00 40 00 00 00 00 00 80 3f
001000-001007 StringBlock "Linear"
001008-001011 DataBlock
  ....             00 00 00 00
001012-001020 StringBlock "fade_in"
001021-001086 DataBlock
  ..............". 01 00 03 00 00 00 00 00 00 00 00 00 00 00 22 01
  ..n............. 00 00 6e 00 00 00 ff 00 00 00 00 00 00 00 00 00
  ................ 00 00 00 00 00 00 00 00 00 00 00 00 00 00 ff ff
  ..........@..... ff ff ff ff ff ff 00 00 00 00 40 00 00 00 00 00
  .?               80 3f
001087-001094 StringBlock "Linear"
001095-001158 DataBlock
  ............"... 00 00 00 00 00 00 00 00 00 00 00 00 22 01 00 00
  n............... 6e 00 00 00 ff 00 00 00 00 00 00 00 00 00 00 00
  ................ 00 00 00 00 00 00 00 00 00 00 00 00 ff ff ff ff
  ...............? ff ff ff ff fa 00 00 00 00 00 00 00 00 00 80 3f
001159-001166 StringBlock "Linear"
001167-001230 DataBlock
  ............"... 00 00 00 00 00 00 00 00 00 00 00 00 22 01 00 00
  n...@........... 6e 00 00 00 40 e0 d0 ff 00 00 00 00 00 00 00 00
  ................ 00 00 00 00 00 00 00 00 00 00 00 00 ff ff ff ff
  ........@......? ff ff ff ff c8 00 00 00 40 00 00 00 00 00 80 3f
001231-001238 StringBlock "Linear"
001239-001242 DataBlock
  ....             00 00 00 00
001243-001250 StringBlock "expand"
001251-001316 DataBlock
  ................ 01 00 02 00 00 00 00 00 00 00 00 00 00 00 bf 00
  ................ 00 00 96 00 00 00 ff ff ff ff 00 00 00 00 00 00
  ................ 00 00 00 00 00 00 00 00 00 00 00 00 00 00 ff ff
  ................ ff ff ff ff ff ff 00 00 00 00 00 00 00 00 00 00
  .?               80 3f
001317-001324 StringBlock "Linear"
001325-001332 DataBlock
  .....[p&         05 00 00 00 00 5b 70 26
001333-001340 StringBlock "expand"
001341-001348 DataBlock
  ......P.         00 00 00 00 c0 a7 50 16
001349-001356 StringBlock "expand"
001357-001364 DataBlock
  ....._..         00 00 00 00 00 5f d7 15
001365-001372 StringBlock "expand"
001373-001380 DataBlock
  .....s..         00 00 00 00 a0 73 b8 0d
001381-001388 StringBlock "expand"
001389-001396 DataBlock
  ........         00 00 00 00 c0 e9 10 1f
001397-001404 StringBlock "expand"
001405-001468 DataBlock
  ................ 00 00 00 00 00 00 00 00 00 00 00 00 d8 00 00 00
  ................ a0 00 00 00 ff ff ff ff 00 00 00 00 00 00 00 00
  ................ 00 00 00 00 00 00 00 00 00 00 00 00 ff ff ff ff
  ....,..........? ff ff ff ff 2c 01 00 00 04 00 00 00 00 00 80 3f
001469-001476 StringBlock "Linear"
001477-001488 DataBlock
  .........\..     00 00 00 00 01 00 00 00 f0 5c 85 0a
001489-001497 StringBlock "tooltip"
001498-001541 DataBlock
  ................ 00 00 00 00 00 00 00 00 00 00 00 01 01 00 00 00
  ................ 00 01 00 00 00 00 01 00 00 00 00 01 00 00 00 00
  ............     00 00 00 00 00 00 00 00 00 00 00 00
001542-001597 ImageListBlock 1 elements:
  001546-001597 ImageBlock id=206777840 xsize=64 ysize=64 path="ui\\skins\\default\\tooltip_frame.png" unknown=0
001598-001657 DataBlock
  ......... .....N 00 00 00 00 00 01 00 00 00 20 92 ef 10 08 00 4e
  ewState....@.... 65 77 53 74 61 74 65 d8 00 00 00 40 00 00 00 00
  ................ 00 00 00 02 00 00 00 00 00 00 00 00 00 00 00 01
  ............     00 00 00 01 00 00 00 00 00 00 00 00
001658-001670 FontNameBlock "la_gioconda"
001671-001686 DataBlock
  ................ 0c 00 00 00 07 00 00 00 00 00 00 00 d7 f8 ff ff
001687-001703 StringBlock "fe_tooltip_text"
001704-001719 DataBlock
  ................ 08 00 00 00 06 00 00 00 00 00 00 00 00 00 00 00
001720-001730 T0Block "normal_t0"
001731-001746 DataBlock
  ................ 00 00 00 00 00 00 00 00 00 00 00 00 00 00 00 00
001747-001757 T0Block "normal_t0"
001758-001777 DataBlock
  ................ 00 00 00 00 00 00 00 00 00 00 00 00 00 00 00 00
  ....             01 00 00 00
001778-001801 ImageUseBlock id=206777840 xofs=0 yofs=0 xsize=216 ysize=64 brga=4294967295
001802-001888 DataBlock
  ................ 00 00 00 00 00 00 00 00 00 00 00 00 00 00 00 01
  ................ 01 00 00 00 00 00 00 00 00 00 00 00 00 00 00 00
  ................ 00 00 00 00 00 00 00 00 00 00 00 00 00 00 00 00
  ..A...A......... 00 10 41 00 00 10 41 00 00 00 00 00 00 00 00 00
  ................ 00 00 00 00 00 00 00 1e 00 00 00 00 00 00 00 05
  ....f..          00 00 00 80 66 90 19
001889-001900 StringBlock "allegiance"
001901-001944 DataBlock
  ................ 00 00 00 00 00 00 09 00 00 00 00 01 00 00 00 00
  ................ 00 01 00 00 00 00 01 00 00 00 00 01 00 00 00 00
  ........@...     00 00 00 09 00 00 00 00 40 04 8d 19
001945-001993 ImageListBlock 1 elements:
  001949-001993 ImageBlock id=423705856 xsize=400 ysize=24 path="ui\\skins\\default\\h_line.png" unknown=0
001994-002053 DataBlock
  .........@.....N 00 00 00 00 00 01 00 00 00 40 04 8d 19 08 00 4e
  ewState......... 65 77 53 74 61 74 65 d8 00 00 00 18 00 00 00 00
  ................ 00 00 00 02 00 00 00 00 00 00 00 00 00 00 00 01
  ............     00 00 00 01 00 00 00 00 00 00 00 00
002054-002069 FontNameBlock "georgia_italic"
002070-002085 DataBlock
  ................ 0a 00 00 00 02 00 00 00 01 00 00 00 dd da fa ff
002086-002108 StringBlock "Default Font Category"
002109-002124 DataBlock
  ................ 00 00 00 00 00 00 00 00 00 00 00 00 01 00 00 00
002125-002135 T0Block "normal_t0"
002136-002151 DataBlock
  ................ 00 00 00 00 00 00 00 00 00 00 00 00 00 00 00 00
002152-002162 T0Block "normal_t0"
002163-002182 DataBlock
  ................ 00 00 00 00 00 00 00 00 00 00 00 00 00 00 00 00
  ....             01 00 00 00
002183-002206 ImageUseBlock id=423705856 xofs=0 yofs=0 xsize=216 ysize=24 brga=4294901760
002207-002301 DataBlock
  ................ 00 00 00 00 00 00 00 00 00 00 00 00 00 00 00 01
  ................ 00 00 00 00 00 00 00 00 00 00 00 00 00 00 00 00
  ................ 00 00 00 00 00 00 00 00 00 00 00 00 00 00 00 00
  ................ 00 00 00 00 00 00 00 00 00 00 00 00 00 00 00 00
  ................ 00 00 00 00 00 00 00 1e 00 00 00 00 00 00 00 00
  .............].  00 00 00 00 00 00 00 00 00 00 00 e0 84 5d 11
002302-002311 StringBlock "txt_name"
002312-002375 DataBlock
  .. ............. 00 00 20 00 00 00 07 00 00 00 00 01 00 00 00 00
  ...............  00 01 00 00 00 00 01 00 00 00 00 01 00 00 00 20
  ................ 00 00 00 07 00 00 00 00 00 00 00 00 00 00 00 00
  ..............]. 00 00 00 00 00 00 00 00 01 00 00 00 c0 89 5d 11
002376-002385 NewStateBlock "NewState"
002386-002389 XSizeBlock 77
002390-002393 YSizeBlock 24
002394-002413 UnicodeBlock "Unit name"
002414-002436 DataBlock
  ................ 00 00 02 00 00 00 04 00 00 00 00 00 00 00 03 00
  .......          00 00 01 00 00 00 00
002437-002496 UnicodeBlock "txt_name_NewState_Text_310022"
002497-002498 DataBlock
  ..               00 00
002499-002511 FontNameBlock "la_gioconda"
002512-002527 DataBlock
  ................ 0c 00 00 00 07 00 00 00 00 00 00 00 d7 f8 ff ff
002528-002544 StringBlock "fe_tooltip_text"
002545-002560 DataBlock
  ................ 02 00 00 00 00 00 00 00 00 00 00 00 00 00 00 00
002561-002571 T0Block "normal_t0"
002572-002587 DataBlock
  ................ 00 00 00 00 00 00 00 00 00 00 00 00 00 00 00 00
002588-002598 T0Block "normal_t0"
002599-002650 DataBlock
  ................ 00 00 00 00 00 00 00 00 00 00 00 00 00 00 00 00
  ................ 00 00 00 00 00 00 00 00 00 00 00 00 00 00 00 00
  ................ 00 00 00 00 1e 00 00 00 00 00 00 00 01 00 00 00
  ..."             80 c0 9e 22
002651-002667 StringBlock "icon_experience"
002668-002715 DataBlock
  ..M............. 00 00 4d 00 00 00 ff ff ff ff 00 00 00 00 00 00
  ................ 00 01 00 00 00 00 01 00 00 00 00 03 00 00 00 18
  ...........".... 00 00 00 ff ff ff ff 00 80 91 a0 22 09 00 00 00
002716-002766 ImageBlock id=324703488 xsize=12 ysize=15 path="ui\\skins\\default\\experience_9.png" unknown=1519296512
002767-002767 DataBlock
  .                13
002768-002802 ImagePathBlock "ui\\skins\\default\\experience_1.png"
002803-002811 DataBlock
  .........        0c 00 00 00 0f 00 00 00 00
002812-002862 ImageBlock id=324703008 xsize=12 ysize=15 path="ui\\skins\\default\\experience_2.png" unknown=1519534080
002863-002863 DataBlock
  .                13
002864-002898 ImagePathBlock "ui\\skins\\default\\experience_3.png"
002899-002907 DataBlock
  .........        0c 00 00 00 0f 00 00 00 00
002908-002958 ImageBlock id=324702560 xsize=12 ysize=15 path="ui\\skins\\default\\experience_4.png" unknown=1519419392
002959-002959 DataBlock
  .                13
002960-002994 ImagePathBlock "ui\\skins\\default\\experience_5.png"
002995-003003 DataBlock
  .........        0c 00 00 00 0f 00 00 00 00
003004-003054 ImageBlock id=324702080 xsize=12 ysize=15 path="ui\\skins\\default\\experience_6.png" unknown=1517518848
003055-003055 DataBlock
  .                13
003056-003090 ImagePathBlock "ui\\skins\\default\\experience_7.png"
003091-003099 DataBlock
  .........        0c 00 00 00 0f 00 00 00 00
003100-003150 ImageBlock id=324701632 xsize=12 ysize=15 path="ui\\skins\\default\\experience_8.png" unknown=0
003151-003176 DataBlock
  ............"..1 00 00 00 00 00 0b 00 00 00 c0 93 a0 22 01 00 31
  ..........       18 00 00 00 18 00 00 00 00 00
003177-003196 UnicodeBlock "XP rank 1"
003197-003219 DataBlock
  ................ 02 00 00 00 00 00 00 00 00 00 00 00 01 00 00 00
  .......          01 00 00 00 00 00 00
003220-003265 UnicodeBlock "Level_1_Tooltip_4c0043"
003266-003278 FontNameBlock "la_gioconda"
003279-003294 DataBlock
  ................ 0c 00 00 00 07 00 00 00 00 00 00 00 00 00 00 ff
003295-003313 StringBlock "ingame_text_small"
003314-003329 DataBlock
  ................ 00 00 00 00 00 00 00 00 00 00 00 00 01 01 00 00
003330-003340 T0Block "normal_t0"
003341-003356 DataBlock
  ..L............. cd cc 4c be 00 00 00 00 00 00 00 00 00 00 00 00
003357-003367 T0Block "normal_t0"
003368-003522 DataBlock
  ................ 00 00 00 00 00 00 00 00 00 00 00 00 00 00 00 00
  ......Z......... 01 00 00 00 a0 8e 5a 13 00 00 00 00 00 00 00 00
  ................ 18 00 00 00 18 00 00 00 ff ff ff ff 00 00 00 00
  ................ 00 00 00 00 00 00 00 00 00 00 00 01 01 00 00 00
  ................ 00 00 00 00 00 00 00 00 00 00 00 00 00 00 00 00
  ................ 00 00 00 00 00 00 00 00 00 00 00 00 00 00 00 00
  ................ 00 00 00 00 00 00 00 00 00 00 00 00 00 00 00 80
  .."..0.......... 91 a0 22 01 00 30 18 00 00 00 18 00 00 00 00 00
  ................ 00 00 02 00 00 00 00 00 00 00 00 00 00 00 01 00
  ...........      00 00 01 00 00 00 00 00 00 00 00
003523-003535 FontNameBlock "la_gioconda"
003536-003551 DataBlock
  ................ 0c 00 00 00 07 00 00 00 00 00 00 00 00 00 00 ff
003552-003570 StringBlock "ingame_text_small"
003571-003586 DataBlock
  ................ 00 00 00 00 00 00 00 00 00 00 00 00 00 00 00 00
003587-003597 T0Block "normal_t0"
003598-003613 DataBlock
  ................ 00 00 00 00 00 00 00 00 00 00 00 00 00 00 00 00
003614-003624 T0Block "normal_t0"
003625-003673 DataBlock
  ................ 00 00 00 00 00 00 00 00 00 00 00 00 00 00 00 00
  ................ 00 00 00 00 00 00 00 00 00 00 00 00 00 00 00 00
  ..."..3......... 00 98 a0 22 01 00 33 18 00 00 00 18 00 00 00 00
  .                00
003674-003693 UnicodeBlock "XP rank 3"
003694-003716 DataBlock
  ................ 02 00 00 00 00 00 00 00 00 00 00 00 01 00 00 00
  .......          01 00 00 00 00 00 00
003717-003762 UnicodeBlock "Level_3_Tooltip_6c0041"
003763-003775 FontNameBlock "la_gioconda"
003776-003791 DataBlock
  ................ 0c 00 00 00 07 00 00 00 00 00 00 00 00 00 00 ff
003792-003810 StringBlock "ingame_text_small"
003811-003826 DataBlock
  ................ 00 00 00 00 00 00 00 00 00 00 00 00 01 01 00 00
003827-003837 T0Block "normal_t0"
003838-003853 DataBlock
  ..L............. cd cc 4c be 00 00 00 00 00 00 00 00 00 00 00 00
003854-003864 T0Block "normal_t0"
003865-003992 DataBlock
  ................ 00 00 00 00 00 00 00 00 00 00 00 00 00 00 00 00
  ....@.Z......... 01 00 00 00 40 92 5a 13 00 00 00 00 00 00 00 00
  ................ 18 00 00 00 18 00 00 00 ff ff ff ff 00 00 00 00
  ................ 00 00 00 00 00 00 00 00 00 00 00 01 01 00 00 00
  ................ 00 00 00 00 00 00 00 00 00 00 00 00 00 00 00 00
  ................ 00 00 00 00 00 00 00 00 00 00 00 00 00 00 00 00
  ...............@ 00 00 00 00 00 00 00 00 00 00 00 00 00 00 00 40
  .."..2.......... 9a a0 22 01 00 32 18 00 00 00 18 00 00 00 00 00
003993-004012 UnicodeBlock "XP rank 2"
004013-004035 DataBlock
  ................ 02 00 00 00 00 00 00 00 00 00 00 00 01 00 00 00
  .......          01 00 00 00 00 00 00
004036-004081 UnicodeBlock "Level_2_Tooltip_6c0040"
004082-004094 FontNameBlock "la_gioconda"
004095-004110 DataBlock
  ................ 0c 00 00 00 07 00 00 00 00 00 00 00 00 00 00 ff
004111-004129 StringBlock "ingame_text_small"
004130-004145 DataBlock
  ................ 00 00 00 00 00 00 00 00 00 00 00 00 01 01 00 00
004146-004156 T0Block "normal_t0"
004157-004172 DataBlock
  ..L............. cd cc 4c be 00 00 00 00 00 00 00 00 00 00 00 00
004173-004183 T0Block "normal_t0"
004184-004203 DataBlock
  ................ 00 00 00 00 00 00 00 00 00 00 00 00 00 00 00 00
  ....             01 00 00 00
004204-004227 ImageUseBlock id=324703008 xofs=0 yofs=0 xsize=24 ysize=24 brga=4294967295
004228-004311 DataBlock
  ................ 00 00 00 00 00 00 00 00 00 00 00 00 00 00 00 01
  ................ 01 00 00 00 00 00 00 00 00 00 00 00 00 00 00 00
  ................ 00 00 00 00 00 00 00 00 00 00 00 00 00 00 00 00
  ................ 00 00 00 00 00 00 00 00 00 00 00 00 00 00 00 00
  ......"..5...... 00 00 00 c0 ac ef 22 01 00 35 18 00 00 00 18 00
  ....             00 00 00 00
004312-004331 UnicodeBlock "XP rank 5"
004332-004354 DataBlock
  ................ 02 00 00 00 00 00 00 00 00 00 00 00 01 00 00 00
  .......          01 00 00 00 00 00 00
004355-004400 UnicodeBlock "Level_5_Tooltip_6c0047"
004401-004413 FontNameBlock "la_gioconda"
004414-004429 DataBlock
  ................ 0c 00 00 00 07 00 00 00 00 00 00 00 00 00 00 ff
004430-004448 StringBlock "ingame_text_small"
004449-004464 DataBlock
  ................ 00 00 00 00 00 00 00 00 00 00 00 00 01 01 00 00
004465-004475 T0Block "normal_t0"
004476-004491 DataBlock
  ................ 00 00 00 bf 00 00 00 00 00 00 00 00 00 00 00 00
004492-004502 T0Block "normal_t0"
004503-004630 DataBlock
  ................ 00 00 00 00 00 00 00 00 00 00 00 00 00 00 00 00
  ......Z......... 01 00 00 00 80 90 5a 13 00 00 00 00 00 00 00 00
  ................ 18 00 00 00 18 00 00 00 ff ff ff ff 00 00 00 00
  ................ 00 00 00 00 00 00 00 00 00 00 00 01 01 00 00 00
  ................ 00 00 00 00 00 00 00 00 00 00 00 00 00 00 00 00
  ................ 00 00 00 00 00 00 00 00 00 00 00 00 00 00 00 00
  ...............@ 00 00 00 00 00 00 00 00 00 00 00 00 00 00 00 40
  6."..4.......... 36 d5 22 01 00 34 18 00 00 00 18 00 00 00 00 00
004631-004650 UnicodeBlock "XP rank 4"
004651-004673 DataBlock
  ................ 02 00 00 00 00 00 00 00 00 00 00 00 01 00 00 00
  .......          01 00 00 00 00 00 00
004674-004719 UnicodeBlock "Level_4_Tooltip_6c0046"
004720-004732 FontNameBlock "la_gioconda"
004733-004748 DataBlock
  ................ 0c 00 00 00 07 00 00 00 00 00 00 00 00 00 00 ff
004749-004767 StringBlock "ingame_text_small"
004768-004783 DataBlock
  ................ 00 00 00 00 00 00 00 00 00 00 00 00 01 01 00 00
004784-004794 T0Block "normal_t0"
004795-004810 DataBlock
  ................ 00 00 00 bf 00 00 00 00 00 00 00 00 00 00 00 00
004811-004821 T0Block "normal_t0"
004822-004841 DataBlock
  ................ 00 00 00 00 00 00 00 00 00 00 00 00 00 00 00 00
  ....             01 00 00 00
004842-004865 ImageUseBlock id=324702560 xofs=0 yofs=0 xsize=24 ysize=24 brga=4294967295
004866-004949 DataBlock
  ................ 00 00 00 00 00 00 00 00 00 00 00 00 00 00 00 01
  ................ 01 00 00 00 00 00 00 00 00 00 00 00 00 00 00 00
  ................ 00 00 00 00 00 00 00 00 00 00 00 00 00 00 00 00
  ................ 00 00 00 00 00 00 00 00 00 00 00 00 00 00 00 00
  ....8."..7...... 00 00 00 80 38 d5 22 01 00 37 18 00 00 00 18 00
  ....             00 00 00 00
004950-004969 UnicodeBlock "XP rank 7"
004970-004992 DataBlock
  ................ 02 00 00 00 00 00 00 00 00 00 00 00 01 00 00 00
  .......          01 00 00 00 00 00 00
004993-005038 UnicodeBlock "Level_7_Tooltip_660045"
005039-005051 FontNameBlock "la_gioconda"
005052-005067 DataBlock
  ................ 0c 00 00 00 07 00 00 00 00 00 00 00 00 00 00 ff
005068-005086 StringBlock "ingame_text_small"
005087-005102 DataBlock
  ................ 00 00 00 00 00 00 00 00 00 00 00 00 01 01 00 00
005103-005113 T0Block "normal_t0"
005114-005129 DataBlock
  333............. 33 33 33 bf 00 00 00 00 00 00 00 00 00 00 00 00
005130-005140 T0Block "normal_t0"
005141-005268 DataBlock
  ................ 00 00 00 00 00 00 00 00 00 00 00 00 00 00 00 00
  .....sZ......... 01 00 00 00 80 73 5a 13 00 00 00 00 00 00 00 00
  ................ 18 00 00 00 18 00 00 00 ff ff ff ff 00 00 00 00
  ................ 00 00 00 00 00 00 00 00 00 00 00 01 01 00 00 00
  ................ 00 00 00 00 00 00 00 00 00 00 00 00 00 00 00 00
  ................ 00 00 00 00 00 00 00 00 00 00 00 00 00 00 00 00
  ................ 00 00 00 00 00 00 00 00 00 00 00 00 00 00 00 80
  :."..6.......... 3a d5 22 01 00 36 18 00 00 00 18 00 00 00 00 00
005269-005288 UnicodeBlock "XP rank 6"
005289-005311 DataBlock
  ................ 02 00 00 00 00 00 00 00 00 00 00 00 01 00 00 00
  .......          01 00 00 00 00 00 00
005312-005357 UnicodeBlock "Level_6_Tooltip_6c0044"
005358-005370 FontNameBlock "la_gioconda"
005371-005386 DataBlock
  ................ 0c 00 00 00 07 00 00 00 00 00 00 00 00 00 00 ff
005387-005405 StringBlock "ingame_text_small"
005406-005421 DataBlock
  ................ 00 00 00 00 00 00 00 00 00 00 00 00 01 01 00 00
005422-005432 T0Block "normal_t0"
005433-005448 DataBlock
  ................ 00 00 00 bf 00 00 00 00 00 00 00 00 00 00 00 00
005449-005459 T0Block "normal_t0"
005460-005479 DataBlock
  ................ 00 00 00 00 00 00 00 00 00 00 00 00 00 00 00 00
  ....             01 00 00 00
005480-005503 ImageUseBlock id=324702080 xofs=0 yofs=0 xsize=24 ysize=24 brga=4294967295
005504-005587 DataBlock
  ................ 00 00 00 00 00 00 00 00 00 00 00 00 00 00 00 01
  ................ 01 00 00 00 00 00 00 00 00 00 00 00 00 00 00 00
  ................ 00 00 00 00 00 00 00 00 00 00 00 00 00 00 00 00
  ................ 00 00 00 00 00 00 00 00 00 00 00 00 00 00 00 00
  ....<."..9...... 00 00 00 c0 3c d5 22 01 00 39 18 00 00 00 18 00
  ....             00 00 00 00
005588-005607 UnicodeBlock "XP rank 9"
005608-005630 DataBlock
  ................ 02 00 00 00 00 00 00 00 00 00 00 00 01 00 00 00
  .......          01 00 00 00 00 00 00
005631-005676 UnicodeBlock "Level_9_Tooltip_6c004b"
005677-005689 FontNameBlock "la_gioconda"
005690-005705 DataBlock
  ................ 0c 00 00 00 07 00 00 00 00 00 00 00 00 00 00 ff
005706-005724 StringBlock "ingame_text_small"
005725-005740 DataBlock
  ................ 00 00 00 00 00 00 00 00 00 00 00 00 01 01 00 00
005741-005751 T0Block "normal_t0"
005752-005767 DataBlock
  333............. 33 33 33 bf 00 00 00 00 00 00 00 00 00 00 00 00
005768-005778 T0Block "normal_t0"
005779-005798 DataBlock
  ................ 00 00 00 00 00 00 00 00 00 00 00 00 00 00 00 00
  ....             01 00 00 00
005799-005822 ImageUseBlock id=324703488 xofs=0 yofs=0 xsize=24 ysize=24 brga=4294967295
005823-005906 DataBlock
  ................ 00 00 00 00 00 00 00 00 00 00 00 00 00 00 00 01
  ................ 01 00 00 00 00 00 00 00 00 00 00 00 00 00 00 00
  ................ 00 00 00 00 00 00 00 00 00 00 00 00 00 00 00 00
  ................ 00 00 00 00 00 00 00 00 00 00 00 00 00 00 00 00
  ....?."..8...... 00 00 00 00 3f d5 22 01 00 38 18 00 00 00 18 00
  ....             00 00 00 00
005907-005926 UnicodeBlock "XP rank 8"
005927-005949 DataBlock
  ................ 02 00 00 00 00 00 00 00 00 00 00 00 01 00 00 00
  .......          01 00 00 00 00 00 00
005950-005995 UnicodeBlock "Level_8_Tooltip_6c004a"
005996-006008 FontNameBlock "la_gioconda"
006009-006024 DataBlock
  ................ 0c 00 00 00 07 00 00 00 00 00 00 00 00 00 00 ff
006025-006043 StringBlock "ingame_text_small"
006044-006059 DataBlock
  ................ 00 00 00 00 00 00 00 00 00 00 00 00 01 01 00 00
006060-006070 T0Block "normal_t0"
006071-006086 DataBlock
  333............. 33 33 33 bf 00 00 00 00 00 00 00 00 00 00 00 00
006087-006097 T0Block "normal_t0"
006098-006117 DataBlock
  ................ 00 00 00 00 00 00 00 00 00 00 00 00 00 00 00 00
  ....             01 00 00 00
006118-006141 ImageUseBlock id=324701632 xofs=0 yofs=0 xsize=24 ysize=24 brga=4294967295
006142-006226 DataBlock
  ................ 00 00 00 00 00 00 00 00 00 00 00 00 00 00 00 01
  ................ 01 00 00 00 00 00 00 00 00 00 00 00 00 00 00 00
  ................ 00 00 00 00 00 00 00 00 00 00 00 00 00 00 00 00
  ................ 00 00 00 00 00 00 00 00 00 00 00 00 00 00 00 00
  ....A."..10..... 00 00 00 00 41 d5 22 02 00 31 30 18 00 00 00 18
  .....            00 00 00 00 00
006227-006248 UnicodeBlock "XP rank 10"
006249-006271 DataBlock
  ................ 02 00 00 00 00 00 00 00 00 00 00 00 01 00 00 00
  .......          01 00 00 00 00 00 00
006272-006329 UnicodeBlock "experience_10_Tooltip_5c0043"
006330-006342 FontNameBlock "la_gioconda"
006343-006358 DataBlock
  ................ 0c 00 00 00 07 00 00 00 00 00 00 00 d7 f8 ff ff
006359-006374 StringBlock "ingame_tooltip"
006375-006390 DataBlock
  ................ 00 00 00 00 00 00 00 00 00 00 00 00 01 01 00 00
006391-006401 T0Block "normal_t0"
006402-006417 DataBlock
  ................ 00 00 00 00 00 00 00 00 00 00 00 00 00 00 00 00
006418-006428 T0Block "normal_t0"
006429-006496 DataBlock
  ................ 00 00 00 00 00 00 00 00 00 00 00 00 00 00 00 00
  ................ 00 00 00 00 00 00 00 00 00 00 00 00 00 00 00 00
  ................ 00 00 00 00 1e 00 00 00 00 00 00 00 00 00 00 00
  ................ 00 00 00 00 00 00 00 00 00 00 00 00 00 00 00 00
  .=S.             e0 3d 53 11
006497-006512 StringBlock "mon_background"
006513-006556 DataBlock
  ................ 00 00 07 00 00 00 07 00 00 00 00 00 00 00 00 00
  ................ 00 01 00 00 00 00 01 00 00 00 00 01 00 00 00 07
  ............     00 00 00 07 00 00 00 00 80 89 de 10
006557-006619 ImageListBlock 1 elements:
  006561-006619 ImageBlock id=291200160 xsize=128 ysize=128 path="ui\\skins\\default\\colour_picker_circle.png" unknown=0
006620-006679 DataBlock
  ...............N 00 00 00 00 00 01 00 00 00 80 89 de 10 08 00 4e
  ewState......... 65 77 53 74 61 74 65 18 00 00 00 18 00 00 00 00
  ................ 00 00 00 02 00 00 00 00 00 00 00 00 00 00 00 01
  ............     00 00 00 01 00 00 00 00 00 00 00 00
006680-006695 FontNameBlock "georgia_italic"
006696-006711 DataBlock
  ................ 0a 00 00 00 02 00 00 00 01 00 00 00 dd da fa ff
006712-006734 StringBlock "Default Font Category"
006735-006750 DataBlock
  ................ 00 00 00 00 00 00 00 00 00 00 00 00 00 00 00 00
006751-006761 T0Block "normal_t0"
006762-006777 DataBlock
  ................ 00 00 80 be 00 00 00 00 00 00 00 00 00 00 00 00
006778-006788 T0Block "normal_t0"
006789-006808 DataBlock
  ................ 00 00 80 be 00 00 00 00 00 00 00 00 00 00 00 00
  ....             01 00 00 00
006809-006832 ImageUseBlock id=291200160 xofs=1 yofs=1 xsize=22 ysize=22 brga=4294967295
006833-006919 DataBlock
  ................ 00 00 00 00 00 00 00 00 00 00 00 00 00 00 00 01
  ................ 01 00 00 00 00 00 00 00 00 00 00 00 00 00 00 00
  ................ 00 00 00 00 00 00 00 00 00 00 00 00 00 00 00 00
  ................ 00 00 00 00 00 00 00 00 00 00 00 00 00 00 00 00
  ................ 00 00 00 00 00 00 00 1e 00 00 00 00 00 00 00 01
  ....BS.          00 00 00 c0 42 53 11
006920-006930 StringBlock "mon_crest"
006931-006974 DataBlock
  ................ 00 00 00 00 00 00 00 00 00 00 00 00 00 00 00 00
  ................ 00 01 00 00 00 00 01 00 00 00 00 00 00 00 00 00
  ........@.b.     00 00 00 00 00 00 00 00 40 14 62 11
006975-007023 ImageListBlock 1 elements:
  006979-007023 ImageBlock id=176513488 xsize=64 ysize=64 path="ui\\skins\\default\\mon_64.png" unknown=0
007024-007082 DataBlock
  .........@.b...d 00 00 00 00 00 01 00 00 00 40 14 62 11 07 00 64
  efault.......... 65 66 61 75 6c 74 18 00 00 00 18 00 00 00 00 00
  ................ 00 00 02 00 00 00 00 00 00 00 00 00 00 00 01 00
  ...........      00 00 01 00 00 00 00 00 00 00 00
007083-007098 FontNameBlock "georgia_italic"
007099-007114 DataBlock
  ................ 0a 00 00 00 02 00 00 00 01 00 00 00 dd da fa ff
007115-007137 StringBlock "Default Font Category"
007138-007153 DataBlock
  ................ 00 00 00 00 00 00 00 00 00 00 00 00 00 00 00 00
007154-007164 T0Block "normal_t0"
007165-007180 DataBlock
  ................ 00 00 80 be 00 00 00 00 00 00 00 00 00 00 00 00
007181-007191 T0Block "normal_t0"
007192-007211 DataBlock
  ................ 00 00 80 be 00 00 00 00 00 00 00 00 00 00 00 00
  ....             01 00 00 00
007212-007235 ImageUseBlock id=176513488 xofs=0 yofs=0 xsize=24 ysize=24 brga=4294967295
007236-007338 DataBlock
  ................ 00 00 00 00 00 00 00 00 00 00 00 00 00 00 00 01
  ................ 01 00 00 00 00 00 00 00 00 00 00 00 00 00 00 00
  ................ 00 00 00 00 00 00 00 00 00 00 00 00 00 00 00 00
  ................ 00 00 00 00 00 00 00 00 00 00 00 00 00 00 00 00
  ................ 00 00 00 00 00 00 00 1e 00 00 00 00 00 00 00 00
  ................ 00 00 00 00 00 00 00 00 00 00 00 00 00 00 00 00
  ....W[.          00 00 00 c0 57 5b 11
007339-007355 StringBlock "men_info_parent"
007356-007419 DataBlock
  ................ 00 00 91 00 00 00 09 00 00 00 00 00 00 00 00 00
  ................ 00 01 00 00 00 00 01 00 00 00 00 03 00 00 00 00
  ................ 00 00 00 09 00 00 00 00 00 00 00 00 00 00 00 00
  ..............b. 00 00 00 00 00 00 00 00 01 00 00 00 00 e5 62 11
007420-007429 NewStateBlock "NewState"
007430-007433 XSizeBlock 71
007434-007437 YSizeBlock 27
007438-007466 DataBlock
  ................ 00 00 00 00 02 00 00 00 00 00 00 00 00 00 00 00
  .............    01 00 00 00 01 00 00 00 00 00 00 00 00
007467-007482 FontNameBlock "georgia_italic"
007483-007498 DataBlock
  ................ 0a 00 00 00 02 00 00 00 01 00 00 00 dd da fa ff
007499-007521 StringBlock "Default Font Category"
007522-007537 DataBlock
  ................ 00 00 00 00 00 00 00 00 00 00 00 00 00 00 00 00
007538-007548 T0Block "normal_t0"
007549-007564 DataBlock
  ................ 00 00 00 00 00 00 00 00 00 00 00 00 00 00 00 00
007565-007575 T0Block "normal_t0"
007576-007627 DataBlock
  ................ 00 00 00 00 00 00 00 00 00 00 00 00 00 00 00 00
  ................ 00 00 00 00 00 00 00 00 00 00 00 00 00 00 00 00
  ................ 00 00 00 00 1e 00 00 00 00 00 00 00 02 00 00 00
  ..].             a0 a1 5d 11
007628-007636 StringBlock "txt_men"
007637-007700 DataBlock
  ................ 00 00 fb ff ff ff fe ff ff ff 00 00 00 00 00 00
  ................ 00 01 00 00 00 00 01 00 00 00 00 00 00 00 00 00
  ................ 00 00 00 00 00 00 00 00 00 00 00 00 00 00 00 00
  ................ 00 00 00 00 00 00 00 00 01 00 00 00 c0 83 de 10
007701-007710 NewStateBlock "NewState"
007711-007714 XSizeBlock 65
007715-007718 YSizeBlock 24
007719-007734 UnicodeBlock "000/000"
007735-007757 DataBlock
  ................ 00 00 03 00 00 00 04 00 00 00 00 00 00 00 01 00
  .......          00 00 01 00 00 00 00
007758-007815 UnicodeBlock "txt_men_NewState_Text_300000"
007816-007817 DataBlock
  ..               00 00
007818-007830 FontNameBlock "la_gioconda"
007831-007846 DataBlock
  ................ 0c 00 00 00 07 00 00 00 00 00 00 00 d7 f8 ff ff
007847-007863 StringBlock "fe_tooltip_text"
007864-007879 DataBlock
  ................ 00 00 00 00 00 00 00 00 00 00 00 00 00 00 00 00
007880-007890 T0Block "normal_t0"
007891-007906 DataBlock
  ................ 00 00 00 00 00 00 00 00 00 00 00 00 00 00 00 00
007907-007917 T0Block "normal_t0"
007918-007977 DataBlock
  ................ 00 00 00 00 00 00 00 00 00 00 00 00 00 00 00 00
  ................ 00 00 00 00 00 00 00 00 00 00 00 00 00 00 00 00
  ................ 00 00 00 00 1e 00 00 00 00 00 00 00 00 00 00 00
  ........ .a.     00 00 00 00 00 00 00 00 20 b8 61 11
007978-007996 StringBlock "txt_secondary_men"
007997-008060 DataBlock
  ................ 00 00 b9 ff ff ff fe ff ff ff 00 01 00 00 00 00
  ................ 00 00 00 00 00 00 01 00 00 00 00 00 00 00 00 00
  ................ 00 00 00 00 00 00 00 00 00 00 00 00 00 00 00 00
  ..............[. 00 00 00 00 00 00 00 00 01 00 00 00 00 d5 5b 0c
008061-008070 NewStateBlock "NewState"
008071-008074 XSizeBlock 65
008075-008078 YSizeBlock 24
008079-008094 UnicodeBlock "000/000"
008095-008117 DataBlock
  ................ 00 00 03 00 00 00 04 00 00 00 00 00 00 00 01 00
  .......          00 00 01 00 00 00 00
008118-008181 UnicodeBlock "txt_cannon_NewState_Text_300000"
008182-008183 DataBlock
  ..               00 00
008184-008196 FontNameBlock "la_gioconda"
008197-008212 DataBlock
  ................ 0c 00 00 00 07 00 00 00 00 00 00 00 d7 f8 ff ff
008213-008229 StringBlock "fe_tooltip_text"
008230-008245 DataBlock
  ................ 00 00 00 00 00 00 00 00 00 00 00 00 00 00 00 00
008246-008256 T0Block "normal_t0"
008257-008272 DataBlock
  ................ 00 00 00 00 00 00 00 00 00 00 00 00 00 00 00 00
008273-008283 T0Block "normal_t0"
008284-008351 DataBlock
  ................ 00 00 00 00 00 00 00 00 00 00 00 00 00 00 00 00
  ................ 00 00 00 00 00 00 00 00 00 00 00 00 00 00 00 00
  ................ 00 00 00 00 1e 00 00 00 00 00 00 00 00 00 00 00
  ................ 00 00 00 00 00 00 00 00 00 00 00 00 00 00 00 00
  `.U.             60 c7 55 16
008352-008364 StringBlock "icon_parent"
008365-008428 DataBlock
  ...... ......... 00 00 08 00 00 00 20 00 00 00 00 00 00 00 00 00
  ................ 00 01 00 00 00 00 01 00 00 00 00 01 00 00 00 08
  ... ............ 00 00 00 20 00 00 00 00 00 00 00 00 00 00 00 00
  ..............H. 00 00 00 00 00 00 00 00 01 00 00 00 e0 95 48 16
008429-008438 NewStateBlock "NewState"
008439-008442 XSizeBlock 191
008443-008446 YSizeBlock 29
008447-008475 DataBlock
  ................ 00 00 00 00 02 00 00 00 00 00 00 00 00 00 00 00
  .............    01 00 00 00 01 00 00 00 00 00 00 00 00
008476-008488 FontNameBlock "la_gioconda"
008489-008504 DataBlock
  ................ 0c 00 00 00 07 00 00 00 00 00 00 00 d7 f8 ff ff
008505-008521 StringBlock "fe_tooltip_text"
008522-008537 DataBlock
  ................ 08 00 00 00 06 00 00 00 00 00 00 00 00 00 00 00
008538-008548 T0Block "normal_t0"
008549-008564 DataBlock
  ................ 00 00 00 00 00 00 00 00 00 00 00 00 00 00 00 00
008565-008575 T0Block "normal_t0"
008576-008627 DataBlock
  ................ 00 00 00 00 00 00 00 00 00 00 00 00 00 00 00 00
  ................ 00 00 00 00 00 00 00 00 00 00 00 00 00 00 00 00
  ................ 00 00 00 00 1e 00 00 00 00 00 00 00 05 00 00 00
  ._..             00 5f d7 15
008628-008640 StringBlock "icon_morale"
008641-008684 DataBlock
  ................ 00 00 00 00 00 00 00 00 00 00 00 00 00 00 00 00
  ................ 00 01 00 00 00 00 01 00 00 00 00 01 00 00 00 00
  .........>..     00 00 00 00 00 00 00 00 00 3e b5 15
008685-008745 ImageListBlock 1 elements:
  008689-008745 ImageBlock id=367448704 xsize=24 ysize=24 path="ui\\skins\\default\\icon_status_morale.png" unknown=0
008746-008804 DataBlock
  ..........>....d 00 00 00 00 00 01 00 00 00 00 3e b5 15 07 00 64
  efault.......... 65 66 61 75 6c 74 18 00 00 00 18 00 00 00 00 00
  ................ 00 00 02 00 00 00 00 00 00 00 00 00 00 00 01 00
  ...........      00 00 01 00 00 00 00 00 00 00 00
008805-008820 FontNameBlock "georgia_italic"
008821-008836 DataBlock
  ................ 0a 00 00 00 02 00 00 00 01 00 00 00 dd da fa ff
008837-008859 StringBlock "Default Font Category"
008860-008875 DataBlock
  ................ 00 00 00 00 00 00 00 00 00 00 00 00 00 00 00 00
008876-008886 T0Block "normal_t0"
008887-008902 DataBlock
  ................ 00 00 00 00 00 00 00 00 00 00 00 00 00 00 00 00
008903-008913 T0Block "normal_t0"
008914-008933 DataBlock
  ................ 00 00 00 00 00 00 00 00 00 00 00 00 00 00 00 00
  ....             01 00 00 00
008934-008957 ImageUseBlock id=367448704 xofs=0 yofs=0 xsize=24 ysize=24 brga=4294967295
008958-009036 DataBlock
  ................ 00 00 00 00 00 00 00 00 00 00 00 00 00 00 00 01
  ................ 01 00 00 00 00 00 00 00 00 00 00 00 00 00 00 00
  ................ 00 00 00 00 00 00 00 00 00 00 00 00 00 00 00 00
  ................ 00 00 00 00 00 00 00 00 00 00 00 00 00 00 00 00
  ...............  00 00 00 00 00 00 00 00 00 00 00 01 00 00 00
009037-009044 StringBlock "expand"
009045-009110 DataBlock
  ................ 00 00 01 00 00 00 00 00 00 00 00 00 00 00 18 00
  ................ 00 00 18 00 00 00 ff ff ff ff 00 00 00 00 00 00
  ................ 00 00 00 00 00 00 00 00 00 00 00 00 00 00 ff ff
  ......,......... ff ff ff ff ff ff 2c 01 00 00 02 00 00 00 00 00
  .?               80 3f
009111-009118 StringBlock "Linear"
009119-009126 DataBlock
  .....+?.         01 00 00 00 f0 2b 3f 0c
009127-009134 StringBlock "expand"
009135-009146 DataBlock
  .........+?.     00 00 00 00 02 00 00 00 f0 2b 3f 0c
009147-009152 StringBlock "text"
009153-009216 DataBlock
  ................ 00 00 00 00 00 00 00 00 00 00 00 01 00 00 00 00
  ................ 00 00 00 00 00 00 01 00 00 00 00 01 00 00 00 00
  ........@;...... 00 00 00 00 00 00 00 00 40 3b e3 14 00 00 00 00
  ............@;.. 00 00 00 00 00 00 00 00 01 00 00 00 40 3b e3 14
009217-009226 NewStateBlock "NewState"
009227-009230 XSizeBlock 300
009231-009234 YSizeBlock 24
009235-009258 UnicodeBlock "Description"
009259-009281 DataBlock
  ................ 00 00 02 00 00 00 04 00 00 00 00 00 00 00 02 00
  .......          00 00 01 00 00 00 00
009282-009333 UnicodeBlock "text_NewState_Text_740032"
009334-009335 DataBlock
  ..               00 00
009336-009348 FontNameBlock "la_gioconda"
009349-009364 DataBlock
  ................ 0c 00 00 00 07 00 00 00 00 00 00 00 d7 f8 ff ff
009365-009381 StringBlock "fe_tooltip_text"
009382-009397 DataBlock
  ................ 18 00 00 00 00 00 00 00 00 00 00 00 00 00 00 00
009398-009408 T0Block "normal_t0"
009409-009424 DataBlock
  ................ 00 00 00 00 00 00 00 00 00 00 00 00 00 00 00 00
009425-009435 T0Block "normal_t0"
009436-009479 DataBlock
  ................ 00 00 00 00 00 00 00 00 00 00 00 00 00 00 00 00
  ................ 00 00 00 00 00 00 00 00 00 00 00 00 00 00 00 00
  ............     00 00 00 00 00 00 00 00 01 00 00 00
009480-009487 StringBlock "expand"
009488-009553 DataBlock
  ................ 00 00 02 00 00 00 00 00 00 00 00 00 00 00 ab 00
  ................ 00 00 15 00 00 00 ff ff ff 00 00 00 00 00 00 00
  ................ 00 00 00 00 00 00 00 00 00 00 00 00 00 00 ff ff
  ..........@..... ff ff ff ff ff ff 00 00 00 00 40 00 00 00 00 00
  .?               80 3f
009554-009561 StringBlock "Linear"
009562-009573 DataBlock
  .....+?.....     01 00 00 00 f0 2b 3f 0c 00 00 00 00
009574-009587 StringBlock "Visibility 1"
009588-009647 DataBlock
  ................ 00 00 00 00 00 00 00 00 ab 00 00 00 15 00 00 00
  ................ ff ff ff ff 00 00 00 00 00 00 00 00 00 00 00 00
  ................ 00 00 00 00 00 00 00 00 ff ff ff ff ff ff ff ff
  ....@......?     c8 00 00 00 40 00 00 00 00 00 80 3f
009648-009655 StringBlock "Linear"
009656-009675 DataBlock
  ................ 00 00 00 00 00 00 00 00 00 00 00 00 00 00 00 00
  .4."             00 34 03 22
009676-009695 StringBlock "icon_morale_effect"
009696-009743 DataBlock
  ................ 00 00 0a 00 00 00 08 00 00 00 00 00 00 00 00 00
  ................ 00 01 00 00 00 00 01 00 00 00 00 09 00 00 00 02
  .........."".... 00 00 00 02 00 00 00 00 c0 00 22 22 02 00 00 00
009744-009798 ImageBlock id=189510720 xsize=16 ysize=18 path="ui\\skins\\default\\arrow_increase_1.png" unknown=1269927936
009799-009799 DataBlock
  .                0b
009800-009838 ImagePathBlock "ui\\skins\\default\\arrow_decrease_1.png"
009839-009863 DataBlock
  ................ 10 00 00 00 12 00 00 00 00 00 00 00 00 00 00 00
  .......""        00 02 00 00 00 c0 00 22 22
009864-009871 StringBlock "debuff"
009872-009908 DataBlock
  ................ 10 00 00 00 12 00 00 00 00 00 00 00 02 00 00 00
  ................ 00 00 00 00 00 00 00 00 01 00 00 00 01 00 00 00
  .....            00 00 00 00 00
009909-009924 FontNameBlock "georgia_italic"
009925-009940 DataBlock
  ................ 0a 00 00 00 02 00 00 00 01 00 00 00 dd da fa ff
009941-009963 StringBlock "Default Font Category"
009964-009979 DataBlock
  ................ 00 00 00 00 00 00 00 00 00 00 00 00 00 00 00 00
009980-009990 T0Block "normal_t0"
009991-010006 DataBlock
  ................ 00 00 00 00 00 00 00 00 00 00 00 00 00 00 00 00
010007-010017 T0Block "normal_t0"
010018-010132 DataBlock
  ................ 00 00 00 00 00 00 00 00 00 00 00 00 00 00 00 00
  ......K......... 01 00 00 00 90 b1 4b 0b 00 00 00 00 00 00 00 00
  ................ 10 00 00 00 12 00 00 00 ff ff ff ff 00 00 00 00
  ................ 00 00 00 00 00 00 00 00 00 00 00 01 01 00 00 00
  ................ 00 00 00 00 00 00 00 00 00 00 00 00 00 00 00 00
  ................ 00 00 00 00 00 00 00 00 00 00 00 00 00 00 00 00
  ................ 00 00 00 00 00 00 00 00 00 00 00 00 00 00 00 80
  .T"              87 54 22
010133-010138 StringBlock "buff"
010139-010175 DataBlock
  ................ 10 00 00 00 12 00 00 00 00 00 00 00 02 00 00 00
  ................ 00 00 00 00 00 00 00 00 01 00 00 00 01 00 00 00
  .....            00 00 00 00 00
010176-010191 FontNameBlock "georgia_italic"
010192-010207 DataBlock
  ................ 0a 00 00 00 02 00 00 00 01 00 00 00 dd da fa ff
010208-010230 StringBlock "Default Font Category"
010231-010246 DataBlock
  ................ 00 00 00 00 00 00 00 00 00 00 00 00 00 00 00 00
010247-010257 T0Block "normal_t0"
010258-010273 DataBlock
  ................ 00 00 00 00 00 00 00 00 00 00 00 00 00 00 00 00
010274-010284 T0Block "normal_t0"
010285-010304 DataBlock
  ................ 00 00 00 00 00 00 00 00 00 00 00 00 00 00 00 00
  ....             01 00 00 00
010305-010328 ImageUseBlock id=189510720 xofs=0 yofs=0 xsize=16 ysize=18 brga=4294967295
010329-010431 DataBlock
  ................ 00 00 00 00 00 00 00 00 00 00 00 00 00 00 00 01
  ................ 01 00 00 00 00 00 00 00 00 00 00 00 00 00 00 00
  ................ 00 00 00 00 00 00 00 00 00 00 00 00 00 00 00 00
  ................ 00 00 00 00 00 00 00 00 00 00 00 00 00 00 00 00
  ................ 00 00 00 00 00 00 00 00 00 00 00 00 00 00 00 00
  ................ 00 00 00 00 00 00 00 00 00 00 01 00 00 00 00 00
  ....[p&          00 00 01 00 5b 70 26
010432-010445 StringBlock "icon_fatigue"
010446-010489 DataBlock
  ................ 00 00 18 00 00 00 00 00 00 00 00 00 00 00 00 00
  ................ 00 01 00 00 00 00 01 00 00 00 00 01 00 00 00 18
  .........1e&     00 00 00 00 00 00 00 00 80 31 65 26
010490-010551 ImageListBlock 1 elements:
  010494-010551 ImageBlock id=366105664 xsize=24 ysize=24 path="ui\\skins\\default\\icon_status_fatigue.png" unknown=0
010552-010610 DataBlock
  ..........1e&..d 00 00 00 00 00 01 00 00 00 80 31 65 26 07 00 64
  efault.......... 65 66 61 75 6c 74 18 00 00 00 18 00 00 00 00 00
  ................ 00 00 02 00 00 00 00 00 00 00 00 00 00 00 01 00
  ...........      00 00 01 00 00 00 00 00 00 00 00
010611-010626 FontNameBlock "georgia_italic"
010627-010642 DataBlock
  ................ 0a 00 00 00 02 00 00 00 01 00 00 00 dd da fa ff
010643-010665 StringBlock "Default Font Category"
010666-010681 DataBlock
  ................ 00 00 00 00 00 00 00 00 00 00 00 00 00 00 00 00
010682-010692 T0Block "normal_t0"
010693-010708 DataBlock
  ................ 00 00 00 00 00 00 00 00 00 00 00 00 00 00 00 00
010709-010719 T0Block "normal_t0"
010720-010739 DataBlock
  ................ 00 00 00 00 00 00 00 00 00 00 00 00 00 00 00 00
  ....             01 00 00 00
010740-010763 ImageUseBlock id=366105664 xofs=0 yofs=0 xsize=24 ysize=24 brga=4294967295
010764-010842 DataBlock
  ................ 00 00 00 00 00 00 00 00 00 00 00 00 00 00 00 01
  ................ 01 00 00 00 00 00 00 00 00 00 00 00 00 00 00 00
  ................ 00 00 00 00 00 00 00 00 00 00 00 00 00 00 00 00
  ................ 00 00 00 00 00 00 00 00 00 00 00 00 00 00 00 00
  ...............  00 00 00 00 00 00 00 1e 00 00 00 01 00 00 00
010843-010850 StringBlock "expand"
010851-010916 DataBlock
  .............A.. 00 00 01 00 00 00 00 00 c0 c1 00 00 c0 41 18 00
  ..`............. 00 00 60 00 00 00 ff ff ff ff 00 00 00 00 00 00
  ................ 00 00 00 00 00 00 00 00 00 00 00 00 00 00 ff ff
  ......,......... ff ff ff ff ff ff 2c 01 00 00 02 00 00 00 00 00
  .?               80 3f
010917-010924 StringBlock "Linear"
010925-010932 DataBlock
  ...../?.         01 00 00 00 80 2f 3f 0c
010933-010940 StringBlock "expand"
010941-010952 DataBlock
  ........./?.     00 00 00 00 01 00 00 00 80 2f 3f 0c
010953-010958 StringBlock "text"
010959-011022 DataBlock
  ................ 00 00 00 00 00 00 00 00 00 00 00 01 00 00 00 00
  ................ 00 00 00 00 00 00 01 00 00 00 00 01 00 00 00 00
  ........`=...... 00 00 00 00 00 00 00 00 60 3d e3 14 00 00 00 00
  ............`=.. 00 00 00 00 00 00 00 00 01 00 00 00 60 3d e3 14
011023-011032 NewStateBlock "NewState"
011033-011036 XSizeBlock 300
011037-011040 YSizeBlock 24
011041-011064 UnicodeBlock "Description"
011065-011087 DataBlock
  ................ 00 00 02 00 00 00 04 00 00 00 00 00 00 00 02 00
  .......          00 00 01 00 00 00 00
011088-011139 UnicodeBlock "text_NewState_Text_740032"
011140-011141 DataBlock
  ..               00 00
011142-011154 FontNameBlock "la_gioconda"
011155-011170 DataBlock
  ................ 0c 00 00 00 07 00 00 00 00 00 00 00 d7 f8 ff ff
011171-011187 StringBlock "fe_tooltip_text"
011188-011203 DataBlock
  ................ 18 00 00 00 00 00 00 00 00 00 00 00 00 00 00 00
011204-011214 T0Block "normal_t0"
011215-011230 DataBlock
  ................ 00 00 00 00 00 00 00 00 00 00 00 00 00 00 00 00
011231-011241 T0Block "normal_t0"
011242-011285 DataBlock
  ................ 00 00 00 00 00 00 00 00 00 00 00 00 00 00 00 00
  ................ 00 00 00 00 00 00 00 00 00 00 00 00 00 00 00 00
  ............     00 00 00 00 1e 00 00 00 01 00 00 00
011286-011293 StringBlock "expand"
011294-011359 DataBlock
  ................ 00 00 02 00 00 00 00 00 00 00 00 00 00 00 ab 00
  ................ 00 00 15 00 00 00 ff ff ff 00 00 00 00 00 00 00
  ................ 00 00 00 00 00 00 00 00 00 00 00 00 00 00 ff ff
  ..........@..... ff ff ff ff ff ff 00 00 00 00 40 00 00 00 00 00
  .?               80 3f
011360-011367 StringBlock "Linear"
011368-011379 DataBlock
  ...../?.....     01 00 00 00 80 2f 3f 0c 00 00 00 00
011380-011393 StringBlock "Visibility 1"
011394-011453 DataBlock
  ................ 00 00 00 00 00 00 00 00 ab 00 00 00 15 00 00 00
  ................ ff ff ff ff 00 00 00 00 00 00 00 00 00 00 00 00
  ................ 00 00 00 00 00 00 00 00 ff ff ff ff ff ff ff ff
  ....@......?     c8 00 00 00 40 00 00 00 00 00 80 3f
011454-011461 StringBlock "Linear"
011462-011489 DataBlock
  ................ 00 00 00 00 00 00 00 00 00 00 00 00 00 00 00 00
  .........s..     00 00 00 00 00 00 00 01 a0 73 b8 0d
011490-011502 StringBlock "icon_status"
011503-011550 DataBlock
  ..0............. 00 00 30 00 00 00 00 00 00 00 00 00 00 00 00 00
  ...............0 00 01 00 00 00 00 01 00 00 00 00 01 00 00 00 30
  ........@....... 00 00 00 00 00 00 00 00 40 80 84 0d 0b 00 00 00
011551-011607 ImageBlock id=226205392 xsize=19 ysize=19 path="ui\\skins\\default\\icon_status_firing.png" unknown=2779844608
011608-011608 DataBlock
  .                0d
011609-011648 ImagePathBlock "ui\\skins\\default\\icon_status_melee.png"
011649-011657 DataBlock
  .........        13 00 00 00 13 00 00 00 00
011658-011715 ImageBlock id=228963008 xsize=21 ysize=33 path="ui\\skins\\default\\icon_status_on_fire.png" unknown=2780012544
011716-011716 DataBlock
  .                0d
011717-011755 ImagePathBlock "ui\\skins\\default\\icon_status_walk.png"
011756-011764 DataBlock
  .........        13 00 00 00 13 00 00 00 00
011765-011818 ImageBlock id=228963440 xsize=19 ysize=19 path="ui\\skins\\default\\icon_status_run.png" unknown=1557938176
011819-011819 DataBlock
  .                0d
011820-011861 ImagePathBlock "ui\\skins\\default\\icon_fight_to_death.png"
011862-011870 DataBlock
  .........        16 00 00 00 16 00 00 00 00
011871-011922 ImageBlock id=326711936 xsize=19 ysize=19 path="ui\\skins\\default\\status_hidden.png" unknown=925888512
011923-011923 DataBlock
  .                0d
011924-011961 ImagePathBlock "ui\\skins\\default\\status_wavering.png"
011962-011970 DataBlock
  .........        18 00 00 00 18 00 00 00 00
011971-012026 ImageBlock id=175938624 xsize=24 ysize=24 path="ui\\skins\\default\\status_under_fire.png" unknown=492593152
012027-012027 DataBlock
  .                1c
012028-012064 ImagePathBlock "ui\\skins\\default\\status_sinking.png"
012065-012073 DataBlock
  .........        18 00 00 00 18 00 00 00 00
012074-012127 ImageBlock id=202343280 xsize=24 ysize=24 path="ui\\skins\\default\\status_run_amok.png" unknown=0
012128-012140 DataBlock
  .........0..    00 00 00 00 00 0f 00 00 00 30 9e 7f 0d
012141-012148 StringBlock "Firing"
012149-012158 DataBlock
  ..........       18 00 00 00 18 00 00 00 00 00
012159-012172 UnicodeBlock "Firing"
012173-012195 DataBlock
  ................ 02 00 00 00 00 00 00 00 00 00 00 00 01 00 00 00
  .......          01 00 00 00 00 00 00
012196-012261 UnicodeBlock "StatusIcon_Firing_Tooltip_67005a"
012262-012284 FontNameBlock "la_gioconda_uppercase"
012285-012300 DataBlock
  ................ 10 00 00 00 04 00 00 00 00 00 00 00 d7 f8 ff ff
012301-012322 StringBlock "fe_paragraph_heading"
012323-012338 DataBlock
  ................ 00 00 00 00 00 00 00 00 00 00 00 00 00 01 00 00
012339-012349 T0Block "normal_t0"
012350-012365 DataBlock
  ................ 00 00 00 00 00 00 00 00 00 00 00 00 00 00 00 00
012366-012376 T0Block "normal_t0"
012377-012396 DataBlock
  ................ 00 00 00 00 00 00 00 00 00 00 00 00 00 00 00 00
  ....             01 00 00 00
012397-012420 ImageUseBlock id=226205392 xofs=0 yofs=0 xsize=24 ysize=24 brga=4294967295
012421-012491 DataBlock
  ................ 00 00 00 00 00 00 00 00 00 00 00 00 00 00 00 01
  ................ 01 00 00 00 00 00 00 00 00 00 00 00 00 00 00 00
  ................ 00 00 00 00 00 00 00 00 00 00 00 00 00 00 00 00
  ................ 00 00 00 00 00 00 00 00 00 00 00 00 00 00 00 00
  ....M..          00 00 00 f0 4d 9b 0d
012492-012498 StringBlock "Melee"
012499-012508 DataBlock
  ..........       18 00 00 00 18 00 00 00 00 00
012509-012526 UnicodeBlock "In melee"
012527-012549 DataBlock
  ................ 02 00 00 00 00 00 00 00 00 00 00 00 01 00 00 00
  .......          01 00 00 00 00 00 00
012550-012611 UnicodeBlock "StatusIcon_Melee_Tooltip_a0069"
012612-012634 FontNameBlock "la_gioconda_uppercase"
012635-012650 DataBlock
  ................ 10 00 00 00 04 00 00 00 00 00 00 00 d7 f8 ff ff
012651-012672 StringBlock "fe_paragraph_heading"
012673-012688 DataBlock
  ................ 00 00 00 00 00 00 00 00 00 00 00 00 00 01 00 00
012689-012699 T0Block "normal_t0"
012700-012715 DataBlock
  ................ 00 00 00 00 00 00 00 00 00 00 00 00 00 00 00 00
012716-012726 T0Block "normal_t0"
012727-012841 DataBlock
  ................ 00 00 00 00 00 00 00 00 00 00 00 00 00 00 00 00
  ................ 01 00 00 00 10 b1 a5 0d 00 00 00 00 00 00 00 00
  ................ 18 00 00 00 18 00 00 00 ff ff ff ff 00 00 00 00
  ................ 00 00 00 00 00 00 00 00 00 00 00 01 01 00 00 00
  ................ 00 00 00 00 00 00 00 00 00 00 00 00 00 00 00 00
  ................ 00 00 00 00 00 00 00 00 00 00 00 00 00 00 00 00
  ...............@ 00 00 00 00 00 00 00 00 00 00 00 00 00 00 00 40
  @..              40 a5 0d
012842-012854 StringBlock "Moving Fast"
012855-012864 DataBlock
  ..........       18 00 00 00 18 00 00 00 00 00
012865-012888 UnicodeBlock "Moving fast"
012889-012911 DataBlock
  ................ 02 00 00 00 00 00 00 00 00 00 00 00 01 00 00 00
  .......          01 00 00 00 00 00 00
012912-012987 UnicodeBlock "StatusIcon_Moving_Fast_Tooltip_740060"
012988-013010 FontNameBlock "la_gioconda_uppercase"
013011-013026 DataBlock
  ................ 10 00 00 00 04 00 00 00 00 00 00 00 d7 f8 ff ff
013027-013048 StringBlock "fe_paragraph_heading"
013049-013064 DataBlock
  ................ 00 00 00 00 00 00 00 00 00 00 00 00 00 01 00 00
013065-013075 T0Block "normal_t0"
013076-013091 DataBlock
  ................ 00 00 00 00 00 00 00 00 00 00 00 00 00 00 00 00
013092-013102 T0Block "normal_t0"
013103-013122 DataBlock
  ................ 00 00 00 00 00 00 00 00 00 00 00 00 00 00 00 00
  ....             01 00 00 00
013123-013146 ImageUseBlock id=228963440 xofs=0 yofs=0 xsize=24 ysize=24 brga=4294967295
013147-013217 DataBlock
  ................ 00 00 00 00 00 00 00 00 00 00 00 00 00 00 00 01
  ................ 01 00 00 00 00 00 00 00 00 00 00 00 00 00 00 00
  ................ 00 00 00 00 00 00 00 00 00 00 00 00 00 00 00 00
  ................ 00 00 00 00 00 00 00 00 00 00 00 00 00 00 00 00
  ... ...          00 00 00 20 a7 8d 0d
013218-013230 StringBlock "Taking fire"
013231-013240 DataBlock
  ..........       18 00 00 00 18 00 00 00 00 00
013241-013264 UnicodeBlock "Taking fire"
013265-013287 DataBlock
  ................ 02 00 00 00 00 00 00 00 00 00 00 00 01 00 00 00
  .......          01 00 00 00 00 00 00
013288-013363 UnicodeBlock "StatusIcon_Taking_fire_Tooltip_7b007d"
013364-013386 FontNameBlock "la_gioconda_uppercase"
013387-013402 DataBlock
  ................ 10 00 00 00 04 00 00 00 00 00 00 00 d7 f8 ff ff
013403-013424 StringBlock "fe_paragraph_heading"
013425-013440 DataBlock
  ................ 00 00 00 00 00 00 00 00 00 00 00 00 00 01 00 00
013441-013451 T0Block "normal_t0"
013452-013467 DataBlock
  ................ 00 00 00 00 00 00 00 00 00 00 00 00 00 00 00 00
013468-013478 T0Block "normal_t0"
013479-013498 DataBlock
  ................ 00 00 00 00 00 00 00 00 00 00 00 00 00 00 00 00
  ....             01 00 00 00
013499-013522 ImageUseBlock id=175938624 xofs=0 yofs=0 xsize=24 ysize=24 brga=4294967295
013523-013593 DataBlock
  ................ 00 00 00 00 00 00 00 00 00 00 00 00 00 00 00 01
  ................ 01 00 00 00 00 00 00 00 00 00 00 00 00 00 00 00
  ................ 00 00 00 00 00 00 00 00 00 00 00 00 00 00 00 00
  ................ 00 00 00 00 00 00 00 00 00 00 00 00 00 00 00 00
  ...@...          00 00 00 40 80 84 0d
013594-013602 StringBlock "Default"
013603-013612 DataBlock
  ..........       18 00 00 00 18 00 00 00 00 00
013613-013622 UnicodeBlock "Idle"
013623-013645 DataBlock
  ................ 02 00 00 00 00 00 00 00 00 00 00 00 01 00 00 00
  .......          01 00 00 00 00 00 00
013646-013713 UnicodeBlock "icon_status_Default_Tooltip_10025"
013714-013736 FontNameBlock "la_gioconda_uppercase"
013737-013752 DataBlock
  ................ 10 00 00 00 04 00 00 00 00 00 00 00 d7 f8 ff ff
013753-013774 StringBlock "fe_paragraph_heading"
013775-013790 DataBlock
  ................ 00 00 00 00 00 00 00 00 00 00 00 00 00 00 00 00
013791-013801 T0Block "normal_t0"
013802-013817 DataBlock
  ................ 00 00 00 00 00 00 00 00 00 00 00 00 00 00 00 00
013818-013828 T0Block "normal_t0"
013829-013864 DataBlock
  ................ 00 00 00 00 00 00 00 00 00 00 00 00 00 00 00 00
  ................ 00 00 00 00 00 00 00 00 00 00 00 00 00 00 00 00
  ....             e0 a4 a5 0d
013865-013872 StringBlock "Hidden"
013873-013882 DataBlock
  ..........       18 00 00 00 18 00 00 00 00 00
013883-013896 UnicodeBlock "Hidden"
013897-013919 DataBlock
  ................ 02 00 00 00 00 00 00 00 00 00 00 00 01 00 00 00
  .......          01 00 00 00 00 00 00
013920-013985 UnicodeBlock "StatusIcon_Hidden_Tooltip_630049"
013986-013998 FontNameBlock "la_gioconda"
013999-014014 DataBlock
  ................ 0c 00 00 00 07 00 00 00 00 00 00 00 00 00 00 ff
014015-014033 StringBlock "ingame_text_small"
014034-014049 DataBlock
  ................ 00 00 00 00 00 00 00 00 00 00 00 00 00 01 00 00
014050-014060 T0Block "normal_t0"
014061-014076 DataBlock
  ................ 00 00 00 00 00 00 00 00 00 00 00 00 00 00 00 00
014077-014087 T0Block "normal_t0"
014088-014107 DataBlock
  ................ 00 00 00 00 00 00 00 00 00 00 00 00 00 00 00 00
  ....             01 00 00 00
014108-014131 ImageUseBlock id=326711936 xofs=0 yofs=0 xsize=24 ysize=24 brga=4294967295
014132-014202 DataBlock
  ................ 00 00 00 00 00 00 00 00 00 00 00 00 00 00 00 01
  ................ 01 00 00 00 00 00 00 00 00 00 00 00 00 00 00 00
  ................ 00 00 00 00 00 00 00 00 00 00 00 00 00 00 00 00
  ................ 00 00 00 00 00 00 00 00 00 00 00 00 00 00 00 00
  .......          00 00 00 80 ea c8 0d
014203-014211 StringBlock "Routing"
014212-014221 DataBlock
  ..........       18 00 00 00 18 00 00 00 00 00
014222-014237 UnicodeBlock "Routing"
014238-014260 DataBlock
  ................ 02 00 00 00 00 00 00 00 00 00 00 00 01 00 00 00
  .......          01 00 00 00 00 00 00
014261-014328 UnicodeBlock "StatusIcon_Routing_Tooltip_750029"
014329-014351 FontNameBlock "la_gioconda_uppercase"
014352-014367 DataBlock
  ................ 10 00 00 00 04 00 00 00 00 00 00 00 d7 f8 ff ff
014368-014389 StringBlock "fe_paragraph_heading"
014390-014405 DataBlock
  ................ 00 00 00 00 00 00 00 00 00 00 00 00 00 01 00 00
014406-014416 T0Block "normal_t0"
014417-014432 DataBlock
  ................ 00 00 00 00 00 00 00 00 00 00 00 00 00 00 00 00
014433-014443 T0Block "normal_t0"
014444-014558 DataBlock
  ................ 00 00 00 00 00 00 00 00 00 00 00 00 00 00 00 00
  ...../7......... 01 00 00 00 f0 2f 37 0d 00 00 00 00 00 00 00 00
  ................ 18 00 00 00 18 00 00 00 ff ff ff ff 00 00 00 00
  ................ 00 00 00 00 00 00 00 00 00 00 00 01 01 00 00 00
  ................ 00 00 00 00 00 00 00 00 00 00 00 00 00 00 00 00
  ................ 00 00 00 00 00 00 00 00 00 00 00 00 00 00 00 00
  ...............P 00 00 00 00 00 00 00 00 00 00 00 00 00 00 00 50
  ..              a7 7f 0d
014559-014566 StringBlock "Moving"
014567-014576 DataBlock
  ..........       18 00 00 00 18 00 00 00 00 00
014577-014590 UnicodeBlock "Moving"
014591-014613 DataBlock
  ................ 02 00 00 00 00 00 00 00 00 00 00 00 01 00 00 00
  .......          01 00 00 00 00 00 00
014614-014679 UnicodeBlock "StatusIcon_Moving_Tooltip_610055"
014680-014702 FontNameBlock "la_gioconda_uppercase"
014703-014718 DataBlock
  ................ 10 00 00 00 04 00 00 00 00 00 00 00 d7 f8 ff ff
014719-014740 StringBlock "fe_paragraph_heading"
014741-014756 DataBlock
  ................ 00 00 00 00 00 00 00 00 00 00 00 00 00 01 00 00
014757-014767 T0Block "normal_t0"
014768-014783 DataBlock
  ................ 00 00 00 00 00 00 00 00 00 00 00 00 00 00 00 00
014784-014794 T0Block "normal_t0"
014795-014909 DataBlock
  ................ 00 00 00 00 00 00 00 00 00 00 00 00 00 00 00 00
  ................ 01 00 00 00 a0 b3 a5 0d 00 00 00 00 00 00 00 00
  ................ 18 00 00 00 18 00 00 00 ff ff ff ff 00 00 00 00
  ................ 00 00 00 00 00 00 00 00 00 00 00 01 01 00 00 00
  ................ 00 00 00 00 00 00 00 00 00 00 00 00 00 00 00 00
  ................ 00 00 00 00 00 00 00 00 00 00 00 00 00 00 00 00
  ...............0 00 00 00 00 00 00 00 00 00 00 00 00 00 00 00 30
  ...              ba 84 0d
014910-014921 StringBlock "Obstructed"
014922-014931 DataBlock
  ..........       18 00 00 00 18 00 00 00 00 00
014932-014953 UnicodeBlock "Obstructed"
014954-014976 DataBlock
  ................ 02 00 00 00 00 00 00 00 00 00 00 00 01 00 00 00
  .......          01 00 00 00 00 00 00
014977-015050 UnicodeBlock "StatusIcon_Obstructed_Tooltip_730048"
015051-015073 FontNameBlock "la_gioconda_uppercase"
015074-015089 DataBlock
  ................ 10 00 00 00 04 00 00 00 00 00 00 00 d7 f8 ff ff
015090-015111 StringBlock "fe_paragraph_heading"
015112-015127 DataBlock
  ................ 00 00 00 00 00 00 00 00 00 00 00 00 00 01 00 00
015128-015138 T0Block "normal_t0"
015139-015154 DataBlock
  ................ 00 00 00 00 00 00 00 00 00 00 00 00 00 00 00 00
015155-015165 T0Block "normal_t0"
015166-015201 DataBlock
  ................ 00 00 00 00 00 00 00 00 00 00 00 00 00 00 00 00
  ................ 00 00 00 00 00 00 00 00 00 00 00 00 00 00 00 00
  ..e.             f0 9b 65 0d
015202-015211 StringBlock "Wavering"
015212-015221 DataBlock
  ..........       18 00 00 00 18 00 00 00 00 00
015222-015239 UnicodeBlock "Wavering"
015240-015262 DataBlock
  ................ 02 00 00 00 00 00 00 00 00 00 00 00 01 00 00 00
  .......          01 00 00 00 00 00 00
015263-015330 UnicodeBlock "StatusIcon_Wavering_Tooltip_a003d"
015331-015353 FontNameBlock "la_gioconda_uppercase"
015354-015369 DataBlock
  ................ 10 00 00 00 04 00 00 00 00 00 00 00 d7 f8 ff ff
015370-015391 StringBlock "fe_paragraph_heading"
015392-015407 DataBlock
  ................ 00 00 00 00 00 00 00 00 00 00 00 00 00 01 00 00
015408-015422 T0Block "glow_pulse_t0"
015423-015438 DataBlock
  ...?...@...?.... 00 00 00 3f 00 00 00 40 00 00 80 3f 00 00 00 00
015439-015449 T0Block "normal_t0"
015450-015564 DataBlock
  ...?...@...?.... 00 00 80 3f 00 00 00 40 00 00 80 3f 00 00 00 00
  ...../7......... 01 00 00 00 f0 2f 37 0d 00 00 00 00 00 00 00 00
  ................ 18 00 00 00 18 00 00 00 ff ff ff c8 00 00 00 00
  ................ 00 00 00 00 00 00 00 00 00 00 00 01 01 00 00 00
  ................ 00 00 00 00 00 00 00 00 00 00 00 00 00 00 00 00
  ................ 00 00 00 00 00 00 00 00 00 00 00 00 00 00 00 00
  ................ 00 00 00 00 00 00 00 00 00 00 00 00 00 00 00 e0
  }..              7d a8 13
015565-015577 StringBlock "Unorderable"
015578-015587 DataBlock
  ..........       18 00 00 00 18 00 00 00 00 00
015588-015617 UnicodeBlock "Out of control"
015618-015640 DataBlock
  ................ 02 00 00 00 00 00 00 00 00 00 00 00 01 00 00 00
  .......          01 00 00 00 00 00 00
015641-015718 UnicodeBlock "icon_status_Unorderable_Tooltip_53003c"
015719-015741 FontNameBlock "la_gioconda_uppercase"
015742-015757 DataBlock
  ................ 10 00 00 00 04 00 00 00 00 00 00 00 d7 f8 ff ff
015758-015779 StringBlock "fe_paragraph_heading"
015780-015795 DataBlock
  ................ 00 00 00 00 00 00 00 00 00 00 00 00 00 01 00 00
015796-015806 T0Block "normal_t0"
015807-015822 DataBlock
  ................ 00 00 00 00 00 00 00 00 00 00 00 00 00 00 00 00
015823-015833 T0Block "normal_t0"
015834-015853 DataBlock
  ................ 00 00 00 00 00 00 00 00 00 00 00 00 00 00 00 00
  ....             01 00 00 00
015854-015877 ImageUseBlock id=202343280 xofs=0 yofs=2 xsize=24 ysize=24 brga=4294967295
015878-015948 DataBlock
  ................ 00 00 00 00 00 00 00 00 00 00 00 00 00 00 00 01
  ................ 01 00 00 00 00 00 00 00 00 00 00 00 00 00 00 00
  ................ 00 00 00 00 00 00 00 00 00 00 00 00 00 00 00 00
  ................ 00 00 00 00 00 00 00 00 00 00 00 00 00 00 00 00
  ...@...          00 00 00 40 85 84 0d
015949-015957 StringBlock "on Fire"
015958-015967 DataBlock
  ..........       18 00 00 00 18 00 00 00 00 00
015968-015983 UnicodeBlock "On fire"
015984-016006 DataBlock
  ................ 02 00 00 00 00 00 00 00 00 00 00 00 01 00 00 00
  .......          01 00 00 00 00 00 00
016007-016074 UnicodeBlock "StatusIcon_on_Fire_Tooltip_7a0063"
016075-016097 FontNameBlock "la_gioconda_uppercase"
016098-016113 DataBlock
  ................ 10 00 00 00 04 00 00 00 00 00 00 00 d7 f8 ff ff
016114-016135 StringBlock "fe_paragraph_heading"
016136-016151 DataBlock
  ................ 00 00 00 00 00 00 00 00 00 00 00 00 00 01 00 00
016152-016162 T0Block "normal_t0"
016163-016178 DataBlock
  ................ 00 00 00 00 00 00 00 00 00 00 00 00 00 00 00 00
016179-016189 T0Block "normal_t0"
016190-016209 DataBlock
  ................ 00 00 00 00 00 00 00 00 00 00 00 00 00 00 00 00
  ....             01 00 00 00
016210-016233 ImageUseBlock id=228963008 xofs=0 yofs=0 xsize=24 ysize=24 brga=4294967295
016234-016304 DataBlock
  ................ 00 00 00 00 00 00 00 00 00 00 00 00 00 00 00 01
  ................ 01 00 00 00 00 00 00 00 00 00 00 00 00 00 00 00
  ................ 00 00 00 00 00 00 00 00 00 00 00 00 00 00 00 00
  ................ 00 00 00 00 00 00 00 00 00 00 00 00 00 00 00 00
  ...p...          00 00 00 70 8b 84 0d
016305-016316 StringBlock "Garrisoned"
016317-016326 DataBlock
  ..........       18 00 00 00 18 00 00 00 00 00
016327-016348 UnicodeBlock "Garrisoned"
016349-016371 DataBlock
  ................ 02 00 00 00 00 00 00 00 00 00 00 00 01 00 00 00
  .......          01 00 00 00 00 00 00
016372-016445 UnicodeBlock "StatusIcon_Garrisoned_Tooltip_6a0056"
016446-016458 FontNameBlock "la_gioconda"
016459-016474 DataBlock
  ................ 0c 00 00 00 07 00 00 00 00 00 00 00 00 00 00 ff
016475-016493 StringBlock "ingame_text_small"
016494-016509 DataBlock
  ................ 00 00 00 00 00 00 00 00 00 00 00 00 00 01 00 00
016510-016520 T0Block "normal_t0"
016521-016536 DataBlock
  ................ 00 00 00 00 00 00 00 00 00 00 00 00 00 00 00 00
016537-016547 T0Block "normal_t0"
016548-016583 DataBlock
  ................ 00 00 00 00 00 00 00 00 00 00 00 00 00 00 00 00
  ................ 00 00 00 00 00 00 00 00 00 00 00 00 00 00 00 00
  ....             a0 f6 9a 0d
016584-016599 StringBlock "fight_to_death"
016600-016609 DataBlock
  ..........       18 00 00 00 18 00 00 00 00 00
016610-016653 UnicodeBlock "Fighting to the death"
016654-016676 DataBlock
  ................ 02 00 00 00 00 00 00 00 00 00 00 00 01 00 00 00
  .......          01 00 00 00 00 00 00
016677-016758 UnicodeBlock "StatusIcon_fight_to_death_Tooltip_4a0019"
016759-016781 FontNameBlock "la_gioconda_uppercase"
016782-016797 DataBlock
  ................ 10 00 00 00 04 00 00 00 00 00 00 00 d7 f8 ff ff
016798-016819 StringBlock "fe_paragraph_heading"
016820-016835 DataBlock
  ................ 00 00 00 00 00 00 00 00 00 00 00 00 00 01 00 00
016836-016846 T0Block "normal_t0"
016847-016862 DataBlock
  ................ 00 00 00 00 00 00 00 00 00 00 00 00 00 00 00 00
016863-016873 T0Block "normal_t0"
016874-016988 DataBlock
  ................ 00 00 00 00 00 00 00 00 00 00 00 00 00 00 00 00
  ....@.\......... 01 00 00 00 40 dc 5c 0d 00 00 00 00 ff ff ff ff
  ................ 18 00 00 00 18 00 00 00 ff ff ff ff 00 00 00 00
  ................ 00 00 00 00 00 00 00 00 00 00 00 01 01 00 00 00
  ................ 00 00 00 00 00 00 00 00 00 00 00 00 00 00 00 00
  ................ 00 00 00 00 00 00 00 00 00 00 00 00 00 00 00 00
  ................ 00 00 00 00 00 00 00 00 00 00 00 00 00 00 00 f0
  ...              91 84 0d
016989-016997 StringBlock "Sinking"
016998-017007 DataBlock
  ..........       18 00 00 00 18 00 00 00 00 00
017008-017023 UnicodeBlock "Sinking"
017024-017046 DataBlock
  ................ 02 00 00 00 00 00 00 00 00 00 00 00 01 00 00 00
  .......          01 00 00 00 00 00 00
017047-017114 UnicodeBlock "StatusIcon_Sinking_Tooltip_6c0033"
017115-017127 FontNameBlock "la_gioconda"
017128-017143 DataBlock
  ................ 0c 00 00 00 07 00 00 00 00 00 00 00 00 00 00 ff
017144-017162 StringBlock "ingame_text_small"
017163-017178 DataBlock
  ................ 00 00 00 00 00 00 00 00 00 00 00 00 00 01 00 00
017179-017189 T0Block "normal_t0"
017190-017205 DataBlock
  ................ 00 00 00 00 00 00 00 00 00 00 00 00 00 00 00 00
017206-017216 T0Block "normal_t0"
017217-017339 DataBlock
  ................ 00 00 00 00 00 00 00 00 00 00 00 00 00 00 00 00
  ....`\.......... 01 00 00 00 60 5c 1d 1c 00 00 00 00 00 00 00 00
  ................ 18 00 00 00 18 00 00 00 ff ff ff ff 00 00 00 00
  ................ 00 00 00 00 00 00 00 00 00 00 00 01 01 00 00 00
  ................ 00 00 00 00 00 00 00 00 00 00 00 00 00 00 00 00
  ................ 00 00 00 00 00 00 00 00 00 00 00 00 00 00 00 00
  ................ 00 00 00 00 00 00 00 00 00 00 00 00 00 00 00 00
  ...........      00 00 00 00 00 00 00 01 00 00 00
017340-017347 StringBlock "expand"
017348-017413 DataBlock
  ........@...@B.. 00 00 01 00 00 00 00 00 40 c2 00 00 40 42 18 00
  ................ 00 00 18 00 00 00 ff ff ff ff 00 00 00 00 00 00
  ................ 00 00 00 00 00 00 00 00 00 00 00 00 00 00 ff ff
  ......,......... ff ff ff ff ff ff 2c 01 00 00 02 00 00 00 00 00
  .?               80 3f
017414-017421 StringBlock "Linear"
017422-017429 DataBlock
  ....`...         01 00 00 00 60 2e eb 14
017430-017437 StringBlock "expand"
017438-017449 DataBlock
  ........`...     00 00 00 00 01 00 00 00 60 2e eb 14
017450-017455 StringBlock "text"
017456-017519 DataBlock
  ................ 00 00 00 00 00 00 00 00 00 00 00 01 00 00 00 00
  ................ 00 00 00 00 00 00 01 00 00 00 00 01 00 00 00 00
  .........9...... 00 00 00 00 00 00 00 00 00 39 e3 14 00 00 00 00
  .............9.. 00 00 00 00 00 00 00 00 01 00 00 00 00 39 e3 14
017520-017529 NewStateBlock "NewState"
017530-017533 XSizeBlock 300
017534-017537 YSizeBlock 24
017538-017561 UnicodeBlock "Description"
017562-017584 DataBlock
  ................ 00 00 02 00 00 00 04 00 00 00 00 00 00 00 02 00
  .......          00 00 01 00 00 00 00
017585-017636 UnicodeBlock "text_NewState_Text_740032"
017637-017638 DataBlock
  ..               00 00
017639-017651 FontNameBlock "la_gioconda"
017652-017667 DataBlock
  ................ 0c 00 00 00 07 00 00 00 00 00 00 00 d7 f8 ff ff
017668-017684 StringBlock "fe_tooltip_text"
017685-017700 DataBlock
  ................ 18 00 00 00 00 00 00 00 00 00 00 00 00 00 00 00
017701-017711 T0Block "normal_t0"
017712-017727 DataBlock
  ................ 00 00 00 00 00 00 00 00 00 00 00 00 00 00 00 00
017728-017738 T0Block "normal_t0"
017739-017782 DataBlock
  ................ 00 00 00 00 00 00 00 00 00 00 00 00 00 00 00 00
  ................ 00 00 00 00 00 00 00 00 00 00 00 00 00 00 00 00
  ............     00 00 00 00 00 00 00 00 01 00 00 00
017783-017790 StringBlock "expand"
017791-017856 DataBlock
  ................ 00 00 02 00 00 00 00 00 00 00 00 00 00 00 ab 00
  ................ 00 00 15 00 00 00 ff ff ff 00 00 00 00 00 00 00
  ................ 00 00 00 00 00 00 00 00 00 00 00 00 00 00 ff ff
  ..........@..... ff ff ff ff ff ff 00 00 00 00 40 00 00 00 00 00
  .?               80 3f
017857-017864 StringBlock "Linear"
017865-017876 DataBlock
  ....`.......     01 00 00 00 60 2e eb 14 00 00 00 00
017877-017890 StringBlock "Visibility 1"
017891-017950 DataBlock
  ................ 00 00 00 00 00 00 00 00 ab 00 00 00 15 00 00 00
  ................ ff ff ff ff 00 00 00 00 00 00 00 00 00 00 00 00
  ................ 00 00 00 00 00 00 00 00 ff ff ff ff ff ff ff ff
  ....@......?     c8 00 00 00 40 00 00 00 00 00 80 3f
017951-017958 StringBlock "Linear"
017959-017986 DataBlock
  ................ 00 00 00 00 00 00 00 00 00 00 00 00 00 00 00 00
  ............     00 00 00 00 00 00 00 00 c0 e9 10 1f
017987-018007 StringBlock "icon_vehicle_health"
018008-018055 DataBlock
  ..H............. 00 00 48 00 00 00 00 00 00 00 00 00 00 00 00 00
  ...............H 00 01 00 00 00 00 01 00 00 00 00 01 00 00 00 48
  ........ .1..... 00 00 00 00 00 00 00 00 20 e9 31 1f 02 00 00 00
018056-018109 ImageBlock id=278849984 xsize=24 ysize=24 path="ui\\skins\\default\\icon_stats_navy.png" unknown=802062336
018110-018110 DataBlock
  .                1f
018111-018144 ImagePathBlock "ui\\skins\\default\\siege_tower.png"
018145-018169 DataBlock
  ................ 18 00 00 00 18 00 00 00 00 00 00 00 00 00 00 00
  ..... .1.        00 02 00 00 00 20 e9 31 1f
018170-018175 StringBlock "ship"
018176-018212 DataBlock
  ................ 18 00 00 00 18 00 00 00 00 00 00 00 02 00 00 00
  ................ 00 00 00 00 00 00 00 00 01 00 00 00 01 00 00 00
  .....            00 00 00 00 00
018213-018228 FontNameBlock "georgia_italic"
018229-018244 DataBlock
  ................ 0a 00 00 00 02 00 00 00 01 00 00 00 dd da fa ff
018245-018267 StringBlock "Default Font Category"
018268-018283 DataBlock
  ................ 00 00 00 00 00 00 00 00 00 00 00 00 00 00 00 00
018284-018294 T0Block "normal_t0"
018295-018310 DataBlock
  ................ 00 00 00 00 00 00 00 00 00 00 00 00 00 00 00 00
018311-018321 T0Block "normal_t0"
018322-018341 DataBlock
  ................ 00 00 00 00 00 00 00 00 00 00 00 00 00 00 00 00
  ....             01 00 00 00
018342-018365 ImageUseBlock id=278849984 xofs=0 yofs=0 xsize=24 ysize=24 brga=4294967295
018366-018436 DataBlock
  ................ 00 00 00 00 00 00 00 00 00 00 00 00 00 00 00 01
  ................ 01 00 00 00 00 00 00 00 00 00 00 00 00 00 00 00
  ................ 00 00 00 00 00 00 00 00 00 00 00 00 00 00 00 00
  ................ 00 00 00 00 00 00 00 00 00 00 00 00 00 00 00 00
  ....T..          00 00 00 e0 54 dd 1e
018437-018445 StringBlock "vehicle"
018446-018482 DataBlock
  ................ 18 00 00 00 18 00 00 00 00 00 00 00 02 00 00 00
  ................ 00 00 00 00 00 00 00 00 01 00 00 00 01 00 00 00
  .....            00 00 00 00 00
018483-018498 FontNameBlock "georgia_italic"
018499-018514 DataBlock
  ................ 0a 00 00 00 02 00 00 00 01 00 00 00 dd da fa ff
018515-018537 StringBlock "Default Font Category"
018538-018553 DataBlock
  ................ 00 00 00 00 00 00 00 00 00 00 00 00 00 00 00 00
018554-018564 T0Block "normal_t0"
018565-018580 DataBlock
  ................ 00 00 00 00 00 00 00 00 00 00 00 00 00 00 00 00
018581-018591 T0Block "normal_t0"
018592-018714 DataBlock
  ................ 00 00 00 00 00 00 00 00 00 00 00 00 00 00 00 00
  ....../......... 01 00 00 00 80 ce 2f 1f 00 00 00 00 00 00 00 00
  ................ 18 00 00 00 18 00 00 00 ff ff ff ff 00 00 00 00
  ................ 00 00 00 00 00 00 00 00 00 00 00 01 01 00 00 00
  ................ 00 00 00 00 00 00 00 00 00 00 00 00 00 00 00 00
  ................ 00 00 00 00 00 00 00 00 00 00 00 00 00 00 00 00
  ................ 00 00 00 00 00 00 00 00 00 00 00 00 00 00 00 00
  ...........      00 00 00 1e 00 00 00 01 00 00 00
018715-018722 StringBlock "expand"
018723-018788 DataBlock
  .............B.. 00 00 01 00 00 00 00 00 90 c2 00 00 90 42 18 00
  ................ 00 00 18 00 00 00 ff ff ff ff 00 00 00 00 00 00
  ................ 00 00 00 00 00 00 00 00 00 00 00 00 00 00 ff ff
  ......,......... ff ff ff ff ff ff 2c 01 00 00 02 00 00 00 00 00
  .?               80 3f
018789-018796 StringBlock "Linear"
018797-018804 DataBlock
  ........         01 00 00 00 a0 0a 17 1f
018805-018812 StringBlock "expand"
018813-018824 DataBlock
  ............     00 00 00 00 01 00 00 00 a0 0a 17 1f
018825-018830 StringBlock "text"
018831-018894 DataBlock
  ................ 00 00 00 00 00 00 00 00 00 00 00 01 00 00 00 00
  ................ 00 00 00 00 00 00 01 00 00 00 00 01 00 00 00 00
  ........@J...... 00 00 00 00 00 00 00 00 40 4a 10 1f 00 00 00 00
  ............@J.. 00 00 00 00 00 00 00 00 01 00 00 00 40 4a 10 1f
018895-018904 NewStateBlock "NewState"
018905-018908 XSizeBlock 300
018909-018912 YSizeBlock 24
018913-018936 UnicodeBlock "Description"
018937-018959 DataBlock
  ................ 00 00 02 00 00 00 04 00 00 00 00 00 00 00 02 00
  .......          00 00 01 00 00 00 00
018960-019011 UnicodeBlock "text_NewState_Text_740032"
019012-019013 DataBlock
  ..               00 00
019014-019026 FontNameBlock "la_gioconda"
019027-019042 DataBlock
  ................ 0c 00 00 00 07 00 00 00 00 00 00 00 d7 f8 ff ff
019043-019059 StringBlock "fe_tooltip_text"
019060-019075 DataBlock
  ................ 18 00 00 00 00 00 00 00 00 00 00 00 00 00 00 00
019076-019086 T0Block "normal_t0"
019087-019102 DataBlock
  ................ 00 00 00 00 00 00 00 00 00 00 00 00 00 00 00 00
019103-019113 T0Block "normal_t0"
019114-019157 DataBlock
  ................ 00 00 00 00 00 00 00 00 00 00 00 00 00 00 00 00
  ................ 00 00 00 00 00 00 00 00 00 00 00 00 00 00 00 00
  ............     00 00 00 00 1e 00 00 00 01 00 00 00
019158-019165 StringBlock "expand"
019166-019231 DataBlock
  ................ 00 00 02 00 00 00 00 00 00 00 00 00 00 00 ab 00
  ................ 00 00 15 00 00 00 ff ff ff 00 00 00 00 00 00 00
  ................ 00 00 00 00 00 00 00 00 00 00 00 00 00 00 ff ff
  ..........@..... ff ff ff ff ff ff 00 00 00 00 40 00 00 00 00 00
  .?               80 3f
019232-019239 StringBlock "Linear"
019240-019251 DataBlock
  ............     01 00 00 00 a0 0a 17 1f 00 00 00 00
019252-019265 StringBlock "Visibility 1"
019266-019325 DataBlock
  ................ 00 00 00 00 00 00 00 00 ab 00 00 00 15 00 00 00
  ................ ff ff ff ff 00 00 00 00 00 00 00 00 00 00 00 00
  ................ 00 00 00 00 00 00 00 00 ff ff ff ff ff ff ff ff
  ....@......?     c8 00 00 00 40 00 00 00 00 00 80 3f
019326-019333 StringBlock "Linear"
019334-019361 DataBlock
  ................ 00 00 00 00 00 00 00 00 00 00 00 00 00 00 00 00
  ..........P.     00 00 00 00 00 00 00 01 c0 a7 50 16
019362-019374 StringBlock "icon_threat"
019375-019422 DataBlock
  ..`............. 00 00 60 00 00 00 00 00 00 00 00 00 00 00 00 00
  ...............` 00 01 00 00 00 00 01 00 00 00 00 01 00 00 00 60
  ..........E..... 00 00 00 00 00 00 00 00 a0 2e 45 06 03 00 00 00
019423-019476 ImageBlock id=410427392 xsize=24 ysize=24 path="ui\\skins\\default\\icon_alert_high.png" unknown=1990254592
019477-019477 DataBlock
  .                18
019478-019514 ImagePathBlock "ui\\skins\\default\\icon_alert_low.png"
019515-019523 DataBlock
  .........        18 00 00 00 18 00 00 00 00
019524-019579 ImageBlock id=410427840 xsize=24 ysize=24 path="ui\\skins\\default\\icon_alert_medium.png" unknown=0
019580-019607 DataBlock
  ...........E...l 00 00 00 00 00 03 00 00 00 a0 2e 45 06 03 00 6c
  ow..........     6f 77 18 00 00 00 18 00 00 00 00 00
019608-019629 UnicodeBlock "Low threat"
019630-019652 DataBlock
  ................ 02 00 00 00 00 00 00 00 00 00 00 00 01 00 00 00
  .......          01 00 00 00 00 00 00
019653-019714 UnicodeBlock "icon_threat_low_Tooltip_36005c"
019715-019730 FontNameBlock "georgia_italic"
019731-019746 DataBlock
  ................ 0a 00 00 00 02 00 00 00 01 00 00 00 dd da fa ff
019747-019769 StringBlock "Default Font Category"
019770-019785 DataBlock
  ................ 00 00 00 00 00 00 00 00 00 00 00 00 00 00 00 00
019786-019796 T0Block "normal_t0"
019797-019812 DataBlock
  ................ 00 00 00 00 00 00 00 00 00 00 00 00 00 00 00 00
019813-019823 T0Block "normal_t0"
019824-019938 DataBlock
  ................ 00 00 00 00 00 00 00 00 00 00 00 00 00 00 00 00
  ......v......... 01 00 00 00 e0 a0 76 18 00 00 00 00 00 00 00 00
  ................ 18 00 00 00 18 00 00 00 ff ff ff ff 00 00 00 00
  ................ 00 00 00 00 00 00 00 00 00 00 00 01 01 00 00 00
  ................ 00 00 00 00 00 00 00 00 00 00 00 00 00 00 00 00
  ................ 00 00 00 00 00 00 00 00 00 00 00 00 00 00 00 00
  ................ 00 00 00 00 00 00 00 00 00 00 00 00 00 00 00 a0
  Iw.              49 77 16
019939-019944 StringBlock "high"
019945-019954 DataBlock
  ..........       18 00 00 00 18 00 00 00 00 00
019955-019978 UnicodeBlock "High threat"
019979-020001 DataBlock
  ................ 02 00 00 00 00 00 00 00 00 00 00 00 01 00 00 00
  .......          01 00 00 00 00 00 00
020002-020063 UnicodeBlock "icon_threat_high_Tooltip_60005"
020064-020079 FontNameBlock "georgia_italic"
020080-020095 DataBlock
  ................ 0a 00 00 00 02 00 00 00 01 00 00 00 dd da fa ff
020096-020118 StringBlock "Default Font Category"
020119-020134 DataBlock
  ................ 00 00 00 00 00 00 00 00 00 00 00 00 00 00 00 00
020135-020145 T0Block "normal_t0"
020146-020161 DataBlock
  ................ 00 00 00 00 00 00 00 00 00 00 00 00 00 00 00 00
020162-020172 T0Block "normal_t0"
020173-020192 DataBlock
  ................ 00 00 00 00 00 00 00 00 00 00 00 00 00 00 00 00
  ....             01 00 00 00
020193-020216 ImageUseBlock id=410427392 xofs=0 yofs=0 xsize=24 ysize=24 brga=4294967295
020217-020287 DataBlock
  ................ 00 00 00 00 00 00 00 00 00 00 00 00 00 00 00 01
  ................ 01 00 00 00 00 00 00 00 00 00 00 00 00 00 00 00
  ................ 00 00 00 00 00 00 00 00 00 00 00 00 00 00 00 00
  ................ 00 00 00 00 00 00 00 00 00 00 00 00 00 00 00 00
  ....Kw.          00 00 00 c0 4b 77 16
020288-020295 StringBlock "medium"
020296-020305 DataBlock
  ..........       18 00 00 00 18 00 00 00 00 00
020306-020333 UnicodeBlock "Medium threat"
020334-020356 DataBlock
  ................ 02 00 00 00 00 00 00 00 00 00 00 00 01 00 00 00
  .......          01 00 00 00 00 00 00
020357-020424 UnicodeBlock "icon_threat_medium_Tooltip_660076"
020425-020440 FontNameBlock "georgia_italic"
020441-020456 DataBlock
  ................ 0a 00 00 00 02 00 00 00 01 00 00 00 dd da fa ff
020457-020479 StringBlock "Default Font Category"
020480-020495 DataBlock
  ................ 00 00 00 00 00 00 00 00 00 00 00 00 00 00 00 00
020496-020506 T0Block "normal_t0"
020507-020522 DataBlock
  ................ 00 00 00 00 00 00 00 00 00 00 00 00 00 00 00 00
020523-020533 T0Block "normal_t0"
020534-020553 DataBlock
  ................ 00 00 00 00 00 00 00 00 00 00 00 00 00 00 00 00
  ....             01 00 00 00
020554-020577 ImageUseBlock id=410427840 xofs=0 yofs=0 xsize=24 ysize=24 brga=4294967295
020578-020656 DataBlock
  ................ 00 00 00 00 00 00 00 00 00 00 00 00 00 00 00 01
  ................ 01 00 00 00 00 00 00 00 00 00 00 00 00 00 00 00
  ................ 00 00 00 00 00 00 00 00 00 00 00 00 00 00 00 00
  ................ 00 00 00 00 00 00 00 00 00 00 00 00 00 00 00 00
  ...............  00 00 00 00 00 00 00 1e 00 00 00 01 00 00 00
020657-020664 StringBlock "expand"
020665-020730 DataBlock
  .............B.. 00 00 01 00 00 00 00 00 c0 c2 00 00 c0 42 18 00
  ................ 00 00 18 00 00 00 00 ff 00 ff 00 00 00 00 00 00
  ................ 00 00 00 00 00 00 00 00 00 00 00 00 00 00 ff ff
  ......,......... ff ff ff ff ff ff 2c 01 00 00 02 00 00 00 00 00
  .?               80 3f
020731-020738 StringBlock "Linear"
020739-020746 DataBlock
  .....3?.         01 00 00 00 00 33 3f 0c
020747-020754 StringBlock "expand"
020755-020766 DataBlock
  .........3?.     00 00 00 00 01 00 00 00 00 33 3f 0c
020767-020772 StringBlock "text"
020773-020836 DataBlock
  ................ 00 00 00 00 00 00 00 00 00 00 00 01 00 00 00 00
  ................ 00 00 00 00 00 00 01 00 00 00 00 01 00 00 00 00
  .........?...... 00 00 00 00 00 00 00 00 80 3f e3 14 00 00 00 00
  .............?.. 00 00 00 00 00 00 00 00 01 00 00 00 80 3f e3 14
020837-020846 NewStateBlock "NewState"
020847-020850 XSizeBlock 300
020851-020854 YSizeBlock 24
020855-020878 UnicodeBlock "Description"
020879-020901 DataBlock
  ................ 00 00 02 00 00 00 04 00 00 00 00 00 00 00 02 00
  .......          00 00 01 00 00 00 00
020902-020953 UnicodeBlock "text_NewState_Text_740032"
020954-020955 DataBlock
  ..               00 00
020956-020968 FontNameBlock "la_gioconda"
020969-020984 DataBlock
  ................ 0c 00 00 00 07 00 00 00 00 00 00 00 d7 f8 ff ff
020985-021001 StringBlock "fe_tooltip_text"
021002-021017 DataBlock
  ................ 18 00 00 00 00 00 00 00 00 00 00 00 00 00 00 00
021018-021028 T0Block "normal_t0"
021029-021044 DataBlock
  ................ 00 00 00 00 00 00 00 00 00 00 00 00 00 00 00 00
021045-021055 T0Block "normal_t0"
021056-021099 DataBlock
  ................ 00 00 00 00 00 00 00 00 00 00 00 00 00 00 00 00
  ................ 00 00 00 00 00 00 00 00 00 00 00 00 00 00 00 00
  ............     00 00 00 00 1e 00 00 00 01 00 00 00
021100-021107 StringBlock "expand"
021108-021173 DataBlock
  ................ 00 00 02 00 00 00 00 00 00 00 00 00 00 00 ab 00
  ................ 00 00 15 00 00 00 ff ff ff 00 00 00 00 00 00 00
  ................ 00 00 00 00 00 00 00 00 00 00 00 00 00 00 ff ff
  ..........@..... ff ff ff ff ff ff 00 00 00 00 40 00 00 00 00 00
  .?               80 3f
021174-021181 StringBlock "Linear"
021182-021193 DataBlock
  .....3?.....     01 00 00 00 00 33 3f 0c 00 00 00 00
021194-021207 StringBlock "Visibility 1"
021208-021267 DataBlock
  ................ 00 00 00 00 00 00 00 00 ab 00 00 00 15 00 00 00
  ................ ff ff ff ff 00 00 00 00 00 00 00 00 00 00 00 00
  ................ 00 00 00 00 00 00 00 00 ff ff ff ff ff ff ff ff
  ....@......?     c8 00 00 00 40 00 00 00 00 00 80 3f
021268-021275 StringBlock "Linear"
021276-021331 DataBlock
  ................ 00 00 00 00 00 00 00 00 00 00 00 00 00 00 00 00
  ................ 00 00 00 00 00 00 00 01 00 00 00 00 00 00 00 00
  ................ 00 00 00 00 00 00 00 00 00 00 00 00 00 00 00 00
  ........         00 00 00 00 00 00 00 00
