000000-000009 VersionBlock 84
000010-000013 RootIDBlock 615706564
000014-000019 StringBlock "root"
000020-000021 StringBlock ""
000022-000025 XOffsetBlock 0
000026-000029 YOffsetBlock 0
000030-000094 DataBlock
  ................ 00 01 01 00 00 00 00 01 00 00 00 00 01 00 00 00
  ................ 00 00 00 00 00 00 00 00 00 00 00 00 00 00 00 00
  .........$...... 00 00 01 00 00 00 14 d6 f3 24 00 00 00 05 00 00
  ................ c0 03 00 00 00 00 00 00 00 00 00 00 00 01 00 00
  .                00
000095-000098 StateIDBlock 615707428
000099-000108 NewStateBlock "NewState"
000109-000112 XSizeBlock 1280
000113-000116 YSizeBlock 1024
000117-000145 DataBlock
  ................ 00 00 00 00 02 00 00 00 00 00 00 00 00 00 00 00
  .............    01 00 00 00 01 00 00 00 00 00 00 00 00
000146-000161 FontNameBlock "georgia_italic"
000162-000177 DataBlock
  ................ 0a 00 00 00 02 00 00 00 01 00 00 00 dd da fa ff
000178-000200 StringBlock "Default Font Category"
000201-000216 DataBlock
  ................ 00 00 00 00 00 00 00 00 00 00 00 00 01 00 00 00
000217-000227 T0Block "normal_t0"
000228-000243 DataBlock
  ................ 00 00 00 00 00 00 00 00 00 00 00 00 00 00 00 00
000244-000254 T0Block "normal_t0"
000255-000385 DataBlock
  ................ 00 00 00 00 00 00 00 00 00 00 00 00 00 00 00 00
  .......$........ 01 00 00 00 14 d6 f3 24 00 00 00 00 00 00 00 00
  ............. 00 05 00 00 c0 03 00 00 7f 7f 7f ff 00 00 00 00
  ................ 00 00 00 00 00 00 00 00 00 00 00 01 01 00 00 00
  ................ 00 00 00 00 00 00 00 00 00 00 00 00 00 00 00 00
  ................ 00 00 00 00 00 00 00 00 00 00 00 00 00 00 00 00
  ................ 00 00 00 00 00 00 00 00 00 00 00 00 00 00 00 00
  ...............D 00 00 00 00 00 00 00 00 00 00 00 01 00 00 00 44
  g.%              67 03 25
000386-000398 StringBlock "movie_panel"
000399-000416 StringBlock "BattleMoviePanel"
000417-000458 DataBlock
  ................ 96 00 00 00 c2 00 00 00 00 01 01 00 00 00 00 01
  ................ 00 00 00 00 01 00 00 00 00 05 00 00 00 00 00 00
  ..........       00 f6 ff ff ff 00 00 00 00 00
000459-000514 ImageListBlock 1 elements:
  000463-000514 ImageBlock id=253076364 xsize=64 ysize=64 path="ui/skins/default/tooltip_frame.png" unknown=0
000515-000523 DataBlock
  .........        00 00 00 00 00 01 00 00 00
000524-000527 StateIDBlock 620980900
000528-000537 NewStateBlock "NewState"
000538-000541 XSizeBlock 981
000542-000545 YSizeBlock 615
000546-000574 DataBlock
  ................ 00 00 00 00 04 00 00 00 04 00 00 00 00 00 00 00
  .............    01 00 00 00 01 00 00 00 00 00 00 00 00
000575-000590 FontNameBlock "georgia_italic"
000591-000606 DataBlock
  ................ 0a 00 00 00 02 00 00 00 01 00 00 00 dd da fa ff
000607-000629 StringBlock "Default Font Category"
000630-000645 DataBlock
  ................ 00 00 00 00 00 00 00 00 00 00 00 00 01 00 00 00
000646-000656 T0Block "normal_t0"
000657-000672 DataBlock
  ................ 00 00 00 00 00 00 00 00 00 00 00 00 00 00 00 00
000673-000683 T0Block "normal_t0"
000684-000703 DataBlock
  ................ 00 00 00 00 00 00 00 00 00 00 00 00 00 00 00 00
  ....             01 00 00 00
000704-000727 ImageUseBlock id=253076364 xofs=0 yofs=0 xsize=981 ysize=615 brga=4294967295
000728-000814 DataBlock
  ................ 00 00 00 00 00 00 00 00 00 00 00 00 00 00 00 01
  ................ 01 00 00 00 00 00 00 00 00 00 00 00 00 00 00 00
  ................ 00 00 00 00 00 00 00 00 00 00 00 00 00 00 00 00
  ..A...A......... 00 00 41 00 00 00 41 00 00 00 00 00 00 00 00 00
  ................ 00 00 00 00 00 00 00 c8 00 00 00 00 00 00 00 03
  ....l.%          00 00 00 ac 6c 03 25
000815-000832 StringBlock "panel_decoration"
000833-000876 DataBlock
  ................ 00 00 94 01 00 00 00 00 00 00 00 00 00 00 00 00
  ................ 00 01 00 00 00 00 01 00 00 00 00 02 00 00 00 00
  .........p.%     00 00 00 00 00 00 00 00 0c 70 03 25
000877-000942 ImageListBlock 1 elements:
  000881-000942 ImageBlock id=253075436 xsize=174 ysize=34 path="ui/skins/default/panel_decoration_battle.png" unknown=0
000943-000951 DataBlock
  .........        00 00 00 00 00 01 00 00 00
000952-000955 StateIDBlock 620982284
000956-000965 NewStateBlock "NewState"
000966-000969 XSizeBlock 174
000970-000973 YSizeBlock 34
000974-001002 DataBlock
  ................ 00 00 00 00 02 00 00 00 00 00 00 00 00 00 00 00
  .............    01 00 00 00 01 00 00 00 00 00 00 00 00
001003-001018 FontNameBlock "georgia_italic"
001019-001034 DataBlock
  ................ 0a 00 00 00 02 00 00 00 01 00 00 00 dd da fa ff
001035-001057 StringBlock "Default Font Category"
001058-001073 DataBlock
  ................ 00 00 00 00 00 00 00 00 00 00 00 00 00 00 00 00
001074-001084 T0Block "normal_t0"
001085-001100 DataBlock
  ................ 00 00 00 00 00 00 00 00 00 00 00 00 00 00 00 00
001101-001111 T0Block "normal_t0"
001112-001131 DataBlock
  ................ 00 00 00 00 00 00 00 00 00 00 00 00 00 00 00 00
  ....             01 00 00 00
001132-001155 ImageUseBlock id=253075436 xofs=0 yofs=4294967262 xsize=174 ysize=34 brga=4294967295
001156-001250 DataBlock
  ................ 00 00 00 00 00 00 00 00 00 00 00 00 00 00 00 00
  ................ 00 00 00 00 00 00 00 00 00 00 00 00 00 00 00 00
  ................ 00 00 00 00 00 00 00 00 00 00 00 00 00 00 00 00
  ................ 00 00 00 00 00 00 00 00 00 00 00 00 00 00 00 00
  ................ 00 00 00 00 00 00 00 c8 00 00 00 00 00 00 00 00
  ..............%  00 00 00 00 00 00 00 00 00 00 00 c4 ca 07 25
001251-001264 StringBlock "movie_holder"
001265-001339 DataBlock
  ................ 00 00 0a 00 00 00 0a 00 00 00 00 00 00 00 00 00
  ................ 00 01 00 00 00 00 01 00 00 00 00 02 00 00 00 00
  ........$..%.... 00 00 00 0a 00 00 00 00 24 ce 07 25 01 00 00 00
  T..%............ 54 e8 02 25 00 00 9a 02 00 00 f9 00 00 00 00 00
  ...........      00 00 00 00 00 00 00 01 00 00 00
001340-001343 StateIDBlock 621268516
001344-001353 NewStateBlock "NewState"
001354-001357 XSizeBlock 960
001358-001361 YSizeBlock 540
001362-001390 DataBlock
  ................ 00 00 00 00 02 00 00 00 00 00 00 00 00 00 00 00
  .............    01 00 00 00 01 00 00 00 00 00 00 00 00
001391-001406 FontNameBlock "georgia_italic"
001407-001422 DataBlock
  ................ 0a 00 00 00 02 00 00 00 01 00 00 00 dd da fa ff
001423-001445 StringBlock "Default Font Category"
001446-001461 DataBlock
  ................ 00 00 00 00 00 00 00 00 00 00 00 00 01 00 00 00
001462-001472 T0Block "normal_t0"
001473-001488 DataBlock
  ................ 00 00 00 00 00 00 00 00 00 00 00 00 00 00 00 00
001489-001499 T0Block "normal_t0"
001500-001638 DataBlock
  ................ 00 00 00 00 00 00 00 00 00 00 00 00 00 00 00 00
  ....T..%........ 01 00 00 00 54 e8 02 25 00 00 00 00 00 00 00 00
  ................ c0 03 00 00 1c 02 00 00 ff ff ff ff 00 00 00 00
  ................ 00 00 00 00 00 00 00 00 00 00 00 01 01 00 00 00
  ................ 00 00 00 00 00 00 00 00 00 00 00 00 00 00 00 00
  ................ 00 00 00 00 00 00 00 00 00 00 00 00 00 00 00 00
  ................ 00 00 00 00 00 00 00 00 00 00 00 00 00 00 00 00
  ................ 00 00 00 c8 00 00 00 00 00 00 00 00 00 00 00 00
  .......,..%      00 00 00 00 00 00 01 2c d0 07 25
001639-001652 StringBlock "button_close"
001653-001660 StringBlock "Button"
001661-001681 DataBlock
  ....+........... d2 01 00 00 2b 02 00 00 00 00 00 00 00 00 00 01
  .....            00 00 00 00 01
001682-001695 UnicodeBlock "Accept"
001696-001773 UnicodeBlock "button_add_veteran_unit_Tooltip_720052"
001774-001794 DataBlock
  ................ 08 00 00 00 00 00 00 00 f6 ff ff ff 00 ac dc 07
  %....            25 05 00 00 00
001795-001852 ImageBlock id=249858156 xsize=206 ysize=207 path="ui/skins/default/button_basic_active.png" unknown=3002412032
001853-001853 DataBlock
  $                24
001854-001888 ImagePathBlock "ui/skins/default/fe_icon_tick.png"
001889-001897 DataBlock
  2...2....        32 00 00 00 32 00 00 00 00
001898-001947 ImageBlock id=237626548 xsize=206 ysize=206 path="ui/skins/default/button_glow.png" unknown=938316800
001948-001948 DataBlock
  .                14
001949-001992 ImagePathBlock "ui/skins/default/button_basic_inactive.png"
001993-002001 DataBlock
  .........        ce 00 00 00 cf 00 00 00 00
002002-002056 ImageBlock id=339209812 xsize=50 ysize=50 path="ui/skins/default/button_edge_glow.png" unknown=0
002057-002069 DataBlock
  ............%    00 00 00 00 00 05 00 00 00 8c d3 07 25
002070-002076 StringBlock "hover"
002077-002113 DataBlock
  2...2........... 32 00 00 00 32 00 00 00 00 00 00 00 02 00 00 00
  ................ 00 00 00 00 00 00 00 00 01 00 00 00 01 00 00 00
  .....            00 00 00 00 00
002114-002136 FontNameBlock "la_gioconda_uppercase"
002137-002152 DataBlock
  ................ 12 00 00 00 04 00 00 00 00 00 00 00 00 00 00 ff
002153-002176 StringBlock "ingame_section_heading"
002177-002192 DataBlock
  ................ 00 00 00 00 00 00 00 00 00 00 00 00 01 00 00 00
002193-002207 T0Block "glow_pulse_t0"
002208-002223 DataBlock
  ff.?...?...?.... 66 66 a6 3f 00 00 80 3f 00 00 80 3f 00 00 00 00
002224-002234 T0Block "normal_t0"
002235-002254 DataBlock
  ................ 00 00 00 00 00 00 00 00 00 00 00 00 00 00 00 00
  ....             04 00 00 00
002255-002278 ImageUseBlock id=249858156 xofs=0 yofs=0 xsize=50 ysize=50 brga=4294967295
002279-002412 DataBlock
  ................ 00 00 00 00 00 00 00 00 00 00 00 00 00 00 00 01
  ................ 01 00 00 00 00 00 00 00 00 00 00 00 00 00 00 00
  ................ 00 00 00 00 00 00 00 00 00 00 00 00 00 00 00 00
  .......,..$..... 00 00 00 00 00 00 00 2c f5 b2 24 00 00 00 00 00
  ...2...2........ 00 00 00 32 00 00 00 32 00 00 00 ff ff ff ff 00
  ................ 00 00 00 00 00 00 00 00 00 00 00 00 00 00 01 01
  ................ 00 00 00 00 00 00 00 00 00 00 00 00 00 00 00 00
  ................ 00 00 00 00 00 00 00 00 00 00 00 00 00 00 00 00
  ......           00 00 00 00 00 00
002413-002436 ImageUseBlock id=237626548 xofs=0 yofs=0 xsize=50 ysize=50 brga=855638015
002437-002491 DataBlock
  ................ 00 00 00 00 00 00 00 00 00 00 00 00 00 00 00 01
  ................ 01 00 00 00 00 00 00 00 00 00 00 00 00 00 00 00
  ................ 00 00 00 00 00 00 00 00 00 00 00 00 00 00 00 00
  .......          00 00 00 00 00 00 00
002492-002515 ImageUseBlock id=339209812 xofs=0 yofs=0 xsize=50 ysize=50 brga=2533359615
002516-002636 DataBlock
  ................ 00 00 00 00 00 00 00 00 00 00 00 00 00 00 00 01
  ................ 01 00 00 00 00 00 00 00 00 00 00 80 bf 00 00 00
  ................ 00 00 00 00 00 00 00 00 00 00 00 00 00 00 00 00
  ................ 00 00 00 00 00 00 00 d5 00 00 00 11 00 00 00 02
  ..........%...._ 00 00 00 01 00 00 00 ac dc 07 25 96 00 00 00 5f
  .......,..%..... 00 00 00 01 00 00 00 2c d0 07 25 00 00 00 00 00
  ........%....].. 00 02 00 00 00 14 e2 07 25 c8 00 00 00 5d 00 00
  ........%        00 00 00 00 00 f4 d8 07 25
002637-002646 StringBlock "inactive"
002647-002683 DataBlock
  2...2........... 32 00 00 00 32 00 00 00 00 00 00 00 02 00 00 00
  ................ 00 00 00 00 00 00 00 00 01 00 00 00 01 00 00 00
  .....            00 00 00 00 00
002684-002706 FontNameBlock "la_gioconda_uppercase"
002707-002722 DataBlock
  ................ 12 00 00 00 04 00 00 00 00 00 00 00 00 00 00 ff
002723-002746 StringBlock "ingame_section_heading"
002747-002762 DataBlock
  ................ 00 00 00 00 00 00 00 00 00 00 00 00 01 01 00 00
002763-002773 T0Block "normal_t0"
002774-002789 DataBlock
  ................ 00 00 00 00 00 00 00 00 00 00 00 00 00 00 00 00
002790-002800 T0Block "normal_t0"
002801-002952 DataBlock
  ................ 00 00 00 00 00 00 00 00 00 00 00 00 00 00 00 00
  ......7......... 02 00 00 00 94 ed 37 14 00 00 00 00 00 00 00 00
  2...2........... 32 00 00 00 32 00 00 00 ff ff ff ff 00 00 00 00
  ................ 00 00 00 00 00 00 00 00 00 00 00 01 01 00 00 00
  ................ 00 00 00 00 00 00 00 00 00 00 00 00 00 00 00 00
  ................ 00 00 00 00 00 00 00 00 00 00 00 00 00 00 00 00
  ...,..$........2 00 00 00 2c f5 b2 24 00 00 00 00 00 00 00 00 32
  ...2............ 00 00 00 32 00 00 00 c0 c0 c0 96 00 00 00 00 00
  ................ 00 00 00 00 00 00 00 00 00 00 01 01 00 00 00 00
  ........         00 00 00 00 00 00 00 00
002953-002963 T0Block "normal_t0"
002964-003003 DataBlock
  ................ 00 00 00 00 00 00 00 00 00 00 00 00 00 00 00 00
  ................ 00 00 00 00 00 00 00 00 00 00 00 00 00 00 00 00
  .......%         00 00 00 00 ac dc 07 25
003004-003011 StringBlock "active"
003012-003048 DataBlock
  2...2........... 32 00 00 00 32 00 00 00 00 00 00 00 00 00 00 00
  ................ 02 00 00 00 00 00 00 00 01 00 00 00 01 00 00 00
  .....            00 00 00 00 00
003049-003071 FontNameBlock "la_gioconda_uppercase"
003072-003087 DataBlock
  ................ 12 00 00 00 04 00 00 00 00 00 00 00 00 00 00 ff
003088-003111 StringBlock "ingame_section_heading"
003112-003127 DataBlock
  ................ 00 00 00 00 00 00 00 00 00 00 00 00 01 00 00 00
003128-003140 T0Block "brighten_t0"
003141-003156 DataBlock
  ................ 00 00 00 00 00 00 00 00 00 00 00 00 00 00 00 00
003157-003167 T0Block "normal_t0"
003168-003187 DataBlock
  ................ 00 00 00 00 00 00 00 00 00 00 00 00 00 00 00 00
  ....             04 00 00 00
003188-003211 ImageUseBlock id=249858156 xofs=0 yofs=0 xsize=50 ysize=50 brga=4294967295
003212-003345 DataBlock
  ................ 00 00 00 00 00 00 00 00 00 00 00 00 00 00 00 01
  ................ 01 00 00 00 00 00 00 00 00 00 00 00 00 00 00 00
  ................ 00 00 00 00 00 00 00 00 00 00 00 00 00 00 00 00
  .......,..$..... 00 00 00 00 00 00 00 2c f5 b2 24 00 00 00 00 00
  ...2...2........ 00 00 00 32 00 00 00 32 00 00 00 ff ff ff ff 00
  ................ 00 00 00 00 00 00 00 00 00 00 00 00 00 00 01 01
  ................ 00 00 00 00 00 00 00 00 00 00 00 00 00 00 00 00
  ................ 00 00 00 00 00 00 00 00 00 00 00 00 00 00 00 00
  ......           00 00 00 00 00 00
003346-003369 ImageUseBlock id=237626548 xofs=0 yofs=0 xsize=50 ysize=50 brga=16777215
003370-003424 DataBlock
  ................ 00 00 00 00 00 00 00 00 00 00 00 00 00 00 00 01
  ................ 01 00 00 00 00 00 00 00 00 00 00 00 00 00 00 00
  ................ 00 00 00 00 00 00 00 00 00 00 00 00 00 00 00 00
  .......          00 00 00 00 00 00 00
003425-003448 ImageUseBlock id=339209812 xofs=0 yofs=0 xsize=50 ysize=50 brga=16777215
003449-003569 DataBlock
  ................ 00 00 00 00 00 00 00 00 00 00 00 00 00 00 00 01
  ................ 01 00 00 00 00 00 00 00 00 00 00 80 bf 00 00 00
  ................ 00 00 00 00 00 00 00 00 00 00 00 00 00 00 00 00
  .......5........ 00 00 00 00 00 00 00 35 00 00 00 95 00 00 00 02
  ..........%d...] 00 00 00 00 00 00 00 8c d3 07 25 64 00 00 00 5d
  .......,..%..... 00 00 00 01 00 00 00 2c d0 07 25 00 00 00 00 00
  ........%....... 00 02 00 00 00 14 e2 07 25 00 00 00 00 00 00 00
  ........%        00 00 00 00 00 14 e2 07 25
003570-003575 StringBlock "down"
003576-003612 DataBlock
  2...2........... 32 00 00 00 32 00 00 00 00 00 00 00 00 00 00 00
  ................ 02 00 00 00 00 00 00 00 01 00 00 00 01 00 00 00
  .....            00 00 00 00 00
003613-003635 FontNameBlock "la_gioconda_uppercase"
003636-003651 DataBlock
  ................ 12 00 00 00 04 00 00 00 00 00 00 00 00 00 00 ff
003652-003675 StringBlock "ingame_section_heading"
003676-003691 DataBlock
  ................ 00 00 00 00 00 00 00 00 00 00 00 00 01 00 00 00
003692-003706 T0Block "glow_pulse_t0"
003707-003722 DataBlock
  ...=............ cd cc cc 3d 00 00 00 00 00 00 00 00 00 00 00 00
003723-003733 T0Block "normal_t0"
003734-003753 DataBlock
  ................ 00 00 00 00 00 00 00 00 00 00 00 00 00 00 00 00
  ....             04 00 00 00
003754-003777 ImageUseBlock id=249858156 xofs=0 yofs=1 xsize=50 ysize=50 brga=4294967295
003778-003911 DataBlock
  ................ 00 00 00 00 00 00 00 00 00 00 00 00 00 00 00 01
  ................ 01 00 00 00 00 00 00 00 00 00 00 00 00 00 00 00
  ................ 00 00 00 00 00 00 00 00 00 00 00 00 00 00 00 00
  .......,..$..... 00 00 00 00 00 00 00 2c f5 b2 24 00 00 00 00 01
  ...2...2........ 00 00 00 32 00 00 00 32 00 00 00 ff ff ff ff 00
  ................ 00 00 00 00 00 00 00 00 00 00 00 00 00 00 01 01
  ................ 00 00 00 00 00 00 00 00 00 00 00 00 00 00 00 00
  ................ 00 00 00 00 00 00 00 00 00 00 00 00 00 00 00 00
  ......           00 00 00 00 00 00
003912-003935 ImageUseBlock id=237626548 xofs=0 yofs=1 xsize=50 ysize=50 brga=1694498815
003936-003990 DataBlock
  ................ 00 00 00 00 00 00 00 00 00 00 00 00 00 00 00 01
  ................ 01 00 00 00 00 00 00 00 00 00 00 00 00 00 00 00
  ................ 00 00 00 00 00 00 00 00 00 00 00 00 00 00 00 00
  .......          00 00 00 00 00 00 00
003991-004014 ImageUseBlock id=339209812 xofs=0 yofs=1 xsize=50 ysize=50 brga=16777215
004015-004125 DataBlock
  ................ 00 00 00 00 00 00 00 00 00 00 00 00 00 00 00 01
  ................ 01 00 00 00 00 00 00 00 00 00 00 00 00 00 00 00
  ................ 00 00 00 00 00 00 00 00 00 00 00 00 00 00 00 00
  .......h........ 00 00 00 00 00 00 00 68 01 00 00 93 00 00 00 02
  .......|..%...._ 00 00 00 01 00 00 00 7c e7 07 25 c8 00 00 00 5f
  ..............%. 00 00 00 00 00 00 00 03 00 00 00 8c d3 07 25 00
  ...........|..%  00 00 00 00 00 00 00 00 00 00 00 7c e7 07 25
004126-004135 StringBlock "down_off"
004136-004172 DataBlock
  2...2........... 32 00 00 00 32 00 00 00 00 00 00 00 02 00 00 00
  ................ 00 00 00 00 00 00 00 00 01 00 00 00 01 00 00 00
  .....            00 00 00 00 00
004173-004195 FontNameBlock "la_gioconda_uppercase"
004196-004211 DataBlock
  ................ 12 00 00 00 04 00 00 00 00 00 00 00 00 00 00 ff
004212-004235 StringBlock "ingame_section_heading"
004236-004251 DataBlock
  ................ 00 00 00 00 00 00 00 00 00 00 00 00 01 00 00 00
004252-004262 T0Block "normal_t0"
004263-004278 DataBlock
  ................ 00 00 00 00 00 00 00 00 00 00 00 00 00 00 00 00
004279-004289 T0Block "normal_t0"
004290-004309 DataBlock
  ................ 00 00 00 00 00 00 00 00 00 00 00 00 00 00 00 00
  ....             03 00 00 00
004310-004333 ImageUseBlock id=249858156 xofs=0 yofs=1 xsize=50 ysize=50 brga=4294967295
004334-004467 DataBlock
  ................ 00 00 00 00 00 00 00 00 00 00 00 00 00 00 00 01
  ................ 01 00 00 00 00 00 00 00 00 00 00 00 00 00 00 00
  ................ 00 00 00 00 00 00 00 00 00 00 00 00 00 00 00 00
  .......,..$..... 00 00 00 00 00 00 00 2c f5 b2 24 00 00 00 00 01
  ...2...2........ 00 00 00 32 00 00 00 32 00 00 00 ff ff ff ff 00
  ................ 00 00 00 00 00 00 00 00 00 00 00 00 00 00 01 01
  ................ 00 00 00 00 00 00 00 00 00 00 00 00 00 00 00 00
  ................ 00 00 00 00 00 00 00 00 00 00 00 00 00 00 00 00
  ......           00 00 00 00 00 00
004468-004491 ImageUseBlock id=237626548 xofs=0 yofs=0 xsize=50 ysize=50 brga=16777215
004492-004615 DataBlock
  ................ 00 00 00 00 00 00 00 00 00 00 00 00 00 00 00 01
  ................ 01 00 00 00 00 00 00 00 00 00 00 00 00 00 00 00
  ................ 00 00 00 00 00 00 00 00 00 00 00 00 00 00 00 00
  ................ 00 00 00 00 00 00 00 de 00 00 00 0b 01 00 00 02
  ..........%d..._ 00 00 00 00 00 00 00 14 e2 07 25 64 00 00 00 5f
  ..............%. 00 00 00 00 00 00 00 08 00 00 00 ac dc 07 25 96
  ..._............ 00 00 00 5f 00 00 00 00 00 00 00 00 00 00 00 c8
  ............     00 00 00 00 00 00 00 00 00 00 00 00
004616-004638 StringBlock "grp_gw_accept_confirm"
004639-004644 DataBlock
  ......           00 00 00 00 00 00
004645-004664 StringBlock "pop_up_bat_generic"
004665-004677 DataBlock
  .............    00 00 00 00 00 00 00 00 00 00 00 00 00
