000000-000009 VersionBlock 33
000010-000013 RootIDBlock 168769280
000014-000019 StringBlock "root"
000020-000089 DataBlock
  ................ 00 00 00 00 00 00 00 00 01 01 00 01 00 00 00 00
  ................ 00 ff ff ff ff 00 00 00 00 00 00 00 00 00 00 00
  ................ 01 00 00 00 10 8c 18 0a 00 00 00 05 00 00 c0 03
  ................ 00 00 be ff bb ff 00 00 00 00 00 00 00 00 01 00
  ..."$.           00 00 e0 22 24 0a
000090-000099 NewStateBlock "NewState"
000100-000103 XSizeBlock 1280
000104-000107 YSizeBlock 960
000108-000136 DataBlock
  ................ 00 00 00 00 02 00 00 00 00 00 00 00 00 00 00 00
  .............    01 00 00 00 01 00 00 00 00 00 00 00 00
000137-000155 FontNameBlock "Ingame 12, Normal"
000156-000182 DataBlock
  ................ 02 00 00 00 01 00 00 00 00 00 00 ff 00 00 00 00
  ...........      00 00 00 00 00 00 00 00 01 00 00
000183-000193 T0Block "normal_t0"
000194-000278 DataBlock
  ................ 00 00 00 00 00 00 00 00 00 00 00 00 00 00 00 00
  ................ 00 00 00 00 01 00 00 00 10 8c 18 0a 00 00 00 00
  ................ 00 00 00 00 00 05 00 00 c0 03 00 00 bb ff be ff
  ................ 00 00 00 00 00 00 00 01 01 00 00 00 00 00 00 00
  ................ 00 00 00 00 00 00 00 00 00 00 00 00 00 00 00 00
  .....            00 00 00 00 00
000279-000372 EventListBlock ["SetTooltip", "SetTooltipText", "OnAdoptChild", "OnAdoptChild", "OnDestroyed", "OnDestroyed"]
000373-000384 DataBlock
  .........F#.     00 00 00 00 01 00 00 00 d8 46 23 0a
000385-000392 StringBlock "layout"
000393-000462 DataBlock
  ................ 00 00 00 00 00 00 00 00 00 00 00 01 00 00 00 00
  ................ 00 ff ff ff ff 00 00 00 00 05 00 00 00 00 00 00
  .... .&......... 01 00 00 00 20 92 26 0a 00 00 00 05 00 00 c0 03
  ................ 00 00 b1 b3 b4 ff 00 00 00 00 00 00 00 00 01 00
  ....$.           00 00 b0 0c 24 0a
000463-000472 NewStateBlock "NewState"
000473-000476 XSizeBlock 1280
000477-000480 YSizeBlock 960
000481-000509 DataBlock
  ................ 00 00 00 00 02 00 00 00 00 00 00 00 00 00 00 00
  .............    01 00 00 00 01 00 00 00 00 00 00 00 00
000510-000528 FontNameBlock "Ingame 12, Normal"
000529-000555 DataBlock
  ................ 02 00 00 00 01 00 00 00 ff 00 00 00 00 00 00 00
  ...........      00 00 00 00 00 00 00 00 01 00 00
000556-000566 T0Block "normal_t0"
000567-000651 DataBlock
  ................ 00 00 00 00 00 00 00 00 00 00 00 00 00 00 00 00
  ........ .&..... 00 00 00 00 01 00 00 00 20 92 26 0a 00 00 00 00
  ................ 00 00 00 00 00 05 00 00 c0 03 00 00 b1 b3 b4 ff
  ................ 00 00 00 00 00 00 00 01 01 00 00 00 00 00 00 00
  ................ 00 00 00 00 00 00 00 00 00 00 00 00 00 00 00 00
  .....            00 00 00 00 00
000652-000663 EventListBlock []
000664-000675 DataBlock
  ............     00 00 00 00 01 00 00 00 18 f0 0e 0a
000676-000687 StringBlock "background"
000688-000719 DataBlock
  ................ c0 fe ff ff 88 ff ff ff 00 00 00 01 00 00 00 00
  ................ 00 ff ff ff ff 00 00 00 00 05 00 00 00 00 00 00
000720-000786 ImageListBlock 1 elements:
  000724-000786 ImageBlock id=170291368 xsize=1920 ysize=1200 path="data\\UI\\FrontEnd UI\\Skins\\fe_background_2.tga" unknown=4294967295
000787-000849 DataBlock
  ............XI#. 00 00 00 00 00 00 00 00 01 00 00 00 58 49 23 0a
  ..NewState...... 08 00 4e 65 77 53 74 61 74 65 80 07 00 00 b0 04
  ................ 00 00 00 00 00 00 02 00 00 00 00 00 00 00 00 00
  ...............  00 00 01 00 00 00 01 00 00 00 00 00 00 00 00
000850-000868 FontNameBlock "Ingame 12, Normal"
000869-000895 DataBlock
  ................ 02 00 00 00 01 00 00 00 ff 00 00 00 00 00 00 00
  ...........      00 00 00 00 00 00 00 00 01 00 00
000896-000906 T0Block "normal_t0"
000907-000930 DataBlock
  ................ 00 00 00 00 00 00 00 00 00 00 00 00 00 00 00 00
  ........         00 00 00 00 01 00 00 00
000931-000954 ImageUseBlock id=170291368 xofs=0 yofs=0 xsize=1920 ysize=1200 brga=4294967295
000955-000991 DataBlock
  ................ 00 00 00 00 00 00 00 01 01 00 00 00 00 00 00 00
  ................ 00 00 00 00 00 00 00 00 00 00 00 00 00 00 00 00
  .....            00 00 00 00 00
000992-001003 EventListBlock []
001004-001015 DataBlock
  .........m..     00 00 00 00 03 00 00 00 b8 6d 17 0a
001016-001025 StringBlock "movie_bg"
001026-001040 DataBlock
  ....x..........  fd ff ff ff 78 00 00 00 00 00 00 01 00 00 00
001041-001052 StringBlock "background"
001053-001087 DataBlock
  ................ ff ff ff ff 00 00 00 00 05 00 00 00 00 00 00 00
  ...............h 00 00 00 00 00 00 00 00 00 00 00 01 00 00 00 68
  N#.              4e 23 0a
001088-001097 NewStateBlock "NewState"
001098-001101 XSizeBlock 1920
001102-001105 YSizeBlock 960
001106-001134 DataBlock
  ................ 00 00 00 00 02 00 00 00 00 00 00 00 00 00 00 00
  .............    01 00 00 00 01 00 00 00 00 00 00 00 00
001135-001153 FontNameBlock "Ingame 12, Normal"
001154-001180 DataBlock
  ................ 02 00 00 00 01 00 00 00 ff 00 00 00 00 00 00 00
  ...........      00 00 00 00 00 00 00 00 01 00 00
001181-001191 T0Block "normal_t0"
001192-001231 DataBlock
  ................ 00 00 00 00 00 00 00 00 00 00 00 00 00 00 00 00
  ................ 00 00 00 00 00 00 00 00 00 00 00 00 00 00 00 00
  ........         00 00 00 00 00 00 00 00
001232-001243 EventListBlock []
001244-001257 DataBlock
  ............$.   00 00 00 00 00 00 00 00 00 00 c8 17 24 0a
001258-001266 StringBlock "top_bar"
001267-001281 DataBlock
  ...............  00 00 00 00 00 00 00 00 01 01 00 01 00 00 00
001282-001290 StringBlock "top_bar"
001291-001305 DataBlock
  ...............  ff ff ff ff 00 00 00 00 02 00 00 00 00 00 00
001306-001369 ImageListBlock 1 elements:
  001310-001369 ImageBlock id=170286480 xsize=1 ysize=120 path="data\\UI\\FrontEnd UI\\Skins\\top_res_bars.tga" unknown=4294967295
001370-001432 DataBlock
  ............ ... 00 00 00 00 00 00 00 00 01 00 00 00 20 fc 17 0a
  ..NewState....z. 08 00 4e 65 77 53 74 61 74 65 80 07 00 00 7a 00
  ................ 00 00 00 00 00 00 02 00 00 00 00 00 00 00 00 00
  ...............  00 00 01 00 00 00 01 00 00 00 00 00 00 00 00
001433-001451 FontNameBlock "Ingame 12, Normal"
001452-001478 DataBlock
  ................ 02 00 00 00 01 00 00 00 ff 00 00 00 00 00 00 00
  ...........      00 00 00 00 00 00 00 00 01 00 00
001479-001489 T0Block "normal_t0"
001490-001513 DataBlock
  ................ 00 00 00 00 00 00 00 00 00 00 00 00 00 00 00 00
  ........         00 00 00 00 01 00 00 00
001514-001537 ImageUseBlock id=170286480 xofs=0 yofs=0 xsize=1920 ysize=120 brga=4294967295
001538-001574 DataBlock
  ................ 01 00 00 00 00 00 00 01 01 00 00 00 00 00 00 00
  ................ 00 00 00 00 00 00 00 00 00 00 00 00 00 00 00 00
  .....            00 00 00 00 00
001575-001586 EventListBlock []
001587-001600 DataBlock
  ............$.   00 00 00 00 00 00 00 00 00 00 f0 1a 24 0a
001601-001612 StringBlock "bottom_bar"
001613-001627 DataBlock
  ....6..........  00 00 00 00 36 04 00 00 01 01 00 01 00 00 00
001628-001635 StringBlock "layout"
001636-001650 DataBlock
  ...............  ff ff ff ff 00 00 00 00 08 00 00 00 00 00 00
001651-001714 ImageListBlock 1 elements:
  001655-001714 ImageBlock id=170281592 xsize=1 ysize=120 path="data\\UI\\FrontEnd UI\\Skins\\top_res_bars.tga" unknown=4294967295
001715-001777 DataBlock
  ..............%. 00 00 00 00 00 00 00 00 01 00 00 00 b0 b0 25 0a
  ..NewState....z. 08 00 4e 65 77 53 74 61 74 65 80 07 00 00 7a 00
  ................ 00 00 00 00 00 00 02 00 00 00 00 00 00 00 00 00
  ...............  00 00 01 00 00 00 01 00 00 00 00 00 00 00 00
001778-001796 FontNameBlock "Ingame 12, Normal"
001797-001823 DataBlock
  ................ 02 00 00 00 01 00 00 00 ff 00 00 00 00 00 00 00
  ...........      00 00 00 00 00 00 00 00 01 00 00
001824-001834 T0Block "normal_t0"
001835-001858 DataBlock
  ................ 00 00 00 00 00 00 00 00 00 00 00 00 00 00 00 00
  ........         00 00 00 00 01 00 00 00
001859-001882 ImageUseBlock id=170281592 xofs=0 yofs=2 xsize=1920 ysize=120 brga=4294967295
001883-001919 DataBlock
  ................ 01 00 01 00 00 00 00 01 01 00 00 00 00 00 00 00
  ................ 00 00 00 00 00 00 00 00 00 00 00 00 00 00 00 00
  .....            00 00 00 00 00
001920-001931 EventListBlock []
001932-001947 DataBlock
  ................ 00 00 00 00 00 00 00 00 00 00 00 00 00 00 00 00
