000000-000009 VersionBlock 33
000010-000013 RootIDBlock 157245956
000014-000019 StringBlock "root"
000020-000089 DataBlock
  ................ 00 00 00 00 00 00 00 00 01 01 00 01 00 00 00 00
  ................ 00 ff ff ff ff 00 00 00 00 00 00 00 00 00 00 00
  ......U......... 01 00 00 00 ac b6 55 09 00 00 00 05 00 00 c0 03
  ................ 00 00 be ff bb ff 00 00 00 00 00 00 00 00 01 00
  ....>.           00 00 bc bc 3e 07
000090-000099 NewStateBlock "NewState"
000100-000103 XSizeBlock 1280
000104-000107 YSizeBlock 960
000108-000136 DataBlock
  ................ 00 00 00 00 02 00 00 00 00 00 00 00 00 00 00 00
  .............    01 00 00 00 01 00 00 00 00 00 00 00 00
000137-000155 FontNameBlock "Ingame 12, Normal"
000156-000182 DataBlock
  ................ 02 00 00 00 01 00 00 00 ff 00 00 00 00 00 00 00
  ...........      00 00 00 00 00 00 00 00 01 00 00
000183-000193 T0Block "normal_t0"
000194-000278 DataBlock
  ................ 00 00 00 00 00 00 00 00 00 00 00 00 00 00 00 00
  ..........U..... 00 00 00 00 01 00 00 00 ac b6 55 09 00 00 00 00
  ................ 00 00 00 00 00 05 00 00 c0 03 00 00 be ff bb ff
  ................ 00 00 00 00 00 00 00 01 01 00 00 00 00 00 00 00
  ................ 00 00 00 00 00 00 00 00 00 00 00 00 00 00 00 00
  .....            00 00 00 00 00
000279-000290 EventListBlock []
000291-000302 DataBlock
  ........d._.     00 00 00 00 01 00 00 00 64 b6 5f 09
000303-000317 StringBlock "city_info_bar"
000318-000332 DataBlock
  Q..............  51 01 00 00 fa 00 00 00 01 01 00 01 00 00 00
000333-000345 StringBlock "info_parent"
000346-000380 DataBlock
  ................ ff ff ff ff 00 00 00 00 00 00 00 00 00 00 00 00
  ...............$ 00 00 00 00 00 00 00 00 00 00 00 01 00 00 00 24
  .>.              a2 3e 07
000381-000390 NewStateBlock "NewState"
000391-000394 XSizeBlock 266
000395-000398 YSizeBlock 52
000399-000427 DataBlock
  ................ 00 00 00 00 02 00 00 00 00 00 00 00 00 00 00 00
  .............    01 00 00 00 01 00 00 00 00 00 00 00 00
000428-000446 FontNameBlock "Ingame 12, Normal"
000447-000473 DataBlock
  ................ 02 00 00 00 01 00 00 00 ff 00 00 00 00 00 00 00
  ...........      00 00 00 00 00 00 00 00 00 00 00
000474-000484 T0Block "normal_t0"
000485-000524 DataBlock
  ................ 00 00 00 00 00 00 00 00 00 00 00 00 00 00 00 00
  ................ 00 00 00 00 00 00 00 00 00 00 00 00 00 00 00 00
  ........         00 00 00 00 00 00 00 00
000525-000536 EventListBlock []
000537-000548 DataBlock
  ........|]U.     ff ff ff ff 04 00 00 00 7c 5d 55 09
000549-000558 StringBlock "info_bar"
000559-000573 DataBlock
  ...............  02 00 00 00 1c 00 00 00 01 01 00 01 00 00 00
000574-000583 StringBlock "info_bar"
000584-000598 DataBlock
  ...............  ff ff ff ff 00 00 00 00 00 00 00 00 00 00 00
000599-000791 ImageListBlock 3 elements:
  000603-000665 ImageBlock id=121541092 xsize=8 ysize=24 path="data\\UI\\Campaign UI\\Skins\\city_info_bar_L.tga" unknown=4294967295
  000666-000728 ImageBlock id=156816700 xsize=8 ysize=24 path="data\\UI\\Campaign UI\\Skins\\city_info_bar_C.tga" unknown=4294967295
  000729-000791 ImageBlock id=158075252 xsize=8 ysize=24 path="data\\UI\\Campaign UI\\Skins\\city_info_bar_R.tga" unknown=4294967295
000792-000854 DataBlock
  ..............[. 00 00 00 00 00 00 00 00 01 00 00 00 c4 92 5b 09
  ..NewState...... 08 00 4e 65 77 53 74 61 74 65 0a 01 00 00 18 00
  ................ 00 00 00 00 00 00 04 00 00 00 04 00 00 00 00 00
  ...............  00 00 01 00 00 00 01 00 00 00 00 00 00 00 00
000855-000873 FontNameBlock "Ingame 12, Normal"
000874-000900 DataBlock
  ................ 02 00 00 00 01 00 00 00 ff ff ff ff 00 00 00 00
  ...........      00 00 00 00 00 00 00 00 00 00 00
000901-000911 T0Block "normal_t0"
000912-001086 DataBlock
  ................ 00 00 00 00 00 00 00 00 00 00 00 00 00 00 00 00
  ..........>..... 00 00 00 00 03 00 00 00 e4 91 3e 07 00 00 00 00
  ................ 00 00 00 00 08 00 00 00 18 00 00 00 ff ff ff ff
  ................ 00 00 00 04 00 00 00 00 00 00 00 00 00 00 00 00
  .....<.X........ 00 00 00 00 00 3c d5 58 09 08 00 00 00 00 00 00
  ................ 00 fa 00 00 00 18 00 00 00 ff ff ff ff 00 00 00
  ................ 05 00 00 00 01 00 00 00 00 00 00 00 00 00 00 00
  ..t.l........... 00 00 74 09 6c 09 02 01 00 00 00 00 00 00 08 00
  ................ 00 00 18 00 00 00 ff ff ff ff 00 00 00 06 00 00
  ................ 00 00 00 00 00 00 00 00 00 00 00 00 00 00 00 00
  ...............  00 00 00 00 00 00 00 00 00 00 00 00 00 00 00
001087-001098 EventListBlock []
001099-001110 DataBlock
  ........l.\.     00 00 00 00 01 00 00 00 6c e1 5c 09
001111-001127 StringBlock "info_bar_holder"
001128-001179 DataBlock
  ................ 00 00 00 00 00 00 00 00 00 00 00 01 00 00 00 00
  ................ 00 ff ff ff ff 00 00 00 00 05 00 00 00 00 00 00
  ................ 00 00 00 00 00 00 00 00 00 00 00 00 01 00 00 00
  .{k.             04 7b 6b 09
001180-001189 NewStateBlock "NewState"
001190-001193 XSizeBlock 266
001194-001197 YSizeBlock 24
001198-001226 DataBlock
  ................ 00 00 00 00 02 00 00 00 00 00 00 00 00 00 00 00
  .............    01 00 00 00 01 00 00 00 00 00 00 00 00
001227-001245 FontNameBlock "Ingame 12, Normal"
001246-001272 DataBlock
  ................ 02 00 00 00 01 00 00 00 ff 00 00 00 00 00 00 00
  ...........      00 00 00 00 00 00 00 00 00 00 00
001273-001283 T0Block "normal_t0"
001284-001323 DataBlock
  ................ 00 00 00 00 00 00 00 00 00 00 00 00 00 00 00 00
  ................ 00 00 00 00 00 00 00 00 00 00 00 00 00 00 00 00
  ........         00 00 00 00 00 00 00 00
001324-001335 EventListBlock []
001336-001347 DataBlock
  ..........X.     00 00 00 00 09 00 00 00 fc ad 58 09
001348-001357 StringBlock "pip_gold"
001358-001372 DataBlock
  ...............  08 00 00 00 04 00 00 00 01 01 00 01 00 00 00
001373-001382 StringBlock "pip_gold"
001383-001397 DataBlock
  ...............  ff ff ff ff 00 00 00 00 00 00 00 00 00 00 00
001398-001460 ImageListBlock 1 elements:
  001402-001460 ImageBlock id=156769516 xsize=16 ysize=15 path="data\\UI\\Campaign UI\\Skins\\pip_gold_16.tga" unknown=4294967295
001461-001523 DataBlock
  ............41.. 00 00 00 00 00 00 00 00 01 00 00 00 34 31 16 00
  ..NewState...... 08 00 4e 65 77 53 74 61 74 65 10 00 00 00 0f 00
  ................ 00 00 00 00 00 00 02 00 00 00 00 00 00 00 00 00
  ...............  00 00 01 00 00 00 01 00 00 00 00 00 00 00 00
001524-001542 FontNameBlock "Ingame 12, Normal"
001543-001569 DataBlock
  ................ 02 00 00 00 01 00 00 00 ff 00 00 00 00 00 00 00
  ...........      00 00 00 00 00 00 00 00 00 00 00
001570-001580 T0Block "normal_t0"
001581-001665 DataBlock
  ................ 00 00 00 00 00 00 00 00 00 00 00 00 00 00 00 00
  ..........X..... 00 00 00 00 01 00 00 00 ec 1c 58 09 00 00 00 00
  ................ 00 00 00 00 10 00 00 00 0f 00 00 00 ff ff ff ff
  ................ 00 00 00 00 00 00 00 01 01 00 00 00 00 00 00 00
  ................ 00 00 00 00 00 00 00 00 00 00 00 00 00 00 00 00
  .....            00 00 00 00 00
001666-001677 EventListBlock []
001678-001691 DataBlock
  ............i.   00 00 00 00 00 00 00 00 00 00 d4 9f 69 09
001692-001702 StringBlock "text_gold"
001703-001717 DataBlock
  (..............  28 00 00 00 02 00 00 00 01 01 00 01 00 00 00
001718-001728 StringBlock "text_gold"
001729-001763 DataBlock
  ................ ff ff ff ff 00 00 00 00 00 00 00 00 00 00 00 00
  ................ 00 00 00 00 00 00 00 00 00 00 00 01 00 00 00 dc
  ...              b7 15 00
001764-001773 NewStateBlock "NewState"
001774-001777 XSizeBlock 80
001778-001781 YSizeBlock 20
001782-001805 UnicodeBlock "10000 (25%)"
001806-001828 DataBlock
  ................ 00 00 02 00 00 00 04 00 00 00 00 00 00 00 01 00
  .......          00 00 01 00 00 00 00
001829-001890 UnicodeBlock "text_gold_NewState_Text_370005"
001891-001892 DataBlock
  ..               00 00
001893-001911 FontNameBlock "Ingame 12, Normal"
001912-001938 DataBlock
  ................ 02 00 00 00 01 00 00 00 ff ff ff ff 00 00 00 00
  ...........      00 00 00 00 00 00 00 00 00 00 00
001939-001949 T0Block "normal_t0"
001950-001989 DataBlock
  ................ 00 00 00 00 00 00 00 00 00 00 00 00 00 00 00 00
  ................ 00 00 00 00 00 00 00 00 00 00 00 00 00 00 00 00
  ........         00 00 00 00 00 00 00 00
001990-002001 EventListBlock []
002002-002015 DataBlock
  ..........$qo.   00 00 00 00 00 00 00 00 00 00 24 71 6f 09
002016-002029 StringBlock "income_arrow"
002030-002044 DataBlock
  ...............  1b 00 00 00 03 00 00 00 01 01 00 01 00 00 00
002045-002056 StringBlock "gold_arrow"
002057-002071 DataBlock
  ...............  ff ff ff ff 00 00 00 00 00 00 00 00 00 00 00
002072-002423 ImageListBlock 6 elements:
  002076-002132 ImageBlock id=121557100 xsize=11 ysize=18 path="data\\UI\\Campaign UI\\Skins\\arrow_up3.tga" unknown=4294967295
  002133-002189 ImageBlock id=156999572 xsize=11 ysize=18 path="data\\UI\\Campaign UI\\Skins\\arrow_up2.tga" unknown=4294967295
  002190-002246 ImageBlock id=156772172 xsize=11 ysize=18 path="data\\UI\\Campaign UI\\Skins\\arrow_up1.tga" unknown=4294967295
  002247-002305 ImageBlock id=156717884 xsize=11 ysize=18 path="data\\UI\\Campaign UI\\Skins\\arrow_down3.tga" unknown=4294967295
  002306-002364 ImageBlock id=157886348 xsize=11 ysize=18 path="data\\UI\\Campaign UI\\Skins\\arrow_down2.tga" unknown=4294967295
  002365-002423 ImageBlock id=157992700 xsize=11 ysize=18 path="data\\UI\\Campaign UI\\Skins\\arrow_down1.tga" unknown=4294967295
002424-002492 DataBlock
  ................ 00 00 00 00 00 00 00 00 06 00 00 00 a4 b2 15 00
  ..increase_large 0e 00 69 6e 63 72 65 61 73 65 5f 6c 61 72 67 65
  ................ 0b 00 00 00 12 00 00 00 00 00 00 00 02 00 00 00
  ................ 00 00 00 00 00 00 00 00 01 00 00 00 01 00 00 00
  .....            00 00 00 00 00
002493-002511 FontNameBlock "Ingame 12, Normal"
002512-002538 DataBlock
  ................ 02 00 00 00 01 00 00 00 ff 00 00 00 00 00 00 00
  ...........      00 00 00 00 00 00 00 00 00 00 00
002539-002549 T0Block "normal_t0"
002550-002634 DataBlock
  ................ 00 00 00 00 00 00 00 00 00 00 00 00 00 00 00 00
  ........l.>..... 00 00 00 00 01 00 00 00 6c d0 3e 07 00 00 00 00
  ................ 00 00 00 00 0b 00 00 00 12 00 00 00 ff ff ff ff
  ................ 00 00 00 00 00 00 00 01 01 00 00 00 00 00 00 00
  ................ 00 00 00 00 00 00 00 00 00 00 00 00 00 00 00 00
  .l...            00 6c 8b 18 00
002635-002651 StringBlock "increase_medium"
002652-002688 DataBlock
  ................ 0b 00 00 00 12 00 00 00 00 00 00 00 02 00 00 00
  ................ 00 00 00 00 00 00 00 00 01 00 00 00 01 00 00 00
  .....            00 00 00 00 00
002689-002707 FontNameBlock "Ingame 12, Normal"
002708-002734 DataBlock
  ................ 02 00 00 00 01 00 00 00 ff 00 00 00 00 00 00 00
  ...........      00 00 00 00 00 00 00 00 00 00 00
002735-002745 T0Block "normal_t0"
002746-002830 DataBlock
  ................ 00 00 00 00 00 00 00 00 00 00 00 00 00 00 00 00
  ..........[..... 00 00 00 00 01 00 00 00 94 9f 5b 09 00 00 00 00
  ................ 00 00 00 00 0b 00 00 00 12 00 00 00 ff ff ff ff
  ................ 00 00 00 00 00 00 00 01 01 00 00 00 00 00 00 00
  ................ 00 00 00 00 00 00 00 00 00 00 00 00 00 00 00 00
  .\...            00 5c fc 16 00
002831-002846 StringBlock "increase_small"
002847-002883 DataBlock
  ................ 0b 00 00 00 12 00 00 00 00 00 00 00 02 00 00 00
  ................ 00 00 00 00 00 00 00 00 01 00 00 00 01 00 00 00
  .....            00 00 00 00 00
002884-002902 FontNameBlock "Ingame 12, Normal"
002903-002929 DataBlock
  ................ 02 00 00 00 01 00 00 00 ff 00 00 00 00 00 00 00
  ...........      00 00 00 00 00 00 00 00 00 00 00
002930-002940 T0Block "normal_t0"
002941-003025 DataBlock
  ................ 00 00 00 00 00 00 00 00 00 00 00 00 00 00 00 00
  ........L'X..... 00 00 00 00 01 00 00 00 4c 27 58 09 00 00 00 00
  ................ 00 00 00 00 0b 00 00 00 12 00 00 00 ff ff ff ff
  ................ 00 00 00 00 00 00 00 01 01 00 00 00 00 00 00 00
  ................ 00 00 00 00 00 00 00 00 00 00 00 00 00 00 00 00
  ..bl.            00 e4 62 6c 09
003026-003041 StringBlock "decrease_large"
003042-003078 DataBlock
  ................ 0b 00 00 00 12 00 00 00 00 00 00 00 02 00 00 00
  ................ 00 00 00 00 00 00 00 00 01 00 00 00 01 00 00 00
  .....            00 00 00 00 00
003079-003097 FontNameBlock "Ingame 12, Normal"
003098-003124 DataBlock
  ................ 02 00 00 00 01 00 00 00 ff 00 00 00 00 00 00 00
  ...........      00 00 00 00 00 00 00 00 00 00 00
003125-003135 T0Block "normal_t0"
003136-003220 DataBlock
  ................ 00 00 00 00 00 00 00 00 00 00 00 00 00 00 00 00
  ........<SW..... 00 00 00 00 01 00 00 00 3c 53 57 09 00 00 00 00
  ................ 00 00 00 00 0b 00 00 00 12 00 00 00 ff ff ff ff
  ................ 00 00 00 00 00 00 00 01 01 00 00 00 00 00 00 00
  ................ 00 00 00 00 00 00 00 00 00 00 00 00 00 00 00 00
  ...l.            00 b4 a6 6c 09
003221-003237 StringBlock "decrease_medium"
003238-003274 DataBlock
  ................ 0b 00 00 00 12 00 00 00 00 00 00 00 02 00 00 00
  ................ 00 00 00 00 00 00 00 00 01 00 00 00 01 00 00 00
  .....            00 00 00 00 00
003275-003293 FontNameBlock "Ingame 12, Normal"
003294-003320 DataBlock
  ................ 02 00 00 00 01 00 00 00 ff 00 00 00 00 00 00 00
  ...........      00 00 00 00 00 00 00 00 00 00 00
003321-003331 T0Block "normal_t0"
003332-003416 DataBlock
  ................ 00 00 00 00 00 00 00 00 00 00 00 00 00 00 00 00
  .........'i..... 00 00 00 00 01 00 00 00 8c 27 69 09 00 00 00 00
  ................ 00 00 00 00 0b 00 00 00 12 00 00 00 ff ff ff ff
  ................ 00 00 00 00 00 00 00 01 01 00 00 00 00 00 00 00
  ................ 00 00 00 00 00 00 00 00 00 00 00 00 00 00 00 00
  ..@..            00 b4 40 16 00
003417-003432 StringBlock "decrease_small"
003433-003469 DataBlock
  ................ 0b 00 00 00 12 00 00 00 00 00 00 00 02 00 00 00
  ................ 00 00 00 00 00 00 00 00 01 00 00 00 01 00 00 00
  .....            00 00 00 00 00
003470-003488 FontNameBlock "Ingame 12, Normal"
003489-003515 DataBlock
  ................ 02 00 00 00 01 00 00 00 ff 00 00 00 00 00 00 00
  ...........      00 00 00 00 00 00 00 00 00 00 00
003516-003526 T0Block "normal_t0"
003527-003611 DataBlock
  ................ 00 00 00 00 00 00 00 00 00 00 00 00 00 00 00 00
  ..........j..... 00 00 00 00 01 00 00 00 fc c6 6a 09 00 00 00 00
  ................ 00 00 00 00 0b 00 00 00 12 00 00 00 ff ff ff ff
  ................ 00 00 00 00 00 00 00 01 01 00 00 00 00 00 00 00
  ................ 00 00 00 00 00 00 00 00 00 00 00 00 00 00 00 00
  .....            00 00 00 00 00
003612-003623 EventListBlock []
003624-003637 DataBlock
  ..........4Fq.   00 00 00 00 00 00 00 00 00 00 34 46 71 09
003638-003653 StringBlock "pip_pop_growth"
003654-003668 DataBlock
  u..............  75 00 00 00 02 00 00 00 01 01 00 01 00 00 00
003669-003684 StringBlock "pip_pop_growth"
003685-003699 DataBlock
  ...............  ff ff ff ff 00 00 00 00 00 00 00 00 00 00 00
003700-003768 ImageListBlock 1 elements:
  003704-003768 ImageBlock id=157879604 xsize=19 ysize=20 path="data\\UI\\Campaign UI\\Skins\\pip_pop_growth_20.tga" unknown=4294967295
003769-003831 DataBlock
  .............5.. 00 00 00 00 00 00 00 00 01 00 00 00 0c 35 16 00
  ..NewState...... 08 00 4e 65 77 53 74 61 74 65 13 00 00 00 14 00
  ................ 00 00 00 00 00 00 02 00 00 00 00 00 00 00 00 00
  ...............  00 00 01 00 00 00 01 00 00 00 00 00 00 00 00
003832-003850 FontNameBlock "Ingame 12, Normal"
003851-003877 DataBlock
  ................ 02 00 00 00 01 00 00 00 ff 00 00 00 00 00 00 00
  ...........      00 00 00 00 00 00 00 00 00 00 00
003878-003888 T0Block "normal_t0"
003889-003973 DataBlock
  ................ 00 00 00 00 00 00 00 00 00 00 00 00 00 00 00 00
  ........4.i..... 00 00 00 00 01 00 00 00 34 0d 69 09 00 00 00 00
  ................ 00 00 00 00 13 00 00 00 14 00 00 00 ff ff ff ff
  ................ 00 00 00 00 00 00 00 01 01 00 00 00 00 00 00 00
  ................ 00 00 00 00 00 00 00 00 00 00 00 00 00 00 00 00
  .....            00 00 00 00 00
003974-003985 EventListBlock []
003986-003999 DataBlock
  ..........<N9.   00 00 00 00 00 00 00 00 00 00 3c 4e 39 07
004000-004016 StringBlock "text_pop_growth"
004017-004031 DataBlock
  ...............  96 00 00 00 02 00 00 00 01 01 00 01 00 00 00
004032-004048 StringBlock "text_pop_growth"
004049-004083 DataBlock
  ................ ff ff ff ff 00 00 00 00 00 00 00 00 00 00 00 00
  ...............d 00 00 00 00 00 00 00 00 00 00 00 01 00 00 00 64
  H..              48 16 00
004084-004093 NewStateBlock "NewState"
004094-004097 XSizeBlock 40
004098-004101 YSizeBlock 20
004102-004113 UnicodeBlock ">0.9m"
004114-004136 DataBlock
  ................ 00 00 02 00 00 00 04 00 00 00 00 00 00 00 01 00
  .......          00 00 01 00 00 00 00
004137-004208 UnicodeBlock "text_pop_growth_NewState_Text_9007d"
004209-004210 DataBlock
  ..               00 00
004211-004229 FontNameBlock "Ingame 12, Normal"
004230-004256 DataBlock
  ................ 02 00 00 00 01 00 00 00 ff ff ff ff 00 00 00 00
  ...........      00 00 00 00 00 00 00 00 00 00 00
004257-004267 T0Block "normal_t0"
004268-004307 DataBlock
  ................ 00 00 00 00 00 00 00 00 00 00 00 00 00 00 00 00
  ................ 00 00 00 00 00 00 00 00 00 00 00 00 00 00 00 00
  ........         00 00 00 00 00 00 00 00
004308-004319 EventListBlock []
004320-004333 DataBlock
  ............U.   00 00 00 00 00 00 00 00 00 00 ec 87 55 09
004334-004351 StringBlock "pop_growth_arrow"
004352-004366 DataBlock
  ...............  89 00 00 00 03 00 00 00 01 01 00 01 00 00 00
004367-004380 StringBlock "income_arrow"
004381-004395 DataBlock
  ...............  ff ff ff ff 00 00 00 00 00 00 00 00 00 00 00
004396-004747 ImageListBlock 6 elements:
  004400-004456 ImageBlock id=157828196 xsize=11 ysize=18 path="data\\UI\\Campaign UI\\Skins\\arrow_up3.tga" unknown=4294967295
  004457-004513 ImageBlock id=157713084 xsize=11 ysize=18 path="data\\UI\\Campaign UI\\Skins\\arrow_up2.tga" unknown=4294967295
  004514-004570 ImageBlock id=157649076 xsize=11 ysize=18 path="data\\UI\\Campaign UI\\Skins\\arrow_up1.tga" unknown=4294967295
  004571-004629 ImageBlock id=157646196 xsize=11 ysize=18 path="data\\UI\\Campaign UI\\Skins\\arrow_down3.tga" unknown=4294967295
  004630-004688 ImageBlock id=157596492 xsize=11 ysize=18 path="data\\UI\\Campaign UI\\Skins\\arrow_down2.tga" unknown=4294967295
  004689-004747 ImageBlock id=157155100 xsize=11 ysize=18 path="data\\UI\\Campaign UI\\Skins\\arrow_down1.tga" unknown=4294967295
004748-004816 DataBlock
  ............\-.. 00 00 00 00 00 00 00 00 06 00 00 00 5c 2d 16 00
  ..increase_large 0e 00 69 6e 63 72 65 61 73 65 5f 6c 61 72 67 65
  ................ 0b 00 00 00 12 00 00 00 00 00 00 00 02 00 00 00
  ................ 00 00 00 00 00 00 00 00 01 00 00 00 01 00 00 00
  .....            00 00 00 00 00
004817-004835 FontNameBlock "Ingame 12, Normal"
004836-004862 DataBlock
  ................ 02 00 00 00 01 00 00 00 ff 00 00 00 00 00 00 00
  ...........      00 00 00 00 00 00 00 00 00 00 00
004863-004873 T0Block "normal_t0"
004874-004958 DataBlock
  ................ 00 00 00 00 00 00 00 00 00 00 00 00 00 00 00 00
  ........dDh..... 00 00 00 00 01 00 00 00 64 44 68 09 00 00 00 00
  ................ 00 00 00 00 0b 00 00 00 12 00 00 00 ff ff ff ff
  ................ 00 00 00 00 00 00 00 01 01 00 00 00 00 00 00 00
  ................ 00 00 00 00 00 00 00 00 00 00 00 00 00 00 00 00
  ..8..            00 e4 38 16 00
004959-004975 StringBlock "increase_medium"
004976-005012 DataBlock
  ................ 0b 00 00 00 12 00 00 00 00 00 00 00 02 00 00 00
  ................ 00 00 00 00 00 00 00 00 01 00 00 00 01 00 00 00
  .....            00 00 00 00 00
005013-005031 FontNameBlock "Ingame 12, Normal"
005032-005058 DataBlock
  ................ 02 00 00 00 01 00 00 00 ff 00 00 00 00 00 00 00
  ...........      00 00 00 00 00 00 00 00 00 00 00
005059-005069 T0Block "normal_t0"
005070-005154 DataBlock
  ................ 00 00 00 00 00 00 00 00 00 00 00 00 00 00 00 00
  ..........f..... 00 00 00 00 01 00 00 00 bc 82 66 09 00 00 00 00
  ................ 00 00 00 00 0b 00 00 00 12 00 00 00 ff ff ff ff
  ................ 00 00 00 00 00 00 00 01 01 00 00 00 00 00 00 00
  ................ 00 00 00 00 00 00 00 00 00 00 00 00 00 00 00 00
  ..D..            00 8c 44 16 00
005155-005170 StringBlock "increase_small"
005171-005207 DataBlock
  ................ 0b 00 00 00 12 00 00 00 00 00 00 00 02 00 00 00
  ................ 00 00 00 00 00 00 00 00 01 00 00 00 01 00 00 00
  .....            00 00 00 00 00
005208-005226 FontNameBlock "Ingame 12, Normal"
005227-005253 DataBlock
  ................ 02 00 00 00 01 00 00 00 ff 00 00 00 00 00 00 00
  ...........      00 00 00 00 00 00 00 00 00 00 00
005254-005264 T0Block "normal_t0"
005265-005349 DataBlock
  ................ 00 00 00 00 00 00 00 00 00 00 00 00 00 00 00 00
  ..........e..... 00 00 00 00 01 00 00 00 b4 88 65 09 00 00 00 00
  ................ 00 00 00 00 0b 00 00 00 12 00 00 00 ff ff ff ff
  ................ 00 00 00 00 00 00 00 01 01 00 00 00 00 00 00 00
  ................ 00 00 00 00 00 00 00 00 00 00 00 00 00 00 00 00
  ..|[.            00 ec 7c 5b 09
005350-005365 StringBlock "decrease_large"
005366-005402 DataBlock
  ................ 0b 00 00 00 12 00 00 00 00 00 00 00 02 00 00 00
  ................ 00 00 00 00 00 00 00 00 01 00 00 00 01 00 00 00
  .....            00 00 00 00 00
005403-005421 FontNameBlock "Ingame 12, Normal"
005422-005448 DataBlock
  ................ 02 00 00 00 01 00 00 00 ff 00 00 00 00 00 00 00
  ...........      00 00 00 00 00 00 00 00 00 00 00
005449-005459 T0Block "normal_t0"
005460-005544 DataBlock
  ................ 00 00 00 00 00 00 00 00 00 00 00 00 00 00 00 00
  ........t}e..... 00 00 00 00 01 00 00 00 74 7d 65 09 00 00 00 00
  ................ 00 00 00 00 0b 00 00 00 12 00 00 00 ff ff ff ff
  ................ 00 00 00 00 00 00 00 01 01 00 00 00 00 00 00 00
  ................ 00 00 00 00 00 00 00 00 00 00 00 00 00 00 00 00
  ..l..            00 14 6c 1b 00
005545-005561 StringBlock "decrease_medium"
005562-005598 DataBlock
  ................ 0b 00 00 00 12 00 00 00 00 00 00 00 02 00 00 00
  ................ 00 00 00 00 00 00 00 00 01 00 00 00 01 00 00 00
  .....            00 00 00 00 00
005599-005617 FontNameBlock "Ingame 12, Normal"
005618-005644 DataBlock
  ................ 02 00 00 00 01 00 00 00 ff 00 00 00 00 00 00 00
  ...........      00 00 00 00 00 00 00 00 00 00 00
005645-005655 T0Block "normal_t0"
005656-005740 DataBlock
  ................ 00 00 00 00 00 00 00 00 00 00 00 00 00 00 00 00
  ........L.d..... 00 00 00 00 01 00 00 00 4c bb 64 09 00 00 00 00
  ................ 00 00 00 00 0b 00 00 00 12 00 00 00 ff ff ff ff
  ................ 00 00 00 00 00 00 00 01 01 00 00 00 00 00 00 00
  ................ 00 00 00 00 00 00 00 00 00 00 00 00 00 00 00 00
  .D...            00 44 dd 17 00
005741-005756 StringBlock "decrease_small"
005757-005793 DataBlock
  ................ 0b 00 00 00 12 00 00 00 00 00 00 00 02 00 00 00
  ................ 00 00 00 00 00 00 00 00 01 00 00 00 01 00 00 00
  .....            00 00 00 00 00
005794-005812 FontNameBlock "Ingame 12, Normal"
005813-005839 DataBlock
  ................ 02 00 00 00 01 00 00 00 ff 00 00 00 00 00 00 00
  ...........      00 00 00 00 00 00 00 00 00 00 00
005840-005850 T0Block "normal_t0"
005851-005935 DataBlock
  ................ 00 00 00 00 00 00 00 00 00 00 00 00 00 00 00 00
  ..........]..... 00 00 00 00 01 00 00 00 1c ff 5d 09 00 00 00 00
  ................ 00 00 00 00 0b 00 00 00 12 00 00 00 ff ff ff ff
  ................ 00 00 00 00 00 00 00 01 01 00 00 00 00 00 00 00
  ................ 00 00 00 00 00 00 00 00 00 00 00 00 00 00 00 00
  .....            00 00 00 00 00
005936-005947 EventListBlock []
005948-005961 DataBlock
  ..............   00 00 00 00 00 00 00 00 00 00 a4 09 1b 00
005962-005979 StringBlock "icon_upper_class"
005980-005994 DataBlock
  ...............  c1 00 00 00 02 00 00 00 01 01 00 01 00 00 00
005995-006021 StringBlock "upper_class_reaction_icon"
006022-006036 DataBlock
  ...............  ff ff ff ff 00 00 00 00 00 00 00 00 00 00 00
006037-006243 ImageListBlock 3 elements:
  006041-006109 ImageBlock id=120864860 xsize=32 ysize=32 path="data\\UI\\Campaign UI\\Skins\\upper-classes_neutral.tga" unknown=4294967295
  006110-006176 ImageBlock id=158144100 xsize=32 ysize=32 path="data\\UI\\Campaign UI\\Skins\\upper-classes_happy.tga" unknown=4294967295
  006177-006243 ImageBlock id=158125492 xsize=32 ysize=32 path="data\\UI\\Campaign UI\\Skins\\upper-classes_angry.tga" unknown=4294967295
006244-006305 DataBlock
  .............\.. 00 00 00 00 00 00 00 00 03 00 00 00 e4 5c 1b 00
  ..neutral....... 07 00 6e 65 75 74 72 61 6c 14 00 00 00 14 00 00
  ................ 00 00 00 00 00 02 00 00 00 00 00 00 00 00 00 00
  ..............   00 01 00 00 00 01 00 00 00 00 00 00 00 00
006306-006324 FontNameBlock "Ingame 12, Normal"
006325-006351 DataBlock
  ................ 02 00 00 00 01 00 00 00 00 00 00 ff 00 00 00 00
  ...........      00 00 00 00 00 00 00 00 00 00 00
006352-006362 T0Block "normal_t0"
006363-006447 DataBlock
  ................ 00 00 00 00 00 00 00 00 00 00 00 00 00 00 00 00
  ........\@4..... 00 00 00 00 01 00 00 00 5c 40 34 07 00 00 00 00
  ................ 00 00 00 00 14 00 00 00 14 00 00 00 ff ff ff ff
  ................ 00 00 00 00 00 00 00 01 01 00 00 00 00 00 00 00
  ................ 00 00 00 00 00 00 00 00 00 00 00 00 00 00 00 00
  .,...            00 2c c6 17 00
006448-006454 StringBlock "happy"
006455-006491 DataBlock
  ................ 14 00 00 00 14 00 00 00 00 00 00 00 02 00 00 00
  ................ 00 00 00 00 00 00 00 00 01 00 00 00 01 00 00 00
  .....            00 00 00 00 00
006492-006510 FontNameBlock "Ingame 12, Normal"
006511-006537 DataBlock
  ................ 02 00 00 00 01 00 00 00 00 00 00 ff 00 00 00 00
  ...........      00 00 00 00 00 00 00 00 00 00 00
006538-006548 T0Block "normal_t0"
006549-006633 DataBlock
  ................ 00 00 00 00 00 00 00 00 00 00 00 00 00 00 00 00
  ........d.m..... 00 00 00 00 01 00 00 00 64 16 6d 09 00 00 00 00
  ................ 00 00 00 00 14 00 00 00 14 00 00 00 ff ff ff ff
  ................ 00 00 00 00 00 00 00 01 01 00 00 00 00 00 00 00
  ................ 00 00 00 00 00 00 00 00 00 00 00 00 00 00 00 00
  ..,U.            00 9c 2c 55 09
006634-006642 StringBlock "unhappy"
006643-006679 DataBlock
  ................ 14 00 00 00 14 00 00 00 00 00 00 00 02 00 00 00
  ................ 00 00 00 00 00 00 00 00 01 00 00 00 01 00 00 00
  .....            00 00 00 00 00
006680-006698 FontNameBlock "Ingame 12, Normal"
006699-006725 DataBlock
  ................ 02 00 00 00 01 00 00 00 00 00 00 ff 00 00 00 00
  ...........      00 00 00 00 00 00 00 00 00 00 00
006726-006736 T0Block "normal_t0"
006737-006821 DataBlock
  ................ 00 00 00 00 00 00 00 00 00 00 00 00 00 00 00 00
  ..........l..... 00 00 00 00 01 00 00 00 b4 cd 6c 09 00 00 00 00
  ................ 00 00 00 00 14 00 00 00 14 00 00 00 ff ff ff ff
  ................ 00 00 00 00 00 00 00 01 01 00 00 00 00 00 00 00
  ................ 00 00 00 00 00 00 00 00 00 00 00 00 00 00 00 00
  .....            00 00 00 00 00
006822-006833 EventListBlock []
006834-006847 DataBlock
  ..........4.U.   00 00 00 00 00 00 00 00 00 00 34 80 55 09
006848-006865 StringBlock "icon_lower_class"
006866-006880 DataBlock
  ...............  d8 00 00 00 02 00 00 00 01 01 00 01 00 00 00
006881-006907 StringBlock "lower_class_reaction_icon"
006908-006922 DataBlock
  ...............  ff ff ff ff 00 00 00 00 00 00 00 00 00 00 00
006923-007129 ImageListBlock 3 elements:
  006927-006993 ImageBlock id=158106500 xsize=32 ysize=32 path="data\\UI\\Campaign UI\\Skins\\lower-classes_angry.tga" unknown=4294967295
  006994-007060 ImageBlock id=158044164 xsize=32 ysize=32 path="data\\UI\\Campaign UI\\Skins\\lower-classes_happy.tga" unknown=4294967295
  007061-007129 ImageBlock id=157995892 xsize=32 ysize=32 path="data\\UI\\Campaign UI\\Skins\\lower-classes_neutral.tga" unknown=4294967295
007130-007191 DataBlock
  ............Dz.. 00 00 00 00 00 00 00 00 03 00 00 00 44 7a 1b 00
  ..neutral....... 07 00 6e 65 75 74 72 61 6c 14 00 00 00 14 00 00
  ................ 00 00 00 00 00 02 00 00 00 00 00 00 00 00 00 00
  ..............   00 01 00 00 00 01 00 00 00 00 00 00 00 00
007192-007210 FontNameBlock "Ingame 12, Normal"
007211-007237 DataBlock
  ................ 02 00 00 00 01 00 00 00 00 00 00 ff 00 00 00 00
  ...........      00 00 00 00 00 00 00 00 00 00 00
007238-007248 T0Block "normal_t0"
007249-007333 DataBlock
  ................ 00 00 00 00 00 00 00 00 00 00 00 00 00 00 00 00
  ........t.j..... 00 00 00 00 01 00 00 00 74 d3 6a 09 00 00 00 00
  ................ 00 00 00 00 14 00 00 00 14 00 00 00 ff ff ff ff
  ................ 00 00 00 00 00 00 00 01 01 00 00 00 00 00 00 00
  ................ 00 00 00 00 00 00 00 00 00 00 00 00 00 00 00 00
  ..L..            00 bc 4c 1b 00
007334-007340 StringBlock "happy"
007341-007377 DataBlock
  ................ 14 00 00 00 14 00 00 00 00 00 00 00 02 00 00 00
  ................ 00 00 00 00 00 00 00 00 01 00 00 00 01 00 00 00
  .....            00 00 00 00 00
007378-007396 FontNameBlock "Ingame 12, Normal"
007397-007423 DataBlock
  ................ 02 00 00 00 01 00 00 00 00 00 00 ff 00 00 00 00
  ...........      00 00 00 00 00 00 00 00 00 00 00
007424-007434 T0Block "normal_t0"
007435-007519 DataBlock
  ................ 00 00 00 00 00 00 00 00 00 00 00 00 00 00 00 00
  ..........k..... 00 00 00 00 01 00 00 00 04 90 6b 09 00 00 00 00
  ................ 00 00 00 00 14 00 00 00 14 00 00 00 ff ff ff ff
  ................ 00 00 00 00 00 00 00 01 01 00 00 00 00 00 00 00
  ................ 00 00 00 00 00 00 00 00 00 00 00 00 00 00 00 00
  ..%W.            00 14 25 57 09
007520-007528 StringBlock "unhappy"
007529-007565 DataBlock
  ................ 14 00 00 00 14 00 00 00 00 00 00 00 02 00 00 00
  ................ 00 00 00 00 00 00 00 00 01 00 00 00 01 00 00 00
  .....            00 00 00 00 00
007566-007584 FontNameBlock "Ingame 12, Normal"
007585-007611 DataBlock
  ................ 02 00 00 00 01 00 00 00 00 00 00 ff 00 00 00 00
  ...........      00 00 00 00 00 00 00 00 00 00 00
007612-007622 T0Block "normal_t0"
007623-007707 DataBlock
  ................ 00 00 00 00 00 00 00 00 00 00 00 00 00 00 00 00
  ..........l..... 00 00 00 00 01 00 00 00 84 83 6c 09 00 00 00 00
  ................ 00 00 00 00 14 00 00 00 14 00 00 00 ff ff ff ff
  ................ 00 00 00 00 00 00 00 01 01 00 00 00 00 00 00 00
  ................ 00 00 00 00 00 00 00 00 00 00 00 00 00 00 00 00
  .....            00 00 00 00 00
007708-007719 EventListBlock []
007720-007733 DataBlock
  ...........`..   00 00 00 00 00 00 00 00 00 00 94 60 1b 00
007734-007747 StringBlock "pip_religion"
007748-007779 DataBlock
  ................ ee 00 00 00 02 00 00 00 01 01 00 01 00 00 00 00
  ................ 00 ff ff ff ff 00 00 00 00 00 00 00 00 00 00 00
007780-008291 ImageListBlock 9 elements:
  007784-007838 ImageBlock id=156766396 xsize=20 ysize=20 path="data\\UI\\Campaign UI\\Skins\\animism.tga" unknown=4294967295
  007839-007894 ImageBlock id=156999028 xsize=20 ysize=20 path="data\\UI\\Campaign UI\\Skins\\buddhist.tga" unknown=4294967295
  007895-007947 ImageBlock id=156768956 xsize=20 ysize=20 path="data\\UI\\Campaign UI\\Skins\\hindu.tga" unknown=4294967295
  007948-008002 ImageBlock id=156786996 xsize=20 ysize=20 path="data\\UI\\Campaign UI\\Skins\\islamic.tga" unknown=4294967295
  008003-008060 ImageBlock id=156798604 xsize=20 ysize=20 path="data\\UI\\Campaign UI\\Skins\\protestant.tga" unknown=4294967295
  008061-008122 ImageBlock id=121547652 xsize=20 ysize=20 path="data\\UI\\Campaign UI\\Skins\\roman_catholic.tga" unknown=4294967295
  008123-008174 ImageBlock id=121550092 xsize=20 ysize=20 path="data\\UI\\Campaign UI\\Skins\\sikh.tga" unknown=4294967295
  008175-008235 ImageBlock id=156721732 xsize=20 ysize=20 path="data\\UI\\Campaign UI\\Skins\\nonconformism.tga" unknown=4294967295
  008236-008291 ImageBlock id=156574164 xsize=20 ysize=20 path="data\\UI\\Campaign UI\\Skins\\orthodox.tga" unknown=4294967295
008292-008358 DataBlock
  ..............r. 00 00 00 00 00 00 00 00 09 00 00 00 ec bc 72 09
  ..rel_orthodox.. 0c 00 72 65 6c 5f 6f 72 74 68 6f 64 6f 78 14 00
  ................ 00 00 14 00 00 00 00 00 00 00 02 00 00 00 00 00
  ................ 00 00 00 00 00 00 01 00 00 00 01 00 00 00 00 00
  ...              00 00 00
008359-008377 FontNameBlock "Ingame 12, Normal"
008378-008404 DataBlock
  ................ 02 00 00 00 01 00 00 00 ff 00 00 00 00 00 00 00
  ...........      00 00 00 00 00 00 00 00 00 00 00
008405-008415 T0Block "normal_t0"
008416-008500 DataBlock
  ................ 00 00 00 00 00 00 00 00 00 00 00 00 00 00 00 00
  .........!U..... 00 00 00 00 01 00 00 00 d4 21 55 09 00 00 00 00
  ................ 00 00 00 00 14 00 00 00 14 00 00 00 ff ff ff ff
  ................ 00 00 00 00 00 00 00 01 01 00 00 00 00 00 00 00
  ................ 00 00 00 00 00 00 00 00 00 00 00 00 00 00 00 00
  .t~U.            00 74 7e 55 09
008501-008513 StringBlock "rel_animist"
008514-008550 DataBlock
  ................ 14 00 00 00 14 00 00 00 00 00 00 00 02 00 00 00
  ................ 00 00 00 00 00 00 00 00 01 00 00 00 01 00 00 00
  .....            00 00 00 00 00
008551-008569 FontNameBlock "Ingame 12, Normal"
008570-008596 DataBlock
  ................ 02 00 00 00 01 00 00 00 ff 00 00 00 00 00 00 00
  ...........      00 00 00 00 00 00 00 00 00 00 00
008597-008607 T0Block "normal_t0"
008608-008692 DataBlock
  ................ 00 00 00 00 00 00 00 00 00 00 00 00 00 00 00 00
  ..........X..... 00 00 00 00 01 00 00 00 bc 10 58 09 00 00 00 00
  ................ 00 00 00 00 14 00 00 00 14 00 00 00 ff ff ff ff
  ................ 00 00 00 00 00 00 00 01 01 00 00 00 00 00 00 00
  ................ 00 00 00 00 00 00 00 00 00 00 00 00 00 00 00 00
  .....            00 a4 ea 1b 00
008693-008706 StringBlock "rel_buddhist"
008707-008743 DataBlock
  ................ 14 00 00 00 14 00 00 00 00 00 00 00 02 00 00 00
  ................ 00 00 00 00 00 00 00 00 01 00 00 00 01 00 00 00
  .....            00 00 00 00 00
008744-008762 FontNameBlock "Ingame 12, Normal"
008763-008789 DataBlock
  ................ 02 00 00 00 01 00 00 00 ff 00 00 00 00 00 00 00
  ...........      00 00 00 00 00 00 00 00 00 00 00
008790-008800 T0Block "normal_t0"
008801-008885 DataBlock
  ................ 00 00 00 00 00 00 00 00 00 00 00 00 00 00 00 00
  ........t.[..... 00 00 00 00 01 00 00 00 74 9d 5b 09 00 00 00 00
  ................ 00 00 00 00 14 00 00 00 14 00 00 00 ff ff ff ff
  ................ 00 00 00 00 00 00 00 01 01 00 00 00 00 00 00 00
  ................ 00 00 00 00 00 00 00 00 00 00 00 00 00 00 00 00
  .|#..            00 7c 23 18 00
008886-008896 StringBlock "rel_hindu"
008897-008933 DataBlock
  ................ 14 00 00 00 14 00 00 00 00 00 00 00 02 00 00 00
  ................ 00 00 00 00 00 00 00 00 01 00 00 00 01 00 00 00
  .....            00 00 00 00 00
008934-008952 FontNameBlock "Ingame 12, Normal"
008953-008979 DataBlock
  ................ 02 00 00 00 01 00 00 00 ff 00 00 00 00 00 00 00
  ...........      00 00 00 00 00 00 00 00 00 00 00
008980-008990 T0Block "normal_t0"
008991-009075 DataBlock
  ................ 00 00 00 00 00 00 00 00 00 00 00 00 00 00 00 00
  ..........X..... 00 00 00 00 01 00 00 00 bc 1a 58 09 00 00 00 00
  ................ 00 00 00 00 14 00 00 00 14 00 00 00 ff ff ff ff
  ................ 00 00 00 00 00 00 00 01 01 00 00 00 00 00 00 00
  ................ 00 00 00 00 00 00 00 00 00 00 00 00 00 00 00 00
  ...[.            00 9c be 5b 09
009076-009088 StringBlock "rel_islamic"
009089-009125 DataBlock
  ................ 14 00 00 00 14 00 00 00 00 00 00 00 02 00 00 00
  ................ 00 00 00 00 00 00 00 00 01 00 00 00 01 00 00 00
  .....            00 00 00 00 00
009126-009144 FontNameBlock "Ingame 12, Normal"
009145-009171 DataBlock
  ................ 02 00 00 00 01 00 00 00 ff 00 00 00 00 00 00 00
  ...........      00 00 00 00 00 00 00 00 00 00 00
009172-009182 T0Block "normal_t0"
009183-009267 DataBlock
  ................ 00 00 00 00 00 00 00 00 00 00 00 00 00 00 00 00
  ........4aX..... 00 00 00 00 01 00 00 00 34 61 58 09 00 00 00 00
  ................ 00 00 00 00 14 00 00 00 14 00 00 00 ff ff ff ff
  ................ 00 00 00 00 00 00 00 01 01 00 00 00 00 00 00 00
  ................ 00 00 00 00 00 00 00 00 00 00 00 00 00 00 00 00
  ..&..            00 e4 26 17 00
009268-009283 StringBlock "rel_protestant"
009284-009320 DataBlock
  ................ 14 00 00 00 14 00 00 00 00 00 00 00 02 00 00 00
  ................ 00 00 00 00 00 00 00 00 01 00 00 00 01 00 00 00
  .....            00 00 00 00 00
009321-009339 FontNameBlock "Ingame 12, Normal"
009340-009366 DataBlock
  ................ 02 00 00 00 01 00 00 00 ff 00 00 00 00 00 00 00
  ...........      00 00 00 00 00 00 00 00 00 00 00
009367-009377 T0Block "normal_t0"
009378-009462 DataBlock
  ................ 00 00 00 00 00 00 00 00 00 00 00 00 00 00 00 00
  ..........X..... 00 00 00 00 01 00 00 00 8c 8e 58 09 00 00 00 00
  ................ 00 00 00 00 14 00 00 00 14 00 00 00 ff ff ff ff
  ................ 00 00 00 00 00 00 00 01 01 00 00 00 00 00 00 00
  ................ 00 00 00 00 00 00 00 00 00 00 00 00 00 00 00 00
  .4.c.            00 34 14 63 09
009463-009476 StringBlock "rel_catholic"
009477-009513 DataBlock
  ................ 14 00 00 00 14 00 00 00 00 00 00 00 02 00 00 00
  ................ 00 00 00 00 00 00 00 00 01 00 00 00 01 00 00 00
  .....            00 00 00 00 00
009514-009532 FontNameBlock "Ingame 12, Normal"
009533-009559 DataBlock
  ................ 02 00 00 00 01 00 00 00 ff 00 00 00 00 00 00 00
  ...........      00 00 00 00 00 00 00 00 00 00 00
009560-009570 T0Block "normal_t0"
009571-009655 DataBlock
  ................ 00 00 00 00 00 00 00 00 00 00 00 00 00 00 00 00
  ..........>..... 00 00 00 00 01 00 00 00 84 ab 3e 07 00 00 00 00
  ................ 00 00 00 00 14 00 00 00 14 00 00 00 ff ff ff ff
  ................ 00 00 00 00 00 00 00 01 01 00 00 00 00 00 00 00
  ................ 00 00 00 00 00 00 00 00 00 00 00 00 00 00 00 00
  ..c].            00 8c 63 5d 09
009656-009665 StringBlock "rel_sikh"
009666-009702 DataBlock
  ................ 14 00 00 00 14 00 00 00 00 00 00 00 02 00 00 00
  ................ 00 00 00 00 00 00 00 00 01 00 00 00 01 00 00 00
  .....            00 00 00 00 00
009703-009721 FontNameBlock "Ingame 12, Normal"
009722-009748 DataBlock
  ................ 02 00 00 00 01 00 00 00 ff 00 00 00 00 00 00 00
  ...........      00 00 00 00 00 00 00 00 00 00 00
009749-009759 T0Block "normal_t0"
009760-009844 DataBlock
  ................ 00 00 00 00 00 00 00 00 00 00 00 00 00 00 00 00
  ..........>..... 00 00 00 00 01 00 00 00 0c b5 3e 07 00 00 00 00
  ................ 00 00 00 00 14 00 00 00 14 00 00 00 ff ff ff ff
  ................ 00 00 00 00 00 00 00 01 01 00 00 00 00 00 00 00
  ................ 00 00 00 00 00 00 00 00 00 00 00 00 00 00 00 00
  ...].            00 9c da 5d 09
009845-009863 StringBlock "rel_nonconformist"
009864-009900 DataBlock
  ................ 14 00 00 00 14 00 00 00 00 00 00 00 02 00 00 00
  ................ 00 00 00 00 00 00 00 00 01 00 00 00 01 00 00 00
  .....            00 00 00 00 00
009901-009919 FontNameBlock "Ingame 12, Normal"
009920-009946 DataBlock
  ................ 02 00 00 00 01 00 00 00 ff 00 00 00 00 00 00 00
  ...........      00 00 00 00 00 00 00 00 00 00 00
009947-009957 T0Block "normal_t0"
009958-010042 DataBlock
  ................ 00 00 00 00 00 00 00 00 00 00 00 00 00 00 00 00
  ........DbW..... 00 00 00 00 01 00 00 00 44 62 57 09 00 00 00 00
  ................ 00 00 00 00 14 00 00 00 14 00 00 00 ff ff ff ff
  ................ 00 00 00 00 00 00 00 01 01 00 00 00 00 00 00 00
  ................ 00 00 00 00 00 00 00 00 00 00 00 00 00 00 00 00
  .....            00 00 00 00 00
010043-010054 EventListBlock []
010055-010072 DataBlock
  ................ 00 00 00 00 00 00 00 00 00 00 00 00 00 00 a4 9b
  U.               55 09
010073-010078 StringBlock "fill"
010079-010093 DataBlock
  ...............  02 00 00 00 01 00 00 00 01 01 00 01 00 00 00
010094-010103 StringBlock "name_bar"
010104-010118 DataBlock
  ...............  ff ff ff ff 00 00 00 00 00 00 00 00 00 00 00
010119-010311 ImageListBlock 3 elements:
  010123-010185 ImageBlock id=157154012 xsize=8 ysize=24 path="data\\UI\\Campaign UI\\Skins\\city_fill_bar_C.tga" unknown=4294967295
  010186-010248 ImageBlock id=156993012 xsize=8 ysize=24 path="data\\UI\\Campaign UI\\Skins\\city_fill_bar_L.tga" unknown=4294967295
  010249-010311 ImageBlock id=157026180 xsize=8 ysize=24 path="data\\UI\\Campaign UI\\Skins\\city_fill_bar_R.tga" unknown=4294967295
010312-010374 DataBlock
  .............s.. 00 00 00 00 00 00 00 00 01 00 00 00 dc 73 18 00
  ..NewState...... 08 00 4e 65 77 53 74 61 74 65 0a 01 00 00 18 00
  ................ 00 00 00 00 00 00 04 00 00 00 04 00 00 00 00 00
  ...............  00 00 02 00 00 00 01 00 00 00 00 00 00 00 00
010375-010393 FontNameBlock "Ingame 12, Normal"
010394-010420 DataBlock
  ................ 02 00 00 00 01 00 00 00 ff ff ff ff 00 00 00 00
  ...........      00 00 00 00 00 00 00 00 00 00 00
010421-010431 T0Block "normal_t0"
010432-010606 DataBlock
  ................ 00 00 00 00 00 00 00 00 00 00 00 00 00 00 00 00
  ..........[..... 00 00 00 00 03 00 00 00 f4 85 5b 09 00 00 00 00
  ................ 00 00 00 00 08 00 00 00 18 00 00 00 ff ff ff ff
  ................ 00 00 00 04 00 00 00 00 00 00 00 00 00 00 00 00
  .......\........ 00 00 00 00 00 84 07 5c 09 02 01 00 00 00 00 00
  ................ 00 08 00 00 00 18 00 00 00 ff ff ff ff 00 00 00
  ................ 06 00 00 00 00 00 00 00 00 00 00 00 00 00 00 00
  ....]........... 00 00 dc fa 5d 09 08 00 00 00 00 00 00 00 fa 00
  ................ 00 00 18 00 00 00 ff ff ff ff 00 00 00 05 00 00
  ................ 00 01 00 00 00 00 00 00 00 00 00 00 00 00 00 00
  ...............  00 00 00 00 00 00 00 00 00 00 00 00 00 00 00
010607-010618 EventListBlock []
010619-010632 DataBlock
  ............U.   00 00 00 00 00 00 00 00 00 00 f4 93 55 09
010633-010642 StringBlock "name_bar"
010643-010657 DataBlock
  ...............  02 00 00 00 01 00 00 00 01 01 00 01 00 00 00
010658-010667 StringBlock "name_bar"
010668-010682 DataBlock
  ...............  ff ff ff ff 00 00 00 00 00 00 00 00 00 00 00
010683-010878 ImageListBlock 3 elements:
  010687-010750 ImageBlock id=1609780 xsize=8 ysize=24 path="data\\UI\\Campaign UI\\Skins\\city_title_bar_L.tga" unknown=4294967295
  010751-010814 ImageBlock id=121351804 xsize=8 ysize=24 path="data\\UI\\Campaign UI\\Skins\\city_title_bar_C.tga" unknown=4294967295
  010815-010878 ImageBlock id=121069204 xsize=8 ysize=24 path="data\\UI\\Campaign UI\\Skins\\city_title_bar_R.tga" unknown=4294967295
010879-010912 DataBlock
  .............w.. 00 00 00 00 00 00 00 00 01 00 00 00 94 77 18 00
  ..NewState...... 08 00 4e 65 77 53 74 61 74 65 0a 01 00 00 18 00
  ..               00 00
010913-010944 UnicodeBlock "London, England"
010945-010967 DataBlock
  ................ 00 00 04 00 00 00 04 00 00 00 00 00 00 00 02 00
  .......          00 00 01 00 00 00 00
010968-011027 UnicodeBlock "name_bar_NewState_Text_290046"
011028-011029 DataBlock
  ..               00 00
011030-011048 FontNameBlock "Ingame 12, Normal"
011049-011075 DataBlock
  ................ 02 00 00 00 01 00 00 00 ff ff ff ff 00 00 00 00
  ...........      00 00 00 00 00 00 00 00 00 00 00
011076-011086 T0Block "normal_t0"
011087-011261 DataBlock
  ................ 00 00 00 00 00 00 00 00 00 00 00 00 00 00 00 00
  ........4....... 00 00 00 00 03 00 00 00 34 90 18 00 00 00 00 00
  ................ 00 00 00 00 08 00 00 00 18 00 00 00 ff ff ff ff
  ................ 00 00 00 04 00 00 00 00 00 00 00 00 00 00 00 00
  ......^7........ 00 00 00 00 00 94 5e 37 07 02 01 00 00 00 00 00
  ................ 00 08 00 00 00 18 00 00 00 ff ff ff ff 00 00 00
  ................ 06 00 00 00 00 00 00 00 00 00 00 00 00 00 00 00
  ..|.;........... 00 00 7c ae 3b 07 08 00 00 00 00 00 00 00 fa 00
  ................ 00 00 18 00 00 00 ff ff ff ff 00 00 00 05 00 00
  ................ 00 01 00 00 00 00 00 00 00 00 00 00 00 00 00 00
  ...............  00 00 00 00 00 00 00 00 00 00 00 00 00 00 00
011262-011273 EventListBlock []
011274-011287 DataBlock
  ............U.   00 00 00 00 00 00 00 00 00 00 bc a4 55 09
011288-011301 StringBlock "capital_icon"
011302-011333 DataBlock
  ................ 0a 00 00 00 03 00 00 00 01 01 00 00 00 00 00 00
  ................ 00 ff ff ff ff 00 00 00 00 00 00 00 00 00 00 00
011334-011403 ImageListBlock 1 elements:
  011338-011403 ImageBlock id=157162844 xsize=17 ysize=20 path="data\\UI\\Campaign UI\\Skins\\pip_nation_capital.tga" unknown=4294967295
011404-011466 DataBlock
  ............D.. 00 00 00 00 00 00 00 00 01 00 00 00 44 7f 18 00
  ..NewState...... 08 00 4e 65 77 53 74 61 74 65 0f 00 00 00 14 00
  ................ 00 00 00 00 00 00 02 00 00 00 00 00 00 00 00 00
  ...............  00 00 01 00 00 00 01 00 00 00 00 00 00 00 00
011467-011485 FontNameBlock "Ingame 12, Normal"
011486-011512 DataBlock
  ................ 02 00 00 00 01 00 00 00 ff 00 00 00 00 00 00 00
  ...........      00 00 00 00 00 00 00 00 00 00 00
011513-011523 T0Block "normal_t0"
011524-011608 DataBlock
  ................ 00 00 00 00 00 00 00 00 00 00 00 00 00 00 00 00
  ........\.^..... 00 00 00 00 01 00 00 00 5c 1d 5e 09 00 00 00 00
  ................ 00 00 00 00 0f 00 00 00 14 00 00 00 ff ff ff ff
  ................ 00 00 00 00 00 00 00 01 01 00 00 00 00 00 00 00
  ................ 00 00 00 00 00 00 00 00 00 00 00 00 00 00 00 00
  .....            00 00 00 00 00
011609-011620 EventListBlock []
011621-011634 DataBlock
  ..............   ff ff ff ff 00 00 00 00 00 00 00 00 00 00
