000000-000009 VersionBlock 124
000010-000013 RootIDBlock 486226816
000014-000019 StringBlock "root"
000020-000097 DataBlock
  ................ 00 00 00 00 00 00 00 00 00 00 00 00 00 00 01 01
  ................ 00 00 00 00 01 00 00 00 00 01 00 00 00 00 00 00
  ............C!.. 00 00 00 00 00 00 00 00 00 00 00 e0 43 21 1d 01
  ..... .......... 00 00 00 80 e4 20 1d 00 00 00 05 00 00 c0 03 00
  ...........C!.   00 00 00 00 00 00 01 00 00 00 e0 43 21 1d
000098-000107 StringBlock "NewState"
000108-000142 DataBlock
  ................ 00 05 00 00 00 04 00 00 00 00 00 00 02 00 00 00
  ................ 00 00 00 00 00 00 00 00 01 00 00 00 00 00 00 00
  ...              00 00 00
000143-000157 StringBlock "FiraSans-Bold"
000158-000173 DataBlock
  ................ 0a 00 00 00 02 00 00 00 00 00 00 00 dd da fa ff
000174-000196 StringBlock "Default Font Category"
000197-000216 DataBlock
  ................ 00 00 00 00 00 00 00 00 00 00 00 00 00 00 00 00
  ....             01 00 00 00
000217-000227 T0Block "normal_t0"
000228-000243 DataBlock
  ................ 00 00 00 00 00 00 00 00 00 00 00 00 00 00 00 00
000244-000254 T0Block "normal_t0"
000255-000411 DataBlock
  ................ 00 00 00 00 00 00 00 00 00 00 00 00 00 00 00 00
  ...... ......... 01 00 00 00 80 e4 20 1d 00 00 00 00 00 00 00 00
  ................ 00 05 00 00 c0 03 00 00 be ff bb ff 00 00 00 00
  ................ 00 00 00 00 00 00 00 00 00 00 00 00 00 01 01 00
  ................ 00 00 00 00 00 00 00 00 00 00 00 00 00 00 00 00
  ......?......... 00 00 00 00 00 80 3f 00 00 00 00 00 00 00 00 00
  ................ 00 00 00 00 00 00 00 00 00 00 00 00 00 00 00 00
  ................ 00 00 00 00 00 00 00 00 00 00 00 00 00 00 00 00
  ................ 00 00 00 00 00 00 00 00 00 00 00 00 00 00 00 00
  .........@...    00 00 00 01 00 00 00 00 00 40 f9 bd 13
000412-000426 StringBlock "box_selection"
000427-000481 DataBlock
  ......)......... 00 00 00 00 00 00 29 02 00 00 c6 00 00 00 01 01
  ................ 00 00 00 00 01 00 00 00 00 01 00 00 00 00 00 00
  ...........`=4.. 00 00 00 00 00 00 00 00 00 00 00 60 3d 34 13 01
  ....`9.          00 00 00 c0 60 39 13
000482-000515 ImagePathBlock "ui\\skins\\default\\white_frame.png"
000516-000536 DataBlock
  D...D........... 44 00 00 00 44 00 00 00 00 00 00 00 00 01 00 00
  .`=4.            00 60 3d 34 13
000537-000546 StringBlock "NewState"
000547-000581 DataBlock
  ................ 9d 00 00 00 9b 00 00 00 00 00 00 00 02 00 00 00
  ................ 00 00 00 00 00 00 00 00 01 00 00 00 00 00 00 00
  ...              00 00 00
000582-000596 StringBlock "FiraSans-Bold"
000597-000612 DataBlock
  ................ 0a 00 00 00 02 00 00 00 00 00 00 00 dd da fa ff
000613-000635 StringBlock "Default Font Category"
000636-000655 DataBlock
  ................ 00 00 00 00 00 00 00 00 00 00 00 00 00 00 00 00
  ....             00 00 00 00
000656-000666 T0Block "normal_t0"
000667-000682 DataBlock
  ................ 00 00 00 00 00 00 00 00 00 00 00 00 00 00 00 00
000683-000693 T0Block "normal_t0"
000694-000888 DataBlock
  ................ 00 00 00 00 00 00 00 00 00 00 00 00 00 00 00 00
  .....`9......... 01 00 00 00 c0 60 39 13 00 00 00 00 00 00 00 00
  ................ 9d 00 00 00 9b 00 00 00 ff ff ff ff 00 00 00 00
  ................ 00 00 00 00 00 00 00 00 00 00 00 00 00 01 01 00
  ................ 00 00 00 00 00 00 00 00 00 00 00 00 00 00 00 00
  ......?......... 00 00 00 00 00 80 3f 00 00 00 00 00 00 00 00 00
  ........... A..  00 00 00 00 00 00 00 00 00 00 00 20 41 00 00 20
  A.. A.. A....... 41 00 00 20 41 00 00 20 41 00 00 00 00 00 00 00
  ................ 00 00 00 00 00 00 00 00 00 00 00 00 00 00 00 00
  ................ 00 00 00 00 00 00 00 00 00 00 00 00 00 00 01 00
  ....?........... 00 00 00 80 3f 00 00 00 00 00 00 00 00 00 00 00
  ..........?..... 00 00 00 00 00 00 00 00 00 80 3f 00 00 00 00 00
  ...              00 00 00
