000000-000009 VersionBlock 129
000010-000029 DataBlock
  ...H.p.(..P@.0.. ec a9 da 48 e7 70 84 28 80 06 50 40 b8 30 c3 de
  G...             47 83 8a ee
000030-000035 StringBlock "root"
000036-000161 DataBlock
  ................ 00 00 00 00 00 00 00 00 00 00 00 00 00 00 01 01
  ................ 00 00 00 00 01 00 00 00 00 01 00 00 00 00 00 00
  ...........,..H. 00 00 00 00 00 00 00 00 00 00 00 2c a3 da 48 01
  ...\9.1t....3.O. 00 00 00 5c 39 e7 31 74 a6 07 c8 dc 33 85 4f 96
  .............8.. 0f ee b2 dc db ba f2 00 00 80 07 00 00 38 04 00
  ................ 00 00 00 00 00 00 00 00 00 00 00 00 00 00 00 00
  ..........,..HF. 00 00 00 00 00 00 01 00 00 00 2c a3 da 48 46 df
  .....I...!...D   f9 10 02 f4 f7 49 9d e8 08 21 8c ed 11 44
000162-000170 StringBlock "default"
000171-000207 DataBlock
  ....8........... 80 07 00 00 38 04 00 00 00 00 00 00 02 00 00 00
  ................ 00 00 00 00 00 00 00 00 02 00 00 00 00 00 00 00
  .....            00 00 00 00 00
000208-000225 FontNameBlock "FiraSans-Regular"
000226-000241 DataBlock
  ................ 0a 00 00 00 02 00 00 00 00 00 00 00 dd da fa ff
000242-000264 StringBlock "Default Font Category"
000265-000284 DataBlock
  ................ 00 00 00 00 00 00 00 00 00 00 00 00 00 00 00 00
  ....             01 00 00 00
000285-000295 T0Block "normal_t0"
000296-000311 DataBlock
  ................ 00 00 00 00 00 00 00 00 00 00 00 00 00 00 00 00
000312-000322 T0Block "normal_t0"
000323-000528 DataBlock
  ................ 00 00 00 00 00 00 00 00 00 00 00 00 00 00 00 00
  ....\9.1t....3.O 01 00 00 00 5c 39 e7 31 74 a6 07 c8 dc 33 85 4f
  ................ 96 0f ee b2 dc db ba f2 00 00 00 00 00 00 00 00
  ....8........... 80 07 00 00 38 04 00 00 f0 f0 f0 ff 00 00 00 00
  ................ 00 00 00 00 00 00 00 00 00 00 00 00 00 01 01 00
  ................ 00 00 00 00 00 00 00 00 00 00 00 00 00 00 00 00
  ......?......... 00 00 00 00 00 80 3f 00 00 00 00 00 00 00 00 00
  ................ 00 00 00 00 00 00 00 00 00 00 00 00 00 00 00 00
  ................ 00 00 00 00 00 00 00 00 00 00 00 00 00 00 00 00
  ........F......I 00 00 00 00 00 00 00 00 46 df f9 10 02 f4 f7 49
  ...!...D........ 9d e8 08 21 8c ed 11 44 00 00 00 00 00 00 00 00
  .............H.2 00 00 00 00 01 00 00 00 00 00 b4 ae da 48 c7 32
  qW:.,@.M.].i..   71 57 3a e6 2c 40 b2 4d f0 5d 8f 69 ca c5
000529-000547 StringBlock "season_transition"
000548-000553 DataBlock
  ......           00 00 02 00 00 00
000554-000588 StringBlock "SeasonTransitionCallbackInterface"
000589-000596 DataBlock
  ........         00 00 00 00 00 00 00 00
000597-000618 StringBlock "ScreenSizedComponent"
000619-000715 DataBlock
  ................ 00 00 00 00 00 00 00 00 00 00 00 00 00 00 00 00
  ................ 01 01 00 00 00 00 01 00 00 00 00 01 00 00 00 00
  .............L.. 05 00 00 00 00 00 00 00 00 00 00 00 00 4c b3 da
  H............... 48 00 00 00 00 00 00 00 00 00 00 00 00 00 00 00
  .............L.. 00 00 00 00 00 00 00 00 00 01 00 00 00 4c b3 da
  H....S.BB..,..V. 48 dc b0 b4 aa 53 bd 42 42 9e a9 2c 01 b6 56 98
  .                c2
000716-000724 StringBlock "default"
000725-000761 DataBlock
  ....8........... 80 07 00 00 38 04 00 00 00 00 00 00 02 00 00 00
  ................ 00 00 00 00 00 00 00 00 02 00 00 00 00 00 00 00
  .....            00 00 00 00 00
000762-000779 FontNameBlock "FiraSans-Regular"
000780-000795 DataBlock
  ................ 0a 00 00 00 02 00 00 00 00 00 00 00 dd da fa ff
000796-000818 StringBlock "Default Font Category"
000819-000838 DataBlock
  ................ 00 00 00 00 00 00 00 00 00 00 00 00 00 00 00 00
  ....             00 00 00 00
000839-000849 T0Block "normal_t0"
000850-000865 DataBlock
  ................ 00 00 00 00 00 00 00 00 00 00 00 00 00 00 00 00
000866-000876 T0Block "normal_t0"
000877-000986 DataBlock
  ................ 00 00 00 00 00 00 00 00 00 00 00 00 00 00 00 00
  ................ 00 00 00 00 00 00 00 00 00 00 00 00 00 00 00 00
  ......S.BB..,..V 00 00 dc b0 b4 aa 53 bd 42 42 9e a9 2c 01 b6 56
  ................ 98 c2 00 00 00 00 e8 03 00 00 00 00 00 00 00 00
  ...............? 00 00 00 00 00 00 00 00 00 00 00 00 00 00 80 3f
  ...?...?........ 00 00 00 3f 00 00 00 3f 00 00 00 00 00 00 00 00
  .....?........   00 00 00 00 80 3f 00 00 00 00 00 00 00 00
