000000-000009 VersionBlock 129
000010-000029 DataBlock
  ...#l*:.y.wH. .0 ac b4 be 23 6c 2a 3a dd 79 90 77 48 95 20 19 30
  .$H.             ce 24 48 0a
000030-000035 StringBlock "root"
000036-000161 DataBlock
  ................ 00 00 00 00 00 00 00 00 00 00 00 00 00 00 01 01
  ................ 00 00 00 00 01 00 00 00 00 01 00 00 00 00 00 00
  ...........|<.!. 00 00 00 00 00 00 00 00 00 00 00 7c 3c c0 21 01
  ....d.C.&...^LN. 00 00 00 bc 64 9d 43 96 26 c1 85 f3 5e 4c 4e ab
  ......2......... b2 f8 87 d4 8b da 32 00 00 00 05 00 00 00 04 00
  ................ 00 00 00 00 00 00 00 00 00 00 00 00 00 00 00 00
  ..........|<.!.. 00 00 00 00 00 00 01 00 00 00 7c 3c c0 21 02 c7
  z...DI....ed..   7a 87 f3 18 44 49 a1 9f 12 a9 65 64 83 18
000162-000171 StringBlock "NewState"
000172-000208 DataBlock
  ....8........... 80 07 00 00 38 04 00 00 00 00 00 00 02 00 00 00
  ................ 00 00 00 00 00 00 00 00 01 00 00 00 00 00 00 00
  .....            00 00 00 00 00
000209-000226 FontNameBlock "FiraSans-Regular"
000227-000242 DataBlock
  ................ 0a 00 00 00 02 00 00 00 00 00 00 00 dd da fa ff
000243-000265 StringBlock "Default Font Category"
000266-000285 DataBlock
  ................ 00 00 00 00 00 00 00 00 00 00 00 00 00 00 00 00
  ....             01 00 00 00
000286-000296 T0Block "normal_t0"
000297-000312 DataBlock
  ................ 00 00 00 00 00 00 00 00 00 00 00 00 00 00 00 00
000313-000323 T0Block "normal_t0"
000324-000529 DataBlock
  ................ 00 00 00 00 00 00 00 00 00 00 00 00 00 00 00 00
  .....d.C.&...^LN 01 00 00 00 bc 64 9d 43 96 26 c1 85 f3 5e 4c 4e
  .......2........ ab b2 f8 87 d4 8b da 32 00 00 00 00 00 00 00 00
  ................ 00 05 00 00 00 04 00 00 f0 f0 f0 ff 00 00 00 00
  ................ 00 00 00 00 00 00 00 00 00 00 00 00 00 01 01 00
  ................ 00 00 00 00 00 00 00 00 00 00 00 00 00 00 00 00
  ......?......... 00 00 00 00 00 80 3f 00 00 00 00 00 00 00 00 00
  ................ 00 00 00 00 00 00 00 00 00 00 00 00 00 00 00 00
  ................ 00 00 00 00 00 00 00 00 00 00 00 00 00 00 00 00
  ..........z...DI 00 00 00 00 00 00 00 00 02 c7 7a 87 f3 18 44 49
  ....ed.......... a1 9f 12 a9 65 64 83 18 00 00 00 00 00 00 00 00
  ............) .e 00 00 00 00 01 00 00 00 00 00 1c e5 29 20 a8 65
  "...=D..g.<3..   22 f9 fa 9b 3d 44 8c 02 67 2e 3c 33 f1 a1
000530-000554 StringBlock "tooltip_campaign_stance"
000555-000560 DataBlock
  ......           00 00 01 00 00 00
000561-000575 StringBlock "CustomTooltip"
000576-000648 DataBlock
  ................ 00 00 00 00 00 00 00 00 85 01 00 00 1f 01 00 00
  ................ 00 01 00 00 00 00 01 00 00 00 00 01 00 00 00 00
  .............L.2 00 00 00 00 00 00 00 00 00 00 00 00 00 4c 84 32
   .....'@.+$..Y| 20 01 00 00 00 9c 7f 27 40 a3 2b 24 1d b2 59 7c
  G.'.0....        47 bf 27 d3 30 9d 8e ae a9
000649-000681 ImagePathBlock "ui\\skins\\default\\tooltip_bg.png"
000682-000734 DataBlock
  j............... 6a 01 00 00 90 01 00 00 00 00 00 00 00 00 00 00
  ................ 00 00 00 00 00 00 00 00 00 00 00 00 00 01 00 00
  .L.2 .A_..1.L.6  00 4c 84 32 20 09 41 5f f6 07 31 0d 4c a0 36 20
  ..X..            a0 b5 58 bc b9
000735-000744 StringBlock "NewState"
000745-000781 DataBlock
  ................ b8 01 00 00 8e 00 00 00 00 00 00 00 02 00 00 00
  ................ 00 00 00 00 00 00 00 00 01 00 00 00 00 00 00 00
  .....            00 00 00 00 00
000782-000799 FontNameBlock "FiraSans-Regular"
000800-000815 DataBlock
  ................ 0a 00 00 00 02 00 00 00 00 00 00 00 dd da fa ff
000816-000838 StringBlock "Default Font Category"
000839-000858 DataBlock
  ................ 00 00 00 00 00 00 00 00 00 00 00 00 00 00 00 00
  ....             00 00 00 00
000859-000869 T0Block "normal_t0"
000870-000885 DataBlock
  ................ 00 00 00 00 00 00 00 00 00 00 00 00 00 00 00 00
000886-000896 T0Block "normal_t0"
000897-001102 DataBlock
  ................ 00 00 00 00 00 00 00 00 00 00 00 00 00 00 00 00
  .....'@.+$..Y|G 01 00 00 00 9c 7f 27 40 a3 2b 24 1d b2 59 7c 47
  .'.0............ bf 27 d3 30 9d 8e ae a9 00 00 00 00 00 00 00 00
  ................ b8 01 00 00 8e 00 00 00 ff ff ff ff 00 00 01 00
  ................ 00 00 00 00 00 00 00 00 00 00 00 00 00 01 01 00
  ................ 00 00 00 00 00 00 00 00 00 00 00 00 00 00 00 00
  ......?......... 00 00 00 00 00 80 3f 00 00 00 00 00 00 00 00 00
  ............A... 00 00 00 00 00 00 00 00 00 00 00 80 41 00 00 a0
  A...A...A....... 41 00 00 80 41 00 00 a0 41 00 00 00 00 00 00 00
  .........A_..1.L 00 00 00 00 00 00 00 00 09 41 5f f6 07 31 0d 4c
  .6 ..X.......... a0 36 20 a0 b5 58 bc b9 00 00 00 00 00 00 00 00
  .............".E 00 00 00 00 02 00 00 00 00 00 14 af 8a 22 ac 45
  e.=.JH.....g.p   65 c3 3d f7 4a 48 9a 02 b6 94 05 67 b9 70
001103-001115 StringBlock "list_parent"
001116-001210 DataBlock
  ................ 00 00 00 00 00 00 00 00 00 00 00 00 00 00 00 01
  ................ 00 00 00 00 01 00 00 00 00 01 00 00 00 00 00 00
  ..............!. 00 00 00 00 00 00 00 00 00 00 00 d4 0c 18 21 00
  ................ 00 00 00 00 00 00 00 00 00 00 00 00 00 00 00 00
  ..............!, 00 00 00 00 00 00 00 01 00 00 00 d4 0c 18 21 2c
  ..f.+.M..Y..!..  f1 8c 66 e5 2b b8 4d b1 9a 59 d4 03 21 a5 10
001211-001220 StringBlock "NewState"
001221-001257 DataBlock
  ................ b8 01 00 00 8d 00 00 00 00 00 00 00 02 00 00 00
  ................ 00 00 00 00 00 00 00 00 01 00 00 00 00 00 00 00
  .....            00 00 00 00 00
001258-001275 FontNameBlock "FiraSans-Regular"
001276-001291 DataBlock
  ................ 0a 00 00 00 02 00 00 00 00 00 00 00 dd da fa ff
001292-001314 StringBlock "Default Font Category"
001315-001334 DataBlock
  ................ 00 00 00 00 00 00 00 00 00 00 00 00 00 00 00 00
  ....             00 00 00 00
001335-001345 T0Block "normal_t0"
001346-001361 DataBlock
  ................ 00 00 00 00 00 00 00 00 00 00 00 00 00 00 00 00
001362-001372 T0Block "normal_t0"
001373-001434 DataBlock
  ................ 00 00 00 00 00 00 00 00 00 00 00 00 00 00 00 00
  ................ 00 00 00 00 00 00 00 00 00 00 00 00 00 00 00 00
  ..,..f.+.M..Y..! 00 00 2c f1 8c 66 e5 2b b8 4d b1 9a 59 d4 03 21
  ..............   a5 10 00 00 00 00 00 00 00 00 02 00 00 00
001435-001440 StringBlock "show"
001441-001514 DataBlock
  .............C.. 01 00 02 00 00 00 00 00 00 00 00 80 c2 43 00 80
  .C....O......... 8f 43 ce 00 00 00 4f 00 00 00 ff ff ff ff 00 00
  ................ 00 00 00 00 00 00 00 00 00 00 00 00 00 00 00 00
  .............?.. 00 00 ff ff ff ff ff ff ff ff 00 00 80 3f 96 00
  .........?       00 00 00 00 00 00 00 00 80 3f
001515-001522 StringBlock "Linear"
001523-001598 DataBlock
  ...............C 00 00 00 00 00 00 00 00 00 00 00 00 00 80 c2 43
  ...C....O....... 00 80 8f 43 ce 00 00 00 4f 00 00 00 ff ff ff ff
  ................ 00 00 00 00 00 00 00 00 00 00 00 00 00 00 00 00
  ...............? 00 00 00 00 ff ff ff ff ff ff ff ff 00 00 80 3f
  ....@......?     96 00 00 00 40 00 00 00 00 00 80 3f
001599-001606 StringBlock "Linear"
001607-001618 DataBlock
  ............     00 00 00 00 00 00 00 00 00 00 00 00
001619-001624 StringBlock "hide"
001625-001698 DataBlock
  .............C.. 01 00 01 00 00 00 00 00 00 00 00 80 c2 43 00 80
  .C....O......... 8f 43 ce 00 00 00 4f 00 00 00 ff ff ff 00 00 00
  ................ 00 00 00 00 00 00 00 00 00 00 00 00 00 00 00 00
  .............?.. 00 00 ff ff ff ff ff ff ff ff 00 00 80 3f 00 00
  ..@......?       00 00 40 00 00 00 00 00 80 3f
001699-001706 StringBlock "Linear"
001707-001734 DataBlock
  .......".Ee.=.JH 01 00 00 00 14 af 8a 22 ac 45 65 c3 3d f7 4a 48
  .....g.p....     9a 02 b6 94 05 67 b9 70 00 00 00 00
001735-001752 StringBlock "Visibility false"
001753-001786 DataBlock
  ..............4. 00 00 00 00 00 00 00 00 03 00 00 00 00 00 34 f9
  :D..~....G.3.. . 3a 44 fd 88 7e ba aa 15 8b 47 b2 33 a1 88 20 a7
  .n               b0 6e
001787-001793 StringBlock "title"
001794-001799 DataBlock
  ......           00 00 01 00 00 00
001800-001817 StringBlock "ContextTextLabel"
001818-001849 StringBlock "CcoCampaignMilitaryForceStance"
001850-001855 StringBlock "Name"
001856-001979 DataBlock
  ................ 00 00 00 00 00 00 00 00 04 00 00 00 01 00 00 00
  ................ 00 00 01 00 00 00 00 01 00 00 00 00 00 00 00 00
  ...........N.... 00 00 00 00 00 00 00 00 00 a4 19 4e 0f 01 00 00
  ..9.C.j.....D.Ut 00 9c 39 e6 43 9a 6a e6 2e 98 eb b4 44 b6 55 74
  3...Z......#.... 33 a4 02 ae 5a 00 00 b2 01 00 00 23 00 00 00 00
  ................ 00 00 00 00 00 00 00 00 00 00 00 00 00 00 00 00
  ...........>..{. 00 00 00 00 05 00 00 00 1c 95 0f 3e a4 10 7b 96
  ..bE...<E+3.     a0 d4 62 45 96 15 81 3c 45 2b 33 04
001980-001987 StringBlock "common"
001988-001995 DataBlock
  ....#...         b2 01 00 00 23 00 00 00
001996-002011 UnicodeBlock "dy_text"
002012-002030 DataBlock
  ................ 00 00 04 00 00 00 04 00 00 00 00 00 00 00 02 00
  ...              00 00 00
002031-002106 UnicodeBlock "dy_heading_textbox_common_Text_75002a"
002107-002112 DataBlock
  ......           00 00 00 00 00 00
002113-002124 StringBlock "Iskra-Bold"
002125-002140 DataBlock
  ................ 0f 00 00 00 02 00 00 00 00 00 00 00 ff ff ff ff
002141-002153 StringBlock "item_header"
002154-002173 DataBlock
  (............... 28 00 00 00 00 00 00 00 00 00 00 00 00 00 00 00
  ....             00 00 00 00
002174-002184 T0Block "normal_t0"
002185-002200 DataBlock
  ................ 00 00 00 00 00 00 00 00 00 00 00 00 00 00 00 00
002201-002211 T0Block "normal_t0"
002212-002383 DataBlock
  ................ 00 00 00 00 00 00 00 00 00 00 00 00 00 00 00 00
  .....9.C.j.....D 01 00 00 00 9c 39 e6 43 9a 6a e6 2e 98 eb b4 44
  .Ut3...Z........ b6 55 74 33 a4 02 ae 5a 00 00 00 00 00 00 00 00
  ....#...fff..... b2 01 00 00 23 00 00 00 66 66 66 ff 00 00 00 00
  ................ 00 00 00 00 00 00 00 00 00 00 00 00 00 01 01 00
  ................ 00 00 00 00 00 00 00 00 00 00 00 00 00 00 00 00
  ......?......... 00 00 00 00 00 80 3f 00 00 00 00 00 00 00 00 00
  ................ 00 00 00 00 00 00 00 00 00 00 00 00 00 00 00 00
  ................ 00 00 00 00 00 00 00 00 00 00 00 00 00 00 00 00
  ..........N..... 00 00 00 00 00 00 00 00 a4 19 4e 0f 2e cb d7 aa
  G..O.Q..."..     47 1f 1b 4f a5 51 97 f7 90 22 dd cc
002384-002392 StringBlock "default"
002393-002400 DataBlock
  ....#...         b2 01 00 00 23 00 00 00
002401-002416 UnicodeBlock "dy_text"
002417-002435 DataBlock
  ................ 00 00 04 00 00 00 04 00 00 00 00 00 00 00 02 00
  ...              00 00 00
002436-002507 UnicodeBlock "dy_heading_textbox_rare_Text_75002a"
002508-002513 DataBlock
  ......           00 00 00 00 00 00
002514-002525 StringBlock "Iskra-Bold"
002526-002541 DataBlock
  ................ 0f 00 00 00 02 00 00 00 00 00 00 00 ff ff ff ff
002542-002554 StringBlock "item_header"
002555-002574 DataBlock
  (............... 28 00 00 00 00 00 00 00 00 00 00 00 00 00 00 00
  ....             00 00 00 00
002575-002585 T0Block "normal_t0"
002586-002601 DataBlock
  ................ 00 00 00 00 00 00 00 00 00 00 00 00 00 00 00 00
002602-002612 T0Block "normal_t0"
002613-002666 DataBlock
  ................ 00 00 00 00 00 00 00 00 00 00 00 00 00 00 00 00
  ................ 00 00 00 00 00 00 00 00 00 00 00 00 00 00 00 00
  ..t...ut-5a.;@.W 00 00 74 e8 13 04 75 74 2d 35 61 df 3b 40 bc 57
  M...C.           4d 92 1e 8d 43 ab
002667-002677 StringBlock "legendary"
002678-002685 DataBlock
  ....#...         b2 01 00 00 23 00 00 00
002686-002701 UnicodeBlock "dy_text"
002702-002720 DataBlock
  ................ 00 00 04 00 00 00 04 00 00 00 00 00 00 00 02 00
  ...              00 00 00
002721-002802 UnicodeBlock "dy_heading_textbox_legendary_Text_75002a"
002803-002808 DataBlock
  ......           00 00 00 00 00 00
002809-002820 StringBlock "Iskra-Bold"
002821-002836 DataBlock
  ................ 1e 00 00 00 02 00 00 00 00 00 00 00 ff ff ff ff
002837-002844 StringBlock "header"
002845-002864 DataBlock
  (............... 28 00 00 00 00 00 00 00 00 00 00 00 00 00 00 00
  ....             00 00 00 00
002865-002875 T0Block "normal_t0"
002876-002891 DataBlock
  ................ 00 00 00 00 00 00 00 00 00 00 00 00 00 00 00 00
002892-002902 T0Block "normal_t0"
002903-003074 DataBlock
  ................ 00 00 00 00 00 00 00 00 00 00 00 00 00 00 00 00
  .....9.C.j.....D 01 00 00 00 9c 39 e6 43 9a 6a e6 2e 98 eb b4 44
  .Ut3...Z........ b6 55 74 33 a4 02 ae 5a 00 00 00 00 00 00 00 00
  ....#........... b2 01 00 00 23 00 00 00 80 00 80 ff 00 00 00 00
  ................ 00 00 00 00 00 00 00 00 00 00 00 00 00 01 01 00
  ................ 00 00 00 00 00 00 00 00 00 00 00 00 00 00 00 00
  ......?......... 00 00 00 00 00 80 3f 00 00 00 00 00 00 00 00 00
  ................ 00 00 00 00 00 00 00 00 00 00 00 00 00 00 00 00
  ................ 00 00 00 00 00 00 00 00 00 00 00 00 00 00 00 00
  .........?% ..ep 00 00 00 00 00 00 00 00 a4 3f 25 20 80 1d 65 70
  ...I..w.S08.     d4 de 9a 49 8b de 77 96 53 30 38 a2
003075-003080 StringBlock "rare"
003081-003088 DataBlock
  ....#...         b2 01 00 00 23 00 00 00
003089-003104 UnicodeBlock "dy_text"
003105-003123 DataBlock
  ................ 00 00 04 00 00 00 04 00 00 00 00 00 00 00 02 00
  ...              00 00 00
003124-003195 UnicodeBlock "dy_heading_textbox_rare_Text_75002a"
003196-003201 DataBlock
  ......           00 00 00 00 00 00
003202-003213 StringBlock "Iskra-Bold"
003214-003229 DataBlock
  ................ 0f 00 00 00 02 00 00 00 00 00 00 00 ff ff ff ff
003230-003242 StringBlock "item_header"
003243-003262 DataBlock
  (............... 28 00 00 00 00 00 00 00 00 00 00 00 00 00 00 00
  ....             00 00 00 00
003263-003273 T0Block "normal_t0"
003274-003289 DataBlock
  ................ 00 00 00 00 00 00 00 00 00 00 00 00 00 00 00 00
003290-003300 T0Block "normal_t0"
003301-003472 DataBlock
  ................ 00 00 00 00 00 00 00 00 00 00 00 00 00 00 00 00
  .....9.C.j.....D 01 00 00 00 9c 39 e6 43 9a 6a e6 2e 98 eb b4 44
  .Ut3...Z........ b6 55 74 33 a4 02 ae 5a 00 00 00 00 00 00 00 00
  ....#........... b2 01 00 00 23 00 00 00 ff 00 00 ff 00 00 00 00
  ................ 00 00 00 00 00 00 00 00 00 00 00 00 00 01 01 00
  ................ 00 00 00 00 00 00 00 00 00 00 00 00 00 00 00 00
  ......?......... 00 00 00 00 00 80 3f 00 00 00 00 00 00 00 00 00
  ................ 00 00 00 00 00 00 00 00 00 00 00 00 00 00 00 00
  ................ 00 00 00 00 00 00 00 00 00 00 00 00 00 00 00 00
  ..........=!x... 00 00 00 00 00 00 00 00 e4 8b 3d 21 78 f4 ac df
  Dm.C..h...V.     44 6d 92 43 a1 e3 68 a2 14 ac 56 96
003473-003482 StringBlock "uncommon"
003483-003490 DataBlock
  ....#...         b2 01 00 00 23 00 00 00
003491-003506 UnicodeBlock "dy_text"
003507-003525 DataBlock
  ................ 00 00 04 00 00 00 04 00 00 00 00 00 00 00 02 00
  ...              00 00 00
003526-003605 UnicodeBlock "dy_heading_textbox_uncommon_Text_75002a"
003606-003611 DataBlock
  ......           00 00 00 00 00 00
003612-003623 StringBlock "Iskra-Bold"
003624-003639 DataBlock
  ................ 0f 00 00 00 02 00 00 00 00 00 00 00 ff ff ff ff
003640-003652 StringBlock "item_header"
003653-003672 DataBlock
  (............... 28 00 00 00 00 00 00 00 00 00 00 00 00 00 00 00
  ....             00 00 00 00
003673-003683 T0Block "normal_t0"
003684-003699 DataBlock
  ................ 00 00 00 00 00 00 00 00 00 00 00 00 00 00 00 00
003700-003710 T0Block "normal_t0"
003711-003938 DataBlock
  ................ 00 00 00 00 00 00 00 00 00 00 00 00 00 00 00 00
  .....9.C.j.....D 01 00 00 00 9c 39 e6 43 9a 6a e6 2e 98 eb b4 44
  .Ut3...Z........ b6 55 74 33 a4 02 ae 5a 00 00 00 00 00 00 00 00
  ....#........... b2 01 00 00 23 00 00 00 00 93 00 ff 00 00 00 00
  ................ 00 00 00 00 00 00 00 00 00 00 00 00 00 01 01 00
  ................ 00 00 00 00 00 00 00 00 00 00 00 00 00 00 00 00
  ......?......... 00 00 00 00 00 80 3f 00 00 00 00 00 00 00 00 00
  ................ 00 00 00 00 00 00 00 00 00 00 00 00 00 00 00 00
  ................ 00 00 00 00 00 00 00 00 00 00 00 00 00 00 00 00
  ............G..O 00 00 00 00 00 00 00 00 2e cb d7 aa 47 1f 1b 4f
  .Q...".......... a5 51 97 f7 90 22 dd cc 00 00 00 00 ff 00 00 00
  ................ 00 00 00 00 00 00 00 00 00 00 00 00 00 00 00 00
  .....?.......... 00 00 00 00 80 3f 00 00 00 00 00 00 00 00 00 00
  ..$ ....?.?B..\. fc c8 24 20 c7 dd 9f da 3f d6 3f 42 b9 b9 5c e7
  ....             86 b1 80 d9
003939-003951 StringBlock "description"
003952-003957 DataBlock
  ......           00 00 01 00 00 00
003958-003975 StringBlock "ContextTextLabel"
003976-004007 StringBlock "CcoCampaignMilitaryForceStance"
004008-004020 StringBlock "Description"
004021-004113 DataBlock
  ........'....... 00 00 00 00 00 00 00 00 27 00 00 00 00 01 00 00
  ................ 00 00 01 00 00 00 00 01 00 00 00 00 00 00 00 00
  .........Du7 ... 00 00 00 00 00 00 00 00 00 44 75 37 20 00 00 00
  ................ 00 00 00 00 00 00 00 00 00 00 00 00 00 00 00 00
  .........Du7 .P. 00 00 00 00 00 01 00 00 00 44 75 37 20 f9 50 85
  .W*.B.N./f.8.    aa 57 2a 98 42 9c 4e b9 2f 66 1f 38 c7
004114-004123 StringBlock "NewState"
004124-004131 DataBlock
  ....1...         b8 01 00 00 31 00 00 00
004132-004275 UnicodeBlock "Placeholder Description - could be long but auto resizes so no worries!"
004276-004294 DataBlock
  ................ 00 00 02 00 00 00 01 00 00 00 00 00 00 00 03 00
  ...              00 00 00
004295-004360 UnicodeBlock "description_NewState_Text_3a0018"
004361-004366 DataBlock
  ......           00 00 00 00 00 00
004367-004384 FontNameBlock "FiraSans-Regular"
004385-004400 DataBlock
  ................ 0d 00 00 00 05 00 00 00 00 00 00 00 ff ff ff ff
004401-004406 StringBlock "text"
004407-004426 DataBlock
  ................ 0c 00 00 00 08 00 00 00 02 00 00 00 08 00 00 00
  ....             00 00 00 00
004427-004437 T0Block "normal_t0"
004438-004453 DataBlock
  ................ 00 00 00 00 00 00 00 00 00 00 00 00 00 00 00 00
004454-004464 T0Block "normal_t0"
004465-004574 DataBlock
  ................ 00 00 00 00 00 00 00 00 00 00 00 00 00 00 00 00
  ................ 00 00 00 00 00 00 00 00 00 00 00 00 00 00 00 00
  ...P..W*.B.N./f. 00 00 f9 50 85 aa 57 2a 98 42 9c 4e b9 2f 66 1f
  8............... 38 c7 00 00 00 00 00 00 00 00 00 00 00 00 00 00
  ...............? 00 00 00 00 00 00 00 00 00 00 00 00 00 00 80 3f
  ...........8O... 00 00 00 00 00 00 00 00 00 00 14 38 4f 0f b0 c5
  .....J...r....   e2 d6 b3 e8 f2 4a a1 81 c2 72 a6 89 f6 19
004575-004587 StringBlock "effect_list"
004588-004593 DataBlock
  ......           00 00 01 00 00 00
004594-004606 StringBlock "ContextList"
004607-004638 StringBlock "CcoCampaignMilitaryForceStance"
004639-004650 StringBlock "EffectList"
004651-004743 DataBlock
  ........X....... 00 00 00 00 00 00 00 00 58 00 00 00 00 01 00 00
  ................ 00 00 01 00 00 00 00 01 00 00 00 00 00 00 00 00
  .........\.S.... 00 00 00 00 00 00 00 00 00 5c ee 53 0f 00 00 00
  ................ 00 00 00 00 00 00 00 00 00 00 00 00 00 00 00 00
  .........\.S..2. 00 00 00 00 00 01 00 00 00 5c ee 53 0f e4 32 f7
  ...3B.....D.g    c5 ea eb 33 42 8f 0b 8d eb 89 44 e2 67
004744-004753 StringBlock "NewState"
004754-004790 DataBlock
  ....1........... aa 01 00 00 31 00 00 00 00 00 00 00 02 00 00 00
  ................ 00 00 00 00 00 00 00 00 01 00 00 00 00 00 00 00
  .....            00 00 00 00 00
004791-004808 FontNameBlock "FiraSans-Regular"
004809-004824 DataBlock
  ................ 0a 00 00 00 02 00 00 00 00 00 00 00 dd da fa ff
004825-004847 StringBlock "Default Font Category"
004848-004867 DataBlock
  ................ 00 00 00 00 00 00 00 00 00 00 00 00 00 00 00 00
  ....             00 00 00 00
004868-004878 T0Block "normal_t0"
004879-004894 DataBlock
  ................ 00 00 00 00 00 00 00 00 00 00 00 00 00 00 00 00
004895-004905 T0Block "normal_t0"
004906-004993 DataBlock
  ................ 00 00 00 00 00 00 00 00 00 00 00 00 00 00 00 00
  ................ 00 00 00 00 00 00 00 00 00 00 00 00 00 00 00 00
  ...2....3B.....D 00 00 e4 32 f7 c5 ea eb 33 42 8f 0b 8d eb 89 44
  .g.............. e2 67 00 00 00 00 00 00 00 00 00 00 00 00 01 00
  ......> il..s.=L 00 00 00 00 9c f6 3e 20 69 6c c2 93 73 db 3d 4c
  ....eU.d         84 a9 0d f3 65 55 a6 64
004994-005016 StringBlock "template_effect_entry"
005017-005022 DataBlock
  ......           00 00 03 00 00 00
005023-005042 StringBlock "ContextImageSetter"
005043-005053 StringBlock "CcoEffect"
005054-005063 StringBlock "IconPath"
005064-005067 DataBlock
  ....             00 00 00 00
005068-005085 StringBlock "ContextTextLabel"
005086-005096 StringBlock "CcoEffect"
005097-005111 StringBlock "LocalisedText"
005112-005115 DataBlock
  ....             00 00 00 00
005116-005136 StringBlock "ContextColourSetter"
005137-005147 StringBlock "CcoEffect"
005148-005165 StringBlock "SupplementColour"
005166-005169 DataBlock
  ....             01 00 00 00
005170-005184 StringBlock "colour_index0"
005185-005252 DataBlock
  ..1............. 01 00 31 0c 00 00 00 06 00 00 00 00 01 00 00 00
  ................ 00 01 00 00 00 00 01 00 00 00 00 00 00 00 00 00
  ........lG/".... 00 00 00 00 00 00 00 00 6c 47 2f 22 02 00 00 00
  ...".W8....G...1 a4 dc 8f 22 96 57 38 0d ea f4 0f 47 a4 9d 10 31
  .C..             a1 43 c5 c8
005253-005296 ImagePathBlock "ui\\skins\\default\\construction_positive.png"
005297-005325 DataBlock
  ...........?#o. 01 00 00 00 00 00 00 00 00 94 02 3f 23 6f 7f f8
  ..5.K.q....)    9b c4 35 e6 4b b1 71 9f 85 cd 7f ed 29
005326-005375 ImagePathBlock "ui\\skins\\default\\effect_icons_bg_white_image.png"
005376-005428 DataBlock
   ... ........... 20 00 00 00 20 00 00 00 00 00 00 00 00 00 00 00
  ................ 00 00 00 00 00 00 00 00 00 00 00 00 00 01 00 00
  .lG/".a....xN... 00 6c 47 2f 22 1e 61 f9 08 cc db 78 4e a7 ab 9a
  O....            4f 0c bc 0f 95
005429-005438 StringBlock "NewState"
005439-005446 DataBlock
  6...!...         36 01 00 00 21 00 00 00
005447-005476 UnicodeBlock "Example effect"
005477-005495 DataBlock
  ................ 00 00 02 00 00 00 00 00 00 00 00 00 00 00 03 00
  ...              00 00 00
005496-005569 UnicodeBlock "template_effect_NewState_Text_2e0051"
005570-005575 DataBlock
  ......           00 00 00 00 00 00
005576-005593 FontNameBlock "FiraSans-Regular"
005594-005609 DataBlock
  ................ 0d 00 00 00 05 00 00 00 00 00 00 00 ff ff ff ff
005610-005615 StringBlock "text"
005616-005635 DataBlock
  #............... 23 00 00 00 06 00 00 00 06 00 00 00 06 00 00 00
  ....             00 00 00 00
005636-005646 T0Block "normal_t0"
005647-005662 DataBlock
  ................ 00 00 00 00 00 00 00 00 00 00 00 00 00 00 00 00
005663-005673 T0Block "normal_t0"
005674-005998 DataBlock
  ................ 00 00 00 00 00 00 00 00 00 00 00 00 00 00 00 00
  ......?#o...5.K 02 00 00 00 94 02 3f 23 6f 7f f8 9b c4 35 e6 4b
  .q....)........ b1 71 9f 85 cd 7f ed 29 00 00 00 00 00 00 00 00
   ... ........... 20 00 00 00 20 00 00 00 ff ff ff ff 00 00 00 00
  ................ 01 01 00 00 00 00 00 00 00 00 00 00 00 00 00 00
  ................ 00 00 00 00 00 00 00 00 00 00 00 00 00 00 00 00
  ......?......... 00 00 00 00 00 80 3f 00 00 00 00 00 00 00 00 00
  ................ 00 00 00 00 00 00 00 00 00 00 00 00 00 00 00 00
  .............".W 00 00 00 00 00 00 00 00 00 00 a4 dc 8f 22 96 57
  8....G...1.C.... 38 0d ea f4 0f 47 a4 9d 10 31 a1 43 c5 c8 00 00
  ...... ... ..... 00 00 00 00 00 00 20 00 00 00 20 00 00 00 ff ff
  ................ ff ff 00 00 00 00 00 01 00 00 00 00 00 00 00 00
  ................ 00 00 00 00 00 00 00 00 00 00 00 00 00 00 00 00
  ............?... 00 00 00 00 00 00 00 00 00 00 00 80 3f 00 00 00
  ................ 00 00 00 00 00 00 00 00 00 00 00 00 00 00 00 00
  ................ 00 00 00 00 00 00 00 00 00 00 00 00 00 00 00 00
  ...............a 00 00 00 00 00 00 00 00 00 00 00 00 00 00 1e 61
  ....xN...O...... f9 08 cc db 78 4e a7 ab 9a 4f 0c bc 0f 95 00 00
  ................ 00 00 00 00 00 00 00 00 00 00 00 00 00 00 00 00
  ...........?.... 00 00 00 00 00 00 00 00 00 00 80 3f 00 00 00 00
  .....            00 00 00 00 01
005999-006004 StringBlock "List"
006005-006094 DataBlock
  .......C........ 01 00 00 00 00 00 8c 43 00 00 00 00 06 00 00 00
  ................ 00 01 00 00 00 01 00 06 00 00 00 0a 00 00 00 0c
  ................ 00 00 00 00 00 00 00 00 00 00 00 00 00 00 00 00
  ................ 00 00 00 00 00 00 00 00 00 00 00 01 00 00 00 00
  ................ 00 00 00 00 00 00 00 00 00 00 00 00 00 00 00 80
  ?.........       3f 00 00 00 00 00 00 00 00 01
006095-006100 StringBlock "List"
006101-006211 DataBlock
  .......C........ 01 00 00 00 00 80 d0 43 00 00 00 00 00 00 00 00
  ................ 00 01 00 00 00 01 00 04 00 00 00 04 00 00 00 00
  ................ 00 00 00 00 00 00 00 00 00 00 00 00 00 00 00 00
  ................ 00 00 00 00 00 00 00 00 00 00 00 01 00 00 00 00
  ................ 00 00 00 00 00 00 00 00 00 00 00 00 00 00 00 80
  ?..........$.\.g 3f 00 00 00 00 00 00 00 00 00 00 24 e7 5c 0f 67
  ....N.O.?...*.0  e3 18 82 1e 4e 8e 4f 84 3f aa 82 c1 2a b5 30
006212-006235 StringBlock "ability_tooltip_docker"
006236-006330 DataBlock
  ................ 00 00 00 00 00 00 00 00 00 00 8d 00 00 00 00 00
  ................ 00 00 00 00 01 00 00 00 00 01 00 00 00 00 00 00
  ...........l&< . 00 00 00 00 00 00 00 00 00 00 00 6c 26 3c 20 00
  ................ 00 00 00 00 00 00 00 00 00 00 00 00 00 00 00 00
  ...........l&< . 00 00 00 00 00 00 00 01 00 00 00 6c 26 3c 20 b6
  y.Z.p.B..v...|.  79 b3 5a d4 70 e2 42 9e e4 76 ce c7 91 7c c2
006331-006340 StringBlock "NewState"
006341-006377 DataBlock
  ................ 18 00 00 00 01 00 00 00 00 00 00 00 02 00 00 00
  ................ 00 00 00 00 00 00 00 00 02 00 00 00 00 00 00 00
  .....            00 00 00 00 00
006378-006395 FontNameBlock "FiraSans-Regular"
006396-006411 DataBlock
  ................ 0a 00 00 00 02 00 00 00 00 00 00 00 dd da fa ff
006412-006434 StringBlock "Default Font Category"
006435-006454 DataBlock
  ................ 00 00 00 00 00 00 00 00 00 00 00 00 00 00 00 00
  ....             00 00 00 00
006455-006465 T0Block "normal_t0"
006466-006481 DataBlock
  ................ 00 00 00 00 00 00 00 00 00 00 00 00 00 00 00 00
006482-006492 T0Block "normal_t0"
006493-006581 DataBlock
  ................ 00 00 00 00 00 00 00 00 00 00 00 00 00 00 00 00
  ................ 00 00 00 00 00 00 00 00 00 00 00 00 00 00 00 00
  ...y.Z.p.B..v... 00 00 b6 79 b3 5a d4 70 e2 42 9e e4 76 ce c7 91
  |............... 7c c2 00 00 00 00 00 00 00 00 00 00 00 00 00 00
  ...............? 00 00 00 00 00 00 00 00 00 00 00 00 00 00 80 3f
  .........        00 00 00 00 00 00 00 00 01
006582-006587 StringBlock "List"
006588-006698 DataBlock
  .......C........ 01 00 00 00 00 00 8c 43 00 00 00 00 00 00 00 00
  ................ 00 01 00 00 00 01 00 00 00 00 00 00 00 00 00 00
  ................ 00 00 00 00 00 00 00 00 00 00 00 00 00 00 00 00
  ................ 00 00 00 00 00 00 00 00 00 00 00 01 00 00 00 00
  ................ 00 00 00 00 00 00 00 00 00 00 00 00 00 00 00 80
  ?............... 3f 00 00 00 00 00 00 00 00 00 00 00 00 00 00 00
  ......?........  00 00 00 00 00 80 3f 00 00 00 00 00 00 00 00
