000000-000009 VersionBlock 126
000010-000029 DataBlock
  .dx1.}.....G.y.. 9c 64 78 31 dd 7d aa b4 c2 11 ca 47 b1 79 2e 03
  K.T.             4b fe 54 f8
000030-000035 StringBlock "root"
000036-000161 DataBlock
  ................ 00 00 00 00 00 00 00 00 00 00 00 00 00 00 01 01
  ................ 00 00 00 00 01 00 00 00 00 01 00 00 00 00 00 00
  ............ix1. 00 00 00 00 00 00 00 00 00 00 00 8c 69 78 31 01
  ....hx1?.I;...K. 00 00 00 a4 68 78 31 3f f0 49 3b d5 e7 0f 4b 89
  d..T.,H......8.. 64 19 97 54 1d 2c 48 00 00 80 07 00 00 38 04 00
  ................ 00 00 00 00 00 00 00 00 00 00 00 00 00 00 00 00
  ...........ix1{. 00 00 00 00 00 00 01 00 00 00 8c 69 78 31 7b ac
  B....L.....).R   42 f7 a6 83 df 4c a0 af a0 06 94 29 0a 52
000162-000171 StringBlock "NewState"
000172-000206 DataBlock
  ....8........... 80 07 00 00 38 04 00 00 00 00 00 00 02 00 00 00
  ................ 00 00 00 00 00 00 00 00 02 00 00 00 00 00 00 00
  ...              00 00 00
000207-000221 StringBlock "FiraSans-Bold"
000222-000237 DataBlock
  ................ 0a 00 00 00 02 00 00 00 00 00 00 00 dd da fa ff
000238-000260 StringBlock "Default Font Category"
000261-000280 DataBlock
  ................ 00 00 00 00 00 00 00 00 00 00 00 00 00 00 00 00
  ....             01 00 00 00
000281-000291 T0Block "normal_t0"
000292-000307 DataBlock
  ................ 00 00 00 00 00 00 00 00 00 00 00 00 00 00 00 00
000308-000318 T0Block "normal_t0"
000319-000524 DataBlock
  ................ 00 00 00 00 00 00 00 00 00 00 00 00 00 00 00 00
  .....hx1?.I;...K 01 00 00 00 a4 68 78 31 3f f0 49 3b d5 e7 0f 4b
  .d..T.,H........ 89 64 19 97 54 1d 2c 48 00 00 00 00 00 00 00 00
  ....8........... 80 07 00 00 38 04 00 00 f0 f0 f0 ff 00 00 00 00
  ................ 00 00 00 00 00 00 00 00 00 00 00 00 00 01 01 00
  ................ 00 00 00 00 00 00 00 00 00 00 00 00 00 00 00 00
  ......?......... 00 00 00 00 00 80 3f 00 00 00 00 00 00 00 00 00
  ................ 00 00 00 00 00 00 00 00 00 00 00 00 00 00 00 00
  ................ 00 00 00 00 00 00 00 00 00 00 00 00 00 00 00 00
  ........{.B....L 00 00 00 00 00 00 00 00 7b ac 42 f7 a6 83 df 4c
  .....).R........ a0 af a0 06 94 29 0a 52 00 00 00 00 00 00 00 00
  ..........Tnx13. 00 00 00 00 01 00 00 00 00 00 54 6e 78 31 33 9f
  ....$K.Jt_..."   1b d5 c6 b4 24 4b 90 4a 74 5f b4 18 1d 22
000525-000536 StringBlock "timer_ring"
000537-000618 DataBlock
  ........l....... 00 00 01 00 00 00 01 00 6c 00 00 00 00 00 00 00
  ................ 00 ab 03 00 00 07 02 00 00 01 01 00 00 00 00 01
  ................ 00 00 00 00 01 00 00 00 00 05 00 00 00 00 00 00
  ......|ux1.....r 00 00 00 00 00 00 7c 75 78 31 01 00 00 00 cc 72
  x1.N..o6bD...y.. 78 31 cd 4e d7 c9 6f 36 62 44 a6 d8 d5 79 8f 0f
  Z.               5a df
000619-000656 ImagePathBlock "ui\\skins\\default\\timer_ring_base.png"
000657-000709 DataBlock
  *...*........... 2a 00 00 00 2a 00 00 00 00 00 00 00 00 00 00 00
  ................ 00 00 00 00 00 00 00 00 00 00 00 00 00 01 00 00
  .|ux1...b..8G... 00 7c 75 78 31 dc fb ea 62 14 be 38 47 a1 0a bf
  ....^            8e 90 86 ee 5e
000710-000719 StringBlock "NewState"
000720-000754 DataBlock
  *...*........... 2a 00 00 00 2a 00 00 00 00 00 00 00 02 00 00 00
  ................ 00 00 00 00 00 00 00 00 02 00 00 00 00 00 00 00
  ...              00 00 00
000755-000769 StringBlock "FiraSans-Bold"
000770-000785 DataBlock
  ................ 0a 00 00 00 02 00 00 00 00 00 00 00 dd da fa ff
000786-000808 StringBlock "Default Font Category"
000809-000828 DataBlock
  ................ 00 00 00 00 00 00 00 00 00 00 00 00 00 00 00 00
  ....             00 00 00 00
000829-000839 T0Block "normal_t0"
000840-000855 DataBlock
  ................ 00 00 00 00 00 00 00 00 00 00 00 00 00 00 00 00
000856-000866 T0Block "normal_t0"
000867-001038 DataBlock
  ................ 00 00 00 00 00 00 00 00 00 00 00 00 00 00 00 00
  .....rx1.N..o6bD 01 00 00 00 cc 72 78 31 cd 4e d7 c9 6f 36 62 44
  ...y..Z......... a6 d8 d5 79 8f 0f 5a df 01 00 00 00 01 00 00 00
  '...'........... 27 00 00 00 27 00 00 00 ff ff ff ff 00 00 00 00
  ................ 00 05 00 00 00 00 00 00 00 00 00 00 00 01 01 00
  ................ 00 00 00 00 00 00 00 00 00 00 00 00 00 00 00 00
  ......?......... 00 00 00 00 00 80 3f 00 00 00 00 00 00 00 00 00
  ................ 00 00 00 00 00 00 00 00 00 00 00 00 00 00 00 00
  ................ 00 00 00 00 00 00 00 00 00 00 00 00 00 00 00 00
  ...........b..8G 00 00 00 00 00 00 00 00 dc fb ea 62 14 be 38 47
  .......^....     a1 0a bf 8e 90 86 ee 5e 02 00 00 00
001039-001053 StringBlock "dynamic_image"
001054-001056 DataBlock
  ..0              01 00 30
001057-001064 StringBlock "invert"
001065-001100 DataBlock
  ..<............. 00 00 3c 00 00 00 00 00 00 00 02 00 00 00 00 00
  .:x1.i ..=.H.Ra& 8c 3a 78 31 2e 69 20 f6 e7 3d a7 48 a3 52 61 26
  w...             77 ab a8 c3
001101-001112 StringBlock "clip_right"
001113-001207 DataBlock
  ................ 00 00 00 00 00 00 15 00 00 00 01 00 00 00 01 01
  ................ 00 00 00 00 01 01 00 00 00 01 00 00 00 00 03 00
  ................ 00 00 ff ff ff ff 01 00 00 00 00 00 00 00 00 00
  ................ 00 00 00 00 00 00 00 00 00 00 00 00 00 00 00 00
  ...........t>x1e 00 00 00 00 00 00 00 01 00 00 00 74 3e 78 31 65
  k>.M..D..n.Ow.D  6b 3e dc 4d 1d 90 44 9c 84 6e 02 4f 77 84 44
001208-001217 StringBlock "NewState"
001218-001252 DataBlock
  ....*........... 14 00 00 00 2a 00 00 00 00 00 00 00 02 00 00 00
  ................ 00 00 00 00 00 00 00 00 01 00 00 00 00 00 00 00
  ...              00 00 00
001253-001267 StringBlock "FiraSans-Bold"
001268-001283 DataBlock
  ................ 0a 00 00 00 02 00 00 00 00 00 00 00 dd da fa ff
001284-001306 StringBlock "Default Font Category"
001307-001326 DataBlock
  ................ 00 00 00 00 00 00 00 00 00 00 00 00 00 00 00 00
  ....             00 00 00 00
001327-001337 T0Block "normal_t0"
001338-001353 DataBlock
  ................ 00 00 00 00 00 00 00 00 00 00 00 00 00 00 00 00
001354-001364 T0Block "normal_t0"
001365-001452 DataBlock
  ................ 00 00 00 00 00 00 00 00 00 00 00 00 00 00 00 00
  ................ 00 00 00 00 00 00 00 00 00 00 00 00 00 00 00 00
  ................ 00 00 00 00 00 00 00 00 00 00 00 00 00 00 00 00
  ......<......... 00 00 00 00 00 00 3c 00 00 00 00 00 00 00 01 00
  .....Ox1.......K 00 00 00 00 a4 4f 78 31 ca f4 97 1a 94 04 b7 4b
  .t..&..y         97 74 ad bc 26 e7 b9 79
001453-001464 StringBlock "ring_right"
001465-001535 DataBlock
  ................ 00 00 00 00 00 00 ea ff ff ff ff ff ff ff 01 01
  ................ 00 00 00 00 01 00 00 00 00 01 00 00 00 00 03 00
  ...........t`x1. 00 00 00 00 00 00 ff ff ff ff 00 74 60 78 31 01
  ....Sx1.Y.?..`M. 00 00 00 8c 53 78 31 e6 59 90 3f de 86 60 4d 8c
  ...u..f          f1 f8 d4 75 87 1e 66
001536-001569 ImagePathBlock "ui\\skins\\default\\timer_ring2.png"
001570-001660 DataBlock
  *...*........... 2a 00 00 00 2a 00 00 00 00 00 00 00 00 00 00 00
  ................ 00 00 00 00 00 00 00 00 00 00 00 00 00 04 00 00
  ..Tx1..jp.>.C..$ 00 cc 54 78 31 81 91 6a 70 8e 3e c7 43 81 b1 24
  <......1*...*... 3c 00 10 f0 a6 01 00 31 2a 00 00 00 2a 00 00 00
  ................ 00 00 00 00 02 00 00 00 00 00 00 00 00 00 00 00
  ...........      01 00 00 00 00 00 00 00 00 00 00
001661-001675 StringBlock "FiraSans-Bold"
001676-001691 DataBlock
  ................ 0a 00 00 00 02 00 00 00 00 00 00 00 dd da fa ff
001692-001714 StringBlock "Default Font Category"
001715-001734 DataBlock
  ................ 00 00 00 00 00 00 00 00 00 00 00 00 00 00 00 00
  ....             00 00 00 00
001735-001745 T0Block "normal_t0"
001746-001761 DataBlock
  ................ 00 00 00 00 00 00 00 00 00 00 00 00 00 00 00 00
001762-001772 T0Block "normal_t0"
001773-001982 DataBlock
  ................ 00 00 00 00 00 00 00 00 00 00 00 00 00 00 00 00
  .....Sx1.Y.?..`M 01 00 00 00 8c 53 78 31 e6 59 90 3f de 86 60 4d
  ....u..f........ 8c f1 f8 d4 75 87 1e 66 00 00 00 00 00 00 00 00
  *...*... h...... 2a 00 00 00 2a 00 00 00 20 68 ff ff 00 00 00 00
  ................ 00 00 00 00 00 00 00 00 00 00 00 00 00 01 01 00
  ................ 00 00 00 00 00 00 00 00 00 00 00 00 00 00 00 00
  ......?......... 00 00 00 00 00 80 3f 00 00 00 00 00 00 00 00 00
  ................ 00 00 00 00 00 00 00 00 00 00 00 00 00 00 00 00
  ................ 00 00 00 00 00 00 00 00 00 00 00 00 00 00 00 00
  .........Xx1.q.8 00 00 00 00 00 00 00 00 ac 58 78 31 f1 71 9b 38
  .UkF."=.......2* f6 55 6b 46 95 22 3d a0 ca ca 1a fe 01 00 32 2a
  ...*............ 00 00 00 2a 00 00 00 00 00 00 00 02 00 00 00 00
  ................ 00 00 00 00 00 00 00 01 00 00 00 00 00 00 00 00
  ..               00 00
001983-001997 StringBlock "FiraSans-Bold"
001998-002013 DataBlock
  ................ 0a 00 00 00 02 00 00 00 00 00 00 00 dd da fa ff
002014-002036 StringBlock "Default Font Category"
002037-002056 DataBlock
  ................ 00 00 00 00 00 00 00 00 00 00 00 00 00 00 00 00
  ....             00 00 00 00
002057-002067 T0Block "normal_t0"
002068-002083 DataBlock
  ................ 00 00 00 00 00 00 00 00 00 00 00 00 00 00 00 00
002084-002094 T0Block "normal_t0"
002095-002304 DataBlock
  ................ 00 00 00 00 00 00 00 00 00 00 00 00 00 00 00 00
  .....Sx1.Y.?..`M 01 00 00 00 8c 53 78 31 e6 59 90 3f de 86 60 4d
  ....u..f........ 8c f1 f8 d4 75 87 1e 66 00 00 00 00 00 00 00 00
  *...*........... 2a 00 00 00 2a 00 00 00 cd 9c 0f ff 00 00 00 00
  ................ 00 00 00 00 00 00 00 00 00 00 00 00 00 01 01 00
  ................ 00 00 00 00 00 00 00 00 00 00 00 00 00 00 00 00
  ......?......... 00 00 00 00 00 80 3f 00 00 00 00 00 00 00 00 00
  ................ 00 00 00 00 00 00 00 00 00 00 00 00 00 00 00 00
  ................ 00 00 00 00 00 00 00 00 00 00 00 00 00 00 00 00
  .........\x1<H.. 00 00 00 00 00 00 00 00 8c 5c 78 31 3c 48 9b cc
  .5D@.../..'...3* f7 35 44 40 ad ab ab 2f 09 08 27 06 01 00 33 2a
  ...*............ 00 00 00 2a 00 00 00 00 00 00 00 02 00 00 00 00
  ................ 00 00 00 00 00 00 00 01 00 00 00 00 00 00 00 00
  ..               00 00
002305-002319 StringBlock "FiraSans-Bold"
002320-002335 DataBlock
  ................ 0a 00 00 00 02 00 00 00 00 00 00 00 dd da fa ff
002336-002358 StringBlock "Default Font Category"
002359-002378 DataBlock
  ................ 00 00 00 00 00 00 00 00 00 00 00 00 00 00 00 00
  ....             00 00 00 00
002379-002389 T0Block "normal_t0"
002390-002405 DataBlock
  ................ 00 00 00 00 00 00 00 00 00 00 00 00 00 00 00 00
002406-002416 T0Block "normal_t0"
002417-002626 DataBlock
  ................ 00 00 00 00 00 00 00 00 00 00 00 00 00 00 00 00
  .....Sx1.Y.?..`M 01 00 00 00 8c 53 78 31 e6 59 90 3f de 86 60 4d
  ....u..f........ 8c f1 f8 d4 75 87 1e 66 00 00 00 00 00 00 00 00
  *...*...q.<..... 2a 00 00 00 2a 00 00 00 71 b3 3c ff 00 00 00 00
  ................ 00 00 00 00 00 00 00 00 00 00 00 00 00 01 01 00
  ................ 00 00 00 00 00 00 00 00 00 00 00 00 00 00 00 00
  ......?......... 00 00 00 00 00 80 3f 00 00 00 00 00 00 00 00 00
  ................ 00 00 00 00 00 00 00 00 00 00 00 00 00 00 00 00
  ................ 00 00 00 00 00 00 00 00 00 00 00 00 00 00 00 00
  ........t`x1...K 00 00 00 00 00 00 00 00 74 60 78 31 de 12 d6 4b
  H1.N..{W.[....4* 48 31 8e 4e 89 8f 7b 57 d5 5b 08 0d 01 00 34 2a
  ...*............ 00 00 00 2a 00 00 00 00 00 00 00 02 00 00 00 00
  ................ 00 00 00 00 00 00 00 01 00 00 00 00 00 00 00 00
  ..               00 00
002627-002641 StringBlock "FiraSans-Bold"
002642-002657 DataBlock
  ................ 0a 00 00 00 02 00 00 00 00 00 00 00 dd da fa ff
002658-002680 StringBlock "Default Font Category"
002681-002700 DataBlock
  ................ 00 00 00 00 00 00 00 00 00 00 00 00 00 00 00 00
  ....             00 00 00 00
002701-002711 T0Block "normal_t0"
002712-002727 DataBlock
  ................ 00 00 00 00 00 00 00 00 00 00 00 00 00 00 00 00
002728-002738 T0Block "normal_t0"
002739-002988 DataBlock
  ................ 00 00 00 00 00 00 00 00 00 00 00 00 00 00 00 00
  .....Sx1.Y.?..`M 01 00 00 00 8c 53 78 31 e6 59 90 3f de 86 60 4d
  ....u..f........ 8c f1 f8 d4 75 87 1e 66 00 00 00 00 00 00 00 00
  *...*........... 2a 00 00 00 2a 00 00 00 cd 9c 0f ff 00 00 00 00
  ................ 00 00 00 00 00 00 00 00 00 00 00 00 00 01 01 00
  ................ 00 00 00 00 00 00 00 00 00 00 00 00 00 00 00 00
  ......?......... 00 00 00 00 00 80 3f 00 00 00 00 00 00 00 00 00
  ................ 00 00 00 00 00 00 00 00 00 00 00 00 00 00 00 00
  ................ 00 00 00 00 00 00 00 00 00 00 00 00 00 00 00 00
  ...........KH1.N 00 00 00 00 00 00 00 00 de 12 d6 4b 48 31 8e 4e
  ..{W.[......<... 89 8f 7b 57 d5 5b 08 0d 00 00 00 00 3c 00 00 00
  ................ 00 00 00 00 00 00 00 00 00 00 00 00 00 00 00 00
  .....?...?...... 01 00 00 00 80 3f 00 00 80 3f 00 00 00 00 00 00
  ...........?...? 00 00 00 00 00 00 00 00 00 00 80 3f 00 00 80 3f
  ........M,Q....( 00 00 00 00 00 00 0c 03 4d 2c 51 82 c0 97 b5 28
  .@.2...kei       80 40 81 32 96 f6 da 6b 65 69
002989-002999 StringBlock "clip_left"
003000-003094 DataBlock
  ................ 00 00 00 00 00 00 ff ff ff ff 01 00 00 00 01 01
  ................ 00 00 00 00 01 01 00 00 00 01 00 00 00 00 01 00
  ................ 00 00 ff ff ff ff 01 00 00 00 00 00 00 00 00 00
  ................ 00 00 00 00 00 00 00 00 00 00 00 00 00 00 00 00
  .............M,. 00 00 00 00 00 00 00 01 00 00 00 f4 06 4d 2c 81
  .[.F..E....k..|  cc 5b e1 46 96 aa 45 98 99 9f b4 6b c6 c7 7c
003095-003104 StringBlock "NewState"
003105-003139 DataBlock
  ....*........... 16 00 00 00 2a 00 00 00 00 00 00 00 02 00 00 00
  ................ 00 00 00 00 00 00 00 00 01 00 00 00 00 00 00 00
  ...              00 00 00
003140-003154 StringBlock "FiraSans-Bold"
003155-003170 DataBlock
  ................ 0a 00 00 00 02 00 00 00 00 00 00 00 dd da fa ff
003171-003193 StringBlock "Default Font Category"
003194-003213 DataBlock
  ................ 00 00 00 00 00 00 00 00 00 00 00 00 00 00 00 00
  ....             00 00 00 00
003214-003224 T0Block "normal_t0"
003225-003240 DataBlock
  ................ 00 00 00 00 00 00 00 00 00 00 00 00 00 00 00 00
003241-003251 T0Block "normal_t0"
003252-003339 DataBlock
  ................ 00 00 00 00 00 00 00 00 00 00 00 00 00 00 00 00
  ................ 00 00 00 00 00 00 00 00 00 00 00 00 00 00 00 00
  ................ 00 00 00 00 00 00 00 00 00 00 00 00 00 00 00 00
  ......<......... 00 00 00 00 00 00 3c 00 00 00 00 00 00 00 01 00
  .....@x1.!D....@ 00 00 00 00 cc 40 78 31 ca 21 44 bc b5 0b 82 40
  .......w         b5 fe 84 db c9 f5 02 77
003340-003350 StringBlock "ring_left"
003351-003356 DataBlock
  ......           00 00 01 00 00 00
003357-003376 StringBlock "ContextStateSetter"
003377-003405 StringBlock "CcoCampaignConstructionItem"
003406-003411 StringBlock "Type"
003412-003480 DataBlock
  ................ 00 00 00 00 00 00 00 00 ff ff ff ff 01 01 00 00
  ................ 00 00 01 00 00 00 00 01 00 00 00 00 01 00 00 00
  ..........Kx1... 00 00 00 00 ff ff ff ff 00 bc 4b 78 31 01 00 00
  ...M,Jz.y...@.0n 00 84 09 4d 2c 4a 7a 10 79 b2 e4 f5 40 b3 30 6e
  ]...:            5d 89 13 a9 3a
003481-003514 ImagePathBlock "ui\\skins\\default\\timer_ring1.png"
003515-003567 DataBlock
  *...*........... 2a 00 00 00 2a 00 00 00 00 00 00 00 00 00 00 00
  ................ 00 00 00 00 00 00 00 00 00 00 00 00 00 04 00 00
  ..Dx1.<..:.~M... 00 b4 44 78 31 1d 3c 2e 07 3a 1b 7e 4d bf 03 aa
  {.6.            7b cd 36 fb 7f
003568-003578 StringBlock "dismantle"
003579-003613 DataBlock
  *...*........... 2a 00 00 00 2a 00 00 00 00 00 00 00 02 00 00 00
  ................ 00 00 00 00 00 00 00 00 01 00 00 00 00 00 00 00
  ...              00 00 00
003614-003628 StringBlock "FiraSans-Bold"
003629-003644 DataBlock
  ................ 0a 00 00 00 02 00 00 00 00 00 00 00 dd da fa ff
003645-003667 StringBlock "Default Font Category"
003668-003687 DataBlock
  ................ 00 00 00 00 00 00 00 00 00 00 00 00 00 00 00 00
  ....             00 00 00 00
003688-003698 T0Block "normal_t0"
003699-003714 DataBlock
  ................ 00 00 00 00 00 00 00 00 00 00 00 00 00 00 00 00
003715-003725 T0Block "normal_t0"
003726-003937 DataBlock
  ................ 00 00 00 00 00 00 00 00 00 00 00 00 00 00 00 00
  ......M,Jz.y...@ 01 00 00 00 84 09 4d 2c 4a 7a 10 79 b2 e4 f5 40
  .0n]...:........ b3 30 6e 5d 89 13 a9 3a 00 00 00 00 00 00 00 00
  *...*... h...... 2a 00 00 00 2a 00 00 00 20 68 ff ff 00 00 00 00
  ................ 00 00 00 00 00 00 00 00 00 00 00 00 00 01 01 00
  ................ 00 00 00 00 00 00 00 00 00 00 00 00 00 00 00 00
  ......?......... 00 00 00 00 00 80 3f 00 00 00 00 00 00 00 00 00
  ................ 00 00 00 00 00 00 00 00 00 00 00 00 00 00 00 00
  ................ 00 00 00 00 00 00 00 00 00 00 00 00 00 00 00 00
  .........Gx19H.# 00 00 00 00 00 00 00 00 0c 47 78 31 39 48 08 23
   ..@..........ne 20 ea b2 40 8d 90 af f4 97 13 a1 bc 03 00 6e 65
  w*...*.......... 77 2a 00 00 00 2a 00 00 00 00 00 00 00 02 00 00
  ................ 00 00 00 00 00 00 00 00 00 01 00 00 00 00 00 00
  ....             00 00 00 00
003938-003952 StringBlock "FiraSans-Bold"
003953-003968 DataBlock
  ................ 0a 00 00 00 02 00 00 00 00 00 00 00 dd da fa ff
003969-003991 StringBlock "Default Font Category"
003992-004011 DataBlock
  ................ 00 00 00 00 00 00 00 00 00 00 00 00 00 00 00 00
  ....             00 00 00 00
004012-004022 T0Block "normal_t0"
004023-004038 DataBlock
  ................ 00 00 00 00 00 00 00 00 00 00 00 00 00 00 00 00
004039-004049 T0Block "normal_t0"
004050-004221 DataBlock
  ................ 00 00 00 00 00 00 00 00 00 00 00 00 00 00 00 00
  ......M,Jz.y...@ 01 00 00 00 84 09 4d 2c 4a 7a 10 79 b2 e4 f5 40
  .0n]...:........ b3 30 6e 5d 89 13 a9 3a 00 00 00 00 00 00 00 00
  *...*........... 2a 00 00 00 2a 00 00 00 cd 9c 0f ff 00 00 00 00
  ................ 00 00 00 00 00 00 00 00 00 00 00 00 00 01 01 00
  ................ 00 00 00 00 00 00 00 00 00 00 00 00 00 00 00 00
  ......?......... 00 00 00 00 00 80 3f 00 00 00 00 00 00 00 00 00
  ................ 00 00 00 00 00 00 00 00 00 00 00 00 00 00 00 00
  ................ 00 00 00 00 00 00 00 00 00 00 00 00 00 00 00 00
  ........dIx1.iu. 00 00 00 00 00 00 00 00 64 49 78 31 1c 69 75 df
  ...O...6.G.d     a5 9c c3 4f a8 d2 8f 36 1d 47 fb 64
004222-004229 StringBlock "repair"
004230-004264 DataBlock
  *...*........... 2a 00 00 00 2a 00 00 00 00 00 00 00 02 00 00 00
  ................ 00 00 00 00 00 00 00 00 01 00 00 00 00 00 00 00
  ...              00 00 00
004265-004279 StringBlock "FiraSans-Bold"
004280-004295 DataBlock
  ................ 0a 00 00 00 02 00 00 00 00 00 00 00 dd da fa ff
004296-004318 StringBlock "Default Font Category"
004319-004338 DataBlock
  ................ 00 00 00 00 00 00 00 00 00 00 00 00 00 00 00 00
  ....             00 00 00 00
004339-004349 T0Block "normal_t0"
004350-004365 DataBlock
  ................ 00 00 00 00 00 00 00 00 00 00 00 00 00 00 00 00
004366-004376 T0Block "normal_t0"
004377-004548 DataBlock
  ................ 00 00 00 00 00 00 00 00 00 00 00 00 00 00 00 00
  ......M,Jz.y...@ 01 00 00 00 84 09 4d 2c 4a 7a 10 79 b2 e4 f5 40
  .0n]...:........ b3 30 6e 5d 89 13 a9 3a 00 00 00 00 00 00 00 00
  *...*...q.<..... 2a 00 00 00 2a 00 00 00 71 b3 3c ff 00 00 00 00
  ................ 00 00 00 00 00 00 00 00 00 00 00 00 00 01 01 00
  ................ 00 00 00 00 00 00 00 00 00 00 00 00 00 00 00 00
  ......?......... 00 00 00 00 00 80 3f 00 00 00 00 00 00 00 00 00
  ................ 00 00 00 00 00 00 00 00 00 00 00 00 00 00 00 00
  ................ 00 00 00 00 00 00 00 00 00 00 00 00 00 00 00 00
  .........Kx1$... 00 00 00 00 00 00 00 00 bc 4b 78 31 24 8d 01 c5
  l. O.[...9..     6c 1d 20 4f a8 5b f8 fd 9c 39 1b cf
004549-004557 StringBlock "upgrade"
004558-004592 DataBlock
  *...*........... 2a 00 00 00 2a 00 00 00 00 00 00 00 02 00 00 00
  ................ 00 00 00 00 00 00 00 00 01 00 00 00 00 00 00 00
  ...              00 00 00
004593-004607 StringBlock "FiraSans-Bold"
004608-004623 DataBlock
  ................ 0a 00 00 00 02 00 00 00 00 00 00 00 dd da fa ff
004624-004646 StringBlock "Default Font Category"
004647-004666 DataBlock
  ................ 00 00 00 00 00 00 00 00 00 00 00 00 00 00 00 00
  ....             00 00 00 00
004667-004677 T0Block "normal_t0"
004678-004693 DataBlock
  ................ 00 00 00 00 00 00 00 00 00 00 00 00 00 00 00 00
004694-004704 T0Block "normal_t0"
004705-004976 DataBlock
  ................ 00 00 00 00 00 00 00 00 00 00 00 00 00 00 00 00
  ......M,Jz.y...@ 01 00 00 00 84 09 4d 2c 4a 7a 10 79 b2 e4 f5 40
  .0n]...:........ b3 30 6e 5d 89 13 a9 3a 00 00 00 00 00 00 00 00
  *...*........... 2a 00 00 00 2a 00 00 00 cd 9c 0f ff 00 00 00 00
  ................ 00 00 00 00 00 00 00 00 00 00 00 00 00 01 01 00
  ................ 00 00 00 00 00 00 00 00 00 00 00 00 00 00 00 00
  ......?......... 00 00 00 00 00 80 3f 00 00 00 00 00 00 00 00 00
  ................ 00 00 00 00 00 00 00 00 00 00 00 00 00 00 00 00
  ................ 00 00 00 00 00 00 00 00 00 00 00 00 00 00 00 00
  ........$...l. O 00 00 00 00 00 00 00 00 24 8d 01 c5 6c 1d 20 4f
  .[...9......<... a8 5b f8 fd 9c 39 1b cf 00 00 00 00 3c 00 00 00
  ................ 00 00 00 00 00 00 00 00 00 00 00 00 00 00 00 00
  .....?.......... 01 00 00 00 80 3f 00 00 00 00 00 00 00 00 00 00
  ...........?.... 00 00 00 00 00 00 00 00 00 00 80 3f 00 00 00 00
  ................ 00 00 00 00 00 00 00 00 00 00 00 00 01 00 00 00
  .?...?...?...... 80 3f 00 00 00 3f 00 00 00 3f 00 00 00 00 00 00
  .......?........ 00 00 00 00 00 00 80 3f 00 00 00 00 00 00 00 00
