000000-000009 VersionBlock 125
000010-000013 RootIDBlock 93291488
000014-000019 StringBlock "root"
000020-000097 DataBlock
  ................ 00 00 00 00 00 00 00 00 00 00 00 00 00 00 01 01
  ................ 00 00 00 00 01 00 00 00 00 01 00 00 00 00 00 00
  ................ 00 00 00 00 00 00 00 00 00 00 00 d0 ce 85 05 01
  ................ 00 00 00 c0 e2 10 05 00 00 a0 05 00 00 84 03 00
  ..............   00 00 00 00 00 00 01 00 00 00 d0 ce 85 05
000098-000107 StringBlock "NewState"
000108-000142 DataBlock
  ....8........... 80 07 00 00 38 04 00 00 00 00 00 00 02 00 00 00
  ................ 00 00 00 00 00 00 00 00 01 00 00 00 00 00 00 00
  ...              00 00 00
000143-000157 StringBlock "FiraSans-Bold"
000158-000173 DataBlock
  ................ 0a 00 00 00 02 00 00 00 00 00 00 00 dd da fa ff
000174-000196 StringBlock "Default Font Category"
000197-000216 DataBlock
  ................ 00 00 00 00 00 00 00 00 00 00 00 00 00 00 00 00
  ....             01 00 00 00
000217-000227 T0Block "normal_t0"
000228-000243 DataBlock
  ................ 00 00 00 00 00 00 00 00 00 00 00 00 00 00 00 00
000244-000254 T0Block "normal_t0"
000255-000412 DataBlock
  ................ 00 00 00 00 00 00 00 00 00 00 00 00 00 00 00 00
  ................ 01 00 00 00 c0 e2 10 05 00 00 00 00 00 00 00 00
  ................ a0 05 00 00 84 03 00 00 f0 f0 f0 ff 00 00 00 00
  ................ 00 00 00 00 00 00 00 00 00 00 00 00 00 01 01 00
  ................ 00 00 00 00 00 00 00 00 00 00 00 00 00 00 00 00
  ......?......... 00 00 00 00 00 80 3f 00 00 00 00 00 00 00 00 00
  ................ 00 00 00 00 00 00 00 00 00 00 00 00 00 00 00 00
  ................ 00 00 00 00 00 00 00 00 00 00 00 00 00 00 00 00
  ................ 00 00 00 00 00 00 00 00 00 00 00 00 00 00 00 00
  ..........0...   00 00 00 00 01 00 00 00 00 00 30 b6 10 05
000413-000425 StringBlock "panel_title"
000426-000476 DataBlock
  ..........L..... 00 00 00 00 00 00 c2 02 00 00 4c 01 00 00 01 00
  ................ 00 00 00 00 01 00 00 00 00 01 00 00 00 00 02 00
  ......L....p.... 00 00 fc ff ff ff 4c 01 00 00 00 70 b9 10 05 01
  ...              00 00 00
000477-000535 ImageBlock id=225213488 xsize=263 ysize=33 path="ui\\skins\\default\\button_dropdown_base.png" unknown=0
000536-000544 DataBlock
  .....p...        00 01 00 00 00 70 b9 10 05
000545-000554 StringBlock "NewState"
000555-000589 DataBlock
  ....!........... f4 01 00 00 21 00 00 00 00 00 00 00 02 00 00 00
  ................ 00 00 00 00 00 00 00 00 01 00 00 00 00 00 00 00
  ...              00 00 00
000590-000604 StringBlock "FiraSans-Bold"
000605-000620 DataBlock
  ................ 0a 00 00 00 02 00 00 00 00 00 00 00 dd da fa ff
000621-000643 StringBlock "Default Font Category"
000644-000663 DataBlock
  ................ 00 00 00 00 00 00 00 00 00 00 00 00 00 00 00 00
  ....             00 00 00 00
000664-000674 T0Block "normal_t0"
000675-000690 DataBlock
  ................ 00 00 00 00 00 00 00 00 00 00 00 00 00 00 00 00
000691-000701 T0Block "normal_t0"
000702-000897 DataBlock
  ................ 00 00 00 00 00 00 00 00 00 00 00 00 00 00 00 00
  ....0|l......... 01 00 00 00 30 7c 6c 0d ee ff ff ff 00 00 00 00
  ....!........... 19 02 00 00 21 00 00 00 00 00 00 ff 00 00 01 00
  ................ 00 05 00 00 00 00 00 00 00 00 00 00 00 01 00 00
  ................ 00 00 00 00 00 00 00 00 00 00 00 00 00 00 00 00
  ......?......... 00 00 00 00 00 80 3f 00 00 00 00 00 00 00 00 00
  ...............H 00 00 00 00 00 00 00 00 00 00 00 00 00 00 00 48
  B.......B....... 42 00 00 00 00 00 00 94 42 00 00 00 00 00 00 00
  ............<... 00 00 00 00 00 00 00 00 00 00 00 00 3c 00 00 00
  ................ 00 00 00 00 00 00 00 00 00 00 00 00 00 00 00 00
  .....?...?...... 00 00 00 00 80 3f 00 00 00 3f 00 00 00 00 00 00
  ...........?.... 00 00 00 00 00 00 00 00 00 00 80 3f 00 00 00 00
  ....             00 00 00 00
