000000-000009 VersionBlock 96
000010-000013 RootIDBlock 186240960
000014-000019 StringBlock "root"
000020-000097 DataBlock
  ................ 00 00 00 00 00 00 00 00 00 00 01 01 00 00 00 00
  ................ 01 00 00 00 00 01 00 00 00 00 00 00 00 00 00 00
  ...............p 00 00 00 00 00 00 00 00 00 00 00 01 00 00 00 70
  ................ 18 14 0b 00 00 00 05 00 00 c0 03 00 00 00 00 00
  ..........p...   00 00 00 00 00 00 01 00 00 00 70 c1 d5 0b
000098-000107 NewStateBlock "NewState"
000108-000111 XSizeBlock 1280
000112-000115 YSizeBlock 1024
000116-000146 DataBlock
  ................ 00 00 00 00 02 00 00 00 00 00 00 00 00 00 00 00
  ...............  01 00 00 00 01 00 00 00 00 00 00 00 00 00 00
000147-000159 FontNameBlock "la_gioconda"
000160-000175 DataBlock
  ................ 0c 00 00 00 07 00 00 00 00 00 00 00 00 00 00 ff
000176-000194 StringBlock "ingame_text_small"
000195-000214 DataBlock
  ................ 00 00 00 00 00 00 00 00 00 00 00 00 00 00 00 00
  ....             01 00 00 00
000215-000225 T0Block "normal_t0"
000226-000241 DataBlock
  ................ 00 00 00 00 00 00 00 00 00 00 00 00 00 00 00 00
000242-000252 T0Block "normal_t0"
000253-000391 DataBlock
  ................ 00 00 00 00 00 00 00 00 00 00 00 00 00 00 00 00
  ....p........... 01 00 00 00 70 18 14 0b 00 00 00 00 00 00 00 00
  ............. 00 05 00 00 c0 03 00 00 7f 7f 7f ff 00 00 00 00
  ................ 00 00 00 00 00 00 00 00 00 00 00 01 01 00 00 00
  ................ 00 00 00 00 00 00 00 00 00 00 00 00 00 00 00 00
  ................ 00 00 00 00 00 00 00 00 00 00 00 00 00 00 00 00
  ................ 00 00 00 00 00 00 00 00 00 00 00 00 00 00 00 00
  ................ 00 00 00 00 00 00 00 00 00 00 00 00 00 00 00 00
  ...........      00 00 00 01 00 00 00 80 c3 d5 0b
000392-000412 StringBlock "settlement_captured"
000413-000437 StringBlock "SettlementCapturedPanel"
000438-000478 DataBlock
  ................ ca 00 00 00 af 02 00 00 01 00 00 00 00 00 01 00
  ................ 00 00 00 01 00 00 00 00 08 00 00 00 00 00 00 00
  .........        00 00 00 00 00 00 00 00 00
000479-000534 ImageListBlock 1 elements:
  000483-000534 ImageBlock id=185866832 xsize=649 ysize=351 path="ui/skins/default/tooltip_frame.png" unknown=0
000535-000596 DataBlock
  ...............N 00 00 00 00 00 01 00 00 00 00 c9 d5 0b 08 00 4e
  ewStatek...Q.... 65 77 53 74 61 74 65 6b 03 00 00 51 01 00 00 00
  ................ 00 00 00 02 00 00 00 00 00 00 00 00 00 00 00 01
  ..............   00 00 00 01 00 00 00 00 00 00 00 00 00 00
000597-000609 FontNameBlock "la_gioconda"
000610-000625 DataBlock
  ................ 0a 00 00 00 02 00 00 00 01 00 00 00 dd da fa ff
000626-000648 StringBlock "Default Font Category"
000649-000668 DataBlock
  ................ 00 00 00 00 00 00 00 00 00 00 00 00 00 00 00 00
  ....             01 00 00 00
000669-000679 T0Block "normal_t0"
000680-000695 DataBlock
  ................ 00 00 00 00 00 00 00 00 00 00 00 00 00 00 00 00
000696-000706 T0Block "normal_t0"
000707-000829 DataBlock
  ................ 00 00 00 00 00 00 00 00 00 00 00 00 00 00 00 00
  ....P........... 01 00 00 00 50 1a 14 0b 00 00 00 00 00 00 00 00
  k...Q........... 6b 03 00 00 51 01 00 00 ff ff ff ff 01 00 00 00
  ................ 00 00 00 00 00 00 00 00 00 00 00 01 01 00 00 00
  ................ 00 00 00 00 00 00 00 00 00 00 00 00 00 00 00 00
  ..............A. 00 00 00 00 00 00 00 00 00 00 00 00 00 d8 41 00
  ..A...A...A..... 00 d8 41 00 00 d8 41 00 00 d8 41 00 00 00 00 00
  ...........      00 00 00 00 00 00 00 02 00 00 00
000830-000840 StringBlock "min_width"
000841-000845 DataBlock
  ..700            03 00 37 30 30
000846-000854 StringBlock "padding"
000855-000866 DataBlock
  ..90........     02 00 39 30 0a 00 00 00 02 00 00 00
000867-000872 StringBlock "hide"
000873-000938 DataBlock
  .............C.. 00 00 02 00 00 00 00 00 00 00 00 00 c8 43 00 05
  ................ 00 00 00 04 00 00 ff ff ff ff 00 00 00 00 00 00
  ................ 00 00 00 00 00 00 00 00 00 00 00 00 00 00 ff ff
  ................ ff ff ff ff ff ff f4 01 00 00 02 00 00 00 00 00
  .?               80 3f
000939-000948 StringBlock "Cubic In"
000949-000960 DataBlock
  ............     01 00 00 00 80 c3 d5 0b 00 00 00 00
000961-000978 StringBlock "Visibility false"
000979-001039 DataBlock
  ........C....... 01 00 00 00 00 00 00 c8 43 00 05 00 00 00 04 00
  ................ 00 ff ff ff ff 00 00 00 00 00 00 00 00 00 00 00
  ................ 00 00 00 00 00 00 00 00 00 ff ff ff ff ff ff ff
  ............?    ff 00 00 00 00 02 00 00 00 00 00 80 3f
001040-001047 StringBlock "Linear"
001048-001054 DataBlock
  .......          00 00 00 00 01 00 00
001055-001060 StringBlock "show"
001061-001126 DataBlock
  .............C.. 00 00 02 00 00 00 00 00 00 00 00 00 aa 43 00 05
  ................ 00 00 00 04 00 00 ff ff ff ff 00 00 00 00 00 00
  ................ 00 00 00 00 00 00 00 00 00 00 00 00 00 00 ff ff
  ................ ff ff ff ff ff ff 00 00 00 00 02 00 00 00 00 00
  .?               80 3f
001127-001134 StringBlock "Linear"
001135-001146 DataBlock
  ............     01 00 00 00 80 c3 d5 0b 00 00 00 00
001147-001163 StringBlock "Visibility true"
001164-001224 DataBlock
  .............8.. 01 00 00 00 00 00 00 00 00 00 05 00 00 38 00 00
  ................ 00 ff ff ff ff 00 00 00 00 00 00 00 00 00 00 00
  ................ 00 00 00 00 00 00 00 00 00 ff ff ff ff ff ff ff
  ............?    ff f4 01 00 00 02 00 00 00 00 00 80 3f
001225-001235 StringBlock "Cubic Out"
001236-001250 DataBlock
  ...............  00 00 00 00 01 00 00 05 00 00 00 a0 cb 01 0b
001251-001264 StringBlock "scroll_frame"
001265-001311 DataBlock
  ......<......... 00 00 09 00 00 00 3c 00 00 00 01 00 00 00 00 00
  ................ 01 00 00 00 00 01 00 00 00 00 02 00 00 00 00 00
  ..<....P.......  00 00 3c 00 00 00 00 50 d7 e7 08 04 00 00 00
001312-001372 ImageBlock id=55518492 xsize=282 ysize=19 path="ui/skins/default/panel_h_bar_unmerged_2.png" unknown=365981696
001373-001373 DataBlock
  .                0b
001374-001419 ImagePathBlock "ui/skins/default/panel_tile_basic_shadow.png"
001420-001428 DataBlock
  ....;....        17 03 00 00 3b 00 00 00 00
001429-001493 ImageBlock id=48301004 xsize=629 ysize=530 path="ui/skins/default/panel_tile_parchment_basic.png" unknown=481550336
001494-001494 DataBlock
  .                0b
001495-001550 ImagePathBlock "ui/skins/default/panel_tile_parchment_basic_corner.png"
001551-001575 DataBlock
  ................ a1 00 00 00 12 02 00 00 00 00 00 00 00 00 00 00
  .....P...        00 01 00 00 00 50 d7 e7 08
001576-001585 NewStateBlock "NewState"
001586-001589 XSizeBlock 857
001590-001593 YSizeBlock 258
001594-001624 DataBlock
  ................ 00 00 00 00 02 00 00 00 00 00 00 00 00 00 00 00
  ...............  01 00 00 00 01 00 00 00 00 00 00 00 00 00 00
001625-001637 FontNameBlock "la_gioconda"
001638-001653 DataBlock
  ................ 0a 00 00 00 02 00 00 00 01 00 00 00 dd da fa ff
001654-001676 StringBlock "Default Font Category"
001677-001696 DataBlock
  ................ 00 00 00 00 00 00 00 00 00 00 00 00 00 00 00 00
  ....             01 00 00 00
001697-001707 T0Block "normal_t0"
001708-001723 DataBlock
  ................ 00 00 00 00 00 00 00 00 00 00 00 00 00 00 00 00
001724-001734 T0Block "normal_t0"
001735-002231 DataBlock
  ................ 00 00 00 00 00 00 00 00 00 00 00 00 00 00 00 00
  ................ 05 00 00 00 cc 03 e1 02 00 00 00 00 00 00 00 00
  ................ 16 03 00 00 02 01 00 00 ff ff ff ff 01 00 00 04
  ................ 00 00 00 00 00 00 00 00 00 00 00 01 01 00 00 00
  ................ 00 00 00 00 00 00 00 00 00 00 00 00 00 00 00 00
  ..............A. 00 00 00 00 00 00 00 00 00 00 00 00 00 a0 41 00
  ..?.......C..... 00 80 3f 00 00 00 00 00 00 0b 43 e0 b3 1c 0b b8
  ................ 02 00 00 00 00 00 00 a1 00 00 00 02 01 00 00 ff
  ................ ff ff ff 01 00 00 06 00 00 00 00 00 00 00 00 00
  ................ 00 00 00 01 00 00 00 00 00 00 00 00 00 00 00 00
  ................ 00 00 00 00 00 00 00 00 00 00 00 00 00 00 00 00
  .....A.......... 00 00 00 00 a0 41 00 00 00 00 00 00 00 00 00 00
  ..p...........Y. 00 00 70 d0 15 0b 00 00 00 00 c7 00 00 00 59 03
  ..;............. 00 00 3b 00 00 00 ff ff ff ff 01 00 00 08 00 00
  ................ 00 00 00 00 00 00 00 00 00 01 00 00 00 00 00 00
  ................ 00 00 00 00 00 00 00 00 00 00 00 00 00 00 00 00
  ................ 00 00 00 00 00 00 00 00 00 00 00 00 00 00 00 00
  ..........%O.... 00 00 00 00 00 00 00 00 00 1c 25 4f 03 00 00 00
  .....Y.......... 00 f6 ff ff ff 59 03 00 00 13 00 00 00 ff ff ff
  ................ ff 01 00 00 02 00 00 00 00 00 00 00 f6 ff ff ff
  ................ 01 00 00 00 00 00 00 00 00 00 00 00 00 00 00 00
  ................ 00 00 00 00 00 00 00 00 00 00 00 00 00 00 00 00
  ................ 00 00 00 00 00 00 00 00 00 00 00 00 00 00 00 00
  .%O.........Y... 1c 25 4f 03 00 00 00 00 f9 00 00 00 59 03 00 00
  ................ 13 00 00 00 ff ff ff ff 01 00 00 08 00 00 00 00
  ................ 00 00 00 0a 00 00 00 01 00 00 00 00 00 00 00 00
  ................ 00 00 00 00 00 00 00 00 00 00 00 00 00 00 00 00
  ................ 00 00 00 00 00 00 00 00 00 00 00 00 00 00 00 00
  ................ 00 00 00 00 00 00 00 00 00 00 00 00 00 00 00 00
  ................ 00 00 00 00 00 00 00 0c 00 00 00 00 00 00 00 00
  .............  . 00 00 00 00 00 00 00 00 00 00 00 00 00 20 20 14
  .                0b
002232-002242 StringBlock "small_bar"
002243-002285 DataBlock
  ......'......... 00 00 ea ff ff ff 27 01 00 00 01 00 00 00 00 00
  ................ 01 00 00 00 00 01 00 00 00 00 08 00 00 00 00 00
  ...........      00 00 00 00 00 00 00 00 cb d5 0b
002286-002345 ImageListBlock 1 elements:
  002290-002345 ImageBlock id=185869184 xsize=349 ysize=43 path="ui/skins/default/bar_small_central.png" unknown=0
002346-002407 DataBlock
  ...............N 00 00 00 00 00 01 00 00 00 00 cb d5 0b 08 00 4e
  ewState....*.... 65 77 53 74 61 74 65 98 03 00 00 2a 00 00 00 00
  ................ 00 00 00 02 00 00 00 00 00 00 00 00 00 00 00 01
  ..............   00 00 00 01 00 00 00 00 00 00 00 00 00 00
002408-002420 FontNameBlock "la_gioconda"
002421-002436 DataBlock
  ................ 0a 00 00 00 02 00 00 00 01 00 00 00 dd da fa ff
002437-002459 StringBlock "Default Font Category"
002460-002479 DataBlock
  ................ 00 00 00 00 00 00 00 00 00 00 00 00 00 00 00 00
  ....             01 00 00 00
002480-002490 T0Block "normal_t0"
002491-002506 DataBlock
  ................ 00 00 00 00 00 00 00 00 00 00 00 00 00 00 00 00
002507-002517 T0Block "normal_t0"
002518-002666 DataBlock
  ................ 00 00 00 00 00 00 00 00 00 00 00 00 00 00 00 00
  .....#.......... 01 00 00 00 80 23 14 0b 00 00 00 00 00 00 00 00
  ....*........... 98 03 00 00 2a 00 00 00 ff ff ff ff 01 00 00 08
  ................ 00 00 00 00 00 00 00 00 00 00 00 01 01 00 00 00
  ................ 00 00 00 00 00 00 00 00 00 00 00 00 00 00 00 00
  ................ 00 00 00 00 00 00 00 00 00 00 00 00 00 00 00 00
  ..B.......B..... 00 04 42 00 00 00 00 00 00 04 42 00 00 00 00 00
  ................ 00 00 00 00 00 00 00 00 00 00 00 0a 00 00 00 00
  ................ 00 00 00 00 00 00 00 00 00 00 00 00 00 00 00 00
  .....            00 00 a8 e7 09
002667-002680 StringBlock "title_plaque"
002681-002727 DataBlock
  ................ 00 00 d1 00 00 00 ee ff ff ff 00 00 00 00 00 00
  ................ 01 00 00 00 00 01 00 00 00 00 02 00 00 00 00 00
  .........c.....  00 00 ee ff ff ff 00 d0 da 63 09 02 00 00 00
002728-002785 ImageBlock id=167227376 xsize=219 ysize=50 path="ui/skins/default/tooltip_frame_title.png" unknown=298295296
002786-002786 DataBlock
  .                0a
002787-002831 ImagePathBlock "ui/skins/default/tooltip_frame_title_hg.png"
002832-002856 DataBlock
  s............... 73 00 00 00 1f 00 00 00 00 00 00 00 00 00 00 00
  .......c.        00 01 00 00 00 d0 da 63 09
002857-002866 NewStateBlock "NewState"
002867-002870 XSizeBlock 457
002871-002874 YSizeBlock 50
002875-002905 DataBlock
  ................ 00 00 00 00 02 00 00 00 00 00 00 00 00 00 00 00
  ...............  01 00 00 00 01 00 00 00 00 00 00 00 00 00 00
002906-002918 FontNameBlock "la_gioconda"
002919-002934 DataBlock
  ................ 0a 00 00 00 02 00 00 00 01 00 00 00 dd da fa ff
002935-002957 StringBlock "Default Font Category"
002958-002977 DataBlock
  ................ 00 00 00 00 00 00 00 00 00 00 00 00 00 00 00 00
  ....             01 00 00 00
002978-002988 T0Block "normal_t0"
002989-003004 DataBlock
  ................ 00 00 00 00 00 00 00 00 00 00 00 00 00 00 00 00
003005-003015 T0Block "normal_t0"
003016-003175 DataBlock
  ................ 00 00 00 00 00 00 00 00 00 00 00 00 00 00 00 00
  ................ 02 00 00 00 f0 af f7 09 00 00 00 00 00 00 00 00
  ....2........... c9 01 00 00 32 00 00 00 ff ff ff ff 01 00 00 00
  ................ 00 00 00 00 00 00 00 00 00 00 00 01 01 00 00 00
  ................ 00 00 00 00 00 00 00 00 00 00 00 00 00 00 00 00
  ................ 00 00 00 00 00 00 00 00 00 00 00 00 00 00 00 00
  .PB......PB....d 00 50 42 00 00 00 00 00 00 50 42 a0 c7 11 0a 64
  ................ 00 00 00 08 00 00 00 01 01 00 00 1f 00 00 00 ff
  ................ ff ff 1e 00 00 00 05 00 00 00 00 00 00 00 ff ff
  ................ ff ff 01 00 00 00 00 00 00 00 00 00 00 00 00 00
003176-003188 T0Block "brighten_t0"
003189-003252 DataBlock
  ................ 00 00 00 00 00 00 00 00 00 00 00 00 00 00 00 00
  ................ 00 00 00 00 00 00 00 00 00 00 00 00 00 00 00 00
  ................ 00 00 00 00 00 00 00 00 00 00 00 00 00 00 00 00
  2............... 32 00 00 00 00 00 00 00 01 00 00 00 10 9e 06 0b
003253-003262 StringBlock "tx_title"
003263-003325 DataBlock
  ................ 00 00 1d 00 00 00 08 00 00 00 01 00 00 00 00 00
  ................ 01 00 00 00 00 01 00 00 00 00 05 00 00 00 00 00
  ................ 00 00 fe ff ff ff 00 00 9b 1d 0b 00 00 00 00 00
  ...............  00 00 00 00 00 00 00 01 00 00 00 00 9b 1d 0b
003326-003335 NewStateBlock "NewState"
003336-003339 XSizeBlock 399
003340-003343 YSizeBlock 30
003344-003383 UnicodeBlock "Settlement Captured"
003384-003406 DataBlock
  ................ 00 00 04 00 00 00 04 00 00 00 00 00 00 00 01 00
  .......          00 00 01 00 00 00 01
003407-003482 UnicodeBlock "settlement_name_NewState_Text_11003ej"
003483-003486 DataBlock
  ....             00 00 00 00
003487-003509 FontNameBlock "la_gioconda_uppercase"
003510-003525 DataBlock
  ................ 12 00 00 00 04 00 00 00 00 00 00 00 d7 f8 ff ff
003526-003545 StringBlock "fe_section_heading"
003546-003565 DataBlock
  ................ 00 00 00 00 00 00 00 00 00 00 00 00 00 00 00 00
  ....             00 00 00 00
003566-003576 T0Block "normal_t0"
003577-003592 DataBlock
  ................ 00 00 00 00 00 00 00 00 00 00 00 00 00 00 00 00
003593-003608 T0Block "drop_shadow_t0"
003609-003680 DataBlock
  .......?...@.... 00 00 00 00 00 00 80 3f 00 00 00 40 00 00 00 00
  ................ 00 00 00 00 00 00 00 00 00 00 00 00 00 00 00 00
  ................ 00 00 00 00 0a 00 00 00 00 00 00 00 00 00 00 00
  ................ 00 00 00 00 00 00 00 00 00 00 00 00 00 00 00 00
  ........         00 00 00 00 b0 96 06 0b
003681-003697 StringBlock "settlement_name"
003698-003760 DataBlock
  ..~............. 00 00 7e 01 00 00 1c 00 00 00 01 00 00 00 00 00
  ................ 01 00 00 00 00 01 00 00 00 00 05 00 00 00 ff ff
  .......p........ ff ff 82 ff ff ff 00 70 9a 06 0b 00 00 00 00 00
  ...........p...  00 00 00 00 00 00 00 01 00 00 00 70 9a 06 0b
003761-003770 NewStateBlock "NewState"
003771-003774 XSizeBlock 109
003775-003778 YSizeBlock 30
003779-003796 UnicodeBlock "Carthage"
003797-003819 DataBlock
  ................ 00 00 04 00 00 00 04 00 00 00 00 00 00 00 03 00
  .......          00 00 01 00 00 00 00
003820-003893 UnicodeBlock "settlement_name_NewState_Text_11003e"
003894-003897 DataBlock
  ....             00 00 00 00
003898-003920 FontNameBlock "la_gioconda_uppercase"
003921-003936 DataBlock
  ................ 10 00 00 00 04 00 00 00 00 00 00 00 d7 f8 ff ff
003937-003958 StringBlock "fe_paragraph_heading"
003959-003978 DataBlock
  ................ 08 00 00 00 08 00 00 00 00 00 00 00 00 00 00 00
  ....             00 00 00 00
003979-003989 T0Block "normal_t0"
003990-004005 DataBlock
  ................ 00 00 00 00 00 00 00 00 00 00 00 00 00 00 00 00
004006-004016 T0Block "normal_t0"
004017-004068 DataBlock
  ................ 00 00 00 00 00 00 00 00 00 00 00 00 00 00 00 00
  ................ 00 00 00 00 00 00 00 00 00 00 00 00 00 00 00 00
  ................ 00 00 00 00 0a 00 00 00 00 00 00 00 01 00 00 00
  .]k.             b0 5d 6b 0b
004069-004089 StringBlock "icon_wall_integrity"
004090-004136 DataBlock
  ..j............. 00 00 6a 00 00 00 05 00 00 00 00 00 00 00 00 00
  ................ 01 00 00 00 00 01 00 00 00 00 06 00 00 00 15 00
  ...............  00 00 02 00 00 00 00 d0 1d 03 0b 03 00 00 00
004137-004206 ImageBlock id=188480864 xsize=24 ysize=24 path="ui/skins/default/settlement_wall_integrity_green.png" unknown=1800028160
004207-004207 DataBlock
  .                0b
004208-004261 ImagePathBlock "ui/skins/default/settlement_wall_integrity_amber.png"
004262-004270 DataBlock
  .........        18 00 00 00 18 00 00 00 00
004271-004338 ImageBlock id=188502288 xsize=24 ysize=24 path="ui/skins/default/settlement_wall_integrity_red.png" unknown=0
004339-004351 DataBlock
  .............    00 00 00 00 00 03 00 00 00 e0 1b 03 0b
004352-004358 StringBlock "amber"
004359-004368 DataBlock
  ..........       18 00 00 00 18 00 00 00 00 00
004369-004414 UnicodeBlock "The walls are damaged."
004415-004437 DataBlock
  ................ 02 00 00 00 00 00 00 00 00 00 00 00 01 00 00 00
  .......          01 00 00 00 00 00 00
004438-004519 UnicodeBlock "icon_wall_integrity_amber_Tooltip_7c0057"
004520-004521 DataBlock
  ..               00 00
004522-004534 FontNameBlock "la_gioconda"
004535-004550 DataBlock
  ................ 0a 00 00 00 02 00 00 00 01 00 00 00 dd da fa ff
004551-004573 StringBlock "Default Font Category"
004574-004593 DataBlock
  ................ 00 00 00 00 00 00 00 00 00 00 00 00 00 00 00 00
  ....             01 00 00 00
004594-004604 T0Block "normal_t0"
004605-004620 DataBlock
  ................ 00 00 00 00 00 00 00 00 00 00 00 00 00 00 00 00
004621-004631 T0Block "normal_t0"
004632-004754 DataBlock
  ................ 00 00 00 00 00 00 00 00 00 00 00 00 00 00 00 00
  ....@Jk......... 01 00 00 00 40 4a 6b 0b 00 00 00 00 00 00 00 00
  ................ 18 00 00 00 18 00 00 00 ff ff ff ff 00 00 00 00
  ................ 00 00 00 00 00 00 00 00 00 00 00 01 01 00 00 00
  ................ 00 00 00 00 00 00 00 00 00 00 00 00 00 00 00 00
  ................ 00 00 00 00 00 00 00 00 00 00 00 00 00 00 00 00
  ................ 00 00 00 00 00 00 00 00 00 00 00 00 00 00 00 00
  ...........      00 00 00 00 00 00 00 d0 1d 03 0b
004755-004761 StringBlock "green"
004762-004771 DataBlock
  ..........       18 00 00 00 18 00 00 00 00 00
004772-004819 UnicodeBlock "The walls are pristine."
004820-004842 DataBlock
  ................ 02 00 00 00 00 00 00 00 00 00 00 00 01 00 00 00
  .......          01 00 00 00 00 00 00
004843-004924 UnicodeBlock "icon_wall_integrity_green_Tooltip_3a0070"
004925-004926 DataBlock
  ..               00 00
004927-004939 FontNameBlock "la_gioconda"
004940-004955 DataBlock
  ................ 0a 00 00 00 02 00 00 00 01 00 00 00 dd da fa ff
004956-004978 StringBlock "Default Font Category"
004979-004998 DataBlock
  ................ 00 00 00 00 00 00 00 00 00 00 00 00 00 00 00 00
  ....             01 00 00 00
004999-005009 T0Block "normal_t0"
005010-005025 DataBlock
  ................ 00 00 00 00 00 00 00 00 00 00 00 00 00 00 00 00
005026-005036 T0Block "normal_t0"
005037-005174 DataBlock
  ................ 00 00 00 00 00 00 00 00 00 00 00 00 00 00 00 00
  ....`.;......... 01 00 00 00 60 fd 3b 0b 00 00 00 00 00 00 00 00
  ................ 18 00 00 00 18 00 00 00 ff ff ff ff 00 00 00 00
  ................ 00 00 00 00 00 00 00 00 00 00 00 01 01 00 00 00
  ................ 00 00 00 00 00 00 00 00 00 00 00 00 00 00 00 00
  ................ 00 00 00 00 00 00 00 00 00 00 00 00 00 00 00 00
  ................ 00 00 00 00 00 00 00 00 00 00 00 00 00 00 00 00
  .............red 00 00 00 00 00 00 00 c0 1f 03 0b 03 00 72 65 64
  ..........       18 00 00 00 18 00 00 00 00 00
005175-005224 UnicodeBlock "The walls are destroyed."
005225-005247 DataBlock
  ................ 02 00 00 00 00 00 00 00 00 00 00 00 01 00 00 00
  .......          01 00 00 00 00 00 00
005248-005323 UnicodeBlock "icon_wall_integrity_red_Tooltip_20025"
005324-005325 DataBlock
  ..               00 00
005326-005338 FontNameBlock "la_gioconda"
005339-005354 DataBlock
  ................ 0a 00 00 00 02 00 00 00 01 00 00 00 dd da fa ff
005355-005377 StringBlock "Default Font Category"
005378-005397 DataBlock
  ................ 00 00 00 00 00 00 00 00 00 00 00 00 00 00 00 00
  ....             01 00 00 00
005398-005408 T0Block "normal_t0"
005409-005424 DataBlock
  ................ 00 00 00 00 00 00 00 00 00 00 00 00 00 00 00 00
005425-005435 T0Block "normal_t0"
005436-005594 DataBlock
  ................ 00 00 00 00 00 00 00 00 00 00 00 00 00 00 00 00
  .....Q<......... 01 00 00 00 10 51 3c 0b 00 00 00 00 00 00 00 00
  ................ 18 00 00 00 18 00 00 00 ff ff ff ff 00 00 00 00
  ................ 00 00 00 00 00 00 00 00 00 00 00 01 01 00 00 00
  ................ 00 00 00 00 00 00 00 00 00 00 00 00 00 00 00 00
  ................ 00 00 00 00 00 00 00 00 00 00 00 00 00 00 00 00
  ................ 00 00 00 00 00 00 00 00 00 00 00 00 00 00 00 00
  ................ 00 00 00 00 00 00 00 00 00 00 00 0a 00 00 00 00
  ................ 00 00 00 00 00 00 00 00 00 00 00 00 00 00 00 00
  ............G..  00 00 00 00 00 00 00 00 00 00 00 b0 47 a7 0e
005595-005609 StringBlock "button_parent"
005610-005672 DataBlock
  ......C......... 00 00 2e 01 00 00 43 00 00 00 00 00 00 00 00 00
  ................ 01 00 00 00 00 01 00 00 00 00 08 00 00 00 00 00
  .......P./...... 00 00 00 00 00 00 00 50 f7 2f 0e 00 00 00 00 00
  ...........P./.  00 00 00 00 00 00 00 01 00 00 00 50 f7 2f 0e
005673-005682 NewStateBlock "NewState"
005683-005686 XSizeBlock 272
005687-005690 YSizeBlock 270
005691-005721 DataBlock
  ................ 00 00 00 00 02 00 00 00 00 00 00 00 00 00 00 00
  ...............  01 00 00 00 01 00 00 00 00 00 00 00 00 00 00
005722-005734 FontNameBlock "la_gioconda"
005735-005750 DataBlock
  ................ 0a 00 00 00 02 00 00 00 01 00 00 00 dd da fa ff
005751-005773 StringBlock "Default Font Category"
005774-005793 DataBlock
  ................ 00 00 00 00 00 00 00 00 00 00 00 00 00 00 00 00
  ....             00 00 00 00
005794-005804 T0Block "normal_t0"
005805-005820 DataBlock
  ................ 00 00 00 00 00 00 00 00 00 00 00 00 00 00 00 00
005821-005831 T0Block "normal_t0"
005832-005883 DataBlock
  ................ 00 00 00 00 00 00 00 00 00 00 00 00 00 00 00 00
  ................ 00 00 00 00 00 00 00 00 00 00 00 00 00 00 00 00
  ....-........... 00 00 00 00 2d 00 00 00 00 00 00 00 01 00 00 00
  ....             e0 1c 98 0a
005884-005907 StringBlock "template_button_occupy"
005908-005970 DataBlock
  ................ 00 00 00 00 00 00 00 00 00 00 00 00 00 00 00 00
  ................ 01 00 00 00 00 01 00 00 00 00 00 00 00 00 00 00
  ........ ....... 00 00 00 00 00 00 00 b0 20 98 0a 00 00 00 00 00
  ............ ..  00 00 00 00 00 00 00 01 00 00 00 b0 20 98 0a
005971-005980 NewStateBlock "NewState"
005981-005984 XSizeBlock 275
005985-005988 YSizeBlock 270
005989-006019 DataBlock
  ................ 00 00 00 00 02 00 00 00 00 00 00 00 00 00 00 00
  ...............  01 00 00 00 01 00 00 00 00 00 00 00 00 00 00
006020-006032 FontNameBlock "la_gioconda"
006033-006048 DataBlock
  ................ 0a 00 00 00 02 00 00 00 01 00 00 00 dd da fa ff
006049-006071 StringBlock "Default Font Category"
006072-006091 DataBlock
  ................ 00 00 00 00 00 00 00 00 00 00 00 00 00 00 00 00
  ....             01 00 00 00
006092-006102 T0Block "normal_t0"
006103-006118 DataBlock
  ................ 00 00 00 00 00 00 00 00 00 00 00 00 00 00 00 00
006119-006129 T0Block "normal_t0"
006130-006181 DataBlock
  ................ 00 00 00 00 00 00 00 00 00 00 00 00 00 00 00 00
  ................ 00 00 00 00 00 00 00 00 00 00 00 00 00 00 00 00
  ................ 00 00 00 00 00 00 00 00 00 00 00 00 03 00 00 00
  ..g.             00 08 67 0a
006182-006189 StringBlock "dy_pic"
006190-006232 DataBlock
  ................ 00 00 0c 00 00 00 0a 00 00 00 01 01 00 00 00 00
  ................ 01 00 00 00 00 01 00 00 00 00 02 00 00 00 00 00
  .......0...      00 00 0a 00 00 00 00 30 03 ee 0a
006233-006296 ImageListBlock 1 elements:
  006237-006296 ImageBlock id=174522928 xsize=380 ysize=214 path="ui/skins/default/agent_pic_assassinate.png" unknown=0
006297-006358 DataBlock
  .........0.....N 00 00 00 00 00 01 00 00 00 30 03 ee 0a 08 00 4e
  ewState......... 65 77 53 74 61 74 65 fa 00 00 00 8e 00 00 00 00
  ................ 00 00 00 02 00 00 00 00 00 00 00 00 00 00 00 01
  ..............   00 00 00 01 00 00 00 00 00 00 00 00 00 00
006359-006371 FontNameBlock "la_gioconda"
006372-006387 DataBlock
  ................ 0a 00 00 00 02 00 00 00 01 00 00 00 dd da fa ff
006388-006410 StringBlock "Default Font Category"
006411-006430 DataBlock
  ................ 00 00 00 00 00 00 00 00 00 00 00 00 00 00 00 00
  ....             01 00 00 00
006431-006441 T0Block "normal_t0"
006442-006457 DataBlock
  ................ 00 00 00 00 00 00 00 00 00 00 00 00 00 00 00 00
006458-006468 T0Block "normal_t0"
006469-006607 DataBlock
  ................ 00 00 00 00 00 00 00 00 00 00 00 00 00 00 00 00
  ....0.g......... 01 00 00 00 30 02 67 0a 00 00 00 00 00 00 00 00
  ................ fa 00 00 00 8e 00 00 00 ff ff ff ff 00 00 00 00
  ................ 00 00 00 00 00 00 00 00 00 00 00 01 01 00 00 00
  ................ 00 00 00 00 00 00 00 00 00 00 00 00 00 00 00 00
  ................ 00 00 00 00 00 00 00 00 00 00 00 00 00 00 00 00
  ................ 00 00 00 00 00 00 00 00 00 00 00 00 00 00 00 00
  ................ 00 00 00 00 00 00 00 00 00 00 00 00 00 00 00 00
  .........].      00 00 00 01 00 00 00 a0 9f 5d 0d
006608-006618 StringBlock "pic_frame"
006619-006661 DataBlock
  ................ 00 00 ff ff ff ff ff ff ff ff 01 01 00 00 00 00
  ................ 01 00 00 00 00 01 00 00 00 00 05 00 00 00 00 00
  .......`...      00 00 00 00 00 00 00 60 00 ee 0a
006662-006720 ImageListBlock 1 elements:
  006666-006720 ImageBlock id=224240352 xsize=88 ysize=87 path="ui/skins/default/settlement_frame.png" unknown=0
006721-006782 DataBlock
  .........`.....N 00 00 00 00 00 01 00 00 00 60 00 ee 0a 08 00 4e
  ewState......... 65 77 53 74 61 74 65 fc 00 00 00 90 00 00 00 00
  ................ 00 00 00 02 00 00 00 00 00 00 00 00 00 00 00 01
  ..............   00 00 00 01 00 00 00 00 00 00 00 00 00 00
006783-006795 FontNameBlock "la_gioconda"
006796-006811 DataBlock
  ................ 0a 00 00 00 02 00 00 00 01 00 00 00 dd da fa ff
006812-006834 StringBlock "Default Font Category"
006835-006854 DataBlock
  ................ 00 00 00 00 00 00 00 00 00 00 00 00 00 00 00 00
  ....             01 00 00 00
006855-006865 T0Block "normal_t0"
006866-006881 DataBlock
  ................ 00 00 00 00 00 00 00 00 00 00 00 00 00 00 00 00
006882-006892 T0Block "normal_t0"
006893-007051 DataBlock
  ................ 00 00 00 00 00 00 00 00 00 00 00 00 00 00 00 00
  ......]......... 01 00 00 00 e0 a2 5d 0d 00 00 00 00 00 00 00 00
  ................ fc 00 00 00 90 00 00 00 ff ff ff ff 01 00 00 00
  ................ 00 00 00 00 00 00 00 00 00 00 00 01 01 00 00 00
  ................ 00 00 00 00 00 00 00 00 00 00 00 00 00 00 00 00
  .............pA. 00 00 00 00 00 00 00 00 00 00 00 00 00 70 41 00
  .pA..pA..pA..... 00 70 41 00 00 70 41 00 00 70 41 00 00 00 00 00
  ................ 00 00 00 00 00 00 00 00 00 00 00 00 00 00 00 00
  ................ 00 00 00 00 00 00 00 00 00 00 00 00 00 00 00 00
  ...........P.G.  00 00 00 00 00 00 00 00 00 00 00 50 9d 47 0a
007052-007058 StringBlock "frame"
007059-007101 DataBlock
  ................ 00 00 00 00 00 00 9a 00 00 00 01 01 00 00 00 00
  ................ 01 00 00 00 00 01 00 00 00 00 08 00 00 00 00 00
  .......0$X.      00 00 c4 ff ff ff 00 30 24 58 0c
007102-007176 ImageListBlock 1 elements:
  007106-007176 ImageBlock id=207826976 xsize=106 ysize=106 path="ui/skins/default/panel_tile_parchment_table_basic.png" unknown=0
007177-007238 DataBlock
  .........0$X...N 00 00 00 00 00 01 00 00 00 30 24 58 0c 08 00 4e
  ewState....8.... 65 77 53 74 61 74 65 13 01 00 00 38 00 00 00 00
  ................ 00 00 00 02 00 00 00 00 00 00 00 00 00 00 00 01
  ..............   00 00 00 01 00 00 00 00 00 00 00 00 00 00
007239-007251 FontNameBlock "la_gioconda"
007252-007267 DataBlock
  ................ 0a 00 00 00 02 00 00 00 01 00 00 00 dd da fa ff
007268-007290 StringBlock "Default Font Category"
007291-007310 DataBlock
  ................ 00 00 00 00 00 00 00 00 00 00 00 00 00 00 00 00
  ....             01 00 00 00
007311-007321 T0Block "normal_t0"
007322-007337 DataBlock
  ................ 00 00 00 00 00 00 00 00 00 00 00 00 00 00 00 00
007338-007348 T0Block "normal_t0"
007349-007487 DataBlock
  ................ 00 00 00 00 00 00 00 00 00 00 00 00 00 00 00 00
  .... 0c......... 01 00 00 00 20 30 63 0c 00 00 00 00 00 00 00 00
  ....8........... 13 01 00 00 38 00 00 00 ff ff ff ff 01 00 00 00
  ................ 00 00 00 00 00 00 00 00 00 00 00 01 01 00 00 00
  ................ 00 00 00 00 00 00 00 00 00 00 00 00 00 00 00 00
  ..............A. 00 00 00 00 00 00 00 00 00 00 00 00 00 a0 41 00
  ..A...A...A..... 00 a0 41 00 00 a0 41 00 00 a0 41 00 00 00 00 00
  ................ 00 00 00 00 00 00 00 00 00 00 00 00 00 00 00 00
  ...........      00 00 00 01 00 00 00 c0 8e d6 0e
007488-007500 StringBlock "icon_parent"
007501-007563 DataBlock
  ................ 00 00 98 ff ff ff 12 00 00 00 01 00 00 00 00 00
  ................ 01 00 00 00 00 01 00 00 00 00 02 00 00 00 00 00
  ................ 00 00 12 00 00 00 00 c0 c9 a9 0a 00 00 00 00 00
  ...............  00 00 00 00 00 00 00 01 00 00 00 c0 c9 a9 0a
007564-007573 NewStateBlock "NewState"
007574-007577 XSizeBlock 484
007578-007581 YSizeBlock 27
007582-007612 DataBlock
  ................ 00 00 00 00 02 00 00 00 00 00 00 00 00 00 00 00
  ...............  01 00 00 00 01 00 00 00 00 00 00 00 00 00 00
007613-007625 FontNameBlock "la_gioconda"
007626-007641 DataBlock
  ................ 0a 00 00 00 02 00 00 00 01 00 00 00 dd da fa ff
007642-007664 StringBlock "Default Font Category"
007665-007684 DataBlock
  ................ 00 00 00 00 00 00 00 00 00 00 00 00 00 00 00 00
  ....             00 00 00 00
007685-007695 T0Block "normal_t0"
007696-007711 DataBlock
  ................ 00 00 00 00 00 00 00 00 00 00 00 00 00 00 00 00
007712-007722 T0Block "normal_t0"
007723-007774 DataBlock
  ................ 00 00 00 00 00 00 00 00 00 00 00 00 00 00 00 00
  ................ 00 00 00 00 00 00 00 00 00 00 00 00 00 00 00 00
  ................ 00 00 00 00 0c 00 00 00 00 00 00 00 0b 00 00 00
  ..{.             e0 e4 7b 0d
007775-007796 StringBlock "label_gifted_faction"
007797-007859 DataBlock
  ................ 00 00 00 00 00 00 00 00 00 00 01 00 00 00 00 00
  ................ 01 00 00 00 00 01 00 00 00 00 00 00 00 00 00 00
  .......Pa....... 00 00 00 00 00 00 00 50 61 d0 08 00 00 00 00 00
  ...........Pa..  00 00 00 00 00 00 00 01 00 00 00 50 61 d0 08
007860-007869 NewStateBlock "NewState"
007870-007873 XSizeBlock 67
007874-007877 YSizeBlock 27
007878-007897 UnicodeBlock "Faction: "
007898-007920 DataBlock
  ................ 00 00 03 00 00 00 04 00 00 00 00 00 00 00 03 00
  .......          00 00 01 00 00 00 01
007921-008004 UnicodeBlock "label_gifted_faction_NewState_Text_400022"
008005-008008 DataBlock
  ....             00 00 00 00
008009-008021 FontNameBlock "la_gioconda"
008022-008037 DataBlock
  ..............I. 0c 00 00 00 06 00 00 00 01 00 00 00 18 1f 49 ff
008038-008053 StringBlock "parchment_text"
008054-008073 DataBlock
  ................ 04 00 00 00 04 00 00 00 00 00 00 00 00 00 00 00
  ....             00 00 00 00
008074-008084 T0Block "normal_t0"
008085-008100 DataBlock
  ................ 00 00 00 00 00 00 00 00 00 00 00 00 00 00 00 00
008101-008111 T0Block "normal_t0"
008112-008173 DataBlock
  ................ 00 00 00 00 00 00 00 00 00 00 00 00 00 00 00 00
  ................ 00 00 00 00 00 00 00 00 00 00 00 00 00 00 00 00
  ................ 00 00 00 00 00 00 00 00 00 00 00 00 00 00 00 00
  ...........)..   00 00 00 00 00 00 00 00 00 00 a0 29 0e 1a
008174-008187 StringBlock "icon_vassals"
008188-008234 DataBlock
  ..I............. 00 00 49 00 00 00 00 00 00 00 00 00 00 00 00 00
  ................ 01 00 00 00 00 01 00 00 00 00 00 00 00 00 00 00
  ........3......  00 00 00 00 00 00 00 e0 33 0e 1a 02 00 00 00
008235-008284 ImageBlock id=437136640 xsize=24 ysize=24 path="ui/skins/default/vassal_icon.png" unknown=237928448
008285-008285 DataBlock
  .                1a
008286-008325 ImagePathBlock "ui/skins/default/client_state_icon.png"
008326-008350 DataBlock
  ................ 18 00 00 00 18 00 00 00 00 00 00 00 00 00 00 00
  ......3..        00 02 00 00 00 e0 33 0e 1a
008351-008358 StringBlock "vassal"
008359-008368 DataBlock
  ..........       18 00 00 00 18 00 00 00 00 00
008369-008456 UnicodeBlock "This faction will become your puppet state."
008457-008479 DataBlock
  ................ 02 00 00 00 00 00 00 00 00 00 00 00 01 00 00 00
  .......          01 00 00 00 01 00 00
008480-008549 UnicodeBlock "icon_vassals_vassal_Tooltip_670078"
008550-008551 DataBlock
  ..               00 00
008552-008564 FontNameBlock "la_gioconda"
008565-008580 DataBlock
  ................ 0a 00 00 00 02 00 00 00 01 00 00 00 dd da fa ff
008581-008603 StringBlock "Default Font Category"
008604-008623 DataBlock
  ................ 00 00 00 00 00 00 00 00 00 00 00 00 00 00 00 00
  ....             01 00 00 00
008624-008634 T0Block "normal_t0"
008635-008650 DataBlock
  ................ 00 00 00 00 00 00 00 00 00 00 00 00 00 00 00 00
008651-008661 T0Block "normal_t0"
008662-008784 DataBlock
  ................ 00 00 00 00 00 00 00 00 00 00 00 00 00 00 00 00
  .....-.......... 01 00 00 00 00 2d 0e 1a 00 00 00 00 00 00 00 00
  ..........U..... 18 00 00 00 18 00 00 00 e6 af 55 ff 00 00 00 00
  ................ 00 00 00 00 00 00 00 00 00 00 00 01 01 00 00 00
  ................ 00 00 00 00 00 00 00 00 00 00 00 00 00 00 00 00
  ................ 00 00 00 00 00 00 00 00 00 00 00 00 00 00 00 00
  ................ 00 00 00 00 00 00 00 00 00 00 00 00 00 00 00 00
  ....... >..      00 00 00 00 00 00 00 20 3e 0e 1a
008785-008798 StringBlock "client_state"
008799-008808 DataBlock
  ..........       18 00 00 00 18 00 00 00 00 00
008809-008890 UnicodeBlock "This faction will become your tributary."
008891-008913 DataBlock
  ................ 02 00 00 00 00 00 00 00 00 00 00 00 01 00 00 00
  .......          01 00 00 00 01 00 00
008914-008997 UnicodeBlock "icon_vassals_client_state_Tooltip_790014t"
008998-008999 DataBlock
  ..               00 00
009000-009012 FontNameBlock "la_gioconda"
009013-009028 DataBlock
  ................ 0a 00 00 00 02 00 00 00 01 00 00 00 dd da fa ff
009029-009051 StringBlock "Default Font Category"
009052-009071 DataBlock
  ................ 00 00 00 00 00 00 00 00 00 00 00 00 00 00 00 00
  ....             01 00 00 00
009072-009082 T0Block "normal_t0"
009083-009098 DataBlock
  ................ 00 00 00 00 00 00 00 00 00 00 00 00 00 00 00 00
009099-009109 T0Block "normal_t0"
009110-009258 DataBlock
  ................ 00 00 00 00 00 00 00 00 00 00 00 00 00 00 00 00
  ................ 01 00 00 00 80 2e 0e 1a 00 00 00 00 00 00 00 00
  ..........U..... 18 00 00 00 18 00 00 00 e6 af 55 ff 00 00 00 00
  ................ 00 00 00 00 00 00 00 00 00 00 00 01 01 00 00 00
  ................ 00 00 00 00 00 00 00 00 00 00 00 00 00 00 00 00
  ................ 00 00 00 00 00 00 00 00 00 00 00 00 00 00 00 00
  ................ 00 00 00 00 00 00 00 00 00 00 00 00 00 00 00 00
  ...........-.... 00 00 00 00 00 00 00 00 00 00 00 2d 00 00 00 00
  ................ 00 00 00 00 00 00 00 00 00 00 00 00 00 00 00 00
  .0...            00 30 1b fd 0a
009259-009270 StringBlock "icon_horde"
009271-009292 DataBlock
  ..g............. 00 00 67 00 00 00 00 00 00 00 00 00 00 00 00 00
  ......           01 00 00 00 00 01
009293-009394 UnicodeBlock "Occupying this settlement will end your migration."
009395-009446 UnicodeBlock "icon_horde_Tooltip_74000e"
009447-009467 DataBlock
  .............@). 00 00 00 00 00 00 00 00 00 00 00 00 00 40 29 fd
  .....            0a 02 00 00 00
009468-009524 ImageBlock id=340539616 xsize=24 ysize=24 path="ui/skins/default/alert_message_icon.png" unknown=2666569728
009525-009525 DataBlock
  .                14
009526-009568 ImagePathBlock "ui/skins/default/icon_culture_nomadic.png"
009569-009593 DataBlock
  ................ 18 00 00 00 18 00 00 00 00 00 00 00 00 00 00 00
  .....@)..        00 01 00 00 00 40 29 fd 0a
009594-009602 StringBlock "default"
009603-009641 DataBlock
  ................ 18 00 00 00 18 00 00 00 00 00 00 00 02 00 00 00
  ................ 00 00 00 00 00 00 00 00 01 00 00 00 01 00 00 00
  .......          00 00 00 00 00 00 00
009642-009654 FontNameBlock "la_gioconda"
009655-009670 DataBlock
  ................ 0a 00 00 00 02 00 00 00 01 00 00 00 dd da fa ff
009671-009693 StringBlock "Default Font Category"
009694-009713 DataBlock
  ................ 00 00 00 00 00 00 00 00 00 00 00 00 00 00 00 00
  ....             01 00 00 00
009714-009724 T0Block "normal_t0"
009725-009740 DataBlock
  ................ 00 00 00 00 00 00 00 00 00 00 00 00 00 00 00 00
009741-009751 T0Block "normal_t0"
009752-009987 DataBlock
  ................ 00 00 00 00 00 00 00 00 00 00 00 00 00 00 00 00
  .....8L......... 02 00 00 00 e0 38 4c 14 fe ff ff ff ff ff ff ff
  ................ 12 00 00 00 12 00 00 00 ff ff ff ff 00 00 00 00
  ................ 00 00 00 00 00 00 00 00 00 00 00 01 01 00 00 00
  ................ 00 00 00 00 00 00 00 00 00 00 00 00 00 00 00 00
  ................ 00 00 00 00 00 00 00 00 00 00 00 00 00 00 00 00
  ................ 00 00 00 00 00 00 00 00 00 00 00 a0 f0 9e 14 06
  ................ 00 00 00 07 00 00 00 12 00 00 00 12 00 00 00 ff
  ................ ff ff ff 00 00 00 09 00 00 00 00 00 00 00 00 00
  ................ 00 00 01 01 00 00 00 00 00 00 00 00 00 00 00 00
  ................ 00 00 00 00 00 00 00 00 00 00 00 00 00 00 00 00
  ................ 00 00 00 00 00 00 00 00 00 00 00 00 00 00 00 00
  ................ 00 00 00 00 00 00 00 00 00 00 00 00 00 00 00 00
  ..-............. 00 00 2d 00 00 00 00 00 00 00 00 00 00 00 00 00
  ........P...     00 00 00 00 00 00 00 00 50 fa 82 06
009988-010011 StringBlock "icon_liberated_faction"
010012-010054 DataBlock
  ................ 00 00 85 00 00 00 00 00 00 00 00 00 00 00 00 00
  ................ 01 00 00 00 00 01 00 00 00 00 00 00 00 00 00 00
  ........M..      00 00 00 00 00 00 00 80 4d 86 10
010055-010103 ImageListBlock 1 elements:
  010059-010103 ImageBlock id=195922416 xsize=24 ysize=24 path="ui/skins/default/mon_24.png" unknown=0
010104-010137 DataBlock
  ..........M....l 00 00 00 00 00 02 00 00 00 80 4d 86 10 09 00 6c
  iberated........ 69 62 65 72 61 74 65 64 18 00 00 00 18 00 00 00
  ..               00 00
010138-010273 UnicodeBlock "Liberated faction: %S. This faction will become your military ally."
010274-010296 DataBlock
  ................ 02 00 00 00 00 00 00 00 00 00 00 00 01 00 00 00
  .......          01 00 00 00 01 00 00
010297-010392 UnicodeBlock "icon_liberated_faction_liberated_Tooltip_420047"
010393-010394 DataBlock
  ..               00 00
010395-010407 FontNameBlock "la_gioconda"
010408-010423 DataBlock
  ................ 0a 00 00 00 02 00 00 00 01 00 00 00 dd da fa ff
010424-010446 StringBlock "Default Font Category"
010447-010466 DataBlock
  ................ 00 00 00 00 00 00 00 00 00 00 00 00 00 00 00 00
  ....             01 00 00 00
010467-010477 T0Block "normal_t0"
010478-010493 DataBlock
  ................ 00 00 00 00 00 00 00 00 00 00 00 00 00 00 00 00
010494-010504 T0Block "normal_t0"
010505-010627 DataBlock
  ................ 00 00 00 00 00 00 00 00 00 00 00 00 00 00 00 00
  ................ 01 00 00 00 f0 89 ad 0b 00 00 00 00 00 00 00 00
  ................ 18 00 00 00 18 00 00 00 ff ff ff ff 00 00 00 00
  ................ 00 00 00 00 00 00 00 00 00 00 00 01 01 00 00 00
  ................ 00 00 00 00 00 00 00 00 00 00 00 00 00 00 00 00
  ................ 00 00 00 00 00 00 00 00 00 00 00 00 00 00 00 00
  ................ 00 00 00 00 00 00 00 00 00 00 00 00 00 00 00 00
  ........~..      00 00 00 00 00 00 00 10 7e aa 09
010628-010635 StringBlock "gifted"
010636-010645 DataBlock
  ..........       18 00 00 00 18 00 00 00 00 00
010646-010687 UnicodeBlock "Gifted faction: %S. "
010688-010710 DataBlock
  ................ 02 00 00 00 00 00 00 00 00 00 00 00 01 00 00 00
  .......          01 00 00 00 01 00 00
010711-010800 UnicodeBlock "icon_liberated_faction_gifted_Tooltip_28002f"
010801-010802 DataBlock
  ..               00 00
010803-010815 FontNameBlock "la_gioconda"
010816-010831 DataBlock
  ................ 0a 00 00 00 02 00 00 00 01 00 00 00 dd da fa ff
010832-010854 StringBlock "Default Font Category"
010855-010874 DataBlock
  ................ 00 00 00 00 00 00 00 00 00 00 00 00 00 00 00 00
  ....             01 00 00 00
010875-010885 T0Block "normal_t0"
010886-010901 DataBlock
  ................ 00 00 00 00 00 00 00 00 00 00 00 00 00 00 00 00
010902-010912 T0Block "normal_t0"
010913-011061 DataBlock
  ................ 00 00 00 00 00 00 00 00 00 00 00 00 00 00 00 00
  ................ 01 00 00 00 f0 89 ad 0b 00 00 00 00 00 00 00 00
  ................ 18 00 00 00 18 00 00 00 ff ff ff ff 00 00 00 00
  ................ 00 00 00 00 00 00 00 00 00 00 00 01 01 00 00 00
  ................ 00 00 00 00 00 00 00 00 00 00 00 00 00 00 00 00
  ................ 00 00 00 00 00 00 00 00 00 00 00 00 00 00 00 00
  ................ 00 00 00 00 00 00 00 00 00 00 00 00 00 00 00 00
  ................ 00 00 00 00 00 00 00 00 00 00 00 00 00 00 00 00
  ................ 00 00 00 00 00 00 00 00 00 00 00 00 00 00 00 00
  . .*.            00 20 82 2a 11
011062-011078 StringBlock "dy_public_order"
011079-011141 DataBlock
  ................ 00 00 a3 00 00 00 00 00 00 00 01 00 00 00 00 00
  ................ 01 00 00 00 00 01 00 00 00 00 00 00 00 00 00 00
  ................ 00 00 00 00 00 00 00 00 00 00 00 00 00 00 00 00
  .............*.  00 00 00 00 00 00 00 01 00 00 00 80 85 2a 11
011142-011151 NewStateBlock "NewState"
011152-011155 XSizeBlock 31
011156-011159 YSizeBlock 24
011160-011186 DataBlock
  ..5............. 01 00 35 00 00 00 02 00 00 00 04 00 00 00 00 00
  ...........      00 00 03 00 00 00 01 00 00 00 00
011187-011252 UnicodeBlock "dy_public_order_NewState_Text_35"
011253-011256 DataBlock
  ....             00 00 00 00
011257-011269 FontNameBlock "la_gioconda"
011270-011285 DataBlock
  ..............I. 0c 00 00 00 06 00 00 00 01 00 00 00 18 1f 49 ff
011286-011301 StringBlock "parchment_text"
011302-011321 DataBlock
  ................ 12 00 00 00 05 00 00 00 00 00 00 00 00 00 00 00
  ....             01 00 00 00
011322-011332 T0Block "normal_t0"
011333-011348 DataBlock
  ................ 00 00 00 00 00 00 00 00 00 00 00 00 00 00 00 00
011349-011359 T0Block "normal_t0"
011360-011411 DataBlock
  ................ 00 00 00 00 00 00 00 00 00 00 00 00 00 00 00 00
  ................ 00 00 00 00 00 00 00 00 00 00 00 00 00 00 00 00
  ....-........... 00 00 00 00 2d 00 00 00 00 00 00 00 01 00 00 00
  ....             c0 e0 d0 10
011412-011417 StringBlock "icon"
011418-011464 DataBlock
  ................ 00 00 00 00 00 00 02 00 00 00 00 00 00 00 00 00
  ................ 01 00 00 00 00 01 00 00 00 00 04 00 00 00 00 00
  .......@.......  00 00 00 00 00 00 00 40 e9 d0 10 02 00 00 00
011465-011521 ImageBlock id=282125728 xsize=16 ysize=20 path="ui/skins/default/public_order_angry.png" unknown=1490415616
011522-011522 DataBlock
  .                0c
011523-011563 ImagePathBlock "ui/skins/default/public_order_happy.png"
011564-011588 DataBlock
  ................ 10 00 00 00 14 00 00 00 00 00 00 00 00 00 00 00
  .......X.        00 02 00 00 00 c0 c1 58 0c
011589-011595 StringBlock "happy"
011596-011605 DataBlock
  ..........       10 00 00 00 14 00 00 00 00 00
011606-011745 UnicodeBlock "Colonisation.||This is the public order bonus for the next turn only."
011746-011768 DataBlock
  ................ 02 00 00 00 00 00 00 00 00 00 00 00 01 00 00 00
  .......          01 00 00 00 01 00 00
011769-011820 UnicodeBlock "icon_happy_Tooltip_7d0018"
011821-011822 DataBlock
  ..               00 00
011823-011835 FontNameBlock "la_gioconda"
011836-011851 DataBlock
  ................ 0a 00 00 00 02 00 00 00 01 00 00 00 dd da fa ff
011852-011874 StringBlock "Default Font Category"
011875-011894 DataBlock
  ................ 00 00 00 00 00 00 00 00 00 00 00 00 00 00 00 00
  ....             01 00 00 00
011895-011905 T0Block "normal_t0"
011906-011921 DataBlock
  ...?...@...?.... 00 00 80 3f 00 00 00 40 00 00 80 3f 00 00 00 00
011922-011932 T0Block "normal_t0"
011933-012055 DataBlock
  ...?...@...?.... 00 00 80 3f 00 00 00 40 00 00 80 3f 00 00 00 00
  ......X......... 01 00 00 00 f0 d5 58 0c 00 00 00 00 00 00 00 00
  ................ 10 00 00 00 14 00 00 00 ff ff ff ff 00 00 00 00
  ................ 00 00 00 00 00 00 00 00 00 00 00 01 01 00 00 00
  ................ 00 00 00 00 00 00 00 00 00 00 00 00 00 00 00 00
  ................ 00 00 00 00 00 00 00 00 00 00 00 00 00 00 00 00
  ................ 00 00 00 00 00 00 00 00 00 00 00 00 00 00 00 00
  .......@...      00 00 00 00 00 00 00 40 e9 d0 10
012056-012064 StringBlock "unhappy"
012065-012074 DataBlock
  ..........       10 00 00 00 14 00 00 00 00 00
012075-012224 UnicodeBlock "Conquest penalty||This is the public order penalty for the next turn only."
012225-012247 DataBlock
  ................ 02 00 00 00 00 00 00 00 00 00 00 00 01 00 00 00
  .......          01 00 00 00 01 00 00
012248-012303 UnicodeBlock "icon_unhappy_Tooltip_6f0063"
012304-012305 DataBlock
  ..               00 00
012306-012318 FontNameBlock "la_gioconda"
012319-012334 DataBlock
  ................ 0a 00 00 00 02 00 00 00 01 00 00 00 dd da fa ff
012335-012357 StringBlock "Default Font Category"
012358-012377 DataBlock
  ................ 00 00 00 00 00 00 00 00 00 00 00 00 00 00 00 00
  ....             01 00 00 00
012378-012388 T0Block "normal_t0"
012389-012404 DataBlock
  ...?...@...?.... 00 00 80 3f 00 00 00 40 00 00 80 3f 00 00 00 00
012405-012415 T0Block "normal_t0"
012416-012574 DataBlock
  ...?...@...?.... 00 00 80 3f 00 00 00 40 00 00 80 3f 00 00 00 00
  ................ 01 00 00 00 a0 e5 d0 10 00 00 00 00 00 00 00 00
  ................ 10 00 00 00 14 00 00 00 ff ff ff ff 00 00 00 00
  ................ 00 00 00 00 00 00 00 00 00 00 00 01 01 00 00 00
  ................ 00 00 00 00 00 00 00 00 00 00 00 00 00 00 00 00
  ................ 00 00 00 00 00 00 00 00 00 00 00 00 00 00 00 00
  ................ 00 00 00 00 00 00 00 00 00 00 00 00 00 00 00 00
  ...........-.... 00 00 00 00 00 00 00 00 00 00 00 2d 00 00 00 00
  ................ 00 00 00 00 00 00 00 00 00 00 00 00 00 00 00 00
  ...............  00 00 00 00 00 00 00 00 00 00 00 f0 f5 b7 0a
012575-012587 StringBlock "dy_conquest"
012588-012650 DataBlock
  ................ 00 00 c8 00 00 00 00 00 00 00 01 00 00 00 00 00
  ................ 01 00 00 00 00 01 00 00 00 00 00 00 00 00 00 00
  ................ 00 00 00 00 00 00 00 10 f9 b7 0a 00 00 00 00 00
  ...............  00 00 00 00 00 00 00 01 00 00 00 10 f9 b7 0a
012651-012660 NewStateBlock "NewState"
012661-012664 XSizeBlock 33
012665-012668 YSizeBlock 24
012669-012695 DataBlock
  ..5............. 01 00 35 00 00 00 02 00 00 00 04 00 00 00 00 00
  ...........      00 00 03 00 00 00 01 00 00 00 00
012696-012751 UnicodeBlock "dy_command_NewState_Text_35"
012752-012755 DataBlock
  ....             00 00 00 00
012756-012768 FontNameBlock "la_gioconda"
012769-012784 DataBlock
  ..............I. 0c 00 00 00 06 00 00 00 01 00 00 00 18 1f 49 ff
012785-012800 StringBlock "parchment_text"
012801-012820 DataBlock
  ................ 14 00 00 00 05 00 00 00 00 00 00 00 00 00 00 00
  ....             01 00 00 00
012821-012831 T0Block "normal_t0"
012832-012847 DataBlock
  ................ 00 00 00 00 00 00 00 00 00 00 00 00 00 00 00 00
012848-012858 T0Block "normal_t0"
012859-012910 DataBlock
  ................ 00 00 00 00 00 00 00 00 00 00 00 00 00 00 00 00
  ................ 00 00 00 00 00 00 00 00 00 00 00 00 00 00 00 00
  ....-........... 00 00 00 00 2d 00 00 00 00 00 00 00 01 00 00 00
  p.S.             70 09 53 0a
012911-012916 StringBlock "icon"
012917-012938 DataBlock
  ................ 00 00 00 00 00 00 05 00 00 00 00 00 00 00 00 00
  ......           01 00 00 00 00 01
012939-013334 UnicodeBlock "Province instability||This number represents the public order of the settlement once you have conquered it. It is the current public order level plus any additional penalties this action may incur."
013335-013374 UnicodeBlock "icon_Tooltip_46004f"
013375-013391 DataBlock
  ...............X 04 00 00 00 00 00 00 00 00 00 00 00 00 c0 17 58
  .                0c
013392-013452 ImageListBlock 1 elements:
  013396-013452 ImageBlock id=226392400 xsize=24 ysize=24 path="ui/skins/default/icon_culture_other.png" unknown=0
013453-013514 DataBlock
  ...........X...N 00 00 00 00 00 01 00 00 00 c0 17 58 0c 08 00 4e
  ewState......... 65 77 53 74 61 74 65 12 00 00 00 0e 00 00 00 00
  ................ 00 00 00 02 00 00 00 00 00 00 00 00 00 00 00 01
  ..............   00 00 00 01 00 00 00 00 00 00 00 00 00 00
013515-013527 FontNameBlock "la_gioconda"
013528-013543 DataBlock
  ................ 0a 00 00 00 02 00 00 00 01 00 00 00 dd da fa ff
013544-013566 StringBlock "Default Font Category"
013567-013586 DataBlock
  ................ 00 00 00 00 00 00 00 00 00 00 00 00 00 00 00 00
  ....             01 00 00 00
013587-013597 T0Block "normal_t0"
013598-013613 DataBlock
  ................ 00 00 00 00 00 00 00 00 00 00 00 00 00 00 00 00
013614-013624 T0Block "normal_t0"
013625-013783 DataBlock
  ................ 00 00 00 00 00 00 00 00 00 00 00 00 00 00 00 00
  ....Py~......... 01 00 00 00 50 79 7e 0d 00 00 00 00 00 00 00 00
  ................ 12 00 00 00 0e 00 00 00 ff ff ff ff 00 00 00 00
  ................ 00 00 00 00 00 00 00 00 00 00 00 01 01 00 00 00
  ................ 00 00 00 00 00 00 00 00 00 00 00 00 00 00 00 00
  ................ 00 00 00 00 00 00 00 00 00 00 00 00 00 00 00 00
  ................ 00 00 00 00 00 00 00 00 00 00 00 00 00 00 00 00
  ...........-.... 00 00 00 00 00 00 00 00 00 00 00 2d 00 00 00 00
  ................ 00 00 00 00 00 00 00 00 00 00 00 00 00 00 00 00
  ........... .0.  00 00 00 00 00 00 00 00 00 00 00 20 b3 30 10
013784-013796 StringBlock "dy_settlers"
013797-013859 DataBlock
  ................ 00 00 ef 00 00 00 00 00 00 00 01 00 00 00 00 00
  ................ 01 00 00 00 00 01 00 00 00 00 00 00 00 00 00 00
  .........0...... 00 00 00 00 00 00 00 a0 b6 30 10 00 00 00 00 00
  .............0.  00 00 00 00 00 00 00 01 00 00 00 a0 b6 30 10
013860-013869 NewStateBlock "NewState"
013870-013873 XSizeBlock 35
013874-013877 YSizeBlock 24
013878-013904 DataBlock
  ..5............. 01 00 35 00 00 00 02 00 00 00 04 00 00 00 00 00
  ...........      00 00 03 00 00 00 01 00 00 00 00
013905-013960 UnicodeBlock "dy_command_NewState_Text_35"
013961-013964 DataBlock
  ....             00 00 00 00
013965-013977 FontNameBlock "la_gioconda"
013978-013993 DataBlock
  ..............I. 0c 00 00 00 06 00 00 00 01 00 00 00 18 1f 49 ff
013994-014009 StringBlock "parchment_text"
014010-014029 DataBlock
  ................ 16 00 00 00 05 00 00 00 00 00 00 00 00 00 00 00
  ....             01 00 00 00
014030-014040 T0Block "normal_t0"
014041-014056 DataBlock
  ................ 00 00 00 00 00 00 00 00 00 00 00 00 00 00 00 00
014057-014067 T0Block "normal_t0"
014068-014119 DataBlock
  ................ 00 00 00 00 00 00 00 00 00 00 00 00 00 00 00 00
  ................ 00 00 00 00 00 00 00 00 00 00 00 00 00 00 00 00
  ....-........... 00 00 00 00 2d 00 00 00 00 00 00 00 01 00 00 00
  ..*.             80 ef 2a 10
014120-014125 StringBlock "icon"
014126-014147 DataBlock
  ................ 00 00 00 00 00 00 ff ff ff ff 00 00 00 00 00 00
  ......           01 00 00 00 00 01
014148-014231 UnicodeBlock "Number of soldiers that will settle here."
014232-014271 UnicodeBlock "icon_Tooltip_7a004d"
014272-014288 DataBlock
  ...............* 04 00 00 00 00 00 00 00 ff ff ff ff 00 a0 f2 2a
  .                10
014289-014350 ImageListBlock 1 elements:
  014293-014350 ImageBlock id=200968896 xsize=24 ysize=24 path="ui/skins/default/icon_marker_soldier.png" unknown=0
014351-014412 DataBlock
  ...........*...N 00 00 00 00 00 01 00 00 00 a0 f2 2a 10 08 00 4e
  ewState......... 65 77 53 74 61 74 65 18 00 00 00 18 00 00 00 00
  ................ 00 00 00 02 00 00 00 00 00 00 00 00 00 00 00 01
  ..............   00 00 00 01 00 00 00 00 00 00 00 00 00 00
014413-014425 FontNameBlock "la_gioconda"
014426-014441 DataBlock
  ................ 0a 00 00 00 02 00 00 00 01 00 00 00 dd da fa ff
014442-014464 StringBlock "Default Font Category"
014465-014484 DataBlock
  ................ 12 00 00 00 00 00 00 00 00 00 00 00 00 00 00 00
  ....             01 00 00 00
014485-014495 T0Block "normal_t0"
014496-014511 DataBlock
  ................ 00 00 00 00 00 00 00 00 00 00 00 00 00 00 00 00
014512-014522 T0Block "normal_t0"
014523-014681 DataBlock
  ................ 00 00 00 00 00 00 00 00 00 00 00 00 00 00 00 00
  ................ 01 00 00 00 c0 8a fa 0b 00 00 00 00 00 00 00 00
  ................ 18 00 00 00 18 00 00 00 ff ff ff ff 00 00 00 00
  ................ 00 00 00 00 00 00 00 00 00 00 00 01 01 00 00 00
  ................ 00 00 00 00 00 00 00 00 00 00 00 00 00 00 00 00
  ................ 00 00 00 00 00 00 00 00 00 00 00 00 00 00 00 00
  ................ 00 00 00 00 00 00 00 00 00 00 00 00 00 00 00 00
  ...........-.... 00 00 00 00 00 00 00 00 00 00 00 2d 00 00 00 00
  ................ 00 00 00 00 00 00 00 00 00 00 00 00 00 00 00 00
  ...............  00 00 00 00 00 00 00 00 00 00 00 e0 ca c1 0a
014682-014697 StringBlock "dy_army_morale"
014698-014760 DataBlock
  ................ 00 00 18 01 00 00 00 00 00 00 01 00 00 00 00 00
  ................ 01 00 00 00 00 01 00 00 00 00 00 00 00 00 00 00
  .......`........ 00 00 00 00 00 00 00 60 ce c1 0a 00 00 00 00 00
  ...........`...  00 00 00 00 00 00 00 01 00 00 00 60 ce c1 0a
014761-014770 NewStateBlock "NewState"
014771-014774 XSizeBlock 39
014775-014778 YSizeBlock 24
014779-014805 DataBlock
  ..5............. 01 00 35 00 00 00 02 00 00 00 04 00 00 00 00 00
  ...........      00 00 03 00 00 00 01 00 00 00 00
014806-014861 UnicodeBlock "dy_command_NewState_Text_35"
014862-014865 DataBlock
  ....             00 00 00 00
014866-014878 FontNameBlock "la_gioconda"
014879-014894 DataBlock
  ..............I. 0c 00 00 00 06 00 00 00 01 00 00 00 18 1f 49 ff
014895-014910 StringBlock "parchment_text"
014911-014930 DataBlock
  ................ 1a 00 00 00 05 00 00 00 00 00 00 00 00 00 00 00
  ....             01 00 00 00
014931-014941 T0Block "normal_t0"
014942-014957 DataBlock
  ................ 00 00 00 00 00 00 00 00 00 00 00 00 00 00 00 00
014958-014968 T0Block "normal_t0"
014969-015020 DataBlock
  ................ 00 00 00 00 00 00 00 00 00 00 00 00 00 00 00 00
  ................ 00 00 00 00 00 00 00 00 00 00 00 00 00 00 00 00
  ....-........... 00 00 00 00 2d 00 00 00 00 00 00 00 01 00 00 00
  `...             60 e3 b0 0a
015021-015026 StringBlock "icon"
015027-015048 DataBlock
  ................ 00 00 00 00 00 00 fe ff ff ff 00 00 00 00 00 00
  ......           01 00 00 00 00 01
015049-015084 UnicodeBlock "Integrity penalty"
015085-015124 UnicodeBlock "icon_Tooltip_5d0041"
015125-015141 DataBlock
  ................ 04 00 00 00 00 00 00 00 fe ff ff ff 00 80 e6 b0
  .                0a
015142-015200 ImageListBlock 1 elements:
  015146-015200 ImageBlock id=179925040 xsize=24 ysize=24 path="ui/skins/default/icon_army_morale.png" unknown=0
015201-015262 DataBlock
  ...............N 00 00 00 00 00 01 00 00 00 80 e6 b0 0a 08 00 4e
  ewState......... 65 77 53 74 61 74 65 18 00 00 00 18 00 00 00 00
  ................ 00 00 00 02 00 00 00 00 00 00 00 00 00 00 00 01
  ..............   00 00 00 01 00 00 00 00 00 00 00 00 00 00
015263-015275 FontNameBlock "la_gioconda"
015276-015291 DataBlock
  ................ 0a 00 00 00 02 00 00 00 01 00 00 00 dd da fa ff
015292-015314 StringBlock "Default Font Category"
015315-015334 DataBlock
  ................ 00 00 00 00 00 00 00 00 00 00 00 00 00 00 00 00
  ....             01 00 00 00
015335-015345 T0Block "normal_t0"
015346-015361 DataBlock
  ................ 00 00 00 00 00 00 00 00 00 00 00 00 00 00 00 00
015362-015372 T0Block "normal_t0"
015373-015531 DataBlock
  ................ 00 00 00 00 00 00 00 00 00 00 00 00 00 00 00 00
  ....0p.......... 01 00 00 00 30 70 b9 0a 00 00 00 00 00 00 00 00
  ................ 18 00 00 00 18 00 00 00 ff ff ff ff 00 00 00 00
  ................ 00 00 00 00 00 00 00 00 00 00 00 01 01 00 00 00
  ................ 00 00 00 00 00 00 00 00 00 00 00 00 00 00 00 00
  ................ 00 00 00 00 00 00 00 00 00 00 00 00 00 00 00 00
  ................ 00 00 00 00 00 00 00 00 00 00 00 00 00 00 00 00
  ...........-.... 00 00 00 00 00 00 00 00 00 00 00 2d 00 00 00 00
  ................ 00 00 00 00 00 00 00 00 00 00 00 00 00 00 00 00
  ............-..  00 00 00 00 00 00 00 00 00 00 00 00 2d 89 0f
015532-015542 StringBlock "dy_income"
015543-015605 DataBlock
  ..E............. 00 00 45 01 00 00 00 00 00 00 01 00 00 00 00 00
  ................ 01 00 00 00 00 01 00 00 00 00 00 00 00 00 00 00
  .......`0....... 00 00 00 00 00 00 00 60 30 89 0f 00 00 00 00 00
  ...........`0..  00 00 00 00 00 00 00 02 00 00 00 60 30 89 0f
015606-015615 StringBlock "standard"
015616-015650 DataBlock
  (.........5..... 28 00 00 00 18 00 00 00 01 00 35 00 00 00 02 00
  ................ 00 00 04 00 00 00 00 00 00 00 03 00 00 00 01 00
  ...              00 00 00
015651-015706 UnicodeBlock "dy_command_NewState_Text_35"
015707-015710 DataBlock
  ....             00 00 00 00
015711-015723 FontNameBlock "la_gioconda"
015724-015739 DataBlock
  ..............I. 0c 00 00 00 06 00 00 00 01 00 00 00 18 1f 49 ff
015740-015755 StringBlock "parchment_text"
015756-015775 DataBlock
  ................ 1a 00 00 00 06 00 00 00 00 00 00 00 00 00 00 00
  ....             01 00 00 00
015776-015786 T0Block "normal_t0"
015787-015802 DataBlock
  ................ 00 00 00 00 00 00 00 00 00 00 00 00 00 00 00 00
015803-015813 T0Block "normal_t0"
015814-015849 DataBlock
  ................ 00 00 00 00 00 00 00 00 00 00 00 00 00 00 00 00
  ................ 00 00 00 00 00 00 00 00 00 00 00 00 00 00 00 00
  ....             90 8c 01 08
015850-015858 StringBlock "reduced"
015859-015893 DataBlock
  (.........5..... 28 00 00 00 18 00 00 00 01 00 35 00 00 00 02 00
  ................ 00 00 04 00 00 00 00 00 00 00 03 00 00 00 01 00
  ...              00 00 00
015894-015949 UnicodeBlock "dy_command_NewState_Text_35"
015950-015953 DataBlock
  ....             00 00 00 00
015954-015966 FontNameBlock "la_gioconda"
015967-015982 DataBlock
  ................ 0c 00 00 00 07 00 00 00 00 00 00 00 00 10 9d ff
015983-015995 StringBlock "fe_text_red"
015996-016015 DataBlock
  ................ 1a 00 00 00 06 00 00 00 00 00 00 00 00 00 00 00
  ....             01 00 00 00
016016-016026 T0Block "normal_t0"
016027-016042 DataBlock
  ................ 00 00 00 00 00 00 00 00 00 00 00 00 00 00 00 00
016043-016053 T0Block "normal_t0"
016054-016105 DataBlock
  ................ 00 00 00 00 00 00 00 00 00 00 00 00 00 00 00 00
  ................ 00 00 00 00 00 00 00 00 00 00 00 00 00 00 00 00
  ....-........... 00 00 00 00 2d 00 00 00 00 00 00 00 01 00 00 00
  p2..             70 32 89 0f
016106-016111 StringBlock "icon"
016112-016158 DataBlock
  ................ 00 00 00 00 00 00 00 00 00 00 00 00 00 00 00 00
  ................ 01 00 00 00 00 01 00 00 00 00 04 00 00 00 00 00
  ........6......  00 00 00 00 00 00 00 90 36 89 0f 03 00 00 00
016159-016208 ImageBlock id=260650448 xsize=18 ysize=14 path="ui/skins/default/income_icon.png" unknown=3619860480
016209-016209 DataBlock
  .                0e
016210-016236 ImagePathBlock "ui/skins/default/coin.png"
016237-016245 DataBlock
  .........        0e 00 00 00 0e 00 00 00 00
016246-016301 ImageBlock id=203251776 xsize=24 ysize=24 path="ui/skins/default/icon_break_treaty.png" unknown=0
016302-016314 DataBlock
  .............    00 00 00 00 00 04 00 00 00 10 98 89 0f
016315-016320 StringBlock "cost"
016321-016330 DataBlock
  ..........       18 00 00 00 18 00 00 00 00 00
016331-016508 UnicodeBlock "Cost of setting up a settlement here. The more soldiers that settle, the lower the cost."
016509-016531 DataBlock
  ................ 02 00 00 00 00 00 00 00 00 00 00 00 01 00 00 00
  .......          01 00 00 00 01 00 00
016532-016581 UnicodeBlock "icon_cost_Tooltip_180018"
016582-016583 DataBlock
  ..               00 00
016584-016596 FontNameBlock "la_gioconda"
016597-016612 DataBlock
  ................ 0a 00 00 00 02 00 00 00 01 00 00 00 dd da fa ff
016613-016635 StringBlock "Default Font Category"
016636-016655 DataBlock
  ................ 00 00 00 00 00 00 00 00 00 00 00 00 00 00 00 00
  ....             01 00 00 00
016656-016666 T0Block "normal_t0"
016667-016682 DataBlock
  ................ 00 00 00 00 00 00 00 00 00 00 00 00 00 00 00 00
016683-016693 T0Block "normal_t0"
016694-016816 DataBlock
  ................ 00 00 00 00 00 00 00 00 00 00 00 00 00 00 00 00
  ................ 01 00 00 00 b0 c2 d7 0e 05 00 00 00 05 00 00 00
  ................ 0e 00 00 00 0e 00 00 00 ff ff ff ff 00 00 00 05
  ................ 00 00 00 00 00 00 00 00 00 00 00 01 01 00 00 00
  ................ 00 00 00 00 00 00 00 00 00 00 00 00 00 00 00 00
  ................ 00 00 00 00 00 00 00 00 00 00 00 00 00 00 00 00
  ................ 00 00 00 00 00 00 00 00 00 00 00 00 00 00 00 00
  ........6..      00 00 00 00 00 00 00 90 36 89 0f
016817-016824 StringBlock "income"
016825-016834 DataBlock
  ..........       18 00 00 00 18 00 00 00 00 00
016835-016950 UnicodeBlock "Plunder this settlement and claim its riches as your own!"
016951-016973 DataBlock
  ................ 02 00 00 00 00 00 00 00 00 00 00 00 01 00 00 00
  .......          01 00 00 00 01 00 00
016974-017025 UnicodeBlock "icon_income_Tooltip_40046"
017026-017027 DataBlock
  ..               00 00
017028-017040 FontNameBlock "la_gioconda"
017041-017056 DataBlock
  ................ 0a 00 00 00 02 00 00 00 01 00 00 00 dd da fa ff
017057-017079 StringBlock "Default Font Category"
017080-017099 DataBlock
  ................ 00 00 00 00 00 00 00 00 00 00 00 00 00 00 00 00
  ....             01 00 00 00
017100-017110 T0Block "normal_t0"
017111-017126 DataBlock
  ................ 00 00 00 00 00 00 00 00 00 00 00 00 00 00 00 00
017127-017137 T0Block "normal_t0"
017138-017260 DataBlock
  ................ 00 00 00 00 00 00 00 00 00 00 00 00 00 00 00 00
  .....5.......... 01 00 00 00 d0 35 89 0f 03 00 00 00 05 00 00 00
  ................ 12 00 00 00 0e 00 00 00 ff ff ff ff 00 00 00 05
  ................ 00 00 00 00 00 00 00 00 00 00 00 01 01 00 00 00
  ................ 00 00 00 00 00 00 00 00 00 00 00 00 00 00 00 00
  ................ 00 00 00 00 00 00 00 00 00 00 00 00 00 00 00 00
  ................ 00 00 00 00 00 00 00 00 00 00 00 00 00 00 00 00
  ...........      00 00 00 00 00 00 00 a0 db 18 07
017261-017276 StringBlock "reduced_income"
017277-017286 DataBlock
  ..........       18 00 00 00 18 00 00 00 00 00
017287-017460 UnicodeBlock "This settlement has recently been plundered. To do so again will yield scarcer riches."
017461-017483 DataBlock
  ................ 02 00 00 00 00 00 00 00 00 00 00 00 01 00 00 00
  .......          01 00 00 00 01 00 00
017484-017553 UnicodeBlock "icon_reduced_income_Tooltip_56001e"
017554-017555 DataBlock
  ..               00 00
017556-017568 FontNameBlock "la_gioconda"
017569-017584 DataBlock
  ................ 0a 00 00 00 02 00 00 00 01 00 00 00 dd da fa ff
017585-017607 StringBlock "Default Font Category"
017608-017627 DataBlock
  ................ 00 00 00 00 00 00 00 00 00 00 00 00 00 00 00 00
  ....             01 00 00 00
017628-017638 T0Block "normal_t0"
017639-017654 DataBlock
  ................ 00 00 00 00 00 00 00 00 00 00 00 00 00 00 00 00
017655-017665 T0Block "normal_t0"
017666-017788 DataBlock
  ................ 00 00 00 00 00 00 00 00 00 00 00 00 00 00 00 00
  .....5.......... 01 00 00 00 d0 35 89 0f 03 00 00 00 05 00 00 00
  ................ 12 00 00 00 0e 00 00 00 ff ff ff ff 00 00 00 05
  ................ 00 00 00 00 00 00 00 00 00 00 00 01 01 00 00 00
  ................ 00 00 00 00 00 00 00 00 00 00 00 00 00 00 00 00
  ................ 00 00 00 00 00 00 00 00 00 00 00 00 00 00 00 00
  ................ 00 00 00 00 00 00 00 00 00 00 00 00 00 00 00 00
  ....... <..      00 00 00 00 00 00 00 20 3c e9 0b
017789-017799 StringBlock "no_income"
017800-017809 DataBlock
  ..........       18 00 00 00 18 00 00 00 00 00
017810-017987 UnicodeBlock "This settlement has just been plundered. To attempt to do so again will yield no riches."
017988-018010 DataBlock
  ................ 02 00 00 00 00 00 00 00 00 00 00 00 01 00 00 00
  .......          01 00 00 00 01 00 00
018011-018072 UnicodeBlock "icon_no_income_Tooltip_2c0062e"
018073-018074 DataBlock
  ..               00 00
018075-018087 FontNameBlock "la_gioconda"
018088-018103 DataBlock
  ................ 0a 00 00 00 02 00 00 00 01 00 00 00 dd da fa ff
018104-018126 StringBlock "Default Font Category"
018127-018146 DataBlock
  ................ 00 00 00 00 00 00 00 00 00 00 00 00 00 00 00 00
  ....             01 00 00 00
018147-018157 T0Block "normal_t0"
018158-018173 DataBlock
  ................ 00 00 00 00 00 00 00 00 00 00 00 00 00 00 00 00
018174-018184 T0Block "normal_t0"
018185-018430 DataBlock
  ................ 00 00 00 00 00 00 00 00 00 00 00 00 00 00 00 00
  .....5.......... 02 00 00 00 d0 35 89 0f 03 00 00 00 05 00 00 00
  ................ 12 00 00 00 0e 00 00 00 ff ff ff ff 00 00 00 05
  ................ 00 00 00 00 00 00 00 00 00 00 00 01 01 00 00 00
  ................ 00 00 00 00 00 00 00 00 00 00 00 00 00 00 00 00
  ................ 00 00 00 00 00 00 00 00 00 00 00 00 00 00 00 00
  ...........@`... 00 00 00 00 00 00 00 00 00 00 00 40 60 1d 0c 00
  ................ 00 00 00 00 00 00 00 18 00 00 00 18 00 00 00 ff
  ................ ff ff ff 00 00 00 00 00 00 00 00 00 00 00 00 00
  ................ 00 00 01 01 00 00 00 00 00 00 00 00 00 00 00 00
  ................ 00 00 00 00 00 00 00 00 00 00 00 00 00 00 00 00
  ................ 00 00 00 00 00 00 00 00 00 00 00 00 00 00 00 00
  ................ 00 00 00 00 00 00 00 00 00 00 00 00 00 00 00 00
  ..-............. 00 00 2d 00 00 00 00 00 00 00 00 00 00 00 00 00
  ................ 00 00 00 00 00 00 00 00 00 00 00 00 00 00 00 00
  .. z..           00 00 20 7a ca 0e
018431-018444 StringBlock "dy_fertility"
018445-018507 DataBlock
  ..s............. 00 00 73 01 00 00 00 00 00 00 01 00 00 00 00 00
  ................ 01 00 00 00 00 01 00 00 00 00 00 00 00 00 00 00
  ................ 00 00 00 00 00 00 00 90 8e ca 0e 00 00 00 00 00
  ...............  00 00 00 00 00 00 00 01 00 00 00 90 8e ca 0e
018508-018517 NewStateBlock "NewState"
018518-018521 XSizeBlock 42
018522-018525 YSizeBlock 24
018526-018554 DataBlock
  ..-.1........... 02 00 2d 00 31 00 00 00 02 00 00 00 04 00 00 00
  .............    00 00 00 00 03 00 00 00 01 00 00 00 00
018555-018622 UnicodeBlock "dy_fertility_NewState_Text_31002d"
018623-018626 DataBlock
  ....             00 00 00 00
018627-018639 FontNameBlock "la_gioconda"
018640-018655 DataBlock
  ..............I. 0c 00 00 00 06 00 00 00 01 00 00 00 18 1f 49 ff
018656-018671 StringBlock "parchment_text"
018672-018691 DataBlock
  ................ 1a 00 00 00 05 00 00 00 00 00 00 00 00 00 00 00
  ....             01 00 00 00
018692-018702 T0Block "normal_t0"
018703-018718 DataBlock
  ................ 00 00 00 00 00 00 00 00 00 00 00 00 00 00 00 00
018719-018729 T0Block "normal_t0"
018730-018781 DataBlock
  ................ 00 00 00 00 00 00 00 00 00 00 00 00 00 00 00 00
  ................ 00 00 00 00 00 00 00 00 00 00 00 00 00 00 00 00
  ....-........... 00 00 00 00 2d 00 00 00 00 00 00 00 01 00 00 00
  ....             e0 91 ca 0e
018782-018787 StringBlock "icon"
018788-018809 DataBlock
  ................ 00 00 00 00 00 00 ff ff ff ff 00 00 00 00 00 00
  ......           01 00 00 00 00 01
018810-018893 UnicodeBlock "Fertility will  deteriorate for %d turns."
018894-018933 UnicodeBlock "icon_Tooltip_1d005b"
018934-018950 DataBlock
  .............P.. 04 00 00 00 00 00 00 00 ff ff ff ff 00 50 95 ca
  .                0e
018951-019007 ImageListBlock 1 elements:
  018955-019007 ImageBlock id=292932640 xsize=24 ysize=24 path="ui/skins/default/icon_fertility.png" unknown=0
019008-019069 DataBlock
  .........P.....N 00 00 00 00 00 01 00 00 00 50 95 ca 0e 08 00 4e
  ewState......... 65 77 53 74 61 74 65 18 00 00 00 18 00 00 00 00
  ................ 00 00 00 02 00 00 00 00 00 00 00 00 00 00 00 01
  ..............   00 00 00 01 00 00 00 00 00 00 00 00 00 00
019070-019082 FontNameBlock "la_gioconda"
019083-019098 DataBlock
  ................ 0a 00 00 00 02 00 00 00 01 00 00 00 dd da fa ff
019099-019121 StringBlock "Default Font Category"
019122-019141 DataBlock
  ................ 00 00 00 00 00 00 00 00 00 00 00 00 00 00 00 00
  ....             01 00 00 00
019142-019152 T0Block "normal_t0"
019153-019168 DataBlock
  ................ 00 00 00 00 00 00 00 00 00 00 00 00 00 00 00 00
019169-019179 T0Block "normal_t0"
019180-019338 DataBlock
  ................ 00 00 00 00 00 00 00 00 00 00 00 00 00 00 00 00
  .... .u......... 01 00 00 00 20 cc 75 11 00 00 00 00 00 00 00 00
  ................ 18 00 00 00 18 00 00 00 ff ff ff ff 00 00 00 05
  ................ 00 00 00 00 00 00 00 00 00 00 00 01 01 00 00 00
  ................ 00 00 00 00 00 00 00 00 00 00 00 00 00 00 00 00
  ................ 00 00 00 00 00 00 00 00 00 00 00 00 00 00 00 00
  ................ 00 00 00 00 00 00 00 00 00 00 00 00 00 00 00 00
  ...........-.... 00 00 00 00 00 00 00 00 00 00 00 2d 00 00 00 00
  ................ 00 00 00 00 00 00 00 00 00 00 00 00 00 00 00 00
  ........... c..  00 00 00 00 00 00 00 00 00 00 00 20 63 ee 10
019339-019352 StringBlock "dy_replenish"
019353-019374 DataBlock
  ................ 00 00 a3 01 00 00 00 00 00 00 01 00 00 00 00 00
  ......           01 00 00 00 00 01
019375-019412 UnicodeBlock "Unit replenishment"
019413-019468 UnicodeBlock "dy_replenish_Tooltip_6d000b"
019469-019505 DataBlock
  ................ 00 00 00 00 00 00 00 00 00 00 00 00 00 00 00 00
  ................ 00 00 00 00 00 00 00 00 00 00 00 00 00 01 00 00
  .@x..            00 40 78 ee 10
019506-019515 NewStateBlock "NewState"
019516-019519 XSizeBlock 65
019520-019523 YSizeBlock 24
019524-019533 UnicodeBlock "+10%"
019534-019556 DataBlock
  ................ 00 00 02 00 00 00 04 00 00 00 00 00 00 00 03 00
  .......          00 00 01 00 00 00 00
019557-019624 UnicodeBlock "dy_replenish_NewState_Text_14001b"
019625-019628 DataBlock
  ....             00 00 00 00
019629-019641 FontNameBlock "la_gioconda"
019642-019657 DataBlock
  ..............I. 0c 00 00 00 06 00 00 00 01 00 00 00 18 1f 49 ff
019658-019673 StringBlock "parchment_text"
019674-019693 DataBlock
  ................ 1a 00 00 00 05 00 00 00 00 00 00 00 00 00 00 00
  ....             01 00 00 00
019694-019704 T0Block "normal_t0"
019705-019720 DataBlock
  ................ 00 00 00 00 00 00 00 00 00 00 00 00 00 00 00 00
019721-019731 T0Block "normal_t0"
019732-019783 DataBlock
  ................ 00 00 00 00 00 00 00 00 00 00 00 00 00 00 00 00
  ................ 00 00 00 00 00 00 00 00 00 00 00 00 00 00 00 00
  ................ 00 00 00 00 2e 00 00 00 00 00 00 00 01 00 00 00
  .}..             c0 7d ee 10
019784-019789 StringBlock "icon"
019790-019832 DataBlock
  ................ 00 00 00 00 00 00 fd ff ff ff 00 00 00 00 00 00
  ................ 01 00 00 00 00 01 00 00 00 00 04 00 00 00 00 00
  ...........      00 00 00 00 00 00 00 00 00 00 00
019833-019897 ImageListBlock 1 elements:
  019837-019897 ImageBlock id=204388704 xsize=24 ysize=24 path="ui/skins/default/replenishment_positive.png" unknown=0
019898-019959 DataBlock
  ..........s....N 00 00 00 00 00 01 00 00 00 80 73 ee 10 08 00 4e
  ewState......... 65 77 53 74 61 74 65 18 00 00 00 1e 00 00 00 00
  ................ 00 00 00 02 00 00 00 04 00 00 00 00 00 00 00 01
  ..............   00 00 00 01 00 00 00 00 00 00 00 00 00 00
019960-019972 FontNameBlock "la_gioconda"
019973-019988 DataBlock
  ..............J. 0c 00 00 00 07 00 00 00 00 00 00 00 1d 89 4a ff
019989-020007 StringBlock "ingame_text_green"
020008-020027 DataBlock
  ................ 00 00 00 00 00 00 00 00 00 00 00 00 00 00 00 00
  ....             00 00 00 00
020028-020038 T0Block "normal_t0"
020039-020054 DataBlock
  ................ 00 00 00 00 00 00 00 00 00 00 00 00 00 00 00 00
020055-020065 T0Block "normal_t0"
020066-020221 DataBlock
  ................ 00 00 00 00 00 00 00 00 00 00 00 00 00 00 00 00
  ....`........... 01 00 00 00 60 b9 2e 0c 00 00 00 00 03 00 00 00
  ................ 18 00 00 00 18 00 00 00 ff ff ff ff 00 00 00 06
  ................ 00 00 00 00 00 00 00 00 00 00 00 00 00 00 00 00
  ................ 00 00 00 00 00 00 00 00 00 00 00 00 00 00 00 00
  ................ 00 00 00 00 00 00 00 00 00 00 00 00 00 00 00 00
  ................ 00 00 00 00 00 00 00 00 00 00 00 00 00 00 00 00
  ................ 00 00 00 00 00 00 00 00 00 00 00 2e 00 00 00 00
  ................ 00 00 00 00 00 00 00 00 00 00 00 00 00 00 00 00
  ............     00 00 00 00 00 00 00 00 00 00 00 01
020222-020237 StringBlock "HorizontalList"
020238-020283 DataBlock
  ................ 00 00 00 00 06 00 00 00 00 00 00 00 00 01 00 00
  ................ 00 01 00 00 00 00 00 00 00 00 00 00 00 00 00 00
  ...........6..   00 00 00 00 00 00 00 00 00 00 80 36 f7 1b
020284-020298 StringBlock "option_button"
020299-020310 StringBlock "TextButton"
020311-020355 DataBlock
  ................ 06 00 00 00 cf 00 00 00 01 00 00 00 00 00 01 00
  ................ 00 00 00 01 00 00 00 00 08 00 00 00 00 00 00 00
  ......F......    f6 ff ff ff 00 e0 46 f7 1b 02 00 00 00
020356-020423 ImageBlock id=469187168 xsize=161 ysize=52 path="ui/skins/default/button_fe_square_edged_active.png" unknown=4147961856
020424-020424 DataBlock
  .                1b
020425-020475 ImagePathBlock "ui/skins/default/button_fe_square_edged_hover.png"
020476-020500 DataBlock
  ....4........... a1 00 00 00 34 00 00 00 00 00 00 00 00 00 00 00
  ......=..        00 05 00 00 00 c0 3d f7 1b
020501-020507 StringBlock "hover"
020508-020546 DataBlock
  ....5........... 07 01 00 00 35 00 00 00 00 00 00 00 02 00 00 00
  ................ 00 00 00 00 00 00 00 00 01 00 00 00 01 00 00 00
  .......          00 00 00 00 00 00 00
020547-020559 FontNameBlock "la_gioconda"
020560-020575 DataBlock
  ................ 0a 00 00 00 02 00 00 00 01 00 00 00 dd da fa ff
020576-020598 StringBlock "Default Font Category"
020599-020618 DataBlock
  ................ 00 00 00 00 00 00 00 00 00 00 00 00 00 00 00 00
  ....             01 00 00 00
020619-020631 T0Block "brighten_t0"
020632-020647 DataBlock
  ...>............ 9a 99 99 3e 00 00 00 00 00 00 00 00 00 00 00 00
020648-020658 T0Block "normal_t0"
020659-020801 DataBlock
  ................ 00 00 00 00 00 00 00 00 00 00 00 00 00 00 00 00
  .....<.......... 01 00 00 00 e0 3c f7 1b 00 00 00 00 00 00 00 00
  ....5........... 07 01 00 00 35 00 00 00 ff ff ff ff 01 00 00 00
  ................ 00 00 00 00 00 00 00 00 00 00 00 01 01 00 00 00
  ................ 00 00 00 00 00 00 00 00 00 00 00 00 00 00 00 00
  ................ 00 00 00 00 00 00 00 00 00 00 00 00 00 00 00 00
  . B...... B..... 00 20 42 00 00 00 00 00 00 20 42 d5 00 00 00 11
  ............F... 00 00 00 01 00 00 00 01 00 00 00 e0 46 f7 1b 00
  ...........`B..  00 00 00 00 00 00 00 00 00 00 00 60 42 f7 1b
020802-020811 StringBlock "inactive"
020812-020850 DataBlock
  ....5........... 07 01 00 00 35 00 00 00 00 00 00 00 02 00 00 00
  ................ 00 00 00 00 00 00 00 00 01 00 00 00 01 00 00 00
  .......          00 00 00 00 00 00 00
020851-020863 FontNameBlock "la_gioconda"
020864-020879 DataBlock
  ................ 0a 00 00 00 02 00 00 00 01 00 00 00 dd da fa ff
020880-020902 StringBlock "Default Font Category"
020903-020922 DataBlock
  ................ 00 00 00 00 00 00 00 00 00 00 00 00 00 00 00 00
  ....             01 01 00 00
020923-020940 T0Block "set_greyscale_t0"
020941-020956 DataBlock
  ...?...?........ 00 00 00 3f 00 00 80 3f 00 00 00 00 00 00 00 00
020957-020967 T0Block "normal_t0"
020968-021090 DataBlock
  ................ 00 00 00 00 00 00 00 00 00 00 00 00 00 00 00 00
  ....`:.......... 01 00 00 00 60 3a f7 1b 00 00 00 00 00 00 00 00
  ....5........... 07 01 00 00 35 00 00 00 ff ff ff ff 01 00 00 00
  ................ 00 00 00 00 00 00 00 00 00 00 00 01 01 00 00 00
  ................ 00 00 00 00 00 00 00 00 00 00 00 00 00 00 00 00
  ................ 00 00 00 00 00 00 00 00 00 00 00 00 00 00 00 00
  . B...... B..... 00 20 42 00 00 00 00 00 00 20 42 00 00 00 00 00
  ........F..      00 00 00 00 00 00 00 e0 46 f7 1b
021091-021098 StringBlock "active"
021099-021137 DataBlock
  ....5........... 07 01 00 00 35 00 00 00 00 00 00 00 00 00 00 00
  ................ 02 00 00 00 00 00 00 00 01 00 00 00 01 00 00 00
  .......          00 00 00 00 00 00 00
021138-021150 FontNameBlock "la_gioconda"
021151-021166 DataBlock
  ................ 0a 00 00 00 02 00 00 00 01 00 00 00 dd da fa ff
021167-021189 StringBlock "Default Font Category"
021190-021209 DataBlock
  ................ 00 00 00 00 00 00 00 00 00 00 00 00 00 00 00 00
  ....             01 00 00 00
021210-021220 T0Block "normal_t0"
021221-021236 DataBlock
  ................ 00 00 00 00 00 00 00 00 00 00 00 00 00 00 00 00
021237-021247 T0Block "normal_t0"
021248-021390 DataBlock
  ................ 00 00 00 00 00 00 00 00 00 00 00 00 00 00 00 00
  ....`:.......... 01 00 00 00 60 3a f7 1b 00 00 00 00 00 00 00 00
  ....5........... 07 01 00 00 35 00 00 00 ff ff ff ff 01 00 00 00
  ................ 00 00 00 00 00 00 00 00 00 00 00 01 01 00 00 00
  ................ 00 00 00 00 00 00 00 00 00 00 00 00 00 00 00 00
  ................ 00 00 00 00 00 00 00 00 00 00 00 00 00 00 00 00
  . B...... B5.... 00 20 42 00 00 00 00 00 00 20 42 35 00 00 00 95
  ............=... 00 00 00 01 00 00 00 00 00 00 00 c0 3d f7 1b 00
  ............L..  00 00 00 00 00 00 00 00 00 00 00 00 4c f7 1b
021391-021396 StringBlock "down"
021397-021435 DataBlock
  ....5........... 07 01 00 00 35 00 00 00 00 00 00 00 00 00 00 00
  ................ 02 00 00 00 00 00 00 00 01 00 00 00 01 00 00 00
  .......          00 00 00 00 00 00 00
021436-021448 FontNameBlock "la_gioconda"
021449-021464 DataBlock
  ................ 0a 00 00 00 02 00 00 00 01 00 00 00 dd da fa ff
021465-021487 StringBlock "Default Font Category"
021488-021507 DataBlock
  ................ 00 00 00 00 00 00 00 00 00 00 00 00 00 00 00 00
  ....             01 00 00 00
021508-021520 T0Block "brighten_t0"
021521-021536 DataBlock
  ...>............ 9a 99 99 3e 00 00 00 00 00 00 00 00 00 00 00 00
021537-021547 T0Block "normal_t0"
021548-021710 DataBlock
  ................ 00 00 00 00 00 00 00 00 00 00 00 00 00 00 00 00
  ....`:.......... 01 00 00 00 60 3a f7 1b 00 00 00 00 01 00 00 00
  ....5........... 06 01 00 00 35 00 00 00 ff ff ff ff 01 00 00 00
  ................ 00 00 00 00 00 00 00 00 00 00 00 01 01 00 00 00
  ................ 00 00 00 00 00 00 00 00 00 00 00 00 00 00 00 00
  ................ 00 00 00 00 00 00 00 00 00 00 00 00 00 00 00 00
  . B...... Bh.... 00 20 42 00 00 00 00 00 00 20 42 68 01 00 00 93
  ........... Q... 00 00 00 02 00 00 00 01 00 00 00 20 51 f7 1b 00
  ................ 00 00 00 00 00 00 00 00 00 00 00 03 00 00 00 c0
  =..............  3d f7 1b 00 00 00 00 00 00 00 00 00 00 00 00 20
  Q..              51 f7 1b
021711-021720 StringBlock "down_off"
021721-021759 DataBlock
  ....5........... 07 01 00 00 35 00 00 00 00 00 00 00 02 00 00 00
  ................ 00 00 00 00 00 00 00 00 01 00 00 00 01 00 00 00
  .......          00 00 00 00 00 00 00
021760-021772 FontNameBlock "la_gioconda"
021773-021788 DataBlock
  ................ 0a 00 00 00 02 00 00 00 01 00 00 00 dd da fa ff
021789-021811 StringBlock "Default Font Category"
021812-021831 DataBlock
  ................ 00 00 00 00 00 00 00 00 00 00 00 00 00 00 00 00
  ....             01 00 00 00
021832-021842 T0Block "normal_t0"
021843-021858 DataBlock
  ................ 00 00 00 00 00 00 00 00 00 00 00 00 00 00 00 00
021859-021869 T0Block "normal_t0"
021870-022028 DataBlock
  ................ 00 00 00 00 00 00 00 00 00 00 00 00 00 00 00 00
  ....`:.......... 01 00 00 00 60 3a f7 1b 00 00 00 00 01 00 00 00
  ....5........... 06 01 00 00 35 00 00 00 ff ff ff ff 01 00 00 00
  ................ 00 00 00 00 00 00 00 00 00 00 00 01 01 00 00 00
  ................ 00 00 00 00 00 00 00 00 00 00 00 00 00 00 00 00
  ................ 00 00 00 00 00 00 00 00 00 00 00 00 00 00 00 00
  . B...... B..... 00 20 42 00 00 00 00 00 00 20 42 de 00 00 00 0b
  ............F... 01 00 00 01 00 00 00 08 00 00 00 e0 46 f7 1b 00
  ................ 00 00 00 00 00 00 00 00 00 00 00 00 00 00 00 00
  ............V..  00 00 00 00 00 00 00 01 00 00 00 e0 56 f7 1b
022029-022039 StringBlock "dy_option"
022040-022102 DataBlock
  ................ 00 00 00 00 00 00 00 00 00 00 01 01 00 00 00 00
  ................ 01 00 00 00 00 01 00 00 00 00 00 00 00 00 00 00
  ........Z....... 00 00 00 00 00 00 00 c0 5a f7 1b 00 00 00 00 00
  ............Z..  00 00 00 00 00 00 00 01 00 00 00 c0 5a f7 1b
022103-022110 StringBlock "active"
022111-022118 DataBlock
  ....5...         07 01 00 00 35 00 00 00
022119-022138 UnicodeBlock "dy_option"
022139-022161 DataBlock
  ................ 00 00 04 00 00 00 04 00 00 00 00 00 00 00 02 00
  .......          00 00 01 00 00 00 00
022162-022219 UnicodeBlock "button_txt_active_Text_d004c"
022220-022223 DataBlock
  ....             00 00 00 00
022224-022236 FontNameBlock "la_gioconda"
022237-022252 DataBlock
  ................ 0c 00 00 00 07 00 00 00 00 00 00 00 d7 f8 ff ff
022253-022261 StringBlock "fe_text"
022262-022281 DataBlock
  ................ 00 00 00 00 00 00 00 00 00 00 00 00 00 00 00 00
  ....             00 00 00 00
022282-022292 T0Block "normal_t0"
022293-022308 DataBlock
  ................ 00 00 00 00 00 00 00 00 00 00 00 00 00 00 00 00
022309-022319 T0Block "normal_t0"
022320-022378 DataBlock
  ................ 00 00 00 00 00 00 00 00 00 00 00 00 00 00 00 00
  ................ 00 00 00 00 00 00 00 00 00 00 00 00 00 00 00 00
  ................ 00 00 00 00 00 00 00 00 00 00 00 00 00 00 00 00
  ...........      00 00 00 00 00 00 00 00 00 00 00
022379-022401 StringBlock "grp_gw_generic_button"
022402-022419 DataBlock
  ................ 00 00 00 00 00 00 00 00 00 00 00 00 00 00 00 00
  ..               00 01
022420-022435 StringBlock "HorizontalList"
022436-022487 DataBlock
  ................ 00 00 00 00 00 00 00 00 00 00 00 00 00 01 00 00
  ................ 00 00 00 00 00 00 00 00 00 00 00 00 00 00 00 00
  ................ 00 00 00 00 00 00 00 01 00 00 00 00 00 00 00 00
  ....             00 00 00 00
