000000-000009 VersionBlock 96
000010-000013 RootIDBlock 555140480
000014-000019 StringBlock "root"
000020-000021 StringBlock ""
000022-000025 XOffsetBlock 0
000026-000029 YOffsetBlock 0
000030-000093 DataBlock
  ................ 01 01 00 00 00 00 01 00 00 00 00 01 00 00 00 00
  ................ 00 00 00 00 00 00 00 00 00 00 00 00 00 a0 ea 14
  ......O......... 12 01 00 00 00 00 4f 14 12 00 00 00 05 00 00 00
  ................ 04 00 00 00 00 00 00 00 00 00 00 00 01 00 00 00
000094-000097 StateIDBlock 303360672
000098-000107 NewStateBlock "NewState"
000108-000111 XSizeBlock 1280
000112-000115 YSizeBlock 1024
000116-000146 DataBlock
  ................ 00 00 00 00 02 00 00 00 00 00 00 00 00 00 00 00
  ...............  01 00 00 00 01 00 00 00 00 00 00 00 00 00 00
000147-000159 FontNameBlock "la_gioconda"
000160-000175 DataBlock
  ................ 0a 00 00 00 02 00 00 00 01 00 00 00 dd da fa ff
000176-000198 StringBlock "Default Font Category"
000199-000218 DataBlock
  ................ 00 00 00 00 00 00 00 00 00 00 00 00 00 00 00 00
  ....             01 00 00 00
000219-000229 T0Block "normal_t0"
000230-000245 DataBlock
  ................ 00 00 00 00 00 00 00 00 00 00 00 00 00 00 00 00
000246-000256 T0Block "normal_t0"
000257-000395 DataBlock
  ................ 00 00 00 00 00 00 00 00 00 00 00 00 00 00 00 00
  .....O.......... 01 00 00 00 00 4f 14 12 00 00 00 00 00 00 00 00
  ............. 00 05 00 00 00 04 00 00 7f 7f 7f ff 00 00 00 00
  ................ 00 00 00 00 00 00 00 00 00 00 00 01 01 00 00 00
  ................ 00 00 00 00 00 00 00 00 00 00 00 00 00 00 00 00
  ................ 00 00 00 00 00 00 00 00 00 00 00 00 00 00 00 00
  ................ 00 00 00 00 00 00 00 00 00 00 00 00 00 00 00 00
  ................ 00 00 00 00 00 00 00 00 00 00 00 00 00 00 00 00
  ..........!      00 00 00 01 00 00 00 00 c9 16 21
000396-000404 StringBlock "credits"
000405-000422 StringBlock "CreditsCallbacks"
000423-000479 DataBlock
  ................ 00 00 00 00 00 00 00 00 01 01 00 00 00 00 01 00
  ................ 00 00 00 01 00 00 00 00 00 00 00 00 00 00 00 00
  ................ 00 00 00 00 00 80 e1 14 12 00 00 00 00 00 00 00
  .........        00 00 00 00 00 01 00 00 00
000480-000483 StateIDBlock 303358336
000484-000493 NewStateBlock "NewState"
000494-000497 XSizeBlock 1280
000498-000501 YSizeBlock 1024
000502-000532 DataBlock
  ................ 00 00 00 00 02 00 00 00 00 00 00 00 00 00 00 00
  ...............  01 00 00 00 01 00 00 00 00 00 00 00 00 00 00
000533-000545 FontNameBlock "la_gioconda"
000546-000561 DataBlock
  ................ 0a 00 00 00 02 00 00 00 01 00 00 00 dd da fa ff
000562-000584 StringBlock "Default Font Category"
000585-000604 DataBlock
  ................ 00 00 00 00 00 00 00 00 00 00 00 00 00 00 00 00
  ....             00 00 00 00
000605-000615 T0Block "normal_t0"
000616-000631 DataBlock
  ................ 00 00 00 00 00 00 00 00 00 00 00 00 00 00 00 00
000632-000642 T0Block "normal_t0"
000643-000694 DataBlock
  ................ 00 00 00 00 00 00 00 00 00 00 00 00 00 00 00 00
  ................ 00 00 00 00 00 00 00 00 00 00 00 00 00 00 00 00
  ................ 00 00 00 00 00 00 00 00 00 00 00 00 01 00 00 00
  @..!             40 d7 16 21
000695-000705 StringBlock "dock_area"
000706-000764 DataBlock
  ................ 00 00 00 00 00 00 a2 00 00 00 01 01 00 00 00 00
  ................ 01 00 00 00 00 01 00 00 00 00 05 00 00 00 00 00
  ................ 00 00 00 00 00 00 00 00 a4 14 12 00 00 00 00 00
  ...........      00 00 00 00 00 00 00 01 00 00 00
000765-000768 StateIDBlock 303342592
000769-000778 NewStateBlock "NewState"
000779-000782 XSizeBlock 1280
000783-000786 YSizeBlock 700
000787-000817 DataBlock
  ................ 00 00 00 00 02 00 00 00 00 00 00 00 00 00 00 00
  ...............  01 00 00 00 01 00 00 00 00 00 00 00 00 00 00
000818-000830 FontNameBlock "la_gioconda"
000831-000846 DataBlock
  ................ 0a 00 00 00 02 00 00 00 01 00 00 00 dd da fa ff
000847-000869 StringBlock "Default Font Category"
000870-000889 DataBlock
  ................ 00 00 00 00 00 00 00 00 00 00 00 00 00 00 00 00
  ....             00 00 00 00
000890-000900 T0Block "normal_t0"
000901-000916 DataBlock
  ................ 00 00 00 00 00 00 00 00 00 00 00 00 00 00 00 00
000917-000927 T0Block "normal_t0"
000928-000979 DataBlock
  ................ 00 00 00 00 00 00 00 00 00 00 00 00 00 00 00 00
  ................ 00 00 00 00 00 00 00 00 00 00 00 00 00 00 00 00
  ................ 00 00 00 00 00 00 00 00 00 00 00 00 01 00 00 00
  ...!             c0 d3 16 21
000980-000991 StringBlock "main_panel"
000992-001034 DataBlock
  ..X............. 00 00 58 00 00 00 c0 ff ff ff 01 01 00 00 00 00
  ................ 01 00 00 00 00 01 00 00 00 00 05 00 00 00 00 00
  ...........      00 00 00 00 00 00 00 00 00 00 00
001035-001090 ImageListBlock 1 elements:
  001039-001090 ImageBlock id=303323136 xsize=64 ysize=64 path="ui\\skins\\default\\tooltip_frame.png" unknown=0
001091-001099 DataBlock
  .........        00 00 00 00 00 01 00 00 00
001100-001103 StateIDBlock 303354240
001104-001113 NewStateBlock "NewState"
001114-001117 XSizeBlock 1104
001118-001121 YSizeBlock 827
001122-001152 DataBlock
  ................ 00 00 00 00 04 00 00 00 04 00 00 00 00 00 00 00
  ...............  01 00 00 00 01 00 00 00 00 00 00 00 00 00 00
001153-001165 FontNameBlock "la_gioconda"
001166-001181 DataBlock
  ................ 0a 00 00 00 02 00 00 00 01 00 00 00 dd da fa ff
001182-001204 StringBlock "Default Font Category"
001205-001224 DataBlock
  ................ 00 00 00 00 00 00 00 00 00 00 00 00 00 00 00 00
  ....             00 00 00 00
001225-001235 T0Block "normal_t0"
001236-001251 DataBlock
  ................ 00 00 00 00 00 00 00 00 00 00 00 00 00 00 00 00
001252-001262 T0Block "normal_t0"
001263-001282 DataBlock
  ................ 00 00 00 00 00 00 00 00 00 00 00 00 00 00 00 00
  ....             01 00 00 00
001283-001306 ImageUseBlock id=303323136 xofs=0 yofs=0 xsize=1104 ysize=827 brga=4294967295
001307-001401 DataBlock
  ................ 01 00 00 00 00 00 00 00 00 00 00 00 00 00 00 01
  ................ 01 00 00 00 00 00 00 00 00 00 00 00 00 00 00 00
  ................ 00 00 00 00 00 00 00 00 00 00 00 00 00 00 00 00
  ..A...A...A...A. 00 d8 41 00 00 d8 41 00 00 d8 41 00 00 d8 41 00
  ................ 00 00 00 00 00 00 00 00 00 00 00 00 00 00 00 00
  ...........0CL.  00 00 00 00 00 00 00 05 00 00 00 30 43 4c 06
001402-001412 StringBlock "parchment"
001413-001459 DataBlock
  ................ 00 00 09 00 00 00 1c 00 00 00 01 01 00 00 00 00
  ................ 01 00 00 00 00 01 00 00 00 00 00 00 00 00 00 00
  .......PFL.....  00 00 00 00 00 00 00 50 46 4c 06 04 00 00 00
001460-001520 ImageBlock id=193438048 xsize=282 ysize=19 path="ui\\skins\\default\\panel_h_bar_unmerged_2.png" unknown=2276429824
001521-001521 DataBlock
  .                0b
001522-001567 ImagePathBlock "ui\\skins\\default\\panel_tile_basic_shadow.png"
001568-001576 DataBlock
  ....;....        17 03 00 00 3b 00 00 00 00
001577-001641 ImageBlock id=193440416 xsize=629 ysize=530 path="ui\\skins\\default\\panel_tile_parchment_basic.png" unknown=2854739968
001642-001642 DataBlock
  .                10
001643-001698 ImagePathBlock "ui\\skins\\default\\panel_tile_parchment_basic_corner.png"
001699-001719 DataBlock
  ................ a1 00 00 00 12 02 00 00 00 00 00 00 00 00 00 00
  .....            00 01 00 00 00
001720-001723 StateIDBlock 105662032
001724-001733 NewStateBlock "NewState"
001734-001737 XSizeBlock 1088
001738-001741 YSizeBlock 770
001742-001772 DataBlock
  ................ 00 00 00 00 02 00 00 00 00 00 00 00 00 00 00 00
  ...............  01 00 00 00 01 00 00 00 00 00 00 00 00 00 00
001773-001785 FontNameBlock "la_gioconda"
001786-001801 DataBlock
  ................ 0a 00 00 00 02 00 00 00 01 00 00 00 dd da fa ff
001802-001824 StringBlock "Default Font Category"
001825-001844 DataBlock
  ................ 00 00 00 00 00 00 00 00 00 00 00 00 00 00 00 00
  ....             00 00 00 00
001845-001855 T0Block "normal_t0"
001856-001871 DataBlock
  ................ 00 00 00 00 00 00 00 00 00 00 00 00 00 00 00 00
001872-001882 T0Block "normal_t0"
001883-001902 DataBlock
  ................ 00 00 00 00 00 00 00 00 00 00 00 00 00 00 00 00
  ....             05 00 00 00
001903-001926 ImageUseBlock id=193440416 xofs=0 yofs=0 xsize=995 ysize=770 brga=4294967295
001927-002163 DataBlock
  ................ 01 00 00 04 00 00 00 00 00 00 00 00 00 00 00 01
  ................ 01 00 00 00 00 00 00 00 00 00 00 00 00 00 00 00
  ................ 00 00 00 00 00 00 00 00 00 00 00 00 00 00 00 00
  ..A...?...A...C. 00 c8 41 00 00 80 3f 00 00 c8 41 00 00 0b 43 e0
  '............... 27 aa 10 9f 03 00 00 00 00 00 00 a1 00 00 00 02
  ................ 03 00 00 ff ff ff ff 01 00 00 06 00 00 00 00 00
  ................ 00 00 00 00 00 00 00 01 00 00 00 00 00 00 00 00
  ................ 00 00 00 00 00 00 00 00 00 00 00 00 00 00 00 00
  .........A...... 00 00 00 00 00 00 00 00 c8 41 00 00 00 00 00 00
  ................ 00 00 00 00 00 00 90 af 87 0b 00 00 00 00 c7 02
  ..@...;......... 00 00 40 04 00 00 3b 00 00 00 ff ff ff ff 01 00
  ................ 00 08 00 00 00 00 00 00 00 00 00 00 00 01 00 00
  ................ 00 00 00 00 00 00 00 00 00 00 00 00 00 00 00 00
  ................ 00 00 00 00 00 00 00 00 00 00 00 00 00 00 00 00
  .............    00 00 00 00 00 00 00 00 00 00 00 00 00
002164-002187 ImageUseBlock id=193438048 xofs=0 yofs=4294967286 xsize=1088 ysize=19 brga=4294967295
002188-002250 DataBlock
  ................ 01 00 00 02 00 00 00 00 00 00 00 f6 ff ff ff 01
  ................ 00 00 00 00 00 00 00 00 00 00 00 00 00 00 00 00
  ................ 00 00 00 00 00 00 00 00 00 00 00 00 00 00 00 00
  ...............  00 00 00 00 00 00 00 00 00 00 00 00 00 00 00
002251-002274 ImageUseBlock id=193438048 xofs=0 yofs=761 xsize=1088 ysize=19 brga=4294967295
002275-002379 DataBlock
  ................ 01 00 00 08 00 00 00 00 00 00 00 0a 00 00 00 01
  ................ 00 00 00 00 00 00 00 00 00 00 00 00 00 00 00 00
  ................ 00 00 00 00 00 00 00 00 00 00 00 00 00 00 00 00
  ................ 00 00 00 00 00 00 00 00 00 00 00 00 00 00 00 00
  ................ 00 00 00 00 00 00 00 00 00 00 00 00 00 00 00 0a
  ................ 00 00 00 00 00 00 00 00 00 00 00 00 00 00 00 00
  ......a..        00 00 00 00 00 80 61 14 1a
002380-002393 StringBlock "credits_clip"
002394-002440 DataBlock
  ......F......... 00 00 18 00 00 00 46 00 00 00 01 01 00 00 00 00
  ................ 01 00 00 00 00 01 00 00 00 00 05 00 00 00 00 00
  ...............  00 00 00 00 00 00 00 00 00 00 00 06 00 00 00
002441-002532 ImageBlock id=348439488 xsize=1 ysize=0 path="ui\\shogun2\\working_data\\ui\\frontend ui\\skins\\subpanel_tabs_center_fill.png" unknown=3301105664
002533-002533 DataBlock
  .                14
002534-002607 ImagePathBlock "ui\\shogun2\\working_data\\ui\\frontend ui\\skins\\subpanel_tabs_corner_bl.png"
002608-002616 DataBlock
  .........        01 00 00 00 00 00 00 00 00
002617-002710 ImageBlock id=348443456 xsize=1 ysize=0 path="ui\\shogun2\\working_data\\ui\\frontend ui\\skins\\subpanel_tabs_border_bottom.png" unknown=3300868096
002711-002711 DataBlock
  .                14
002712-002787 ImagePathBlock "ui\\shogun2\\working_data\\ui\\frontend ui\\skins\\subpanel_tabs_border_left.png"
002788-002796 DataBlock
  .........        01 00 00 00 00 00 00 00 00
002797-002896 ImageBlock id=348439040 xsize=1 ysize=0 path="ui\\shogun2\\working_data\\ui\\frontend ui\\skins\\subpanel_tabs_tab_center_selected.png" unknown=3301941248
002897-002897 DataBlock
  .                14
002898-002980 ImagePathBlock "ui\\shogun2\\working_data\\ui\\frontend ui\\skins\\subpanel_tabs_tab1_left_selected.png"
002981-003001 DataBlock
  ................ 01 00 00 00 00 00 00 00 00 00 00 00 00 00 00 00
  .....            00 01 00 00 00
003002-003005 StateIDBlock 433692320
003006-003015 NewStateBlock "NewState"
003016-003019 XSizeBlock 1056
003020-003023 YSizeBlock 688
003024-003054 DataBlock
  ................ 00 00 00 00 02 00 00 00 00 00 00 00 00 00 00 00
  ...............  01 00 00 00 01 00 00 00 00 00 00 00 00 00 00
003055-003067 FontNameBlock "la_gioconda"
003068-003083 DataBlock
  ................ 0c 00 00 00 07 00 00 00 00 00 00 00 00 d7 ff ff
003084-003097 StringBlock "fe_text_gold"
003098-003117 DataBlock
  ................ 00 00 00 00 00 00 00 00 00 00 00 00 00 00 00 00
  ....             00 00 00 00
003118-003128 T0Block "normal_t0"
003129-003144 DataBlock
  ................ 00 00 00 00 00 00 00 00 00 00 00 00 00 00 00 00
003145-003155 T0Block "normal_t0"
003156-003175 DataBlock
  ................ 00 00 00 00 00 00 00 00 00 00 00 00 00 00 00 00
  ....             09 00 00 00
003176-003199 ImageUseBlock id=348439488 xofs=8 yofs=32 xsize=1040 ysize=624 brga=16777215
003200-003523 DataBlock
  ................ 01 00 00 05 00 00 00 00 00 00 00 00 00 00 00 01
  ................ 01 00 00 00 00 00 00 00 00 00 00 00 00 00 00 00
  ................ 00 00 00 00 00 00 00 00 00 00 00 00 00 00 00 00
  ...............@ 00 00 00 00 00 00 00 00 00 00 00 00 00 00 00 40
  ....... .......p bf c4 14 00 00 00 00 20 00 00 00 08 00 00 00 70
  ................ 02 00 00 ff ff ff 00 01 00 00 04 00 00 00 00 00
  ................ 00 00 00 00 00 00 00 01 00 00 00 00 00 00 00 00
  ................ 00 00 00 00 00 00 00 00 00 00 00 00 00 00 00 00
  ................ 00 00 00 00 00 00 00 00 00 00 00 00 00 00 00 00
  ......@....... . 00 00 00 00 00 00 40 bf c4 14 18 04 00 00 20 00
  ......p......... 00 00 08 00 00 00 70 02 00 00 ff ff ff 00 01 01
  ................ 00 06 00 00 00 00 00 00 00 00 00 00 00 00 01 00
  ................ 00 00 00 00 00 00 00 00 00 00 00 00 00 00 00 00
  ................ 00 00 00 00 00 00 00 00 00 00 00 00 00 00 00 00
  ................ 00 00 00 00 00 00 00 00 00 00 00 00 00 e0 c2 c4
  ............. .. 14 00 00 00 00 90 02 00 00 08 00 00 00 20 00 00
  ................ 00 ff ff ff 00 00 00 00 07 00 00 00 00 00 00 00
  ................ 00 00 00 00 00 00 00 00 00 00 00 00 00 00 00 00
  ................ 00 00 00 00 00 00 00 00 00 00 00 00 00 00 00 00
  ................ 00 00 00 00 00 00 00 00 00 00 00 00 00 00 00 00
  ....             00 00 00 00
003524-003547 ImageUseBlock id=348443456 xofs=8 yofs=656 xsize=1040 ysize=32 brga=16777215
003548-003784 DataBlock
  ................ 01 00 00 08 00 00 00 00 00 00 00 00 00 00 00 01
  ................ 00 00 00 00 00 00 00 00 00 00 00 00 00 00 00 00
  ................ 00 00 00 00 00 00 00 00 00 00 00 00 00 00 00 00
  ................ 00 00 00 00 00 00 00 00 00 00 00 00 00 00 00 e0
  ...............  c2 c4 14 18 04 00 00 90 02 00 00 08 00 00 00 20
  ................ 00 00 00 ff ff ff 00 00 01 00 09 00 00 00 00 00
  ................ 00 00 00 00 00 00 00 00 00 00 00 00 00 00 00 00
  ................ 00 00 00 00 00 00 00 00 00 00 00 00 00 00 00 00
  ................ 00 00 00 00 00 00 00 00 00 00 00 00 00 00 00 00
  ................ 00 00 00 00 00 00 a0 cf c4 14 00 00 00 00 00 00
  ...... ......... 00 00 08 00 00 00 20 00 00 00 ff ff ff 00 00 00
  ................ 00 01 00 00 00 00 00 00 00 00 00 00 00 00 00 00
  ................ 00 00 00 00 00 00 00 00 00 00 00 00 00 00 00 00
  ................ 00 00 00 00 00 00 00 00 00 00 00 00 00 00 00 00
  .............    00 00 00 00 00 00 00 00 00 00 00 00 00
003785-003808 ImageUseBlock id=348439040 xofs=8 yofs=0 xsize=1040 ysize=32 brga=16777215
003809-003990 DataBlock
  ................ 01 00 00 02 00 00 00 00 00 00 00 00 00 00 00 01
  ................ 00 00 00 00 00 00 00 00 00 00 00 00 00 00 00 00
  ................ 00 00 00 00 00 00 00 00 00 00 00 00 00 00 00 00
  ................ 00 00 00 00 00 00 00 00 00 00 00 00 00 00 00 a0
  ...............  cf c4 14 18 04 00 00 00 00 00 00 08 00 00 00 20
  ................ 00 00 00 ff ff ff 00 00 01 00 03 00 00 00 00 00
  ................ 00 00 00 00 00 00 00 00 00 00 00 00 00 00 00 00
  ................ 00 00 00 00 00 00 00 00 00 00 00 00 00 00 00 00
  ................ 00 00 00 00 00 00 00 00 00 00 00 00 00 00 00 00
  ................ 00 00 00 00 00 00 00 00 00 00 00 00 00 00 00 00
  ................ 00 00 00 00 00 00 0a 00 00 00 00 00 00 00 01 00
  ......           00 00 00 91 17 1a
003991-004004 StringBlock "credits_list"
004005-004063 DataBlock
  ................ 00 00 02 00 00 00 02 00 00 00 01 01 00 00 00 00
  ................ 01 00 00 00 00 01 00 00 00 00 05 00 00 00 00 00
  ................ 00 00 00 00 00 00 00 00 00 00 00 00 00 00 00 00
  ...........      00 00 00 00 00 00 00 01 00 00 00
004064-004067 StateIDBlock 433677696
004068-004077 NewStateBlock "NewState"
004078-004081 XSizeBlock 1052
004082-004085 YSizeBlock 684
004086-004116 DataBlock
  ................ 00 00 00 00 02 00 00 00 00 00 00 00 00 00 00 00
  ...............  01 00 00 00 01 00 00 00 00 00 00 00 00 00 00
004117-004129 FontNameBlock "la_gioconda"
004130-004145 DataBlock
  ................ 0c 00 00 00 07 00 00 00 00 00 00 00 00 d7 ff ff
004146-004159 StringBlock "fe_text_gold"
004160-004179 DataBlock
  ................ 00 00 00 00 00 00 00 00 00 00 00 00 00 00 00 00
  ....             01 00 00 00
004180-004190 T0Block "normal_t0"
004191-004206 DataBlock
  ................ 00 00 00 00 00 00 00 00 00 00 00 00 00 00 00 00
004207-004217 T0Block "normal_t0"
004218-004289 DataBlock
  ................ 00 00 00 00 00 00 00 00 00 00 00 00 00 00 00 00
  ................ 00 00 00 00 00 00 00 00 00 00 00 00 00 00 00 00
  ................ 00 00 00 00 0a 00 00 00 00 00 00 00 00 00 00 00
  ................ 00 00 00 00 00 00 00 00 00 00 00 00 00 00 00 00
  ........         00 00 00 00 a0 94 17 1a
004290-004302 StringBlock "heading_txt"
004303-004361 DataBlock
  ..w............. 00 00 77 01 00 00 88 01 00 00 01 01 00 00 00 00
  ................ 00 00 00 00 00 01 00 00 00 00 05 00 00 00 00 00
  ................ 00 00 00 00 00 00 00 00 00 00 00 00 00 00 00 00
  ...........      00 00 00 00 00 00 00 01 00 00 00
004362-004365 StateIDBlock 433687648
004366-004375 NewStateBlock "NewState"
004376-004379 XSizeBlock 354
004380-004383 YSizeBlock 43
004384-004399 UnicodeBlock "Credits"
004400-004422 DataBlock
  ................ 00 00 04 00 00 00 04 00 00 00 00 00 00 00 01 00
  .......          00 00 01 00 00 00 01
004423-004488 UnicodeBlock "heading_txt_NewState_Text_62003c"
004489-004492 DataBlock
  ....             00 00 00 00
004493-004505 FontNameBlock "la_gioconda"
004506-004521 DataBlock
  ............7K.. 0c 00 00 00 07 00 00 00 00 00 00 00 37 4b ff ff
004522-004537 StringBlock "fe_tooltip_red"
004538-004557 DataBlock
  ................ 00 00 00 00 00 00 00 00 00 00 00 00 00 00 00 00
  ....             00 00 00 00
004558-004568 T0Block "normal_t0"
004569-004584 DataBlock
  ................ 00 00 00 00 00 00 00 00 00 00 00 00 00 00 00 00
004585-004595 T0Block "normal_t0"
004596-004657 DataBlock
  ................ 00 00 00 00 00 00 00 00 00 00 00 00 00 00 00 00
  ................ 00 00 00 00 00 00 00 00 00 00 00 00 00 00 00 00
  ................ 00 00 00 00 0a 00 00 00 00 00 00 00 00 00 00 00
  ..........@..#   00 00 00 00 00 00 00 00 00 00 40 df fd 23
004658-004674 StringBlock "string_template"
004675-004733 DataBlock
  ................ 00 00 0a 00 00 00 0a 00 00 00 01 01 00 00 00 00
  ................ 01 00 00 00 00 01 00 00 00 00 00 00 00 00 00 00
  ................ 00 00 00 00 00 00 00 00 00 00 00 00 00 00 00 00
  ...........      00 00 00 00 00 00 00 01 00 00 00
004734-004737 StateIDBlock 605261184
004738-004747 NewStateBlock "NewState"
004748-004751 XSizeBlock 36
004752-004755 YSizeBlock 20
004756-004765 UnicodeBlock "Test"
004766-004788 DataBlock
  ................ 00 00 04 00 00 00 04 00 00 00 00 00 00 00 03 00
  .......          00 00 01 00 00 00 00
004789-004844 UnicodeBlock "string_NewState_Text_110027"
004845-004848 DataBlock
  ....             00 00 00 00
004849-004861 FontNameBlock "la_gioconda"
004862-004877 DataBlock
  ................ 0c 00 00 00 07 00 00 00 00 00 00 00 d7 f8 ff ff
004878-004886 StringBlock "fe_text"
004887-004906 DataBlock
  ................ 04 00 00 00 04 00 00 00 04 00 00 00 04 00 00 00
  ....             01 00 00 00
004907-004917 T0Block "normal_t0"
004918-004933 DataBlock
  ................ 00 00 00 00 00 00 00 00 00 00 00 00 00 00 00 00
004934-004944 T0Block "normal_t0"
004945-005006 DataBlock
  ................ 00 00 00 00 00 00 00 00 00 00 00 00 00 00 00 00
  ................ 00 00 00 00 00 00 00 00 00 00 00 00 00 00 00 00
  ................ 00 00 00 00 00 00 00 00 00 00 00 00 00 00 00 00
  ..............   00 00 00 00 00 00 00 00 00 00 a0 f1 18 17
005007-005022 StringBlock "image_template"
005023-005096 DataBlock
  ................ 00 00 0c 02 00 00 8e 01 00 00 01 01 00 00 00 00
  ................ 01 00 00 00 00 01 00 00 00 00 00 00 00 00 00 00
  ...............@ 00 00 00 00 00 00 00 00 00 00 00 01 00 00 00 40
  .."..8.......... d9 2e 22 00 00 38 00 00 00 1e 00 00 00 00 00 00
  ..........       00 00 00 00 00 00 01 00 00 00
005097-005100 StateIDBlock 361732544
005101-005110 NewStateBlock "NewState"
005111-005114 XSizeBlock 100
005115-005118 YSizeBlock 50
005119-005149 DataBlock
  ................ 00 00 00 00 02 00 00 00 00 00 00 00 00 00 00 00
  ...............  01 00 00 00 01 00 00 00 00 00 00 00 00 00 00
005150-005172 FontNameBlock "la_gioconda_uppercase"
005173-005188 DataBlock
  ................ 12 00 00 00 04 00 00 00 00 00 00 00 d7 f8 ff ff
005189-005208 StringBlock "fe_section_heading"
005209-005228 DataBlock
  ................ 00 00 00 00 00 00 00 00 00 00 00 00 00 00 00 00
  ....             01 00 00 00
005229-005239 T0Block "normal_t0"
005240-005255 DataBlock
  ................ 00 00 00 00 00 00 00 00 00 00 00 00 00 00 00 00
005256-005266 T0Block "normal_t0"
005267-005451 DataBlock
  ................ 00 00 00 00 00 00 00 00 00 00 00 00 00 00 00 00
  ....@.."........ 01 00 00 00 40 d9 2e 22 00 00 00 00 00 00 00 00
  d...2........... 64 00 00 00 32 00 00 00 ff ff ff ff 00 00 00 00
  ................ 00 00 00 00 00 00 00 00 00 00 00 01 01 00 00 00
  ................ 00 00 00 00 00 00 00 00 00 00 00 00 00 00 00 00
  ................ 00 00 00 00 00 00 00 00 00 00 00 00 00 00 00 00
  ................ 00 00 00 00 00 00 00 00 00 00 00 00 00 00 00 00
  ................ 00 00 00 00 00 00 00 00 00 00 00 00 00 00 00 00
  ................ 00 00 00 00 00 00 00 00 00 00 00 00 00 00 00 00
  ................ 00 00 00 00 00 00 00 00 00 00 00 00 00 00 00 00
  ................ 00 00 00 00 00 00 00 00 00 00 00 00 00 00 00 00
  .........        00 00 00 00 00 00 00 00 00
