000000-000009 VersionBlock 96
000010-000013 RootIDBlock 314858016
000014-000019 StringBlock "root"
000020-000097 DataBlock
  ................ 00 00 00 00 00 00 00 00 00 00 01 01 00 00 00 00
  ................ 01 00 00 00 00 01 00 00 00 00 00 00 00 00 00 00
  .......`<y...... 00 00 00 00 00 00 00 60 3c 79 12 01 00 00 00 00
  ................ 09 c0 12 00 00 00 05 00 00 c0 03 00 00 00 00 00
  ..........`<y.   00 00 00 00 00 00 01 00 00 00 60 3c 79 12
000098-000107 NewStateBlock "NewState"
000108-000146 DataBlock
  ................ 00 05 00 00 c0 03 00 00 00 00 00 00 02 00 00 00
  ................ 00 00 00 00 00 00 00 00 01 00 00 00 01 00 00 00
  .......          00 00 00 00 00 00 00
000147-000159 FontNameBlock "la_gioconda"
000160-000175 DataBlock
  ................ 0a 00 00 00 02 00 00 00 01 00 00 00 dd da fa ff
000176-000198 StringBlock "Default Font Category"
000199-000218 DataBlock
  ................ 00 00 00 00 00 00 00 00 00 00 00 00 00 00 00 00
  ....             01 00 00 00
000219-000229 T0Block "normal_t0"
000230-000245 DataBlock
  ................ 00 00 00 00 00 00 00 00 00 00 00 00 00 00 00 00
000246-000256 T0Block "normal_t0"
000257-000395 DataBlock
  ................ 00 00 00 00 00 00 00 00 00 00 00 00 00 00 00 00
  ................ 01 00 00 00 00 09 c0 12 00 00 00 00 00 00 00 00
  ............. 00 05 00 00 c0 03 00 00 7f 7f 7f ff 00 00 00 00
  ................ 00 00 00 00 00 00 00 00 00 00 00 01 01 00 00 00
  ................ 00 00 00 00 00 00 00 00 00 00 00 00 00 00 00 00
  ................ 00 00 00 00 00 00 00 00 00 00 00 00 00 00 00 00
  ................ 00 00 00 00 00 00 00 00 00 00 00 00 00 00 00 00
  ................ 00 00 00 00 00 00 00 00 00 00 00 00 00 00 00 00
  ....... i..      00 00 00 01 00 00 00 20 69 c4 12
000396-000427 StringBlock "campaign_character_review_card"
000428-000457 StringBlock "CharacterReviewItemInterface"
000458-000502 DataBlock
  ................ cb 02 00 00 d7 00 00 00 01 01 01 00 00 00 01 00
  ................ 00 00 00 01 00 00 00 00 00 00 00 00 00 00 00 00
  ..... @y.....    00 00 00 00 00 20 40 79 12 08 00 00 00
000503-000554 ImageBlock id=314575968 xsize=64 ysize=152 path="ui\\skins\\default\\rom_dignitary.png" unknown=3221987328
000555-000555 DataBlock
  .                12
000556-000586 ImagePathBlock "ui\\campaign ui\\skins\\mask.png"
000587-000595 DataBlock
  @...@....        40 00 00 00 40 00 00 00 00
000596-000654 ImageBlock id=314575552 xsize=64 ysize=152 path="ui\\skins\\default\\unit_card_background.png" unknown=3221766144
000655-000655 DataBlock
  .                12
000656-000691 ImagePathBlock "ui\\skins\\default\\question_mark.png"
000692-000700 DataBlock
  ....6....        18 00 00 00 36 00 00 00 00
000701-000744 ImageBlock id=233386016 xsize=64 ysize=118 path="ui\\skins\\default\\mask2.png" unknown=3912540160
000745-000745 DataBlock
  .                0d
000746-000773 ImagePathBlock "ui\\skins\\default\\mask3.png"
000774-000782 DataBlock
  @...v....        40 00 00 00 76 00 00 00 00
000783-000833 ImageBlock id=288485440 xsize=68 ysize=68 path="ui\\skins\\default\\yellow_frame.png" unknown=2934587392
000834-000834 DataBlock
  .                0d
000835-000879 ImagePathBlock "ui\\skins\\default\\unit_card_frame_attila.png"
000880-000904 DataBlock
  @............... 40 00 00 00 98 00 00 00 00 00 00 00 00 00 00 00
  .....@>y.        00 07 00 00 00 40 3e 79 12
000905-000914 StringBlock "Inactive"
000915-000953 DataBlock
  @............... 40 00 00 00 98 00 00 00 00 00 00 00 02 00 00 00
  ................ 00 00 00 00 00 00 00 00 01 00 00 00 01 00 00 00
  .......          00 00 00 00 00 00 00
000954-000966 FontNameBlock "la_gioconda"
000967-000982 DataBlock
  ................ 0c 00 00 00 07 00 00 00 00 00 00 00 d7 f8 ff ff
000983-000999 StringBlock "fe_tooltip_text"
001000-001019 DataBlock
  ................ 00 00 00 00 00 00 00 00 00 00 00 00 00 00 00 00
  ....             01 01 00 00
001020-001037 T0Block "set_greyscale_t0"
001038-001053 DataBlock
  ...?...?...?...? 00 00 80 3f 00 00 80 3f 00 00 80 3f 00 00 80 3f
001054-001064 T0Block "normal_t0"
001065-001361 DataBlock
  ...?...?...?...? 00 00 80 3f 00 00 80 3f 00 00 80 3f 00 00 80 3f
  ................ 03 00 00 00 c0 0a c0 12 00 00 00 00 00 00 00 00
  @............... 40 00 00 00 98 00 00 00 e6 e6 e6 ff 01 00 00 00
  ................ 00 00 00 00 00 00 00 00 00 00 00 01 01 00 00 00
  ................ 00 00 00 00 00 00 00 00 00 00 00 00 00 00 00 00
  ..............@. 00 00 00 00 00 00 00 00 00 00 00 00 00 a0 40 00
  ..@...@...@`.... 00 a0 40 00 00 a0 40 00 00 a0 40 60 0c c0 12 00
  .......@........ 00 00 00 00 00 00 00 40 00 00 00 98 00 00 00 e6
  ................ e6 e6 ff 00 00 00 00 00 00 00 00 00 00 00 00 00
  ................ 00 00 01 01 00 00 00 00 00 00 00 00 00 00 00 00
  ................ 00 00 00 00 00 00 00 00 00 00 00 00 00 00 00 00
  ................ 00 00 00 00 00 00 00 00 00 00 00 00 00 00 00 00
  ..@...........@. 00 00 40 ea ae 0d 00 00 00 00 00 00 00 00 40 00
  ................ 00 00 98 00 00 00 ff ff ff ff 00 00 00 00 00 00
  ................ 00 00 00 00 00 00 00 00 00 01 01 00 00 00 00 00
  ................ 00 00 00 00 00 00 00 00 00 00 00 00 00 00 00 00
  ................ 00 00 00 00 00 00 00 00 00 00 00 00 00 00 00 00
  ................ 00 00 00 00 00 00 00 00 00 00 00 00 00 00 00 00
  ..... @y.        00 00 00 00 00 20 40 79 12
001362-001370 StringBlock "Default"
001371-001409 DataBlock
  @............... 40 00 00 00 98 00 00 00 00 00 00 00 02 00 00 00
  ................ 00 00 00 00 00 00 00 00 01 00 00 00 01 00 00 00
  .......          00 00 00 00 00 00 00
001410-001422 FontNameBlock "la_gioconda"
001423-001438 DataBlock
  ................ 0a 00 00 00 02 00 00 00 01 00 00 00 dd da fa ff
001439-001461 StringBlock "Default Font Category"
001462-001481 DataBlock
  ................ 00 00 00 00 00 00 00 00 00 00 00 00 00 00 00 00
  ....             01 00 00 00
001482-001494 T0Block "brighten_t0"
001495-001510 DataBlock
  ................ 00 00 00 00 00 00 00 00 00 00 00 00 00 00 00 00
001511-001521 T0Block "normal_t0"
001522-002099 DataBlock
  ................ 00 00 00 00 00 00 00 00 00 00 00 00 00 00 00 00
  ................ 06 00 00 00 c0 0a c0 12 00 00 00 00 00 00 00 00
  @............... 40 00 00 00 98 00 00 00 ff ff ff ff 01 00 00 00
  ................ 00 00 00 00 00 00 00 00 00 00 00 01 01 00 00 00
  ................ 00 00 00 00 00 00 00 00 00 00 00 00 00 00 00 00
  ..............@. 00 00 00 00 00 00 00 00 00 00 00 00 00 a0 40 00
  ..@...@...@`.... 00 a0 40 00 00 a0 40 00 00 a0 40 60 0c c0 12 00
  .......@........ 00 00 00 00 00 00 00 40 00 00 00 98 00 00 00 e6
  ................ e6 e6 ff 00 00 00 00 00 00 00 00 00 00 00 00 00
  ................ 00 00 01 01 00 00 00 00 00 00 00 00 00 00 00 00
  ................ 00 00 00 00 00 00 00 00 00 00 00 00 00 00 00 00
  ................ 00 00 00 00 00 00 00 00 00 00 00 00 00 00 00 00
  ..............@. 00 00 a0 0b c0 12 00 00 00 00 00 00 00 00 40 00
  ................ 00 00 98 00 00 00 ff ff ff ff 00 00 00 00 00 00
  ................ 00 00 00 00 00 00 00 00 00 01 01 00 00 00 00 00
  ................ 00 00 00 00 00 00 00 00 00 00 00 00 00 00 00 00
  ................ 00 00 00 00 00 00 00 00 00 00 00 00 00 00 00 00
  ......... 0..... 00 00 00 00 00 00 00 00 00 20 30 e9 0d 00 00 00
  .....@.......... 00 00 00 00 00 40 00 00 00 98 00 00 00 ff ff ff
  ................ ff 00 00 00 00 00 00 00 00 00 00 00 00 00 00 00
  ................ 01 01 00 00 00 00 00 00 00 00 00 00 00 00 00 00
  ................ 00 00 00 00 00 00 00 00 00 00 00 00 00 00 00 00
  ................ 00 00 00 00 00 00 00 00 00 00 00 00 00 00 00 00
  .4..........@... a0 34 e9 0d 00 00 00 00 00 00 00 00 40 00 00 00
  ................ 98 00 00 00 ff ff ff ff 00 00 00 00 00 00 00 00
  ................ 00 00 00 00 00 00 00 01 01 00 00 00 00 00 00 00
  ................ 00 00 00 00 00 00 00 00 00 00 00 00 00 00 00 00
  ................ 00 00 00 00 00 00 00 00 00 00 00 00 00 00 00 00
  .......@........ 00 00 00 00 00 00 00 40 ea ae 0d 00 00 00 00 00
  ...@............ 00 00 00 40 00 00 00 98 00 00 00 ff ff ff ff 00
  ................ 00 00 00 00 00 00 00 00 00 00 00 00 00 00 01 01
  ................ 00 00 00 00 00 00 00 00 00 00 00 00 00 00 00 00
  ................ 00 00 00 00 00 00 00 00 00 00 00 00 00 00 00 00
  ..............f. 00 00 00 00 00 00 00 00 00 00 00 00 00 00 66 00
  ..A........... B 00 00 41 00 00 00 01 00 00 00 00 00 00 00 20 42
  y............. B 79 12 c8 00 00 00 08 00 00 00 00 00 00 00 20 42
  y.               79 12
002100-002105 StringBlock "roll"
002106-002144 DataBlock
  @............... 40 00 00 00 98 00 00 00 00 00 00 00 02 00 00 00
  ................ 00 00 00 00 00 00 00 00 01 00 00 00 01 00 00 00
  .......          00 00 00 00 00 00 00
002145-002157 FontNameBlock "la_gioconda"
002158-002173 DataBlock
  ................ 0a 00 00 00 02 00 00 00 01 00 00 00 dd da fa ff
002174-002196 StringBlock "Default Font Category"
002197-002216 DataBlock
  ................ 00 00 00 00 00 00 00 00 00 00 00 00 00 00 00 00
  ....             01 00 00 00
002217-002229 T0Block "brighten_t0"
002230-002245 DataBlock
  ...>............ cd cc cc 3e 00 00 00 00 00 00 00 00 00 00 00 00
002246-002256 T0Block "normal_t0"
002257-002834 DataBlock
  ..L>............ cd cc 4c 3e 00 00 00 00 00 00 00 00 00 00 00 00
  ................ 06 00 00 00 c0 0a c0 12 00 00 00 00 00 00 00 00
  @............... 40 00 00 00 98 00 00 00 ff ff ff ff 01 00 00 00
  ................ 00 00 00 00 00 00 00 00 00 00 00 01 01 00 00 00
  ................ 00 00 00 00 00 00 00 00 00 00 00 00 00 00 00 00
  ..............@. 00 00 00 00 00 00 00 00 00 00 00 00 00 a0 40 00
  ..@...@...@`.... 00 a0 40 00 00 a0 40 00 00 a0 40 60 0c c0 12 00
  .......@........ 00 00 00 00 00 00 00 40 00 00 00 98 00 00 00 e6
  ................ e6 e6 ff 00 00 00 00 00 00 00 00 00 00 00 00 00
  ................ 00 00 01 01 00 00 00 00 00 00 00 00 00 00 00 00
  ................ 00 00 00 00 00 00 00 00 00 00 00 00 00 00 00 00
  ................ 00 00 00 00 00 00 00 00 00 00 00 00 00 00 00 00
  ..............@. 00 00 a0 0b c0 12 00 00 00 00 00 00 00 00 40 00
  ................ 00 00 98 00 00 00 ff ff ff ff 00 00 00 00 00 00
  ................ 00 00 00 00 00 00 00 00 00 01 01 00 00 00 00 00
  ................ 00 00 00 00 00 00 00 00 00 00 00 00 00 00 00 00
  ................ 00 00 00 00 00 00 00 00 00 00 00 00 00 00 00 00
  ......... 0..... 00 00 00 00 00 00 00 00 00 20 30 e9 0d 00 00 00
  .....@.......... 00 00 00 00 00 40 00 00 00 98 00 00 00 ff ff ff
  ................ ff 00 00 00 00 00 00 00 00 00 00 00 00 00 00 00
  ................ 01 01 00 00 00 00 00 00 00 00 00 00 00 00 00 00
  ................ 00 00 00 00 00 00 00 00 00 00 00 00 00 00 00 00
  ................ 00 00 00 00 00 00 00 00 00 00 00 00 00 00 00 00
  .4..........@... a0 34 e9 0d 00 00 00 00 00 00 00 00 40 00 00 00
  ................ 98 00 00 00 ff ff ff ff 00 00 00 00 00 00 00 00
  ................ 00 00 00 00 00 00 00 01 01 00 00 00 00 00 00 00
  ................ 00 00 00 00 00 00 00 00 00 00 00 00 00 00 00 00
  ................ 00 00 00 00 00 00 00 00 00 00 00 00 00 00 00 00
  .......@........ 00 00 00 00 00 00 00 40 ea ae 0d 00 00 00 00 00
  ...@............ 00 00 00 40 00 00 00 98 00 00 00 ff ff ff ff 00
  ................ 00 00 00 00 00 00 00 00 00 00 00 00 00 00 01 01
  ................ 00 00 00 00 00 00 00 00 00 00 00 00 00 00 00 00
  ................ 00 00 00 00 00 00 00 00 00 00 00 00 00 00 00 00
  ..............{. 00 00 00 00 00 00 00 00 00 00 00 00 00 00 7b 00
  .............. @ 00 00 10 01 00 00 01 00 00 00 01 00 00 00 20 40
  y.............`. 79 12 c8 00 00 00 08 00 00 00 00 00 00 00 60 85
  x.               78 19
002835-002843 StringBlock "Unknown"
002844-002882 DataBlock
  @............... 40 00 00 00 98 00 00 00 00 00 00 00 04 00 00 00
  ................ 04 00 00 00 00 00 00 00 01 00 00 00 01 00 00 00
  .......          00 00 00 00 00 00 00
002883-002905 FontNameBlock "la_gioconda_uppercase"
002906-002921 DataBlock
  ................ 10 00 00 00 04 00 00 00 00 00 00 00 00 00 00 ff
002922-002937 StringBlock "fe_button_text"
002938-002957 DataBlock
  ................ 00 00 00 00 00 00 00 00 00 00 00 00 00 00 00 00
  ....             01 00 00 00
002958-002968 T0Block "normal_t0"
002969-002984 DataBlock
  ...?...?........ 00 00 80 3f 00 00 00 3f 00 00 00 00 00 00 00 00
002985-002995 T0Block "normal_t0"
002996-003379 DataBlock
  ...?...?........ 00 00 80 3f 00 00 00 3f 00 00 00 00 00 00 00 00
  ................ 04 00 00 00 c0 0a c0 12 00 00 00 00 00 00 00 00
  @............... 40 00 00 00 98 00 00 00 ff ff ff ff 01 00 00 00
  ................ 00 00 00 00 00 00 00 00 00 00 00 01 01 00 00 00
  ................ 00 00 00 00 00 00 00 00 00 00 00 00 00 00 00 00
  ..............@. 00 00 00 00 00 00 00 00 00 00 00 00 00 a0 40 00
  ..@...@...@`.... 00 a0 40 00 00 a0 40 00 00 a0 40 60 0c c0 12 00
  .......@........ 00 00 00 00 00 00 00 40 00 00 00 98 00 00 00 e6
  ................ e6 e6 00 00 00 00 00 00 00 00 00 00 00 00 00 00
  ................ 00 00 01 01 00 00 00 00 00 00 00 00 00 00 00 00
  ................ 00 00 00 00 00 00 00 00 00 00 00 00 00 00 00 00
  ................ 00 00 00 00 00 00 00 00 00 00 00 00 00 00 00 00
  ..@.......1..... 00 00 40 08 c0 12 14 00 00 00 31 00 00 00 18 00
  ..6............. 00 00 36 00 00 00 ff ff ff 80 00 00 00 05 00 00
  ................ 00 00 00 00 00 00 00 00 00 01 01 00 00 00 00 00
  ................ 00 00 00 00 00 00 00 00 00 00 00 00 00 00 00 00
  ................ 00 00 00 00 00 00 00 00 00 00 00 00 00 00 00 00
  .........@...... 00 00 00 00 00 00 00 00 00 40 ea ae 0d 00 00 00
  .....@.......... 00 00 00 00 00 40 00 00 00 98 00 00 00 ff ff ff
  ................ ff 00 00 00 00 00 00 00 00 00 00 00 00 00 00 00
  ................ 01 01 00 00 00 00 00 00 00 00 00 00 00 00 00 00
  ................ 00 00 00 00 00 00 00 00 00 00 00 00 00 00 00 00
  ................ 00 00 00 00 00 00 00 00 00 00 00 00 00 00 00 00
  ............`.x. 00 00 00 00 00 00 00 00 00 00 00 00 60 87 78 19
003380-003389 StringBlock "Selected"
003390-003428 DataBlock
  @............... 40 00 00 00 98 00 00 00 00 00 00 00 02 00 00 00
  ................ 00 00 00 00 00 00 00 00 01 00 00 00 01 00 00 00
  .......          00 00 00 00 00 00 00
003429-003441 FontNameBlock "la_gioconda"
003442-003457 DataBlock
  ................ 0a 00 00 00 02 00 00 00 01 00 00 00 dd da fa ff
003458-003480 StringBlock "Default Font Category"
003481-003500 DataBlock
  ................ 00 00 00 00 00 00 00 00 00 00 00 00 00 00 00 00
  ....             01 00 00 00
003501-003513 T0Block "brighten_t0"
003514-003529 DataBlock
  ..L?............ cd cc 4c 3f 00 00 00 00 00 00 00 00 00 00 00 00
003530-003540 T0Block "normal_t0"
003541-004185 DataBlock
  ................ 00 00 00 00 00 00 00 00 00 00 00 00 00 00 00 00
  ................ 07 00 00 00 c0 0a c0 12 00 00 00 00 00 00 00 00
  @............... 40 00 00 00 98 00 00 00 ff ff ff ff 00 00 00 00
  ................ 00 00 00 00 00 00 00 00 00 00 00 01 01 00 00 00
  ................ 00 00 00 00 00 00 00 00 00 00 00 00 00 00 00 00
  ................ 00 00 00 00 00 00 00 00 00 00 00 00 00 00 00 00
  ...........`.... 00 00 00 00 00 00 00 00 00 00 00 60 0c c0 12 00
  .......@........ 00 00 00 00 00 00 00 40 00 00 00 98 00 00 00 e6
  ................ e6 e6 ff 00 00 00 00 00 00 00 00 00 00 00 00 00
  ................ 00 00 01 01 00 00 00 00 00 00 00 00 00 00 00 00
  ................ 00 00 00 00 00 00 00 00 00 00 00 00 00 00 00 00
  ................ 00 00 00 00 00 00 00 00 00 00 00 00 00 00 00 00
  ..............@. 00 00 a0 0b c0 12 00 00 00 00 00 00 00 00 40 00
  ................ 00 00 98 00 00 00 ff ff ff ff 00 00 00 00 00 00
  ................ 00 00 00 00 00 00 00 00 00 01 01 00 00 00 00 00
  ................ 00 00 00 00 00 00 00 00 00 00 00 00 00 00 00 00
  ................ 00 00 00 00 00 00 00 00 00 00 00 00 00 00 00 00
  ......... 0..... 00 00 00 00 00 00 00 00 00 20 30 e9 0d 00 00 00
  .....@.......... 00 00 00 00 00 40 00 00 00 98 00 00 00 ff ff ff
  ................ ff 00 00 00 00 00 00 00 00 00 00 00 00 00 00 00
  ................ 01 01 00 00 00 00 00 00 00 00 00 00 00 00 00 00
  ................ 00 00 00 00 00 00 00 00 00 00 00 00 00 00 00 00
  ................ 00 00 00 00 00 00 00 00 00 00 00 00 00 00 00 00
  .4..........@... a0 34 e9 0d 00 00 00 00 00 00 00 00 40 00 00 00
  ................ 98 00 00 00 ff ff ff ff 00 00 00 00 00 00 00 00
  ................ 00 00 00 00 00 00 00 01 01 00 00 00 00 00 00 00
  ................ 00 00 00 00 00 00 00 00 00 00 00 00 00 00 00 00
  ................ 00 00 00 00 00 00 00 00 00 00 00 00 00 00 00 00
  .......@........ 00 00 00 00 00 00 00 40 ea ae 0d 00 00 00 00 00
  ...@............ 00 00 00 40 00 00 00 98 00 00 00 ff ff ff ff 00
  ................ 00 00 00 00 00 00 00 00 00 00 00 00 00 00 01 01
  ................ 00 00 00 00 00 00 00 00 00 00 00 00 00 00 00 00
  ................ 00 00 00 00 00 00 00 00 00 00 00 00 00 00 00 00
  ..............@. 00 00 00 00 00 00 00 00 00 00 00 00 00 00 40 f0
  1.........@..... 31 11 00 00 00 00 00 00 00 00 40 00 00 00 98 00
  ................ 00 00 ff ff ff ff 00 00 00 00 00 00 00 00 00 00
  ................ 00 00 00 00 00 01 01 00 00 00 00 00 00 00 00 00
  ................ 00 00 00 00 00 00 00 00 00 00 00 00 00 00 00 00
  ........A...A... 00 00 00 00 00 00 00 00 41 00 00 00 41 00 00 00
  A...A........... 41 00 00 00 41 00 00 00 00 00 00 00 00 00 00 00
  .@.x.            00 40 89 78 19
004186-004199 StringBlock "UnSelectable"
004200-004238 DataBlock
  @............... 40 00 00 00 98 00 00 00 00 00 00 00 02 00 00 00
  ................ 00 00 00 00 00 00 00 00 01 00 00 00 01 00 00 00
  .......          00 00 00 00 00 00 00
004239-004251 FontNameBlock "la_gioconda"
004252-004267 DataBlock
  ................ 0a 00 00 00 02 00 00 00 01 00 00 00 dd da fa ff
004268-004290 StringBlock "Default Font Category"
004291-004310 DataBlock
  ................ 00 00 00 00 00 00 00 00 00 00 00 00 00 00 00 00
  ....             01 01 00 00
004311-004328 T0Block "set_greyscale_t0"
004329-004344 DataBlock
  ...?...?...?...? 00 00 80 3f 00 00 80 3f 00 00 80 3f 00 00 80 3f
004345-004355 T0Block "normal_t0"
004356-004652 DataBlock
  ...?...?...?...? 00 00 80 3f 00 00 80 3f 00 00 80 3f 00 00 80 3f
  ................ 03 00 00 00 c0 0a c0 12 00 00 00 00 00 00 00 00
  @............... 40 00 00 00 98 00 00 00 ff ff ff ff 01 00 00 00
  ................ 00 00 00 00 00 00 00 00 00 00 00 01 01 00 00 00
  ................ 00 00 00 00 00 00 00 00 00 00 00 00 00 00 00 00
  ..............@. 00 00 00 00 00 00 00 00 00 00 00 00 00 a0 40 00
  ..@...@...@`.... 00 a0 40 00 00 a0 40 00 00 a0 40 60 0c c0 12 00
  .......@........ 00 00 00 00 00 00 00 40 00 00 00 98 00 00 00 e6
  ................ e6 e6 ff 00 00 00 00 00 00 00 00 00 00 00 00 00
  ................ 00 00 01 01 00 00 00 00 00 00 00 00 00 00 00 00
  ................ 00 00 00 00 00 00 00 00 00 00 00 00 00 00 00 00
  ................ 00 00 00 00 00 00 00 00 00 00 00 00 00 00 00 00
  ..@...........@. 00 00 40 ea ae 0d 00 00 00 00 00 00 00 00 40 00
  ................ 00 00 98 00 00 00 ff ff ff ff 00 00 00 00 00 00
  ................ 00 00 00 00 00 00 00 00 00 01 01 00 00 00 00 00
  ................ 00 00 00 00 00 00 00 00 00 00 00 00 00 00 00 00
  ................ 00 00 00 00 00 00 00 00 00 00 00 00 00 00 00 00
  .........f...A.. 00 00 00 00 00 00 00 00 00 66 00 00 00 41 00 00
  ..... .x.        00 00 00 00 00 20 8b 78 19
004653-004668 StringBlock "NonInteractive"
004669-004707 DataBlock
  @............... 40 00 00 00 98 00 00 00 00 00 00 00 02 00 00 00
  ................ 00 00 00 00 00 00 00 00 01 00 00 00 01 00 00 00
  .......          00 00 00 00 00 00 00
004708-004720 FontNameBlock "la_gioconda"
004721-004736 DataBlock
  ................ 0a 00 00 00 02 00 00 00 01 00 00 00 dd da fa ff
004737-004759 StringBlock "Default Font Category"
004760-004779 DataBlock
  ................ 00 00 00 00 00 00 00 00 00 00 00 00 00 00 00 00
  ....             01 01 00 00
004780-004797 T0Block "set_greyscale_t0"
004798-004813 DataBlock
  ...?...?...?...? 00 00 80 3f 00 00 80 3f 00 00 80 3f 00 00 80 3f
004814-004824 T0Block "normal_t0"
004825-005121 DataBlock
  ...?...?...?...? 00 00 80 3f 00 00 80 3f 00 00 80 3f 00 00 80 3f
  ................ 03 00 00 00 c0 0a c0 12 00 00 00 00 00 00 00 00
  @............... 40 00 00 00 98 00 00 00 ff ff ff ff 01 00 00 00
  ................ 00 00 00 00 00 00 00 00 00 00 00 01 01 00 00 00
  ................ 00 00 00 00 00 00 00 00 00 00 00 00 00 00 00 00
  ..............@. 00 00 00 00 00 00 00 00 00 00 00 00 00 a0 40 00
  ..@...@...@`.... 00 a0 40 00 00 a0 40 00 00 a0 40 60 0c c0 12 00
  .......@........ 00 00 00 00 00 00 00 40 00 00 00 98 00 00 00 e6
  ................ e6 e6 ff 00 00 00 00 00 00 00 00 00 00 00 00 00
  ................ 00 00 01 01 00 00 00 00 00 00 00 00 00 00 00 00
  ................ 00 00 00 00 00 00 00 00 00 00 00 00 00 00 00 00
  ................ 00 00 00 00 00 00 00 00 00 00 00 00 00 00 00 00
  ..@...........@. 00 00 40 ea ae 0d 00 00 00 00 00 00 00 00 40 00
  ................ 00 00 98 00 00 00 ff ff ff ff 00 00 00 00 00 00
  ................ 00 00 00 00 00 00 00 00 00 01 01 00 00 00 00 00
  ................ 00 00 00 00 00 00 00 00 00 00 00 00 00 00 00 00
  ................ 00 00 00 00 00 00 00 00 00 00 00 00 00 00 00 00
  .........f...A.. 00 00 00 00 00 00 00 00 00 66 00 00 00 41 00 00
  .........        00 00 00 00 00 03 00 00 00
005122-005132 StringBlock "main_mask"
005133-005135 DataBlock
  ..1              01 00 31
005136-005151 StringBlock "secondary_mask"
005152-005154 DataBlock
  ..4              01 00 34
005155-005166 StringBlock "third_mask"
005167-005185 DataBlock
  ..5............  01 00 35 00 00 00 00 00 00 00 00 04 00 00 00 20
  _..              5f c4 12
005186-005194 StringBlock "faction"
005195-005241 DataBlock
  ..*............. 00 00 2a 00 00 00 82 00 00 00 00 00 00 00 00 00
  ................ 00 00 00 00 00 01 00 00 00 00 09 00 00 00 00 00
  ...............  00 00 00 00 00 00 00 00 00 00 00 03 00 00 00
005242-005288 ImageBlock id=315066368 xsize=29 ysize=29 path="ui\\campaign ui\\skins\\ally.png" unknown=3347628032
005289-005289 DataBlock
  .                12
005290-005319 ImagePathBlock "ui\\campaign ui\\skins\\foe.png"
005320-005328 DataBlock
  .........        1d 00 00 00 1d 00 00 00 00
005329-005378 ImageBlock id=315066784 xsize=29 ysize=29 path="ui\\campaign ui\\skins\\neutral.png" unknown=0
005379-005391 DataBlock
  .........`.u.    00 00 00 00 00 03 00 00 00 60 d5 75 19
005392-005400 StringBlock "neutral"
005401-005435 DataBlock
  ................ 16 00 00 00 16 00 00 00 00 00 00 00 02 00 00 00
  ................ 00 00 00 00 00 00 00 00 01 00 00 00 01 00 00 00
  ...              00 00 00
005436-005497 UnicodeBlock "faction_neutral_Tooltip_700025"
005498-005499 DataBlock
  ..               00 00
005500-005512 FontNameBlock "la_gioconda"
005513-005528 DataBlock
  ................ 0a 00 00 00 02 00 00 00 01 00 00 00 dd da fa ff
005529-005551 StringBlock "Default Font Category"
005552-005571 DataBlock
  ................ 00 00 00 00 00 00 00 00 00 00 00 00 00 00 00 00
  ....             01 01 00 00
005572-005582 T0Block "normal_t0"
005583-005598 DataBlock
  ................ 00 00 00 00 00 00 00 00 00 00 00 00 00 00 00 00
005599-005609 T0Block "normal_t0"
005610-005772 DataBlock
  ................ 00 00 00 00 00 00 00 00 00 00 00 00 00 00 00 00
  ................ 01 00 00 00 a0 89 c7 12 00 00 00 00 00 00 00 00
  ................ 16 00 00 00 16 00 00 00 ff ff ff ff 00 00 00 00
  ................ 00 00 00 00 00 00 00 00 00 00 00 01 01 00 00 00
  ................ 00 00 00 00 00 00 00 00 00 00 00 00 00 00 00 00
  ................ 00 00 00 00 00 00 00 00 00 00 00 00 00 00 00 00
  ................ 00 00 00 00 00 00 00 00 00 00 00 00 00 00 00 00
  ........9c...foe 00 00 00 00 00 00 00 a0 39 63 19 03 00 66 6f 65
  ................ 16 00 00 00 16 00 00 00 00 00 00 00 02 00 00 00
  ................ 00 00 00 00 00 00 00 00 01 00 00 00 01 00 00 00
  ...              00 00 00
005773-005824 UnicodeBlock "faction_foe_Tooltip_30059"
005825-005826 DataBlock
  ..               00 00
005827-005839 FontNameBlock "la_gioconda"
005840-005855 DataBlock
  ................ 0a 00 00 00 02 00 00 00 01 00 00 00 dd da fa ff
005856-005878 StringBlock "Default Font Category"
005879-005898 DataBlock
  ................ 00 00 00 00 00 00 00 00 00 00 00 00 00 00 00 00
  ....             01 01 00 00
005899-005909 T0Block "normal_t0"
005910-005925 DataBlock
  ................ 00 00 00 00 00 00 00 00 00 00 00 00 00 00 00 00
005926-005936 T0Block "normal_t0"
005937-006059 DataBlock
  ................ 00 00 00 00 00 00 00 00 00 00 00 00 00 00 00 00
  ................ 01 00 00 00 c0 88 c7 12 00 00 00 00 00 00 00 00
  ................ 16 00 00 00 16 00 00 00 ff ff ff ff 00 00 00 00
  ................ 00 00 00 00 00 00 00 00 00 00 00 01 01 00 00 00
  ................ 00 00 00 00 00 00 00 00 00 00 00 00 00 00 00 00
  ................ 00 00 00 00 00 00 00 00 00 00 00 00 00 00 00 00
  ................ 00 00 00 00 00 00 00 00 00 00 00 00 00 00 00 00
  ........;c.      00 00 00 00 00 00 00 a0 3b 63 19
006060-006065 StringBlock "ally"
006066-006100 DataBlock
  ................ 16 00 00 00 16 00 00 00 00 00 00 00 02 00 00 00
  ................ 00 00 00 00 00 00 00 00 01 00 00 00 01 00 00 00
  ...              00 00 00
006101-006156 UnicodeBlock "faction_ally_Tooltip_15002d"
006157-006158 DataBlock
  ..               00 00
006159-006171 FontNameBlock "la_gioconda"
006172-006187 DataBlock
  ................ 0a 00 00 00 02 00 00 00 01 00 00 00 dd da fa ff
006188-006210 StringBlock "Default Font Category"
006211-006230 DataBlock
  ................ 00 00 00 00 00 00 00 00 00 00 00 00 00 00 00 00
  ....             01 01 00 00
006231-006241 T0Block "normal_t0"
006242-006257 DataBlock
  ................ 00 00 00 00 00 00 00 00 00 00 00 00 00 00 00 00
006258-006268 T0Block "normal_t0"
006269-006407 DataBlock
  ................ 00 00 00 00 00 00 00 00 00 00 00 00 00 00 00 00
  ................ 01 00 00 00 00 88 c7 12 00 00 00 00 00 00 00 00
  ................ 16 00 00 00 16 00 00 00 ff ff ff ff 00 00 00 00
  ................ 00 00 00 00 00 00 00 00 00 00 00 01 01 00 00 00
  ................ 00 00 00 00 00 00 00 00 00 00 00 00 00 00 00 00
  ................ 00 00 00 00 00 00 00 00 00 00 00 00 00 00 00 00
  ................ 00 00 00 00 00 00 00 00 00 00 00 00 00 00 00 00
  ................ 00 00 00 00 00 00 00 00 00 00 00 00 00 00 00 00
  .......@n..      00 00 00 01 00 00 00 40 6e c4 12
006408-006420 StringBlock "dy_miniflag"
006421-006463 DataBlock
  ................ 00 00 ff ff ff ff ff ff ff ff 01 01 00 00 00 00
  ................ 00 00 00 00 00 01 00 00 00 00 00 00 00 00 00 00
  ...........      00 00 00 00 00 00 00 00 00 00 00
006464-006514 ImageListBlock 1 elements:
  006468-006514 ImageBlock id=315067008 xsize=24 ysize=24 path="ui\\common ui\\skins\\mon_24.png" unknown=0
006515-006576 DataBlock
  ..........=c...N 00 00 00 00 00 01 00 00 00 80 3d 63 19 08 00 4e
  ewState......... 65 77 53 74 61 74 65 15 00 00 00 15 00 00 00 00
  ................ 00 00 00 02 00 00 00 00 00 00 00 00 00 00 00 01
  ..............   00 00 00 01 00 00 00 00 00 00 00 00 00 00
006577-006589 FontNameBlock "la_gioconda"
006590-006605 DataBlock
  ................ 0a 00 00 00 02 00 00 00 01 00 00 00 dd da fa ff
006606-006628 StringBlock "Default Font Category"
006629-006648 DataBlock
  ................ 00 00 00 00 00 00 00 00 00 00 00 00 00 00 00 00
  ....             01 01 00 00
006649-006659 T0Block "normal_t0"
006660-006675 DataBlock
  ................ 00 00 00 00 00 00 00 00 00 00 00 00 00 00 00 00
006676-006686 T0Block "normal_t0"
006687-006845 DataBlock
  ................ 00 00 00 00 00 00 00 00 00 00 00 00 00 00 00 00
  ................ 01 00 00 00 80 8a c7 12 00 00 00 00 00 00 00 00
  ................ 15 00 00 00 15 00 00 00 ff ff ff ff 00 00 00 00
  ................ 00 00 00 00 00 00 00 00 00 00 00 01 01 00 00 00
  ................ 00 00 00 00 00 00 00 00 00 00 00 00 00 00 00 00
  ................ 00 00 00 00 00 00 00 00 00 00 00 00 00 00 00 00
  ................ 00 00 00 00 00 00 00 00 00 00 00 00 00 00 00 00
  ................ 00 00 00 00 00 00 00 00 00 00 00 00 00 00 00 00
  ................ 00 00 00 00 00 00 00 00 00 00 00 00 00 00 00 00
  .............f.  00 00 00 00 00 00 00 00 00 00 00 90 03 66 0e
006846-006861 StringBlock "unit_cat_frame"
006862-006904 DataBlock
  ......t......... 00 00 0e 00 00 00 74 00 00 00 00 00 00 00 00 00
  ................ 01 00 00 00 00 01 00 00 00 00 08 00 00 00 00 00
  .........f.      00 00 00 00 00 00 00 e0 07 66 0e
006905-006966 ImageListBlock 1 elements:
  006909-006966 ImageBlock id=241567520 xsize=36 ysize=36 path="ui\\skins\\default\\uc_cat_holder_heavy.png" unknown=0
006967-007027 DataBlock
  ...........f...d 00 00 00 00 00 01 00 00 00 e0 07 66 0e 07 00 64
  efault$...$..... 65 66 61 75 6c 74 24 00 00 00 24 00 00 00 00 00
  ................ 00 00 02 00 00 00 00 00 00 00 00 00 00 00 01 00
  .............    00 00 01 00 00 00 00 00 00 00 00 00 00
007028-007040 FontNameBlock "la_gioconda"
007041-007056 DataBlock
  ................ 0a 00 00 00 02 00 00 00 01 00 00 00 dd da fa ff
007057-007079 StringBlock "Default Font Category"
007080-007099 DataBlock
  ................ 00 00 00 00 00 00 00 00 00 00 00 00 00 00 00 00
  ....             00 00 00 00
007100-007110 T0Block "normal_t0"
007111-007126 DataBlock
  ................ 00 00 00 00 00 00 00 00 00 00 00 00 00 00 00 00
007127-007137 T0Block "normal_t0"
007138-007276 DataBlock
  ................ 00 00 00 00 00 00 00 00 00 00 00 00 00 00 00 00
  .... .f......... 01 00 00 00 20 07 66 0e 00 00 00 00 01 00 00 00
  $...$........... 24 00 00 00 24 00 00 00 ff ff ff ff 00 00 00 00
  ................ 00 00 00 00 00 00 00 00 00 00 00 01 01 00 00 00
  ................ 00 00 00 00 00 00 00 00 00 00 00 00 00 00 00 00
  ................ 00 00 00 00 00 00 00 00 00 00 00 00 00 00 00 00
  ................ 00 00 00 00 00 00 00 00 00 00 00 00 00 00 00 00
  ................ 00 00 00 00 00 00 00 00 00 00 00 00 00 00 00 00
  ........2/.      00 00 00 01 00 00 00 d0 32 2f 0d
007277-007296 StringBlock "unit_category_icon"
007297-007316 StringBlock "CallbackRedirector"
007317-007357 DataBlock
  ................ 07 00 00 00 0a 00 00 00 00 00 00 00 00 00 01 00
  ................ 00 00 00 01 00 00 00 00 05 00 00 00 00 00 00 00
  ......5/.        03 00 00 00 00 e0 35 2f 0d
007358-007419 ImageListBlock 1 elements:
  007362-007419 ImageBlock id=241566416 xsize=22 ysize=22 path="ui\\skins\\default\\unit_cat_frame_card.png" unknown=0
007420-007480 DataBlock
  ..........5/...d 00 00 00 00 00 01 00 00 00 e0 35 2f 0d 07 00 64
  efault.......... 65 66 61 75 6c 74 16 00 00 00 16 00 00 00 00 00
  ................ 00 00 02 00 00 00 00 00 00 00 00 00 00 00 01 00
  .............    00 00 01 00 00 00 00 00 00 00 00 00 00
007481-007493 FontNameBlock "la_gioconda"
007494-007509 DataBlock
  ................ 0a 00 00 00 02 00 00 00 01 00 00 00 dd da fa ff
007510-007532 StringBlock "Default Font Category"
007533-007552 DataBlock
  ................ 00 00 00 00 00 00 00 00 00 00 00 00 00 00 00 00
  ....             00 00 01 00
007553-007563 T0Block "normal_t0"
007564-007579 DataBlock
  ................ 00 00 00 00 00 00 00 00 00 00 00 00 00 00 00 00
007580-007590 T0Block "normal_t0"
007591-007713 DataBlock
  ................ 00 00 00 00 00 00 00 00 00 00 00 00 00 00 00 00
  ......f......... 01 00 00 00 d0 02 66 0e 00 00 00 00 00 00 00 00
  ................ 16 00 00 00 16 00 00 00 00 d7 ff ff 00 00 00 00
  ................ 00 00 00 00 00 00 00 00 00 00 00 01 01 00 00 00
  ................ 00 00 00 00 00 00 00 00 00 00 00 00 00 00 00 00
  ................ 00 00 00 00 00 00 00 00 00 00 00 00 00 00 00 00
  ................ 00 00 00 00 00 00 00 00 00 00 00 00 00 00 00 00
  ...........      00 00 00 00 00 00 00 01 00 00 00
007714-007724 StringBlock "parent_id"
007725-007734 StringBlock "UnitCard"
007735-007770 DataBlock
  ................ 00 00 00 00 00 00 00 00 00 00 00 00 00 00 00 00
  ................ 00 00 00 00 00 00 00 00 00 00 00 00 00 00 00 00
  @m..             40 6d fe 14
007771-007780 StringBlock "level_up"
007781-007823 DataBlock
  ................ 00 00 04 00 00 00 05 00 00 00 00 00 00 00 00 00
  ................ 00 00 00 00 00 01 00 00 00 00 01 00 00 00 04 00
  ...........      00 00 05 00 00 00 00 00 00 00 00
007824-007879 ImageListBlock 1 elements:
  007828-007879 ImageBlock id=351890784 xsize=16 ysize=14 path="ui\\skins\\default\\icon_level_up.png" unknown=0
007880-007941 DataBlock
  .........`U....N 00 00 00 00 00 01 00 00 00 60 55 0b 15 08 00 4e
  ewState......... 65 77 53 74 61 74 65 10 00 00 00 0e 00 00 00 00
  ................ 00 00 00 02 00 00 00 00 00 00 00 00 00 00 00 01
  ..............   00 00 00 01 00 00 00 00 00 00 00 00 00 00
007942-007954 FontNameBlock "la_gioconda"
007955-007970 DataBlock
  ................ 0a 00 00 00 02 00 00 00 01 00 00 00 dd da fa ff
007971-007993 StringBlock "Default Font Category"
007994-008013 DataBlock
  ................ 00 00 00 00 00 00 00 00 00 00 00 00 00 00 00 00
  ....             01 01 00 00
008014-008024 T0Block "normal_t0"
008025-008040 DataBlock
  ................ 00 00 00 00 00 00 00 00 00 00 00 00 00 00 00 00
008041-008051 T0Block "normal_t0"
008052-008200 DataBlock
  ................ 00 00 00 00 00 00 00 00 00 00 00 00 00 00 00 00
  ....`m.......... 01 00 00 00 60 6d f9 14 00 00 00 00 00 00 00 00
  ................ 10 00 00 00 0e 00 00 00 ff ff ff ff 00 00 00 00
  ................ 00 00 00 00 00 00 00 00 00 00 00 01 01 00 00 00
  ................ 00 00 00 00 00 00 00 00 00 00 00 00 00 00 00 00
  ................ 00 00 00 00 00 00 00 00 00 00 00 00 00 00 00 00
  ................ 00 00 00 00 00 00 00 00 00 00 00 00 00 00 00 00
  ................ 00 00 00 00 00 00 00 00 00 00 00 00 00 00 00 00
  ................ 00 00 00 00 00 00 00 00 00 00 00 00 00 00 00 00
  ...B.            00 a0 16 42 0d
008201-008220 StringBlock "CharacterAttribute"
008221-008267 DataBlock
  ......}......... 00 00 15 00 00 00 7d 00 00 00 00 00 00 00 00 00
  ................ 01 00 00 00 00 01 00 00 00 00 02 00 00 00 01 00
  ..}....pJ......  00 00 7d 00 00 00 00 70 4a bb 0c 03 00 00 00
008268-008324 ImageBlock id=542004096 xsize=24 ysize=24 path="ui\\skins\\default\\card_icon_champion.png" unknown=1314144256
008325-008325 DataBlock
                   20
008326-008363 ImagePathBlock "ui\\skins\\default\\card_icon_envoy.png"
008364-008372 DataBlock
  .........        18 00 00 00 18 00 00 00 00
008373-008424 ImageBlock id=542004480 xsize=24 ysize=24 path="ui\\skins\\default\\card_icon_spy.png" unknown=0
008425-008437 DataBlock
  .........`F..    00 00 00 00 00 03 00 00 00 60 46 bb 0c
008438-008447 StringBlock "champion"
008448-008486 DataBlock
  ................ 18 00 00 00 18 00 00 00 00 00 00 00 02 00 00 00
  ................ 00 00 00 00 00 00 00 00 01 00 00 00 01 00 00 00
  .......          00 00 00 00 00 00 00
008487-008499 FontNameBlock "la_gioconda"
008500-008515 DataBlock
  ................ 0a 00 00 00 02 00 00 00 01 00 00 00 dd da fa ff
008516-008538 StringBlock "Default Font Category"
008539-008558 DataBlock
  ................ 00 00 00 00 00 00 00 00 00 00 00 00 00 00 00 00
  ....             00 00 00 00
008559-008569 T0Block "normal_t0"
008570-008585 DataBlock
  ................ 00 00 00 00 00 00 00 00 00 00 00 00 00 00 00 00
008586-008596 T0Block "normal_t0"
008597-008763 DataBlock
  ................ 00 00 00 00 00 00 00 00 00 00 00 00 00 00 00 00
  .....SN ........ 01 00 00 00 80 53 4e 20 00 00 00 00 00 00 00 00
  ................ 18 00 00 00 18 00 00 00 ff ff ff ff 00 00 00 05
  ................ 00 00 00 00 00 00 00 00 00 00 00 01 01 00 00 00
  ................ 00 00 00 00 00 00 00 00 00 00 00 00 00 00 00 00
  ................ 00 00 00 00 00 00 00 00 00 00 00 00 00 00 00 00
  ................ 00 00 00 00 00 00 00 00 00 00 00 00 00 00 00 00
  .......`H....spy 00 00 00 00 00 00 00 60 48 bb 0c 03 00 73 70 79
  ................ 18 00 00 00 18 00 00 00 00 00 00 00 02 00 00 00
  ................ 00 00 00 00 00 00 00 00 01 00 00 00 01 00 00 00
  .......          00 00 00 00 00 00 00
008764-008776 FontNameBlock "la_gioconda"
008777-008792 DataBlock
  ................ 0a 00 00 00 02 00 00 00 01 00 00 00 dd da fa ff
008793-008815 StringBlock "Default Font Category"
008816-008835 DataBlock
  ................ 00 00 00 00 00 00 00 00 00 00 00 00 00 00 00 00
  ....             00 00 00 00
008836-008846 T0Block "normal_t0"
008847-008862 DataBlock
  ................ 00 00 00 00 00 00 00 00 00 00 00 00 00 00 00 00
008863-008873 T0Block "normal_t0"
008874-008996 DataBlock
  ................ 00 00 00 00 00 00 00 00 00 00 00 00 00 00 00 00
  .....UN ........ 01 00 00 00 00 55 4e 20 00 00 00 00 00 00 00 00
  ................ 18 00 00 00 18 00 00 00 ff ff ff ff 00 00 00 00
  ................ 00 00 00 00 00 00 00 00 00 00 00 01 01 00 00 00
  ................ 00 00 00 00 00 00 00 00 00 00 00 00 00 00 00 00
  ................ 00 00 00 00 00 00 00 00 00 00 00 00 00 00 00 00
  ................ 00 00 00 00 00 00 00 00 00 00 00 00 00 00 00 00
  .......pJ..      00 00 00 00 00 00 00 70 4a bb 0c
008997-009007 StringBlock "dignitary"
009008-009046 DataBlock
  ................ 18 00 00 00 18 00 00 00 00 00 00 00 02 00 00 00
  ................ 00 00 00 00 00 00 00 00 01 00 00 00 01 00 00 00
  .......          00 00 00 00 00 00 00
009047-009059 FontNameBlock "la_gioconda"
009060-009075 DataBlock
  ................ 0a 00 00 00 02 00 00 00 01 00 00 00 dd da fa ff
009076-009098 StringBlock "Default Font Category"
009099-009118 DataBlock
  ................ 00 00 00 00 00 00 00 00 00 00 00 00 00 00 00 00
  ....             00 00 00 00
009119-009129 T0Block "normal_t0"
009130-009145 DataBlock
  ................ 00 00 00 00 00 00 00 00 00 00 00 00 00 00 00 00
009146-009156 T0Block "normal_t0"
009157-009295 DataBlock
  ................ 00 00 00 00 00 00 00 00 00 00 00 00 00 00 00 00
  ....@TN ........ 01 00 00 00 40 54 4e 20 00 00 00 00 ff ff ff ff
  ................ 18 00 00 00 18 00 00 00 ff ff ff ff 00 00 00 00
  ................ 00 00 00 00 00 00 00 00 00 00 00 01 01 00 00 00
  ................ 00 00 00 00 00 00 00 00 00 00 00 00 00 00 00 00
  ................ 00 00 00 00 00 00 00 00 00 00 00 00 00 00 00 00
  ................ 00 00 00 00 00 00 00 00 00 00 00 00 00 00 00 00
  ................ 00 00 00 00 00 00 00 00 00 00 00 0a 00 00 00 00
  ...........      00 00 00 01 00 00 00 00 b8 e4 1b
009296-009309 StringBlock "level_parent"
009310-009372 DataBlock
  ................ 00 00 ef ff ff ff fd ff ff ff 00 00 00 00 00 00
  ................ 01 00 00 00 00 01 00 00 00 00 00 00 00 00 00 00
  ....... ........ 00 00 00 00 00 00 00 20 bc e4 1b 00 00 00 00 00
  ........... ...  00 00 00 00 00 00 00 01 00 00 00 20 bc e4 1b
009373-009382 NewStateBlock "NewState"
009383-009421 DataBlock
  ................ 0a 00 00 00 0a 00 00 00 00 00 00 00 02 00 00 00
  ................ 00 00 00 00 00 00 00 00 01 00 00 00 01 00 00 00
  .......          00 00 00 00 00 00 00
009422-009434 FontNameBlock "la_gioconda"
009435-009450 DataBlock
  ................ 0a 00 00 00 02 00 00 00 01 00 00 00 dd da fa ff
009451-009473 StringBlock "Default Font Category"
009474-009493 DataBlock
  ................ 00 00 00 00 00 00 00 00 00 00 00 00 00 00 00 00
  ....             00 00 00 00
009494-009504 T0Block "normal_t0"
009505-009520 DataBlock
  ................ 00 00 00 00 00 00 00 00 00 00 00 00 00 00 00 00
009521-009531 T0Block "normal_t0"
009532-009583 DataBlock
  ................ 00 00 00 00 00 00 00 00 00 00 00 00 00 00 00 00
  ................ 00 00 00 00 00 00 00 00 00 00 00 00 00 00 00 00
  ................ 00 00 00 00 00 00 00 00 00 00 00 00 01 00 00 00
   7..             20 37 94 0c
009584-009590 StringBlock "Level"
009591-009633 DataBlock
  ................ 00 00 00 00 00 00 ba ff ff ff 00 00 00 00 00 00
  ................ 01 00 00 00 00 01 00 00 00 00 08 00 00 00 00 00
  ....... ...      00 00 00 00 00 00 00 20 e3 05 0d
009634-009693 ImageListBlock 1 elements:
  009638-009693 ImageBlock id=211039232 xsize=11 ysize=11 path="ui\\skins\\default\\level_icon_yellow.png" unknown=0
009694-009777 DataBlock
  .........0.....1 00 00 00 00 00 0b 00 00 00 30 e1 05 0d 01 00 31
  ....P........... 0b 00 00 00 50 00 00 00 00 00 00 00 02 00 00 00
  ................ 00 00 00 00 00 00 00 00 01 00 00 00 01 00 00 00
  .........la_gioc 00 00 00 00 00 00 00 0b 00 6c 61 5f 67 69 6f 63
  onda............ 6f 6e 64 61 0a 00 00 00 02 00 00 00 01 00 00 00
  ....             dd da fa ff
009778-009800 StringBlock "Default Font Category"
009801-009820 DataBlock
  ................ 00 00 00 00 00 00 00 00 00 00 00 00 00 00 00 00
  ....             00 00 00 00
009821-009831 T0Block "normal_t0"
009832-009847 DataBlock
  ................ 00 00 00 00 00 00 00 00 00 00 00 00 00 00 00 00
009848-009858 T0Block "normal_t0"
009859-010023 DataBlock
  ................ 00 00 00 00 00 00 00 00 00 00 00 00 00 00 00 00
  .....4......E... 01 00 00 00 00 34 94 0c 00 00 00 00 45 00 00 00
  ................ 0b 00 00 00 0b 00 00 00 ff ff ff ff 00 00 00 08
  ................ 00 00 00 00 00 00 00 00 00 00 00 01 01 00 00 00
  ................ 00 00 00 00 00 00 00 00 00 00 00 00 00 00 00 00
  ................ 00 00 00 00 00 00 00 00 00 00 00 00 00 00 00 00
  ................ 00 00 00 00 00 00 00 00 00 00 00 00 00 00 00 00
  ....... .....0.. 00 00 00 00 00 00 00 20 e3 05 0d 01 00 30 0b 00
  ..P............. 00 00 50 00 00 00 00 00 00 00 02 00 00 00 00 00
  ................ 00 00 00 00 00 00 01 00 00 00 01 00 00 00 00 00
  .....            00 00 00 00 00
010024-010036 FontNameBlock "la_gioconda"
010037-010052 DataBlock
  ................ 0a 00 00 00 02 00 00 00 01 00 00 00 dd da fa ff
010053-010075 StringBlock "Default Font Category"
010076-010095 DataBlock
  ................ 00 00 00 00 00 00 00 00 00 00 00 00 00 00 00 00
  ....             00 00 00 00
010096-010106 T0Block "normal_t0"
010107-010122 DataBlock
  ................ 00 00 00 00 00 00 00 00 00 00 00 00 00 00 00 00
010123-010133 T0Block "normal_t0"
010134-010211 DataBlock
  ................ 00 00 00 00 00 00 00 00 00 00 00 00 00 00 00 00
  ................ 00 00 00 00 00 00 00 00 00 00 00 00 00 00 00 00
  ......3....P.... 10 e5 05 0d 01 00 33 0b 00 00 00 50 00 00 00 00
  ................ 00 00 00 02 00 00 00 00 00 00 00 00 00 00 00 01
  ..............   00 00 00 01 00 00 00 00 00 00 00 00 00 00
010212-010224 FontNameBlock "la_gioconda"
010225-010240 DataBlock
  ................ 0a 00 00 00 02 00 00 00 01 00 00 00 dd da fa ff
010241-010263 StringBlock "Default Font Category"
010264-010283 DataBlock
  ................ 00 00 00 00 00 00 00 00 00 00 00 00 00 00 00 00
  ....             00 00 00 00
010284-010294 T0Block "normal_t0"
010295-010310 DataBlock
  ................ 00 00 00 00 00 00 00 00 00 00 00 00 00 00 00 00
010311-010321 T0Block "normal_t0"
010322-010660 DataBlock
  ................ 00 00 00 00 00 00 00 00 00 00 00 00 00 00 00 00
  .....4......5... 03 00 00 00 00 34 94 0c 00 00 00 00 35 00 00 00
  ................ 0b 00 00 00 0b 00 00 00 ff ff ff ff 00 00 00 08
  ................ 00 00 00 00 00 00 00 f0 ff ff ff 01 01 00 00 00
  ................ 00 00 00 00 00 00 00 00 00 00 00 00 00 00 00 00
  ................ 00 00 00 00 00 00 00 00 00 00 00 00 00 00 00 00
  ............4... 00 00 00 00 00 00 00 00 00 00 00 00 34 94 0c 00
  ...=............ 00 00 00 3d 00 00 00 0b 00 00 00 0b 00 00 00 ff
  ................ ff ff ff 00 00 00 08 00 00 00 00 00 00 00 f8 ff
  ................ ff ff 01 01 00 00 00 00 00 00 00 00 00 00 00 00
  ................ 00 00 00 00 00 00 00 00 00 00 00 00 00 00 00 00
  ................ 00 00 00 00 00 00 00 00 00 00 00 00 00 00 00 00
  ...4......E..... 00 00 00 34 94 0c 00 00 00 00 45 00 00 00 0b 00
  ................ 00 00 0b 00 00 00 ff ff ff ff 00 00 00 08 00 00
  ................ 00 00 00 00 00 00 00 00 00 01 01 00 00 00 00 00
  ................ 00 00 00 00 00 00 00 00 00 00 00 00 00 00 00 00
  ................ 00 00 00 00 00 00 00 00 00 00 00 00 00 00 00 00
  ................ 00 00 00 00 00 00 00 00 00 00 00 00 00 00 00 00
  .....p.....2.... 00 00 00 00 00 70 e9 05 0d 01 00 32 0b 00 00 00
  P............... 50 00 00 00 00 00 00 00 02 00 00 00 00 00 00 00
  ................ 00 00 00 00 01 00 00 00 01 00 00 00 00 00 00 00
  ...              00 00 00
010661-010673 FontNameBlock "la_gioconda"
010674-010689 DataBlock
  ................ 0a 00 00 00 02 00 00 00 01 00 00 00 dd da fa ff
010690-010712 StringBlock "Default Font Category"
010713-010732 DataBlock
  ................ 00 00 00 00 00 00 00 00 00 00 00 00 00 00 00 00
  ....             00 00 00 00
010733-010743 T0Block "normal_t0"
010744-010759 DataBlock
  ................ 00 00 00 00 00 00 00 00 00 00 00 00 00 00 00 00
010760-010770 T0Block "normal_t0"
010771-011022 DataBlock
  ................ 00 00 00 00 00 00 00 00 00 00 00 00 00 00 00 00
  .....4......=... 02 00 00 00 00 34 94 0c 00 00 00 00 3d 00 00 00
  ................ 0b 00 00 00 0b 00 00 00 ff ff ff ff 00 00 00 08
  ................ 00 00 00 00 00 00 00 f8 ff ff ff 01 01 00 00 00
  ................ 00 00 00 00 00 00 00 00 00 00 00 00 00 00 00 00
  ................ 00 00 00 00 00 00 00 00 00 00 00 00 00 00 00 00
  ............4... 00 00 00 00 00 00 00 00 00 00 00 00 34 94 0c 00
  ...E............ 00 00 00 45 00 00 00 0b 00 00 00 0b 00 00 00 ff
  ................ ff ff ff 00 00 00 08 00 00 00 00 00 00 00 00 00
  ................ 00 00 01 01 00 00 00 00 00 00 00 00 00 00 00 00
  ................ 00 00 00 00 00 00 00 00 00 00 00 00 00 00 00 00
  ................ 00 00 00 00 00 00 00 00 00 00 00 00 00 00 00 00
  ................ 00 00 00 00 00 00 00 00 00 00 00 00 00 00 b0 ed
  ....5....P...... 05 0d 01 00 35 0b 00 00 00 50 00 00 00 00 00 00
  ................ 00 02 00 00 00 00 00 00 00 00 00 00 00 01 00 00
  ............     00 01 00 00 00 00 00 00 00 00 00 00
011023-011035 FontNameBlock "la_gioconda"
011036-011051 DataBlock
  ................ 0a 00 00 00 02 00 00 00 01 00 00 00 dd da fa ff
011052-011074 StringBlock "Default Font Category"
011075-011094 DataBlock
  ................ 00 00 00 00 00 00 00 00 00 00 00 00 00 00 00 00
  ....             00 00 00 00
011095-011105 T0Block "normal_t0"
011106-011121 DataBlock
  ................ 00 00 00 00 00 00 00 00 00 00 00 00 00 00 00 00
011122-011132 T0Block "normal_t0"
011133-011645 DataBlock
  ................ 00 00 00 00 00 00 00 00 00 00 00 00 00 00 00 00
  .....4......%... 05 00 00 00 00 34 94 0c 00 00 00 00 25 00 00 00
  ................ 0b 00 00 00 0b 00 00 00 ff ff ff ff 00 00 00 08
  ................ 00 00 00 00 00 00 00 e0 ff ff ff 01 01 00 00 00
  ................ 00 00 00 00 00 00 00 00 00 00 00 00 00 00 00 00
  ................ 00 00 00 00 00 00 00 00 00 00 00 00 00 00 00 00
  ............4... 00 00 00 00 00 00 00 00 00 00 00 00 34 94 0c 00
  ...-............ 00 00 00 2d 00 00 00 0b 00 00 00 0b 00 00 00 ff
  ................ ff ff ff 00 00 00 08 00 00 00 00 00 00 00 e8 ff
  ................ ff ff 01 01 00 00 00 00 00 00 00 00 00 00 00 00
  ................ 00 00 00 00 00 00 00 00 00 00 00 00 00 00 00 00
  ................ 00 00 00 00 00 00 00 00 00 00 00 00 00 00 00 00
  ...4......5..... 00 00 00 34 94 0c 00 00 00 00 35 00 00 00 0b 00
  ................ 00 00 0b 00 00 00 ff ff ff ff 00 00 00 08 00 00
  ................ 00 00 00 00 00 f0 ff ff ff 01 01 00 00 00 00 00
  ................ 00 00 00 00 00 00 00 00 00 00 00 00 00 00 00 00
  ................ 00 00 00 00 00 00 00 00 00 00 00 00 00 00 00 00
  ..........4..... 00 00 00 00 00 00 00 00 00 00 34 94 0c 00 00 00
  .=.............. 00 3d 00 00 00 0b 00 00 00 0b 00 00 00 ff ff ff
  ................ ff 00 00 00 08 00 00 00 00 00 00 00 f8 ff ff ff
  ................ 01 01 00 00 00 00 00 00 00 00 00 00 00 00 00 00
  ................ 00 00 00 00 00 00 00 00 00 00 00 00 00 00 00 00
  ................ 00 00 00 00 00 00 00 00 00 00 00 00 00 00 00 00
  .4......E....... 00 34 94 0c 00 00 00 00 45 00 00 00 0b 00 00 00
  ................ 0b 00 00 00 ff ff ff ff 00 00 00 08 00 00 00 00
  ................ 00 00 00 00 00 00 00 01 01 00 00 00 00 00 00 00
  ................ 00 00 00 00 00 00 00 00 00 00 00 00 00 00 00 00
  ................ 00 00 00 00 00 00 00 00 00 00 00 00 00 00 00 00
  ................ 00 00 00 00 00 00 00 00 00 00 00 00 00 00 00 00
  .........4....P. 00 00 00 a0 f4 05 0d 01 00 34 0b 00 00 00 50 00
  ................ 00 00 00 00 00 00 02 00 00 00 00 00 00 00 00 00
  ................ 00 00 01 00 00 00 01 00 00 00 00 00 00 00 00 00
  .                00
011646-011658 FontNameBlock "la_gioconda"
011659-011674 DataBlock
  ................ 0a 00 00 00 02 00 00 00 01 00 00 00 dd da fa ff
011675-011697 StringBlock "Default Font Category"
011698-011717 DataBlock
  ................ 00 00 00 00 00 00 00 00 00 00 00 00 00 00 00 00
  ....             00 00 00 00
011718-011728 T0Block "normal_t0"
011729-011744 DataBlock
  ................ 00 00 00 00 00 00 00 00 00 00 00 00 00 00 00 00
011745-011755 T0Block "normal_t0"
011756-012181 DataBlock
  ................ 00 00 00 00 00 00 00 00 00 00 00 00 00 00 00 00
  .....4......-... 04 00 00 00 00 34 94 0c 00 00 00 00 2d 00 00 00
  ................ 0b 00 00 00 0b 00 00 00 ff ff ff ff 00 00 00 08
  ................ 00 00 00 00 00 00 00 e8 ff ff ff 01 01 00 00 00
  ................ 00 00 00 00 00 00 00 00 00 00 00 00 00 00 00 00
  ................ 00 00 00 00 00 00 00 00 00 00 00 00 00 00 00 00
  ............4... 00 00 00 00 00 00 00 00 00 00 00 00 34 94 0c 00
  ...5............ 00 00 00 35 00 00 00 0b 00 00 00 0b 00 00 00 ff
  ................ ff ff ff 00 00 00 08 00 00 00 00 00 00 00 f0 ff
  ................ ff ff 01 01 00 00 00 00 00 00 00 00 00 00 00 00
  ................ 00 00 00 00 00 00 00 00 00 00 00 00 00 00 00 00
  ................ 00 00 00 00 00 00 00 00 00 00 00 00 00 00 00 00
  ...4......=..... 00 00 00 34 94 0c 00 00 00 00 3d 00 00 00 0b 00
  ................ 00 00 0b 00 00 00 ff ff ff ff 00 00 00 08 00 00
  ................ 00 00 00 00 00 f8 ff ff ff 01 01 00 00 00 00 00
  ................ 00 00 00 00 00 00 00 00 00 00 00 00 00 00 00 00
  ................ 00 00 00 00 00 00 00 00 00 00 00 00 00 00 00 00
  ..........4..... 00 00 00 00 00 00 00 00 00 00 34 94 0c 00 00 00
  .E.............. 00 45 00 00 00 0b 00 00 00 0b 00 00 00 ff ff ff
  ................ ff 00 00 00 08 00 00 00 00 00 00 00 00 00 00 00
  ................ 01 01 00 00 00 00 00 00 00 00 00 00 00 00 00 00
  ................ 00 00 00 00 00 00 00 00 00 00 00 00 00 00 00 00
  ................ 00 00 00 00 00 00 00 00 00 00 00 00 00 00 00 00
  ............ u3. 00 00 00 00 00 00 00 00 00 00 00 00 20 75 33 11
  ..7....P........ 01 00 37 0b 00 00 00 50 00 00 00 00 00 00 00 02
  ................ 00 00 00 00 00 00 00 00 00 00 00 01 00 00 00 01
  ..........       00 00 00 00 00 00 00 00 00 00
012182-012194 FontNameBlock "la_gioconda"
012195-012210 DataBlock
  ................ 0a 00 00 00 02 00 00 00 01 00 00 00 dd da fa ff
012211-012233 StringBlock "Default Font Category"
012234-012253 DataBlock
  ................ 00 00 00 00 00 00 00 00 00 00 00 00 00 00 00 00
  ....             00 00 00 00
012254-012264 T0Block "normal_t0"
012265-012280 DataBlock
  ................ 00 00 00 00 00 00 00 00 00 00 00 00 00 00 00 00
012281-012291 T0Block "normal_t0"
012292-012978 DataBlock
  ................ 00 00 00 00 00 00 00 00 00 00 00 00 00 00 00 00
  .....4.......... 07 00 00 00 00 34 94 0c 00 00 00 00 15 00 00 00
  ................ 0b 00 00 00 0b 00 00 00 ff ff ff ff 00 00 00 08
  ................ 00 00 00 00 00 00 00 d0 ff ff ff 01 01 00 00 00
  ................ 00 00 00 00 00 00 00 00 00 00 00 00 00 00 00 00
  ................ 00 00 00 00 00 00 00 00 00 00 00 00 00 00 00 00
  ............4... 00 00 00 00 00 00 00 00 00 00 00 00 34 94 0c 00
  ................ 00 00 00 1d 00 00 00 0b 00 00 00 0b 00 00 00 ff
  ................ ff ff ff 00 00 00 08 00 00 00 00 00 00 00 d8 ff
  ................ ff ff 01 01 00 00 00 00 00 00 00 00 00 00 00 00
  ................ 00 00 00 00 00 00 00 00 00 00 00 00 00 00 00 00
  ................ 00 00 00 00 00 00 00 00 00 00 00 00 00 00 00 00
  ...4......%..... 00 00 00 34 94 0c 00 00 00 00 25 00 00 00 0b 00
  ................ 00 00 0b 00 00 00 ff ff ff ff 00 00 00 08 00 00
  ................ 00 00 00 00 00 e0 ff ff ff 01 01 00 00 00 00 00
  ................ 00 00 00 00 00 00 00 00 00 00 00 00 00 00 00 00
  ................ 00 00 00 00 00 00 00 00 00 00 00 00 00 00 00 00
  ..........4..... 00 00 00 00 00 00 00 00 00 00 34 94 0c 00 00 00
  .-.............. 00 2d 00 00 00 0b 00 00 00 0b 00 00 00 ff ff ff
  ................ ff 00 00 00 08 00 00 00 00 00 00 00 e8 ff ff ff
  ................ 01 01 00 00 00 00 00 00 00 00 00 00 00 00 00 00
  ................ 00 00 00 00 00 00 00 00 00 00 00 00 00 00 00 00
  ................ 00 00 00 00 00 00 00 00 00 00 00 00 00 00 00 00
  .4......5....... 00 34 94 0c 00 00 00 00 35 00 00 00 0b 00 00 00
  ................ 0b 00 00 00 ff ff ff ff 00 00 00 08 00 00 00 00
  ................ 00 00 00 f0 ff ff ff 01 01 00 00 00 00 00 00 00
  ................ 00 00 00 00 00 00 00 00 00 00 00 00 00 00 00 00
  ................ 00 00 00 00 00 00 00 00 00 00 00 00 00 00 00 00
  ........4......= 00 00 00 00 00 00 00 00 34 94 0c 00 00 00 00 3d
  ................ 00 00 00 0b 00 00 00 0b 00 00 00 ff ff ff ff 00
  ................ 00 00 08 00 00 00 00 00 00 00 f8 ff ff ff 01 01
  ................ 00 00 00 00 00 00 00 00 00 00 00 00 00 00 00 00
  ................ 00 00 00 00 00 00 00 00 00 00 00 00 00 00 00 00
  ...............4 00 00 00 00 00 00 00 00 00 00 00 00 00 00 00 34
  ......E......... 94 0c 00 00 00 00 45 00 00 00 0b 00 00 00 0b 00
  ................ 00 00 ff ff ff ff 00 00 00 08 00 00 00 00 00 00
  ................ 00 00 00 00 00 01 01 00 00 00 00 00 00 00 00 00
  ................ 00 00 00 00 00 00 00 00 00 00 00 00 00 00 00 00
  ................ 00 00 00 00 00 00 00 00 00 00 00 00 00 00 00 00
  ................ 00 00 00 00 00 00 00 00 00 00 00 00 00 00 00 00
  ..}3...6....P... 00 c0 7d 33 11 01 00 36 0b 00 00 00 50 00 00 00
  ................ 00 00 00 00 02 00 00 00 00 00 00 00 00 00 00 00
  ...............  01 00 00 00 01 00 00 00 00 00 00 00 00 00 00
012979-012991 FontNameBlock "la_gioconda"
012992-013007 DataBlock
  ................ 0a 00 00 00 02 00 00 00 01 00 00 00 dd da fa ff
013008-013030 StringBlock "Default Font Category"
013031-013050 DataBlock
  ................ 00 00 00 00 00 00 00 00 00 00 00 00 00 00 00 00
  ....             00 00 00 00
013051-013061 T0Block "normal_t0"
013062-013077 DataBlock
  ................ 00 00 00 00 00 00 00 00 00 00 00 00 00 00 00 00
013078-013088 T0Block "normal_t0"
013089-013688 DataBlock
  ................ 00 00 00 00 00 00 00 00 00 00 00 00 00 00 00 00
  .....4.......... 06 00 00 00 00 34 94 0c 00 00 00 00 1d 00 00 00
  ................ 0b 00 00 00 0b 00 00 00 ff ff ff ff 00 00 00 08
  ................ 00 00 00 00 00 00 00 d8 ff ff ff 01 01 00 00 00
  ................ 00 00 00 00 00 00 00 00 00 00 00 00 00 00 00 00
  ................ 00 00 00 00 00 00 00 00 00 00 00 00 00 00 00 00
  ............4... 00 00 00 00 00 00 00 00 00 00 00 00 34 94 0c 00
  ...%............ 00 00 00 25 00 00 00 0b 00 00 00 0b 00 00 00 ff
  ................ ff ff ff 00 00 00 08 00 00 00 00 00 00 00 e0 ff
  ................ ff ff 01 01 00 00 00 00 00 00 00 00 00 00 00 00
  ................ 00 00 00 00 00 00 00 00 00 00 00 00 00 00 00 00
  ................ 00 00 00 00 00 00 00 00 00 00 00 00 00 00 00 00
  ...4......-..... 00 00 00 34 94 0c 00 00 00 00 2d 00 00 00 0b 00
  ................ 00 00 0b 00 00 00 ff ff ff ff 00 00 00 08 00 00
  ................ 00 00 00 00 00 e8 ff ff ff 01 01 00 00 00 00 00
  ................ 00 00 00 00 00 00 00 00 00 00 00 00 00 00 00 00
  ................ 00 00 00 00 00 00 00 00 00 00 00 00 00 00 00 00
  ..........4..... 00 00 00 00 00 00 00 00 00 00 34 94 0c 00 00 00
  .5.............. 00 35 00 00 00 0b 00 00 00 0b 00 00 00 ff ff ff
  ................ ff 00 00 00 08 00 00 00 00 00 00 00 f0 ff ff ff
  ................ 01 01 00 00 00 00 00 00 00 00 00 00 00 00 00 00
  ................ 00 00 00 00 00 00 00 00 00 00 00 00 00 00 00 00
  ................ 00 00 00 00 00 00 00 00 00 00 00 00 00 00 00 00
  .4......=....... 00 34 94 0c 00 00 00 00 3d 00 00 00 0b 00 00 00
  ................ 0b 00 00 00 ff ff ff ff 00 00 00 08 00 00 00 00
  ................ 00 00 00 f8 ff ff ff 01 01 00 00 00 00 00 00 00
  ................ 00 00 00 00 00 00 00 00 00 00 00 00 00 00 00 00
  ................ 00 00 00 00 00 00 00 00 00 00 00 00 00 00 00 00
  ........4......E 00 00 00 00 00 00 00 00 34 94 0c 00 00 00 00 45
  ................ 00 00 00 0b 00 00 00 0b 00 00 00 ff ff ff ff 00
  ................ 00 00 08 00 00 00 00 00 00 00 00 00 00 00 01 01
  ................ 00 00 00 00 00 00 00 00 00 00 00 00 00 00 00 00
  ................ 00 00 00 00 00 00 00 00 00 00 00 00 00 00 00 00
  ................ 00 00 00 00 00 00 00 00 00 00 00 00 00 00 00 00
  ................ 00 00 00 00 00 00 00 00 00 00 10 87 95 0c 01 00
  9....P.......... 39 0b 00 00 00 50 00 00 00 00 00 00 00 02 00 00
  ................ 00 00 00 00 00 00 00 00 00 01 00 00 00 01 00 00
  ........         00 00 00 00 00 00 00 00
013689-013701 FontNameBlock "la_gioconda"
013702-013717 DataBlock
  ................ 0a 00 00 00 02 00 00 00 01 00 00 00 dd da fa ff
013718-013740 StringBlock "Default Font Category"
013741-013760 DataBlock
  ................ 00 00 00 00 00 00 00 00 00 00 00 00 00 00 00 00
  ....             00 00 00 00
013761-013771 T0Block "normal_t0"
013772-013787 DataBlock
  ................ 00 00 00 00 00 00 00 00 00 00 00 00 00 00 00 00
013788-013798 T0Block "normal_t0"
013799-014659 DataBlock
  ................ 00 00 00 00 00 00 00 00 00 00 00 00 00 00 00 00
  .....4.......... 09 00 00 00 00 34 94 0c 00 00 00 00 05 00 00 00
  ................ 0b 00 00 00 0b 00 00 00 ff ff ff ff 00 00 00 08
  ................ 00 00 00 00 00 00 00 c0 ff ff ff 01 01 00 00 00
  ................ 00 00 00 00 00 00 00 00 00 00 00 00 00 00 00 00
  ................ 00 00 00 00 00 00 00 00 00 00 00 00 00 00 00 00
  ............4... 00 00 00 00 00 00 00 00 00 00 00 00 34 94 0c 00
  ................ 00 00 00 0d 00 00 00 0b 00 00 00 0b 00 00 00 ff
  ................ ff ff ff 00 00 00 08 00 00 00 00 00 00 00 c8 ff
  ................ ff ff 01 01 00 00 00 00 00 00 00 00 00 00 00 00
  ................ 00 00 00 00 00 00 00 00 00 00 00 00 00 00 00 00
  ................ 00 00 00 00 00 00 00 00 00 00 00 00 00 00 00 00
  ...4............ 00 00 00 34 94 0c 00 00 00 00 15 00 00 00 0b 00
  ................ 00 00 0b 00 00 00 ff ff ff ff 00 00 00 08 00 00
  ................ 00 00 00 00 00 d0 ff ff ff 01 01 00 00 00 00 00
  ................ 00 00 00 00 00 00 00 00 00 00 00 00 00 00 00 00
  ................ 00 00 00 00 00 00 00 00 00 00 00 00 00 00 00 00
  ..........4..... 00 00 00 00 00 00 00 00 00 00 34 94 0c 00 00 00
  ................ 00 1d 00 00 00 0b 00 00 00 0b 00 00 00 ff ff ff
  ................ ff 00 00 00 08 00 00 00 00 00 00 00 d8 ff ff ff
  ................ 01 01 00 00 00 00 00 00 00 00 00 00 00 00 00 00
  ................ 00 00 00 00 00 00 00 00 00 00 00 00 00 00 00 00
  ................ 00 00 00 00 00 00 00 00 00 00 00 00 00 00 00 00
  .4......%....... 00 34 94 0c 00 00 00 00 25 00 00 00 0b 00 00 00
  ................ 0b 00 00 00 ff ff ff ff 00 00 00 08 00 00 00 00
  ................ 00 00 00 e0 ff ff ff 01 01 00 00 00 00 00 00 00
  ................ 00 00 00 00 00 00 00 00 00 00 00 00 00 00 00 00
  ................ 00 00 00 00 00 00 00 00 00 00 00 00 00 00 00 00
  ........4......- 00 00 00 00 00 00 00 00 34 94 0c 00 00 00 00 2d
  ................ 00 00 00 0b 00 00 00 0b 00 00 00 ff ff ff ff 00
  ................ 00 00 08 00 00 00 00 00 00 00 e8 ff ff ff 01 01
  ................ 00 00 00 00 00 00 00 00 00 00 00 00 00 00 00 00
  ................ 00 00 00 00 00 00 00 00 00 00 00 00 00 00 00 00
  ...............4 00 00 00 00 00 00 00 00 00 00 00 00 00 00 00 34
  ......5......... 94 0c 00 00 00 00 35 00 00 00 0b 00 00 00 0b 00
  ................ 00 00 ff ff ff ff 00 00 00 08 00 00 00 00 00 00
  ................ 00 f0 ff ff ff 01 01 00 00 00 00 00 00 00 00 00
  ................ 00 00 00 00 00 00 00 00 00 00 00 00 00 00 00 00
  ................ 00 00 00 00 00 00 00 00 00 00 00 00 00 00 00 00
  ......4......=.. 00 00 00 00 00 00 34 94 0c 00 00 00 00 3d 00 00
  ................ 00 0b 00 00 00 0b 00 00 00 ff ff ff ff 00 00 00
  ................ 08 00 00 00 00 00 00 00 f8 ff ff ff 01 01 00 00
  ................ 00 00 00 00 00 00 00 00 00 00 00 00 00 00 00 00
  ................ 00 00 00 00 00 00 00 00 00 00 00 00 00 00 00 00
  .............4.. 00 00 00 00 00 00 00 00 00 00 00 00 00 34 94 0c
  ....E........... 00 00 00 00 45 00 00 00 0b 00 00 00 0b 00 00 00
  ................ ff ff ff ff 00 00 00 08 00 00 00 00 00 00 00 00
  ................ 00 00 00 01 01 00 00 00 00 00 00 00 00 00 00 00
  ................ 00 00 00 00 00 00 00 00 00 00 00 00 00 00 00 00
  ................ 00 00 00 00 00 00 00 00 00 00 00 00 00 00 00 00
  ...............` 00 00 00 00 00 00 00 00 00 00 00 00 00 00 00 60
  .....8....P..... 90 95 0c 01 00 38 0b 00 00 00 50 00 00 00 00 00
  ................ 00 00 02 00 00 00 00 00 00 00 00 00 00 00 01 00
  .............    00 00 01 00 00 00 00 00 00 00 00 00 00
014660-014672 FontNameBlock "la_gioconda"
014673-014688 DataBlock
  ................ 0a 00 00 00 02 00 00 00 01 00 00 00 dd da fa ff
014689-014711 StringBlock "Default Font Category"
014712-014731 DataBlock
  ................ 00 00 00 00 00 00 00 00 00 00 00 00 00 00 00 00
  ....             00 00 00 00
014732-014742 T0Block "normal_t0"
014743-014758 DataBlock
  ................ 00 00 00 00 00 00 00 00 00 00 00 00 00 00 00 00
014759-014769 T0Block "normal_t0"
014770-015544 DataBlock
  ................ 00 00 00 00 00 00 00 00 00 00 00 00 00 00 00 00
  .....4.......... 08 00 00 00 00 34 94 0c 00 00 00 00 0d 00 00 00
  ................ 0b 00 00 00 0b 00 00 00 ff ff ff ff 00 00 00 08
  ................ 00 00 00 00 00 00 00 c8 ff ff ff 01 01 00 00 00
  ................ 00 00 00 00 00 00 00 00 00 00 00 00 00 00 00 00
  ................ 00 00 00 00 00 00 00 00 00 00 00 00 00 00 00 00
  ............4... 00 00 00 00 00 00 00 00 00 00 00 00 34 94 0c 00
  ................ 00 00 00 15 00 00 00 0b 00 00 00 0b 00 00 00 ff
  ................ ff ff ff 00 00 00 08 00 00 00 00 00 00 00 d0 ff
  ................ ff ff 01 01 00 00 00 00 00 00 00 00 00 00 00 00
  ................ 00 00 00 00 00 00 00 00 00 00 00 00 00 00 00 00
  ................ 00 00 00 00 00 00 00 00 00 00 00 00 00 00 00 00
  ...4............ 00 00 00 34 94 0c 00 00 00 00 1d 00 00 00 0b 00
  ................ 00 00 0b 00 00 00 ff ff ff ff 00 00 00 08 00 00
  ................ 00 00 00 00 00 d8 ff ff ff 01 01 00 00 00 00 00
  ................ 00 00 00 00 00 00 00 00 00 00 00 00 00 00 00 00
  ................ 00 00 00 00 00 00 00 00 00 00 00 00 00 00 00 00
  ..........4..... 00 00 00 00 00 00 00 00 00 00 34 94 0c 00 00 00
  .%.............. 00 25 00 00 00 0b 00 00 00 0b 00 00 00 ff ff ff
  ................ ff 00 00 00 08 00 00 00 00 00 00 00 e0 ff ff ff
  ................ 01 01 00 00 00 00 00 00 00 00 00 00 00 00 00 00
  ................ 00 00 00 00 00 00 00 00 00 00 00 00 00 00 00 00
  ................ 00 00 00 00 00 00 00 00 00 00 00 00 00 00 00 00
  .4......-....... 00 34 94 0c 00 00 00 00 2d 00 00 00 0b 00 00 00
  ................ 0b 00 00 00 ff ff ff ff 00 00 00 08 00 00 00 00
  ................ 00 00 00 e8 ff ff ff 01 01 00 00 00 00 00 00 00
  ................ 00 00 00 00 00 00 00 00 00 00 00 00 00 00 00 00
  ................ 00 00 00 00 00 00 00 00 00 00 00 00 00 00 00 00
  ........4......5 00 00 00 00 00 00 00 00 34 94 0c 00 00 00 00 35
  ................ 00 00 00 0b 00 00 00 0b 00 00 00 ff ff ff ff 00
  ................ 00 00 08 00 00 00 00 00 00 00 f0 ff ff ff 01 01
  ................ 00 00 00 00 00 00 00 00 00 00 00 00 00 00 00 00
  ................ 00 00 00 00 00 00 00 00 00 00 00 00 00 00 00 00
  ...............4 00 00 00 00 00 00 00 00 00 00 00 00 00 00 00 34
  ......=......... 94 0c 00 00 00 00 3d 00 00 00 0b 00 00 00 0b 00
  ................ 00 00 ff ff ff ff 00 00 00 08 00 00 00 00 00 00
  ................ 00 f8 ff ff ff 01 01 00 00 00 00 00 00 00 00 00
  ................ 00 00 00 00 00 00 00 00 00 00 00 00 00 00 00 00
  ................ 00 00 00 00 00 00 00 00 00 00 00 00 00 00 00 00
  ......4......E.. 00 00 00 00 00 00 34 94 0c 00 00 00 00 45 00 00
  ................ 00 0b 00 00 00 0b 00 00 00 ff ff ff ff 00 00 00
  ................ 08 00 00 00 00 00 00 00 00 00 00 00 01 01 00 00
  ................ 00 00 00 00 00 00 00 00 00 00 00 00 00 00 00 00
  ................ 00 00 00 00 00 00 00 00 00 00 00 00 00 00 00 00
  ................ 00 00 00 00 00 00 00 00 00 00 00 00 00 00 00 00
  ..............10 00 00 00 00 00 00 00 00 f0 99 95 0c 02 00 31 30
  ....P........... 0b 00 00 00 50 00 00 00 00 00 00 00 02 00 00 00
  ................ 00 00 00 00 00 00 00 00 01 00 00 00 01 00 00 00
  .......          00 00 00 00 00 00 00
015545-015557 FontNameBlock "la_gioconda"
015558-015573 DataBlock
  ................ 0a 00 00 00 02 00 00 00 01 00 00 00 dd da fa ff
015574-015596 StringBlock "Default Font Category"
015597-015616 DataBlock
  ................ 00 00 00 00 00 00 00 00 00 00 00 00 00 00 00 00
  ....             00 00 00 00
015617-015627 T0Block "normal_t0"
015628-015643 DataBlock
  ................ 00 00 00 00 00 00 00 00 00 00 00 00 00 00 00 00
015644-015654 T0Block "normal_t0"
015655-016603 DataBlock
  ................ 00 00 00 00 00 00 00 00 00 00 00 00 00 00 00 00
  .....4.......... 0a 00 00 00 00 34 94 0c 00 00 00 00 fd ff ff ff
  ................ 0b 00 00 00 0b 00 00 00 ff ff ff ff 00 00 00 08
  ................ 00 00 00 00 00 00 00 b8 ff ff ff 01 01 00 00 00
  ................ 00 00 00 00 00 00 00 00 00 00 00 00 00 00 00 00
  ................ 00 00 00 00 00 00 00 00 00 00 00 00 00 00 00 00
  ............4... 00 00 00 00 00 00 00 00 00 00 00 00 34 94 0c 00
  ................ 00 00 00 05 00 00 00 0b 00 00 00 0b 00 00 00 ff
  ................ ff ff ff 00 00 00 08 00 00 00 00 00 00 00 c0 ff
  ................ ff ff 01 01 00 00 00 00 00 00 00 00 00 00 00 00
  ................ 00 00 00 00 00 00 00 00 00 00 00 00 00 00 00 00
  ................ 00 00 00 00 00 00 00 00 00 00 00 00 00 00 00 00
  ...4............ 00 00 00 34 94 0c 00 00 00 00 0d 00 00 00 0b 00
  ................ 00 00 0b 00 00 00 ff ff ff ff 00 00 00 08 00 00
  ................ 00 00 00 00 00 c8 ff ff ff 01 01 00 00 00 00 00
  ................ 00 00 00 00 00 00 00 00 00 00 00 00 00 00 00 00
  ................ 00 00 00 00 00 00 00 00 00 00 00 00 00 00 00 00
  ..........4..... 00 00 00 00 00 00 00 00 00 00 34 94 0c 00 00 00
  ................ 00 15 00 00 00 0b 00 00 00 0b 00 00 00 ff ff ff
  ................ ff 00 00 00 08 00 00 00 00 00 00 00 d0 ff ff ff
  ................ 01 01 00 00 00 00 00 00 00 00 00 00 00 00 00 00
  ................ 00 00 00 00 00 00 00 00 00 00 00 00 00 00 00 00
  ................ 00 00 00 00 00 00 00 00 00 00 00 00 00 00 00 00
  .4.............. 00 34 94 0c 00 00 00 00 1d 00 00 00 0b 00 00 00
  ................ 0b 00 00 00 ff ff ff ff 00 00 00 08 00 00 00 00
  ................ 00 00 00 d8 ff ff ff 01 01 00 00 00 00 00 00 00
  ................ 00 00 00 00 00 00 00 00 00 00 00 00 00 00 00 00
  ................ 00 00 00 00 00 00 00 00 00 00 00 00 00 00 00 00
  ........4......% 00 00 00 00 00 00 00 00 34 94 0c 00 00 00 00 25
  ................ 00 00 00 0b 00 00 00 0b 00 00 00 ff ff ff ff 00
  ................ 00 00 08 00 00 00 00 00 00 00 e0 ff ff ff 01 01
  ................ 00 00 00 00 00 00 00 00 00 00 00 00 00 00 00 00
  ................ 00 00 00 00 00 00 00 00 00 00 00 00 00 00 00 00
  ...............4 00 00 00 00 00 00 00 00 00 00 00 00 00 00 00 34
  ......-......... 94 0c 00 00 00 00 2d 00 00 00 0b 00 00 00 0b 00
  ................ 00 00 ff ff ff ff 00 00 00 08 00 00 00 00 00 00
  ................ 00 e8 ff ff ff 01 01 00 00 00 00 00 00 00 00 00
  ................ 00 00 00 00 00 00 00 00 00 00 00 00 00 00 00 00
  ................ 00 00 00 00 00 00 00 00 00 00 00 00 00 00 00 00
  ......4......5.. 00 00 00 00 00 00 34 94 0c 00 00 00 00 35 00 00
  ................ 00 0b 00 00 00 0b 00 00 00 ff ff ff ff 00 00 00
  ................ 08 00 00 00 00 00 00 00 f0 ff ff ff 01 01 00 00
  ................ 00 00 00 00 00 00 00 00 00 00 00 00 00 00 00 00
  ................ 00 00 00 00 00 00 00 00 00 00 00 00 00 00 00 00
  .............4.. 00 00 00 00 00 00 00 00 00 00 00 00 00 34 94 0c
  ....=........... 00 00 00 00 3d 00 00 00 0b 00 00 00 0b 00 00 00
  ................ ff ff ff ff 00 00 00 08 00 00 00 00 00 00 00 f8
  ................ ff ff ff 01 01 00 00 00 00 00 00 00 00 00 00 00
  ................ 00 00 00 00 00 00 00 00 00 00 00 00 00 00 00 00
  ................ 00 00 00 00 00 00 00 00 00 00 00 00 00 00 00 00
  ....4......E.... 00 00 00 00 34 94 0c 00 00 00 00 45 00 00 00 0b
  ................ 00 00 00 0b 00 00 00 ff ff ff ff 00 00 00 08 00
  ................ 00 00 00 00 00 00 00 00 00 00 01 01 00 00 00 00
  ................ 00 00 00 00 00 00 00 00 00 00 00 00 00 00 00 00
  ................ 00 00 00 00 00 00 00 00 00 00 00 00 00 00 00 00
  ................ 00 00 00 00 00 00 00 00 00 00 00 00 00 00 00 00
  ..........<..... 00 00 00 00 00 00 00 00 00 00 3c 00 00 00 00 00
  ................ 00 00 00 00 00 00 00 00 00 00 00 00 00 00 00 00
  ................ 00 00 00 00 00 00 00 01 00 00 00 00 00 00 00 00
  .....            00 00 00 00 00
016604-016621 StringBlock "grp_gw_unit_card"
016622-016638 DataBlock
  ................ 00 00 00 00 00 00 00 00 00 00 00 00 00 00 00 00
  .                00
