000000-000009 VersionBlock 96
000010-000013 RootIDBlock 304472832
000014-000019 StringBlock "root"
000020-000097 DataBlock
  ................ 00 00 00 00 00 00 00 00 00 00 01 01 00 00 00 00
  ................ 01 00 00 00 00 01 00 00 00 00 00 00 00 00 00 00
  ...............@ 00 00 00 00 00 00 00 00 00 00 00 01 00 00 00 40
  E............... 45 fb 11 00 00 00 05 00 00 c0 03 00 00 00 00 00
  ..........`.@.   00 00 00 00 00 00 01 00 00 00 60 bc 40 12
000098-000107 NewStateBlock "NewState"
000108-000111 XSizeBlock 1280
000112-000115 YSizeBlock 1024
000116-000146 DataBlock
  ................ 00 00 00 00 02 00 00 00 00 00 00 00 00 00 00 00
  ...............  01 00 00 00 01 00 00 00 00 00 00 00 00 00 00
000147-000159 FontNameBlock "la_gioconda"
000160-000175 DataBlock
  ................ 0c 00 00 00 07 00 00 00 00 00 00 00 d7 f8 ff ff
000176-000192 StringBlock "fe_tooltip_text"
000193-000212 DataBlock
  ................ 00 00 00 00 00 00 00 00 00 00 00 00 00 00 00 00
  ....             01 00 00 00
000213-000223 T0Block "normal_t0"
000224-000239 DataBlock
  ................ 00 00 00 00 00 00 00 00 00 00 00 00 00 00 00 00
000240-000250 T0Block "normal_t0"
000251-000389 DataBlock
  ................ 00 00 00 00 00 00 00 00 00 00 00 00 00 00 00 00
  ....@E.......... 01 00 00 00 40 45 fb 11 00 00 00 00 00 00 00 00
  ............. 00 05 00 00 c0 03 00 00 7f 7f 7f ff 00 00 00 00
  ................ 00 00 00 00 00 00 00 00 00 00 00 01 01 00 00 00
  ................ 00 00 00 00 00 00 00 00 00 00 00 00 00 00 00 00
  ................ 00 00 00 00 00 00 00 00 00 00 00 00 00 00 00 00
  ................ 00 00 00 00 00 00 00 00 00 00 00 00 00 00 00 00
  ................ 00 00 00 00 00 00 00 00 00 00 00 00 00 00 00 00
  .........%.      00 00 00 01 00 00 00 00 e8 25 12
000390-000416 StringBlock "tooltip_character_details"
000417-000441 StringBlock "CharacterDetailsTooltip"
000442-000482 DataBlock
  ................ 1e 02 00 00 f2 00 00 00 00 00 00 00 00 00 01 00
  ................ 00 00 00 01 00 00 00 00 00 00 00 00 00 00 00 00
  .........        00 00 00 00 00 00 00 00 00
000483-000539 ImageListBlock 1 elements:
  000487-000539 ImageBlock id=420419552 xsize=52 ysize=52 path="ui/skins/default/tooltip_frame2.png" unknown=0
000540-000601 DataBlock
  .........`.@...N 00 00 00 00 00 01 00 00 00 60 be 40 12 08 00 4e
  ewState....y.... 65 77 53 74 61 74 65 16 01 00 00 79 00 00 00 00
  ................ 00 00 00 02 00 00 00 00 00 00 00 00 00 00 00 01
  ..............   00 00 00 01 00 00 00 00 00 00 00 00 00 00
000602-000614 FontNameBlock "la_gioconda"
000615-000630 DataBlock
  ................ 0c 00 00 00 07 00 00 00 00 00 00 00 d7 f8 ff ff
000631-000647 StringBlock "fe_tooltip_text"
000648-000667 DataBlock
  ................ 00 00 00 00 00 00 00 00 00 00 00 00 00 00 00 00
  ....             00 00 00 00
000668-000678 T0Block "normal_t0"
000679-000694 DataBlock
  ................ 00 00 00 00 00 00 00 00 00 00 00 00 00 00 00 00
000695-000705 T0Block "normal_t0"
000706-000725 DataBlock
  ................ 00 00 00 00 00 00 00 00 00 00 00 00 00 00 00 00
  ....             01 00 00 00
000726-000749 ImageUseBlock id=420419552 xofs=0 yofs=0 xsize=278 ysize=121 brga=4294967295
000750-000836 DataBlock
  ................ 00 00 00 00 00 00 00 00 00 00 00 00 00 00 00 01
  ................ 01 00 00 00 00 00 00 00 00 00 00 00 00 00 00 00
  ................ 00 00 00 00 00 00 00 00 00 00 00 00 00 00 00 00
  . A.. A.. A.. A. 00 20 41 00 00 20 41 00 00 20 41 00 00 20 41 00
  ................ 00 00 00 00 00 00 00 00 00 00 00 00 00 00 00 1e
  .......          00 00 00 02 00 00 00
000837-000846 StringBlock "fade_out"
000847-000912 DataBlock
  ................ 01 00 02 00 00 00 00 00 00 00 00 00 00 00 10 01
  ..H............. 00 00 48 00 00 00 ff ff ff ff 00 00 00 00 00 00
  ................ 00 00 00 00 00 00 00 00 00 00 00 00 00 00 ff ff
  ..........@..... ff ff ff ff ff ff 00 00 00 00 40 00 00 00 00 00
  .?               80 3f
000913-000920 StringBlock "Linear"
000921-000985 DataBlock
  ................ 00 00 00 00 00 00 00 00 00 00 00 00 00 10 01 00
  .H.............. 00 48 00 00 00 ff ff ff 00 00 00 00 00 00 00 00
  ................ 00 00 00 00 00 00 00 00 00 00 00 00 00 ff ff ff
  .........@...... ff ff ff ff ff 00 00 00 00 40 00 00 00 00 00 80
  ?                3f
000986-000993 StringBlock "Linear"
000994-001000 DataBlock
  .......          00 00 00 00 00 00 00
001001-001009 StringBlock "fade_in"
001010-001075 DataBlock
  ................ 01 00 03 00 00 00 00 00 00 00 00 00 00 00 10 01
  ..H............. 00 00 48 00 00 00 ff ff ff 00 00 00 00 00 00 00
  ................ 00 00 00 00 00 00 00 00 00 00 00 00 00 00 ff ff
  ..........@..... ff ff ff ff ff ff 00 00 00 00 40 00 00 00 00 00
  .?               80 3f
001076-001083 StringBlock "Linear"
001084-001148 DataBlock
  ................ 00 00 00 00 00 00 00 00 00 00 00 00 00 10 01 00
  .H.............. 00 48 00 00 00 ff ff ff ff 00 00 00 00 00 00 00
  ................ 00 00 00 00 00 00 00 00 00 00 00 00 00 ff ff ff
  ................ ff ff ff ff ff 96 00 00 00 00 00 00 00 00 00 80
  ?                3f
001149-001156 StringBlock "Linear"
001157-001221 DataBlock
  ................ 00 00 00 00 00 00 00 00 00 00 00 00 00 10 01 00
  .H.............. 00 48 00 00 00 ff ff ff ff 00 00 00 00 00 00 00
  ................ 00 00 00 00 00 00 00 00 00 00 00 00 00 ff ff ff
  .........@...... ff ff ff ff ff c8 00 00 00 40 00 00 00 00 00 80
  ?                3f
001222-001229 StringBlock "Linear"
001230-001244 DataBlock
  ...........@.).  00 00 00 00 00 00 00 05 00 00 00 40 fb 29 16
001245-001250 StringBlock "name"
001251-001313 DataBlock
  ................ 00 00 10 00 00 00 0a 00 00 00 00 00 00 00 00 00
  ................ 01 00 00 00 00 01 00 00 00 00 01 00 00 00 10 00
  ................ 00 00 0a 00 00 00 00 00 00 00 00 00 00 00 00 00
  ...........`...  00 00 00 00 00 00 00 01 00 00 00 60 d1 ab 10
001314-001322 StringBlock "default"
001323-001330 DataBlock
  ........         f6 00 00 00 1e 00 00 00
001331-001340 UnicodeBlock "Name"
001341-001363 DataBlock
  ................ 00 00 02 00 00 00 00 00 00 00 00 00 00 00 02 00
  .......          00 00 01 00 00 00 01
001364-001411 UnicodeBlock "name_default_Text_40023"
001412-001415 DataBlock
  ....             00 00 00 00
001416-001428 FontNameBlock "la_gioconda"
001429-001444 DataBlock
  ................ 0c 00 00 00 07 00 00 00 00 00 00 00 d7 f8 ff ff
001445-001461 StringBlock "fe_tooltip_text"
001462-001481 DataBlock
  ................ 00 00 00 00 00 00 00 00 02 00 00 00 10 00 00 00
  ....             00 00 00 00
001482-001492 T0Block "normal_t0"
001493-001508 DataBlock
  ................ 00 00 00 00 00 00 00 00 00 00 00 00 00 00 00 00
001509-001519 T0Block "normal_t0"
001520-001581 DataBlock
  ................ 00 00 00 00 00 00 00 00 00 00 00 00 00 00 00 00
  ................ 00 00 00 00 00 00 00 00 00 00 00 00 00 00 00 00
  ................ 00 00 00 00 1e 00 00 00 00 00 00 00 00 00 00 00
  ...........L..   00 00 00 00 00 00 00 00 00 00 d0 4c f2 0d
001582-001591 StringBlock "portrait"
001592-001611 StringBlock "OtherHousePortrait"
001612-001656 DataBlock
  ................ 10 00 00 00 1e 00 00 00 00 00 00 00 00 00 01 00
  ................ 00 00 00 01 00 00 00 00 01 00 00 00 10 00 00 00
  .......Q.....    1e 00 00 00 00 d0 cb 51 09 06 00 00 00
001657-001706 ImageBlock id=559418176 xsize=180 ysize=240 path="ui/skins/default/portrait_ph.png" unknown=1477017600
001707-001707 DataBlock
  !                21
001708-001735 ImagePathBlock "ui/skins/default/mask1.png"
001736-001744 DataBlock
  @...v....        40 00 00 00 76 00 00 00 00
001745-001796 ImageBlock id=233983984 xsize=60 ysize=80 path="ui/skins/default/portrait_back.png" unknown=1498660864
001797-001797 DataBlock
  !                21
001798-001847 ImagePathBlock "ui/skins/default/unit_card_recruitment_frame.png"
001848-001856 DataBlock
  @........        40 00 00 00 80 00 00 00 00
001857-001900 ImageBlock id=156353072 xsize=64 ysize=118 path="ui/skins/default/mask2.png" unknown=1371725824
001901-001901 DataBlock
  .                09
001902-001929 ImagePathBlock "ui/skins/default/mask3.png"
001930-001954 DataBlock
  @...v........... 40 00 00 00 76 00 00 00 00 00 00 00 00 00 00 00
  .......Q.        00 01 00 00 00 d0 cb 51 09
001955-001966 StringBlock "unselected"
001967-002005 DataBlock
  <...P........... 3c 00 00 00 50 00 00 00 00 00 00 00 02 00 00 00
  ................ 00 00 00 00 00 00 00 00 01 00 00 00 01 00 00 00
  .......          00 00 00 00 00 00 00
002006-002018 FontNameBlock "la_gioconda"
002019-002034 DataBlock
  ............&.d. 0c 00 00 00 07 00 00 00 00 00 00 00 26 b7 64 ff
002035-002052 StringBlock "fe_tooltip_green"
002053-002072 DataBlock
  ................ 00 00 00 00 00 00 00 00 00 00 00 00 00 00 00 00
  ....             00 00 00 00
002073-002083 T0Block "normal_t0"
002084-002099 DataBlock
  ................ 00 00 00 00 00 00 00 00 00 00 00 00 00 00 00 00
002100-002110 T0Block "normal_t0"
002111-002130 DataBlock
  ................ 00 00 00 00 00 00 00 00 00 00 00 00 00 00 00 00
  ....             06 00 00 00
002131-002154 ImageUseBlock id=233983984 xofs=0 yofs=0 xsize=60 ysize=80 brga=4294967295
002155-002217 DataBlock
  ................ 00 00 00 00 00 00 00 00 00 00 00 00 00 00 00 01
  ................ 01 00 00 00 00 00 00 00 00 00 00 00 00 00 00 00
  ................ 00 00 00 00 00 00 00 00 00 00 00 00 00 00 00 00
  ...............  00 00 00 00 00 00 00 00 00 00 00 00 00 00 00
002218-002241 ImageUseBlock id=559418176 xofs=0 yofs=0 xsize=60 ysize=80 brga=4294967295
002242-002391 DataBlock
  ................ 00 00 00 00 00 00 00 00 00 00 00 00 00 00 00 01
  ................ 01 00 00 00 00 00 00 00 00 00 00 00 00 00 00 00
  ................ 00 00 00 00 00 00 00 00 00 00 00 00 00 00 00 00
  ................ 00 00 00 00 00 00 00 00 00 00 00 00 00 00 00 80
  .X!........<...P 09 58 21 00 00 00 00 00 00 00 00 3c 00 00 00 50
  ................ 00 00 00 ff ff ff ff 00 00 00 00 00 00 00 00 00
  ................ 00 00 00 00 00 00 01 01 00 00 00 00 00 00 00 00
  ................ 00 00 00 00 00 00 00 00 00 00 00 00 00 00 00 00
  ................ 00 00 00 00 00 00 00 00 00 00 00 00 00 00 00 00
  ......           00 00 00 00 00 00
002392-002415 ImageUseBlock id=156353072 xofs=0 yofs=0 xsize=60 ysize=80 brga=4294967295
002416-002668 DataBlock
  ................ 00 00 00 00 00 00 00 00 00 00 00 00 00 00 00 01
  ................ 01 00 00 00 00 00 00 00 00 00 00 00 00 00 00 00
  ................ 00 00 00 00 00 00 00 00 00 00 00 00 00 00 00 00
  ................ 00 00 00 00 00 00 00 00 00 00 00 00 00 00 00 e0
  .Q.........<...P c2 51 09 00 00 00 00 00 00 00 00 3c 00 00 00 50
  ................ 00 00 00 ff ff ff ff 00 00 00 00 00 00 00 00 00
  ................ 00 00 00 00 00 00 01 01 00 00 00 00 00 00 00 00
  ................ 00 00 00 00 00 00 00 00 00 00 00 00 00 00 00 00
  ................ 00 00 00 00 00 00 00 00 00 00 00 00 00 00 00 00
  .......SY!...... 00 00 00 00 00 00 c0 53 59 21 00 00 00 00 00 00
  ..<...P......... 00 00 3c 00 00 00 50 00 00 00 ff ff ff ff 01 00
  ................ 00 00 00 00 00 00 00 00 00 00 00 00 00 01 01 00
  ................ 00 00 00 00 00 00 00 00 00 00 00 00 00 00 00 00
  ...............p 00 00 00 00 00 00 00 00 00 00 00 00 00 00 00 70
  A..pA..pA..pA5.. 41 00 00 70 41 00 00 70 41 00 00 70 41 35 00 00
  .............    00 2e 00 00 00 00 00 00 00 04 00 00 00
002669-002679 StringBlock "main_mask"
002680-002682 DataBlock
  ..1              01 00 31
002683-002700 StringBlock "background_image"
002701-002703 DataBlock
  ..2              01 00 32
002704-002719 StringBlock "secondary_mask"
002720-002722 DataBlock
  ..4              01 00 34
002723-002734 StringBlock "third_mask"
002735-002753 DataBlock
  ..5<...........p 01 00 35 3c 00 00 00 00 00 00 00 01 00 00 00 70
  aN.              61 4e 0e
002754-002765 StringBlock "rank_level"
002766-002808 DataBlock
  ................ 00 00 f4 ff ff ff 00 00 00 00 00 00 00 00 00 00
  ................ 01 00 00 00 00 01 00 00 00 00 07 00 00 00 f4 ff
  ....... fN.      ff ff 00 00 00 00 00 20 66 4e 0e
002809-002868 ImageListBlock 1 elements:
  002813-002868 ImageBlock id=240018752 xsize=11 ysize=11 path="ui/skins/default/level_icon_yellow.png" unknown=0
002869-002952 DataBlock
  ......... fN...1 00 00 00 00 00 0a 00 00 00 20 66 4e 0e 01 00 31
  ....P........... 0b 00 00 00 50 00 00 00 00 00 00 00 02 00 00 00
  ................ 00 00 00 00 00 00 00 00 01 00 00 00 01 00 00 00
  .........la_gioc 01 00 00 00 00 00 00 0b 00 6c 61 5f 67 69 6f 63
  onda............ 6f 6e 64 61 0a 00 00 00 02 00 00 00 01 00 00 00
  ....             dd da fa ff
002953-002975 StringBlock "Default Font Category"
002976-002995 DataBlock
  ................ 00 00 00 00 00 00 00 00 00 00 00 00 00 00 00 00
  ....             00 00 00 00
002996-003006 T0Block "normal_t0"
003007-003022 DataBlock
  ................ 00 00 00 00 00 00 00 00 00 00 00 00 00 00 00 00
003023-003033 T0Block "normal_t0"
003034-003053 DataBlock
  ................ 00 00 00 00 00 00 00 00 00 00 00 00 00 00 00 00
  ....             01 00 00 00
003054-003077 ImageUseBlock id=240018752 xofs=0 yofs=69 xsize=11 ysize=11 brga=4294967295
003078-003198 DataBlock
  ................ 00 00 00 08 00 00 00 00 00 00 00 00 00 00 00 01
  ................ 01 00 00 00 00 00 00 00 00 00 00 00 00 00 00 00
  ................ 00 00 00 00 00 00 00 00 00 00 00 00 00 00 00 00
  ................ 00 00 00 00 00 00 00 00 00 00 00 00 00 00 00 00
  ............iN.. 00 00 00 00 00 00 00 00 00 00 00 a0 69 4e 0e 01
  .3....P......... 00 33 0b 00 00 00 50 00 00 00 00 00 00 00 02 00
  ................ 00 00 00 00 00 00 00 00 00 00 01 00 00 00 01 00
  .........        00 00 01 00 00 00 00 00 00
003199-003211 FontNameBlock "la_gioconda"
003212-003227 DataBlock
  ................ 0a 00 00 00 02 00 00 00 01 00 00 00 dd da fa ff
003228-003250 StringBlock "Default Font Category"
003251-003270 DataBlock
  ................ 00 00 00 00 00 00 00 00 00 00 00 00 00 00 00 00
  ....             00 00 00 00
003271-003281 T0Block "normal_t0"
003282-003297 DataBlock
  ................ 00 00 00 00 00 00 00 00 00 00 00 00 00 00 00 00
003298-003308 T0Block "normal_t0"
003309-003328 DataBlock
  ................ 00 00 00 00 00 00 00 00 00 00 00 00 00 00 00 00
  ....             03 00 00 00
003329-003352 ImageUseBlock id=240018752 xofs=0 yofs=53 xsize=11 ysize=11 brga=4294967295
003353-003415 DataBlock
  ................ 00 00 00 08 00 00 00 00 00 00 00 f0 ff ff ff 01
  ................ 01 00 00 00 00 00 00 00 00 00 00 00 00 00 00 00
  ................ 00 00 00 00 00 00 00 00 00 00 00 00 00 00 00 00
  ...............  00 00 00 00 00 00 00 00 00 00 00 00 00 00 00
003416-003439 ImageUseBlock id=240018752 xofs=0 yofs=61 xsize=11 ysize=11 brga=4294967295
003440-003502 DataBlock
  ................ 00 00 00 08 00 00 00 00 00 00 00 f8 ff ff ff 01
  ................ 01 00 00 00 00 00 00 00 00 00 00 00 00 00 00 00
  ................ 00 00 00 00 00 00 00 00 00 00 00 00 00 00 00 00
  ...............  00 00 00 00 00 00 00 00 00 00 00 00 00 00 00
003503-003526 ImageUseBlock id=240018752 xofs=0 yofs=69 xsize=11 ysize=11 brga=4294967295
003527-003647 DataBlock
  ................ 00 00 00 08 00 00 00 00 00 00 00 00 00 00 00 01
  ................ 01 00 00 00 00 00 00 00 00 00 00 00 00 00 00 00
  ................ 00 00 00 00 00 00 00 00 00 00 00 00 00 00 00 00
  ................ 00 00 00 00 00 00 00 00 00 00 00 00 00 00 00 00
  ............oN.. 00 00 00 00 00 00 00 00 00 00 00 10 6f 4e 0e 01
  .2....P......... 00 32 0b 00 00 00 50 00 00 00 00 00 00 00 02 00
  ................ 00 00 00 00 00 00 00 00 00 00 01 00 00 00 01 00
  .........        00 00 01 00 00 00 00 00 00
003648-003660 FontNameBlock "la_gioconda"
003661-003676 DataBlock
  ................ 0a 00 00 00 02 00 00 00 01 00 00 00 dd da fa ff
003677-003699 StringBlock "Default Font Category"
003700-003719 DataBlock
  ................ 00 00 00 00 00 00 00 00 00 00 00 00 00 00 00 00
  ....             00 00 00 00
003720-003730 T0Block "normal_t0"
003731-003746 DataBlock
  ................ 00 00 00 00 00 00 00 00 00 00 00 00 00 00 00 00
003747-003757 T0Block "normal_t0"
003758-003777 DataBlock
  ................ 00 00 00 00 00 00 00 00 00 00 00 00 00 00 00 00
  ....             02 00 00 00
003778-003801 ImageUseBlock id=240018752 xofs=0 yofs=61 xsize=11 ysize=11 brga=4294967295
003802-003864 DataBlock
  ................ 00 00 00 08 00 00 00 00 00 00 00 f8 ff ff ff 01
  ................ 01 00 00 00 00 00 00 00 00 00 00 00 00 00 00 00
  ................ 00 00 00 00 00 00 00 00 00 00 00 00 00 00 00 00
  ...............  00 00 00 00 00 00 00 00 00 00 00 00 00 00 00
003865-003888 ImageUseBlock id=240018752 xofs=0 yofs=69 xsize=11 ysize=11 brga=4294967295
003889-004009 DataBlock
  ................ 00 00 00 08 00 00 00 00 00 00 00 00 00 00 00 01
  ................ 01 00 00 00 00 00 00 00 00 00 00 00 00 00 00 00
  ................ 00 00 00 00 00 00 00 00 00 00 00 00 00 00 00 00
  ................ 00 00 00 00 00 00 00 00 00 00 00 00 00 00 00 00
  ............sN.. 00 00 00 00 00 00 00 00 00 00 00 c0 73 4e 0e 01
  .5....P......... 00 35 0b 00 00 00 50 00 00 00 00 00 00 00 02 00
  ................ 00 00 00 00 00 00 00 00 00 00 01 00 00 00 01 00
  .........        00 00 01 00 00 00 00 00 00
004010-004022 FontNameBlock "la_gioconda"
004023-004038 DataBlock
  ................ 0a 00 00 00 02 00 00 00 01 00 00 00 dd da fa ff
004039-004061 StringBlock "Default Font Category"
004062-004081 DataBlock
  ................ 00 00 00 00 00 00 00 00 00 00 00 00 00 00 00 00
  ....             00 00 00 00
004082-004092 T0Block "normal_t0"
004093-004108 DataBlock
  ................ 00 00 00 00 00 00 00 00 00 00 00 00 00 00 00 00
004109-004119 T0Block "normal_t0"
004120-004139 DataBlock
  ................ 00 00 00 00 00 00 00 00 00 00 00 00 00 00 00 00
  ....             05 00 00 00
004140-004163 ImageUseBlock id=240018752 xofs=0 yofs=37 xsize=11 ysize=11 brga=4294967295
004164-004226 DataBlock
  ................ 00 00 00 08 00 00 00 00 00 00 00 e0 ff ff ff 01
  ................ 01 00 00 00 00 00 00 00 00 00 00 00 00 00 00 00
  ................ 00 00 00 00 00 00 00 00 00 00 00 00 00 00 00 00
  ...............  00 00 00 00 00 00 00 00 00 00 00 00 00 00 00
004227-004250 ImageUseBlock id=240018752 xofs=0 yofs=45 xsize=11 ysize=11 brga=4294967295
004251-004313 DataBlock
  ................ 00 00 00 08 00 00 00 00 00 00 00 e8 ff ff ff 01
  ................ 01 00 00 00 00 00 00 00 00 00 00 00 00 00 00 00
  ................ 00 00 00 00 00 00 00 00 00 00 00 00 00 00 00 00
  ...............  00 00 00 00 00 00 00 00 00 00 00 00 00 00 00
004314-004337 ImageUseBlock id=240018752 xofs=0 yofs=53 xsize=11 ysize=11 brga=4294967295
004338-004400 DataBlock
  ................ 00 00 00 08 00 00 00 00 00 00 00 f0 ff ff ff 01
  ................ 01 00 00 00 00 00 00 00 00 00 00 00 00 00 00 00
  ................ 00 00 00 00 00 00 00 00 00 00 00 00 00 00 00 00
  ...............  00 00 00 00 00 00 00 00 00 00 00 00 00 00 00
004401-004424 ImageUseBlock id=240018752 xofs=0 yofs=61 xsize=11 ysize=11 brga=4294967295
004425-004487 DataBlock
  ................ 00 00 00 08 00 00 00 00 00 00 00 f8 ff ff ff 01
  ................ 01 00 00 00 00 00 00 00 00 00 00 00 00 00 00 00
  ................ 00 00 00 00 00 00 00 00 00 00 00 00 00 00 00 00
  ...............  00 00 00 00 00 00 00 00 00 00 00 00 00 00 00
004488-004511 ImageUseBlock id=240018752 xofs=0 yofs=69 xsize=11 ysize=11 brga=4294967295
004512-004632 DataBlock
  ................ 00 00 00 08 00 00 00 00 00 00 00 00 00 00 00 01
  ................ 01 00 00 00 00 00 00 00 00 00 00 00 00 00 00 00
  ................ 00 00 00 00 00 00 00 00 00 00 00 00 00 00 00 00
  ................ 00 00 00 00 00 00 00 00 00 00 00 00 00 00 00 00
  ...........0{N.. 00 00 00 00 00 00 00 00 00 00 00 30 7b 4e 0e 01
  .4....P......... 00 34 0b 00 00 00 50 00 00 00 00 00 00 00 02 00
  ................ 00 00 00 00 00 00 00 00 00 00 01 00 00 00 01 00
  .........        00 00 01 00 00 00 00 00 00
004633-004645 FontNameBlock "la_gioconda"
004646-004661 DataBlock
  ................ 0a 00 00 00 02 00 00 00 01 00 00 00 dd da fa ff
004662-004684 StringBlock "Default Font Category"
004685-004704 DataBlock
  ................ 00 00 00 00 00 00 00 00 00 00 00 00 00 00 00 00
  ....             00 00 00 00
004705-004715 T0Block "normal_t0"
004716-004731 DataBlock
  ................ 00 00 00 00 00 00 00 00 00 00 00 00 00 00 00 00
004732-004742 T0Block "normal_t0"
004743-004762 DataBlock
  ................ 00 00 00 00 00 00 00 00 00 00 00 00 00 00 00 00
  ....             04 00 00 00
004763-004786 ImageUseBlock id=240018752 xofs=0 yofs=45 xsize=11 ysize=11 brga=4294967295
004787-004849 DataBlock
  ................ 00 00 00 08 00 00 00 00 00 00 00 e8 ff ff ff 01
  ................ 01 00 00 00 00 00 00 00 00 00 00 00 00 00 00 00
  ................ 00 00 00 00 00 00 00 00 00 00 00 00 00 00 00 00
  ...............  00 00 00 00 00 00 00 00 00 00 00 00 00 00 00
004850-004873 ImageUseBlock id=240018752 xofs=0 yofs=53 xsize=11 ysize=11 brga=4294967295
004874-004936 DataBlock
  ................ 00 00 00 08 00 00 00 00 00 00 00 f0 ff ff ff 01
  ................ 01 00 00 00 00 00 00 00 00 00 00 00 00 00 00 00
  ................ 00 00 00 00 00 00 00 00 00 00 00 00 00 00 00 00
  ...............  00 00 00 00 00 00 00 00 00 00 00 00 00 00 00
004937-004960 ImageUseBlock id=240018752 xofs=0 yofs=61 xsize=11 ysize=11 brga=4294967295
004961-005023 DataBlock
  ................ 00 00 00 08 00 00 00 00 00 00 00 f8 ff ff ff 01
  ................ 01 00 00 00 00 00 00 00 00 00 00 00 00 00 00 00
  ................ 00 00 00 00 00 00 00 00 00 00 00 00 00 00 00 00
  ...............  00 00 00 00 00 00 00 00 00 00 00 00 00 00 00
005024-005047 ImageUseBlock id=240018752 xofs=0 yofs=69 xsize=11 ysize=11 brga=4294967295
005048-005168 DataBlock
  ................ 00 00 00 08 00 00 00 00 00 00 00 00 00 00 00 01
  ................ 01 00 00 00 00 00 00 00 00 00 00 00 00 00 00 00
  ................ 00 00 00 00 00 00 00 00 00 00 00 00 00 00 00 00
  ................ 00 00 00 00 00 00 00 00 00 00 00 00 00 00 00 00
  .............N.. 00 00 00 00 00 00 00 00 00 00 00 a0 81 4e 0e 01
  .7....P......... 00 37 0b 00 00 00 50 00 00 00 00 00 00 00 02 00
  ................ 00 00 00 00 00 00 00 00 00 00 01 00 00 00 01 00
  .........        00 00 01 00 00 00 00 00 00
005169-005181 FontNameBlock "la_gioconda"
005182-005197 DataBlock
  ................ 0a 00 00 00 02 00 00 00 01 00 00 00 dd da fa ff
005198-005220 StringBlock "Default Font Category"
005221-005240 DataBlock
  ................ 00 00 00 00 00 00 00 00 00 00 00 00 00 00 00 00
  ....             00 00 00 00
005241-005251 T0Block "normal_t0"
005252-005267 DataBlock
  ................ 00 00 00 00 00 00 00 00 00 00 00 00 00 00 00 00
005268-005278 T0Block "normal_t0"
005279-005298 DataBlock
  ................ 00 00 00 00 00 00 00 00 00 00 00 00 00 00 00 00
  ....             07 00 00 00
005299-005322 ImageUseBlock id=240018752 xofs=0 yofs=21 xsize=11 ysize=11 brga=4294967295
005323-005385 DataBlock
  ................ 00 00 00 08 00 00 00 00 00 00 00 d0 ff ff ff 01
  ................ 01 00 00 00 00 00 00 00 00 00 00 00 00 00 00 00
  ................ 00 00 00 00 00 00 00 00 00 00 00 00 00 00 00 00
  ...............  00 00 00 00 00 00 00 00 00 00 00 00 00 00 00
005386-005409 ImageUseBlock id=240018752 xofs=0 yofs=29 xsize=11 ysize=11 brga=4294967295
005410-005472 DataBlock
  ................ 00 00 00 08 00 00 00 00 00 00 00 d8 ff ff ff 01
  ................ 01 00 00 00 00 00 00 00 00 00 00 00 00 00 00 00
  ................ 00 00 00 00 00 00 00 00 00 00 00 00 00 00 00 00
  ...............  00 00 00 00 00 00 00 00 00 00 00 00 00 00 00
005473-005496 ImageUseBlock id=240018752 xofs=0 yofs=37 xsize=11 ysize=11 brga=4294967295
005497-005559 DataBlock
  ................ 00 00 00 08 00 00 00 00 00 00 00 e0 ff ff ff 01
  ................ 01 00 00 00 00 00 00 00 00 00 00 00 00 00 00 00
  ................ 00 00 00 00 00 00 00 00 00 00 00 00 00 00 00 00
  ...............  00 00 00 00 00 00 00 00 00 00 00 00 00 00 00
005560-005583 ImageUseBlock id=240018752 xofs=0 yofs=45 xsize=11 ysize=11 brga=4294967295
005584-005646 DataBlock
  ................ 00 00 00 08 00 00 00 00 00 00 00 e8 ff ff ff 01
  ................ 01 00 00 00 00 00 00 00 00 00 00 00 00 00 00 00
  ................ 00 00 00 00 00 00 00 00 00 00 00 00 00 00 00 00
  ...............  00 00 00 00 00 00 00 00 00 00 00 00 00 00 00
005647-005670 ImageUseBlock id=240018752 xofs=0 yofs=53 xsize=11 ysize=11 brga=4294967295
005671-005733 DataBlock
  ................ 00 00 00 08 00 00 00 00 00 00 00 f0 ff ff ff 01
  ................ 01 00 00 00 00 00 00 00 00 00 00 00 00 00 00 00
  ................ 00 00 00 00 00 00 00 00 00 00 00 00 00 00 00 00
  ...............  00 00 00 00 00 00 00 00 00 00 00 00 00 00 00
005734-005757 ImageUseBlock id=240018752 xofs=0 yofs=61 xsize=11 ysize=11 brga=4294967295
005758-005820 DataBlock
  ................ 00 00 00 08 00 00 00 00 00 00 00 f8 ff ff ff 01
  ................ 01 00 00 00 00 00 00 00 00 00 00 00 00 00 00 00
  ................ 00 00 00 00 00 00 00 00 00 00 00 00 00 00 00 00
  ...............  00 00 00 00 00 00 00 00 00 00 00 00 00 00 00
005821-005844 ImageUseBlock id=240018752 xofs=0 yofs=69 xsize=11 ysize=11 brga=4294967295
005845-005965 DataBlock
  ................ 00 00 00 08 00 00 00 00 00 00 00 00 00 00 00 01
  ................ 01 00 00 00 00 00 00 00 00 00 00 00 00 00 00 00
  ................ 00 00 00 00 00 00 00 00 00 00 00 00 00 00 00 00
  ................ 00 00 00 00 00 00 00 00 00 00 00 00 00 00 00 00
  .............N.. 00 00 00 00 00 00 00 00 00 00 00 90 8a 4e 0e 01
  .6....P......... 00 36 0b 00 00 00 50 00 00 00 00 00 00 00 02 00
  ................ 00 00 00 00 00 00 00 00 00 00 01 00 00 00 01 00
  .........        00 00 01 00 00 00 00 00 00
005966-005978 FontNameBlock "la_gioconda"
005979-005994 DataBlock
  ................ 0a 00 00 00 02 00 00 00 01 00 00 00 dd da fa ff
005995-006017 StringBlock "Default Font Category"
006018-006037 DataBlock
  ................ 00 00 00 00 00 00 00 00 00 00 00 00 00 00 00 00
  ....             00 00 00 00
006038-006048 T0Block "normal_t0"
006049-006064 DataBlock
  ................ 00 00 00 00 00 00 00 00 00 00 00 00 00 00 00 00
006065-006075 T0Block "normal_t0"
006076-006095 DataBlock
  ................ 00 00 00 00 00 00 00 00 00 00 00 00 00 00 00 00
  ....             06 00 00 00
006096-006119 ImageUseBlock id=240018752 xofs=0 yofs=29 xsize=11 ysize=11 brga=4294967295
006120-006182 DataBlock
  ................ 00 00 00 08 00 00 00 00 00 00 00 d8 ff ff ff 01
  ................ 01 00 00 00 00 00 00 00 00 00 00 00 00 00 00 00
  ................ 00 00 00 00 00 00 00 00 00 00 00 00 00 00 00 00
  ...............  00 00 00 00 00 00 00 00 00 00 00 00 00 00 00
006183-006206 ImageUseBlock id=240018752 xofs=0 yofs=37 xsize=11 ysize=11 brga=4294967295
006207-006269 DataBlock
  ................ 00 00 00 08 00 00 00 00 00 00 00 e0 ff ff ff 01
  ................ 01 00 00 00 00 00 00 00 00 00 00 00 00 00 00 00
  ................ 00 00 00 00 00 00 00 00 00 00 00 00 00 00 00 00
  ...............  00 00 00 00 00 00 00 00 00 00 00 00 00 00 00
006270-006293 ImageUseBlock id=240018752 xofs=0 yofs=45 xsize=11 ysize=11 brga=4294967295
006294-006356 DataBlock
  ................ 00 00 00 08 00 00 00 00 00 00 00 e8 ff ff ff 01
  ................ 01 00 00 00 00 00 00 00 00 00 00 00 00 00 00 00
  ................ 00 00 00 00 00 00 00 00 00 00 00 00 00 00 00 00
  ...............  00 00 00 00 00 00 00 00 00 00 00 00 00 00 00
006357-006380 ImageUseBlock id=240018752 xofs=0 yofs=53 xsize=11 ysize=11 brga=4294967295
006381-006443 DataBlock
  ................ 00 00 00 08 00 00 00 00 00 00 00 f0 ff ff ff 01
  ................ 01 00 00 00 00 00 00 00 00 00 00 00 00 00 00 00
  ................ 00 00 00 00 00 00 00 00 00 00 00 00 00 00 00 00
  ...............  00 00 00 00 00 00 00 00 00 00 00 00 00 00 00
006444-006467 ImageUseBlock id=240018752 xofs=0 yofs=61 xsize=11 ysize=11 brga=4294967295
006468-006530 DataBlock
  ................ 00 00 00 08 00 00 00 00 00 00 00 f8 ff ff ff 01
  ................ 01 00 00 00 00 00 00 00 00 00 00 00 00 00 00 00
  ................ 00 00 00 00 00 00 00 00 00 00 00 00 00 00 00 00
  ...............  00 00 00 00 00 00 00 00 00 00 00 00 00 00 00
006531-006554 ImageUseBlock id=240018752 xofs=0 yofs=69 xsize=11 ysize=11 brga=4294967295
006555-006675 DataBlock
  ................ 00 00 00 08 00 00 00 00 00 00 00 00 00 00 00 01
  ................ 01 00 00 00 00 00 00 00 00 00 00 00 00 00 00 00
  ................ 00 00 00 00 00 00 00 00 00 00 00 00 00 00 00 00
  ................ 00 00 00 00 00 00 00 00 00 00 00 00 00 00 00 00
  .............N.. 00 00 00 00 00 00 00 00 00 00 00 b0 92 4e 0e 01
  .9....P......... 00 39 0b 00 00 00 50 00 00 00 00 00 00 00 02 00
  ................ 00 00 00 00 00 00 00 00 00 00 01 00 00 00 01 00
  .........        00 00 01 00 00 00 00 00 00
006676-006688 FontNameBlock "la_gioconda"
006689-006704 DataBlock
  ................ 0a 00 00 00 02 00 00 00 01 00 00 00 dd da fa ff
006705-006727 StringBlock "Default Font Category"
006728-006747 DataBlock
  ................ 00 00 00 00 00 00 00 00 00 00 00 00 00 00 00 00
  ....             00 00 00 00
006748-006758 T0Block "normal_t0"
006759-006774 DataBlock
  ................ 00 00 00 00 00 00 00 00 00 00 00 00 00 00 00 00
006775-006785 T0Block "normal_t0"
006786-006805 DataBlock
  ................ 00 00 00 00 00 00 00 00 00 00 00 00 00 00 00 00
  ....             09 00 00 00
006806-006829 ImageUseBlock id=240018752 xofs=0 yofs=5 xsize=11 ysize=11 brga=4294967295
006830-006892 DataBlock
  ................ 00 00 00 08 00 00 00 00 00 00 00 c0 ff ff ff 01
  ................ 01 00 00 00 00 00 00 00 00 00 00 00 00 00 00 00
  ................ 00 00 00 00 00 00 00 00 00 00 00 00 00 00 00 00
  ...............  00 00 00 00 00 00 00 00 00 00 00 00 00 00 00
006893-006916 ImageUseBlock id=240018752 xofs=0 yofs=13 xsize=11 ysize=11 brga=4294967295
006917-006979 DataBlock
  ................ 00 00 00 08 00 00 00 00 00 00 00 c8 ff ff ff 01
  ................ 01 00 00 00 00 00 00 00 00 00 00 00 00 00 00 00
  ................ 00 00 00 00 00 00 00 00 00 00 00 00 00 00 00 00
  ...............  00 00 00 00 00 00 00 00 00 00 00 00 00 00 00
006980-007003 ImageUseBlock id=240018752 xofs=0 yofs=21 xsize=11 ysize=11 brga=4294967295
007004-007066 DataBlock
  ................ 00 00 00 08 00 00 00 00 00 00 00 d0 ff ff ff 01
  ................ 01 00 00 00 00 00 00 00 00 00 00 00 00 00 00 00
  ................ 00 00 00 00 00 00 00 00 00 00 00 00 00 00 00 00
  ...............  00 00 00 00 00 00 00 00 00 00 00 00 00 00 00
007067-007090 ImageUseBlock id=240018752 xofs=0 yofs=29 xsize=11 ysize=11 brga=4294967295
007091-007153 DataBlock
  ................ 00 00 00 08 00 00 00 00 00 00 00 d8 ff ff ff 01
  ................ 01 00 00 00 00 00 00 00 00 00 00 00 00 00 00 00
  ................ 00 00 00 00 00 00 00 00 00 00 00 00 00 00 00 00
  ...............  00 00 00 00 00 00 00 00 00 00 00 00 00 00 00
007154-007177 ImageUseBlock id=240018752 xofs=0 yofs=37 xsize=11 ysize=11 brga=4294967295
007178-007240 DataBlock
  ................ 00 00 00 08 00 00 00 00 00 00 00 e0 ff ff ff 01
  ................ 01 00 00 00 00 00 00 00 00 00 00 00 00 00 00 00
  ................ 00 00 00 00 00 00 00 00 00 00 00 00 00 00 00 00
  ...............  00 00 00 00 00 00 00 00 00 00 00 00 00 00 00
007241-007264 ImageUseBlock id=240018752 xofs=0 yofs=45 xsize=11 ysize=11 brga=4294967295
007265-007327 DataBlock
  ................ 00 00 00 08 00 00 00 00 00 00 00 e8 ff ff ff 01
  ................ 01 00 00 00 00 00 00 00 00 00 00 00 00 00 00 00
  ................ 00 00 00 00 00 00 00 00 00 00 00 00 00 00 00 00
  ...............  00 00 00 00 00 00 00 00 00 00 00 00 00 00 00
007328-007351 ImageUseBlock id=240018752 xofs=0 yofs=53 xsize=11 ysize=11 brga=4294967295
007352-007414 DataBlock
  ................ 00 00 00 08 00 00 00 00 00 00 00 f0 ff ff ff 01
  ................ 01 00 00 00 00 00 00 00 00 00 00 00 00 00 00 00
  ................ 00 00 00 00 00 00 00 00 00 00 00 00 00 00 00 00
  ...............  00 00 00 00 00 00 00 00 00 00 00 00 00 00 00
007415-007438 ImageUseBlock id=240018752 xofs=0 yofs=61 xsize=11 ysize=11 brga=4294967295
007439-007501 DataBlock
  ................ 00 00 00 08 00 00 00 00 00 00 00 f8 ff ff ff 01
  ................ 01 00 00 00 00 00 00 00 00 00 00 00 00 00 00 00
  ................ 00 00 00 00 00 00 00 00 00 00 00 00 00 00 00 00
  ...............  00 00 00 00 00 00 00 00 00 00 00 00 00 00 00
007502-007525 ImageUseBlock id=240018752 xofs=0 yofs=69 xsize=11 ysize=11 brga=4294967295
007526-007646 DataBlock
  ................ 00 00 00 08 00 00 00 00 00 00 00 00 00 00 00 01
  ................ 01 00 00 00 00 00 00 00 00 00 00 00 00 00 00 00
  ................ 00 00 00 00 00 00 00 00 00 00 00 00 00 00 00 00
  ................ 00 00 00 00 00 00 00 00 00 00 00 00 00 00 00 00
  .............N.. 00 00 00 00 00 00 00 00 00 00 00 80 9d 4e 0e 01
  .8....P......... 00 38 0b 00 00 00 50 00 00 00 00 00 00 00 02 00
  ................ 00 00 00 00 00 00 00 00 00 00 01 00 00 00 01 00
  .........        00 00 01 00 00 00 00 00 00
007647-007659 FontNameBlock "la_gioconda"
007660-007675 DataBlock
  ................ 0a 00 00 00 02 00 00 00 01 00 00 00 dd da fa ff
007676-007698 StringBlock "Default Font Category"
007699-007718 DataBlock
  ................ 00 00 00 00 00 00 00 00 00 00 00 00 00 00 00 00
  ....             00 00 00 00
007719-007729 T0Block "normal_t0"
007730-007745 DataBlock
  ................ 00 00 00 00 00 00 00 00 00 00 00 00 00 00 00 00
007746-007756 T0Block "normal_t0"
007757-007776 DataBlock
  ................ 00 00 00 00 00 00 00 00 00 00 00 00 00 00 00 00
  ....             08 00 00 00
007777-007800 ImageUseBlock id=240018752 xofs=0 yofs=13 xsize=11 ysize=11 brga=4294967295
007801-007863 DataBlock
  ................ 00 00 00 08 00 00 00 00 00 00 00 c8 ff ff ff 01
  ................ 01 00 00 00 00 00 00 00 00 00 00 00 00 00 00 00
  ................ 00 00 00 00 00 00 00 00 00 00 00 00 00 00 00 00
  ...............  00 00 00 00 00 00 00 00 00 00 00 00 00 00 00
007864-007887 ImageUseBlock id=240018752 xofs=0 yofs=21 xsize=11 ysize=11 brga=4294967295
007888-007950 DataBlock
  ................ 00 00 00 08 00 00 00 00 00 00 00 d0 ff ff ff 01
  ................ 01 00 00 00 00 00 00 00 00 00 00 00 00 00 00 00
  ................ 00 00 00 00 00 00 00 00 00 00 00 00 00 00 00 00
  ...............  00 00 00 00 00 00 00 00 00 00 00 00 00 00 00
007951-007974 ImageUseBlock id=240018752 xofs=0 yofs=29 xsize=11 ysize=11 brga=4294967295
007975-008037 DataBlock
  ................ 00 00 00 08 00 00 00 00 00 00 00 d8 ff ff ff 01
  ................ 01 00 00 00 00 00 00 00 00 00 00 00 00 00 00 00
  ................ 00 00 00 00 00 00 00 00 00 00 00 00 00 00 00 00
  ...............  00 00 00 00 00 00 00 00 00 00 00 00 00 00 00
008038-008061 ImageUseBlock id=240018752 xofs=0 yofs=37 xsize=11 ysize=11 brga=4294967295
008062-008124 DataBlock
  ................ 00 00 00 08 00 00 00 00 00 00 00 e0 ff ff ff 01
  ................ 01 00 00 00 00 00 00 00 00 00 00 00 00 00 00 00
  ................ 00 00 00 00 00 00 00 00 00 00 00 00 00 00 00 00
  ...............  00 00 00 00 00 00 00 00 00 00 00 00 00 00 00
008125-008148 ImageUseBlock id=240018752 xofs=0 yofs=45 xsize=11 ysize=11 brga=4294967295
008149-008211 DataBlock
  ................ 00 00 00 08 00 00 00 00 00 00 00 e8 ff ff ff 01
  ................ 01 00 00 00 00 00 00 00 00 00 00 00 00 00 00 00
  ................ 00 00 00 00 00 00 00 00 00 00 00 00 00 00 00 00
  ...............  00 00 00 00 00 00 00 00 00 00 00 00 00 00 00
008212-008235 ImageUseBlock id=240018752 xofs=0 yofs=53 xsize=11 ysize=11 brga=4294967295
008236-008298 DataBlock
  ................ 00 00 00 08 00 00 00 00 00 00 00 f0 ff ff ff 01
  ................ 01 00 00 00 00 00 00 00 00 00 00 00 00 00 00 00
  ................ 00 00 00 00 00 00 00 00 00 00 00 00 00 00 00 00
  ...............  00 00 00 00 00 00 00 00 00 00 00 00 00 00 00
008299-008322 ImageUseBlock id=240018752 xofs=0 yofs=61 xsize=11 ysize=11 brga=4294967295
008323-008385 DataBlock
  ................ 00 00 00 08 00 00 00 00 00 00 00 f8 ff ff ff 01
  ................ 01 00 00 00 00 00 00 00 00 00 00 00 00 00 00 00
  ................ 00 00 00 00 00 00 00 00 00 00 00 00 00 00 00 00
  ...............  00 00 00 00 00 00 00 00 00 00 00 00 00 00 00
008386-008409 ImageUseBlock id=240018752 xofs=0 yofs=69 xsize=11 ysize=11 brga=4294967295
008410-008531 DataBlock
  ................ 00 00 00 08 00 00 00 00 00 00 00 00 00 00 00 01
  ................ 01 00 00 00 00 00 00 00 00 00 00 00 00 00 00 00
  ................ 00 00 00 00 00 00 00 00 00 00 00 00 00 00 00 00
  ................ 00 00 00 00 00 00 00 00 00 00 00 00 00 00 00 00
  ...........0.N.. 00 00 00 00 00 00 00 00 00 00 00 30 a7 4e 0e 02
  .10....P........ 00 31 30 0b 00 00 00 50 00 00 00 00 00 00 00 02
  ................ 00 00 00 00 00 00 00 00 00 00 00 01 00 00 00 01
  ..........       00 00 00 01 00 00 00 00 00 00
008532-008544 FontNameBlock "la_gioconda"
008545-008560 DataBlock
  ................ 0a 00 00 00 02 00 00 00 01 00 00 00 dd da fa ff
008561-008583 StringBlock "Default Font Category"
008584-008603 DataBlock
  ................ 00 00 00 00 00 00 00 00 00 00 00 00 00 00 00 00
  ....             00 00 00 00
008604-008614 T0Block "normal_t0"
008615-008630 DataBlock
  ................ 00 00 00 00 00 00 00 00 00 00 00 00 00 00 00 00
008631-008641 T0Block "normal_t0"
008642-008661 DataBlock
  ................ 00 00 00 00 00 00 00 00 00 00 00 00 00 00 00 00
  ....             0a 00 00 00
008662-008685 ImageUseBlock id=240018752 xofs=0 yofs=4294967293 xsize=11 ysize=11 brga=4294967295
008686-008748 DataBlock
  ................ 00 00 00 08 00 00 00 00 00 00 00 b8 ff ff ff 01
  ................ 01 00 00 00 00 00 00 00 00 00 00 00 00 00 00 00
  ................ 00 00 00 00 00 00 00 00 00 00 00 00 00 00 00 00
  ...............  00 00 00 00 00 00 00 00 00 00 00 00 00 00 00
008749-008772 ImageUseBlock id=240018752 xofs=0 yofs=5 xsize=11 ysize=11 brga=4294967295
008773-008835 DataBlock
  ................ 00 00 00 08 00 00 00 00 00 00 00 c0 ff ff ff 01
  ................ 01 00 00 00 00 00 00 00 00 00 00 00 00 00 00 00
  ................ 00 00 00 00 00 00 00 00 00 00 00 00 00 00 00 00
  ...............  00 00 00 00 00 00 00 00 00 00 00 00 00 00 00
008836-008859 ImageUseBlock id=240018752 xofs=0 yofs=13 xsize=11 ysize=11 brga=4294967295
008860-008922 DataBlock
  ................ 00 00 00 08 00 00 00 00 00 00 00 c8 ff ff ff 01
  ................ 01 00 00 00 00 00 00 00 00 00 00 00 00 00 00 00
  ................ 00 00 00 00 00 00 00 00 00 00 00 00 00 00 00 00
  ...............  00 00 00 00 00 00 00 00 00 00 00 00 00 00 00
008923-008946 ImageUseBlock id=240018752 xofs=0 yofs=21 xsize=11 ysize=11 brga=4294967295
008947-009009 DataBlock
  ................ 00 00 00 08 00 00 00 00 00 00 00 d0 ff ff ff 01
  ................ 01 00 00 00 00 00 00 00 00 00 00 00 00 00 00 00
  ................ 00 00 00 00 00 00 00 00 00 00 00 00 00 00 00 00
  ...............  00 00 00 00 00 00 00 00 00 00 00 00 00 00 00
009010-009033 ImageUseBlock id=240018752 xofs=0 yofs=29 xsize=11 ysize=11 brga=4294967295
009034-009096 DataBlock
  ................ 00 00 00 08 00 00 00 00 00 00 00 d8 ff ff ff 01
  ................ 01 00 00 00 00 00 00 00 00 00 00 00 00 00 00 00
  ................ 00 00 00 00 00 00 00 00 00 00 00 00 00 00 00 00
  ...............  00 00 00 00 00 00 00 00 00 00 00 00 00 00 00
009097-009120 ImageUseBlock id=240018752 xofs=0 yofs=37 xsize=11 ysize=11 brga=4294967295
009121-009183 DataBlock
  ................ 00 00 00 08 00 00 00 00 00 00 00 e0 ff ff ff 01
  ................ 01 00 00 00 00 00 00 00 00 00 00 00 00 00 00 00
  ................ 00 00 00 00 00 00 00 00 00 00 00 00 00 00 00 00
  ...............  00 00 00 00 00 00 00 00 00 00 00 00 00 00 00
009184-009207 ImageUseBlock id=240018752 xofs=0 yofs=45 xsize=11 ysize=11 brga=4294967295
009208-009270 DataBlock
  ................ 00 00 00 08 00 00 00 00 00 00 00 e8 ff ff ff 01
  ................ 01 00 00 00 00 00 00 00 00 00 00 00 00 00 00 00
  ................ 00 00 00 00 00 00 00 00 00 00 00 00 00 00 00 00
  ...............  00 00 00 00 00 00 00 00 00 00 00 00 00 00 00
009271-009294 ImageUseBlock id=240018752 xofs=0 yofs=53 xsize=11 ysize=11 brga=4294967295
009295-009357 DataBlock
  ................ 00 00 00 08 00 00 00 00 00 00 00 f0 ff ff ff 01
  ................ 01 00 00 00 00 00 00 00 00 00 00 00 00 00 00 00
  ................ 00 00 00 00 00 00 00 00 00 00 00 00 00 00 00 00
  ...............  00 00 00 00 00 00 00 00 00 00 00 00 00 00 00
009358-009381 ImageUseBlock id=240018752 xofs=0 yofs=61 xsize=11 ysize=11 brga=4294967295
009382-009444 DataBlock
  ................ 00 00 00 08 00 00 00 00 00 00 00 f8 ff ff ff 01
  ................ 01 00 00 00 00 00 00 00 00 00 00 00 00 00 00 00
  ................ 00 00 00 00 00 00 00 00 00 00 00 00 00 00 00 00
  ...............  00 00 00 00 00 00 00 00 00 00 00 00 00 00 00
009445-009468 ImageUseBlock id=240018752 xofs=0 yofs=69 xsize=11 ysize=11 brga=4294967295
009469-009570 DataBlock
  ................ 00 00 00 08 00 00 00 00 00 00 00 00 00 00 00 01
  ................ 01 00 00 00 00 00 00 00 00 00 00 00 00 00 00 00
  ................ 00 00 00 00 00 00 00 00 00 00 00 00 00 00 00 00
  ................ 00 00 00 00 00 00 00 00 00 00 00 00 00 00 00 00
  ...............< 00 00 00 00 00 00 00 00 00 00 00 00 00 00 00 3c
  ................ 00 00 00 00 00 00 00 00 00 00 00 00 00 00 00 00
  ......           00 00 00 00 00 00
009571-009599 StringBlock "grp_gw_generic_button_small"
009600-009610 DataBlock
  ...........      00 00 00 00 00 00 00 80 12 ec 14
009611-009618 StringBlock "dy_age"
009619-009681 DataBlock
  ..j............. 00 00 6a 00 00 00 1c 00 00 00 00 00 00 00 00 00
  ..............j. 01 00 00 00 00 01 00 00 00 00 01 00 00 00 6a 00
  ................ 00 00 1c 00 00 00 00 a0 15 ec 14 00 00 00 00 00
  ...............  00 00 00 00 00 00 00 01 00 00 00 a0 15 ec 14
009682-009691 NewStateBlock "NewState"
009692-009695 XSizeBlock 23
009696-009699 YSizeBlock 24
009700-009728 DataBlock
  ..x.x........... 02 00 78 00 78 00 00 00 02 00 00 00 04 00 00 00
  .............    00 00 00 00 01 00 00 00 01 00 00 00 00
009729-009784 UnicodeBlock "dy_age_NewState_Text_780078"
009785-009788 DataBlock
  ....             00 00 00 00
009789-009801 FontNameBlock "la_gioconda"
009802-009817 DataBlock
  ................ 0c 00 00 00 07 00 00 00 00 00 00 00 d7 f8 ff ff
009818-009826 StringBlock "fe_text"
009827-009846 DataBlock
  ................ 00 00 00 00 00 00 00 00 00 00 00 00 00 00 00 00
  ....             00 01 00 00
009847-009857 T0Block "normal_t0"
009858-009873 DataBlock
  ................ 00 00 00 00 00 00 00 00 00 00 00 00 00 00 00 00
009874-009884 T0Block "normal_t0"
009885-009936 DataBlock
  ................ 00 00 00 00 00 00 00 00 00 00 00 00 00 00 00 00
  ................ 00 00 00 00 00 00 00 00 00 00 00 00 00 00 00 00
  ....<........... 00 00 00 00 3c 00 00 00 00 00 00 00 01 00 00 00
  ....             80 17 ec 14
009937-009942 StringBlock "icon"
009943-009985 DataBlock
  ................ 00 00 e6 ff ff ff 00 00 00 00 00 00 00 00 00 00
  ................ 01 00 00 00 00 01 00 00 00 00 04 00 00 00 e6 ff
  ...........      ff ff 00 00 00 00 00 a0 1a ec 14
009986-010040 ImageListBlock 1 elements:
  009990-010040 ImageBlock id=350970016 xsize=24 ysize=24 path="ui/skins/default/icon_sundial.png" unknown=0
010041-010102 DataBlock
  ...............N 00 00 00 00 00 01 00 00 00 a0 1a ec 14 08 00 4e
  ewState......... 65 77 53 74 61 74 65 18 00 00 00 18 00 00 00 00
  ................ 00 00 00 02 00 00 00 00 00 00 00 00 00 00 00 01
  ..............   00 00 00 01 00 00 00 00 00 00 00 00 00 00
010103-010115 FontNameBlock "la_gioconda"
010116-010131 DataBlock
  ................ 0a 00 00 00 02 00 00 00 01 00 00 00 dd da fa ff
010132-010154 StringBlock "Default Font Category"
010155-010174 DataBlock
  ................ 00 00 00 00 00 00 00 00 00 00 00 00 00 00 00 00
  ....             00 01 00 00
010175-010185 T0Block "normal_t0"
010186-010201 DataBlock
  ................ 00 00 00 00 00 00 00 00 00 00 00 00 00 00 00 00
010202-010212 T0Block "normal_t0"
010213-010232 DataBlock
  ................ 00 00 00 00 00 00 00 00 00 00 00 00 00 00 00 00
  ....             01 00 00 00
010233-010256 ImageUseBlock id=350970016 xofs=0 yofs=0 xsize=24 ysize=24 brga=4294967295
010257-010371 DataBlock
  ................ 00 00 00 00 00 00 00 00 00 00 00 00 00 00 00 01
  ................ 01 00 00 00 00 00 00 00 00 00 00 00 00 00 00 00
  ................ 00 00 00 00 00 00 00 00 00 00 00 00 00 00 00 00
  ................ 00 00 00 00 00 00 00 00 00 00 00 00 00 00 00 00
  ...............< 00 00 00 00 00 00 00 00 00 00 00 00 00 00 00 3c
  ................ 00 00 00 00 00 00 00 00 00 00 00 00 00 00 00 00
  ................ 00 00 00 00 00 00 00 00 00 00 00 00 01 00 00 80
  (..              28 ec 14
010372-010384 StringBlock "dy_ambition"
010385-010447 DataBlock
  ..j...T......... 00 00 6a 00 00 00 54 00 00 00 00 00 00 00 00 00
  ..............j. 01 00 00 00 00 01 00 00 00 00 01 00 00 00 6a 00
  ..T.....+....... 00 00 54 00 00 00 00 e0 2b ec 14 00 00 00 00 00
  ............+..  00 00 00 00 00 00 00 01 00 00 00 e0 2b ec 14
010448-010457 NewStateBlock "NewState"
010458-010461 XSizeBlock 40
010462-010465 YSizeBlock 24
010466-010496 DataBlock
  ..x.x.x......... 03 00 78 00 78 00 78 00 00 00 02 00 00 00 04 00
  ...............  00 00 00 00 00 00 01 00 00 00 01 00 00 00 00
010497-010562 UnicodeBlock "dy_ambition_NewState_Text_780000"
010563-010566 DataBlock
  ....             00 00 00 00
010567-010579 FontNameBlock "la_gioconda"
010580-010595 DataBlock
  ................ 0c 00 00 00 07 00 00 00 00 00 00 00 d7 f8 ff ff
010596-010604 StringBlock "fe_text"
010605-010624 DataBlock
  ................ 00 00 00 00 00 00 00 00 00 00 00 00 00 00 00 00
  ....             00 00 00 00
010625-010635 T0Block "normal_t0"
010636-010651 DataBlock
  ................ 00 00 00 00 00 00 00 00 00 00 00 00 00 00 00 00
010652-010662 T0Block "normal_t0"
010663-010714 DataBlock
  ................ 00 00 00 00 00 00 00 00 00 00 00 00 00 00 00 00
  ................ 00 00 00 00 00 00 00 00 00 00 00 00 00 00 00 00
  ....<........... 00 00 00 00 3c 00 00 00 00 00 00 00 01 00 00 00
  `...             60 2e ec 14
010715-010720 StringBlock "icon"
010721-010763 DataBlock
  ................ 00 00 e8 ff ff ff 00 00 00 00 00 00 00 00 00 00
  ................ 01 00 00 00 00 01 00 00 00 00 04 00 00 00 e8 ff
  .........D.      ff ff 00 00 00 00 00 80 13 44 18
010764-010819 ImageListBlock 1 elements:
  010768-010819 ImageBlock id=351023552 xsize=24 ysize=24 path="ui/skins/default/icon_ambition.png" unknown=0
010820-010905 DataBlock
  ..........2....l 00 00 00 00 00 02 00 00 00 e0 32 ec 14 03 00 6c
  ow4............. 6f 77 34 00 00 00 18 00 00 00 00 00 00 00 02 00
  ................ 00 00 00 00 00 00 00 00 00 00 01 00 00 00 01 00
  ...........la_gi 00 00 00 00 00 00 00 00 00 0b 00 6c 61 5f 67 69
  oconda.......... 6f 63 6f 6e 64 61 0a 00 00 00 02 00 00 00 01 00
  ......           00 00 dd da fa ff
010906-010928 StringBlock "Default Font Category"
010929-010948 DataBlock
  ................ 00 00 00 00 00 00 00 00 00 00 00 00 00 00 00 00
  ....             00 00 00 00
010949-010959 T0Block "normal_t0"
010960-010975 DataBlock
  ................ 00 00 00 00 00 00 00 00 00 00 00 00 00 00 00 00
010976-010986 T0Block "normal_t0"
010987-011006 DataBlock
  ................ 00 00 00 00 00 00 00 00 00 00 00 00 00 00 00 00
  ....             01 00 00 00
011007-011030 ImageUseBlock id=351023552 xofs=0 yofs=0 xsize=24 ysize=24 brga=4291178781
011031-011109 DataBlock
  ................ 00 00 00 00 00 00 00 00 00 00 00 00 00 00 00 00
  ................ 00 00 00 00 00 00 00 00 00 00 00 00 00 00 00 00
  ................ 00 00 00 00 00 00 00 00 00 00 00 00 00 00 00 00
  ................ 00 00 00 00 00 00 00 00 00 00 00 00 00 00 00 00
  .............D.  00 00 00 00 00 00 00 00 00 00 00 80 13 44 18
011110-011117 StringBlock "normal"
011118-011156 DataBlock
  4............... 34 00 00 00 18 00 00 00 00 00 00 00 02 00 00 00
  ................ 00 00 00 00 00 00 00 00 01 00 00 00 01 00 00 00
  .......          00 00 00 00 00 00 00
011157-011169 FontNameBlock "la_gioconda"
011170-011185 DataBlock
  ................ 0a 00 00 00 02 00 00 00 01 00 00 00 dd da fa ff
011186-011208 StringBlock "Default Font Category"
011209-011228 DataBlock
  ................ 00 00 00 00 00 00 00 00 00 00 00 00 00 00 00 00
  ....             00 00 00 00
011229-011239 T0Block "normal_t0"
011240-011255 DataBlock
  ................ 00 00 00 00 00 00 00 00 00 00 00 00 00 00 00 00
011256-011266 T0Block "normal_t0"
011267-011286 DataBlock
  ................ 00 00 00 00 00 00 00 00 00 00 00 00 00 00 00 00
  ....             01 00 00 00
011287-011310 ImageUseBlock id=351023552 xofs=0 yofs=0 xsize=24 ysize=24 brga=4294967295
011311-011425 DataBlock
  ................ 00 00 00 00 00 00 00 00 00 00 00 00 00 00 00 00
  ................ 00 00 00 00 00 00 00 00 00 00 00 00 00 00 00 00
  ................ 00 00 00 00 00 00 00 00 00 00 00 00 00 00 00 00
  ................ 00 00 00 00 00 00 00 00 00 00 00 00 00 00 00 00
  ...............< 00 00 00 00 00 00 00 00 00 00 00 00 00 00 00 3c
  ................ 00 00 00 00 00 00 00 00 00 00 00 00 00 00 00 00
  ................ 00 00 00 00 00 00 00 00 00 00 00 00 01 00 00 a0
  ...              1c ec 14
011426-011438 StringBlock "dy_gravitas"
011439-011501 DataBlock
  ..j...7......... 00 00 6a 00 00 00 37 00 00 00 00 00 00 00 00 00
  ..............j. 01 00 00 00 00 01 00 00 00 00 01 00 00 00 6a 00
  ..7............. 00 00 37 00 00 00 00 a0 1f ec 14 00 00 00 00 00
  ...............  00 00 00 00 00 00 00 01 00 00 00 a0 1f ec 14
011502-011511 NewStateBlock "NewState"
011512-011515 XSizeBlock 40
011516-011519 YSizeBlock 24
011520-011550 DataBlock
  ..x.x.x......... 03 00 78 00 78 00 78 00 00 00 02 00 00 00 04 00
  ...............  00 00 00 00 00 00 01 00 00 00 01 00 00 00 00
011551-011616 UnicodeBlock "dy_ambition_NewState_Text_780000"
011617-011620 DataBlock
  ....             00 00 00 00
011621-011633 FontNameBlock "la_gioconda"
011634-011649 DataBlock
  ................ 0c 00 00 00 07 00 00 00 00 00 00 00 d7 f8 ff ff
011650-011658 StringBlock "fe_text"
011659-011678 DataBlock
  ................ 00 00 00 00 00 00 00 00 00 00 00 00 00 00 00 00
  ....             00 00 00 00
011679-011689 T0Block "normal_t0"
011690-011705 DataBlock
  ................ 00 00 00 00 00 00 00 00 00 00 00 00 00 00 00 00
011706-011716 T0Block "normal_t0"
011717-011768 DataBlock
  ................ 00 00 00 00 00 00 00 00 00 00 00 00 00 00 00 00
  ................ 00 00 00 00 00 00 00 00 00 00 00 00 00 00 00 00
  ....<........... 00 00 00 00 3c 00 00 00 00 00 00 00 01 00 00 00
  .!..             a0 21 ec 14
011769-011774 StringBlock "icon"
011775-011817 DataBlock
  ................ 00 00 e8 ff ff ff 00 00 00 00 00 00 00 00 00 00
  ................ 01 00 00 00 00 01 00 00 00 00 04 00 00 00 e8 ff
  .........{.      ff ff 00 00 00 00 00 80 eb 7b 19
011818-011873 ImageListBlock 1 elements:
  011822-011873 ImageBlock id=351020224 xsize=24 ysize=24 path="ui/skins/default/icon_gravitas.png" unknown=0
011874-011933 DataBlock
  ...........{...n 00 00 00 00 00 02 00 00 00 80 eb 7b 19 06 00 6e
  ormal1.......... 6f 72 6d 61 6c 31 00 00 00 18 00 00 00 00 00 00
  ................ 00 02 00 00 00 00 00 00 00 00 00 00 00 01 00 00
  ............     00 01 00 00 00 00 00 00 00 00 00 00
011934-011946 FontNameBlock "la_gioconda"
011947-011962 DataBlock
  ................ 0a 00 00 00 02 00 00 00 01 00 00 00 dd da fa ff
011963-011985 StringBlock "Default Font Category"
011986-012005 DataBlock
  ................ 00 00 00 00 00 00 00 00 00 00 00 00 00 00 00 00
  ....             00 01 00 00
012006-012016 T0Block "normal_t0"
012017-012032 DataBlock
  ................ 00 00 00 00 00 00 00 00 00 00 00 00 00 00 00 00
012033-012043 T0Block "normal_t0"
012044-012063 DataBlock
  ................ 00 00 00 00 00 00 00 00 00 00 00 00 00 00 00 00
  ....             01 00 00 00
012064-012087 ImageUseBlock id=351020224 xofs=0 yofs=0 xsize=24 ysize=24 brga=4294967295
012088-012166 DataBlock
  ................ 00 00 00 00 00 00 00 00 00 00 00 00 00 00 00 00
  ................ 00 00 00 00 00 00 00 00 00 00 00 00 00 00 00 00
  ................ 00 00 00 00 00 00 00 00 00 00 00 00 00 00 00 00
  ................ 00 00 00 00 00 00 00 00 00 00 00 00 00 00 00 00
  ...........`%..  00 00 00 00 00 00 00 00 00 00 00 60 25 ec 14
012167-012172 StringBlock "high"
012173-012211 DataBlock
  1............... 31 00 00 00 18 00 00 00 00 00 00 00 02 00 00 00
  ................ 00 00 00 00 00 00 00 00 01 00 00 00 01 00 00 00
  .......          00 00 00 00 00 00 00
012212-012224 FontNameBlock "la_gioconda"
012225-012240 DataBlock
  ................ 0a 00 00 00 02 00 00 00 01 00 00 00 dd da fa ff
012241-012263 StringBlock "Default Font Category"
012264-012283 DataBlock
  ................ 00 00 00 00 00 00 00 00 00 00 00 00 00 00 00 00
  ....             00 01 00 00
012284-012294 T0Block "normal_t0"
012295-012310 DataBlock
  ................ 00 00 00 00 00 00 00 00 00 00 00 00 00 00 00 00
012311-012321 T0Block "normal_t0"
012322-012341 DataBlock
  ................ 00 00 00 00 00 00 00 00 00 00 00 00 00 00 00 00
  ....             01 00 00 00
012342-012365 ImageUseBlock id=351020224 xofs=0 yofs=0 xsize=24 ysize=24 brga=4294956800
012366-012496 DataBlock
  ................ 00 00 00 00 00 00 00 00 00 00 00 00 00 00 00 00
  ................ 00 00 00 00 00 00 00 00 00 00 00 00 00 00 00 00
  ................ 00 00 00 00 00 00 00 00 00 00 00 00 00 00 00 00
  ................ 00 00 00 00 00 00 00 00 00 00 00 00 00 00 00 00
  ...............< 00 00 00 00 00 00 00 00 00 00 00 00 00 00 00 3c
  ................ 00 00 00 00 00 00 00 00 00 00 00 00 00 00 00 00
  ................ 00 00 00 00 00 00 00 00 00 00 00 00 01 00 00 00
  ................ 00 00 00 00 00 00 00 00 00 00 00 00 00 00 00 00
  ...              00 00 00
