000000-000009 VersionBlock 96
000010-000013 RootIDBlock 463234240
000014-000019 StringBlock "root"
000020-000097 DataBlock
  ................ 00 00 00 00 00 00 00 00 00 00 01 01 00 00 00 00
  ................ 01 00 00 00 00 01 00 00 00 00 00 00 00 00 00 00
  ................ 00 00 00 00 00 00 00 00 00 00 00 01 00 00 00 a0
  ................ b4 e3 1a 00 00 00 05 00 00 00 04 00 00 00 00 00
  .......... h..   00 00 00 00 00 00 01 00 00 00 20 68 9c 1b
000098-000107 NewStateBlock "NewState"
000108-000111 XSizeBlock 1280
000112-000115 YSizeBlock 960
000116-000146 DataBlock
  ................ 00 00 00 00 02 00 00 00 00 00 00 00 00 00 00 00
  ...............  01 00 00 00 01 00 00 00 00 00 00 00 00 00 00
000147-000159 FontNameBlock "la_gioconda"
000160-000175 DataBlock
  ................ 0a 00 00 00 02 00 00 00 01 00 00 00 dd da fa ff
000176-000198 StringBlock "Default Font Category"
000199-000218 DataBlock
  ................ 00 00 00 00 00 00 00 00 00 00 00 00 00 00 00 00
  ....             01 00 00 00
000219-000229 T0Block "normal_t0"
000230-000245 DataBlock
  ................ 00 00 00 00 00 00 00 00 00 00 00 00 00 00 00 00
000246-000256 T0Block "normal_t0"
000257-000395 DataBlock
  ................ 00 00 00 00 00 00 00 00 00 00 00 00 00 00 00 00
  ................ 01 00 00 00 a0 b4 e3 1a 00 00 00 00 00 00 00 00
  ............. 00 05 00 00 00 04 00 00 7f 7f 7f ff 00 00 00 00
  ................ 00 00 00 00 00 00 00 00 00 00 00 01 01 00 00 00
  ................ 00 00 00 00 00 00 00 00 00 00 00 00 00 00 00 00
  ................ 00 00 00 00 00 00 00 00 00 00 00 00 00 00 00 00
  ................ 00 00 00 00 00 00 00 00 00 00 00 00 00 00 00 00
  ................ 00 00 00 00 00 00 00 00 00 00 00 00 00 00 00 00
  ....... j..      00 00 00 01 00 00 00 20 6a 9c 1b
000396-000417 StringBlock "building_information"
000418-000443 StringBlock "CampaignEffectsListPanel"
000444-000504 DataBlock
  ....V........... 00 00 00 00 56 02 00 00 01 01 00 00 00 00 01 00
  ................ 00 00 00 01 00 00 00 00 07 00 00 00 00 00 00 00
  ......m......... 00 00 00 00 00 80 6d 9c 1b 00 00 00 00 00 00 00
  ..........m..    00 00 00 00 00 01 00 00 00 80 6d 9c 1b
000505-000514 NewStateBlock "NewState"
000515-000518 XSizeBlock 254
000519-000522 YSizeBlock 362
000523-000553 DataBlock
  ................ 00 00 00 00 02 00 00 00 00 00 00 00 00 00 00 00
  ...............  01 00 00 00 01 00 00 00 00 00 00 00 00 00 00
000554-000566 FontNameBlock "la_gioconda"
000567-000582 DataBlock
  ................ 0a 00 00 00 02 00 00 00 01 00 00 00 dd da fa ff
000583-000605 StringBlock "Default Font Category"
000606-000625 DataBlock
  ................ 00 00 00 00 00 00 00 00 00 00 00 00 00 00 00 00
  ....             01 00 00 00
000626-000636 T0Block "normal_t0"
000637-000652 DataBlock
  ................ 00 00 00 00 00 00 00 00 00 00 00 00 00 00 00 00
000653-000663 T0Block "normal_t0"
000664-000699 DataBlock
  ................ 00 00 00 00 00 00 00 00 00 00 00 00 00 00 00 00
  ................ 00 00 00 00 00 00 00 00 00 00 00 00 00 00 00 00
  ....             01 00 00 00
000700-000708 StringBlock "padding"
000709-000720 DataBlock
  ..20........     02 00 32 30 0c 00 00 00 01 00 00 00
000721-000727 StringBlock "scale"
000728-000793 DataBlock
  ................ 00 00 01 00 00 00 00 00 00 00 00 00 00 00 0e 01
  ................ 00 00 f4 01 00 00 ff ff ff ff 00 00 00 00 00 00
  ................ 00 00 00 00 00 00 00 00 00 00 00 00 00 00 ff ff
  ................ ff ff ff ff ff ff c8 00 00 00 04 00 00 00 00 00
  .?               80 3f
000794-000801 StringBlock "Linear"
000802-000816 DataBlock
  ............o..  00 00 00 00 00 00 00 06 00 00 00 a0 6f 9c 1b
000817-000829 StringBlock "title_frame"
000830-000892 DataBlock
  ................ 00 00 07 00 00 00 0c 00 00 00 00 00 00 00 00 00
  ................ 01 00 00 00 00 01 00 00 00 00 02 00 00 00 00 00
  ................ 00 00 0c 00 00 00 00 00 00 00 00 00 00 00 00 00
  ............s..  00 00 00 00 00 00 00 01 00 00 00 00 73 9c 1b
000893-000902 NewStateBlock "NewState"
000903-000906 XSizeBlock 240
000907-000910 YSizeBlock 30
000911-000941 DataBlock
  ................ 00 00 00 00 02 00 00 00 00 00 00 00 00 00 00 00
  ...............  01 00 00 00 01 00 00 00 00 00 00 00 00 00 00
000942-000954 FontNameBlock "la_gioconda"
000955-000970 DataBlock
  ................ 0a 00 00 00 02 00 00 00 01 00 00 00 dd da fa ff
000971-000993 StringBlock "Default Font Category"
000994-001013 DataBlock
  ................ 00 00 00 00 00 00 00 00 00 00 00 00 00 00 00 00
  ....             01 00 00 00
001014-001024 T0Block "normal_t0"
001025-001040 DataBlock
  ................ 00 00 00 00 00 00 00 00 00 00 00 00 00 00 00 00
001041-001051 T0Block "normal_t0"
001052-001103 DataBlock
  ................ 00 00 00 00 00 00 00 00 00 00 00 00 00 00 00 00
  ................ 00 00 00 00 00 00 00 00 00 00 00 00 00 00 00 00
  ................ 00 00 00 00 0c 00 00 00 00 00 00 00 02 00 00 00
  .jQ.             c0 6a 51 1b
001104-001122 StringBlock "dy_building_title"
001123-001185 DataBlock
  ................ 00 00 03 00 00 00 fa ff ff ff 00 00 00 00 00 00
  ................ 01 00 00 00 00 01 00 00 00 00 02 00 00 00 00 00
  ................ 00 00 fa ff ff ff 00 00 00 00 00 00 00 00 00 00
  ........... nQ.  00 00 00 00 00 00 00 01 00 00 00 20 6e 51 1b
001186-001195 NewStateBlock "NewState"
001196-001199 XSizeBlock 234
001200-001203 YSizeBlock 30
001204-001241 UnicodeBlock "Governor's Mansion"
001242-001264 DataBlock
  ................ 00 00 04 00 00 00 04 00 00 00 00 00 00 00 02 00
  .......          00 00 01 00 00 00 00
001265-001342 UnicodeBlock "dy_building_title_NewState_Text_410056"
001343-001346 DataBlock
  ....             00 00 00 00
001347-001369 FontNameBlock "la_gioconda_uppercase"
001370-001385 DataBlock
  ..............I. 10 00 00 00 02 00 00 00 01 00 00 00 18 1f 49 ff
001386-001403 StringBlock "parchment_header"
001404-001423 DataBlock
  ................ 00 00 00 00 00 00 00 00 00 00 00 00 00 00 00 00
  ....             01 00 00 00
001424-001434 T0Block "normal_t0"
001435-001450 DataBlock
  ................ 00 00 00 00 00 00 00 00 00 00 00 00 00 00 00 00
001451-001461 T0Block "normal_t0"
001462-001513 DataBlock
  .......?...@.... 00 00 00 00 00 00 80 3f 00 00 00 40 00 00 00 00
  ................ 00 00 00 00 00 00 00 00 00 00 00 00 00 00 00 00
  ................ 00 00 00 00 0c 00 00 00 00 00 00 00 01 00 00 00
   pQ.             20 70 51 1b
001514-001521 StringBlock "h_line"
001522-001564 DataBlock
  ................ 00 00 00 00 00 00 06 00 00 00 00 00 00 00 00 00
  ................ 00 00 00 00 00 01 00 00 00 00 08 00 00 00 00 00
  ........sQ.      00 00 00 00 00 00 00 80 73 51 1b
001565-001613 ImageListBlock 1 elements:
  001569-001613 ImageBlock id=449247008 xsize=400 ysize=24 path="ui\\skins\\default\\h_line.png" unknown=0
001614-001675 DataBlock
  ..........sQ...N 00 00 00 00 00 01 00 00 00 80 73 51 1b 08 00 4e
  ewState......... 65 77 53 74 61 74 65 e9 00 00 00 18 00 00 00 00
  ................ 00 00 00 02 00 00 00 00 00 00 00 00 00 00 00 01
  ..............   00 00 00 01 00 00 00 00 00 00 00 00 00 00
001676-001688 FontNameBlock "la_gioconda"
001689-001704 DataBlock
  ................ 0a 00 00 00 02 00 00 00 01 00 00 00 dd da fa ff
001705-001727 StringBlock "Default Font Category"
001728-001747 DataBlock
  ................ 00 00 00 00 00 00 00 00 00 00 00 00 00 00 00 00
  ....             01 00 00 00
001748-001758 T0Block "normal_t0"
001759-001774 DataBlock
  ................ 00 00 00 00 00 00 00 00 00 00 00 00 00 00 00 00
001775-001785 T0Block "normal_t0"
001786-001805 DataBlock
  ................ 00 00 00 00 00 00 00 00 00 00 00 00 00 00 00 00
  ....             01 00 00 00
001806-001829 ImageUseBlock id=449247008 xofs=0 yofs=0 xsize=233 ysize=24 brga=4294967295
001830-001944 DataBlock
  ................ 00 00 00 00 00 00 00 00 00 00 00 00 00 00 00 01
  ................ 01 00 00 00 00 00 00 00 00 00 00 00 00 00 00 00
  ................ 00 00 00 00 00 00 00 00 00 00 00 00 00 00 00 00
  ......B.......B. 00 00 00 00 00 a0 42 00 00 00 00 00 00 a0 42 00
  ...............- 00 00 00 00 00 00 00 00 00 00 00 00 00 00 00 2d
  ................ 00 00 00 00 00 00 00 00 00 00 00 00 00 00 00 00
  ................ 00 00 00 00 00 00 00 00 00 00 00 00 00 00 00 80
  uQ.              75 51 1b
001945-001957 StringBlock "dy_location"
001958-002020 DataBlock
  ..x............. 00 00 78 00 00 00 1d 00 00 00 01 01 00 00 00 00
  ................ 00 00 00 00 00 01 00 00 00 00 08 00 00 00 00 00
  ........xQ...... 00 00 00 00 00 00 00 e0 78 51 1b 00 00 00 00 00
  ............xQ.  00 00 00 00 00 00 00 01 00 00 00 e0 78 51 1b
002021-002030 NewStateBlock "NewState"
002031-002034 XSizeBlock 1
002035-002038 YSizeBlock 1
002039-002056 UnicodeBlock "location"
002057-002079 DataBlock
  ................ 00 00 04 00 00 00 04 00 00 00 00 00 00 00 01 00
  .......          00 00 01 00 00 00 00
002080-002143 UnicodeBlock "dy_location_NewState_Text_90014"
002144-002147 DataBlock
  ....             00 00 00 00
002148-002160 FontNameBlock "la_gioconda"
002161-002176 DataBlock
  ................ 0c 00 00 00 07 00 00 00 00 00 00 00 d7 f8 ff ff
002177-002185 StringBlock "fe_text"
002186-002205 DataBlock
  ................ 00 00 00 00 00 00 00 00 00 00 00 00 00 00 00 00
  ....             01 00 00 00
002206-002216 T0Block "normal_t0"
002217-002232 DataBlock
  ................ 00 00 00 00 00 00 00 00 00 00 00 00 00 00 00 00
002233-002243 T0Block "normal_t0"
002244-002315 DataBlock
  ................ 00 00 00 00 00 00 00 00 00 00 00 00 00 00 00 00
  ................ 00 00 00 00 00 00 00 00 00 00 00 00 00 00 00 00
  ................ 00 00 00 00 0c 00 00 00 00 00 00 00 00 00 00 00
  ................ 00 00 00 00 00 00 00 00 00 00 00 00 00 00 00 00
  ........         00 00 00 00 90 db a7 0e
002316-002331 StringBlock "building_image"
002332-002409 DataBlock
  ......$......... 00 00 11 00 00 00 24 00 00 00 00 00 00 00 00 00
  ................ 01 00 00 00 00 01 00 00 00 00 02 00 00 00 00 00
  ..$.....D....... 00 00 24 00 00 00 00 f0 44 c9 0b 01 00 00 00 e0
  A........s...... 41 c9 0b 00 00 dc 00 00 00 73 00 00 00 00 00 00
  ...........D..   00 00 00 00 00 00 01 00 00 00 f0 44 c9 0b
002410-002419 NewStateBlock "NewState"
002420-002423 XSizeBlock 220
002424-002427 YSizeBlock 155
002428-002458 DataBlock
  ................ 00 00 00 00 02 00 00 00 00 00 00 00 00 00 00 00
  ...............  01 00 00 00 01 00 00 00 00 00 00 00 00 00 00
002459-002471 FontNameBlock "la_gioconda"
002472-002487 DataBlock
  ................ 0a 00 00 00 02 00 00 00 01 00 00 00 dd da fa ff
002488-002510 StringBlock "Default Font Category"
002511-002530 DataBlock
  ................ 00 00 00 00 00 00 00 00 00 00 00 00 00 00 00 00
  ....             00 00 00 00
002531-002541 T0Block "normal_t0"
002542-002557 DataBlock
  ................ 00 00 00 00 00 00 00 00 00 00 00 00 00 00 00 00
002558-002568 T0Block "normal_t0"
002569-002707 DataBlock
  ................ 00 00 00 00 00 00 00 00 00 00 00 00 00 00 00 00
  .....A.......... 01 00 00 00 e0 41 c9 0b 00 00 00 00 00 00 00 00
  ................ dc 00 00 00 9b 00 00 00 ff ff ff ff 00 00 00 00
  ................ 00 00 00 00 00 00 00 00 00 00 00 01 01 00 00 00
  ................ 00 00 00 00 00 00 00 00 00 00 00 00 00 00 00 00
  ................ 00 00 00 00 00 00 00 00 00 00 00 00 00 00 00 00
  ................ 00 00 00 00 00 00 00 00 00 00 00 00 00 00 00 00
  ................ 00 00 00 00 00 00 00 00 00 00 00 0c 00 00 00 00
  ........,..      00 00 00 03 00 00 00 f0 2c 9f 0e
002708-002723 StringBlock "category_frame"
002724-002766 DataBlock
  ................ 00 00 00 00 00 00 00 00 00 00 01 01 00 00 00 00
  ................ 01 00 00 00 00 01 00 00 00 00 05 00 00 00 00 00
  ........2..      00 00 00 00 00 00 00 f0 32 9f 0e
002767-002828 ImageListBlock 1 elements:
  002771-002828 ImageBlock id=128499696 xsize=108 ysize=76 path="ui\\skins\\default\\building_type_frame.png" unknown=0
002829-002889 DataBlock
  ..........2....d 00 00 00 00 00 01 00 00 00 f0 32 9f 0e 07 00 64
  efault.......... 65 66 61 75 6c 74 dc 00 00 00 9b 00 00 00 00 00
  ................ 00 00 02 00 00 00 00 00 00 00 00 00 00 00 01 00
  .............    00 00 01 00 00 00 00 00 00 00 00 00 00
002890-002902 FontNameBlock "la_gioconda"
002903-002918 DataBlock
  ................ 0a 00 00 00 02 00 00 00 01 00 00 00 dd da fa ff
002919-002941 StringBlock "Default Font Category"
002942-002961 DataBlock
  ................ 00 00 00 00 00 00 00 00 00 00 00 00 00 00 00 00
  ....             00 00 00 00
002962-002972 T0Block "normal_t0"
002973-002988 DataBlock
  ................ 00 00 00 00 00 00 00 00 00 00 00 00 00 00 00 00
002989-002999 T0Block "normal_t0"
003000-003019 DataBlock
  ................ 00 00 00 00 00 00 00 00 00 00 00 00 00 00 00 00
  ....             01 00 00 00
003020-003043 ImageUseBlock id=128499696 xofs=2 yofs=2 xsize=216 ysize=152 brga=4285891029
003044-003138 DataBlock
  ................ 01 00 00 05 00 00 00 00 00 00 00 00 00 00 00 01
  ................ 01 00 00 00 00 00 00 00 00 00 00 00 00 00 00 00
  ................ 00 00 00 00 00 00 00 00 00 00 00 00 00 00 00 00
  ..A...A...A...A. 00 90 41 00 00 90 41 00 00 90 41 00 00 90 41 00
  ................ 00 00 00 00 00 00 00 00 00 00 00 00 00 00 00 0c
  .............i.  00 00 00 00 00 00 00 01 00 00 00 d0 fd 69 0a
003139-003164 StringBlock "secondary_category_frame"
003165-003207 DataBlock
  ................ 00 00 00 00 00 00 00 00 00 00 01 01 00 00 00 00
  ................ 00 00 00 00 00 01 00 00 00 00 08 00 00 00 00 00
  ...........      00 00 00 00 00 00 00 90 b6 ea 0c
003208-003277 ImageListBlock 1 elements:
  003212-003277 ImageBlock id=120721248 xsize=108 ysize=76 path="ui\\skins\\default\\building_type_frame_overlay.png" unknown=0
003278-003338 DataBlock
  ...............d 00 00 00 00 00 01 00 00 00 90 b6 ea 0c 07 00 64
  efault.......... 65 66 61 75 6c 74 dc 00 00 00 9b 00 00 00 00 00
  ................ 00 00 02 00 00 00 00 00 00 00 00 00 00 00 01 00
  .............    00 00 01 00 00 00 00 00 00 00 00 00 00
003339-003351 FontNameBlock "la_gioconda"
003352-003367 DataBlock
  ................ 0a 00 00 00 02 00 00 00 01 00 00 00 dd da fa ff
003368-003390 StringBlock "Default Font Category"
003391-003410 DataBlock
  ................ 00 00 00 00 00 00 00 00 00 00 00 00 00 00 00 00
  ....             00 00 00 00
003411-003421 T0Block "normal_t0"
003422-003437 DataBlock
  ................ 00 00 00 00 00 00 00 00 00 00 00 00 00 00 00 00
003438-003448 T0Block "normal_t0"
003449-003468 DataBlock
  ................ 00 00 00 00 00 00 00 00 00 00 00 00 00 00 00 00
  ....             01 00 00 00
003469-003492 ImageUseBlock id=120721248 xofs=0 yofs=0 xsize=220 ysize=155 brga=4294927974
003493-003607 DataBlock
  ................ 01 00 00 08 00 00 00 00 00 00 00 00 00 00 00 01
  ................ 01 00 00 00 00 00 00 00 00 00 00 00 00 00 00 00
  ................ 00 00 00 00 00 00 00 00 00 00 00 00 00 00 00 00
  ..A...A...A...A. 00 90 41 00 00 90 41 00 00 90 41 00 00 90 41 00
  ................ 00 00 00 00 00 00 00 00 00 00 00 00 00 00 00 0c
  ................ 00 00 00 00 00 00 00 00 00 00 00 00 00 00 00 00
  ...............0 00 00 00 00 00 00 00 00 00 00 00 00 00 00 00 30
  [..              5b ce 0e
003608-003623 StringBlock "building_image"
003624-003666 DataBlock
  ................ 00 00 00 00 00 00 00 00 00 00 00 00 00 00 00 00
  ................ 01 00 00 00 00 01 00 00 00 00 05 00 00 00 00 00
  ....... `..      00 00 00 00 00 00 00 20 60 ce 0e
003667-003725 ImageListBlock 1 elements:
  003671-003725 ImageBlock id=248405760 xsize=88 ysize=87 path="ui\\skins\\default\\settlement_frame.png" unknown=0
003726-003787 DataBlock
  ......... `....N 00 00 00 00 00 01 00 00 00 20 60 ce 0e 08 00 4e
  ewState......... 65 77 53 74 61 74 65 dc 00 00 00 9b 00 00 00 00
  ................ 00 00 00 02 00 00 00 00 00 00 00 00 00 00 00 01
  ..............   00 00 00 01 00 00 00 00 00 00 00 00 00 00
003788-003800 FontNameBlock "la_gioconda"
003801-003816 DataBlock
  ................ 0a 00 00 00 02 00 00 00 01 00 00 00 dd da fa ff
003817-003839 StringBlock "Default Font Category"
003840-003859 DataBlock
  ................ 00 00 00 00 00 00 00 00 00 00 00 00 00 00 00 00
  ....             00 00 00 00
003860-003870 T0Block "normal_t0"
003871-003886 DataBlock
  ................ 00 00 00 00 00 00 00 00 00 00 00 00 00 00 00 00
003887-003897 T0Block "normal_t0"
003898-003917 DataBlock
  ................ 00 00 00 00 00 00 00 00 00 00 00 00 00 00 00 00
  ....             01 00 00 00
003918-003941 ImageUseBlock id=248405760 xofs=4294967294 yofs=0 xsize=224 ysize=156 brga=4294967295
003942-004046 DataBlock
  ................ 01 00 00 00 00 00 00 00 00 00 00 00 00 00 00 01
  ................ 01 00 00 00 00 00 00 00 00 00 00 00 00 00 00 00
  ................ 00 00 00 00 00 00 00 00 00 00 00 00 00 00 00 00
  .pA..pA..pA..pA. 00 70 41 00 00 70 41 00 00 70 41 00 00 70 41 00
  ................ 00 00 00 00 00 00 00 00 00 00 00 00 00 00 00 0c
  ................ 00 00 00 00 00 00 00 00 00 00 00 00 00 00 00 00
  ......Y..        00 00 00 00 00 10 59 83 0b
004047-004062 StringBlock "building_level"
004063-004109 DataBlock
  ............... 00 00 b4 00 00 00 7f 00 00 00 00 00 00 00 00 00
  ................ 01 00 00 00 00 01 00 00 00 00 09 00 00 00 f6 ff
  ........^......  ff ff f8 ff ff ff 00 10 5e 83 0b 05 00 00 00
004110-004175 ImageBlock id=193707248 xsize=21 ysize=20 path="ui\\skins\\default\\settlement_silver_numeral_5.png" unknown=3770355712
004176-004176 DataBlock
  .                0d
004177-004226 ImagePathBlock "ui\\skins\\default\\settlement_silver_numeral_4.png"
004227-004235 DataBlock
  .........        1c 00 00 00 14 00 00 00 00
004236-004301 ImageBlock id=232870832 xsize=21 ysize=19 path="ui\\skins\\default\\settlement_silver_numeral_2.png" unknown=2344603648
004302-004302 DataBlock
  .                0b
004303-004352 ImagePathBlock "ui\\skins\\default\\settlement_silver_numeral_3.png"
004353-004361 DataBlock
  .........        1d 00 00 00 13 00 00 00 00
004362-004427 ImageBlock id=193329616 xsize=12 ysize=19 path="ui\\skins\\default\\settlement_silver_numeral_1.png" unknown=0
004428-004482 DataBlock
  ......... \....1 00 00 00 00 00 06 00 00 00 20 5c 83 0b 01 00 31
  ................ 1e 00 00 00 14 00 00 00 00 00 00 00 02 00 00 00
  ................ 00 00 00 00 00 00 00 00 01 00 00 00 01 00 00 00
  .......          00 00 00 00 00 00 00
004483-004495 FontNameBlock "la_gioconda"
004496-004511 DataBlock
  ................ 0a 00 00 00 02 00 00 00 01 00 00 00 dd da fa ff
004512-004534 StringBlock "Default Font Category"
004535-004554 DataBlock
  ................ 00 00 00 00 00 00 00 00 00 00 00 00 00 00 00 00
  ....             00 00 00 00
004555-004565 T0Block "normal_t0"
004566-004581 DataBlock
  ................ 00 00 00 00 00 00 00 00 00 00 00 00 00 00 00 00
004582-004592 T0Block "normal_t0"
004593-004612 DataBlock
  ................ 00 00 00 00 00 00 00 00 00 00 00 00 00 00 00 00
  ....             01 00 00 00
004613-004636 ImageUseBlock id=232870832 xofs=4 yofs=0 xsize=21 ysize=19 brga=4294967295
004637-004757 DataBlock
  ................ 00 00 00 05 00 00 00 00 00 00 00 00 00 00 00 01
  ................ 01 00 00 00 00 00 00 00 00 00 00 00 00 00 00 00
  ................ 00 00 00 00 00 00 00 00 00 00 00 00 00 00 00 00
  ................ 00 00 00 00 00 00 00 00 00 00 00 00 00 00 00 00
  ............^... 00 00 00 00 00 00 00 00 00 00 00 10 5e 83 0b 01
  .0.............. 00 30 1e 00 00 00 14 00 00 00 00 00 00 00 02 00
  ................ 00 00 00 00 00 00 00 00 00 00 01 00 00 00 01 00
  .........        00 00 00 00 00 00 00 00 00
004758-004770 FontNameBlock "la_gioconda"
004771-004786 DataBlock
  ................ 0a 00 00 00 02 00 00 00 01 00 00 00 dd da fa ff
004787-004809 StringBlock "Default Font Category"
004810-004829 DataBlock
  ................ 00 00 00 00 00 00 00 00 00 00 00 00 00 00 00 00
  ....             00 00 00 00
004830-004840 T0Block "normal_t0"
004841-004856 DataBlock
  ................ 00 00 00 00 00 00 00 00 00 00 00 00 00 00 00 00
004857-004867 T0Block "normal_t0"
004868-004887 DataBlock
  ................ 00 00 00 00 00 00 00 00 00 00 00 00 00 00 00 00
  ....             01 00 00 00
004888-004911 ImageUseBlock id=193329616 xofs=9 yofs=0 xsize=12 ysize=19 brga=4294967295
004912-005032 DataBlock
  ................ 00 00 00 05 00 00 00 00 00 00 00 00 00 00 00 01
  ................ 01 00 00 00 00 00 00 00 00 00 00 00 00 00 00 00
  ................ 00 00 00 00 00 00 00 00 00 00 00 00 00 00 00 00
  ................ 00 00 00 00 00 00 00 00 00 00 00 00 00 00 00 00
  ............L... 00 00 00 00 00 00 00 00 00 00 00 80 4c e1 0d 01
  .3.............. 00 33 1e 00 00 00 14 00 00 00 00 00 00 00 02 00
  ................ 00 00 00 00 00 00 00 00 00 00 01 00 00 00 01 00
  .........        00 00 00 00 00 00 00 00 00
005033-005045 FontNameBlock "la_gioconda"
005046-005061 DataBlock
  ................ 0a 00 00 00 02 00 00 00 01 00 00 00 dd da fa ff
005062-005084 StringBlock "Default Font Category"
005085-005104 DataBlock
  ................ 00 00 00 00 00 00 00 00 00 00 00 00 00 00 00 00
  ....             00 00 00 00
005105-005115 T0Block "normal_t0"
005116-005131 DataBlock
  ................ 00 00 00 00 00 00 00 00 00 00 00 00 00 00 00 00
005132-005142 T0Block "normal_t0"
005143-005307 DataBlock
  ................ 00 00 00 00 00 00 00 00 00 00 00 00 00 00 00 00
  ................ 01 00 00 00 10 bb e0 0d 01 00 00 00 00 00 00 00
  ................ 1c 00 00 00 14 00 00 00 ff ff ff ff 00 00 00 05
  ................ 00 00 00 00 00 00 00 00 00 00 00 01 01 00 00 00
  ................ 00 00 00 00 00 00 00 00 00 00 00 00 00 00 00 00
  ................ 00 00 00 00 00 00 00 00 00 00 00 00 00 00 00 00
  ................ 00 00 00 00 00 00 00 00 00 00 00 00 00 00 00 00
  .......PO....2.. 00 00 00 00 00 00 00 50 4f e1 0d 01 00 32 1e 00
  ................ 00 00 14 00 00 00 00 00 00 00 02 00 00 00 00 00
  ................ 00 00 00 00 00 00 01 00 00 00 01 00 00 00 00 00
  .....            00 00 00 00 00
005308-005320 FontNameBlock "la_gioconda"
005321-005336 DataBlock
  ................ 0a 00 00 00 02 00 00 00 01 00 00 00 dd da fa ff
005337-005359 StringBlock "Default Font Category"
005360-005379 DataBlock
  ................ 00 00 00 00 00 00 00 00 00 00 00 00 00 00 00 00
  ....             00 00 00 00
005380-005390 T0Block "normal_t0"
005391-005406 DataBlock
  ................ 00 00 00 00 00 00 00 00 00 00 00 00 00 00 00 00
005407-005417 T0Block "normal_t0"
005418-005582 DataBlock
  ................ 00 00 00 00 00 00 00 00 00 00 00 00 00 00 00 00
  ................ 01 00 00 00 d0 bf 8b 0b 00 00 00 00 00 00 00 00
  ................ 1d 00 00 00 13 00 00 00 ff ff ff ff 00 00 00 05
  ................ 00 00 00 00 00 00 00 00 00 00 00 01 01 00 00 00
  ................ 00 00 00 00 00 00 00 00 00 00 00 00 00 00 00 00
  ................ 00 00 00 00 00 00 00 00 00 00 00 00 00 00 00 00
  ................ 00 00 00 00 00 00 00 00 00 00 00 00 00 00 00 00
  .............5.. 00 00 00 00 00 00 00 e0 0c 11 0c 01 00 35 1e 00
  ................ 00 00 14 00 00 00 00 00 00 00 02 00 00 00 00 00
  ................ 00 00 00 00 00 00 01 00 00 00 01 00 00 00 00 00
  .....            00 00 00 00 00
005583-005595 FontNameBlock "la_gioconda"
005596-005611 DataBlock
  ................ 0a 00 00 00 02 00 00 00 01 00 00 00 dd da fa ff
005612-005634 StringBlock "Default Font Category"
005635-005654 DataBlock
  ................ 00 00 00 00 00 00 00 00 00 00 00 00 00 00 00 00
  ....             00 00 00 00
005655-005665 T0Block "normal_t0"
005666-005681 DataBlock
  ................ 00 00 00 00 00 00 00 00 00 00 00 00 00 00 00 00
005682-005692 T0Block "normal_t0"
005693-005857 DataBlock
  ................ 00 00 00 00 00 00 00 00 00 00 00 00 00 00 00 00
  ................ 01 00 00 00 10 bb e0 0d 01 00 00 00 00 00 00 00
  ................ 1c 00 00 00 14 00 00 00 ff ff ff ff 00 01 00 05
  ................ 00 00 00 00 00 00 00 00 00 00 00 01 01 00 00 00
  ................ 00 00 00 00 00 00 00 00 00 00 00 00 00 00 00 00
  ................ 00 00 00 00 00 00 00 00 00 00 00 00 00 00 00 00
  ................ 00 00 00 00 00 00 00 00 00 00 00 00 00 00 00 00
  .............4.. 00 00 00 00 00 00 00 d0 0e 11 0c 01 00 34 1e 00
  ................ 00 00 14 00 00 00 00 00 00 00 02 00 00 00 00 00
  ................ 00 00 00 00 00 00 01 00 00 00 01 00 00 00 00 00
  .....            00 00 00 00 00
005858-005870 FontNameBlock "la_gioconda"
005871-005886 DataBlock
  ................ 0a 00 00 00 02 00 00 00 01 00 00 00 dd da fa ff
005887-005909 StringBlock "Default Font Category"
005910-005929 DataBlock
  ................ 00 00 00 00 00 00 00 00 00 00 00 00 00 00 00 00
  ....             00 00 00 00
005930-005940 T0Block "normal_t0"
005941-005956 DataBlock
  ................ 00 00 00 00 00 00 00 00 00 00 00 00 00 00 00 00
005957-005967 T0Block "normal_t0"
005968-005987 DataBlock
  ................ 00 00 00 00 00 00 00 00 00 00 00 00 00 00 00 00
  ....             01 00 00 00
005988-006011 ImageUseBlock id=193707248 xofs=4 yofs=0 xsize=21 ysize=20 brga=4294967295
006012-006126 DataBlock
  ................ 00 00 00 05 00 00 00 00 00 00 00 00 00 00 00 01
  ................ 01 00 00 00 00 00 00 00 00 00 00 00 00 00 00 00
  ................ 00 00 00 00 00 00 00 00 00 00 00 00 00 00 00 00
  ................ 00 00 00 00 00 00 00 00 00 00 00 00 00 00 00 00
  ................ 00 00 00 00 00 00 00 00 00 00 00 00 00 00 00 0c
  ................ 00 00 00 00 00 00 00 00 00 00 00 00 00 00 00 00
  ................ 00 00 00 00 00 00 00 00 00 00 00 00 00 00 00 00
  {Q.              7b 51 1b
006127-006141 StringBlock "dy_chain_name"
006142-006204 DataBlock
  ................ 00 00 0a 00 00 00 c2 00 00 00 00 01 00 00 00 00
  ................ 01 00 00 00 00 01 00 00 00 00 02 00 00 00 00 00
  ................ 00 00 c2 00 00 00 00 00 00 00 00 00 00 00 00 00
  ...........`~Q.  00 00 00 00 00 00 00 01 00 00 00 60 7e 51 1b
006205-006215 StringBlock "MainState"
006216-006223 DataBlock
  ........         ea 00 00 00 1e 00 00 00
006224-006241 UnicodeBlock "dy_chain"
006242-006264 DataBlock
  ................ 00 00 04 00 00 00 04 00 00 00 00 00 00 00 02 00
  .......          00 00 01 00 00 00 00
006265-006318 UnicodeBlock "Text_MainState_Text_11002c"
006319-006322 DataBlock
  ....             00 00 00 00
006323-006335 FontNameBlock "la_gioconda"
006336-006351 DataBlock
  ..............I. 0c 00 00 00 06 00 00 00 01 00 00 00 18 1f 49 ff
006352-006367 StringBlock "parchment_text"
006368-006387 DataBlock
  ................ 00 00 00 00 00 00 00 00 00 00 00 00 00 00 00 00
  ....             01 00 00 00
006388-006398 T0Block "normal_t0"
006399-006414 DataBlock
  ................ 00 00 00 00 00 00 00 00 00 00 00 00 00 00 00 00
006415-006425 T0Block "normal_t0"
006426-006477 DataBlock
  ................ 00 00 00 00 00 00 00 00 00 00 00 00 00 00 00 00
  ................ 00 00 00 00 c0 cd cd cd c0 cd cd cd 00 00 00 00
  ................ 00 00 00 00 0c 00 00 00 00 00 00 00 01 00 00 00
  ..5.             80 c6 35 1b
006478-006483 StringBlock "hbar"
006484-006526 DataBlock
  ................ 00 00 07 00 00 00 15 00 00 00 01 00 00 00 00 00
  ................ 01 00 00 00 00 01 00 00 00 00 08 00 00 00 00 00
  .........5.      00 00 0a 00 00 00 00 80 c9 35 1b
006527-006594 ImageListBlock 1 elements:
  006531-006594 ImageBlock id=456392224 xsize=98 ysize=19 path="ui\\skins\\default\\panel_tile_parchment_hbar.png" unknown=0
006595-006656 DataBlock
  ...........5...N 00 00 00 00 00 01 00 00 00 80 c9 35 1b 08 00 4e
  ewState......... 65 77 53 74 61 74 65 dc 00 00 00 13 00 00 00 00
  ................ 00 00 00 02 00 00 00 00 00 00 00 00 00 00 00 01
  ..............   00 00 00 01 00 00 00 00 00 00 00 00 00 00
006657-006669 FontNameBlock "la_gioconda"
006670-006685 DataBlock
  ................ 0a 00 00 00 02 00 00 00 01 00 00 00 dd da fa ff
006686-006708 StringBlock "Default Font Category"
006709-006728 DataBlock
  ................ 00 00 00 00 00 00 00 00 00 00 00 00 00 00 00 00
  ....             01 00 00 00
006729-006739 T0Block "normal_t0"
006740-006755 DataBlock
  ................ 00 00 00 00 00 00 00 00 00 00 00 00 00 00 00 00
006756-006766 T0Block "normal_t0"
006767-006786 DataBlock
  ................ 00 00 00 00 00 00 00 00 00 00 00 00 00 00 00 00
  ....             01 00 00 00
006787-006810 ImageUseBlock id=456392224 xofs=0 yofs=0 xsize=220 ysize=19 brga=4294967295
006811-006925 DataBlock
  ................ 01 00 00 00 00 00 00 00 00 00 00 00 00 00 00 01
  ................ 01 00 00 00 00 00 00 00 00 00 00 00 00 00 00 00
  ................ 00 00 00 00 00 00 00 00 00 00 00 00 00 00 00 00
  ......A.......A. 00 00 00 00 00 a0 41 00 00 00 00 00 00 a0 41 00
  ...............- 00 00 00 00 00 00 00 00 00 00 00 00 00 00 00 2d
  ................ 00 00 00 00 00 00 00 00 00 00 00 00 00 00 00 00
  ................ 00 00 00 00 00 00 00 00 00 00 00 00 00 00 00 c0
  .Q.              85 51 1b
006926-006945 StringBlock "description_window"
006946-007008 DataBlock
  ................ 00 00 0a 00 00 00 e2 00 00 00 00 01 00 00 00 00
  ................ 01 00 00 00 00 01 00 00 00 00 02 00 00 00 00 00
  ................ 00 00 e2 00 00 00 00 00 00 00 00 00 00 00 00 00
  ........... .Q.  00 00 00 00 00 00 00 01 00 00 00 20 89 51 1b
007009-007019 StringBlock "MainState"
007020-007027 DataBlock
  ....(...         ea 00 00 00 28 00 00 00
007028-007107 UnicodeBlock "dy_description text_dy_description text"
007108-007130 DataBlock
  ................ 00 00 04 00 00 00 00 00 00 00 00 00 00 00 01 00
  .......          00 00 01 00 00 00 00
007131-007184 UnicodeBlock "Text_MainState_Text_11002c"
007185-007188 DataBlock
  ....             00 00 00 00
007189-007204 FontNameBlock "georgia_italic"
007205-007220 DataBlock
  ..............I. 0c 00 00 00 02 00 00 00 01 00 00 00 18 1f 49 ff
007221-007238 StringBlock "parchment italic"
007239-007258 DataBlock
  ................ 08 00 00 00 08 00 00 00 08 00 00 00 10 00 00 00
  ....             01 00 00 00
007259-007269 T0Block "normal_t0"
007270-007285 DataBlock
  ................ 00 00 00 00 00 00 00 00 00 00 00 00 00 00 00 00
007286-007296 T0Block "normal_t0"
007297-007348 DataBlock
  ................ 00 00 00 00 00 00 00 00 00 00 00 00 00 00 00 00
  ................ 00 00 00 00 c0 cd cd cd c0 cd cd cd 00 00 00 00
  ................ 00 00 00 00 0c 00 00 00 00 00 00 00 01 00 00 00
  @..*             40 fc 16 2a
007349-007354 StringBlock "hbar"
007355-007397 DataBlock
  ................ 00 00 07 00 00 00 15 00 00 00 01 00 00 00 00 00
  ................ 01 00 00 00 00 01 00 00 00 00 08 00 00 00 00 00
  ..........*      00 00 00 00 00 00 00 c0 fd 11 2a
007398-007465 ImageListBlock 1 elements:
  007402-007465 ImageBlock id=687808064 xsize=98 ysize=19 path="ui\\skins\\default\\panel_tile_parchment_hbar.png" unknown=0
007466-007527 DataBlock
  ............*..N 00 00 00 00 00 01 00 00 00 c0 fd 11 2a 08 00 4e
  ewState......... 65 77 53 74 61 74 65 dc 00 00 00 13 00 00 00 00
  ................ 00 00 00 02 00 00 00 00 00 00 00 00 00 00 00 01
  ..............   00 00 00 01 00 00 00 00 00 00 00 00 00 00
007528-007540 FontNameBlock "la_gioconda"
007541-007556 DataBlock
  ................ 0a 00 00 00 02 00 00 00 01 00 00 00 dd da fa ff
007557-007579 StringBlock "Default Font Category"
007580-007599 DataBlock
  ................ 00 00 00 00 00 00 00 00 00 00 00 00 00 00 00 00
  ....             01 00 00 00
007600-007610 T0Block "normal_t0"
007611-007626 DataBlock
  ................ 00 00 00 00 00 00 00 00 00 00 00 00 00 00 00 00
007627-007637 T0Block "normal_t0"
007638-007657 DataBlock
  ................ 00 00 00 00 00 00 00 00 00 00 00 00 00 00 00 00
  ....             01 00 00 00
007658-007681 ImageUseBlock id=687808064 xofs=0 yofs=0 xsize=220 ysize=19 brga=4294967295
007682-007796 DataBlock
  ................ 01 00 00 00 00 00 00 00 00 00 00 00 00 00 00 01
  ................ 01 00 00 00 00 00 00 00 00 00 00 00 00 00 00 00
  ................ 00 00 00 00 00 00 00 00 00 00 00 00 00 00 00 00
  ......A.......A. 00 00 00 00 00 a0 41 00 00 00 00 00 00 a0 41 00
  ...............- 00 00 00 00 00 00 00 00 00 00 00 00 00 00 00 2d
  ................ 00 00 00 00 00 00 00 00 00 00 00 00 00 00 00 00
  ................ 00 00 00 00 00 00 00 00 00 00 00 00 00 00 00 a0
  .Q.              90 51 1b
007797-007812 StringBlock "effects_window"
007813-007875 DataBlock
  ................ 00 00 0e 00 00 00 0e 01 00 00 01 01 00 00 00 00
  ................ 01 00 00 00 00 01 00 00 00 00 02 00 00 00 00 00
  ................ 00 00 0e 01 00 00 00 00 00 00 00 00 00 00 00 00
  .............Q.  00 00 00 00 00 00 00 01 00 00 00 00 94 51 1b
007876-007885 NewStateBlock "NewState"
007886-007889 XSizeBlock 226
007890-007893 YSizeBlock 80
007894-007924 DataBlock
  ................ 00 00 00 00 02 00 00 00 00 00 00 00 00 00 00 00
  ...............  01 00 00 00 01 00 00 00 00 00 00 00 00 00 00
007925-007937 FontNameBlock "la_gioconda"
007938-007953 DataBlock
  ................ 0c 00 00 00 07 00 00 00 00 00 00 00 00 00 00 ff
007954-007972 StringBlock "ingame_text_small"
007973-007992 DataBlock
  ................ 00 00 00 00 00 00 00 00 00 00 00 00 00 00 00 00
  ....             00 00 00 00
007993-008003 T0Block "normal_t0"
008004-008019 DataBlock
  ................ 00 00 00 00 00 00 00 00 00 00 00 00 00 00 00 00
008020-008030 T0Block "normal_t0"
008031-008074 DataBlock
  ................ 00 00 00 00 00 00 00 00 00 00 00 00 00 00 00 00
  ................ 00 00 00 00 00 00 00 00 00 00 00 00 00 00 00 00
  ............     00 00 00 00 0c 00 00 00 01 00 00 00
008075-008081 StringBlock "scale"
008082-008147 DataBlock
  ................ 00 00 01 00 00 00 00 00 00 00 00 00 00 00 e8 00
  ..X............. 00 00 58 02 00 00 ff ff ff ff 00 00 00 00 00 00
  ................ 00 00 00 00 00 00 00 00 00 00 00 00 00 00 ff ff
  ................ ff ff ff ff ff ff c8 00 00 00 04 00 00 00 00 00
  .?               80 3f
008148-008155 StringBlock "Linear"
008156-008170 DataBlock
  .............Q.  00 00 00 00 00 00 00 01 00 00 00 00 96 51 1b
008171-008186 StringBlock "entries_window"
008187-008196 StringBlock "Listview"
008197-008257 DataBlock
  ................ 00 00 00 00 00 00 00 00 01 01 00 00 00 00 01 00
  ................ 00 00 00 01 00 00 00 00 08 00 00 00 00 00 00 00
  ................ 00 00 00 00 00 00 00 00 00 00 00 00 00 00 00 00
  .........`.Q.    00 00 00 00 00 01 00 00 00 60 99 51 1b
008258-008267 NewStateBlock "NewState"
008268-008271 XSizeBlock 226
008272-008275 YSizeBlock 80
008276-008306 DataBlock
  ................ 00 00 00 00 02 00 00 00 00 00 00 00 00 00 00 00
  ...............  01 00 00 00 01 00 00 00 00 00 00 00 00 00 00
008307-008319 FontNameBlock "la_gioconda"
008320-008335 DataBlock
  ................ 0a 00 00 00 02 00 00 00 01 00 00 00 dd da fa ff
008336-008358 StringBlock "Default Font Category"
008359-008378 DataBlock
  ................ 00 00 00 00 00 00 00 00 00 00 00 00 00 00 00 00
  ....             01 00 00 00
008379-008389 T0Block "normal_t0"
008390-008405 DataBlock
  ................ 00 00 00 00 00 00 00 00 00 00 00 00 00 00 00 00
008406-008416 T0Block "normal_t0"
008417-008468 DataBlock
  ................ 00 00 00 00 00 00 00 00 00 00 00 00 00 00 00 00
  ................ 00 00 00 00 00 00 00 00 00 00 00 00 00 00 00 00
  ................ 00 00 00 00 00 00 00 00 00 00 00 00 02 00 00 00
  `.Q.             60 9b 51 1b
008469-008477 StringBlock "vslider"
008478-008486 StringBlock "VSlider"
008487-008531 DataBlock
  ................ d3 00 00 00 03 00 00 00 00 01 00 00 00 00 00 00
  ................ 00 00 00 01 00 00 00 00 00 00 00 00 00 00 00 00
  .............    00 00 00 00 00 00 00 00 00 02 00 00 00
008532-008578 ImageBlock id=455035840 xsize=64 ysize=64 path="ui\\skins\\default\\fe_frame.png" unknown=3120889856
008579-008606 DataBlock
  .......z........ 17 00 00 0f 00 00 00 7a 00 00 00 00 00 00 00 00
  ..........Q.     00 00 00 00 01 00 00 00 c0 9e 51 1b
008607-008616 NewStateBlock "NewState"
008617-008620 XSizeBlock 15
008621-008624 YSizeBlock 62
008625-008655 DataBlock
  ................ 00 00 00 00 02 00 00 00 00 00 00 00 00 00 00 00
  ...............  01 00 00 00 01 00 00 00 00 00 00 00 00 00 00
008656-008668 FontNameBlock "la_gioconda"
008669-008684 DataBlock
  ................ 0c 00 00 00 07 00 00 00 00 00 00 00 00 00 00 ff
008685-008703 StringBlock "ingame_text_small"
008704-008723 DataBlock
  ................ 00 00 00 00 00 00 00 00 00 00 00 00 00 00 00 00
  ....             01 00 00 00
008724-008734 T0Block "normal_t0"
008735-008750 DataBlock
  ................ 00 00 00 00 00 00 00 00 00 00 00 00 00 00 00 00
008751-008761 T0Block "normal_t0"
008762-008868 DataBlock
  ................ 00 00 00 00 00 00 00 00 00 00 00 00 00 00 00 00
  ................ 02 00 00 00 00 05 ba 17 00 00 00 00 00 00 00 00
  ....>........... 0f 00 00 00 3e 00 00 00 00 00 00 ff 00 00 00 00
  ................ 00 00 00 00 00 00 00 00 00 00 00 01 01 00 00 00
  ................ 00 00 00 00 00 00 00 00 00 00 00 00 00 00 00 00
  ................ 00 00 00 00 00 00 00 00 00 00 00 00 00 00 00 00
  ...........      00 00 00 00 00 00 00 00 00 00 00
008869-008892 ImageUseBlock id=455035840 xofs=0 yofs=0 xsize=15 ysize=62 brga=4294967295
008893-008971 DataBlock
  ................ 00 00 00 00 00 00 00 00 00 00 00 00 00 00 00 01
  ................ 01 00 00 00 00 00 00 00 00 00 00 00 00 00 00 00
  ................ 00 00 00 00 00 00 00 00 00 00 00 00 00 00 00 00
  ..@...@...@...@. 00 80 40 00 00 80 40 00 00 80 40 00 00 80 40 c0
  ...............  cd cd cd c0 cd cd cd 00 00 00 00 04 00 00 00
008972-008978 StringBlock "Value"
008979-008981 DataBlock
  ..0              01 00 30
008982-008991 StringBlock "minValue"
008992-008994 DataBlock
  ..0              01 00 30
008995-009004 StringBlock "maxValue"
009005-009009 DataBlock
  ..100            03 00 31 30 30
009010-009017 StringBlock "Notify"
009018-009040 DataBlock
  ................ 00 00 00 00 00 00 00 00 00 00 03 00 00 00 c0 a0
  Q...top          51 1b 03 00 74 6f 70
009041-009063 StringBlock "SliderIncrementButton"
009064-009104 DataBlock
  ................ 00 00 00 00 00 00 00 00 00 00 00 00 00 00 01 00
  ................ 00 00 00 01 00 00 00 00 02 00 00 00 00 00 00 00
  .........        00 00 00 00 00 00 00 00 00
009105-009159 ImageListBlock 1 elements:
  009109-009159 ImageBlock id=458267136 xsize=10 ysize=10 path="ui\\skins\\default\\v_slider_end.png" unknown=0
009160-009221 DataBlock
  ......... .Q...N 00 00 00 00 00 01 00 00 00 20 a4 51 1b 08 00 4e
  ewState......... 65 77 53 74 61 74 65 0f 00 00 00 0d 00 00 00 00
  ................ 00 00 00 02 00 00 00 00 00 00 00 00 00 00 00 01
  ..............   00 00 00 01 00 00 00 00 00 00 00 00 00 00
009222-009234 FontNameBlock "la_gioconda"
009235-009250 DataBlock
  ................ 0c 00 00 00 07 00 00 00 00 00 00 00 00 00 00 ff
009251-009269 StringBlock "ingame_text_small"
009270-009289 DataBlock
  ................ 00 00 00 00 00 00 00 00 00 00 00 00 00 00 00 00
  ....             01 00 01 00
009290-009300 T0Block "normal_t0"
009301-009316 DataBlock
  ................ 00 00 00 00 00 00 00 00 00 00 00 00 00 00 00 00
009317-009327 T0Block "normal_t0"
009328-009347 DataBlock
  ................ 00 00 00 00 00 00 00 00 00 00 00 00 00 00 00 00
  ....             01 00 00 00
009348-009371 ImageUseBlock id=458267136 xofs=0 yofs=4294967286 xsize=15 ysize=13 brga=4294967295
009372-009450 DataBlock
  ................ 00 00 00 00 00 00 00 00 00 00 00 00 00 00 00 01
  ................ 01 00 00 00 00 00 00 00 00 00 00 00 00 00 00 00
  ................ 00 00 00 00 00 00 00 00 00 00 00 00 00 00 00 00
  ...............! 00 00 00 00 00 00 00 00 00 00 00 00 00 00 00 21
  ...$...........  00 00 00 24 00 00 00 00 00 00 00 01 00 00 00
009451-009460 StringBlock "stepSize"
009461-009477 DataBlock
  ..10............ 02 00 31 30 00 00 00 00 00 00 00 00 00 00 00 00
  .                00
009478-009506 StringBlock "grp_gw_generic_button_small"
009507-009517 DataBlock
  .......@.Q.      00 00 00 00 00 00 00 40 a6 51 1b
009518-009525 StringBlock "bottom"
009526-009548 StringBlock "SliderDecrementButton"
009549-009589 DataBlock
  ....1........... 00 00 00 00 31 00 00 00 00 00 00 00 00 00 01 00
  ................ 00 00 00 01 00 00 00 00 08 00 00 00 00 00 00 00
  .........        00 00 00 00 00 00 00 00 00
009590-009644 ImageListBlock 1 elements:
  009594-009644 ImageBlock id=458336672 xsize=10 ysize=10 path="ui\\skins\\default\\v_slider_end.png" unknown=0
009645-009706 DataBlock
  .........`.Q...N 00 00 00 00 00 01 00 00 00 60 aa 51 1b 08 00 4e
  ewState......... 65 77 53 74 61 74 65 0f 00 00 00 0d 00 00 00 00
  ................ 00 00 00 02 00 00 00 00 00 00 00 00 00 00 00 01
  ..............   00 00 00 01 00 00 00 00 00 00 00 00 00 00
009707-009719 FontNameBlock "la_gioconda"
009720-009735 DataBlock
  ................ 0c 00 00 00 07 00 00 00 00 00 00 00 00 00 00 ff
009736-009754 StringBlock "ingame_text_small"
009755-009774 DataBlock
  ................ 00 00 00 00 00 00 00 00 00 00 00 00 00 00 00 00
  ....             01 00 01 00
009775-009785 T0Block "normal_t0"
009786-009801 DataBlock
  ................ 00 00 00 00 00 00 00 00 00 00 00 00 00 00 00 00
009802-009812 T0Block "normal_t0"
009813-009832 DataBlock
  ................ 00 00 00 00 00 00 00 00 00 00 00 00 00 00 00 00
  ....             01 00 00 00
009833-009856 ImageUseBlock id=458336672 xofs=0 yofs=10 xsize=15 ysize=13 brga=4294967295
009857-009935 DataBlock
  ................ 00 00 01 00 00 00 00 00 00 00 00 00 00 00 00 01
  ................ 01 00 00 00 00 00 00 00 00 00 00 00 00 00 00 00
  ................ 00 00 00 00 00 00 00 00 00 00 00 00 00 00 00 00
  ..............." 00 00 00 00 00 00 00 00 00 00 00 00 00 00 00 22
  ...'...........  00 00 00 27 00 00 00 00 00 00 00 01 00 00 00
009936-009945 StringBlock "stepSize"
009946-009962 DataBlock
  ..10............ 02 00 31 30 00 00 00 00 00 00 00 00 00 00 00 00
  .                00
009963-009991 StringBlock "grp_gw_generic_button_small"
009992-010002 DataBlock
  .......@.Q.      00 00 00 00 00 00 00 40 ad 51 1b
010003-010010 StringBlock "handle"
010011-010025 StringBlock "VSliderHandle"
010026-010066 DataBlock
  .... ........... fd ff ff ff 20 00 00 00 00 00 01 00 00 00 01 00
  ................ 00 00 00 01 00 00 00 00 00 00 00 00 00 00 00 00
  .........        00 00 00 00 00 00 00 00 00
010067-010124 ImageListBlock 1 elements:
  010071-010124 ImageBlock id=458338464 xsize=21 ysize=22 path="ui\\skins\\default\\v_slider_handle.png" unknown=0
010125-010186 DataBlock
  .........`.Q...N 00 00 00 00 00 01 00 00 00 60 b1 51 1b 08 00 4e
  ewState......... 65 77 53 74 61 74 65 15 00 00 00 15 00 00 00 00
  ................ 00 00 00 02 00 00 00 00 00 00 00 00 00 00 00 01
  ..............   00 00 00 01 00 00 00 00 00 00 00 00 00 00
010187-010199 FontNameBlock "la_gioconda"
010200-010215 DataBlock
  ................ 0c 00 00 00 07 00 00 00 00 00 00 00 00 00 00 ff
010216-010234 StringBlock "ingame_text_small"
010235-010254 DataBlock
  ................ 00 00 00 00 00 00 00 00 00 00 00 00 00 00 00 00
  ....             01 00 00 00
010255-010265 T0Block "normal_t0"
010266-010281 DataBlock
  ................ 00 00 00 00 00 00 00 00 00 00 00 00 00 00 00 00
010282-010292 T0Block "normal_t0"
010293-010312 DataBlock
  ................ 00 00 00 00 00 00 00 00 00 00 00 00 00 00 00 00
  ....             01 00 00 00
010313-010336 ImageUseBlock id=458338464 xofs=0 yofs=0 xsize=21 ysize=21 brga=4294967295
010337-010428 DataBlock
  ................ 00 00 00 00 00 00 00 00 00 00 00 00 00 00 00 01
  ................ 01 00 00 00 00 00 00 00 00 00 00 00 00 00 00 00
  ................ 00 00 00 00 00 00 00 00 00 00 00 00 00 00 00 00
  ................ 00 00 00 00 00 00 00 00 00 00 00 00 00 00 00 c0
  ................ cd cd cd c0 cd cd cd 00 00 00 00 00 00 00 00 00
  ............     00 00 00 00 00 00 00 00 00 00 00 00
010429-010450 StringBlock "grp_gw_slider_handle"
010451-010471 DataBlock
  ................ 00 00 00 00 00 00 00 00 00 00 00 00 00 00 00 00
  .@.Q.            00 40 b4 51 1b
010472-010482 StringBlock "list_clip"
010483-010545 DataBlock
  ................ 00 00 00 00 00 00 00 00 00 00 01 01 00 00 00 00
  ................ 01 00 00 00 00 01 00 00 00 00 00 00 00 00 00 00
  ................ 00 00 00 00 00 00 00 00 00 00 00 00 00 00 00 00
  .............Q.  00 00 00 00 00 00 00 01 00 00 00 a0 b7 51 1b
010546-010555 NewStateBlock "NewState"
010556-010559 XSizeBlock 226
010560-010563 YSizeBlock 80
010564-010594 DataBlock
  ................ 00 00 00 00 02 00 00 00 00 00 00 00 00 00 00 00
  ...............  01 00 00 00 01 00 00 00 00 00 00 00 00 00 00
010595-010607 FontNameBlock "la_gioconda"
010608-010623 DataBlock
  ................ 0a 00 00 00 02 00 00 00 01 00 00 00 dd da fa ff
010624-010646 StringBlock "Default Font Category"
010647-010666 DataBlock
  ................ 00 00 00 00 00 00 00 00 00 00 00 00 00 00 00 00
  ....             01 00 00 00
010667-010677 T0Block "normal_t0"
010678-010693 DataBlock
  ................ 00 00 00 00 00 00 00 00 00 00 00 00 00 00 00 00
010694-010704 T0Block "normal_t0"
010705-010748 DataBlock
  ................ 00 00 00 00 00 00 00 00 00 00 00 00 00 00 00 00
  ................ 00 00 00 00 00 00 00 00 00 00 00 00 00 00 00 00
  ............     00 00 00 00 00 00 00 00 01 00 00 00
010749-010755 StringBlock "scale"
010756-010821 DataBlock
  ................ 00 00 01 00 00 00 00 00 00 00 00 00 00 00 da 00
  ................ 00 00 f4 01 00 00 ff ff ff ff 00 00 00 00 00 00
  ................ 00 00 00 00 00 00 00 00 00 00 00 00 00 00 ff ff
  ................ ff ff ff ff ff ff c8 00 00 00 04 00 00 00 00 00
  .?               80 3f
010822-010829 StringBlock "Linear"
010830-010844 DataBlock
  ...........`.Q.  00 00 00 00 00 00 00 01 00 00 00 60 ba 51 1b
010845-010854 StringBlock "list_box"
010855-010860 StringBlock "List"
010861-010921 DataBlock
  ................ 00 00 00 00 00 00 00 00 01 01 00 00 00 00 01 00
  ................ 00 00 00 01 00 00 00 00 08 00 00 00 00 00 00 00
  ................ 00 00 00 00 00 00 00 00 00 00 00 00 00 00 00 00
  ...........Q.    00 00 00 00 00 01 00 00 00 c0 bd 51 1b
010922-010931 NewStateBlock "NewState"
010932-010935 XSizeBlock 226
010936-010939 YSizeBlock 80
010940-010970 DataBlock
  ................ 00 00 00 00 02 00 00 00 00 00 00 00 00 00 00 00
  ...............  01 00 00 00 01 00 00 00 00 00 00 00 00 00 00
010971-010983 FontNameBlock "la_gioconda"
010984-010999 DataBlock
  ................ 0a 00 00 00 02 00 00 00 01 00 00 00 dd da fa ff
011000-011022 StringBlock "Default Font Category"
011023-011042 DataBlock
  ................ 00 00 00 00 00 00 00 00 00 00 00 00 00 00 00 00
  ....             01 00 00 00
011043-011053 T0Block "normal_t0"
011054-011069 DataBlock
  ................ 00 00 00 00 00 00 00 00 00 00 00 00 00 00 00 00
011070-011080 T0Block "normal_t0"
011081-011129 DataBlock
  ................ 00 00 00 00 00 00 00 00 00 00 00 00 00 00 00 00
  ................ 00 00 00 00 00 00 00 00 00 00 00 00 00 00 00 00
  ................ 00 00 00 00 00 00 00 00 00 00 00 00 00 00 00 00
  .                01
011130-011135 StringBlock "List"
011136-011205 DataBlock
  ......ZC........ 01 00 00 00 00 00 5a 43 00 00 00 00 00 00 00 00
  ................ 00 01 00 00 00 00 00 00 00 00 00 00 00 00 00 00
  ................ 00 00 00 00 00 00 00 00 00 00 00 00 00 00 00 00
  ................ 00 00 00 00 00 00 00 00 00 00 00 00 00 00 00 00
  ....Q.           00 00 e0 bf 51 1b
011206-011225 StringBlock "new_effects_window"
011226-011288 DataBlock
  ................ 00 00 07 00 00 00 0e 01 00 00 01 01 00 00 00 00
  ................ 00 00 00 00 00 01 00 00 00 00 02 00 00 00 00 00
  ................ 00 00 0e 01 00 00 00 00 00 00 00 00 00 00 00 00
  ...........@.Q.  00 00 00 00 00 00 00 01 00 00 00 40 c3 51 1b
011289-011298 NewStateBlock "NewState"
011299-011302 XSizeBlock 240
011303-011306 YSizeBlock 80
011307-011337 DataBlock
  ................ 00 00 00 00 02 00 00 00 00 00 00 00 00 00 00 00
  ...............  01 00 00 00 01 00 00 00 00 00 00 00 00 00 00
011338-011350 FontNameBlock "la_gioconda"
011351-011366 DataBlock
  ................ 0c 00 00 00 07 00 00 00 00 00 00 00 00 00 00 ff
011367-011385 StringBlock "ingame_text_small"
011386-011405 DataBlock
  ................ 00 00 00 00 00 00 00 00 00 00 00 00 00 00 00 00
  ....             00 00 00 00
011406-011416 T0Block "normal_t0"
011417-011432 DataBlock
  ................ 00 00 00 00 00 00 00 00 00 00 00 00 00 00 00 00
011433-011443 T0Block "normal_t0"
011444-011487 DataBlock
  ................ 00 00 00 00 00 00 00 00 00 00 00 00 00 00 00 00
  ................ 00 00 00 00 00 00 00 00 00 00 00 00 00 00 00 00
  ............     00 00 00 00 0c 00 00 00 01 00 00 00
011488-011494 StringBlock "scale"
011495-011560 DataBlock
  ................ 00 00 01 00 00 00 00 00 00 00 00 00 00 00 e8 00
  ..X............. 00 00 58 02 00 00 ff ff ff ff 00 00 00 00 00 00
  ................ 00 00 00 00 00 00 00 00 00 00 00 00 00 00 ff ff
  ................ ff ff ff ff ff ff c8 00 00 00 04 00 00 00 00 00
  .?               80 3f
011561-011568 StringBlock "Linear"
011569-011580 DataBlock
  ............     00 00 00 00 00 00 00 00 00 00 00 01
011581-011586 StringBlock "List"
011587-011642 DataBlock
  ......hC........ 01 00 00 00 00 00 68 43 00 00 00 00 03 00 00 00
  ................ 00 01 00 00 00 00 00 00 00 00 00 00 00 00 00 00
  ................ 00 00 00 00 00 00 00 00 00 00 00 00 00 00 00 00
  ........         00 00 00 00 00 00 00 00
