000000-000009 VersionBlock 96
000010-000013 RootIDBlock 408831168
000014-000019 StringBlock "root"
000020-000021 StringBlock ""
000022-000025 XOffsetBlock 0
000026-000029 YOffsetBlock 0
000030-000093 DataBlock
  ................ 01 01 00 00 00 00 01 00 00 00 00 01 00 00 00 00
  ..............c. 00 00 00 00 00 00 00 00 00 00 00 00 00 10 63 ed
  ..... .L........ 07 01 00 00 00 20 8d 4c 19 00 00 00 05 00 00 c0
  ................ 03 00 00 00 00 00 00 00 00 00 00 00 01 00 00 00
000094-000097 StateIDBlock 132997904
000098-000107 NewStateBlock "NewState"
000108-000111 XSizeBlock 1280
000112-000115 YSizeBlock 1024
000116-000146 DataBlock
  ................ 00 00 00 00 02 00 00 00 00 00 00 00 00 00 00 00
  ...............  01 00 00 00 01 00 00 00 00 00 00 00 00 00 00
000147-000159 FontNameBlock "la_gioconda"
000160-000175 DataBlock
  ................ 0a 00 00 00 02 00 00 00 01 00 00 00 dd da fa ff
000176-000198 StringBlock "Default Font Category"
000199-000218 DataBlock
  ................ 00 00 00 00 00 00 00 00 00 00 00 00 00 00 00 00
  ....             01 00 00 00
000219-000229 T0Block "normal_t0"
000230-000245 DataBlock
  ................ 00 00 00 00 00 00 00 00 00 00 00 00 00 00 00 00
000246-000256 T0Block "normal_t0"
000257-000395 DataBlock
  ................ 00 00 00 00 00 00 00 00 00 00 00 00 00 00 00 00
  .... .L......... 01 00 00 00 20 8d 4c 19 00 00 00 00 00 00 00 00
  ................ 00 05 00 00 c0 03 00 00 c0 c0 c0 ff 00 00 00 00
  ................ 00 00 00 00 00 00 00 00 00 00 00 01 01 00 00 00
  ................ 00 00 00 00 00 00 00 00 00 00 00 00 00 00 00 00
  ................ 00 00 00 00 00 00 00 00 00 00 00 00 00 00 00 00
  ................ 00 00 00 00 00 00 00 00 00 00 00 00 00 00 00 00
  ................ 00 00 00 00 00 00 00 00 00 00 00 00 00 00 00 00
  ...........      00 00 00 01 00 00 00 90 aa c9 0c
000396-000424 StringBlock "building_info_generic_entry"
000425-000487 DataBlock
  ................ 00 00 8a 01 00 00 cb 00 00 00 01 01 00 00 00 00
  ................ 01 00 00 00 00 01 00 00 00 00 00 00 00 00 00 00
  ................ 00 00 00 00 00 00 00 00 00 00 00 00 00 00 00 00
  ............%@.  00 00 00 00 00 00 00 01 00 00 00 a0 25 40 19
000488-000496 StringBlock "Default"
000497-000535 DataBlock
  ................ f3 00 00 00 18 00 00 00 00 00 00 00 02 00 00 00
  ................ 00 00 00 00 00 00 00 00 01 00 00 00 01 00 00 00
  .......          00 00 00 00 00 00 00
000536-000548 FontNameBlock "la_gioconda"
000549-000564 DataBlock
  ................ 0a 00 00 00 02 00 00 00 01 00 00 00 dd da fa ff
000565-000587 StringBlock "Default Font Category"
000588-000607 DataBlock
  ................ 00 00 00 00 00 00 00 00 00 00 00 00 00 00 00 00
  ....             01 00 00 00
000608-000618 T0Block "normal_t0"
000619-000634 DataBlock
  ................ 00 00 00 00 00 00 00 00 00 00 00 00 00 00 00 00
000635-000645 T0Block "normal_t0"
000646-000697 DataBlock
  ................ 00 00 00 00 00 00 00 00 00 00 00 00 00 00 00 00
  ................ 00 00 00 00 1e 00 00 00 10 00 00 00 00 00 00 00
  ................ 00 00 00 00 00 00 00 00 00 00 00 00 03 00 00 00
  . @.             80 20 40 19
000698-000710 StringBlock "effect_icon"
000711-000753 DataBlock
  ................ 00 00 00 00 00 00 00 00 00 00 00 00 00 00 00 00
  ................ 01 00 00 00 00 01 00 00 00 00 01 00 00 00 00 00
  ...........      00 00 00 00 00 00 00 00 00 00 00
000754-000817 ImageListBlock 1 elements:
  000758-000817 ImageBlock id=424447712 xsize=32 ysize=32 path="ui\\skins\\default\\construction_positive.png" unknown=0
000818-000826 DataBlock
  .........        00 00 00 00 00 01 00 00 00
000827-000830 StateIDBlock 407240800
000831-000840 NewStateBlock "NewState"
000841-000844 XSizeBlock 24
000845-000848 YSizeBlock 24
000849-000879 DataBlock
  ................ 00 00 00 00 02 00 00 00 00 00 00 00 00 00 00 00
  ...............  01 00 00 00 01 00 00 00 00 00 00 00 00 00 00
000880-000892 FontNameBlock "la_gioconda"
000893-000908 DataBlock
  ................ 0a 00 00 00 02 00 00 00 01 00 00 00 dd da fa ff
000909-000931 StringBlock "Default Font Category"
000932-000951 DataBlock
  ................ 00 00 00 00 00 00 00 00 00 00 00 00 00 00 00 00
  ....             00 00 00 00
000952-000962 T0Block "normal_t0"
000963-000978 DataBlock
  ................ 00 00 00 00 00 00 00 00 00 00 00 00 00 00 00 00
000979-000989 T0Block "normal_t0"
000990-001009 DataBlock
  ................ 00 00 00 00 00 00 00 00 00 00 00 00 00 00 00 00
  ....             01 00 00 00
001010-001033 ImageUseBlock id=424447712 xofs=0 yofs=0 xsize=24 ysize=24 brga=4294967295
001034-001138 DataBlock
  ................ 00 00 00 00 00 00 00 00 00 00 00 00 00 00 00 01
  ................ 01 00 00 00 00 00 00 00 00 00 00 00 00 00 00 00
  ................ 00 00 00 00 00 00 00 00 00 00 00 00 00 00 00 00
  ................ 00 00 00 00 00 00 00 00 00 00 00 00 00 00 00 00
  ................ 00 00 00 00 00 00 00 00 00 00 00 00 00 00 00 00
  ................ 00 00 00 00 00 00 00 00 00 00 00 00 00 00 00 00
  ..... R..        00 00 00 00 00 20 52 ed 07
001139-001154 StringBlock "description_dy"
001155-001217 DataBlock
  ................ 00 00 1c 00 00 00 00 00 00 00 01 01 00 00 00 00
  ................ 01 00 00 00 00 01 00 00 00 00 01 00 00 00 1c 00
  ................ 00 00 00 00 00 00 00 00 00 00 00 00 00 00 00 00
  ........... w..  00 00 00 00 00 00 00 02 00 00 00 20 77 f2 18
001218-001223 StringBlock "dark"
001224-001231 DataBlock
  ........         d8 00 00 00 18 00 00 00
001232-001251 UnicodeBlock "dy_effect"
001252-001274 DataBlock
  ................ 00 00 02 00 00 00 00 00 00 00 00 00 00 00 00 00
  .......          00 00 01 00 00 00 00
001275-001346 UnicodeBlock "description_dy_NewState_Text_19004c"
001347-001350 DataBlock
  ....             00 00 00 00
001351-001363 FontNameBlock "la_gioconda"
001364-001379 DataBlock
  ..............I. 0c 00 00 00 06 00 00 00 01 00 00 00 18 1f 49 ff
001380-001395 StringBlock "parchment_text"
001396-001415 DataBlock
  ................ 00 00 00 00 04 00 00 00 06 00 00 00 10 00 00 00
  ....             00 00 00 00
001416-001426 T0Block "normal_t0"
001427-001442 DataBlock
  ................ 00 00 00 00 00 00 00 00 00 00 00 00 00 00 00 00
001443-001453 T0Block "normal_t0"
001454-001489 DataBlock
  ................ 00 00 00 00 00 00 00 00 00 00 00 00 00 00 00 00
  ................ 00 00 00 00 00 00 00 00 00 00 00 00 00 00 00 00
  ..r.             b0 0e 72 0d
001490-001496 StringBlock "light"
001497-001504 DataBlock
  ........         d8 00 00 00 18 00 00 00
001505-001524 UnicodeBlock "dy_effect"
001525-001547 DataBlock
  ................ 00 00 02 00 00 00 00 00 00 00 00 00 00 00 00 00
  .......          00 00 01 00 00 00 00
001548-001619 UnicodeBlock "description_dy_NewState_Text_19004c"
001620-001623 DataBlock
  ....             00 00 00 00
001624-001636 FontNameBlock "la_gioconda"
001637-001652 DataBlock
  ................ 0c 00 00 00 07 00 00 00 00 00 00 00 d7 f8 ff ff
001653-001661 StringBlock "fe_text"
001662-001681 DataBlock
  ................ 00 00 00 00 04 00 00 00 06 00 00 00 10 00 00 00
  ....             00 00 00 00
001682-001692 T0Block "normal_t0"
001693-001708 DataBlock
  ................ 00 00 00 00 00 00 00 00 00 00 00 00 00 00 00 00
001709-001719 T0Block "normal_t0"
001720-001781 DataBlock
  ................ 00 00 00 00 00 00 00 00 00 00 00 00 00 00 00 00
  ................ 00 00 00 00 00 00 00 00 00 00 00 00 00 00 00 00
  ................ 00 00 00 00 00 00 00 00 00 00 00 00 00 00 00 00
  ...........2*.   00 00 00 00 00 00 00 00 00 00 80 32 2a 19
001782-001794 StringBlock "Level Pip 1"
001795-001837 DataBlock
  ................ 00 00 02 00 00 00 0a 00 00 00 00 00 00 00 00 00
  ................ 00 00 00 00 00 01 00 00 00 00 00 00 00 00 00 00
  ...........      00 00 00 00 00 00 00 00 00 00 00
001838-001932 ImageListBlock 1 elements:
  001842-001932 ImageBlock id=422338688 xsize=10 ysize=10 path="c:\\documents and settings\\simon_s\\my documents\\projects\\golden_bullet.png" unknown=0
001933-001945 DataBlock
  ......... u..    00 00 00 00 00 01 00 00 00 20 75 f2 18
001946-001953 StringBlock "filled"
001954-001992 DataBlock
  ................ 0a 00 00 00 0a 00 00 00 00 00 00 00 02 00 00 00
  ................ 00 00 00 00 00 00 00 00 01 00 00 00 01 00 00 00
  .......          00 00 00 00 00 00 00
001993-002005 FontNameBlock "la_gioconda"
002006-002021 DataBlock
  ................ 0a 00 00 00 02 00 00 00 01 00 00 00 dd da fa ff
002022-002044 StringBlock "Default Font Category"
002045-002064 DataBlock
  ................ 00 00 00 00 00 00 00 00 00 00 00 00 00 00 00 00
  ....             00 00 00 00
002065-002075 T0Block "normal_t0"
002076-002091 DataBlock
  ................ 00 00 00 00 00 00 00 00 00 00 00 00 00 00 00 00
002092-002102 T0Block "normal_t0"
002103-002122 DataBlock
  ................ 00 00 00 00 00 00 00 00 00 00 00 00 00 00 00 00
  ....             01 00 00 00
002123-002146 ImageUseBlock id=422338688 xofs=0 yofs=0 xsize=10 ysize=10 brga=4294967295
002147-002267 DataBlock
  ................ 00 00 00 00 00 00 00 00 00 00 00 00 00 00 00 01
  ................ 01 00 00 00 00 00 00 00 00 00 00 00 00 00 00 00
  ................ 00 00 00 00 00 00 00 00 00 00 00 00 00 00 00 00
  ................ 00 00 00 00 00 00 00 00 00 00 00 00 00 00 00 00
  ................ 00 00 00 00 00 00 00 00 00 00 00 00 00 00 00 0a
  ................ 00 00 00 00 00 00 00 00 00 00 00 00 00 00 00 00
  ................ 00 00 00 00 00 00 00 00 00 00 00 00 00 00 00 00
  .........        00 00 00 00 00 00 00 00 00
