000000-000009 VersionBlock 47
000010-000013 RootIDBlock 289009720
000014-000019 StringBlock "root"
000020-000021 StringBlock ""
000022-000025 XOffsetBlock 0
000026-000029 YOffsetBlock 0
000030-000092 DataBlock
  ................ 00 01 01 00 01 00 00 00 00 00 ff ff ff ff 00 00
  .........M...... 00 00 00 00 00 00 00 00 a8 4d 11 00 00 01 00 00
  ...M............ 00 a0 98 4d 11 00 00 00 05 00 00 c0 03 00 00 be
  ...............  ff bb ff 00 00 00 00 00 00 00 00 01 00 00 00
000093-000096 StateIDBlock 290301952
000097-000106 NewStateBlock "NewState"
000107-000110 XSizeBlock 1280
000111-000114 YSizeBlock 960
000115-000143 DataBlock
  ................ 00 00 00 00 02 00 00 00 00 00 00 00 00 00 00 00
  .............    01 00 00 00 01 00 00 00 00 00 00 00 00
000144-000162 FontNameBlock "Ingame 10, Normal"
000163-000174 DataBlock
  ............     02 00 00 00 01 00 00 00 00 00 00 ff
000175-000197 StringBlock "Default Font Category"
000198-000212 DataBlock
  ...............  00 00 00 00 00 00 00 00 00 00 00 00 01 00 00
000213-000223 T0Block "normal_t0"
000224-000308 DataBlock
  ................ 00 00 00 00 00 00 00 00 00 00 00 00 00 00 00 00
  ..........M..... 00 00 00 00 01 00 00 00 a0 98 4d 11 00 00 00 00
  ................ 00 00 00 00 00 05 00 00 c0 03 00 00 be ff bb ff
  ................ 00 00 00 00 00 00 00 01 01 00 00 00 00 00 00 00
  ................ 00 00 00 00 00 00 00 00 00 00 00 00 00 00 00 00
  .....            00 00 00 00 00
000309-000320 EventListBlock []
000321-000336 DataBlock
  ..............M. 00 00 00 00 00 00 00 00 01 00 00 00 00 b9 4d 11
000337-000357 StringBlock "advice_mouse_events"
000358-000375 DataBlock
  ..^...4......... 00 00 5e 02 00 00 34 01 00 00 00 01 01 00 01 00
  ..               00 00
000376-000396 StringBlock "advice_mouse_events"
000397-000431 DataBlock
  ................ 02 00 00 00 00 00 00 00 01 00 00 00 00 00 00 00
  ................ 00 00 00 00 00 00 00 00 00 00 00 00 00 00 00 01
  ...              00 00 00
000432-000435 StateIDBlock 288329520
000436-000445 NewStateBlock "NewState"
000446-000449 XSizeBlock 22
000450-000453 YSizeBlock 118
000454-000482 DataBlock
  ................ 00 00 00 00 02 00 00 00 00 00 00 00 00 00 00 00
  .............    01 00 00 00 01 00 00 00 00 00 00 00 00
000483-000501 FontNameBlock "Ingame 12, Normal"
000502-000513 DataBlock
  ............     02 00 00 00 01 00 00 00 ff 00 00 00
000514-000540 StringBlock "mp_avatar_general.twui 12"
000541-000555 DataBlock
  ...............  00 00 00 00 00 00 00 00 00 00 00 00 01 00 00
000556-000566 T0Block "normal_t0"
000567-000606 DataBlock
  ................ 00 00 00 00 00 00 00 00 00 00 00 00 00 00 00 00
  ................ 00 00 00 00 00 00 00 00 00 00 00 00 00 00 00 00
  ........         00 00 00 00 00 00 00 00
000607-000652 EventListBlock ["OnMouseOn", "AdvisorMouseAreaEntry"]
000653-000664 DataBlock
  ............     00 00 00 00 00 00 00 00 00 00 00 00
000665-000698 StringBlock "template.advice_mouse_events.lua"
000699-000702 DataBlock
  ....             00 00 00 00
